-0,02006308
-0,01291751
-0,02397803
-0,01900198
0,007025958
9,067073E-05
0,02476012
0,02495215
0,01875555
0,004124878
-0,02696053
-0,02042463
0,0197829
-0,008045458
-0,02921612
-0,007221343
0,01731566
-0,0206764
-0,004793487
-0,007397189
-0,02825238
-0,02677605
0,02088868
0,01386163
-0,01896987
-0,02207925
0,008495728
-0,01811484
0,01924589
0,009373558
-0,008447015
0,02803798
0,02305562
-0,01534854
0,005298018
0,01336721
-0,03029672
0,0266252
0,007383141
-0,02248726
-0,0289319
0,001827738
-0,01435443
-0,01278405
0,01422277
-0,02510106
-0,02550108
0,02437614
0,006526391
-0,02352821
0,01013585
0,01884403
-0,005125457
-0,0007019345
-0,02943293
-0,03294949
-0,009901479
-0,004287175
0,02970522
0,006751295
0,02505285
0,0124617
-0,02204223
-0,01357336
-0,01785619
-0,02854692
-0,01488624
0,001518181
0,01623985
-0,01692326
-0,0098954
0,01454172
-0,003674251
-0,0190943
-0,009820182
0,002401517
0,01684324
-0,004063343
0,02825325
-0,02833483
-0,02871894
0,006039405
-0,006899461
0,002335333
0,0261238
-0,005319258
-0,004860208
-0,01369624
-0,0323998
-0,004910871
-0,003603226
0,01290734
-0,02939173
-0,02158858
-0,01223799
-0,01609713
-0,005934492
0,02848719
0,03015612
0,007036862
0,02015941
0,001544767
-0,02711479
-0,01636216
0,02707424
0,02396209
-0,01583398
-0,009483427
-0,01675724
0,02961155
-0,00029276
0,02119155
-0,002410769
0,01598093
-0,01248244
-0,02802665
-0,0238449
-0,009146587
-0,01836154
0,007300293
-0,000156228
0,01536766
-0,01329213
-0,02998439
0,01930884
-0,002434638
0,005217401
-0,01110281
0,0390768
-0,02188765
-0,04000207
-0,007198942
-0,03304023
-0,03087278
-0,0165283
-0,01481206
-0,001378595
-0,02505494
0,01624455
-0,01960172
-0,008382523
-0,006993357
-0,02397595
-0,007574953
-0,02262737
-0,005966687
-0,01225901
-0,0237005
0,01053178
-0,01707024
-0,02692637
0,02448153
-0,004657246
-0,04508459
0,03076471
0,001200554
-0,0566288
0,001764467
0,0005304628
-0,009837912
-0,007370528
0,03356537
-0,01963881
-0,02543163
0,01294648
0,004826228
-0,001707711
-0,03349819
-0,00673634
0,02597298
-0,006152056
0,01743459
0,003664071
-0,02647016
-0,003533358
-0,04670686
-0,006901343
-0,06711644
-0,043098
-0,006915991
-0,04068914
-0,02111402
0,008063831
0,02655177
-0,02387252
-0,04185037
-0,04659263
-0,02023744
-0,01280493
0,006046109
-0,008275446
0,02001068
0,02362236
0,01660842
0,02633105
-0,01605296
-0,02211974
-0,03150399
0,0172462
0,008075437
-0,02610549
-0,01551772
-0,01942308
0,005399813
0,02591412
-0,02969045
-0,04967323
-0,007107372
0,01041279
-0,01929196
-0,03096413
-0,03202138
-0,004845655
0,02956568
0,044695
0,02706809
0,01435018
0,008960607
-0,02754015
-0,01743428
-0,001350457
0,03290444
0,02135514
0,001818987
-0,007459401
-0,04189217
0,008006089
-0,0605594
-0,06799096
-0,07168826
-0,07907764
-0,02464649
-0,02624128
0,03841421
0,03049099
-0,009540515
-0,03200402
0,04179053
0,009358318
0,01701493
-0,003660151
0,01226497
0,00462595
0,01468564
-0,0161589
-0,004553455
-0,009553246
-0,01809373
-0,02975825
-0,004612422
0,0265363
-0,006942512
-0,0382847
-0,003411736
-0,01938791
-0,01105531
-0,03828596
-0,0502953
-0,08820296
-0,05769357
-0,01987389
0,02103028
-0,03856389
-0,04531464
0,0685275
0,04529195
0,1029813
0,09579667
0,02169955
0,03473652
0,01662431
-0,02382316
-0,01086825
-0,04996085
0,01075552
-0,05467329
-0,0178424
-0,05844548
-0,05160823
-0,09174169
-0,08304892
0,009907554
0,007768801
0,04937803
0,00903887
-0,05779446
-0,005161226
0,02717006
-0,01705486
-0,06619811
-0,05622266
0,02294299
0,02423604
0,01378234
0,01164031
0,02255526
0,01518664
-0,002045034
-0,02337103
0,0291873
0,01080714
-0,02513274
-0,04323267
0,002369191
0,06514754
-0,03114471
-0,01081986
0,03292059
0,08737344
0,01894127
-0,02115517
-0,01141311
-0,02906762
0,02399818
-0,02981765
0,08294009
0,08916876
0,1035804
0,1151059
0,01978878
0,01365334
0,009073702
-0,006871183
-0,07300325
-0,01852865
-0,003812926
-0,01870288
0,02716074
0,06518334
0,08340351
-0,06233673
-0,06018584
-0,0300089
0,05368453
-0,01725931
0,08054044
-0,01453396
-0,07151294
-0,01304832
0,02918635
-0,04195503
0,001752387
-0,02254247
-0,009626572
0,001926288
0,001011293
-0,00764046
0,02493787
0,008863959
-0,02363867
0,01274791
-0,002316081
-0,01213236
-0,00413248
0,005730663
0,006127261
0,03359315
-0,02189416
0,03399399
-0,003206461
0,003990616
0,05405751
0,02371134
-0,02880046
-0,05080374
0,06654251
-0,006656984
0,133829
0,1070024
0,05981398
0,07311989
0,07461618
-0,01441717
0,03129265
-0,01366241
0,04227721
0,04505049
-0,01681191
0,04728363
0,1117226
-0,1647531
-0,1374833
0,006292448
0,0264553
-0,0412339
0,1504406
0,05920052
-0,0003832291
0,00688604
-0,05695595
-0,02118732
-0,03118555
-0,06057795
-0,01028904
0,00140752
0,009242342
-0,007881144
0,01643373
-0,02378228
-0,00772987
0,002957004
-0,02030857
0,004832
-0,04311402
0,005556074
0,06146323
0,02322907
0,02178432
-0,02981133
0,001727371
0,0131473
0,03930004
0,06248976
0,03672164
0,05824985
0,1499688
0,04631915
0,0360093
0,142345
0,07375864
0,0281321
-0,05329354
-0,07833204
0,05542114
0,04982867
0,03737168
-0,04294594
0,003987555
0,05572229
0,02764822
-0,1798403
-0,1294241
-0,09133913
0,09378581
0,03085285
0,06800627
-0,007143732
-0,08583137
-0,02305674
-0,1555966
-0,03147783
0,02902904
0,02079344
0,01135639
-0,0008027338
0,01010898
-0,01311796
0,02604182
-0,01274733
0,01004488
0,02724534
-0,02144334
-0,02484106
-0,03817088
0,002257716
0,09995726
0,05205637
-0,04878044
-0,03764247
-0,01686161
0,07541155
0,08387012
0,08535533
0,07998725
-0,002586569
0,09470487
0,01172952
0,03190627
0,05163083
-0,01739273
0,09269068
0,03385905
0,029373
-0,05927187
0,02421051
-0,1189686
-0,1905186
-0,1398923
0,07380117
0,09625209
-0,03790318
0,07682741
0,02845138
-0,01894265
-0,1558671
-0,0411485
0,03547536
-0,01623688
-0,04663589
-0,06831256
-0,1202157
-0,009865987
0,02124701
0,04023344
-0,02506295
0,002249135
0,02711093
0,00586242
-0,01308089
0,02835866
-0,01014788
-0,001361549
0,005466281
-0,09239256
0,008732567
0,0419714
0,03527369
-0,04184533
-0,1519827
-0,02399262
0,06201614
-0,003267576
0,06098724
0,05355756
-0,01608394
0,03466001
0,1428202
0,125747
0,07779249
0,1342812
0,04041658
0,05955577
0,04107845
-0,07173572
-0,01985936
-0,109574
-0,06547681
0,02664638
-0,1021834
-0,00553586
-0,06969578
0,0719983
0,04728795
0,1182252
0,01369282
-0,1773522
0,004112843
-0,1310944
-0,09560544
-0,1080076
-0,1119449
-0,03622034
0,06120485
0,002381012
0,0821332
0,03923085
0,008846952
0,0006426888
0,02203082
0,006854611
-0,0134965
-0,01325222
0,03417688
0,05330422
-0,008791965
-0,07698757
-0,009913165
-0,03614883
0,04828662
0,03842126
0,1109649
0,01629003
-0,2055233
-0,05229926
0,07423818
0,04200983
0,08124636
0,1471501
0,2106618
0,1311969
-0,02926501
-0,1058299
-0,02889272
-0,05187263
0,01037179
0,003877582
0,04010502
-0,02024762
-0,1990987
-0,1528285
0,04482623
0,1321724
0,04518137
0,02973237
0,03394134
-0,06474292
0,0474387
-0,05968489
0,01379246
-0,02451941
-0,01803834
-0,02178736
0,07673926
0,02856208
0,04451363
0,0605339
0,03991951
0,04142551
0,0213691
-0,01411492
-0,01396747
0,02256968
0,06009729
0,0965289
0,07953524
0,009040517
-0,01901341
-0,02175024
0,06182482
-0,01030859
-0,06824914
0,1094169
0,019177
-0,1669712
0,0410758
0,09027294
-0,02363988
0,06798089
0,1056235
0,0204805
0,05267633
-0,1509437
-0,05894526
-0,06129782
-0,06348421
0,006998818
0,06192383
-0,01361169
-0,02495275
-0,03165264
0,0728717
0,01927024
-0,1133979
0,06555842
0,1067496
-0,01366353
0,042264
-0,05300925
-0,04919896
0,1114052
0,07938643
-0,01430535
0,05775928
0,08931693
0,006257265
0,05932192
0,04044175
0,01789478
-0,006373312
0,01978919
0,01206398
0,04063959
0,02239064
0,06663465
-0,0150399
0,02483289
0,0775537
-0,04406561
0,1310167
0,07257232
-0,08743139
0,08550341
0,001793589
-0,187332
0,008511212
0,1011295
0,1379163
-0,01214922
0,06170939
0,09290026
-0,05673072
-0,05798645
0,1262709
0,009383117
-0,03597089
0,1398372
-0,01044799
-0,0386925
0,1048865
-0,1276271
-0,03449516
0,0307947
-0,162106
0,008274108
0,1118625
0,116741
-0,04715494
0,01916978
-0,01604117
-0,03266196
0,006125096
-0,006351649
0,003050548
0,1098708
0,05443258
0,00803704
0,03707431
0,04786936
0,0415904
-0,001579149
-0,01321213
-0,001213947
0,03958905
0,07363346
0,09316948
0,02024498
-0,1351029
-0,05842547
0,01811231
0,053524
-0,1145759
0,0403889
-0,04356528
-0,000721283
-0,03609934
-0,04470428
-0,03697183
0,08145427
-0,001320533
0,02184526
0,08877368
0,007608038
0,00628318
-0,0359732
0,01650099
-0,09237603
-0,07222629
-0,00482355
-0,2641018
-0,1360123
-0,09152806
0,1245115
0,03366549
-0,03779704
-0,006337276
0,1546974
0,09406511
0,04928652
-0,09104852
0,01885911
0,1448197
-0,01990803
0,06620486
0,02072512
0,05355629
0,007385821
0,01567038
0,05767709
0,04195076
-0,006123614
-0,03006136
0,0170417
0,01326265
0,07149985
0,06071497
0,01865467
0,05353915
-0,1381881
-0,05837559
-0,1048523
-0,08400976
-0,02811476
0,1191727
0,03769319
0,09342336
0,05790445
-0,1222317
-0,1212936
0,04852941
0,1216792
0,04210791
0,0677817
-0,07522842
-0,01926385
0,1808269
-0,1338594
0,07544478
0,1915571
-0,1220868
0,1248783
-0,075747
-0,06909396
0,004132966
0,003561516
0,02081951
0,1555761
-0,05366496
0,07721122
-0,0152829
-0,02154387
-0,01310962
-0,0173941
-0,1161538
-0,03373977
-0,05234579
-0,0307843
0,01107654
0,006591445
0,01141917
-0,001859472
-0,01673631
0,009082066
0,03825897
0,04640856
0,03522603
-0,03856937
-0,001122776
-0,07505972
-0,119803
-0,09331952
-0,07482136
-0,0148024
0,03157169
0,02869005
-0,02916149
-0,1274249
-0,05483231
0,008614899
0,0826361
-0,07111935
0,03653138
0,09574457
0,1047515
0,1439991
-0,0678651
-0,04349424
-0,03679472
0,05473965
-0,09624665
0,04400242
0,2030572
0,1575852
-0,004723652
-0,005557058
-0,003349783
-0,05748319
0,06092017
0,02419518
0,05706372
-0,04756257
-0,02259333
-0,04357584
-0,02914058
-0,05861467
0,007814561
-0,06078031
-0,0216285
0,03088465
-0,002807017
-0,0131066
-0,02636746
-0,009964157
0,01314628
0,001108735
0,06674423
0,05691537
-0,06249198
-0,110793
-0,08942148
0,1114962
0,05052753
0,01513268
-0,03431705
-0,03860189
0,08277471
0,02686381
0,01673971
-0,02651232
0,1008657
0,03720744
0,02490433
-0,06887735
0,02974299
0,2354007
0,0320348
0,03098771
-0,2693902
-0,08346593
-0,02782235
-0,1474572
0,02463673
-0,0002189332
-0,08826626
-0,1024441
-0,1559878
0,007184431
-0,03194867
0,08049072
-0,0409816
-0,2043776
-0,1710857
-0,02309755
0,009185193
-0,02256357
0,0009722678
-0,01392894
0,03428063
0,009487865
0,01402882
0,004180678
-0,007629224
-0,02690475
-0,01961975
-0,02096493
0,0386277
-0,006123538
-0,1049837
-0,0299961
0,02433612
-0,03345096
0,2447083
0,1106727
0,05682033
0,03949688
0,2146676
0,08391787
-0,002757764
0,04216545
0,06810467
0,06323533
0,05168336
0,02323568
-0,2211119
0,1055091
0,06617215
0,03646671
0,07832616
-0,03799257
-0,1073548
0,137638
-0,02598284
-0,1749827
-0,08762689
-0,03526723
-0,2866153
0,07217267
-0,04063483
2,819928E-05
0,1385258
-0,07390159
-0,04990637
-0,03167387
-0,004439426
-0,05029982
-0,03377676
-0,03111487
0,003726087
0,02320249
0,01324859
0,001933992
0,009455645
-0,002387139
0,009276204
-0,02149148
0,04219228
-0,08648378
-0,09983712
-0,04783959
-0,03472484
-0,02585652
-0,06122961
0,06326599
0,0190849
0,002555026
0,01389286
0,04938439
-0,2914761
-0,02469153
-0,08493079
0,08047286
0,1115107
-0,08647768
0,04569393
-0,06865776
0,1156865
-0,1341575
0,1226522
0,1121697
-0,05036577
-0,2591211
-0,03669575
-0,315373
-0,05037576
0,06735139
-0,01809297
0,009915257
0,1900284
0,1029672
0,1714051
0,03626753
0,08608365
-0,02138931
-0,1064863
-0,1409882
-0,0338639
-0,06495046
0,0120307
0,02466111
0,005082323
-0,0307026
-0,02462744
0,006153529
0,01191413
0,004989054
-0,05677625
-0,1374933
-0,09538881
-0,0769975
-0,09754156
-0,1442979
-0,036447
0,01700912
0,01327611
-0,02028653
0,1150652
-0,05394287
-0,01736775
-0,09663328
-0,0866548
0,1371531
0,1449781
-0,05430996
0,06326824
-0,04394191
-0,1489776
-0,05892561
-0,07637072
-0,02880923
-0,05873013
0,03528163
0,1233661
-0,1830316
-0,04011802
0,0561024
-0,08030383
0,0539995
-0,03555984
0,001766089
0,02533
0,0909089
0,003153277
-0,06727391
0,005745683
-0,003065524
-0,04390627
-0,07918286
0,009235354
-0,0008734505
-0,01316459
0,01758863
-0,02939433
-0,0178771
0,03198662
0,009901832
0,008836807
-0,05608363
-0,09599409
-0,05717843
-0,04682355
-0,03338106
-0,0465734
0,004722545
0,09070193
0,05457512
0,07042018
0,05201788
0,1264232
-0,006851482
0,04259485
-0,04097327
0,02723799
0,1438973
0,1167851
-0,01622251
0,1183262
-0,09553524
-0,09225059
-0,07383271
-0,0938077
-0,06548087
-0,01581809
0,03019818
-0,1010109
-0,02839904
0,022665
0,1343392
0,1800958
0,1369506
-0,01371668
0,03496463
-0,05586959
-0,044957
0,04029498
-0,03847472
-0,009494977
-0,07247041
-0,04775695
0,009474688
0,007388334
-0,01823685
0,008806244
0,01492783
0,02410115
0,02446759
0,0134912
0,0009445001
-0,1010523
-0,06955705
-0,07399487
-0,003151806
-0,08783945
0,008800742
-0,04944517
-0,06636613
0,02127662
0,02286575
0,2066857
-0,0175148
0,0003570144
-0,1628313
-0,01040288
0,0591916
0,04573556
0,04148271
-0,0366746
0,1172545
0,1379207
-0,07024766
-0,0536031
0,044267
-0,1567555
-0,09016193
0,05098679
0,0591738
0,06999084
-0,09659237
-0,06787816
-0,08320042
-0,1192055
-0,06781368
0,02303765
-0,08354612
-0,04455328
-0,1312904
-0,01662823
0,01132825
-0,06407769
-0,0687422
-0,02317005
-0,01463424
-0,003863679
0,02989315
0,02396713
0,001449508
-0,08295462
-0,04108284
0,06964488
0,01760692
-0,09802454
-0,0482199
-0,07421159
-0,01267649
-0,009525435
0,2144193
-0,05712802
-0,06616951
-0,02777225
0,08682442
0,05328829
0,07946911
0,1605618
0,1260033
-0,05783607
0,1742226
-0,06836437
-0,1194924
-0,005232591
-0,09900708
-0,0557819
-0,03118812
0,01020023
0,0215662
-0,1576147
0,06375337
0,0636097
-0,04887005
0,2315478
0,1367027
0,07324315
0,1220392
0,01797062
-0,1710537
-0,1524265
-0,07774258
0,05305134
-0,09104514
-0,09379109
-0,04319263
0,006849021
0,01102602
0,005465355
0,0180968
-0,02272347
-0,03542767
-0,07708609
-0,05780452
-0,04348134
-0,07668383
0,01736438
-0,01521285
-0,1426705
0,002999169
0,007705011
0,01261191
0,02912278
-0,06255444
0,0592889
-0,1235603
-0,001987166
0,09498828
-0,002738944
0,1056124
-0,1686628
-0,06134182
0,0008211062
0,01553813
-0,002472036
0,08570387
-0,1461609
-0,1566035
0,1495171
-0,06741907
0,1364828
-0,03839577
-0,00384704
0,1908868
0,03575848
-0,00317965
0,115634
0,01947938
-0,05601352
-0,04443021
0,0751804
0,03505237
0,01548325
-0,03878473
-0,04662539
-0,08214251
-0,01695269
-0,01212284
-0,01920985
0,04247837
0,04970729
0,02534526
0,06066353
-0,03229463
-0,00959514
-0,02562252
0,04608645
-0,1128507
-0,07853597
0,02636213
-0,0305827
-0,02217193
-0,07517658
0,05843086
-0,1410408
-0,04334931
0,04799802
-0,1202478
0,02742491
0,07119586
-0,01218711
-0,2105488
-0,005751154
-0,04551272
-0,1257044
-0,05251236
-0,0595239
-0,022921
0,003332219
-0,09236009
-0,01426448
-0,191945
0,06777
-0,14345
0,1168375
-0,04206295
-0,08200607
0,04149406
-0,03391807
0,09228859
0,02422486
-0,03197782
-0,0809165
0,01781929
0,009722808
-0,05257739
0,006746951
-0,009502579
0,01396551
0,001686142
-0,02093754
0,0001762188
-0,07915489
-0,01278802
-0,05173571
0,02025896
-0,0904
-0,09086582
-0,1160522
-0,1132411
-0,05929681
0,04193226
-0,02489699
0,07470763
-0,06389964
0,1062142
0,2635079
0,06844827
0,05530438
0,06388228
0,0940142
-0,1427293
-0,151099
0,03293402
-0,01166995
0,09761062
-0,03537569
0,1381516
-0,01165894
-0,1746975
0,19169
0,08100582
0,1295769
0,1794743
0,108822
-0,005821818
-0,05420945
0,0256323
-0,03165496
-0,01596469
-0,01346848
-0,02800459
0,008281596
-0,0545308
0,03412183
-0,04756416
0,009390974
0,01337097
0,02537085
0,02144191
-0,01367929
-0,08812623
-0,03059722
-0,05305909
-0,05112159
-0,03730959
0,02816548
-0,1118297
-0,1178593
-0,1649182
-0,1502659
-0,180162
-0,02205338
0,004571583
-0,0111648
0,002378991
0,2132929
0,06690819
0,09417538
0,1312307
0,09965514
-0,03389931
-0,01169449
-0,01333922
0,05277523
-0,1126711
-0,04778494
0,2163837
-0,1004492
-0,02553473
-0,004464697
0,02764314
0,05287256
0,03095863
-0,05109742
-0,1297561
-0,06273243
0,02476186
0,04936269
0,004670889
0,06944711
-0,01441555
0,06667864
-0,004057037
-0,01741082
-0,0148202
0,008037454
0,01718629
-0,0136272
0,002017179
0,02278015
-0,02535012
-0,1272513
-0,1753322
-0,05101804
-0,002108633
0,00569022
0,009642252
0,03038574
-0,1319989
-0,04216205
-0,07345036
0,0445065
0,002798315
-0,01653299
0,08500227
-0,05201923
0,1165243
-0,05575738
-0,04539734
0,07892106
0,03914944
0,06338315
-0,0223243
-0,002675497
-0,196585
-0,1381055
0,0321932
0,1615688
0,04557624
0,2410172
0,05363928
0,07184242
0,0871495
0,1689633
0,07144047
0,0832044
0,09526235
-0,1571445
0,01755264
0,03602709
0,01694345
-0,01314841
-0,00431673
0,08202302
0,02986429
0,006167287
0,01041449
-0,01060771
0,0103446
-0,01874591
-0,01127209
-0,03627916
-0,02870145
-0,07743312
-0,06659674
-0,08370284
0,0007311878
-0,1947769
-0,04163105
-0,1058023
0,09204073
-0,106755
-0,06008574
-0,02360434
-0,04278487
-0,04411565
-0,09490673
-0,03565688
-0,01501765
-0,04005516
0,07202905
0,01237002
-0,1454393
-0,09993674
0,05052208
0,04359743
0,08793178
0,1922726
0,1529662
0,1691696
0,04319507
0,1973331
0,06460896
-0,05439596
0,0720442
0,1732856
0,04922158
-0,06617673
0,01078252
0,02810707
-0,04528661
0,06117919
0,02779528
0,02392124
-0,01564781
-0,03858795
-0,01853338
-0,011945
0,02594069
-0,05199308
-0,06777712
-0,002583096
-0,04557446
-0,07637549
-0,1455246
-0,02456342
-0,09953187
-0,1153697
0,02991004
0,009108218
0,005776112
0,1033549
0,1463422
-0,04885256
0,2609556
-0,1261479
0,02531272
-0,05179
-0,00409065
0,08115225
0,005576314
0,04008112
0,0145162
0,04336983
-0,08092467
0,04277357
0,134905
0,06444099
0,1789448
0,04084566
-0,09692077
0,2641164
0,07763841
-0,1496885
-0,09009863
-0,09210892
-0,006853896
-0,04468503
0,05393507
0,01420822
-0,0364339
-0,001572922
-0,02683911
0,03680882
-0,01701258
-0,0285749
0,01629984
-0,006633578
0,005613005
-0,0612408
-0,008703859
-0,03100266
-0,2019325
-0,1251241
-0,02697692
-0,07244513
-0,03603782
-0,00236871
-0,04742595
0,108387
0,03387337
0,179517
0,02431848
-0,08524383
-0,02692322
-0,1838811
-0,007001359
-0,04614526
-0,02179208
-0,01801861
-0,07512745
0,03188021
-0,1829865
0,01982537
0,01938724
0,1385635
0,104049
-0,0002825562
-0,01215865
0,07213816
-0,0265591
0,02739955
-0,04629898
0,1225179
-0,1113883
-0,07230388
-0,01891897
0,009512486
0,0660439
-0,05525167
-0,028959
0,002139748
0,06858715
0,03940492
0,006910646
-0,009012124
0,02587956
0,005213096
-0,00507945
-0,02201531
-0,04942793
-0,04695568
-0,1647327
-0,02589582
-0,05056486
-0,1283078
-0,07562743
-0,1199639
-0,06142744
0,2639215
0,06924272
0,03262955
-0,005099874
-0,1453056
0,06194985
0,1666261
-0,0356109
-0,005104157
-0,1018734
-0,03947077
0,05423432
0,03500088
0,1204048
-0,04877264
0,05293024
0,04442963
0,1059511
0,1343099
0,098858
-0,01461266
-0,1030021
0,06302007
0,277216
-0,09002541
-0,00806321
0,1022402
0,03916103
0,07005526
0,011987
-0,09587161
-0,09908882
0,01007146
0,05561775
0,08833256
0,03165617
-0,004733374
0,03666786
-0,01934862
-0,010277
0,007498116
-0,04251583
-0,1203066
-0,03105982
0,03391807
-0,05689278
-0,1448827
0,02513335
-0,1098958
-0,2154025
-0,1523659
-0,0622151
-0,02575389
-0,03216352
0,1162754
0,1247151
0,03420458
-0,1216019
0,007223945
0,07151756
0,007451197
0,1021637
-0,1488255
0,09400637
-0,01652659
0,02456067
0,0678521
0,306874
0,2256307
-0,02494634
0,1407843
-0,09673262
0,003584353
0,107862
-0,06764909
0,111021
0,1199593
0,06433663
-0,03174639
-0,1085906
-0,1260709
-0,05201178
-0,006417564
0,06421073
0,06118178
-0,01627304
-0,004414633
-0,007063911
0,005385403
0,0260567
0,09936032
-0,04505038
-0,06229695
-0,1205883
0,1345659
-0,03275435
-0,1400322
-0,17041
-0,04521291
-0,08622777
-0,09206668
0,2268772
-0,09480739
0,004175307
0,1109258
0,07756323
0,1347355
-0,005187623
0,009540959
0,04145148
0,05899953
-0,07140607
0,1403843
0,01126578
0,07823858
0,07326405
-0,1371245
-0,006155352
0,05094951
-0,1607242
-0,07814027
-0,009724922
-0,03678013
0,07863714
-0,01258979
0,1523331
-0,019378
0,008788951
0,06648322
0,009309703
-0,05629654
-0,03820681
0,09533223
0,0634106
0,08214319
0,009234096
0,02656469
0,03810137
0,005396004
-0,05550177
0,009672815
0,009048034
-0,06044827
0,1203683
-0,05136036
-0,09071755
-0,141367
0,07401992
-0,00900302
0,005895267
-0,07951815
0,1374961
0,01541565
-0,1060571
-0,04129424
-0,1178828
0,01892627
0,04763244
-0,1485377
-0,1823293
0,03952615
-0,07338917
-0,08487836
0,07268956
0,1122263
0,1400665
0,01789739
0,1235028
-0,04196977
0,0635179
0,1307267
-0,08167163
-0,1871167
-0,05754453
-0,1454288
0,1650114
0,06822348
0,001209142
0,1289509
0,1032588
-0,09057192
0,05096157
0,08725534
0,06938478
0,02727086
-0,004149678
-0,02690284
0,007101964
-0,01138211
0,03571929
-0,01253332
0,03538123
0,02872796
-0,01110312
0,07333634
0,002515433
0,0679743
0,03940643
-0,00537143
0,07461274
-0,05168258
0,1302903
-0,02621329
0,1070725
-0,1863825
-0,02352258
-0,06358384
0,1635313
0,1455518
0,08220436
0,009004198
-0,02923251
0,02679859
0,3112447
-0,08934068
-0,06072105
0,05246829
-0,07384306
0,1909848
-0,1358937
-9,249136E-05
-0,123841
-0,0431021
-0,09765521
-0,1494458
0,2463483
0,1808104
0,1640415
0,01091144
-0,000821354
0,01420535
-0,05322275
0,05841307
0,009003718
0,01058589
0,01268926
0,02102793
0,02942288
0,003399511
-0,04151128
0,002785866
0,04272276
-0,02198983
0,01463766
0,160186
-0,0003865476
-0,07278544
-0,09766446
-0,05805801
0,0890536
0,006848263
-0,04216012
-0,1945134
-0,005977209
-0,01789821
0,1187225
-0,03875956
0,09165831
-0,09673033
-0,06177156
-0,07906155
0,1876337
0,1018919
0,1884083
-0,1137418
0,008196784
0,1724014
-0,04047176
0,01021634
-0,1060844
0,02556699
-0,04729401
-0,03027021
0,09813049
0,03345165
0,08870439
0,03845913
0,0101272
0,1145356
0,04259342
-0,04703002
-0,008989226
0,02366176
-0,009602028
-0,01633577
0,01109348
0,02660044
0,003201637
0,005761518
-0,0518131
-0,01829572
0,03180413
-0,002953432
0,1262714
0,04788158
0,0726715
-0,008969873
0,05430579
0,03436595
0,1508074
-0,08381109
-0,1164321
-0,03618748
-0,02908565
-0,01259714
0,04339564
-0,1693981
-0,2374426
-0,094603
-0,05920111
-0,08920284
0,1214617
0,005561545
0,2210206
0,1405272
0,126221
-0,0248715
-0,03636237
0,05448592
-0,0683848
-0,1260254
-0,08786783
-0,07459281
-0,1335508
-0,0969307
-0,04607365
0,0001055406
0,0589367
0,08822785
0,04833013
-0,01381048
0,01356671
0,01038983
-0,00659733
0,02962429
-0,03224459
0,01113649
0,01717133
0,007315866
-0,0003924001
-0,0339185
-0,003238275
-0,0008027019
0,03506891
0,05430312
0,1315092
0,07582518
-0,05466971
0,08771047
0,08840124
0,04263528
0,006777964
0,07277377
-0,1644637
-0,1497304
0,08851314
0,1205428
-0,0539094
-0,05503447
0,01447939
0,06481641
0,102801
-0,1445678
0,07653964
-0,01222553
0,01526463
-0,1183131
-0,1922572
-0,04442377
0,04360611
-0,1505502
-0,1573602
-0,09729764
-0,1095598
-0,06031042
0,01692522
-0,001422096
0,01824323
0,1527103
0,01896689
-0,05946486
0,07388682
0,003224734
0,01573357
-0,02820205
0,01111885
-0,01530929
-0,006353383
0,000452864
-0,02706196
0,0207201
0,1186251
0,1335058
0,09700006
0,03397019
-0,04736573
-0,001422903
0,1032609
0,08725384
-0,01857516
0,1210189
0,03971507
-0,1256801
-0,02463899
0,01096718
0,01836984
0,09258498
0,0004039819
0,03845388
-0,05121968
0,09394635
0,03714092
-0,06331258
0,07344961
0,03383298
-0,06119116
0,05711553
-0,1600363
-0,2517414
-0,05583456
-0,2562342
-0,1991502
-0,09462991
0,03435534
-0,02922792
-0,01578643
0,06130409
-0,03450645
0,06138715
0,05860051
-0,01669354
0,09176029
0,05767941
-0,03808459
-0,007503322
0,02394501
0,01197892
0,004314105
0,02779805
-0,03302214
0,005135824
0,02807207
-0,08631834
0,03698885
0,03861542
0,06106515
0,1396557
-0,02724019
0,09738778
0,06618037
0,09782433
0,03463019
0,1320666
0,1608017
0,06819364
-0,008895747
-0,1323945
-0,09009238
0,03702274
0,1038066
0,04631842
-0,05860554
0,1402868
0,05186791
0,01508204
-0,1640191
-0,1437699
-0,1473742
-0,08947726
-0,2232952
-0,2033689
-0,1787982
-0,09209394
0,0318237
0,07189612
0,1755248
0,04444019
0,02612978
0,004318445
-0,03383636
-0,08770815
0,03092217
-0,0081541
0,001160958
0,037738
0,0003366559
-0,001897132
-0,01202033
0,02839729
-0,02147807
-0,01752076
-0,06407233
-0,04433582
-0,06943741
-0,01120248
-0,1338269
0,16236
-0,01440562
-0,01607521
0,03741476
0,01680131
-0,04776412
0,03891717
0,08273644
0,06764714
0,05557849
0,1058586
0,09369281
0,1050764
0,08209883
-0,04867206
0,1583666
0,003015557
-0,01282876
0,1898596
0,1626136
-0,08845295
-0,2205839
-0,07771759
-0,1561212
-0,2618901
-0,02033372
-0,05500075
-0,07989303
-0,01815168
0,02156779
-0,004776675
-0,05457926
-0,01225557
0,09054218
-0,02777455
-0,01759597
0,003691963
-0,04803455
0,0119552
0,02871513
0,03316712
0,02065061
0,01507425
0,01235439
0,01852831
-0,09469904
0,07164035
-0,04712686
-0,02831559
0,02634327
0,1516684
0,01476164
0,05822713
0,1123363
-0,02459748
-0,04309016
0,1291457
0,02394485
0,01360386
0,1680074
0,2235684
0,1763204
-0,182756
0,01345917
-0,02928821
-0,01367039
-0,01043221
0,111489
0,2579357
0,165098
0,07938074
-0,1250694
0,1372995
0,007881392
-0,1520951
-0,09586665
-0,1163982
-0,08890416
-0,0003318131
0,04846872
-0,009612177
-0,001940371
0,1420629
0,00781561
-0,02153154
-0,02835832
0,0334011
-0,04672295
-0,008417444
0,0007615506
0,02266198
0,0115897
0,005914417
0,04756629
0,1030644
-0,01920311
-0,05747788
-0,01140058
0,009882902
-0,1934426
-0,1314305
0,004713188
0,01821934
-0,02789241
-0,01914593
-0,04147634
0,104929
0,02282282
0,1251611
0,1561138
-0,06852295
0,1165228
-0,02610506
-0,1567393
-0,1766144
-0,04180611
0,214937
0,1340769
-0,1043032
-0,1065101
0,07077746
-0,1643051
-0,05383637
-0,08727401
-0,2956173
0,05040177
-0,1802555
-0,02320327
0,04279216
0,003376988
0,01347888
-0,03411277
-0,06849694
-0,02016034
-0,04448076
0,004977155
-0,03541984
0,01478727
-0,01344366
-0,02616427
-0,03499399
0,01181849
-0,002099084
0,03989484
0,04517182
-0,03220265
-0,02719658
0,08070912
0,1880776
-0,01812589
0,03433367
0,1019018
0,1729756
-0,2958027
-0,07011899
-0,07179143
0,02677582
0,05443949
0,06409083
0,2140609
0,008170825
0,05708364
0,157822
0,1824186
0,07469234
-0,08258792
0,03371773
0,007105963
0,07924999
0,06847984
-0,01494528
-0,01172571
-0,1647245
-0,2548344
-0,01370596
-0,03385386
-0,1736154
0,08094095
-0,03452741
0,0111134
0,091681
0,02948805
0,07564758
0,04471728
-0,07388806
-0,06428357
-0,06813174
-0,02508839
-0,04111562
-0,02313183
0,003752271
-0,02301091
-0,01689402
-0,004964711
0,01387626
-0,1569415
-0,137995
-0,01621698
0,04865668
0,09558464
-0,1157278
-0,1272549
0,1312446
0,06753101
-0,05971137
-0,03895511
-0,01012396
0,03998212
0,05651321
0,07071449
-0,02072753
-0,1245847
0,238407
-0,1548503
0,02327328
0,02957543
0,1888443
-0,01229588
-0,01199994
-0,1259031
-0,04055192
0,03097738
0,04739803
0,1340329
-0,02879857
-0,06124885
0,04572471
-0,09268522
-0,0172551
-0,1486882
0,06665767
-0,04220521
0,003930856
-0,01319688
-0,006213554
-0,04814296
-0,0805372
0,007237738
-0,01121157
-0,05564987
0,0002322201
-0,006131513
0,007841613
0,008514252
0,02457966
-0,1344137
-0,09034681
-0,09031256
-0,1073709
-0,05978848
-0,1441936
0,007812609
-0,03653812
0,06927063
0,05107684
-0,08057862
0,1704274
-0,004585216
-0,0003390368
-0,04480041
0,1311642
-0,08351629
0,1422413
-0,2039772
-0,08990936
-0,003000683
-0,009343264
0,1238851
0,05440113
-0,007612884
0,06747735
-0,03608246
-0,109478
0,1112814
0,1146204
-0,1423198
-0,07800269
-0,1674094
0,1341203
-0,1377335
-0,0464879
-0,08637808
-0,01508959
-0,0696735
-0,03839394
0,01421688
-0,06313039
-0,01933372
-0,02735483
-0,02810787
-0,005223026
-0,02715667
-0,01336691
-0,04303361
0,02595796
-0,01876891
-0,2191073
-0,06547726
0,03607119
0,03047677
0,07670402
0,0534533
-0,03754095
-0,2257485
-0,05695513
-0,2536927
0,0233207
0,1193716
0,2582284
0,02641908
-0,04628495
0,1423537
0,0447128
0,08114665
0,01299087
-0,1112201
-0,06644925
-0,04955557
0,2364095
-0,01231468
-0,05509949
0,06076622
-0,08772087
0,01317072
0,0515937
0,001983389
-0,03108016
0,0748441
0,141862
0,1485026
-0,01443265
0,0259822
0,10024
0,0142503
0,003489505
-0,03496526
-0,08153223
-0,05505892
-0,01897641
-0,01352804
-0,02738345
-0,009965015
0,03199547
-0,006863653
-0,06436797
0,04755314
-0,1052811
-0,214064
-0,09915361
-0,04396866
-0,123577
0,01626257
-0,1342001
-0,1218465
-0,1825631
-0,05536952
-0,02668082
0,1189267
0,1732516
-0,0557416
-0,2651896
-0,02065396
-0,0223265
-0,05134054
-0,1227509
0,009182665
0,1708541
-0,1103341
0,1474857
0,08815677
0,06233854
-0,003327328
0,02678872
0,1264809
-0,02566789
0,1538145
0,1366178
-0,007321208
0,08395162
0,09466344
-0,06057297
0,02936625
0,03834632
-0,1023658
-0,07169221
-0,01782956
-0,03361517
0,01312903
-0,01697737
-0,01010199
-0,009393336
0,0039466
-0,02332115
0,01819388
-0,02823471
0,0696342
-0,07294901
-0,01169828
-0,1005598
-0,05645649
0,04307864
0,07235119
0,03569295
-0,07369064
0,0105133
0,08088517
-0,2238167
-0,1665328
-0,03672814
0,1194348
-0,09344953
0,02220405
0,1128646
-0,09957936
0,01954721
-0,06437086
-0,1445862
-0,2456256
-0,04183529
-0,06942618
-0,07522371
-0,206726
0,0007716179
-0,1811205
-0,01593274
0,06798547
-0,09783119
-0,09688514
-0,04242186
-0,1781219
-0,2068707
0,08452315
0,009725438
-0,05701014
-0,04163838
-0,00686363
-0,05481924
0,08803599
0,04087812
-0,00660334
0,001643494
0,006809056
-0,02931779
0,02692184
0,0478707
0,01622443
-0,03775891
-0,0459004
-0,01956535
-0,09857819
-0,2661596
-0,1550215
0,02854771
-0,09981136
-0,2243255
-0,04169706
-0,003462013
-0,1998438
0,03245749
0,09347913
-0,08516676
-0,021457
0,07239329
-0,1902635
0,04274651
-0,1653843
0,004670943
0,08390097
0,04081545
0,05271143
-0,04559094
0,03728322
-0,006896389
0,05095802
0,09211085
0,04122187
0,07581444
-0,04486867
-0,1158427
0,07403143
-0,02441136
-0,02929591
0,07054051
0,0887159
0,05912908
0,08917885
-0,07757147
0,02533359
0,04589765
0,04275008
-0,01354474
-0,02969823
-0,007836319
0,03206189
0,08969163
0,07845385
-0,02661521
-0,06073852
-0,02347622
-0,01174325
-0,0519226
-0,02110059
-0,03431847
-0,13536
-0,2282541
0,04477406
-0,0333226
0,008147833
0,08167213
0,03395054
-0,08649192
-0,0327794
-0,1088627
-0,1289743
0,2073185
0,02437642
0,07923896
0,03186134
-0,2202644
-0,1376624
0,07216093
-0,058736
-0,05435815
-0,047434
-0,02627773
0,1061307
-0,07687473
0,04850787
0,1755541
0,02877821
-0,06375672
-0,1025917
-0,2194992
0,02261212
-0,007420492
-0,01402572
0,01748748
-0,01293319
0,03330232
0,02424814
0,01111406
-0,07889685
-0,0009443935
0,007946489
0,0347802
0,02159568
0,03096001
0,01141428
-0,1279986
-0,1833964
0,04586241
0,0344088
-0,1934445
-0,1387111
-0,1112096
-0,1461582
-0,1852833
0,02864446
-0,0298667
0,07160516
-0,05817586
-0,1136696
-0,1855938
-0,1220347
-0,04369885
-0,1761749
-0,009415743
-0,2101333
-0,02454402
-0,09967143
0,01608438
0,05260839
-0,03322893
-0,07237286
0,1726509
-0,03327349
0,08891439
-0,07068836
0,01729579
-0,04475588
-0,1483084
-0,03418254
-0,1891018
-0,01118494
-0,008579196
-0,00751919
-0,03060078
-0,08828586
0,0422636
0,08384841
0,005011732
-0,05187897
-0,02599021
-0,02251996
0,05296679
0,05760276
0,05358733
0,09005949
0,03814252
-0,08008876
0,005022073
-0,2435133
-0,07681158
-0,1396956
-0,01266218
-0,001480028
-0,2126027
-0,1382353
-0,1481306
-0,07355328
-0,05339427
0,04377567
-0,2091545
-0,2589404
0,1294643
-0,1918954
-0,1200346
0,07728536
0,1054144
-0,2518446
-0,1553475
-0,08441278
-0,1918276
-0,009033241
0,09575534
-0,04365338
-0,01089604
0,1055044
-0,05975634
0,1680385
-0,003531042
-0,1306118
-0,26298
0,1046293
0,02293386
0,09891397
0,02625931
-0,1321342
0,03352422
0,02773616
0,05141642
-0,003247482
0,007897009
0,03934777
0,033384
-0,0003692535
0,09240452
0,1186399
0,006963155
-0,03260636
-0,04265203
-0,1840021
-0,08974398
-0,007563455
-0,2471423
-0,006553992
-0,2565433
-0,2628692
-0,2366855
-0,2673248
0,07906365
0,0002888872
-0,04934134
-0,155246
-0,07936312
0,01734974
-0,1083011
-0,1724219
0,01807403
-0,3258288
-0,1969028
-0,02350458
0,08971256
-0,05469472
-0,1816948
-0,08906056
0,01995932
-0,1824113
0,1408748
0,1433078
-0,01147059
-0,00608716
-0,1814656
0,01447126
-0,03450993
0,03675086
0,04600152
0,002619125
0,02093931
0,03320545
0,03311849
0,01194561
-0,01487302
-0,01873204
0,06943579
0,07903841
0,1298128
0,1858787
0,08426419
-0,04347545
0,1146097
-0,09636669
-0,1544829
-0,2408309
-0,2351087
-0,2328543
-0,1238832
-0,1575505
-0,1422016
-0,3978571
-0,04075537
-0,179454
0,019365
-0,1278745
-0,06172781
0,01302717
-0,1024963
-0,0653944
0,1188847
-0,2140043
-0,2451188
0,05614576
-0,01641378
-0,03511731
-0,02936283
0,1417696
-0,06089997
-0,07688664
0,01457505
0,0285769
0,03833294
0,1032002
0,08340826
0,1530121
-0,04350401
-0,05202654
0,01729381
-0,05455785
0,02440798
0,01077721
0,02343368
-0,006578593
-0,02769472
0,0133596
0,02291653
0,05320239
0,04101979
0,1549605
0,07793673
0,04615536
0,1534688
0,197256
0,0007932255
-0,2104423
-0,2140858
-0,2647855
-0,3502237
-0,2728296
-0,3653476
-0,5049477
-0,3393212
-0,2251364
-0,0337491
-0,03489257
-0,1357232
0,004783261
-0,02761483
0,1084649
-0,04930367
-0,3439984
-0,1228946
-0,1929724
-0,1086885
0,1113228
-0,02222698
0,07777979
-0,08325089
0,02875643
0,1273626
-0,02417924
-0,03048203
0,06104437
0,08645688
0,2240339
0,1042643
-0,04175816
0,01349612
-0,02149545
0,01538159
-0,003019755
0,02907799
0,0257884
-0,02204947
0,01769176
0,03708168
-0,01361159
0,01341117
0,03642692
0,07087404
0,007760231
0,1620297
0,1927061
0,05714966
-0,01914062
-0,1324868
-0,2284863
-0,4102531
-0,262497
-0,3931802
-0,3408497
-0,3333405
-0,4589876
-0,06838666
-0,1013511
0,01252643
0,1356061
-0,04446115
-0,05845225
-0,07244947
-0,3962734
-0,104143
-0,09062385
-0,05495835
-0,01457429
-0,1183703
-0,06357022
-0,2355474
0,08716239
-0,05136193
0,1698778
-0,02958446
0,2127786
0,2101025
0,2197619
-0,0614214
-0,003020952
0,09706882
0,0214577
-0,008947645
-0,04612336
-0,03307055
0,004943386
0,02149053
-0,02019989
0,03764045
-0,03518775
-0,01253647
0,1350504
0,1631671
0,1926158
0,3391797
0,220341
0,1289909
0,04789134
0,05462608
0,07612351
-0,1118003
-0,1891492
-0,3807166
-0,4221611
-0,5188656
-0,4142885
-0,3336422
-0,2452345
0,07193951
-0,1822917
0,06092611
-0,06026354
0,1495216
-0,2898254
-0,08275521
-0,03003231
-0,1302734
-0,09356195
0,1709989
-0,1293437
-0,07541823
-0,1272679
-0,1911298
-0,05697543
0,1367559
0,06749305
0,1342051
0,0980416
0,04634266
-0,05400872
0,108177
0,04983322
-0,05108402
-0,03238738
-0,0188561
0,03673461
0,008921889
0,007938252
0,03954264
0,01718442
0,08842476
0,1188987
0,07188908
0,1389559
0,2613817
0,259797
0,1272687
0,2156079
0,05013992
0,193579
0,1296841
0,05793322
-0,07617036
-0,2124925
-0,251145
-0,3427693
-0,2332366
-0,009600179
0,1444872
-0,1469303
0,1271136
0,1649524
0,05078343
0,1304123
-0,1959189
-0,05615953
0,03872505
-0,1634704
-0,1921459
0,03506715
-0,05978334
-0,04641356
-0,05206163
-0,08167098
0,09467633
0,04438441
0,08159259
0,003657935
0,08536725
0,0870157
0,07909226
0,1462279
-0,06656714
0,05731855
0,03992769
-0,009522554
0,01092783
0,02917616
-0,02755701
-0,02395182
-0,01930792
0,1123243
0,1435601
0,2532164
0,3196321
0,3480281
0,3081683
0,02789421
0,1697282
0,2270709
0,08408502
-0,03529977
-0,3661374
-0,2675085
-0,2738328
-0,4590008
-0,1654185
0,0008122863
0,2151585
-0,2183799
-0,1586101
0,1066947
0,0697495
-0,01679086
-0,05127177
-0,2857411
-0,0659786
-0,01488616
-0,1979733
-0,2459642
-0,02768684
-0,0967512
-0,02177738
0,1246459
-0,002207396
0,08999112
0,1349835
0,07453287
0,1585892
0,04735852
0,07866257
0,0776519
-0,002253492
0,01553542
-0,00320645
-0,0406063
0,0249331
0,02393863
0,02220042
0,032789
-0,002304601
-0,2113903
-0,04087428
0,1771679
0,08117616
0,1615432
0,3691835
0,1362766
0,04267198
0,05455223
0,01720865
0,1778271
-0,06179718
-0,210612
-0,2457796
-0,1486901
-0,2047295
-0,107014
-0,08089194
0,06361111
0,1143131
0,06735551
-0,001968435
-0,1240005
-0,1197382
0,0818451
-0,09806923
-0,1178331
-0,01221752
0,02490582
0,06252889
-0,01138726
0,117129
0,01554251
0,04919564
0,05188325
-0,01830497
0,06591759
0,1806938
0,04006392
0,0919981
0,1302876
0,02008226
0,02467781
0,0007053774
-0,002712285
0,006020656
0,03622482
0,03173626
0,01300728
-0,04891464
-0,01702029
-0,06337783
0,1045479
0,0170477
0,1404558
0,2032495
0,002095529
0,1758111
0,08250821
0,09681337
0,02915247
-0,07720029
-0,2447341
-0,363027
-0,3850994
-0,3121352
-0,08225035
-0,05728587
-0,07220392
-0,001265135
0,1177954
0,06897572
0,1449232
-0,06939747
-0,1504536
-0,2505937
-0,2012354
-0,1762645
-0,05000388
-0,1164646
0,04959158
-0,1329569
-0,1165476
-0,04593829
0,02394279
0,06927612
0,223526
0,1269089
0,1451587
0,09166931
0,1238398
0,09231984
-0,02843047
-0,02132626
-0,01053823
0,003406954
-0,01153536
0,03307295
0,04290196
-0,007214699
-0,01225019
0,02800362
0,1410499
0,1201355
0,1384486
0,1619579
0,01675519
0,2116642
0,1846978
0,2322112
0,1100624
-0,09139659
-0,3495277
-0,2546542
-0,2314681
-0,1215132
-0,04613688
-0,1043148
0,0722714
-0,1688758
0,1169771
0,002661685
-0,1252511
-0,0175822
-0,003181691
0,3589739
-0,2697181
-0,1139332
-0,3096893
0,01000049
-0,1490837
0,03677001
0,09977368
0,02464343
0,02950752
0,06756274
0,1636235
0,1778258
0,08103054
0,09584048
0,1093202
0,0491236
-0,02480981
-0,01343997
0,005864972
0,00879214
0,01367217
0,06865165
0,1063286
0,01542788
-0,1171952
-0,0199941
0,2179397
-0,002148544
-0,06261918
0,1391451
-0,1104664
0,05077849
0,1219081
0,2988991
-0,03726805
0,02140818
-0,1307192
-0,2471726
-0,0874446
-0,09900738
0,1473536
-0,08440453
0,1615727
-0,09529702
0,04921852
0,1215637
-0,03358786
-0,0180307
0,1535405
0,1442875
-0,06037929
0,05028627
-0,1878706
-0,06064937
0,0954318
-0,03108325
0,0912554
0,004244766
-0,05069118
0,03439653
0,1258617
0,1280116
0,04070587
0,0293612
0,1221826
0,070085
-0,01065181
-0,01697755
-0,01380968
0,01333603
0,03154176
-0,06379659
-0,04425278
-0,1082553
-0,08368216
-0,1851892
-0,07029193
-0,1021821
0,04724682
0,06748083
0,1188461
0,259452
0,1504571
0,08396798
0,109812
0,1158145
0,02806715
-0,2245846
-0,2187752
-0,1268032
0,2206245
0,01185167
-0,1225618
0,08788996
0,02172705
-0,01464334
-0,03499798
0,2133933
0,05229844
-0,04301172
0,03882454
-0,1121745
-0,08773809
-0,1441929
-0,09645819
-0,1622004
0,06451686
0,07777407
0,07334074
-0,07728469
0,0535893
0,1018265
0,03251259
0,01578585
0,02526545
0,01379309
-0,01504068
0,007406586
-0,002936058
0,01985164
-0,03686003
-0,02475209
-0,112408
-0,02114068
-0,1196381
-0,009965992
-0,08270529
0,01428951
0,06259093
0,1695417
0,1225278
0,04112535
0,04838431
0,1065708
-0,02095515
-0,05735926
-0,06351753
-0,09587204
-0,2298272
-0,1041409
-0,0157801
0,0008406024
0,2201406
0,02770061
0,0601726
0,07227021
-0,0008052366
0,006212522
-0,1098032
-0,1730494
-0,07125755
-0,01798555
-0,01011027
-0,1348186
-0,1348846
-0,002319543
-0,1187555
0,09591771
-0,04546967
-0,09198486
0,07408629
-0,01176295
0,03084623
0,01849277
-0,02330242
-0,04366918
-0,07431924
-0,03563318
0,02474472
-0,02982058
-0,0145272
-0,04730177
-0,1075037
-0,06510989
0,00724298
-0,1396865
0,008140971
-0,08723629
0,1484879
0,01575
0,0993048
-0,02882205
0,05919824
0,1341708
0,1151019
0,08277395
0,1084285
0,0009512951
-0,2796468
-0,003816999
-0,181077
-0,131267
-0,08377068
-0,03358356
-0,1025976
0,03365146
0,06739171
0,01612331
-0,1939729
-0,05915527
-0,07869054
-0,1252691
-0,1109418
-0,1221317
0,1063708
-0,06164853
-0,120881
0,004077451
-0,02031747
-0,01907237
-0,05771388
-0,07194227
0,05879293
0,03843655
-0,005280473
-0,00231746
-0,02212727
-0,04303896
-0,0028383
-0,006098977
-0,01299878
-0,1022149
0,002345336
-0,08290395
-0,06018131
-0,008168102
-0,06641039
-0,05636968
-0,06716903
-0,09857788
-0,00521252
-0,006065328
0,02359874
-0,05928282
0,146387
0,2119229
0,0657903
0,2446203
0,07898629
-0,2193179
-0,01652544
-0,203347
-0,1618021
0,0005752795
-0,03101785
-0,2694406
-0,004277672
0,09811164
-0,1435796
0,05620709
0,008028165
-0,2948516
0,004279765
0,01016752
-0,03924035
-0,1435607
-0,01651583
-0,01880453
0,004207309
-0,006909712
-0,1390726
-0,1017951
-0,01903554
0,0285944
0,01556132
-0,03128843
-0,03633391
-0,02588246
-0,03645679
-0,008543446
0,002228267
-0,11482
-0,08979482
-0,1048832
-0,1076846
-0,07558623
-0,103437
-0,05811465
-0,1822327
-0,0696201
0,0641847
-0,06513412
0,02192079
-0,07539684
0,03706194
0,1558479
0,1647353
-0,07067113
-0,04286639
0,03907682
0,03912983
-0,07173361
0,01495776
-0,003604871
0,1028864
-0,07036777
-0,0591466
0,09870746
0,1432464
0,03439745
0,09584342
-0,111887
-0,1014442
-0,01709341
-0,2360509
-0,08592246
-0,05010508
-0,07844153
-0,1204056
0,02375485
-0,07041031
-0,06839988
-0,05220247
-0,021731
0,0141033
-0,02731597
-0,02492098
-0,003079905
-0,02268524
-0,004767803
0,006239394
0,008216653
-0,03530115
-0,0516907
-0,08188301
-0,04962468
0,01164528
-0,1954029
-0,03740564
-0,0246829
-0,009752597
-0,03772601
0,09772178
-0,1195044
-0,03616549
0,04400852
0,1524319
0,09437923
0,3200364
0,09165826
-0,1285842
-0,1500937
0,1502197
-0,125275
-0,1904798
-0,1020854
0,03626146
-0,2716092
0,0791137
0,1040426
-0,1133284
0,07327326
-0,02204455
-0,1267565
-0,1173187
0,04155217
0,07961036
-0,134902
-0,05838292
0,01682003
-0,07371395
0,01792159
-0,06951326
-0,006444353
-0,005343247
0,0370228
0,01134031
-0,01618254
-0,04316097
-0,003584223
0,005885293
-0,03153673
-0,03236065
0,03601201
-0,01175653
-0,2011044
-0,1362318
-0,159832
-0,1240605
-0,1645015
-0,2200432
-0,1556519
0,05528063
0,0751725
-0,01152004
0,1355139
0,2051079
0,01701389
0,1258422
0,1488088
0,10329
0,03215619
0,077673
0,08783547
0,06542373
0,02087829
-0,003159323
-0,1180392
-0,03636087
-0,0166951
-0,2446023
-0,08875282
-0,07243595
-0,08932046
0,004484317
0,03137043
-0,01791542
-0,1944561
-0,163031
0,05766669
-0,0857281
-0,03469475
-0,04568214
-0,02398905
-0,06750149
-0,003911692
0,005169048
-0,03418014
-0,02878611
0,01580377
-0,03239195
-0,05117287
-0,07483289
-0,1211589
-0,122328
0,03584679
-0,04468165
-0,1388479
-0,1202201
-0,05106905
-0,06465638
-0,1770561
0,0354881
0,02805221
-0,07098143
0,09923191
-0,06043183
-0,06067686
0,06991319
0,1576054
0,1662906
0,132946
0,0628197
0,01892579
-0,0392349
-0,002689203
0,0204474
-0,1865891
-0,09983269
-0,01773814
0,07801749
0,07325812
-0,2182761
-0,05210523
-0,01590263
0,05146313
-0,04923486
-0,05723983
0,03347617
0,1051858
0,02968699
-0,07385548
-0,0772417
-0,03780865
-0,1176171
-0,02441104
0,04715935
-0,008952276
0,008640777
0,008736342
-0,01176326
-0,03434479
0,008117945
0,06183038
-0,02236089
0,02589576
-0,03778389
-0,04571459
-0,05768254
-0,04763056
-0,1736096
-0,1087795
-0,003742643
-0,0709302
-0,0478693
-0,04690747
-0,05696896
-0,07967081
0,002285364
0,02808665
0,05149375
0,06260772
0,08177375
0,137047
0,02775366
-0,09175694
0,004150249
-0,08473943
-0,03862579
0,1206784
-0,2644595
-0,05713635
-0,06572161
0,03677395
0,2342572
-0,1211305
-0,09047106
-0,1031376
-0,05308152
-0,09895054
0,006330075
-0,01532077
-0,01022237
-0,06122892
-0,1194486
-0,006480297
0,03138068
0,002710264
-0,03133247
0,02067815
-0,03462934
-0,1148134
-0,1147884
-0,05306956
0,03890242
-0,111529
-0,1596851
-0,0279362
-0,04471869
-0,1074831
0,09406718
0,01097002
0,1353367
-0,231319
-0,02612935
-0,04200566
0,008616931
0,111745
0,08908175
-0,05448953
-0,04876979
-0,002876258
0,03553089
-0,05479514
-0,06102744
0,09446502
-0,01424089
0,002195382
0,06788964
-0,04917021
-0,04569727
0,09993809
0,04626482
0,03755605
-0,06663367
0,04974813
-0,0218914
0,1490648
0,04653485
0,007105558
-0,03366065
-0,08375781
-0,0403163
-0,08338173
-0,036984
-0,0169783
0,01849551
0,04080718
0,02082663
0,01692573
-0,03075624
-0,101858
-0,1318174
-0,1262259
-0,2184759
-0,107725
-0,08720448
0,07149842
0,00948353
-0,09187157
-0,123748
-0,1701223
0,09168996
-0,06091189
0,1420365
0,03774566
-0,1791883
0,005983621
-0,09028828
-0,07186252
0,08039736
0,1492055
0,1671211
0,03906749
0,04143842
-0,02544525
-0,07258479
0,0850944
-0,09103623
-0,01708823
0,1126469
0,01738911
-0,03114007
0,1784575
0,05195145
0,0322689
-0,06274791
0,01049456
-0,02638008
-0,1330961
-0,08872358
-0,1451253
-0,06771952
-0,02379326
-0,04364581
-0,001578391
0,04850334
0,04395175
-0,0295377
0,02385228
-0,007738003
-0,06703043
-0,1059891
-0,1252331
-0,07363219
-0,1259353
-0,15404
0,1667121
-0,1011522
-0,08501261
0,06572206
0,07330635
-0,03184427
-0,1702071
0,07307695
-0,02991
0,02846848
-0,06524717
-0,113198
-0,06041963
-0,02763749
0,02179007
0,06565808
0,04384844
0,1829383
0,0752303
0,04520715
-0,148801
-0,1496914
0,0869392
0,04044845
0,1162234
-0,1331099
0,1981213
0,09824777
0,1321221
-0,01358116
0,2124423
0,1478816
0,01769068
0,02862139
-0,06308372
-0,03555202
-0,03791621
-0,01403405
0,00136321
-0,02626921
0,003028201
-0,01733676
0,003537515
0,01442547
-0,1265449
-0,1476823
-0,2560171
-0,1927166
0,03889932
-0,1543823
-0,0321302
0,06761453
0,1124284
0,1360155
-0,07203998
0,01929991
0,1220802
-0,1747489
0,08329184
-0,00400502
0,03799237
0,09209043
-0,07382198
0,1552488
-0,02086823
0,201455
0,01165959
0,1362336
0,1510262
-0,03608133
0,1495903
-0,03282652
0,07253502
0,06561846
0,1387427
-0,006383553
0,1749852
0,069411
0,05144669
-0,05731643
0,06792701
0,06966633
-0,1313735
0,007634887
-0,1182935
-0,03780925
0,08764278
0,04563106
-0,005019092
-0,03140948
0,01665316
-0,0002226151
0,01863065
0,002027751
-0,06477292
-0,03360498
-0,07930081
-0,1354933
-0,2792045
-0,2317748
-0,06426591
0,1350579
-0,04952878
-0,04034749
-0,1537841
-0,009403085
0,2378488
-0,01230233
0,01838441
0,2114095
0,1903845
0,1494555
0,04319883
-0,1354968
-0,05891079
0,09717518
0,1282527
0,04186101
0,05870933
-0,1579108
-0,03854394
0,05460331
-0,06832515
0,02941348
0,1581046
-0,01657187
0,1241251
0,09932504
0,08904408
-0,1239557
-0,08655518
-0,09460222
-0,07644728
-0,1191662
-0,01698437
-0,0560598
-0,06725106
-0,0007844389
-0,03565662
-0,02931743
0,01979874
-0,001184494
0,02064501
-0,05130148
0,005323432
-0,1535811
-0,04884041
-0,07563454
-0,2064671
-0,2604434
-0,1482162
-0,05463648
0,1040339
-0,1974933
-0,08207573
-0,1153609
0,2150909
-0,08808099
0,01487502
0,1148388
-0,01556461
-0,05284392
-0,04689199
0,07551495
-0,03350901
0,06865613
0,1888979
0,005793028
0,1237215
-0,06745969
-0,003658986
0,1167231
-0,08770164
0,1062614
0,05872321
0,1802688
0,1437015
-0,04009372
0,04790386
-0,1051004
-0,09466036
-0,1300739
0,1482066
0,01264451
0,01683179
0,006213619
-0,08801951
-0,04246222
-0,04775864
-0,01691532
-0,02660339
0,007954275
-0,004550676
-0,01576425
-0,08954623
-0,07422473
-0,06806122
-0,2038225
-0,1626951
-0,06005848
-0,1018009
-0,07682274
0,04494076
-0,0610415
0,1157742
0,08983211
-0,01169325
-0,05534295
-0,07391883
0,05482843
0,1560191
0,01237007
-0,02148323
0,1157481
0,02921952
0,03671633
0,0005642899
-0,01562167
0,03592587
-0,009114455
0,007259062
-0,08359062
-0,09551264
0,1092987
-0,1337514
0,1607287
0,03770321
0,0239803
0,09210271
-0,04728121
-0,004405789
-0,07066841
0,05661712
0,08613838
0,01138556
-0,04336343
-0,07305782
-0,07106093
-0,04543483
-0,05201252
0,006886683
-0,01377912
-0,01580179
-0,01721397
0,008321412
-0,02052172
-0,04206654
-0,1909156
-0,1632319
-0,02966397
-0,06046735
-0,02555687
0,02355545
-0,02530384
0,08140903
-0,02254752
-0,1052516
0,01181541
-0,0180746
0,1296134
0,1542153
-0,05376738
0,2646241
0,01781856
0,1216434
0,141097
-0,0513719
-0,1100687
0,0218623
0,1686468
-0,07496861
-0,2274875
0,1263913
0,189923
0,1101414
0,2002749
-0,1441702
-0,04638043
0,1314142
-0,2019235
-0,01837572
-0,1168275
0,1255548
0,07072885
0,1240965
0,03541263
-0,03751767
-0,02466544
-0,05001267
-0,01342547
0,02593582
0,02041499
-0,01144538
-0,02231664
-0,01234833
-0,05353005
-0,02621721
-0,02366754
-0,04037753
0,03237372
-0,003833058
-0,03983744
0,005049565
-0,09227417
0,07785196
0,07152805
0,05191392
0,09441609
0,09474616
-0,003437781
-0,2048249
-0,1420878
0,1567823
-0,02041552
0,1182835
-0,01848486
-0,03245496
-0,1277178
0,1369757
-0,01504075
0,01855705
0,0585659
-0,05598626
0,09856194
0,05180487
0,07573598
-0,1205922
-0,08882962
-0,1038009
0,02025571
0,001904978
-0,07947475
0,1196477
0,06320727
0,02523143
-0,007435088
-0,1161279
-0,1181189
-0,02511362
0,03441639
0,0255206
-0,01440459
-0,01762282
-0,01685838
-0,01297267
0,00919289
-0,01157242
0,05786571
0,1065878
0,06753476
-0,03188968
0,02505022
-0,01864352
-0,04711864
-0,2082241
-0,04683682
0,1851201
0,03984838
0,08673203
0,02035874
-0,1143149
-0,04752434
0,05459677
-0,01716664
0,1120177
0,1767137
-0,04286959
0,1205425
-0,09069748
-0,07253552
-0,06461883
0,1123412
-0,05322214
-0,01969255
0,07975212
-0,03455322
0,03477645
0,1073346
0,007179814
-0,03100961
-0,04296418
-0,0498208
0,05924552
0,02504707
0,102181
0,06713051
-0,04990284
-0,06436878
-0,01239212
0,005561853
0,02710119
0,02485233
0,02861387
-0,002722681
0,01366407
-0,01397066
0,01404871
-0,007191779
-0,1185843
-0,08495467
0,03931225
-0,1189508
-0,06883912
-0,06005783
-0,04222901
-0,0009851973
0,06319153
-0,01876481
0,03998527
-0,02477664
-0,09040105
0,05129521
-0,08378465
0,05154039
-0,1946328
-0,008094206
0,1329668
0,04024124
0,06020583
-0,05444567
-0,1038443
-0,05996675
-0,0415479
0,2265918
0,2104948
0,03005867
-0,005946937
0,1203319
-0,1452962
-0,1175617
-0,07961819
-0,1336699
-0,01198802
0,09748504
-0,0579588
0,002911831
0,038086
-0,05733157
-0,01077005
0,03345651
-0,0165434
0,007706522
0,009296251
0,01160637
-0,02203961
0,01758412
-0,02022763
0,06999661
-0,04612574
0,05189274
-0,03023581
-0,147372
-0,01413636
0,0212479
0,01449031
0,2096844
0,0814543
-0,1754262
0,01058463
0,08895074
-0,0120915
0,1331745
-0,209251
0,09314629
0,0629845
0,1676999
-0,005188276
-0,1971401
0,01629272
-0,07381968
-0,06998817
-0,1288409
0,02667437
-0,07537837
0,0702925
-0,007015781
-0,1443685
-0,04429497
-0,1077852
-0,0567348
0,006527216
0,02127197
0,06383725
0,05253421
0,02033065
-0,03996963
-0,01815786
0,03473053
-0,009897308
0,02361374
-0,007951954
0,009698584
0,02319259
0,004384423
0,05295451
-0,04386961
0,04466479
0,03421047
-0,01396813
-0,03133985
0,03403518
0,01987981
0,008911999
-0,02337351
-0,07648303
0,08329152
-0,06781279
-0,1664828
0,02372938
-0,03753301
-0,2372823
0,1814717
0,03996201
0,08623075
0,234529
-0,06234476
0,0179172
-0,006226093
0,04549361
0,04796779
0,07169155
-0,03281939
0,106875
0,0508519
0,1472941
-0,003777367
0,05775979
0,06738676
-0,05075696
-0,04637957
-0,06302973
0,00586767
0,1004057
0,1227917
-0,005073992
-0,08792916
-0,006224289
0,04593078
0,009585975
0,01006572
-0,0167023
-0,004006167
0,01978588
-0,008725815
0,04858108
0,02339335
0,0008599797
0,1001452
0,01203995
-0,09856587
-0,02929781
0,03850536
-0,002916915
0,03410439
0,03947098
0,0009871598
0,003588949
-0,004499841
0,004110246
0,0981891
0,06519529
0,001093612
-0,01765074
-0,005344184
0,01980607
-0,1988693
0,08588528
0,1365432
-0,01970477
-0,1044529
-0,09939201
0,1271101
-0,07497141
0,1214314
0,00588312
-0,1658347
-0,08410949
0,2114555
0,02979605
-0,112824
0,02548782
-0,006636905
0,1534464
0,04978733
0,06657691
-0,008070877
-0,02906515
0,0800349
-0,005294355
0,02546875
0,01790405
0,03202187
0,01278513
0,01837271
0,02774351
-0,01504727
0,08060902
0,02978987
0,02100411
0,008474167
0,0141613
0,07452268
-0,02223815
0,02291924
0,0159478
0,02056122
-0,02945321
-0,0006907987
-0,04945779
-0,1254641
-0,03391944
-0,03676067
0,1075595
0,18063
0,1195856
0,08693742
-0,01586054
0,02708808
-0,0172503
0,07236057
0,07881512
0,01935035
0,02980812
0,1125243
0,01480605
-0,02614894
-0,1470577
-0,01978311
0,07083435
-0,04519322
-0,008396846
0,004886444
0,06260502
0,06964995
0,01358524
-0,0213208
-0,02099005
0,007269931
-0,01281273
0,02310732
0,02233955
-0,02102816
0,001410561
-0,02898289
0,008234829
-0,03839029
-0,02795975
0,02226759
0,02676946
-0,02450633
0,05464536
-0,03823444
-0,1058629
-0,09548761
-0,0001029553
0,02582853
-0,0222264
-0,0214547
0,06564141
-0,08691791
-0,09439458
0,04470326
0,1281244
0,1072861
0,1222443
0,09370629
0,0384173
0,1211012
0,1490559
-0,1021866
-0,1430973
-0,1231174
0,09100811
-0,1338978
0,02833446
-0,03962609
-0,07843877
-0,02022517
-0,009233139
-0,02727385
-0,02390976
-0,004803981
-0,001086496
-0,006098548
-0,02427536
-0,02492105
0,03792709
0,05788831
-0,00213041
0,002472849
-0,004220408
0,01706404
0,02738977
-0,01418508
-0,009301355
0,001989945
0,0240615
0,04617741
0,005912983
-0,04084846
-0,01842546
-0,04004541
-0,05967481
-0,06826304
-0,01137761
-0,02439196
0,001525611
0,09025648
0,01947846
-0,05062935
-0,04250697
-0,005202617
-0,04623645
0,03636549
-0,1128335
-0,06100766
-0,05361673
-0,07992966
-0,005507523
-0,1008843
-0,01153743
-0,02061776
0,02689151
-0,03832928
-0,0277977
-0,1064127
-0,02012341
0,01786553
-0,01607331
-0,01226209
-0,067519
0,005428549
-0,01306713
0,002541247
0,01665638
-0,04700324
-0,009085683
0,008020862
-0,01325381
-0,00118657
-0,0189999
0,001476972
-0,01677266
0,01228378
-0,01101406
0,02230471
0,002181514
0,02805888
-0,01184269
-0,04426366
-0,0172483
-0,009025454
-0,008914507
0,05720232
0,008242567
0,0233942
0,01106264
-0,03943303
0,01209931
0,007683225
0,0175048
-0,09240924
-0,05572455
0,006302401
-0,1086754
0,04240948
-0,004605489
-0,02922332
-0,04104714
-0,1942793
-0,2051758
-0,1136164
-0,1202211
-0,04617765
0,00121153
-0,02789667
-0,06494015
0,02181478
0,07668488
0,03861396
-0,001481359
-0,004687686
0,004701488
-0,03868352
0,002020989
-0,02550009
0,04204508
0,05369763
0,001082719
-0,01357683
-0,02723665
0,02575477
-0,01023937
-0,02798777
0,004947321
-0,01907729
0,02744175
0,01213836
-0,01361992
0,00247483
0,007859907
-0,003993697
-0,0334346
-0,0519838
0,01815906
-0,01191379
0,05194231
-0,003520546
0,06693095
0,05323846
0,01745745
-0,01241314
-0,004154384
-0,02702344
0,02678443
0,05378073
0,005919041
-0,0639763
-0,02298916
-0,0931553
0,02144934
0,01870086
-0,02035811
-0,09382827
0,04642657
0,01905865
-0,05974462
-0,02195074
0,04816924
0,0890646
0,06012575
0,01904044
0,00141863
-0,03581627
0,004044526
0,02064654
0,03795689
0,01817167
-0,0004318129
-0,03291452
-0,03088234
-0,001693988
-0,01870427
-0,02108338
-0,01436138
0,0008215634
0,005846868
0,03351231
-0,003173268
0,01944994
0,00153538
-0,03167474
0,00359492
-0,0209285
0,01048241
0,0202441
0,04017647
-0,01416611
-0,03917241
-0,007204165
0,03603926
0,03133251
0,01146692
-0,005796363
0,01643447
0,03945334
0,008684104
0,02221575
0,01519895
0,01545103
-0,008535532
0,009855158
-0,008890955
0,05414293
-0,01957093
-0,03712552
0,009776028
-0,03999034
0,03577483
0,01655104
0,03904187
-0,01693576
-0,01077542
-0,005640809
0,01577155
0,01334879
-0,01276423
0,01476691
-0,01849877
-0,02819303
-0,013761
0,01347736
-0,01959836
-0,01947781
0,01339571
0,002423599
0,01592185
-0,01562169
0,02423774
-0,03188616
0,004116622
-0,01638126
-0,006524126
-0,02771243
-0,04463389
-0,0136354
0,002795536
0,03664384
0,03529234
-0,01129181
0,006416534
-0,0542612
-0,05266624
0,005059569
-0,01891435
-0,01921386
-0,0318801
0,02006573
-0,01023415
0,02290015
0,01848617
-0,02749061
-0,004556243
-0,005993771
-0,02852017
0,05087996
0,02011311
-0,02500776
-0,002781116
0,02784849
0,01199369
0,0184991
-0,01316482
0,004036594
0,01794674
0,01508894
0,01698606
-0,0007490469
-0,01057229
0,01253905
0,009184992
0,004079108
0,02597543
0,002346098
-0,01204569
0,02703752
-0,01065417
-0,01434208
0,03475123
0,01275355
-0,01044453
-0,01077944
0,01767637
-0,028473
-0,02473509
0,01016944
-0,02968597
0,01726055
0,01825214
-0,04164393
-0,029204
-0,01173836
-0,02850175
-0,0596926
-0,05149888
0,006877668
-0,06105763
-0,002935814
-0,02894194
-0,00670486
-0,0174602
-0,01656727
0,03169839
0,002786971
-0,02972651
-0,006849275
-0,01835203
0,007781037
-0,01725462
-0,006745692
0,01098686
-0,006234007
-0,02192409
0,009118163
-0,008789998
-0,01809632
-0,03135981
-0,02160788
0,004123024
-0,01254839
0,006680798
0,02175708
0,02322451
-0,007852418
-0,00354775
0,01641287
-0,02037183
0,02526535
-0,001304377
-0,01086134
0,02128085
0,005807113
-0,02474514
-0,002010049
-0,0112526
-0,02595734
-0,005211801
-0,01974976
-0,03283058
0,0007805529
-0,02120137
-0,01161496
0,01443832
-0,008854035
-0,02979722
0,01245352
0,008428736
0,0008160537
0,001207641
0,02389881
0,04262718
0,02995462
-0,01662311
0,01626082
0,02227911
-0,003973195
-0,001590497
-0,002997107
-0,0260917
-0,02102011
-0,01791623
-0,01639442
-0,02591344
0,02085825
-0,004930463
-0,02945287
-0,0154606
0,008607557
-0,01384457
-0,010462
0,01186053
0,01133037
-0,02854596
0,03032902
-0,02786217
-0,02559058
-0,02782096
-0,005296799
0,02690646
0,0006453403
-0,02932949
-0,003833687
-0,01104854
0,009308576
-0,01121563
0,02849772
0,004627201
-0,01074007
0,007823274
0,0160648
0,008678119
-0,02959106
-0,01322875
0,0248191
-0,01278208
-0,03456344
-0,005052648
0,01967117
-0,03365868
-0,007244139
0,01248659
-0,02070674
-0,001916098
-0,01713579
-0,01627987
-0,007341236
0,02860496
-0,02677556
0,01484992
0,0174487
-0,008050678
-0,02664415
0,003018854
0,003628653
-0,01678231
0,01846983
0,02591733
-0,003197431
0,002957857
0,001206796
-0,002636673
0,02158679
0,02992831
-0,004186633
0,01698456
0,009418555
-0,004335526
-0,0229607
0,004201145
0,03175789
0,008793827
-0,02556595
-0,005462824
0,004378184
0,02093272
0,02418743
-0,0283277
-0,02355617
0,001083883
-0,03256609
-0,02674126
0,004476652
0,008018625
0,02132268
0,002297786
0,001502387
-0,0008075905
0,008054735
0,009038226
0,005898539
-0,02213376
-0,02887275
-0,003895044
-0,001009543
0,02650133
0,01997511
-0,02172531
0,02826279
-0,002638057
-0,0004034187
0,02338049
0,01750352
-0,001362929
0,01410663
-0,02079311
-0,01216657
0,009689773
0,02939448
0,013585
-0,01018977
0,01600571
0,01925813
