-0,009931849
0,02569829
-5,394211E-05
-0,01341274
-0,03588416
0,01570205
0,03387735
0,01126943
0,005949198
0,01288364
0,02339228
-0,00152462
0,01965338
2,202924E-05
0,01201323
0,005078177
-0,01579877
0,02882752
-0,008615708
-0,01859182
-0,02220392
-0,004204904
0,02537411
0,02831283
-0,01139422
0,01145504
-0,02566828
0,01342229
0,01636116
0,0292037
-0,01284993
0,02595924
-0,001516181
0,03185016
0,01312845
-0,0036091
-0,006430538
0,01827475
-0,01641922
-0,007987561
-0,000521983
0,008332618
0,01763029
0,001294123
-0,02816798
0,00700824
-0,02614417
-0,01098382
0,007293201
0,0162944
-0,01486934
0,01188035
-0,02728189
-0,004724015
-0,01360955
0,02096269
-0,0294634
0,0006743797
0,02363163
-0,001122718
0,006726202
-0,03055169
0,01772709
0,01574292
0,007192542
-0,01441149
0,02981205
0,0239732
0,02279797
-0,008794935
-0,0156932
-0,01183878
0,009418005
0,02612992
0,01025088
0,004737642
0,009327762
-0,003071553
0,04219783
0,02026858
0,008349971
0,0184351
-0,01721399
0,04571673
0,0205105
0,000369643
0,03113049
0,003187285
0,01925621
0,01727657
-0,01653868
0,00858816
0,01586507
0,02207483
0,01244839
-0,002812557
0,01544516
-0,02535183
-0,02918663
-0,02993658
0,01494458
-0,01452353
0,004799299
-0,006659196
0,01692442
0,03692188
0,05171555
-0,02151858
0,009756709
0,04816279
0,01291857
0,03257038
0,01159878
-0,01973965
0,01564572
0,02639779
0,03863223
0,0300995
-0,02438099
-0,04202821
-0,02743085
0,0005158101
-0,03031987
-0,0176604
-0,008570637
0,02359155
0,003278146
0,03196714
-0,001805054
-0,008997956
-0,002794874
-0,006696517
-0,001453911
0,04400869
0,03073069
0,002056354
-0,007839804
0,008288003
0,01035119
0,03255582
0,001185423
0,01585153
0,0141983
-0,01899611
-0,00418302
0,01111497
-0,02394095
0,004403356
-0,02845448
0,01841555
0,007799477
0,02156224
0,05013099
0,03261681
0,03661663
0,00958877
-0,01402712
0,02048471
0,02082959
0,1042856
0,04730922
0,04193082
0,04358101
0,01770164
0,04985832
0,03177406
0,01234131
0,03232956
0,003280905
-0,0110637
0,00800562
0,01565951
0,03537866
0,02662756
0,03713306
0,05798803
0,01235913
0,005021761
0,01241343
-0,03798005
-0,01153382
0,0512795
0,02851286
0,01469007
0,04545523
0,05637078
0,003923942
-0,0460809
0,006133195
0,04150766
0,03511335
-0,01414627
0,03365953
0,01206606
0,00412114
0,004456409
0,02957813
-0,01912599
-0,02351434
0,009220264
-0,002836023
0,003458646
0,00102053
0,07294922
0,01062022
0,02618138
-0,01213594
0,05212373
0,05128791
0,05361974
0,04261619
0,1276453
0,06891786
0,05649376
0,0526581
0,0487109
0,03899711
0,01495444
0,06258547
-0,003777072
-0,02255394
0,0511204
0,07638565
0,02186763
-0,008648935
0,0111352
-0,01572047
0,04133787
0,01289697
0,004385548
0,02459131
0,08738315
0,02212657
-0,04180249
0,02650377
-0,01209319
0,07883928
-0,0412019
-0,01896631
0,03893634
0,06061275
0,03947983
0,03697817
0,03720615
0,03112608
-0,00618577
0,005083137
0,03073823
0,02126271
-0,02308167
-0,006045839
0,007933507
0,0001431215
0,01535943
0,01600807
0,03479689
0,079914
0,09631831
0,07330251
0,04264723
0,02638333
0,05256193
0,07170881
0,1089844
0,07709791
0,02918978
-0,01157278
-0,003795727
0,03583517
0,0168966
0,01562777
0,07373933
0,06928624
0,0241641
-0,01365418
0,002840469
-0,05591177
0,01401801
0,02148871
0,04395419
0,009173251
0,05218459
-0,05713341
0,009946251
0,05552217
0,1540277
0,001004222
0,06210328
-0,02064143
-0,004259003
0,02437082
0,02692935
0,05345113
0,03450771
-0,006476002
0,03802655
-0,00103196
-0,01584287
0,02023859
-0,002530177
0,02939587
-0,04819975
0,02439885
0,02085602
0,07960282
0,0381776
0,04623488
-0,02909321
0,0079521
-0,1215335
0,004208782
0,05291425
0,1069174
0,08127195
0,07302922
-0,01894638
-0,001912459
-0,03762547
-0,07064511
-0,04237074
-0,04312304
0,004645349
0,0672766
0,1122693
0,03181415
0,05751742
-0,0502482
-0,04575022
0,01539056
0,005425492
0,01526765
0,1423197
0,01285287
0,003222824
0,09196433
0,06418727
0,083243
0,08140316
-0,09944256
0,01642437
0,01442844
-0,006834262
0,03684542
0,02191512
0,03305876
-0,002214186
0,03367513
-0,01069195
0,02196929
0,002887592
-0,02493725
-0,0007891396
0,04414799
0,1275509
0,07778256
0,1068389
-0,005986373
-0,03740904
0,07307182
0,01507447
0,05374955
-0,02057172
0,100718
0,02438734
0,009550704
-0,03362046
-0,02633716
0,09835465
-0,05040814
0,01043549
-0,017743
0,08556408
0,06277101
-0,02336071
-0,05035673
0,02419712
0,02271371
-0,04200618
-0,02099144
0,0541348
0,1184577
0,1324403
-0,03045013
-0,02813685
0,008548125
0,04067272
0,1316028
0,04396659
0,002136318
-0,08381479
0,03474855
0,07310867
0,01757298
0,05583042
0,01333322
-0,01037169
0,007275132
0,004460929
0,02601329
0,02853407
-0,0179305
-0,02770873
0,04378802
0,07148398
0,07285466
0,01340117
-0,01551764
-0,003252129
-0,009116379
0,09310971
-0,01348686
-0,0383344
0,1580983
0,01673734
-0,08970254
-0,05503175
-0,007835995
-0,0145571
0,00292271
0,01597724
0,05160704
0,1514432
0,02870006
-0,1380651
-0,0819427
-0,01997835
-0,007829823
0,03730021
-0,06623704
-0,003295089
-0,02131748
-0,06139258
-0,07696476
0,04977123
0,03229196
0,07749461
0,03363467
-0,06130722
-0,1344117
0,03035416
0,00613629
0,08913542
0,02536596
0,05485751
-0,01743684
0,005330788
-0,008697154
-0,01883979
-0,005265768
0,009386788
0,01646454
-0,05500113
-0,03231459
0,04858536
0,02899252
-0,01807475
-0,01166101
0,1142713
0,0305337
-0,02435307
0,05225918
0,1670907
0,03405853
-0,007283892
-0,01088318
-0,1546999
-0,01985599
-0,1003934
0,0020722
0,02280544
0,01960261
-0,01065894
-0,1136457
-0,1431471
0,009864599
-0,01583033
-0,009335508
0,03668848
0,1334975
0,1093761
0,1297901
0,1916902
-0,01504262
-0,04846415
-0,03360939
0,06827506
-0,02612011
0,06869847
-0,02933731
-0,01014576
0,05050967
-0,02187766
0,04343479
0,03412826
-0,03206064
0,005026393
-0,01407652
-0,01621957
-0,02691725
-0,03426816
0,02414459
-0,04697168
-0,03303397
-0,08585086
-0,04071647
0,02108655
-0,08155761
-0,03360011
-0,04696019
0,03356624
-0,07066637
0,04103415
0,08008599
0,1364574
-0,04524542
0,0007917641
0,1640855
0,1425034
-0,1365677
-0,01064839
0,06039965
-0,0606307
-0,1585009
-0,02255658
-0,008598346
-0,02004123
0,09527931
0,1013435
-0,01071766
0,1263777
0,1021649
0,0966656
0,1700664
-0,2072539
0,0174853
0,1097628
0,1042336
0,07716399
0,006894782
-0,02460524
-0,001983574
-0,07109229
-0,01533589
0,05911178
0,03715572
-0,0198432
0,004102532
0,007452183
0,0132799
0,01602583
-0,01744635
0,01042297
0,002956575
0,03486496
0,02244162
0,0247623
0,05485396
0,1068082
-0,009648327
-0,07068244
0,01394359
-0,01364884
-0,2306071
-0,05132297
-0,00896628
-0,04124744
0,02912007
-0,06378972
-0,1903299
-0,02240101
0,02438335
-0,03227033
-0,04459567
-0,0389174
-0,07491396
-0,0321287
-0,003062326
-0,08638088
0,01716051
0,02978093
0,180039
0,04327106
0,1513905
0,02798145
0,1033024
0,06972971
0,01954713
0,1075388
-0,01548153
0,05271736
0,2606793
0,01655377
-0,09241233
-0,01513957
0,05896787
-0,01774924
0,001198676
-0,03882355
0,008982745
-0,02852226
0,01021404
0,01233519
-0,02234052
0,01621886
-0,08993634
0,06229028
0,003231042
-0,0961135
0,1692258
0,1681018
-0,04626799
0,1535281
0,009424578
-0,1638381
0,1259011
0,06606036
0,09107037
0,07961729
-0,04534571
0,1035835
-0,03760062
0,1402389
-0,08064298
-0,1880174
-0,05734967
-0,2611433
0,03524473
-0,04539815
-0,1438677
0,09389523
0,1025434
-0,04912891
0,03347514
-0,1146995
0,2427135
-0,08344772
0,01781007
-0,04606038
0,02910938
0,1000712
0,04650356
0,07487442
-0,02300939
-0,1534684
-0,003679563
-0,03124464
-0,02214231
-0,04036184
-0,004520521
-0,0256125
0,0306501
0,01074334
-0,01016182
-0,02336857
-0,0343414
0,1343924
-0,0107514
-0,0510611
-0,03232149
-0,06428798
0,05030186
0,0713121
0,04346872
0,04304745
0,03225015
0,004125149
0,02330454
0,02875049
0,1398918
0,002902417
0,09095026
0,05518458
-0,09409378
-0,100892
-0,04877231
0,1396194
0,1083741
0,04076878
0,1137699
-0,135452
0,005929476
-0,02382578
-0,03797327
-0,2301166
0,05108496
-0,09176885
-0,08073512
-0,0236164
-0,03939158
0,07696605
0,006644396
0,002115106
0,04876674
-0,06804493
-0,003135489
0,03489035
-0,00319832
-0,03905501
0,006259902
-0,006853061
-0,003214965
-0,01559331
-0,002646681
-0,06240651
-0,009216303
0,08654036
0,04202024
0,05774676
0,09920215
0,01424002
-0,04627272
-0,1072588
-0,107841
-0,01818089
0,1952721
0,1136273
0,1079645
-0,2175234
-0,02162464
0,1121531
-0,009061536
0,07798955
-0,06042923
0,1142946
-0,07670648
-0,09809072
-0,1135033
0,0512788
-0,2025476
-0,1608829
0,1134251
0,1078252
-0,04636636
-0,05450725
0,03786716
-0,1058791
0,009253757
-0,04667843
0,1511196
0,004848269
0,04632189
0,04784183
-0,001425511
-0,1439235
-0,09377397
-0,07876305
-0,07585662
0,001438151
0,005449074
0,0279463
0,02294852
-0,004219905
0,0316735
-0,01212439
-0,000135632
0,06450281
-0,07856935
-0,07177222
0,1198427
-0,09176537
0,01810535
0,08174039
0,09945031
-0,001414531
-0,05618843
0,07326784
-0,1322564
0,09592084
-0,02453468
0,160548
-0,0794021
-0,01041214
-0,0631837
0,001661133
-0,2254322
0,04749312
-0,03489794
0,08945844
0,244384
0,0556584
-0,07149002
-0,08256561
-0,1099409
0,09003801
0,004799735
-0,07791666
0,0773498
-0,1012044
-0,1969168
0,1281355
0,08557761
0,08484297
0,1229364
-0,0331522
-0,1159985
-0,08482962
-0,06969082
-0,0533997
0,0303115
0,001242284
0,02674611
-0,004167862
-0,02323397
-0,06117377
-0,01751505
-0,07994453
-0,04645048
0,002208142
0,1629898
-0,02613259
0,02936567
-0,08201505
0,04821062
0,0004374452
-0,002413051
0,04380896
-0,1173788
-0,09437472
-0,02484808
0,2539753
0,105919
-0,01572986
-0,1869699
-0,101427
0,1531583
0,0503232
0,008420347
-0,1329128
-0,04517967
-0,02677072
-0,1343935
-0,1378597
0,01262364
-0,04647624
0,07902508
0,05598695
-0,03980006
-0,06926233
0,07361453
0,04792142
0,009605669
0,1055031
0,118925
0,04921582
-0,0784338
-0,06883597
-0,07212182
-0,001042486
0,01234146
0,003585348
0,006083966
-0,01719952
-0,0249789
0,01108048
-0,01373021
0,09546507
0,1359546
-0,1553847
0,0664988
0,01520097
-0,0416585
0,07364453
0,07479569
0,004973708
-0,05189108
-0,07091965
-0,06865716
0,1122006
0,1326073
-0,0834884
0,08895241
0,02667586
-0,001727691
-0,07782441
-0,005857485
-0,167931
-0,185674
-0,06254105
0,09300746
-0,04159022
0,004329604
0,08453678
0,1828063
0,1068079
-0,1995248
-0,1301405
-0,02948722
-0,01308818
-0,107592
-0,2236016
-0,101816
-0,06235625
0,03612746
0,003586758
-0,1045738
-0,0333088
-0,005744993
0,006436155
-0,03844145
0,02975689
0,02677068
0,01247922
0,01324878
0,03084732
0,007138348
0,0632114
-0,06937683
0,09983133
0,05631552
-0,01140664
0,0550742
-0,2170675
0,0611493
-0,09272257
0,01818934
0,03087345
0,04454858
0,05584329
-0,08328012
0,03549784
0,05779273
-0,02631507
-0,1048411
0,09958284
-0,04261491
0,03453286
-0,04210733
-0,02021464
0,0381264
0,08845576
0,007087733
0,02743093
-0,03719003
0,04430812
-0,02900374
-0,1295418
0,1189012
0,1157119
-0,06404557
-0,08131967
0,07665654
-0,1076413
-0,01566692
-0,03159436
-0,0449026
-0,02958859
0,0009684801
-0,04008055
-0,008900092
0,02433066
-0,02898611
-0,01793822
0,014102
-0,01109124
-0,02928109
0,05605637
-0,009877371
0,2271363
-0,0259806
0,05620531
0,04699478
-0,2095191
-0,1210839
0,1239945
0,04637276
0,05590893
-0,1617237
-0,1545057
0,1131846
0,122333
-0,206252
-0,001351699
-0,01075572
-0,03814389
-0,301715
-0,1548674
-0,07239313
-0,06218259
-0,009950127
-0,06454787
0,1527504
-0,02860568
-0,2366044
0,1591069
0,02875504
-0,06022741
0,1176202
-0,1571712
-0,1028932
-0,1320809
-0,01719416
-0,05689451
-0,0144871
-0,05372806
0,02782831
0,002360777
-0,02175765
-0,05049233
-0,06366016
-0,02318894
0,009863252
-0,002119201
-0,01553689
-0,02502506
0,0492701
0,02075223
0,1780403
-0,0509808
0,04949479
0,1040123
-0,07719751
-0,03937566
0,2202552
-0,08310194
-0,07026439
0,1841341
0,0291049
0,1689165
0,1960345
-0,1129828
-0,1150791
-0,03829333
0,03983114
-0,06640871
-0,04825974
-0,02810922
0,04815438
-0,03800263
0,01618437
0,003143865
-0,1059197
0,07979532
0,02074352
0,0844691
-0,05905727
-0,08092921
-0,1529491
0,1219364
-0,219672
-0,1244332
-0,2091303
0,01466487
-0,01741517
-0,03096034
0,1115854
0,002459941
0,0183294
-0,00900772
-0,01336493
0,03567728
0,01723474
0,02713919
0,01436667
0,0008165023
-0,02129585
0,04966682
0,1261517
-0,1063217
-0,06738093
0,0746561
-0,02135753
0,05624197
-0,02898984
-0,1374611
-0,2053021
-0,08804585
0,06639027
-0,05300438
0,04969616
-0,1805034
0,09894845
0,02778002
0,07063641
-0,14931
-0,03830332
-0,01707653
0,07920735
-0,06574475
-0,05073345
-0,03227527
-0,0158599
0,0875257
-0,1727228
-0,02765977
-0,1081781
-0,01398163
-0,1113367
-0,1163787
-0,06290983
-0,1746244
-0,07848725
0,08185551
-0,02566097
-0,0855555
-0,009031609
0,006020571
0,01481763
-0,01572981
-0,004885317
0,008094274
0,009587475
-0,01184518
-0,03923303
-0,06310983
-0,04056817
0,0387714
0,01518223
0,06766998
0,1188673
-0,002915915
-0,06157994
-0,06789418
0,002167947
0,1543923
0,1050686
-0,05314401
-0,03569419
0,2185324
0,06639908
-0,07742722
-0,0520041
-0,1020986
-0,1353367
-0,2554311
-0,1450849
-0,04843349
-0,1905679
0,02732854
-0,1334421
-0,1735333
-0,204721
-0,1255056
0,07537714
0,05001898
-0,0371335
0,0498095
-0,210006
-0,2575907
0,1294524
-0,1731217
0,03736787
-0,01754914
0,07007679
-0,1016965
-0,02106049
0,05022202
0,007691811
0,07086349
0,02098846
-0,01455245
-0,006414353
-0,02177904
0,04741654
0,00381357
-0,01456613
-0,09696033
-0,0425006
-0,1522315
0,1136572
0,08646472
0,07629167
-0,05622948
-0,0790115
-0,01660441
-0,2209811
-0,05909948
-0,1721855
0,04161885
-0,1681374
-0,0296337
0,3625159
-0,2918412
-0,2319555
-0,08408193
-0,05321229
-0,08811494
-0,03474709
0,0007844286
0,1061736
-0,01718136
-0,0693471
0,208938
-0,02070169
0,1277507
0,06263805
0,1870435
0,05151023
-0,09309282
0,01304703
0,001166675
0,09037035
-0,08514822
-0,07561363
-0,1619983
-0,1191805
-0,03316502
-0,03386272
0,01252522
0,01616877
0,0092557
0,01284711
-0,0002416545
-0,004568554
-0,07056913
-0,08795194
0,04586887
-0,0549757
-0,1757365
0,2725853
-0,09457671
0,1312641
-0,1013771
0,02001176
0,04423793
0,1996948
-0,05513592
-0,1370579
-0,07809593
-0,01031148
0,05089873
0,03989283
0,00234463
-0,1725584
-0,1268922
0,04103601
-0,1603428
-0,1388601
-0,02012559
-0,05163288
-0,1343324
-0,007351814
-0,0485102
-0,1260461
-0,1381752
-0,2171694
0,09750728
0,09589266
-0,02716347
-0,01628759
-0,1463769
-0,04270308
-0,06426552
-0,05516283
0,02016042
0,08432642
0,0230946
-0,07461191
-0,02804281
-0,05569836
-0,01291636
-0,009371324
0,03802409
0,05132871
-0,006686111
-0,06533727
0,1656474
-0,04114116
-0,02906099
-0,0250541
-0,03131462
-0,2933564
0,09052938
-0,03442781
0,01453049
0,1281193
0,1049532
-0,007229505
0,1459941
-0,07443454
0,02741579
-0,1298887
0,02088627
-0,2121367
0,04852163
-0,004770709
-0,1202533
-0,09571394
-0,04921149
-0,06791228
-0,1668928
0,006038479
0,05182604
-0,04473831
0,1014971
-0,01580866
0,034746
0,005928242
0,05045829
-0,1171857
0,1465688
-0,07430121
-0,0245245
0,003430048
0,02310225
0,226752
0,07643066
-0,05920133
-0,07743734
-0,06045133
-0,02891052
-0,0001167441
0,03107087
0,02717156
-0,02506734
0,04131938
0,08041472
0,1145446
-0,1315718
-0,09077951
0,06803562
-0,08218101
-0,03122892
0,03072705
0,1564805
-0,04664847
-0,1635694
0,05455787
0,007445445
-0,1715994
0,06888424
-0,117674
-0,02202116
0,003209179
-0,09225806
-0,1430338
0,06929987
-0,0769804
-0,08227313
-0,08762876
-0,0436829
0,03602952
-0,1143267
-0,1505195
0,02964256
-0,1485044
-0,05945151
-0,08597123
0,07133787
-0,119671
-0,147976
0,07002478
-0,0770617
-0,08458904
0,03311472
0,06357837
-0,06193539
-0,08725245
-0,0421804
-0,09292407
-0,02435796
0,01916578
0,02206128
0,07873739
0,002843907
0,02670872
0,1197997
0,1489323
-0,1296318
-0,07012384
0,06644212
-0,05510437
0,08956619
-0,1401238
0,05563845
0,03498312
0,05241739
0,03155013
0,07654408
0,003664579
-0,1007049
-0,0687039
-0,03319642
0,02935207
-0,1712167
-0,1388703
0,04319246
-0,1432994
-0,1310478
-0,2241498
0,09971445
-0,03376305
0,05460723
0,193324
-0,04814665
-0,1231839
0,1142001
0,008880335
0,09919892
0,06466033
0,06394632
-0,007936403
-0,06299829
-0,1641805
0,01473523
-0,008805529
0,08869525
0,0297388
-0,07325713
-0,07880034
-0,01573816
-0,005761484
-0,01224918
-0,0664718
-0,02616219
0,07049028
0,1457689
-0,08956414
-0,0679659
0,006540025
-0,02724333
0,01895286
0,1874989
0,02821207
-0,1305644
-0,003749642
0,03441274
-0,1303086
0,01046973
0,05682018
-0,179085
-0,1408353
-0,1003698
-0,0376817
-0,01889643
-0,03570751
-0,1609937
0,0588322
-0,0033377
-0,055786
-0,0568385
-0,01819776
-0,1666118
0,1736498
-0,1015811
0,09777773
-0,01407998
0,1507609
-0,05155598
0,1078173
-0,1552266
-0,02075925
-0,0782724
-0,06892091
-0,1194935
0,03736794
0,04709623
0,02871677
-0,04542452
-0,01600417
-0,01073998
0,00588551
0,006659345
-5,824886E-05
-0,02487096
-0,03436865
0,0588767
0,03847127
0,1298459
0,03118088
-0,01192035
0,01886267
0,08612431
0,1157026
0,03456002
0,1513673
0,02963407
-0,08065926
-0,1141359
0,007710856
0,1124931
0,002065495
0,02439058
-0,1284663
0,0282518
-0,1318157
-0,193205
-0,08161354
-0,2126337
-0,1517352
-0,1104394
0,1247266
-0,07979359
-0,05899405
0,06745967
0,06373487
-0,05023897
0,077717
0,1214042
-0,07884606
-0,2157839
-0,05089671
0,01980316
-0,08115971
-0,0916541
0,002813705
0,04909188
0,01375092
-0,001726146
-0,07437938
-0,03736318
0,02466208
0,01793739
0,05604422
-0,05728434
-0,0537724
-0,256532
0,08036523
0,05809786
0,0355002
-0,08423344
-0,2786268
-0,013715
-0,03224521
-0,05206871
-0,01126114
-0,01220488
0,2455358
-0,03099906
0,08282882
-0,0628678
-0,1468712
0,05348212
-0,04388899
-0,03659276
-0,0757317
-0,06920719
-0,04715115
0,04095593
-0,08568988
-0,06052152
-0,04566264
-0,1972808
0,1798091
-0,04608075
-0,04083014
0,1915986
-0,02301442
-0,04773585
-0,1391633
0,2132725
-0,1735944
-0,0271
-0,004642872
0,04020715
-0,03871559
0,06440143
0,04950733
0,001899311
-0,05925671
-0,001569265
-0,007325402
-0,04735867
-0,03341507
0,1120496
0,01757685
-0,2489004
0,09511709
0,1590518
0,1904915
0,0179516
-0,05408061
-0,0524037
0,03138883
-0,1398076
-0,05121509
0,03549087
0,1324362
-0,4198349
-0,2314326
0,2382859
-0,008472394
-0,118902
0,09116182
-0,2232859
-0,1766074
-0,1974235
-0,1756191
-0,1781603
-0,003803955
-0,2440896
-0,1254541
0,1215586
-0,002864622
-0,003675719
-0,0557088
-0,08592766
-0,06757445
0,007421449
0,1805156
-0,0904954
0,03357971
0,1114216
0,01453887
0,04489476
0,0679433
0,00314663
-0,02092246
-0,01317808
-0,02516479
0,0140467
0,009242984
-0,02568384
0,0012592
0,1473201
-0,07147375
0,149689
0,2423617
0,09000159
0,04042202
0,02404311
0,07379493
-0,2389155
0,1564781
-0,1005968
-0,07204275
-0,03725012
-0,01879891
-0,05673617
0,08321108
-0,1783604
-0,1454021
0,129913
-0,1946389
-0,1428285
-0,02627742
-0,06994076
-0,1660781
-0,003967143
0,07685404
0,05178402
0,02744727
-0,03987344
0,08267282
-0,2107877
0,03281687
0,0007452085
0,03709493
-0,05719922
0,0810135
0,04293224
0,03698658
0,0119921
0,0349445
0,02464894
0,0395368
-0,04440646
-0,01009425
-0,02674167
0,01903805
0,01080676
0,01538534
-0,03328506
0,07836615
-0,03638883
0,0123643
0,1061086
-0,02999886
0,02241447
-0,08668986
0,06538617
-0,1209789
-0,2187434
-0,2117576
-0,03568918
-0,02142337
0,00413185
0,1416345
-0,04534861
0,03864243
-0,03692934
0,1081635
0,0145534
-0,1582086
0,04024986
-0,2660528
-0,09470521
-0,1308137
0,09970669
-0,2025313
0,05713437
0,01457851
0,04967979
0,1208019
-0,04556192
0,1775873
-0,1079462
-0,09970552
-0,01772966
0,1765499
-0,006693612
0,1812233
-0,0157317
0,01198587
0,07825634
-0,001814524
-0,09559345
-0,01119916
0,02061601
0,003366423
0,008799484
-0,02726175
-0,03817966
0,0853591
0,08947091
0,05674433
0,144063
-0,03349596
-0,238902
-0,1006718
-0,06233267
0,04494843
0,1980575
0,1592626
0,1678427
-0,0005132931
-0,08375914
-0,1586121
-0,1316328
-0,1291838
0,05525985
-0,1832428
0,04416227
-0,1624761
-0,01562813
-0,1769588
-0,02770515
-0,2270723
-0,01015358
0,1117902
-0,04078521
0,06036147
0,0857137
6,741911E-05
-0,0004140519
-0,007358111
0,002963828
-0,0390609
0,1593963
0,07759224
0,3203616
0,1609424
-0,04989897
0,03111491
0,07135037
-0,01637738
-0,06788361
0,04621518
0,05417264
0,03147259
0,01847624
0,02235292
0,03631256
0,105504
-0,05440285
0,01575426
0,192779
-0,1096153
0,003427351
-0,1315392
0,0001577181
0,1278498
-0,1270652
-0,1143361
0,1170506
-0,0622388
-0,02975323
-0,05292274
0,01546526
0,07086308
0,06020442
0,02306479
-0,05118039
-0,2347486
-0,1805136
-0,0222654
-0,006244034
-0,1520591
-0,0703185
0,03957969
0,02711081
-0,1354795
-0,1218448
0,01362183
0,06132582
-0,05375648
0,0986473
0,0597028
0,00698319
0,1517915
-0,1200192
0,01919238
0,0317546
0,08343109
0,02563806
-0,01538689
-0,02163539
0,05968191
0,04740359
-0,02965371
-0,02472345
0,02376344
0,06705315
0,03358931
-0,1272793
0,00104597
-0,04610259
-0,1142701
0,003613596
0,01480015
0,05362273
0,1540236
0,06252787
0,02480327
-0,07921591
-0,1046924
-0,07526538
0,1571026
-0,1322848
-0,01004959
0,1620126
0,08311222
-0,01167117
-0,0424851
0,04351899
-0,07820081
-0,01884326
-0,07505789
-0,064804
0,12429
-0,1334057
-0,04949467
-0,1619634
0,01147674
-0,005947205
-0,115818
-0,1241151
-0,2891724
-0,1029577
0,0786421
-0,0575919
0,02417212
-0,06079885
0,03729781
-0,03576387
-0,06021858
0,03929589
0,04763762
0,0183718
0,01282036
-0,0283648
0,01468997
0,06683731
0,1303675
-0,0631927
-0,02330696
0,06560964
-0,01798363
0,05663087
-0,1498606
0,03567478
-0,004800215
-0,08869459
0,003702895
-0,04941278
0,1214631
-0,08026968
-0,07820513
0,1157897
0,03303478
-0,06576908
0,007093946
0,0258784
-0,1351862
-0,1512736
-0,2729749
-0,07325
-0,06868754
-0,05890352
0,1136799
0,001226818
-0,08369748
0,1007902
-0,07916369
-0,150133
0,02846364
-0,04629488
0,06654929
-0,0287618
-0,01421198
-0,0547629
0,1338691
-0,03055454
0,004057347
-0,03931911
-0,04201706
0,01230753
0,05817255
0,0289599
0,03160242
0,01333822
-0,00697504
-0,001704611
-0,109264
0,1830861
-0,08650593
-0,1045961
-0,0504085
-0,2117466
-0,05144396
0,1735899
0,03696668
0,07031427
0,05664194
-0,06346854
0,02112138
0,08214851
-0,06677148
-0,09239274
-0,2327956
-0,04925339
-0,07527456
0,1065806
-0,1037508
0,02240826
-0,03567894
-0,05160508
-0,13016
-0,1100816
0,08720919
-0,03381481
-0,100204
0,06384096
0,01975728
0,03268062
0,1131787
0,09816009
-0,126335
-0,02079652
-0,02806026
-0,07038771
0,1376754
0,03264439
0,00334806
-0,09319201
-0,06477717
0,000905194
0,05471972
0,04770355
-0,003290319
-0,02314169
0,01159244
-0,0166168
-0,07383616
-0,02973328
0,03453008
0,1437104
-0,09150817
0,003377485
-0,1011395
-0,1677107
-0,1385928
0,1062444
0,09702226
-0,1621404
-0,09655028
0,04589957
0,08233591
0,08970632
0,1713793
-0,02344567
-0,0009408804
-0,00144226
-0,01323355
-0,004638969
-0,2047372
0,06473508
-0,1730945
-0,01068735
-0,1721778
-0,02091717
0,1094295
0,0855299
-0,1991164
-0,147315
-0,08484972
-0,04098624
-0,08304319
-0,1671395
0,0763672
0,1156728
0,03623823
-0,116531
-0,09240903
-0,1336991
-0,05250973
0,02580104
0,034823
0,01877887
0,02798895
-0,009113709
-0,01257218
0,06264117
-0,01396232
-0,1149215
-0,08958726
0,08202749
-0,1065197
0,2512686
-0,1895228
-0,1296351
0,03434144
0,2211143
-0,04827764
0,01573885
-0,04618056
0,1516565
0,108732
-0,1155137
0,06839013
0,01954849
-0,01148056
-0,1196744
-0,1548902
-0,1029764
0,000110188
-0,1578937
-0,2698747
-0,04988107
-0,08459467
-0,1599612
-0,08092587
0,04963617
-0,1079001
0,1863737
-0,03171613
-0,1702818
0,02376307
-0,04078427
0,07159527
-0,1013962
-0,0200902
-0,07325721
-0,04501555
-0,07602648
0,0009716855
0,0607533
0,03217793
0,005115517
-0,007520437
0,01396665
0,007880052
-0,04913811
-0,03024147
0,06113555
-0,1324469
-0,1616611
0,01088001
-0,007350081
-0,01669106
-0,02286163
-0,1217786
-0,0509436
0,01816822
0,05689194
0,1100656
-0,02160119
-0,02640594
0,07275473
-0,2698471
-0,005123398
-0,02111882
0,1030681
-0,1133824
-0,08994825
-0,3163461
-0,03240279
0,01496113
0,1373918
-0,1448745
0,1104012
0,1159327
0,1286377
-0,001942456
-0,04927175
0,06162567
-0,1190636
-0,05797134
-0,01562315
0,03411923
0,02307996
0,03681244
0,04479684
-0,01986972
0,03133367
0,01656057
0,06947798
0,0599793
0,006718554
-0,009073475
-0,003331475
0,01118655
-0,02753689
-0,03398515
0,005904239
-0,1014045
-0,01085929
-0,09046233
0,01452127
-0,03688499
0,006918533
0,1414481
-0,01843941
-0,0202983
-0,000576743
0,07953153
-0,07757054
-0,2189868
0,1443607
-0,05608488
0,04401978
0,08695461
-0,1022965
0,01331471
-0,0846951
-0,3348375
-0,03405113
-0,06042808
-0,1631059
0,0768887
0,0430968
-0,1475189
0,09893112
0,01581951
-0,00568774
0,02668609
-0,01454558
-0,04833476
0,01033084
-0,2418337
-0,1227086
-0,05890956
0,007867474
-0,112552
0,05845927
0,04537733
0,04924893
0,05341947
0,04469032
-0,03132861
-0,0361169
0,02648379
-0,02775354
0,02971857
-0,01579402
-0,03565505
0,05503974
-0,1003844
-0,00299198
-0,1402573
0,008526607
-0,0574428
-0,07934278
0,1893643
-0,04149949
0,001078661
0,003271678
0,05679926
0,01601074
0,09990626
-0,004616605
-0,0852238
-0,01517944
-0,08667803
-0,1991773
-0,01881215
-0,1908185
-0,06788884
-0,05346995
-0,1315097
-0,1372947
-0,1155131
0,1031128
0,01990815
-0,03122176
0,07697497
-0,1639925
0,002352789
0,2338023
-0,1007206
-0,08552515
-0,1283792
-0,01660265
-0,09041061
-0,03519525
0,07005404
0,03774856
0,1119193
0,04355551
-0,02523556
-0,03926896
0,01163753
0,02991387
0,1008275
0,03360968
0,1114104
-0,03636455
0,1746383
0,1987884
0,00287533
0,02558935
0,01980763
0,1467929
0,04218659
0,1042105
-0,07001297
-0,1074258
0,05420094
0,005635046
-0,09971286
-0,1241675
-0,1182541
-0,1721947
-0,1807091
-0,03205075
-0,05518678
-0,1185645
0,08302882
-0,1100589
-0,04378517
0,1316112
-0,1058783
-0,1201383
-0,08919471
-0,1199704
0,03070254
0,07752517
0,01409123
0,04841585
0,06397697
0,1626135
-0,09954628
-0,005194366
0,03066222
-0,07802822
0,01670337
0,08656048
0,1068001
0,09039621
-0,02569392
-0,03740279
0,001382934
0,1023115
0,1053031
-0,0861106
-0,004452039
0,1125963
0,1604347
0,09857458
-0,0997373
0,06688226
-0,06272917
0,1029235
-0,1431797
0,09698004
-0,1669325
0,004526423
0,08928031
-0,02326104
0,01134722
0,03325839
-0,007005874
-0,04277255
-0,1768005
-0,2571321
-0,2788348
-0,1249089
-0,1421056
0,0158685
0,192941
0,04574277
-0,006498768
-0,09352789
0,05272688
-0,006804964
-0,003573898
-0,0668793
0,117328
-0,05442512
0,1541762
-0,0692696
0,0189699
0,1060073
-0,0742521
-0,1102635
-0,1227254
-0,07165527
0,03830836
0,08897082
0,005564423
-0,02116283
0,003944324
-0,001765754
0,05073584
-0,04797333
-0,09727037
-0,045301
0,1132062
-0,1626161
-0,08943852
-0,03550727
0,07854903
-0,2192123
0,1545721
-0,06182894
0,2475341
0,05629083
-0,1616565
-0,06591929
-0,2824946
0,04773686
0,1380694
-0,2518113
0,2063203
-0,2457286
-0,3102469
-0,05377296
0,006129527
-0,1801592
-0,2302145
0,04972399
0,06929538
0,02105673
0,05855876
0,009341528
0,04703058
0,02557875
-0,01474415
0,1240984
0,1025886
-0,004145783
-0,1615655
-0,006628518
0,03253728
-0,1116575
-0,1375065
-0,06964312
0,01642073
0,06685682
-0,03445335
-0,04249841
0,006504823
-0,01927538
0,04100925
0,0646069
0,04256196
-0,1364928
0,001635762
0,0734809
0,02689624
-0,07108797
0,05838756
-0,03085773
-0,05590998
-0,1641658
0,03796616
-0,125927
-0,1680734
0,08957067
0,0328323
0,05260426
-0,157703
-0,05670758
-0,2050324
0,02338864
-0,07158491
-0,07574464
0,1163666
0,007512479
-0,07989823
0,07085506
0,03892802
-0,0176166
-0,003296133
-0,07392778
0,05609331
-0,05687294
-0,09689872
-0,05230261
0,07107776
-0,1200013
0,002842383
0,007355097
-0,1345384
-0,1026017
-0,08297525
0,001986902
0,06625661
0,04782681
-0,01801725
0,00346481
0,02927028
-0,02454705
-0,004507709
-0,05735334
0,03554837
0,108267
-0,1093165
-0,07745856
0,01271852
-0,02102591
0,04396978
-0,1984578
-0,02613276
0,1477469
0,02419633
-0,01908547
-0,1064022
-0,08832048
0,05254765
-0,03620652
-0,1605853
-0,1151828
-0,1969669
-0,1452154
-0,1322647
0,02150027
0,1137041
0,005632428
-0,005516434
-0,09523036
0,06084429
0,3331824
-0,01131968
-0,1642629
0,1182727
-0,13358
-0,3605822
-0,09681773
0,1168425
0,03996309
0,1099085
0,2175864
-0,06485226
-0,1276633
-0,09656208
0,006949062
0,07959713
0,05066673
-0,01070234
0,005631489
0,01188887
0,0004486888
0,005748154
-0,0002986779
-0,1126094
0,01201736
0,08262139
0,01576773
-0,03671157
-0,0156965
0,0966221
0,102669
-0,09179394
-0,10527
0,09558824
0,1476533
-0,09156679
-0,00473042
-0,1544247
-0,02872987
-0,2667641
-0,1955391
-0,01072839
-0,1054099
-0,2315112
0,0003102968
0,1421411
0,2552146
0,1276822
0,3265865
0,1480692
0,02993561
0,1466968
0,008892272
0,06843551
0,03514294
-0,130019
0,08269352
-0,1289119
0,1277205
-0,04757502
-0,06932018
-0,07933018
-0,03797081
-0,04462282
-0,04434764
0,03613836
0,03599477
-0,01545591
-0,01343464
0,01932757
-0,05246813
-0,05041481
-0,07107929
-0,08912198
0,1438627
-0,127077
-0,05237671
0,06527823
0,1454542
0,1354312
-0,2796862
-0,03365735
-0,09837017
-0,1531029
-0,1353053
-0,04019006
-0,2059405
0,09996298
-0,3302844
-0,1918141
-0,07003598
-0,1787959
-0,3033265
-0,1542809
0,1316774
0,2488922
0,1920043
0,2505166
0,3879794
0,1893909
0,2976522
0,07841211
0,1012334
0,09573002
-0,01484359
-0,1738517
-0,0128584
-0,1925093
-0,1540185
0,1449637
0,01715123
-0,1637908
-0,1030106
0,07274377
0,01429299
0,06819043
0,02336557
0,005686438
-0,02680045
0,01102293
-0,03664162
-0,03952943
-0,02086561
-0,02921874
0,1347236
-0,05826789
0,05608858
-0,01029641
0,1512783
0,1437902
-0,008913683
0,01401973
0,1193976
-0,1289227
-0,2151905
-0,04922981
-0,1902854
-0,1195648
-0,1535468
-0,1791218
-0,17347
-0,1934808
-0,2245955
-0,2765318
-0,02216736
0,1934491
0,4782599
0,7277188
0,6713195
0,3011346
0,5105405
0,6286908
0,1227544
0,1712576
-0,0343571
-0,2490654
-0,04713455
-0,201398
-0,07563818
0,1852819
-0,01549127
-0,108993
-0,05735937
0,05774567
-0,04463349
-0,01069282
0,06066967
0,01646348
0,01487578
-0,0247122
-0,05193238
-0,06207082
0,02860402
0,03018406
-0,131425
-0,1360871
0,07035046
0,2348717
0,1142027
0,1261077
-0,06891203
-0,0009233236
0,01137146
-0,07902864
0,1478764
0,1222452
0,02938268
0,1122997
-0,2470883
-0,149542
-0,2412879
-0,1997299
-0,325295
-0,30632
-0,1405077
0,2637621
0,424014
0,7051066
0,6634859
0,521216
0,5572147
0,5776504
0,3129592
0,04561186
-0,07173034
-0,2317234
0,05338836
-0,02205088
-0,08871813
-0,1368333
0,02641824
-0,04512522
-0,08555141
0,02311345
-0,02227524
-0,01794394
0,01647952
0,06607214
0,006062197
-0,0008176914
-0,02855651
0,002670002
-0,07127645
0,03647841
-0,1087812
-0,03591549
-0,00295871
0,2868304
0,1981769
0,1716822
0,03165852
0,08223784
0,0554379
-0,02623713
-0,1013527
-0,02512301
0,03759077
-0,04614639
-0,01235577
0,03278089
-0,1141974
-0,2819658
-0,3592924
-0,3760385
-0,3183537
0,4568149
0,756952
0,8395337
0,892527
0,5523772
0,7873381
0,3215527
0,4254536
0,2339435
-0,007816996
-0,03231331
-0,03393728
-0,07613073
-0,1125288
-0,03724914
0,02030603
0,007802796
-0,05408177
-0,03179749
-0,04388214
-0,03927043
0,03131773
0,02629461
0,03662324
-0,01676283
-0,01527849
-0,05710218
-0,02457147
-0,06479082
-0,06904034
-0,03776363
-0,2121617
0,09562491
0,132217
0,2133377
0,0298317
0,09701435
0,1505213
0,01245428
0,04781684
0,04819068
0,09621486
-0,1060767
-0,05182752
0,0271685
-0,1359821
-0,01996409
-0,3647391
-0,4829316
-0,07602937
0,439972
0,706059
0,7639654
0,9152141
0,7583963
0,6559798
0,4910262
0,1498266
-0,2453695
-0,233429
-0,0536808
-0,130507
-0,1943641
0,1375657
0,01534983
0,09275176
0,07673907
-0,0635634
0,009820694
-0,002568443
-0,0006857027
0,06952044
0,06468203
-0,01224908
0,02284969
-0,03129562
-0,08015891
-0,1185078
-0,05320726
0,07036691
-0,07555465
-0,04557008
-0,123073
-0,1272206
0,2499395
0,06442949
-0,0777081
0,07674979
0,05452941
-0,2439477
-0,07125501
0,3173055
0,007371778
-0,404412
0,1570341
-0,2113462
-0,3726556
-0,5136689
-0,3988286
0,05044468
0,5067274
0,6145232
0,8019927
0,6321774
0,5367092
0,4091996
0,2329554
0,06564073
0,1801213
0,01060944
-0,289791
-0,1302843
-0,2959186
-0,02530123
0,121421
0,09215017
0,1307423
0,01718639
0,1433212
0,00889367
0,00537827
0,04203731
0,04457251
-0,01263344
0,008309419
-0,04076312
-0,04232179
-0,01119629
0,01918041
-0,07951917
-0,0266766
0,08031149
-0,03166324
0,1458043
-0,06592109
-0,01169591
0,1656029
0,2454473
-0,007770213
-0,1028717
-0,02684535
-0,04352278
-0,06917305
-0,2499665
-0,1389588
-0,02751753
-0,3098568
-0,3425731
-0,1634366
0,1960102
0,4917966
0,4213341
0,9163098
0,8918767
0,4741141
0,5089421
0,3471146
0,1466871
0,03792696
-0,08315548
-0,07693344
-0,3658742
-0,05148025
0,1460651
0,07065485
0,09596284
0,002010603
0,0465291
0,0001594871
-0,01804761
0,06778518
0,02931858
0,02302122
-0,01822685
0,0273268
-0,01600995
0,004268961
-0,1005318
-0,1223468
0,05765412
0,08584333
-0,03856983
0,07335599
-0,09528261
-0,03997783
0,1171583
0,03253583
-0,1475035
0,02062773
0,05315105
-0,1354521
-0,2202871
-0,1634694
0,02901975
-0,3331501
-0,1911574
-0,3382953
-0,1303608
-0,09500825
0,1701726
0,3978377
0,4667799
0,671362
0,5690408
0,4094387
0,418547
0,176116
0,003270971
-0,07508397
-0,03632607
-0,1859336
-0,00618743
-0,1772072
-0,1395667
0,1340209
0,01041703
0,259322
0,06447516
-0,050988
-0,009106398
0,04907324
0,059299
0,06490681
0,02335562
-0,01651571
-0,06241923
-0,04332057
-0,02965513
0,01644686
0,1275709
0,1303511
0,1125692
-0,1359583
-0,119018
-0,1919034
-0,04147723
-0,09884525
-0,1234879
-0,1895983
-0,1467335
-0,1485639
0,004647996
-0,01546087
-0,1756482
-0,2901804
-0,2851875
-0,3128311
-0,270934
0,1315382
0,3932236
0,4580843
0,5135754
0,5042381
0,5566532
0,3919837
0,3870028
0,1269481
0,1735438
-0,01860759
-0,1178663
-0,06765757
-0,03760203
-0,1660887
-0,1280617
0,03400065
-0,07588021
0,00256354
0,139687
0,009356542
0,009477529
0,03075949
0,07600199
0,02917593
0,01984074
0,004963429
-0,03335899
0,05274215
-0,1147558
-0,08765794
0,07545421
0,1988162
0,03716186
0,1098891
-0,1154082
-0,02016396
0,04679759
0,0346889
-0,006025593
-0,1999131
0,07598761
-0,1517927
-0,17244
-0,2165976
-0,05102088
-0,04762546
-0,160607
-0,1666976
-0,1070218
0,3958046
0,3639228
0,4368949
0,1617567
0,3500163
0,5941462
0,5214318
0,2325238
0,1507227
-0,04904703
-0,1779448
-0,1450313
-0,04057267
0,1412054
0,07439984
-0,1504496
0,1224096
0,07664995
0,06874207
0,06263497
0,01411995
0,04847839
0,01108774
0,05142182
0,03532918
0,02958203
0,02360447
0,03265684
0,09364849
0,06901732
0,05802454
-0,0404961
-0,2499935
0,06499717
0,09779649
0,0470462
0,09355616
0,01088394
0,04650873
-0,1717882
-0,1473878
-0,01157354
0,03365369
-0,129372
-0,1557838
-0,200765
-0,1078103
-0,2292247
0,05963421
0,118362
0,1124904
0,1881642
0,1318212
0,2389416
0,1698049
0,1591926
0,1307117
0,1876871
-0,02792181
0,1503393
-0,146144
0,02046884
-0,1509803
-0,05916616
0,143714
-0,04938485
0,2196672
0,04770994
0,09526312
0,001930956
-0,0550196
-0,007130559
0,0296935
0,01391952
-0,001237609
0,009907916
0,01463273
-0,030945
-0,03009642
0,00377579
0,1216162
0,09630904
0,04280801
-0,09229264
-0,01350713
-0,1071634
-0,03555092
0,02579571
-0,08953126
0,008348747
-0,06055947
0,001491304
-0,2349771
-0,01600115
-0,1081354
-0,114573
-0,06976074
-0,07163728
0,03218307
0,09592502
0,07515611
0,0003052428
0,2063728
0,2820473
0,05956886
-0,0351038
0,1375258
0,07768297
0,09135675
-0,01298784
-0,1620836
0,06678697
-0,1550558
0,1432529
0,1618545
0,04583649
-0,06623387
0,03934781
0,01604059
0,03273921
0,02350694
0,04310986
0,009158333
0,04649476
0,05002198
-0,003078341
-0,009148202
-0,04079552
-0,007689282
0,1143341
0,1571999
0,147771
0,06786507
-0,06557671
-0,04295804
0,005199987
0,06815663
-0,05357375
-0,05686755
-0,2070587
-0,1621877
0,03132499
0,04291414
-0,0116705
0,05459712
-0,01765845
0,09011262
-0,1181332
0,06787096
-0,03362026
0,285338
0,2328147
0,1084239
0,01231817
-0,005420543
-0,06256484
0,09611271
0,06832828
0,1191525
0,1475785
-0,07036635
-0,1037252
-0,004117486
0,03628209
0,03047289
0,02579813
0,009897069
0,0354611
0,1129595
0,1881976
0,006913617
-0,01167339
-0,009176784
-0,03163952
-0,01946476
-0,02732776
0,01046545
-0,05664378
-0,03650979
-0,005549455
0,05302004
-0,0112423
0,2275843
0,0214862
0,1476952
-0,07625033
-0,08147363
0,1474714
0,1640324
0,01815232
0,0009599776
-0,06739721
-0,07948497
0,02366764
-0,1002643
-0,1168417
-0,01947074
-0,1147152
0,09494477
-0,1257034
0,1226185
0,04790221
-0,05909969
-0,02281559
-0,110362
0,01571039
0,08717142
-0,0112458
0,1107654
-0,1400775
-0,07727204
-0,01111822
0,1357451
-0,03681763
0,2567558
0,05412216
-0,1085785
-0,0686556
0,02175685
0,02567794
0,01545501
-0,1385156
-0,01532432
-0,03595785
-0,02739901
0,006700207
-0,006407137
0,01018836
-0,03819091
0,005703836
0,2126022
0,1639621
0,1576805
0,2568568
-0,1105708
0,1528896
-0,02972766
0,1090094
-0,1123931
-0,06987098
-0,06690394
-0,09269293
-0,07363816
0,001092984
0,1315067
-0,03774495
-0,09339466
0,07772639
0,1813475
0,01566345
-0,06480324
0,03865007
0,01690163
-0,1876567
0,1472654
-0,1980884
0,03689161
0,2024624
0,1821406
0,09591837
-0,02210958
-0,05536424
0,1067692
0,006555716
0,01138784
0,04997741
-0,1190017
0,02844686
0,02253325
0,00173312
0,00919747
-0,06990038
-0,01386668
-0,04886634
-0,06757933
-0,0329004
-0,01018897
-0,03066906
0,1453481
0,06803811
0,05983849
0,01282883
0,03769317
-0,1142918
-0,196367
0,1159019
0,005223672
-0,04972334
0,2024644
0,129081
0,04351554
-0,1470262
0,06240512
0,02859
0,004615405
0,01009775
0,08196995
0,005474083
0,05838007
-0,003847511
-0,1254843
0,0551147
-0,07924007
-0,07505214
-0,2074398
0,04707939
0,01697378
-0,04773655
-0,1645211
0,1695721
0,1902392
0,05598064
-0,1151647
0,07769906
-0,2601503
-0,1130667
-0,01475574
-0,06175121
-0,06572427
0,05118777
0,05932024
0,04176838
-0,01313593
-0,04228594
-0,06893401
0,02019271
-0,0006628986
-0,04138415
-0,1343894
0,03233002
0,01209084
0,09895783
-0,07872842
0,2518511
0,02298672
-0,01047086
0,1450844
0,1253282
-0,01609035
-0,1146834
0,03906306
-0,09286935
-0,230419
-0,08903295
0,04335058
-0,09656511
-0,239815
0,03907014
0,07841884
-0,01398741
-0,2529451
-0,1774774
-0,09234283
-0,04960646
-0,08772853
-0,1591213
0,2010666
0,05641781
0,0005348824
-0,01797541
-0,2080585
0,07474539
0,09029993
0,0471726
0,03046692
0,07822644
-0,06964954
-0,03094516
-0,1052443
0,03966881
-0,06316139
-0,04277423
-0,04696981
-0,05502263
-0,06183956
-0,001715876
-0,01212368
0,04429711
-0,07621089
-0,02401011
0,04585516
0,1127531
-0,1279083
0,04684879
0,2287902
-0,05185275
0,02654354
-0,05279582
0,1944766
-0,08725689
-0,007775664
0,05936504
-0,1750854
0,1245298
0,1301486
-0,03734998
0,152835
-0,07830775
-0,1285429
0,07949363
-0,1148302
-0,1235372
0,01726522
-0,1441965
0,09026522
-0,007200934
-0,09623067
-0,0358829
0,04715918
-0,04587156
-0,04051296
-0,07194021
0,110589
0,1158367
-0,02723784
0,05969151
-0,0702863
-0,08779661
-0,08977936
0,05455656
-0,005682219
-0,03510742
-0,04883702
-0,1258016
-0,07519574
-0,008787984
0,01865637
0,0520124
-0,0189761
-0,0319355
0,132828
-0,08470375
0,15494
0,061184
0,1564517
0,08518065
0,03666306
0,0587374
-0,1318134
0,04079739
0,05067158
0,1881228
0,09827884
-0,0172548
-0,07646019
-0,04140696
0,03370502
-0,02696326
-0,1106274
-0,01856285
0,01148522
-0,1357113
-0,217005
-0,2064486
-0,1050813
-0,1167692
0,09399083
0,01497689
0,2228807
-0,05638441
-0,03944951
0,0001487692
0,0604504
-0,1019579
-0,05748317
0,2025497
-0,1362894
-0,03119571
-0,04867608
-0,06737357
-0,0995046
0,07708635
0,01263634
-0,08288625
-0,008821217
-0,01122261
-0,01781156
0,01060815
0,06317154
0,1553807
0,02222924
-0,009874521
-0,03009129
-0,05127111
-0,06561954
0,09579221
-0,1366326
-0,05632729
-0,05106417
-0,004555036
0,09948839
-0,1056307
0,1197494
0,06846419
-0,02012408
-0,1975732
0,1283494
-0,1804257
-0,2663
-0,03761927
-0,08541315
-0,06134308
-0,03239204
-0,08517756
-0,119948
0,06697664
-0,1275672
-0,1595412
-0,1933109
0,01831382
-0,1434187
-0,09942453
-0,0937257
-0,1387285
-0,1720554
-0,0764726
-0,08372175
0,1072354
0,07587483
-0,103964
-0,1144917
0,03026185
0,04890566
-0,03134627
-0,0244446
-0,0002466044
-0,02283601
-0,02810251
-0,009218844
0,05125354
0,07107046
0,04053819
0,01759286
0,08983327
-0,1026844
-0,1161598
0,08971483
0,09870572
-0,06803636
-0,01916678
0,05880653
-0,00418453
-0,08250085
0,09373458
-0,02685814
-0,02249308
-0,1030837
-0,2265384
0,1062457
-0,07304806
-0,0405948
0,0216524
-0,06063929
-0,1427212
-0,1559702
-0,1432332
0,1316043
0,129787
0,1320513
-0,04421106
-0,06692507
-0,07105535
-0,07927987
0,04344404
-0,1153342
-0,19393
0,09588441
0,05368365
0,1054331
-0,1061943
0,008272299
0,02999244
0,01861069
-0,02188706
0,03403364
0,0301035
-0,006097738
-0,03897949
-0,003464915
-0,04765435
0,1062285
-0,05489833
-0,1340972
-0,06385814
0,08485872
-0,0552011
-0,1615957
0,02867827
-0,09827728
-0,07434539
0,01179469
0,03742793
0,03159314
-0,07981196
0,06440068
0,1278032
-0,05742882
-0,08170215
0,03597845
-0,2225775
-0,03944538
-0,03810516
-0,2123406
-0,04583837
0,1954304
-0,1641813
0,1375396
0,07631115
0,07381476
-0,01166021
-0,1006103
-0,09054155
-0,051671
-0,2259475
0,0328455
0,04534607
-0,008043839
-0,03679834
0,003546595
-0,1382617
0,04111845
0,01730605
-0,008613748
-0,01748673
0,01496876
-0,01182962
0,01857808
0,00506111
-0,09783501
-0,01998969
-0,1020601
-0,05213367
0,001699143
-0,2157146
0,07607006
0,05204681
0,09214598
0,2971983
-0,07627577
0,1068013
0,01816566
0,1477029
0,08771344
-0,2201323
-0,07411388
-0,2490164
-0,120117
-0,01877939
-0,0652875
-0,01941393
-0,1527819
-0,09603301
-0,1479324
-0,1640973
-0,1396274
-0,1908174
-0,07956833
-0,04427167
0,06293688
0,157637
0,1123406
0,22245
0,07168659
0,006111002
-0,08974236
-0,04753868
-0,007309549
-0,01838513
0,0205666
-0,05158852
-0,01903716
-0,02797528
0,01729
0,01725952
0,04752471
0,002566637
0,00354786
0,06897023
-0,09696724
-0,006566021
-0,0447276
0,07615536
0,1436817
-0,05183949
-0,1067178
0,02656257
-0,05720074
-0,03111352
-0,1597898
-0,02849525
0,07972214
-0,06628099
-0,04415089
0,04232257
0,09673952
0,1588139
0,05620811
-0,02799445
0,07349613
-0,1303821
-0,07739777
-0,08919599
-0,105997
0,01627463
-0,1554062
-0,1247949
0,1179333
-0,1004469
-0,06634786
-0,1133455
-0,02254508
-0,1295615
0,1215077
-0,1338365
0,09149487
0,005356831
-0,3034138
-0,1144143
-0,04530211
-0,07682444
0,03917839
-0,00334984
-0,01257661
0,01908936
0,0002325047
-0,02044241
0,03460159
0,02522144
-0,0510669
0,03494016
0,05977669
0,03032224
0,08855978
0,2336318
0,1029318
-0,1874058
0,02418097
0,002024083
0,07673192
-0,03219513
0,01464368
-0,006336095
0,01103172
-0,06519072
-0,1692746
-0,2400909
-0,169772
-0,0293279
0,005131015
0,009601645
-0,04956948
0,135265
-0,2001565
-0,2950859
-0,09919062
-0,08033613
0,04630693
-0,03404063
0,06577519
0,07056528
-0,04630538
-0,08968531
0,1574645
-0,1392285
0,1571291
-0,03900801
-0,01953206
-0,1029637
-0,08905552
0,01953989
0,01794161
-0,009295602
0,0399063
-0,01845399
0,0174071
0,02494623
0,009055474
-0,007862805
0,02737805
0,06479519
0,164012
0,2935675
-0,2084955
-0,2602813
0,06646807
0,1540018
0,1810958
0,01975315
-0,01017319
-0,02908812
0,03751126
-0,01044669
-0,06520551
0,1779915
-0,007606847
0,04876304
0,09371945
-0,1251107
-0,08678212
-0,09177289
-0,2196729
-0,07634981
-0,04087029
-0,01615584
0,1302461
0,03721356
-0,1808198
0,07891053
-0,2164939
0,1348989
0,1541521
0,02915307
0,1077595
0,1126873
0,02002731
-0,006402374
0,04892172
0,01270868
-0,02166645
0,1104272
-0,03847297
-0,02282488
-0,03123265
-0,0461512
0,03834443
0,03987044
0,014592
0,05789559
0,1047879
0,02753086
0,1047154
0,1611293
0,04276338
-0,1084687
0,05511071
-0,1599258
-0,00249803
0,2000142
0,05060991
0,03063481
0,09877995
-0,08111154
-0,1875294
-0,02448494
0,1183913
0,02191287
-0,02114407
-0,1949464
-0,02890066
0,0125343
-0,1514218
0,1418731
-0,164875
-0,1118131
-0,06910263
0,1935082
-0,06053361
-0,06588943
0,1647203
0,145659
0,1736722
-0,04964241
0,1124462
-0,05534089
0,02314669
-0,08625289
-0,1988019
-0,04374924
0,07654122
-0,04295864
-0,09529441
-0,002266421
-0,01902376
-0,02885645
0,04740247
0,04475557
0,01305352
0,04158743
0,06728024
0,001659653
0,07423694
0,08493071
0,1444245
0,1039929
-0,1166833
-0,1637999
-0,05570805
0,02381106
0,117753
0,05335083
-0,145649
-0,05258478
-0,1548572
-0,001041243
0,2242367
-0,007932955
-0,02240548
0,04156613
-0,1027221
-0,1496274
0,002512671
-0,07451222
-0,06476004
0,1573865
-0,04099004
-0,08042818
0,01988272
-0,08468139
-0,01415199
-0,08428334
-0,1547068
-0,0273331
0,1195752
0,009631634
-0,01430725
-0,1849511
0,01762233
-0,01125906
0,08468339
-0,06562216
0,0372656
0,01557783
-0,05701176
0,00228418
0,02734935
0,02409296
0,0273501
0,02969404
-0,05193739
-0,04007018
-0,05575841
0,1152895
-0,01013259
-0,08364099
-0,01242581
0,07421221
-0,117873
-0,01707654
0,05012777
-0,002235101
-0,07327966
0,03691706
0,08999648
-0,1028644
0,04121606
0,01480464
-0,2230082
0,1490509
-0,02442481
-0,1478652
0,01009869
-0,1593439
-0,11125
-0,09282144
-0,008801146
0,2608615
0,07430248
0,0425815
0,009078915
0,06250333
0,05776104
0,07260471
0,1504621
-0,1818614
-0,1045867
-0,1850626
-0,08185259
-0,02612083
0,05080973
0,03923941
0,07289646
0,03778298
-0,03197766
0,009640467
0,00975869
0,00916089
-0,02863521
-0,002632534
0,00785361
-0,0382525
-0,03392601
-0,1430865
-0,08990517
-0,02397479
-0,1537623
0,03026924
-0,08631993
-0,1567437
0,09009565
0,05906455
-0,05484308
0,05705001
0,1187735
-0,1261411
-0,05718401
-0,1345036
-0,06434253
0,02187273
0,1463824
-0,1036244
-0,177502
0,03564882
-0,1583642
0,08427548
0,03829117
-0,2363213
-0,1451958
-0,02981496
0,01909693
0,0354019
0,05450622
0,09522203
0,007151032
-0,1106017
0,03753434
-0,08218931
-0,03140314
-0,04135823
-0,01687466
-0,0574155
0,06247121
0,01809949
0,0469878
0,04277573
0,04430804
0,03523183
0,01360025
0,06760926
-0,009434136
0,1623972
0,1951653
-0,0592539
0,05309204
-0,08025296
-0,05700058
0,1062044
0,1124803
0,006887046
0,1293818
0,06907039
-0,05435316
-0,1027836
0,1017008
-0,09957105
0,09817866
-0,05971114
-0,03300259
0,1872946
-0,0989749
-0,05108792
-0,05029475
-0,05293496
-0,04559428
-0,0196182
-0,165272
0,0803393
-0,03144509
0,04939738
-0,009908433
0,01859977
0,09238183
-0,04050983
0,1123079
-0,00515948
0,1638813
0,1043137
0,07650299
-0,09309983
-0,1915468
-0,07659934
-0,02029273
0,003696587
0,1004823
0,05632418
0,01834408
0,02933056
-0,01777761
-0,01183095
0,03314859
-0,01878079
0,14405
0,1998948
-0,04908516
-0,01458604
0,03482264
-0,05750071
0,005508946
0,04739462
0,1445517
-0,1393161
0,1235605
-0,1029997
-0,06668104
-0,03559723
0,07194278
-0,07814767
-0,2554312
0,09615847
-0,3518544
0,1416968
0,06675717
-0,02158633
0,08562583
0,08975695
-0,05133039
0,01597368
-0,04147557
-0,1276783
-0,1214923
-0,04082727
0,02080582
0,1669764
-0,1111979
0,07439153
0,08428658
-0,1055889
-0,03215029
-0,1236413
-0,1466
-0,0236498
0,09817554
0,08573124
0,04610443
0,01346868
-0,01791534
-0,02539766
0,000445958
-0,009980433
-0,04759037
0,001962012
-0,02776907
0,03709894
0,07488269
0,0009854379
-0,288442
-0,05387716
-0,009133376
-0,01304782
0,0994333
0,01234285
0,06865148
-0,1278449
-0,07821908
0,1243692
-0,02910865
-0,1512931
0,03835585
-0,04942326
-0,1441855
0,006573303
-0,02217772
-0,1992367
-0,1714559
-0,1255323
-0,0360362
-0,05146275
-0,1810447
0,07447684
0,0760437
0,08244968
-0,006354314
-0,09703101
0,03409233
0,01971633
-0,2540714
0,1326312
-0,08615208
-0,04663077
-0,03563001
-0,003558167
0,08267941
0,05426944
0,05793259
-0,01351569
0,02080885
0,006402518
0,01907426
0,03148319
0,07576026
0,1421025
-0,02254711
-0,06664032
0,02585744
-0,04225077
0,08687318
0,1015985
0,08212058
0,08724598
0,003537657
0,1468319
-0,01058979
0,1034782
-0,01192356
-0,01343605
-0,08311166
0,2694508
0,08117803
0,005262691
-0,009044799
-0,1532136
-0,006851921
0,1089722
-0,01588208
0,041002
0,05812738
0,2063959
0,01415083
0,08761324
0,06751154
-0,07078029
-0,1557651
0,1272194
0,06730232
0,00510721
-0,03823249
-0,01633437
-0,01953457
-0,02907593
-0,006592761
0,03062286
-0,03567744
0,09608136
0,0519808
0,002717359
0,03794854
-0,007064379
0,005987926
0,02219529
-0,03443512
0,03375594
-0,03018554
0,1204587
-0,1054783
-0,05667824
0,002416516
-0,01903334
-0,1720544
-0,01345952
0,2008131
-0,0152449
-0,1335859
-0,08425556
0,07275688
-0,04353186
-0,02453545
-0,04429445
-0,07473678
0,02692632
-0,0151511
-0,03824195
0,02116419
-0,0221852
-0,01881778
-0,09253781
-0,08690573
0,01531983
0,02415772
0,1646342
-0,0830916
0,07029112
-0,1097883
0,1318141
-0,05767309
0,06381343
0,1473357
-0,05571596
0,09329829
0,06241265
-0,02187992
0,03428976
-0,1286416
0,03552743
0,01373856
0,006675769
-0,006067233
-0,007675073
0,02826082
-0,05147828
-0,09409228
-0,02916809
-0,09061602
-0,0003712148
0,1618009
0,08033391
-0,04242938
0,02085635
0,05872604
-0,02861842
-0,09579749
-0,1125046
-0,00972997
-0,006400787
-0,02253425
-0,07753073
-0,09571812
-0,07198384
0,1486914
0,1711668
-0,01210561
0,1050523
-0,1139512
-0,1136753
-0,04889457
-0,06236897
-0,1318778
0,1020766
-0,1371078
0,1213399
-0,0424804
0,1047796
-0,179476
0,09180839
0,02418246
0,1172836
0,2417823
-0,1103571
0,06039945
0,05278582
0,09208321
-0,003967644
-0,09264828
-0,08018926
0,03403514
-0,005979056
-0,01030599
0,008722208
0,01035048
-0,007811445
-0,02388479
-0,07009794
0,005179064
-0,07058336
-0,06641447
-0,0790134
-0,02350164
0,008149916
-0,08527254
0,04030367
-0,1976843
-0,1357481
-0,1824768
0,09839738
0,05438606
-0,01532007
-0,06649671
0,1064332
0,04771774
-0,07934625
0,0641013
0,08663525
-0,01455717
-0,04892328
0,04024675
-0,2579239
0,004760908
0,0842072
-0,1086695
-0,1443552
-0,1575611
0,02407358
0,09314214
-0,01458147
0,08827579
-0,1402927
0,1524998
-0,02379986
-0,02673264
-0,07251909
-0,06717019
-0,05215297
-0,01179796
0,0260927
0,0354988
0,006283049
-0,02390666
-0,002215865
-0,01594087
-0,01152231
-0,01106247
-0,06791683
-0,01932211
-0,09934267
0,01190051
-0,05876304
-0,09642699
-0,07412086
-0,08134586
0,1217452
0,02760138
-0,1930524
-0,1424624
-0,2543686
0,04925477
0,06585488
-0,09871723
-0,1072103
0,1779209
-0,02567129
0,00698764
0,2718503
-0,1109491
-0,0140919
0,06319926
-0,103806
0,001344825
0,02904952
0,05552861
-0,02375936
0,05616223
-0,0272173
-0,08205593
-0,2246493
0,08659939
0,08604039
0,1113825
0,04662061
-0,05547866
-0,06122303
-0,02982576
-0,05686447
0,04400883
0,054035
0,03904575
-0,004016284
-0,03043932
-0,02597532
-0,01263226
-0,02813947
-0,01320759
-0,05735663
-0,06970791
-0,1975828
-0,1526674
-0,06636043
-0,1725724
-0,0220315
-0,07305358
0,01777587
-0,03476476
-0,03253387
0,02293927
0,07531254
0,1140602
-0,09812609
-0,07583151
0,2109192
0,04524909
0,07156667
-0,06921208
0,009070222
-0,04486367
-0,05057305
-0,08709415
0,09525936
-0,09215472
0,08064362
-0,0566721
0,04828998
0,140274
-0,04838842
-0,04024837
-0,04582
0,0881267
0,05449656
-0,001071
0,06305008
-0,02416877
0,1011286
0,1152582
0,0397541
0,08879895
0,02916645
-0,01120002
-0,005286589
0,004359552
0,01278851
-0,02367272
0,01939251
0,0006059545
-0,06927702
-0,06043456
-0,1033361
-0,1173264
-0,01223281
-0,05366386
0,01428946
0,1349003
0,07128262
-0,008085897
0,1304125
-0,07405563
-0,05834467
-0,06858335
0,01392411
0,05315105
0,01025925
0,0829448
0,0523897
-0,04306635
-0,2098362
0,04209001
-0,01095812
-0,05603288
-0,06903064
0,04785518
0,02038128
-0,02639322
0,04868392
0,008454089
0,1466497
0,04812842
0,1336454
-0,004124464
0,07472996
-0,1230555
-0,05438006
0,06202877
0,04226125
0,1138095
0,1094558
0,09548204
0,05298718
0,01111529
0,0291336
0,01908503
-0,02647474
0,01402876
0,0223374
-0,009981245
0,00943307
-0,08348406
-0,1356554
-0,02514802
-0,03047498
-0,01330263
0,04578867
0,1776552
-0,07158604
-0,08466063
-0,01847828
-0,1078412
-0,02769364
0,03840385
-0,05832314
-0,1163423
-0,06508559
0,1351645
0,005837977
0,07122088
-0,09805334
-0,05036458
-0,05930595
-0,01987913
0,01693021
-0,01753073
-0,04398926
-0,1865697
0,05467467
0,04935672
0,004606876
-0,0253663
0,006739769
-0,0397457
0,02985312
-0,09057709
0,006890449
-0,09794531
0,0375292
0,1419034
0,0965027
-0,000211851
-0,002948566
0,003770086
-0,01592805
-0,01807569
0,01687831
-0,01309428
0,008791666
-0,02154475
-0,01947231
0,004911467
-0,06532437
-0,0546446
-0,02582357
-0,04407594
-0,0445825
-0,01741378
0,1024602
0,02069247
-0,03103059
-0,08377684
0,1129345
0,1333684
0,02402084
-0,04967006
0,09964292
0,07303892
0,07307164
0,05233532
0,1252741
-0,1669632
0,137659
0,01697826
0,0906591
0,006058578
-0,008872163
-0,03734042
-0,03834034
-0,1176936
0,05415053
-0,001958905
-0,03425233
0,04629492
0,06825706
0,09196253
0,02982775
-0,03759963
0,0299002
0,08015759
0,02997355
-0,01138975
-0,05193168
-0,01131693
0,02769727
0,01062991
0,02814511
-0,01566644
0,02688912
-0,02231134
0,003329298
-0,007391501
-0,09517781
-0,01608084
-0,01928662
0,007525163
-0,00941524
-0,04896917
-0,04417854
-0,03965986
0,04971905
0,02470968
0,07430375
0,08038004
0,007898987
0,07173908
0,04696383
0,05060954
0,00544337
0,08526261
0,02316119
-0,03885937
0,04053597
0,1448817
-0,009550524
-0,1431048
0,06315129
0,005517221
0,03193511
-0,1034954
-0,03411406
-0,06911159
-0,08718091
-0,02515543
0,01992002
0,03062051
-0,008253714
0,08273873
0,04589488
0,05146878
0,01156782
0,01529837
-0,04127236
-0,02113202
0,03514671
0,02267304
-0,02256614
-0,00823453
-0,01936982
-0,0149432
0,009634191
0,02795412
-0,01200925
0,009885215
-0,06294483
-0,017615
-0,01050927
0,043062
0,01942668
-0,01297749
0,03015373
0,01820044
0,009763824
0,03598756
-0,00576703
0,05370475
0,09533972
0,05226686
0,05722775
0,1379783
0,03018427
-0,03036298
-0,003245357
0,003834991
0,08156538
-0,0425245
0,03938178
3,834799E-05
-0,02526718
0,006477142
0,04360161
0,04720463
-0,03834572
-0,0117267
-0,004514372
-0,04945881
-0,01503792
0,00324243
0,001237859
0,04337994
0,03813362
-0,007673027
-0,0260482
-0,01470069
0,0007860574
0,0002631535
0,002024452
0,00510968
0,008971621
-0,006232318
0,02194874
-0,006863059
-0,0008528802
0,02426191
-0,002867308
-0,02542648
-0,04239669
-0,007325116
-0,03671075
0,007907967
0,02111309
-0,04220686
-0,03506071
0,04729092
0,08052026
0,06094721
0,06053663
0,04450499
0,1432842
0,1535672
0,05025996
-0,03309703
-0,04392307
0,03035125
-0,002334329
-0,008354266
-0,04531783
0,0006860563
0,01062643
0,05702668
0,02654596
0,01949034
0,02070315
-0,03814979
0,008807078
-0,02381918
-0,02153126
-0,00508862
0,01986641
0,03352754
-0,01776409
0,02830151
-0,01854229
-0,02211605
0,0002131211
0,01044564
0,02369394
-0,002653893
-0,01843394
-0,02617207
-0,005834964
-0,01181912
0,02575631
-0,01082353
0,008382143
-0,0191022
-0,02658224
0,01372795
0,001966133
-0,01859539
-0,03642025
-0,0254303
-0,01435114
-0,02203098
-0,006425521
0,01831598
0,003417795
-0,03153578
0,05476926
0,1206969
0,06590185
0,07009077
0,1009845
-0,0100854
-0,03282368
-0,002621848
-0,081848
-0,06363165
0,02253971
0,06440631
-0,0002746253
-0,006182922
-0,004869028
-0,03489557
-0,02987588
-0,005564136
0,01963229
-0,02654068
-0,006047115
0,01414528
0,004275928
-0,02899198
0,03095698
-0,008572897
-0,003565208
0,01087912
-0,001194603
0,00456981
0,004101604
0,01850075
0,02059142
0,004185625
0,0002332346
0,01565081
-0,0271465
0,02503121
0,02820752
0,01878574
0,005234806
-0,01290681
-0,02310956
0,009612435
-0,03123557
-0,004776371
-0,01602205
0,009298434
0,03309781
-0,02185025
0,005670518
0,03756142
0,03979753
0,01733025
0,03899045
-0,00209006
-0,01183926
0,004358754
-0,02926127
-0,00674779
0,01169454
-0,01402278
-0,02719767
0,01216283
0,02019321
0,01249437
-0,02779031
0,02244452
-0,02308829
0,02595275
-0,002951006
-0,01270434
0,003710127
-0,01697139
0,02418783
-0,02672187
-0,009352497
-0,001017663
0,005760176
-0,01035717
0,008754589
0,0277817
0,01056254
-0,01268331
-0,02791465
-0,003291561
-0,02204327
-0,007880736
0,01481306
-0,03046592
0,01585893
-0,01530682
0,009132734
0,02433047
-0,02408816
0,01139209
-0,02162672
0,02100353
-0,0009962555
0,01152597
0,02024226
0,0141653
-0,01254645
-0,02035659
0,02373583
0,004065203
0,01022061
-0,01625031
0,01000876
0,03680608
-0,0182011
0,01581499
0,002021094
-0,01064677
0,001644737
0,00747385
0,01622839
0,01620008
0,01725338
-0,004499984
0,02592491
0,01652632
-0,009263045
-0,02239087
-0,01724642
-0,02130258
0,007952466
0,01883629
-0,02483422
0,03036047
0,0299646
-0,02696204
-0,01078371
-0,02445392
0,01406497
0,02935294
0,003515421
-0,0005054039
-0,005013603
0,01037313
0,01333634
0,008559394
0,006605553
0,0237919
0,03531058
0,02479414
0,01066481
-0,006799703
-0,02305396
-0,006444571
-0,01634296
-0,009320377
0,01224091
0,02377192
0,01089589
0,02384294
-0,01273999
-0,01077535
0,02926716
0,01886689
0,0127785
0,02600066
-0,005866796
0,01321211
0,01809054
-0,02759442
-0,008930204
-0,008164962
-0,004004606
0,006766506
-0,02144328
-0,01050687
-0,002553761
-0,02784443
0,005980002
-0,01693028
-0,02433085
-0,000235127
-0,02072006
-0,0108412
0,003063156
-0,01053584
0,01430166
0,01080021
0,02751181
0,0151282
-0,003933955
-0,001127895
-0,002563318
0,01954087
0,008690807
-0,0135279
-0,001345581
0,0145603
0,0261763
0,02007663
-0,01661951
0,02151838
0,03244778
0,02392249
0,004955616
-0,00803088
0,02634579
-0,0002817099
-0,01348996
0,01347689
0,01794578
0,006297929
-0,01490758
-0,004509502
0,01670604
0,02150597
-0,02016057
0,01193229
-0,02002687
-0,00473352
-0,0202236
0,01369085
0,0176027
-0,02399474
0,008633305
0,02340328
0,02314917
0,006884282
0,02859024
0,02297149
0,02185157
0,01582659
-0,02321209
