0,0167888
-0,01235465
0,0243134
-0,01610306
0,0230686
0,003276825
-0,02157753
-0,009550229
-0,007639424
-0,02566904
0,006605321
-0,01231757
-0,02329885
-0,0225711
0,02072956
-0,01094966
0,0006276813
-0,02190549
-0,01397554
-0,006160557
-0,02800844
0,01664577
0,02552529
-0,002878823
0,02512146
0,02894792
0,008171301
0,008654925
-0,006335432
0,0006017602
-0,02642019
-0,009398323
-0,01237469
-0,0203196
0,02184339
-0,01506406
-0,005068464
0,01453163
0,005366636
-0,02082364
-0,006819348
0,01080867
-0,01684252
0,02330992
0,001439558
-0,002983002
0,01316431
-0,0007734579
-0,02742777
-0,008494215
0,004346854
0,00644367
-0,013945
-0,01434676
0,005864113
-0,02974934
-0,007264321
-0,002764021
-0,01064375
0,02467947
0,02566153
0,0004544902
0,02740903
0,02239213
-0,02925875
-0,01403486
-0,02992923
0,02761134
-0,01382631
0,005752996
0,02468585
0,01670395
0,003328007
-0,02315496
-0,02930153
-0,008196886
0,003469866
-0,02775478
0,02629841
-0,001887316
-0,01421763
-0,02107844
0,006143647
-0,02770967
0,02692007
-0,002266265
-0,02544216
-0,02798638
0,004434509
0,02169572
0,02288355
0,02839191
-0,004825572
0,01129084
-0,01588165
0,02339687
0,01403496
-0,008609902
0,02255828
-0,01453552
-0,003043292
0,01616189
-0,01694371
-0,002619818
-0,002589228
0,01835064
-0,02693659
-0,0208296
-0,01511374
-0,01600391
-0,002749229
-0,009534216
0,001519546
0,02197368
0,008933205
0,01671676
0,02489945
0,02521336
0,02615894
0,003618684
-0,01863167
0,02859872
-0,00688174
-0,004850499
0,01354664
0,02698233
-0,008434019
0,02268155
0,02337076
-0,02213947
0,00835605
-0,0178532
-0,01968492
0,01083182
-0,02892589
0,0001186243
0,0265443
-0,02131969
0,005355779
-0,02135121
-0,005327446
0,02605607
0,01771384
-0,009505753
-0,005525672
0,00239747
-0,003118419
0,003885224
-0,02760725
-0,002012213
0,02910426
0,01943705
-0,004061755
-0,01092631
-0,02571775
-0,0009856808
-0,006924636
0,01842196
0,01456245
0,001065823
-0,003220584
-0,01902844
-0,01354679
-0,02275045
0,006399289
-0,01484067
-0,01981009
0,02121945
0,02070188
-0,02136024
0,02083315
0,0162328
-0,01009224
0,01760533
-0,02092273
-0,01397369
-0,01904085
-0,02713129
-0,02940156
-0,01893226
-0,0001112796
0,0179562
0,02014632
-0,004691299
-0,02044606
0,01959988
0,01700665
0,02208398
0,006767149
0,002862713
-0,0226778
-0,022016
-0,005246948
-0,0257269
0,01260099
-0,01634829
0,009650539
0,01067996
0,01483433
-0,02071362
-0,007864526
0,006213242
0,01385977
0,02447825
0,007693178
-0,01700786
-0,0004514975
0,008889251
-0,02014961
0,01871108
-0,01202966
-0,009880797
0,01777235
0,003450255
-0,02865933
0,009152276
-0,008478987
0,02165577
0,02813064
0,01726518
-0,0009856866
-0,01103215
-0,01535925
-0,01188791
-0,02844215
0,01277832
-0,008319071
-0,01415106
-0,02489759
0,02591091
0,006956168
0,0005636576
-0,01181635
0,02224704
0,01973029
0,02460661
-0,02558296
0,02639249
0,01801638
0,02702029
-0,009931636
-0,02219423
0,01190232
0,01858323
-0,0150419
0,0175369
-0,009342543
0,02195661
-0,02674041
-0,02647637
0,02279585
0,01854315
0,01318643
0,02835464
0,01089006
-0,02674134
-0,008374518
-0,004441634
0,02285289
0,02515931
0,02191345
-0,01610581
0,003812867
-0,01519464
-0,01785242
0,01795793
-0,02794417
0,02709059
0,01469203
-0,02264242
0,004776027
-0,004312985
-0,02662255
-0,02909361
-0,002658638
-0,008700665
0,007668453
-0,003513046
-0,02706983
-0,01568647
-0,00817669
-0,0003478522
-0,01805569
-0,02820124
-0,02664624
0,01917775
0,01819019
-0,009212893
-0,01926305
0,01614247
0,002956743
0,009028472
-0,0265399
0,0232692
-0,02462845
-0,02384849
0,00455024
-0,002682386
0,006731904
-0,002297268
0,01551181
-0,005318239
-0,02243369
0,02667785
-0,0007342937
-0,002885977
0,01506991
0,01183687
0,0007246817
-0,0106969
-0,00409315
0,02557171
-0,007524014
0,008254957
0,003272401
-0,00813032
-0,02801279
0,002728957
-0,01801405
-0,006199247
0,02997682
0,01125926
0,01522182
0,0291271
0,005400068
0,02634688
-0,007860308
-0,01963422
0,02568535
-0,009433719
0,01690826
-0,01996158
0,02016117
0,005974852
-0,0003796481
0,02793062
-0,007178007
-0,01396944
0,002190409
0,00619196
-0,02608927
-0,02380883
0,02060147
0,02182861
-0,00955371
0,00807797
-0,0132647
-0,004194403
-0,00992447
0,01400682
-0,02563334
-0,02799099
-0,01434916
-0,01675566
-0,001633826
-0,02630515
0,008996446
-0,02162422
-0,009126866
0,003412068
-0,02513078
0,004624113
0,01674131
-0,02062641
0,003261518
-0,01431746
-0,02482131
0,01711295
-0,02079254
0,005949339
0,02964843
0,01558885
-0,03041396
0,005760198
-0,01031675
0,02357347
0,02115291
0,02380897
0,007586867
0,02662737
0,009358964
0,02685496
0,02068692
-0,01763948
-0,01284589
0,0144872
0,02428512
0,006679462
-0,02260702
-0,004516006
-0,01181441
-0,01749388
0,02481254
0,02857571
0,001436052
0,0005800618
-0,008785451
0,01127222
-0,01159086
-0,02565675
0,00276946
-0,0003331499
-0,01314072
0,01490308
0,01530494
-0,01069435
-0,02852401
0,01012826
0,0237466
0,004323567
-0,01785142
0,01565398
0,001951163
-0,005195454
0,02520524
-0,02141842
0,01330027
0,003117493
0,02282396
0,01837556
-0,00875208
-0,002150496
0,009089636
0,01342175
-0,0129635
0,016833
0,02086468
-0,02862542
-0,02622628
0,01765503
0,0006416495
-0,01967774
0,005591987
0,003549938
-0,005374095
-0,02083009
0,009078166
-0,02365634
-0,00250182
0,02798462
0,01239842
-0,01636519
0,01313314
0,002728074
-0,01667294
0,003743219
0,01237618
0,0001826329
-0,02731664
-0,007839852
0,01752496
0,01787062
0,01861154
0,0003343588
0,01372108
-0,02589542
0,02033837
0,00384843
-0,001969696
0,02846499
-0,003709278
0,03045709
0,006457225
-0,02596462
-0,02753161
-0,02744945
-0,02109463
0,02781348
-0,03104432
0,01556957
0,0002088108
0,006904222
-0,02416243
0,02497169
-0,02611581
-0,02439056
0,01413902
-0,02505697
-0,001520427
0,01031819
-0,02812039
-0,01002384
0,02845903
0,01217734
-0,02898999
0,01465
-0,008885348
-0,02480027
0,02037683
-0,01018725
-0,01207528
-0,02482141
0,007912745
-0,0002553924
0,001130786
0,01389793
0,008670346
0,008662841
-0,0004114963
-0,01933183
-0,00591717
0,01446376
-0,0005363993
-0,01302465
0,02320439
-0,0196301
0,01260754
0,02363165
-0,005293923
0,004997021
-0,01317937
0,01179633
-0,02653788
0,01479805
0,02295582
-0,02457876
-0,03062384
0,02245208
-0,02995798
-0,01222967
0,009858785
-0,02652358
-0,02315371
0,008656007
-0,004037333
-0,007607312
0,02717755
0,003723941
-0,009038028
-0,0124689
-0,005036481
-0,02527081
0,00508608
-0,0107912
-0,009586182
-0,01030716
0,02075428
0,01217434
0,01936392
0,02196063
-0,02854875
-0,001512264
0,01006322
-0,01647226
-0,02858512
0,006615895
-0,02730238
0,02402218
0,005962438
-0,005177534
0,01368276
0,01475708
0,005812542
-0,01903349
0,00134542
-0,0101668
0,006800626
0,02006779
0,02067966
-0,001371609
-0,02037719
-0,02502916
-0,001147602
-0,02719345
-0,02396674
-0,01937854
-0,02584472
0,01276908
-0,006859922
0,002023972
-0,01708944
-0,01403778
-0,02842478
-0,02150766
-0,01478248
-0,02062777
-0,009765907
0,0207257
0,005261181
0,01734905
-0,01378143
-0,02894254
-0,03226782
0,03007176
0,009203142
0,01354112
0,000550831
-0,00422067
0,01788219
0,02768216
0,01295073
-0,02960075
0,02197449
-0,009509457
0,01104885
0,02640347
0,02991123
0,007897991
-0,02363074
0,02039698
0,001074912
-0,01071408
-0,001168607
-0,02844982
-0,01985931
-0,00501081
0,01049202
-0,005631512
0,02456129
-0,01073046
0,02747302
0,01438736
-0,0180421
0,03050718
-0,02254687
-0,02572936
-0,02548478
-0,001920744
-0,009743513
-0,009362651
0,007029787
0,004773152
0,02054962
-0,007479734
0,01929379
-0,02057085
-0,008440217
0,01127833
-0,00290479
-0,01094993
-0,0212634
0,01145373
0,01668736
0,01906152
-0,01022434
-0,03011451
0,00567841
0,02781717
0,01674176
-0,01882787
-0,0266325
-0,0246489
0,001941061
-0,0001794255
-0,02735821
0,02966637
0,02068617
0,02419739
-0,01800991
0,004743385
0,01949427
-0,0003873583
-0,01659829
0,01323641
-0,0197765
0,02217048
-0,005165075
-0,02804538
-0,02077128
0,0263754
-0,02910396
0,02719661
0,02357832
0,00243228
-0,02508832
-0,0208297
0,02488016
-0,009274909
0,006081074
-0,02528638
-0,001971013
-0,02596611
0,006946964
-0,02124468
-0,01317015
-0,001834648
-0,02976109
-0,009732688
-0,01258277
0,01728901
-0,01149383
-0,002219132
-0,001271785
0,0249231
0,001233821
0,010582
0,0009018126
-0,02849776
0,00491816
-0,004629473
0,003531429
0,001510371
0,016782
0,02004287
-0,01957175
-0,02501769
-0,01700995
0,03062618
-0,007463714
0,0213892
-0,0290443
-0,00333193
-0,01556801
-0,02540276
-0,0248813
0,01054381
0,01892642
-0,02975421
-0,01042288
0,006711675
0,01711057
-0,02959982
0,008454129
-0,01356831
0,002862622
-0,0028327
-0,006337005
0,02664863
-0,03162173
-0,004961702
0,008440399
0,02228445
0,01131329
-0,02160822
-0,003394279
0,02155441
-0,0147409
0,01391879
-0,03893406
-0,02315158
-0,01441225
-0,02870447
-0,03038975
0,00144782
0,01988123
0,02167425
-0,01722922
-0,004633234
0,01920675
0,01995863
0,02242906
0,0001284086
0,012588
-0,03008636
0,009066009
0,005994552
0,02629849
-0,0002408831
-0,01495409
0,01127339
0,009572154
-0,01602934
0,02916421
0,02748013
-0,01897946
-0,02351702
0,01124461
-0,02956493
0,001464694
-0,02160246
-0,01212611
0,0258403
-0,03359665
-0,02634744
-0,01584915
0,008801717
0,0248467
-0,02812612
-0,004944555
0,009327325
-0,01789115
0,02710816
-0,02537518
-0,02416967
-0,002783681
-0,0276451
-0,02498707
0,01015722
-0,007109153
0,01958689
0,02570891
0,01740617
-0,001304188
-0,01338318
0,001671318
-0,02927168
-0,02836262
-0,02774374
-0,01055248
0,01135293
-0,01628467
-0,01853035
0,02322676
0,01088968
0,0001639578
0,02688867
0,002405628
0,007481661
0,01470583
0,02819983
0,007951317
0,01885932
-0,02828762
0,005763187
-0,003187318
0,01033966
-0,02441247
0,01947669
-0,005520799
-0,02800414
0,02463691
0,02389488
-0,003069598
0,005375724
-0,02332258
-0,004266554
-0,013921
0,003658388
-0,005747827
-0,02409569
0,002969988
0,01775802
0,008109799
0,006381958
-0,01184789
-0,03876353
-0,03318504
-0,01116003
0,00307739
-0,002864876
0,002697901
0,001902283
-0,03656291
-0,002207791
-0,01570299
-0,02363399
0,01484721
-0,03282538
0,02182549
0,02525401
-0,03105624
-0,01521775
0,007641073
-0,01354485
0,01766494
-0,01075825
0,01482535
-0,01226643
0,001276647
-0,02923446
0,004475237
0,02191308
-0,02339274
0,00379463
-0,008211524
0,01494795
-0,02696199
-0,01137713
-0,02013524
-0,00553534
0,005217882
0,007940134
-0,02399084
0,01901584
-0,005526044
-0,01186711
0,02079955
0,01913013
-0,01558814
0,02330346
0,006019216
-0,01420547
0,007681562
-0,004212124
-0,0285863
-0,02392065
-0,0282852
-0,01173612
0,01568023
-0,03546527
-0,01949256
0,01402591
0,02203745
0,002736963
-0,03313714
0,01147284
-0,006548293
-0,007802659
-0,01854829
0,001876129
-0,02429331
-0,001341636
0,0198483
-0,001753909
-0,009248157
-0,006834208
-0,01969837
0,01986158
0,02209255
-0,003164818
-0,005071642
0,01961559
0,0282966
0,001774312
-0,009346412
-0,01786626
-0,02618657
0,001069308
-0,00780933
-0,02845189
-0,001512366
0,003865361
-0,01066328
-0,02858668
-0,02066671
0,0149333
0,009411322
-0,005154274
0,01771919
0,01250985
0,02390251
-0,00436603
0,004645555
0,007420368
0,01262181
-0,0319338
-0,01229742
-0,02437695
-0,02732691
0,008235116
-0,02774455
-0,009682626
0,001751879
-0,004929769
0,007407925
-0,007071611
0,01362302
-0,01159011
-0,0143894
0,01416255
0,008002692
0,02438487
-0,0283965
-0,0196696
-0,02845325
0,004414849
-0,01977293
0,01709757
-0,01152619
0,002844831
0,01148564
0,01179785
0,02887269
-0,02102871
0,002612096
0,02769616
-0,02344054
-0,0195942
0,009887614
-0,01895304
0,009812267
0,01445591
-0,01406167
0,004383521
0,01966703
-0,02745187
0,0241108
0,01870202
-0,008428136
0,01251627
0,03114815
-0,01866892
-0,02920239
-0,03947674
-0,04034998
0,01514302
-0,01713391
-0,01302851
0,006681585
-0,02112562
0,01965869
0,01137763
-0,03095561
0,005409215
-0,0291611
-0,01224586
-0,01012667
-0,008296305
0,02327172
0,009728044
-0,01460445
0,007518032
0,01437792
-0,02314765
-0,02445532
0,02389224
0,006816115
-0,001487331
-0,01336549
0,02566299
0,005625944
-0,01239655
-0,008848934
0,003751227
0,002545761
-0,004288434
0,001986784
0,02517848
-0,02458306
0,003575684
0,001651052
0,005215027
-0,004115456
-0,01066116
-0,02213446
0,02293886
0,007689457
0,002294057
-0,004671079
-0,008689326
0,01008325
-0,007639951
0,01470174
0,001461437
-0,01610588
-0,01721977
-0,006560947
-0,04180575
0,01780546
-0,03258754
-0,0185511
0,02121524
-0,01605975
0,01972088
0,006950553
0,005202936
-0,0125726
-0,008811298
-0,02475534
0,00747772
0,0228695
-0,001222409
-0,009351798
-0,006765652
-0,0213087
0,011356
-0,0191018
-0,007889619
0,0267958
-0,02088939
-0,0221499
0,02927792
0,02778567
0,01765983
-0,01638163
-0,0252395
-0,00708951
0,009737669
-0,02034682
-0,01857404
0,02478244
-0,0004147523
0,02606333
0,02523652
-0,02424355
0,001441398
-0,01262321
0,00230975
0,007076689
-0,00447359
3,960438E-05
-0,01986791
-0,009515244
0,008422541
-0,005357878
-0,03035863
-0,03464055
-0,01077463
-0,009103454
0,003810661
-0,03128755
-0,02633498
-0,02724255
0,01536556
-0,03076305
-0,01366115
0,02522511
-0,006241631
0,005746931
0,004077216
-0,01296408
0,01449604
-0,01152992
0,02570131
0,01468574
-0,008403275
0,001146909
-0,004873578
-0,01875201
0,001961545
-0,01040169
0,004400838
0,009794937
-0,005243146
0,00559268
0,02032028
0,0002758032
-0,02272564
-0,01615392
-0,02952785
0,02695285
0,01774358
-0,02611281
-0,006181852
-0,03457183
0,01278338
-0,004218267
-0,02124738
0,02248951
0,01922234
0,006480188
0,01603837
-0,03766154
-0,03370417
-0,02921219
0,005750628
0,01613929
-0,0107073
-0,03931413
-0,02499252
0,00519492
0,01082017
-0,01023667
-0,03137764
-0,01170571
0,0008223979
-0,003640953
0,006016756
-0,01830494
-0,02056776
0,02170871
0,02093406
-0,01673067
0,00386562
0,008616284
-0,002973945
0,008367491
0,02389157
0,02389461
0,02962337
0,02543804
-0,01063774
-0,002441212
-0,008840124
0,02339565
-0,004189792
0,003498997
0,003136518
-0,01724204
0,01632826
0,02097099
0,02464011
-0,02827661
-0,03210946
-0,01304719
-0,02323516
-0,005972702
-0,02903701
-0,03157832
-0,00775172
-0,01913517
0,008952633
0,02284472
0,007802604
0,02003119
0,006739379
-0,001429502
-0,01694003
-0,01916262
0,0008631618
-0,03174972
-0,02841077
0,003577163
-0,02835897
-0,01677964
-0,01105194
-0,01579969
-0,03277392
-0,02425337
0,02962629
-0,02693188
0,02550437
-0,004052238
-0,004195862
-0,01105401
0,0266101
0,01867045
-0,01673334
-0,01770055
-0,00454233
0,02906955
0,002234214
0,02029524
-0,004165019
0,01360836
-0,02186363
-0,01030652
0,01256685
-0,005776674
-0,02614074
0,01327269
-0,02368331
-0,02529291
-0,003806222
0,002906787
0,01042627
-0,01920193
0,02343937
0,008691701
-0,03641141
0,01565945
-0,0101962
0,02063878
-0,03642679
-0,01821542
-0,02473087
-0,02483042
-0,008330945
-0,01619947
0,0211028
0,02124813
-0,006259983
-0,02122365
-0,03001817
0,01376817
0,009675809
-0,01405977
-0,01735994
-0,01051046
-0,02157595
-0,03115003
0,004064983
0,003468445
-0,02765157
-0,01642796
0,0239747
0,01843002
0,02800156
0,01869762
0,003883666
0,01122475
0,02006702
-0,001710507
-0,01826821
0,0006018615
0,0003623611
0,004402542
0,01551984
-0,03090816
-0,008545507
0,01525819
0,01478884
-0,01785492
-0,007406979
-0,02835954
-0,01868028
0,02083813
-0,02604226
0,009188529
0,02138903
-0,01316399
-0,03817308
-0,003339923
0,0007595915
0,01977975
-0,0224108
0,009037769
0,01250506
0,01057474
-0,008786646
-0,004317879
-0,01526741
0,01057022
0,02374442
-0,01604765
-0,02509802
0,02656391
-0,03161923
-0,0002119488
-0,01679082
-0,0298098
-0,0003454851
-0,01673371
-0,02950429
-0,009781634
-0,01624842
-0,009983892
-0,02099783
0,02694095
0,02584537
-0,02911936
0,01261742
-0,01576317
0,02258424
-0,02354073
0,008767017
-0,01832885
0,0206679
-0,01937388
-0,02142505
0,0055918
0,01062566
0,02424788
-0,005778251
0,01713643
-0,009657813
-0,03217505
-0,01341231
-0,02986221
0,01667057
-0,0214329
0,01326448
-0,0008348834
-0,01036887
0,0164104
0,01925212
0,00927166
-0,00713123
-0,02649222
0,00503931
-0,0389073
0,008643286
0,02437436
0,02313098
-0,003792425
0,01532254
-0,0241825
0,02193773
0,01499493
0,008676597
0,02449719
-0,02643124
0,01867099
-0,009508939
0,007957692
-0,006835672
0,007560119
0,01534932
-0,01915298
0,02569972
-0,01752562
0,02737406
-0,02785374
-0,02870786
0,008078367
-0,02168434
-0,02502844
0,01332794
0,02494777
-0,02153719
0,02102295
0,006944867
0,007782821
-0,003978749
-0,02519447
0,01958439
0,007439198
-0,03873647
0,02242
0,0215754
-0,02416491
-0,03191199
-0,001017689
-0,01339846
-0,04080723
-0,02687487
-0,0446296
-0,03188141
0,006917691
-0,0117516
-0,01934066
-0,03573182
-0,009427769
-0,01303093
-0,001666906
-0,03347949
0,007992858
0,02368135
-0,01652769
-0,01030841
0,01067721
-0,009967793
0,024886
0,004765784
0,01647033
-0,01427216
-0,00238403
-0,006283882
-0,01608958
0,01586995
0,01085487
0,007381037
0,01662028
-0,01785461
0,008154674
-0,02874354
-0,01331338
-0,001410831
-0,03346195
-0,006139973
-0,02330483
0,02549063
0,0272196
0,0004774454
0,02265331
0,01779183
-0,01826422
-0,01593823
0,01693282
-0,03289255
-0,025238
0,01004331
0,005053192
0,000474668
-0,02248582
0,01115254
-0,03345313
-0,0402208
0,003844943
0,006576521
0,009461778
0,003429967
0,02552646
-0,03173093
0,01618943
0,005794319
-0,02117682
-0,02270844
0,00775994
-0,004193251
0,01116104
-0,02338935
0,02484382
0,01856473
-0,01891624
0,01519527
-0,005768101
-0,001426237
0,01456387
0,02595461
-0,02993934
-0,02394883
-0,001077141
-0,02212983
0,003302561
0,02015835
0,02167862
-0,02543333
0,02257542
0,009724347
0,02098665
-0,01333276
0,01950436
-0,01701672
0,008994996
-0,002531409
0,02153369
0,01930023
0,003339202
-0,02303648
0,002806763
-0,03091745
0,003618423
-0,0160978
-0,02097865
-0,03950289
0,009617803
0,01198458
-0,0146907
-0,00746698
-0,006259792
0,007234268
-0,01377901
0,01520121
0,007381479
0,0008813199
-0,02737983
0,01511902
-0,003214279
0,02676365
0,01667503
-0,02354562
-0,01710192
0,02578036
0,006655193
-0,004210545
-0,01126307
0,01127398
-0,020666
0,0122927
0,01782851
0,0003536179
0,01998149
0,003766957
-0,009426734
0,0236206
-0,007629498
-0,03148779
0,01522368
-0,001206002
-0,02948168
0,02709262
0,007783093
-0,007086696
-0,02330875
-0,03064763
-0,03613281
-0,03202559
-0,008748979
-0,03508142
-0,01772087
-0,02882475
-0,01223692
0,00330319
-0,01366095
-0,01346017
0,006536844
0,00220098
0,004973688
0,01791878
0,009934352
-0,01976733
0,01400403
0,01004279
0,005855732
-0,03876801
0,01929358
0,00856044
-0,006849255
0,0166637
-0,01896909
-0,02663697
-0,02880068
0,02912332
0,02529781
0,01958264
-0,002791714
0,02192047
0,01793483
0,0006035723
-0,004049635
-0,01359337
-0,01921206
-0,02419492
-0,01129294
0,004764394
-0,02548224
-0,02418537
-0,01939968
0,02157703
-0,02573627
0,009836183
-0,01817431
0,01859389
0,01280167
0,01801569
-0,02261938
0,02033511
0,004836962
-0,02334447
-0,02228046
-0,01946653
-0,004878017
0,0001343879
0,008048682
-0,03258194
-0,03385128
-0,01554149
0,006298427
-0,004565213
-0,03475253
0,02536307
0,0229367
-0,01640073
-0,006123265
-0,008840975
-0,03246449
0,007220992
-0,006267566
-0,0251684
0,02332145
0,01717485
0,0007395639
0,005035351
0,01472218
0,001672735
0,01987842
-0,01794082
-0,01672287
-0,02452269
0,004984494
0,0008079514
-0,01987758
0,006029715
-0,0118639
-0,02069411
0,01018001
-0,001721474
-0,01442645
-0,02876704
-0,0005947988
0,007220688
-0,01082793
0,007058524
0,01605559
-0,02950295
0,008341706
0,02150565
-0,01404646
-0,01611604
0,01349412
-0,00406848
-0,009713064
-0,004573884
-0,02453211
-0,01845565
-0,0004308791
-0,04243678
0,01934937
-0,0196925
-0,009525931
0,01940134
-0,02033594
0,006286966
0,0232985
-0,003013293
0,01614664
-0,01371042
-0,03411951
-0,01060409
0,01730814
-0,0003868591
-0,008441847
-0,009989727
0,005249926
-0,01363202
-0,002177711
0,02085358
0,01533005
0,008501675
0,01668842
0,02125249
0,02193866
0,0242832
-0,0141749
0,02962575
0,03007009
0,004688988
-0,008069187
0,02241004
-0,008645277
0,008486891
0,003018315
0,02731224
0,004675889
0,00185638
-0,01305184
0,000158787
0,004221916
-0,01630742
-0,01753233
-0,008648847
0,02167765
0,01917892
-0,01178819
-0,02307384
-0,03040546
-0,0297291
0,02477861
0,02080674
0,02139101
0,01832075
-0,02036209
-0,0187953
-0,00360784
0,0005925351
-0,03371373
-0,01511232
-0,00678144
0,02725248
0,001998881
-0,01965523
0,02851039
-0,0224823
0,02810103
-0,02239287
0,02753344
-0,00678106
0,0153417
-0,02930338
0,02110182
0,02035142
-0,02290686
-0,007332548
-0,01134272
-0,009042426
0,02422884
0,02355966
-0,00639497
0,02703386
0,01560914
0,0184128
0,005195549
-0,01049193
0,02452257
-0,007553438
-0,01297338
-0,02250773
-0,006930952
-0,03393077
-0,009204238
-0,03327588
-0,02730019
0,002649233
0,005785875
-0,03664296
-0,01352452
0,01126828
-0,04013485
-0,02130327
-0,01849785
0,01486183
-0,006520024
0,02487074
-0,02542527
-0,02647849
0,01304847
0,01714732
0,02727723
-0,02139114
0,01103723
-0,02055394
0,02303371
-0,0007102701
-0,01612427
0,01465823
0,00591946
0,005683332
-0,01706074
0,0007740788
0,01343085
0,01283828
0,02655417
0,01331106
-0,0004979714
0,01386223
0,00832448
-0,006368469
0,005949265
-0,01940731
0,02279036
-0,02660398
0,02230832
-0,02850537
0,00426698
0,02150255
-0,01543077
2,523225E-05
-0,02335123
0,01612359
0,004212693
-0,008962058
-0,02627926
-0,02627488
-0,02325082
-0,01630881
-0,02488384
0,003391249
-0,01176081
-0,03954652
-0,006204285
0,0133582
0,005179077
-0,004670355
0,006392546
0,006273403
0,01955197
0,006960939
-0,004982798
-0,00735825
-0,003847859
-0,008207251
-0,0158352
0,01777218
-0,01438607
0,006740377
-0,01278267
0,02122645
0,02197968
-0,009711049
-0,005366206
0,02933027
-0,009925231
-0,007237251
0,01770231
-0,0212606
-0,005330574
0,006984566
-0,008088605
-0,02709136
-0,0015416
0,02428843
0,02294685
0,0001388402
0,006004965
-0,03348779
-0,008705746
-0,01390046
-0,01156026
0,02675842
0,02364489
0,0007004116
-0,03522637
0,009019088
-0,02182118
-0,02310771
-0,02274218
-0,01058476
-0,03940083
0,001625147
-0,03481864
-0,01330988
0,017005
-0,02492901
0,005273593
-0,002389429
-0,003282855
-0,02182648
0,009299272
-0,002677826
-0,01872177
-0,01617854
-0,01329384
-0,006754307
0,02316522
0,000415581
-0,004693136
0,0126002
-0,02455967
-0,01698123
-0,02075623
0,02506521
-0,003717758
0,0216817
-0,009773729
0,01657555
0,01796679
-0,005783682
-0,033583
-0,003823252
0,02251007
0,02640271
0,004613759
0,007738628
-0,03393582
-0,02546558
-0,03236353
0,01110845
0,02181083
-0,02370526
-0,0030654
-0,02436593
0,001539399
0,01656886
0,008704502
0,004035018
-0,02113698
0,003128594
0,01970137
0,01634249
0,0228666
0,001783494
-0,008067885
0,01449044
0,001043394
-0,02573957
0,02125649
0,02707784
0,01765485
0,021275
0,009841499
-0,03009889
-0,01912028
-0,01721055
0,005313246
-0,01767803
0,005916922
0,004301365
-0,01105405
0,01381147
-0,005899651
0,007549724
0,01677274
0,02510897
0,009757009
0,02297054
-0,01955451
-0,00139566
-0,02885738
0,003708978
-0,004900506
-0,0246875
-0,002367598
-0,027314
-0,004564181
-0,01870364
-0,0008224133
0,01951944
-0,02263883
0,02141751
-0,021768
-0,03653676
0,01661277
-0,03999767
-0,01499543
-0,009477124
-0,03666994
-0,008559406
-0,01752377
-0,0005358363
-0,03055835
0,01218435
-0,009885372
-0,01943871
-0,005024577
-0,01464749
0,01674408
-0,004926933
-0,02222566
0,008479927
0,02416939
-0,008096131
0,0244003
-0,01839555
-0,005076009
0,001736593
0,0004737153
-0,02976525
0,009365489
-0,01325591
0,00690194
0,0136372
-0,006788399
-0,00649798
-0,001491472
-0,01422587
0,006402387
0,01191223
-0,007401791
-0,02227197
0,01740277
0,01210072
-0,01967805
-0,008064717
-0,01110953
0,00120991
0,007073588
-0,01690811
0,006523947
-0,01944728
-0,00564727
-0,03232639
0,006037009
-0,01114039
-0,04346989
0,01738859
-0,02326367
0,0103406
-0,0002852804
0,0201843
-0,03669561
-0,03253818
0,01543247
-0,0311025
0,02611998
-0,005514182
-0,007667751
-0,02880788
0,0183259
-0,01774762
0,007243654
-0,02750765
-0,02793929
0,02633727
0,01784017
-0,02105095
-0,02083977
-0,002101848
0,01584832
0,01529568
0,0193518
-0,01616529
-0,0124818
-0,01015908
0,01300074
-0,001930064
0,02612506
0,01696168
-0,008830077
0,004395776
-0,02876074
0,01910772
-0,02659559
-0,00957543
-0,0259156
0,007346167
0,02089214
-0,02999067
-0,009080328
-0,03683206
-0,02445782
0,00225208
-0,006411322
-0,008836241
-0,002174794
-0,009589166
-0,02831354
0,01329854
0,006105416
0,009340679
0,007041059
0,008604786
-0,03392183
0,01892826
-0,02348113
0,01799964
0,01705007
-0,003158695
-0,01127392
0,001188423
-0,00381971
0,003865435
0,007089968
-0,02056623
-0,02328421
0,01621138
0,02723701
0,007448872
0,01863136
-0,0289683
-0,01678563
0,02935353
0,02942109
0,0130896
-0,002685182
-0,02396064
0,01309328
0,0119043
0,01129357
-0,01447593
-0,009002505
-0,02231953
-0,03160682
-0,002612116
0,01659822
-0,01798186
0,01447784
-0,02228052
-0,01981075
-0,01443908
0,02456317
-0,01013567
0,01114129
0,01688747
-0,006804706
0,003474871
-0,03348766
-0,01582074
-0,01660435
0,008429158
-0,009354487
-0,008950971
-0,0328855
0,01052523
0,005047797
0,01368447
0,01270591
-0,01349805
-0,007092058
-0,02724752
-0,02652295
-0,02918541
0,0112972
-0,02896919
-0,02144077
-0,01275315
0,0007598969
-0,02407355
-0,01097094
0,01817429
0,02466435
0,01387783
-0,008424427
-0,004125231
-0,02920407
0,01124692
-0,02641881
-0,03107387
-0,02470737
0,01431184
-0,02900798
-0,007198579
-0,01243409
0,0144258
0,008917327
0,02105463
-0,02588763
-0,01538775
0,01930201
-0,02824034
-0,001395781
-0,004058752
0,01154534
-0,0272722
-0,02497591
0,01777287
0,007261002
0,01071777
0,008101531
-0,02499068
-0,02795774
0,0204774
-0,03170687
0,006539392
0,02475489
0,0141098
-0,02625569
0,002906696
0,01314154
0,02399206
0,008289581
0,01337349
-0,02325796
0,008901792
0,02779984
0,01074454
0,01270063
0,02120874
-0,01261568
-0,01417314
-0,02231857
-0,01820451
-0,01910319
-0,01862612
-0,01607217
-0,01219265
0,02381366
-0,02160418
-0,02267506
-0,02996857
0,02649859
-0,01430769
-0,01713712
0,01735785
-0,003011249
-0,02593152
-0,01632716
0,001841483
0,01803959
0,02094139
0,00667671
-0,002997799
-0,004683461
0,02262153
-0,01158097
0,01004675
-0,01193348
-0,03048686
-0,02748105
-0,004856507
-0,02118252
0,0200766
-0,0008130036
-0,00162714
-0,02589308
0,02823465
0,01378087
0,01751046
-0,00684222
0,008918224
0,0211914
0,0273706
-0,00620804
0,01006097
0,02744489
-0,008304898
-0,001169994
-0,01528975
-0,02477237
0,02089769
-0,01131769
-0,02903989
0,02795967
-0,009194331
-0,003021063
-0,001147858
0,003799752
-0,02188806
0,009277022
-0,009860197
0,02155351
0,01481836
0,02478239
0,0007005442
0,01350239
-0,03591523
0,005821767
0,005573927
0,009995026
-0,002456893
-0,02095724
-0,005877384
-0,02512248
-0,02897471
-0,04066918
0,00734507
-0,02367152
0,0171863
-0,03793953
-0,0322855
-0,01344138
-0,02390646
-0,03102176
-0,01066077
-0,01599328
-0,01815394
0,02490338
-0,0184915
-0,02767608
0,007553608
-0,007718612
0,003110287
-0,02312806
-0,02938168
0,01526688
-0,0239251
-0,02773561
0,02221523
0,02322944
0,02650564
0,009425699
0,01652944
0,0009431334
0,0005142575
-0,00237326
0,01547887
0,01179102
0,008466485
-0,01924866
0,003852156
-0,01525514
0,007568642
-0,024237
0,004542456
-0,03177002
0,008106948
0,008189493
-0,004529015
-0,01989804
-0,005380149
-0,03582526
-0,01055357
-0,002452807
-0,03543608
-0,03236491
0,00747368
-0,01468731
-0,02285084
-0,01053328
0,01953625
0,01432051
-0,01746948
-0,03248604
-0,0254238
-0,003085862
0,003730598
0,009359753
0,002289716
0,02480342
0,001410496
0,0002323231
-0,01526127
0,02466954
-0,00464545
-0,01253483
0,01088138
-0,005536771
0,001970783
-0,02952768
-0,02617966
-0,006792506
0,001817471
0,006655187
-0,01158544
0,02301034
-0,021949
-0,02426201
-0,01017975
-0,0161123
0,005728808
-0,01243613
-0,008531961
-0,02043333
-0,01358212
0,01492706
0,02477488
0,004625854
-0,037417
-0,02691217
-0,01272272
0,02035672
-0,02996621
-0,005675754
0,002985589
-0,03803139
0,008665144
-0,004232085
-0,0282219
0,009349723
-0,009567665
-0,01140893
0,01988453
-0,01494113
-0,007289271
0,001460111
-0,0156724
0,01022399
0,01254886
-0,01621643
-0,01079203
-0,001257726
-0,01361413
-0,01489199
-0,01259277
-0,01736725
-0,02589516
-0,02723698
0,006131446
0,005846293
-0,01204242
-0,02929331
-0,007668348
-0,004490389
0,005630998
-0,02736198
-0,01686812
0,02610415
0,02108287
-0,01692934
-0,02829665
0,0003940066
0,0167624
0,0005168316
0,01435501
-0,02118775
-0,01050041
-0,02482059
0,01033076
0,008027077
-0,00355697
-0,02524208
0,01834516
0,01160404
0,008651662
0,018383
0,004044025
0,01525322
-0,02462537
-0,0106098
0,02087151
0,009087545
0,027019
0,005776927
-0,002822385
-0,001985817
-0,03024608
-0,001865879
0,008457306
-0,007577469
-0,008359473
-0,0116478
0,02088562
-0,003023831
-0,02094551
0,01549556
0,004259111
0,01333757
-0,00204001
-0,02706183
0,01911957
0,02419178
-0,01458121
0,02183311
-0,02747079
-0,02947709
-0,02843301
0,002075072
0,005052084
0,006832764
-0,0127132
-0,01548121
0,006110898
-0,01109156
-0,01639218
-0,01207246
-0,0002063502
-0,01688176
-0,03126339
-0,02152785
-0,02770147
0,01204805
-0,008870604
-0,01012279
-0,0135884
-0,02457163
-0,01530565
-0,01063131
0,0009324141
-0,03655539
-0,01601934
0,02816948
-0,007902345
-0,02206958
0,006248252
-0,02950101
-0,00133894
-0,02473022
0,006504065
-0,001768065
-0,002798672
-0,00251301
0,02423411
-0,02842872
-0,0290644
-0,02720676
0,008659893
-0,002454351
-0,02026233
0,01840496
-0,01826937
-0,01261608
0,009518968
-0,01780806
0,02164663
0,0238686
-0,005547787
0,018752
-0,003945053
0,0149254
0,004884684
0,00137428
0,02224778
0,003377688
-0,01747406
-0,01178871
0,01586565
-0,00678701
0,006601586
-0,02769184
0,009074091
-0,0176982
-0,001417241
-0,003897377
0,01002471
0,004708762
-0,03666457
-0,01074934
-0,01645824
-0,01999201
-0,00253622
0,02485971
-0,0158335
0,01779126
0,01895488
-0,02822258
-0,01080185
-0,01652481
-0,007644319
0,01536895
0,009787411
0,009339679
0,01180882
0,02052627
0,02505619
0,02267782
0,004150548
-0,01084293
0,01346438
0,008859876
-0,01811899
-0,01870709
0,01597877
0,02970573
0,02878617
0,01587373
0,005733544
-0,02684175
-0,008386359
-0,02366927
0,02429018
0,02501871
-0,004409248
-0,02368249
-0,01923537
0,005807276
-0,01984601
-0,03333079
0,006341752
-0,03138686
-0,04275009
-0,00685574
-0,03954106
0,01142648
-0,01179357
-0,03009003
0,007414826
0,01515743
0,001943704
0,01653521
-0,03030358
0,007126469
0,0107032
0,01105859
-0,02659647
-0,005476767
-0,01845659
-0,008475889
0,0237271
-0,02705819
-0,003091766
-0,01518603
0,02481039
-0,01422886
0,02424607
0,01724361
-0,01673028
0,005522768
0,009473866
-0,01379258
0,00881602
-6,37538E-05
0,004781084
0,00145358
0,0076941
0,006613702
-0,02391098
0,01885609
-0,003435859
0,01703216
-0,02925409
0,01546819
-0,006337552
-0,008660358
0,02494217
-0,02079097
-0,02453125
0,004123864
0,02020571
0,001905959
-0,02013895
0,01280926
-0,03225803
-0,001642853
0,00384161
0,005933742
0,002414501
0,007181733
-0,0372237
0,006189269
0,0219355
-0,02541929
-0,02165449
-0,01318373
-0,01773244
0,009325143
-0,02327029
-0,01631534
-0,02297195
0,003104406
-0,01179614
-0,006837827
0,02719103
-0,02220372
-0,02863402
0,01451953
0,02137367
-0,0005886945
-0,01005912
0,01295836
0,009305266
0,002704679
0,007298185
0,02586202
0,02371397
0,0171089
-0,009627291
0,02498933
0,01732229
0,02238218
0,0223767
-0,01223836
0,02125635
0,01442657
0,0167972
0,02389245
-0,0009432972
-0,03625413
-0,03132667
-0,02670272
-0,03932985
0,01038251
-0,009112287
-0,01342242
-0,01398062
0,01529795
0,01305969
-0,04304836
-0,005102342
-0,03950869
0,01718827
-0,02057528
-0,006439184
-0,02026339
-0,03085103
-0,006639891
-0,0003213659
-0,01400292
-0,0007789261
0,0016224
-0,008141601
-0,01632805
0,0001059584
-0,01329584
0,008040526
-0,03017292
0,005590925
-0,01746889
-0,008624949
-0,01956062
-0,01827626
0,02143143
-0,006862175
-0,02580917
0,01072293
0,01697071
0,03110756
-0,01699689
-0,001813847
0,02332882
0,0197891
-0,01351197
-0,01311548
0,01690152
0,02581707
0,01210432
0,01996659
-0,00421351
0,002072479
-0,02201866
-0,02299059
-0,02582674
-0,008728571
-0,0048284
0,01304701
0,008484619
-0,01562899
-0,02939671
0,00693188
-0,01341157
-0,01282867
0,006887561
0,005555353
-0,006825862
0,01263955
-0,02962811
0,01651615
-0,007529391
0,006725206
-0,01296227
-0,004930492
-0,008939325
0,01984472
0,009287397
0,01168202
-0,02702233
0,02675294
0,01387218
-0,01042805
0,02861052
-0,01900049
-0,02546993
0,004263008
0,03140548
0,02142057
0,02977908
-0,00868325
0,01943693
-0,02015207
0,0205448
-0,005925683
0,01266846
-0,007566999
-0,0278057
0,001226356
-0,02179839
0,006961326
0,01878072
0,023014
0,01572864
0,010853
-0,01669913
0,01234665
-0,01764179
0,0168222
0,01701281
-0,01601044
0,008799692
0,0121797
0,01112598
0,01294149
-0,0005474031
0,02036566
0,01435714
-0,02312542
-0,01267392
-0,02171812
0,009156076
0,003310232
0,0189625
0,01172677
-0,02800139
-0,01438961
0,02048554
0,02387359
0,01257428
0,02601244
0,01727326
-0,02196224
0,004305306
-0,003356566
-0,0235116
0,01652599
-0,003484375
-0,0224572
0,01716026
-0,0169185
-0,01644445
-0,02563049
0,02096875
0,001924163
0,000225314
0,02505413
-0,00981089
0,02917064
0,01753939
0,01687582
0,004193512
0,01536827
-0,02515532
0,02528307
0,01958809
-0,02628677
-0,03105432
-0,03110677
0,005650808
-0,0362571
-0,04051056
-0,01539318
-0,02742673
-0,03803557
-0,004441614
0,006625207
-0,01481055
-0,01379907
0,01551889
0,02488502
-0,001741425
0,01047904
3,085755E-05
-0,02193744
0,02791929
0,006830305
0,01516738
-0,01365712
-0,01772631
-0,02344177
0,02436437
0,02279634
-0,02049343
0,02644669
-0,01148795
0,02910121
0,0299439
0,006547576
0,0009052043
0,02350101
0,008940917
-0,01314128
-0,01130574
0,003570551
-0,02199936
0,01472222
0,02139192
0,017515
0,02577062
0,01150982
0,003674226
0,0260556
-0,0245767
0,01423909
-0,02141107
0,01839706
-0,01987906
-0,03933758
-0,04083677
-0,02033675
-0,0133017
0,01283196
0,02367062
0,005307313
-0,02187106
-0,029
-0,01852173
-0,01934894
0,01126987
0,007409952
0,01411682
0,01359531
0,0224008
0,02463537
-0,01448693
-0,0119931
-0,005929976
0,02287218
0,02838829
-0,01790168
0,01203416
0,02580156
-0,009358558
-0,001663405
0,0002738212
0,02776992
0,0139093
-0,0104392
0,01000095
-0,008834053
0,008211446
0,02726476
0,006086169
-0,02166019
-0,009762574
0,01574161
-0,01655469
0,002016322
-0,0128937
0,0273013
-0,00287137
0,004908479
-0,03272381
-0,02122405
0,02137204
0,0198812
-0,03165802
-0,02188739
-0,0004302388
0,02504812
-0,007078384
-0,01433176
-0,03781911
0,005962848
-0,001214924
-0,003967802
-0,007656562
-0,007686535
-0,02246818
-0,01209164
-0,004244084
0,02768666
0,005761897
-0,00626913
-0,02903048
0,01951762
-0,02242601
0,01352581
0,001410661
-0,002495388
-0,02887637
0,01751216
0,003694726
0,02931886
0,01328533
-0,02682655
0,02277718
-0,02625349
-0,002032061
0,004130532
0,02181587
-0,004971355
0,01052126
0,008101409
0,01356879
-0,02383518
0,02186832
0,01792162
-0,003110678
0,01941796
-0,01567484
0,01066866
-0,01043702
0,02218517
-0,005107684
-0,003703767
-0,03710152
0,0003461365
-0,02650054
-0,03004047
0,004568363
-0,02592712
0,002084695
-0,03073274
0,02261749
0,007660145
0,0166021
-0,03139817
-0,02857745
0,003518085
0,01096118
-0,004711694
-0,02683838
0,007260705
-0,001990265
-0,02693239
-0,01125163
0,02497712
0,004499883
0,02327288
0,02662717
-0,01198719
-0,01811729
0,01299469
-0,02161409
-0,01397641
-0,004917017
0,004121916
-0,00328963
-0,01775198
-0,03165998
-0,02257818
0,01625396
-0,01504982
0,01626446
0,0002573877
0,009748359
0,0008750624
0,01063481
-0,03012996
-0,0220107
0,01091327
0,003479495
0,02132283
-0,03045833
0,01592578
0,007176035
0,009516213
-0,01081281
-0,01309622
-0,03023515
-0,03570473
-0,03429686
-0,01706724
-0,02397211
-0,005699047
-0,02701038
-0,03425631
-0,03216656
0,01016281
-0,01076487
-0,008918044
0,009357141
0,02558287
0,006100647
0,005733395
0,009781251
0,01503446
0,02014683
0,02426787
-0,01140227
0,0140012
-0,0191601
0,0004059843
0,009094016
-0,02036336
0,006379507
-0,01583905
0,005371215
-0,01452654
0,001093408
0,007086943
-0,03262996
0,02540184
0,02903225
0,02081586
-0,02803429
-0,006442181
-0,03172977
-0,02087325
-0,01315741
0,006275811
-0,005318298
-0,03538547
0,001018319
0,01455875
-0,02739506
0,0126708
-0,01934093
-0,005176743
-0,02978032
0,01487279
0,01461727
-0,0004403981
-0,02883071
-0,006301871
0,01856088
0,001371246
0,008824063
-0,02642323
0,0225962
0,02356632
-0,00331123
0,01494106
-0,02060957
0,01410572
-0,01081806
0,008902349
0,02329045
0,01214685
-0,001760873
-0,0162983
0,01233909
0,002322191
-0,0009148007
0,007538471
-0,01851711
-0,02241016
0,0176013
0,01634784
-0,03026272
0,01494495
0,0200495
-0,03267866
-0,02859939
0,003827965
0,0112745
-0,01154038
0,01449945
-0,005355377
0,02152714
-0,007410439
0,004793405
0,01580091
-0,01822087
-0,009023638
-0,02638462
0,007929402
0,01535456
-0,04276218
-0,009950065
-0,01546442
0,01661553
0,0005927843
-0,02847342
0,02434484
-0,02190718
-0,007118524
-0,02155047
8,052623E-05
-0,01430151
0,01826255
0,02097321
0,0284806
-0,02733168
-0,02321227
0,02906291
-0,004548457
0,01162635
0,003214044
-0,030619
-0,03011454
0,02423439
-0,006230719
0,01763517
-0,02698806
0,002786451
0,01364746
-0,02230302
0,02886478
-0,009477958
-0,007047586
-0,01850424
0,01293864
-0,01994872
0,00274513
0,02078474
-0,01652618
0,02328823
-0,02847921
-0,01747296
-0,01821524
-0,02773073
-0,02848556
-0,02768427
-0,03843759
-0,00622934
0,004714855
0,01428896
-0,02662314
-0,0117865
0,007383598
-0,03527182
-0,02063213
-0,03488881
-0,005446987
-6,999945E-05
-0,001208826
0,01805473
-0,02972101
-0,003877713
0,003283418
-0,01254466
-0,01657821
-0,02086125
0,02242852
0,003176864
-0,02748931
0,01257453
-0,00137977
-0,01561843
0,01320747
0,002205621
0,007331634
-0,01564855
0,01351657
0,02127833
0,01103424
-0,01816497
0,01287223
-0,0002414289
0,01924631
0,01664863
0,01699965
-0,005358114
0,002901485
-0,01226703
0,021771
0,01440265
0,006405177
-0,03615234
-0,01591063
-0,01831508
0,01202946
0,001551098
0,005587717
0,01979554
0,01605481
-0,04284828
-0,02719841
-0,01538866
-0,01606764
0,01752647
-0,01224848
-0,03273391
0,014745
-0,01785061
-0,005728005
-0,02992706
-0,01941515
0,006727197
0,02036917
-0,010989
-0,02156466
0,003692226
0,007562536
0,01517211
-0,003481637
0,01849634
0,007980957
0,003429391
0,01005911
-0,01109113
-0,03040363
-0,001144735
0,02458704
-0,01042484
0,01267082
-0,02975489
-0,0009939317
0,01484848
0,02550388
0,009242054
0,02078073
-0,0225789
0,02684743
0,01952977
-0,01021232
0,01400311
0,0006803126
-0,01948403
0,01536096
0,01080746
-0,01237111
-0,03676758
-0,03100136
0,02315616
-0,02924775
-0,02738774
0,02091011
-0,0399567
-0,005306725
-0,03520812
-0,01436546
0,01289512
0,01471276
-0,02657527
0,02610383
0,02333718
-0,02721638
-0,005615785
0,001628419
-0,004889338
0,006377281
0,002671804
0,01623848
-0,0166396
-0,001137963
0,03081058
0,005671013
0,01910926
-0,007684665
0,009338541
-0,01778811
-0,00823556
0,01108189
0,02121755
0,02119963
0,02867909
-0,01066096
0,02334236
-0,02310123
-0,003151906
-0,03113237
-0,006714516
-0,02376276
0,01555318
-0,01779008
-0,02713132
-0,01452343
0,01083578
0,01225392
-0,01124183
0,002714797
-0,03327925
0,004364934
-0,0125746
-0,03075537
0,01373178
-0,02334433
0,01499416
-0,01232792
-0,02935191
0,005215294
-0,02575427
0,003217494
0,01924169
0,02313897
-0,03136644
-0,02847188
-0,03503541
-0,011403
-0,03003102
0,005726132
-0,01604714
-0,007140641
-0,02425757
-0,004921319
-0,01718533
-0,007111974
0,02859215
0,02858043
-0,007217028
0,01087802
0,01633837
0,02795579
0,02745046
-0,02855032
-0,02200581
0,00918033
-0,01605463
0,008541917
0,02361627
0,01056628
-0,005547218
-0,007691717
0,02263123
0,01222074
0,01772079
0,013302
-0,01923954
0,01719101
-0,02496796
0,02175084
-0,02364857
-0,01228523
0,01041145
0,00841615
-0,01668755
0,001616711
-0,009460572
0,01618338
0,01709915
-0,006400442
-0,01643734
0,024902
-0,02386453
-0,00294223
0,02144484
-0,02116301
0,01123237
0,0207776
0,01531011
-0,009034334
0,01845359
-0,01050606
-0,004923392
-0,01040719
-0,01831176
0,02158944
-0,0003321193
-0,007435686
0,005711338
-0,003831216
-0,02422733
-0,0262239
0,01475167
-0,007251617
-0,007786088
-0,0149895
-0,02585658
-0,02564083
0,003942569
-0,009448877
-0,02804044
-0,01445022
0,01111588
-0,0120272
-0,009893257
-0,006909077
-0,022172
-0,01541123
0,01518348
-0,005017276
-0,03993348
-0,01924511
-0,03718147
0,009868261
-0,03082976
0,01919742
-0,03629935
-0,00822876
-0,001832773
-0,004665949
-0,02361548
-0,0269519
-0,01460649
-0,004300502
-0,007144284
-0,01920993
-0,02053981
0,0123632
-0,02305617
0,008430179
-0,02563059
0,003529092
-0,01577032
-0,006021196
-0,01436243
0,002328231
0,006781367
-0,02826394
0,02556595
0,01261663
0,007441077
-0,02299347
0,0001298886
0,02875918
-0,009014981
0,009423736
0,02511059
0,02079741
-0,01718978
-0,008599738
-0,02058662
0,004401134
-0,003944408
-0,02896554
-0,02360031
0,02258207
0,01960537
-0,02558434
0,01755859
-0,03415376
-0,02931144
-0,01707763
-0,03380978
-0,02922675
-0,008599786
-0,01585161
-0,03442473
0,002600383
-0,001405473
0,001408992
-0,01480667
-0,03694943
-0,001813586
0,02131372
0,02240341
-0,02756905
0,008526129
-0,00940008
-0,02343112
0,0151937
-0,01433355
-0,009687518
0,001802144
0,01778917
-0,004649046
-0,0008449073
-0,02639852
-0,01962789
-0,01702518
-0,008952497
0,008868234
-0,004504249
-0,02539372
0,01440828
-0,004545838
-0,02276079
0,02249458
-0,01491752
-0,002306159
0,02394474
-0,001028235
-0,01662194
-0,0154488
0,004765903
0,02668951
-0,02455655
-0,03418705
8,771683E-05
-0,030087
-0,03835644
-0,03217503
-0,01445202
-0,04547144
-0,03167207
0,01398704
0,01384966
0,01576811
-0,01342801
0,01072643
-0,03741458
-0,0144688
0,02024155
-0,004874093
-0,01525621
0,02910949
0,02612855
0,02697976
0,01840048
-0,003467176
0,01725783
-0,01655264
-0,005277117
0,02507951
-0,01708553
-0,01580791
-0,02862225
-0,0291044
0,02469125
0,01851327
-0,0139177
-0,002444191
-0,002595414
-0,02961509
-0,02186805
-0,02373768
-0,02123524
-0,009771983
0,02264248
0,02189402
0,001236679
-0,01899572
-0,002112989
-0,005683042
-0,004531463
-0,0009274723
-0,0009152234
0,01111351
-0,02968053
0,00135753
-0,04264833
-0,03464068
-0,032236
-0,03614758
-0,02071405
0,01137445
0,007773875
-0,007396572
0,009814597
0,01822871
0,01103387
0,01564688
-0,03808425
0,004535116
-0,0008992699
0,003317026
0,02370626
0,0290107
-0,01231454
-0,02446313
0,01766232
0,004467477
-0,024722
0,02760772
0,02841478
0,00565523
0,01280125
0,02758318
-0,001436797
0,01177039
0,0133964
-0,01270337
0,02781704
-0,01350773
0,0180038
-0,0251908
-0,01467284
-0,0127511
0,008988757
-0,01223258
-0,01181095
0,003875869
0,0005610727
0,02440513
-0,02756828
0,002367435
-0,02554832
0,01851957
0,02282888
0,02247175
-0,0007396089
-0,004716455
-0,01676113
0,01757817
0,009404029
-0,01469724
-0,03418631
-0,02638491
-0,02850593
0,008319086
-0,03542151
0,01352627
-0,03238182
-0,02739717
-0,02081379
0,002930816
0,02522257
0,01334319
0,01681829
-0,004671154
-0,0141258
0,006557833
-0,01057588
-0,02891022
0,01677224
-0,01612982
-0,02759713
-0,02079842
0,02636933
-0,005841675
-0,00179054
0,02251902
-0,02679298
0,005858852
-0,02312062
-0,02161331
0,02278924
-0,03025384
-0,003847095
-0,009397198
-0,0327532
-0,03035226
-0,02455752
0,02110486
-0,02066042
-0,003246187
-0,004129798
-0,007603173
0,007219837
-0,009430254
0,0001837289
-0,01450852
-0,03870073
-0,01244089
-0,005907007
0,01967872
-0,02555693
-0,01977655
-0,03111738
-0,005896075
-0,02088696
0,02282996
-0,015633
0,009458853
-0,01719113
-0,01702806
0,01676678
-0,002535111
-0,03150973
-0,02858689
0,009445732
0,02804537
-0,0123134
-0,004352558
-0,003449851
-0,01475965
-0,002445951
-0,00440724
0,02225747
-0,01236468
0,01463159
0,009808452
-0,001841708
-0,001793633
0,01745638
-0,02377206
0,02039479
0,005354688
-0,02748943
-0,02239575
0,02526277
0,0002664611
0,01523669
0,01940517
-0,02979894
-0,0285182
0,008747235
-0,007869163
0,002927486
0,01951118
0,005086791
-0,03911259
-0,01992156
-0,00362715
0,004383328
-0,00394783
-0,03976804
-0,003829247
0,02082964
-0,02322988
-0,01187019
0,01425545
-0,005905441
0,01706875
0,01428765
0,006266978
-0,005177397
0,01973883
0,025445
-0,02146096
-0,007203825
-0,02188781
-0,00551733
0,01937012
-0,02298029
-0,02325133
-0,02319456
-0,004437584
-0,004241752
-0,007444571
0,002748888
-0,02641052
0,02099401
0,02593687
0,005469378
0,01336289
-0,01457497
0,02062229
0,01036027
-0,02292151
-0,03076039
-0,02001601
0,001771257
0,01137509
0,008593292
-0,02408149
-0,03449142
0,02365009
-0,03279541
-0,01652643
-0,0004726944
0,01626933
-0,01530936
-0,01948507
-0,0110033
-0,01110756
-0,007727203
-0,008561173
-0,01057445
-0,002122103
-0,01041203
-0,0003713876
-0,0292007
-0,001228177
0,01170515
-0,007791321
0,02910058
0,004702693
-0,01317412
-0,02357163
-0,008541572
0,004028866
-0,02377762
0,01884213
-0,02142575
-0,02211725
0,004694305
0,0127016
-0,02010259
-0,02921917
-0,02575281
-0,02067562
-0,007183088
-0,02418291
0,01528953
0,007482697
0,005868935
-0,003468416
-0,006586088
-0,02887752
-0,02089159
0,01507497
-0,01004243
-0,03039073
0,001627302
-0,008031
-0,0267203
0,0224065
0,02105552
-0,02345803
-0,02677466
-0,008826797
0,003838797
0,02040456
0,01464185
-0,03973172
0,007815318
-0,006953903
-0,02904417
-0,0171421
0,01839052
0,01690986
-0,0184303
-0,01151688
0,001590319
-0,01042135
-0,01672115
-0,02578588
0,02329334
-0,0243214
0,01453212
-0,002769118
-0,02281897
-0,01437447
0,02942123
0,007889359
-0,01443731
-0,02404427
-0,01811399
0,0143765
-0,02919188
0,007012436
0,0146306
0,02479964
0,0205124
0,004945853
-0,001313103
-0,0029387
-0,01872272
0,01342698
0,0226428
-0,03004054
-0,01732008
-0,02780428
-0,02383318
-0,01619179
-0,008421342
0,01724368
-0,01014141
-0,02293888
-0,02286235
-0,02931806
-0,03213251
0,01312013
-0,01123902
0,001570404
-0,01627743
-0,01401
0,01708291
-0,02253036
0,002806445
-0,002027575
-0,01704
-0,008427615
-0,01189708
-0,01553973
-0,02777716
-0,005017343
0,006985733
-0,03278582
0,02123444
0,01295676
0,02133087
-0,02240684
-0,01637641
0,01730807
-0,01442749
-0,02428334
-0,0229228
0,01257077
-0,01737835
-0,007076627
0,009935327
0,02747423
0,002762371
0,02507736
0,002308886
0,02247636
-0,003864677
-0,0212403
-0,0175203
-0,02908961
0,001476029
0,02594438
-0,0294979
-0,019879
0,002902632
0,01012366
0,004780217
0,01107438
-0,0241189
0,02511415
-0,02044409
-0,009635028
-0,01976803
-0,01333781
-0,02478763
0,01860337
0,0003043769
-9,263298E-05
-0,01551721
-0,02767204
-0,02600948
-0,02263619
-0,03302213
-0,01157979
0,02487837
-0,007694357
0,02553497
-0,006724138
0,01660004
-0,01847954
-0,03169391
-0,004032054
0,01635575
0,0202599
-0,01658782
0,02703193
-0,02264197
-0,03011668
-0,01963858
-0,0007768938
-0,00551899
-0,009274115
0,003853157
-0,01720987
-0,02466669
-0,0183415
0,005659588
-0,024811
0,00951566
0,0001693856
-0,01607913
0,01701024
0,01532922
0,02680336
0,01343262
-0,01709938
0,01844543
0,005406421
-0,02014284
-0,02094135
0,01221848
-0,0242484
0,01498493
0,01432013
0,02265562
0,01314986
0,0009012045
-0,01111047
-0,02666202
-0,01995102
0,01283883
0,002112923
-0,003347633
0,0228407
0,01887405
0,0250485
0,007633977
0,01864672
-0,01595969
0,01539479
0,02069736
0,01885075
0,01411745
-0,01485858
-0,02980913
-0,01505877
0,01314992
0,01937442
-0,02448019
0,02411843
-0,02390697
-0,001533479
0,01722516
0,02959393
0,009175935
-0,02352982
-0,009254581
0,006813853
-0,01848783
-0,01599227
0,001662214
-0,02692192
0,02019008
-0,01208221
0,009953073
0,003165995
-0,01756088
0,01372712
-0,02749179
0,01406057
0,0009243368
-0,0414376
-0,01683184
-0,01384376
-0,01990677
-0,03729054
-0,002744883
0,006416301
0,01632866
0,007784876
-0,03084808
0,01686515
-0,01113659
-0,01326961
-0,01893503
-0,01068538
0,02104963
-0,001228628
-0,0115343
0,01216893
0,003289077
-0,02938621
0,007366064
0,0278461
-0,01795837
0,01449251
0,02589857
-0,01057462
0,002731296
-0,006975255
0,03009329
0,02538471
0,01226927
-0,01307015
-0,01668431
-0,02646635
-0,02755661
-0,0145523
0,006061382
0,003903005
0,004629578
0,008831628
0,008575493
-0,008550464
-0,0259556
0,005742847
0,003009292
-0,002260709
-0,02311344
-0,0127634
0,01142593
0,006249718
-0,009610943
-0,01795113
-0,02650177
0,00111448
-0,01613064
-0,007079345
-0,02206708
-0,0006946802
-0,03020033
-0,02066287
-0,02269017
0,000157667
0,01517376
-0,01998797
-0,02471035
-0,02356027
-0,02434651
-0,02249998
-0,01298439
0,005058222
0,02157378
0,01068634
-0,02519695
0,02310726
-0,01228531
-0,02212398
0,01656257
-0,001317107
-0,02698971
-0,01025769
-0,02383393
-0,01852124
0,007562882
-0,01642743
-0,006292541
-0,01578507
-0,03095917
0,004563634
0,01192259
0,004510876
-0,03413774
-0,03401634
-0,007615736
-0,01219817
-0,006127436
-0,02718004
0,00562965
0,02043591
-0,004503683
-0,007266031
-0,01058605
-0,03202783
-0,03514011
-0,02893323
0,010385
0,01017454
-0,02132063
-0,01786575
-0,01572646
-0,01891331
0,008597008
0,01766501
0,003791157
0,0126911
-0,02672635
0,02836185
0,0246698
0,0005524408
0,01756676
0,02077918
-0,02685812
-0,000121621
-0,007679129
0,009778299
0,003453035
0,01891472
-0,02170906
0,01111487
-0,009404034
-0,02469879
-0,004849897
0,01778535
0,02314955
-0,002441533
0,02043683
0,02612679
-0,02690564
-0,00661804
-0,01047566
7,986945E-05
0,02253789
0,006537624
-0,02398643
-0,006604397
0,02243117
-0,02530389
-0,00993417
0,00765974
-0,02470463
-0,006954909
-0,02336194
-0,02523456
-0,030719
0,003501731
-0,01122469
0,02218051
0,00829265
-0,008626745
0,004268072
-0,02699981
0,0116692
0,008619021
-0,03042092
-0,01443604
0,01885081
0,02086049
0,02437708
-0,02684387
0,02390567
-0,02188779
0,02262004
-0,0006223934
-0,02053402
-0,01631617
0,02456011
-0,008197616
-0,01472155
0,02482592
0,01257953
-0,009891683
-0,009639008
-0,007175804
-0,007596835
0,01645092
0,01604859
-0,02107263
0,0034105
-0,02620803
0,02818326
0,01921697
-0,02075883
0,00579586
0,01165919
-0,01804073
0,01927654
-0,01751053
0,003896122
0,02009575
-0,004537367
-0,03839574
-0,02001366
-0,01424581
0,01030389
-0,03314435
0,0008971015
0,009996359
-0,03265768
0,02344903
0,01482215
-0,0271269
0,01004833
0,01863532
0,01209879
-0,008971579
0,01588044
-0,01156781
-0,01518249
-0,01595247
-0,0006597963
0,01022277
-0,01239421
0,01654915
-0,02498247
-0,02675746
0,02698084
-0,01714598
0,01331487
0,02363714
-0,008823805
0,006062552
0,01255928
-0,01254836
-0,01264539
0,008754101
-0,03067882
0,02472041
-0,001787981
-0,02008823
-0,02469603
0,02766465
-0,0232954
0,005689632
-0,01208812
0,01884416
-0,0282397
-0,01646215
0,01989174
-0,00966434
-0,00785801
-0,005299779
-0,03441686
-0,01489958
-0,01260567
0,01491524
0,004698839
-0,007955301
-0,01720304
0,01192744
-0,02262866
-0,005395305
-0,0288394
-0,02148364
0,006257934
-0,01512347
-0,002364882
-0,003561152
0,004390139
-0,02501452
-0,01172457
0,0203121
0,01902541
-0,02559752
-0,0223542
0,0003538273
0,003086736
0,0105905
-0,0007308468
-0,01638106
0,02684284
0,007225953
-0,01234185
-0,01315564
-0,006466348
0,01806721
0,002616601
-0,01589965
0,01635043
-0,01234117
0,02171642
-0,003326135
0,00359599
0,01020486
0,02846475
0,008052859
0,01997567
0,02366609
-0,03250765
-0,03200566
-0,01182336
0,003905652
0,007857392
0,01021623
-0,03508355
-0,002304388
0,007559617
0,02123971
-0,01352247
0,02604277
-0,01083429
-0,0290254
-0,03080431
-0,02442805
0,02032995
0,005909856
-0,01871521
0,02050801
0,01914035
0,0194191
0,01044186
-0,01794154
0,009534422
-0,01627703
-0,01849256
0,0197373
-0,01411886
-0,02325201
-0,02400282
-0,001696032
0,006837293
0,007413312
0,01062501
-0,003943988
0,02016969
-0,01265839
0,02079983
-0,006877475
-0,02379626
0,01081115
-0,02725057
0,005135619
0,02485539
0,01751473
0,02237611
0,01373866
-0,005926301
-0,00297095
0,01740794
-0,014528
-0,007205619
-0,0335021
-0,03011786
-0,02856411
-0,01601764
-0,02586239
0,02616314
-0,003356139
0,005670687
-0,01544129
-0,01043538
0,004937052
0,01857165
0,01909
-0,008321487
0,01844515
-0,002981635
0,008460899
-0,01271677
0,005369718
0,01652324
0,01581944
0,01158571
-0,02420348
0,01459836
-0,02758183
-0,01381955
0,02121521
-0,01135979
-0,006042568
-0,006618634
0,01805424
-0,01378346
0,01409414
0,02988051
0,002456947
0,0004023701
-0,00260335
-0,0286584
0,007253703
-0,01344342
-0,01110257
0,0148385
0,01854202
-0,01538645
-0,005761809
0,01638796
-0,02573058
-0,008936382
-0,02569181
-0,01488891
0,011182
-0,02762019
-0,02318612
0,0002598744
0,008145144
-0,008535417
-0,03310835
-0,007846083
-0,012576
0,02275704
-0,02422464
-0,01996279
-0,01492764
0,02707801
0,006675777
-0,00923353
-0,02219806
0,02193605
0,02144639
-0,01162934
0,02875576
0,004806828
0,01035385
-0,01207533
-0,004702435
0,0297969
0,02238354
0,0180256
-0,01356752
-0,01398044
-0,01881864
-0,005133295
-0,01992474
-0,02913617
0,00381394
0,007069049
-0,02967576
-0,0228949
-0,01362983
-0,02093238
-0,003084673
-0,03100784
0,01236086
0,008978828
-0,02463977
-0,02408567
-0,002424625
0,02153775
0,008830446
-0,02903752
0,004909928
-0,02284168
0,002712382
0,01665582
-0,007963821
-0,01785555
-0,00382089
0,02472186
-0,02084486
0,0119688
-0,0008905159
-0,01641013
-0,01836095
-0,02596712
0,01510238
0,01497131
-0,02635967
-0,01492631
-0,007621748
0,03035744
-0,009280628
0,03022433
0,006431703
0,01220233
0,02095659
0,02811265
0,02251096
0,02973296
-0,02060763
-0,01256012
-0,0003968473
0,02913254
-0,02435684
-0,02039914
0,006532437
0,02932033
0,01895975
-0,01119832
0,006387929
-0,01118029
-0,02311645
-0,02683529
0,02709509
0,0004284705
0,004728756
-0,0184856
0,01646155
0,005253701
0,02292828
-0,009197417
-0,02695257
-0,01702813
-0,0003172744
0,01085795
0,01515377
0,008851523
0,003165391
0,02297526
-0,02978708
-0,003343902
-0,00807847
0,003109317
0,01973856
0,02424162
-0,01377629
0,003419286
-0,02163678
-0,02784275
-0,0015199
0,0174417
0,02701425
0,01504069
0,009439887
-0,02635578
0,02407813
-0,01146568
-0,0264488
-0,02553651
-0,02602315
0,007156966
-0,02085222
-0,01567874
-0,02701367
0,01627187
-0,01726511
-0,01585383
-0,003314987
-0,007505273
-0,007951684
0,02643289
-0,008838761
0,02465991
-0,01141557
-0,02085699
0,02579688
0,00349279
-0,01948252
-0,03008277
-0,01671065
-0,02776727
-0,02695656
0,01508695
-0,02210754
-0,02247514
-0,002604998
-0,008200871
0,005811483
-0,003243458
0,01755824
-0,001755169
0,006388124
0,002996672
0,02019928
-0,006211011
-0,01094485
-0,02089286
-0,001219453
-0,02702448
0,01210871
-0,02891935
-0,02316892
0,01668337
0,0101323
0,002705229
-0,004388981
-0,02782341
-0,003394664
0,000545871
-0,02174421
-0,01108553
-0,0249876
-0,02870097
0,01839377
0,0299363
0,002298197
-0,006530565
-0,02462683
0,02285569
-0,01215532
0,02195292
0,007790046
0,02846074
0,004302377
0,0244701
-0,011878
0,01708961
-0,0286322
0,02295573
0,017638
0,01530395
-0,02535336
-0,02187337
-0,01234359
-0,01651246
0,02639689
-0,0123143
-0,02467938
0,005346495
0,01407932
-0,005606221
0,02418389
-0,02432765
-0,01036618
0,001174796
-0,006218003
0,005886382
0,01547478
0,0218168
0,02281317
0,02653317
-0,02631821
0,006916865
0,01547565
0,02064802
-0,006405491
-0,02166995
-0,01783413
0,01567718
-0,01709542
0,007542662
0,02905691
0,002275847
0,01067806
-0,007932434
-0,01679405
0,02535499
0,01202229
0,002285283
-0,0288121
-0,01702282
-0,01391575
-0,001696342
-0,022619
0,02310697
0,02717413
0,0002181366
0,006334956
-0,02837772
-0,0006953744
0,0129922
-0,02763435
-0,01866317
-0,02864106
0,02352706
0,01236781
-0,001918079
-0,00647849
-0,0003085097
0,02181159
0,01977333
-0,022617
-0,008425483
-0,006355003
-0,02213601
-0,002751825
-0,007487934
-0,003822427
0,02915333
-0,01231142
-0,001058007
0,02465984
-0,01709042
0,02018167
0,009175685
0,009825842
0,005457273
-0,001053991
0,02252932
0,02327551
0,02274407
0,0003275612
-0,0214396
-0,01559814
-0,00114848
0,004288605
0,0164882
0,0001902288
0,01647258
0,009128721
0,0142762
0,0001200578
-0,01885861
0,01025937
-0,01874613
-0,02450697
0,0247679
-0,02648221
-0,03083035
-0,004484881
0,004579074
-0,02516891
0,009555221
0,01605735
-0,02757352
0,02057273
0,02058751
-0,007344718
-0,006800527
-0,01544142
-0,02214605
-0,02909974
0,003107417
0,007720066
-0,03016446
-0,01006559
0,02911748
-0,02252801
0,02634135
0,003988802
0,01148554
0,02320802
0,01004006
-0,01026117
0,003986063
0,02918912
0,0131641
0,003205983
0,008742273
0,003096641
0,01506991
0,001084914
-0,001454172
-0,003919827
-0,01212655
0,01736121
0,02070451
-0,007425035
-0,01806659
0,008835218
0,01359164
-0,006658734
-0,02374467
0,001847171
0,001258498
0,01327703
0,02728695
0,003891231
0,009647588
0,02162314
-0,02327345
0,01759205
-0,02150914
-0,003095672
0,01547995
0,01300346
-0,004584482
-0,01002234
-0,01795979
-0,02605258
-0,02245915
-0,0124181
0,01500363
0,0211771
0,0002093038
0,007269572
0,002816162
-0,02259295
-0,01005655
-0,01678098
-7,774712E-05
0,006428768
0,02580195
-0,01275181
0,02057027
-0,01211259
0,01628724
-0,02189242
0,0190004
0,02113669
-0,02809042
-0,02109809
0,02354078
0,01712255
-0,004711406
0,02740396
-0,007823395
-0,02858843
0,01094904
0,005435301
-0,008663827
9,982504E-05
-0,01990915
-0,0216945
0,001319059
-0,003806853
0,009260295
-0,01353775
-0,02836754
0,02469081
-0,01934647
0,01976944
-0,01565388
-0,003262118
-0,007710812
0,002060697
0,0231598
0,02236692
0,007169363
-0,002176501
0,0271291
-0,01225684
0,002310645
-0,008063673
-0,02825333
0,02913123
-0,005115489
0,02838854
-0,004316951
0,003491708
-0,01480661
0,001349085
-0,00308474
0,0147653
0,02220719
0,03015992
-0,003941957
0,01754516
0,01658188
-0,005497654
0,009407705
9,125905E-06
-0,02353978
0,02498148
0,01032897
-0,01749175
0,02494762
-0,003582677
-0,005223136
0,02390118
-0,02570017
0,00037994
-0,005160068
-0,01677352
0,008781618
-0,02628423
0,02898131
0,0190817
-0,02355738
0,002857131
-0,02868616
0,0113578
0,02139816
-0,001095997
0,009612453
0,01017736
-0,006676348
0,0005751431
0,005571534
-0,007211614
-0,02403094
-0,02454359
-0,02424873
-0,0173906
0,01895827
-0,002765544
-0,01872453
0,007724404
0,01215273
0,01998864
-0,02572856
0,02898654
0,003454402
0,002334958
-0,0009217686
0,01529328
-0,02367758
-0,01638384
-0,0241469
0,01839979
-0,0286578
0,007688172
0,01115806
-0,01616272
-0,006755856
0,02861766
0,009432511
0,008282913
-0,01448629
-0,02977036
0,01998386
-0,005496949
0,02155856
-0,02789463
0,01785667
0,02942973
-0,005207513
-0,01755074
-0,005075284
-0,018327
0,02304517
-0,00896774
-0,02328036
-0,01310492
-0,001611704
-0,02711325
-0,02212715
-0,01103664
0,03034557
0,02475111
0,003788735
-0,02055948
-0,005483594
0,01768405
-0,008620226
-0,001124877
-0,005062019
0,02247156
0,01994513
0,02091165
0,0184457
0,003633655
-0,007781736
0,01195254
0,03056526
0,01034501
-0,02259239
0,001320206
0,01499346
0,0002064078
-0,009496383
0,0245448
0,01928788
0,02478411
0,02587703
0,01083578
0,000880783
-0,00586471
0,01596085
-0,009626548
0,02070287
-0,009507705
0,008561852
-0,008645996
-0,002989192
0,01050354
0,03057855
-0,02607511
0,01137468
-0,01091565
0,004486956
0,00287584
-0,006994558
0,004610341
-0,006275562
-0,01052837
0,02947853
-0,004522107
-0,01295151
0,01870448
0,02604103
0,007173344
0,004477652
8,778217E-05
0,004264449
0,009851085
-0,009187834
0,0003840787
0,02239161
0,01114385
0,02860175
-0,0291733
-0,02348127
-0,0004191631
-0,02977302
-0,002038205
0,02565178
-0,02915381
-0,01507238
-0,00994139
0,01039489
-0,02651336
0,02056172
-0,004087371
0,02629693
0,01819029
0,00149918
-0,01532361
0,0009626371
0,006372826
0,01194385
-0,02458333
-0,02293191
0,02782938
-0,00511357
-0,01650633
0,01659341
-0,02152007
0,01770074
0,01774696
-0,01032802
0,0001696443
-0,01788041
-0,02978363
-0,008931782
0,00367883
-0,003594746
0,02405953
0,004365946
0,02644308
-0,005555406
0,02865665
-0,01947327
0,02761062
-0,02165773
0,02258446
0,017252
-0,02141568
0,004406054
0,01666664
-0,02164437
-0,02386624
0,03002056
-0,01398632
0,02980463
0,02318005
0,02436134
-0,0207051
-0,0253246
