-0,02868358
0,02599965
0,0002628459
0,0244577
-0,001394846
0,02615854
0,006795336
-0,02685701
0,01486276
-0,01623572
-0,01879942
0,03138629
-0,02489523
0,0008185183
0,01044783
0,005554616
-0,03124298
0,004105772
-0,02629901
0,003139896
0,01739415
0,009663587
0,02336969
-0,01306951
0,02079128
0,03147662
0,01159952
0,02081805
-0,019103
0,02840632
-0,009985392
-0,01098191
-0,02325356
-0,02439275
0,01988417
0,02590968
-0,03316458
-0,02397484
0,01631844
0,028365
-0,005916634
0,01575865
-0,01468961
0,002877039
0,006549597
-0,003729217
-0,0164508
-0,0173583
0,02960925
0,01748724
0,02455708
0,01224168
-0,007783225
-0,01760259
0,011347
-0,002762194
-0,02624889
-0,02100001
-0,0387058
-0,01484425
-0,01692303
0,01480011
0,02363237
0,02662713
0,02680366
0,01790896
0,01746869
0,02941882
0,01043519
0,007883543
0,00230177
0,02182954
0,014087
-0,02355273
-0,02338889
-0,03200241
-0,01146774
-0,004077781
0,01073526
-0,01093654
0,01541061
-0,005431669
0,02418834
-0,0171982
-0,03697782
0,009641098
0,02325494
0,01662988
-0,01917472
-0,007765068
0,0203799
0,01665549
-0,02731456
-0,008958395
0,01460921
0,01000817
0,02188554
-0,006341313
0,008104338
0,01802538
0,009889854
-0,01794377
-0,0004190031
-0,01521409
-0,02218034
0,03543939
0,02860185
-0,03635217
-0,06052144
-0,01157371
0,03391865
0,02052678
0,01895778
0,02535496
0,02127473
0,008447828
0,01769467
-0,01748731
0,003505789
-0,02438735
0,008899393
0,007262476
-0,005739138
-0,03837317
-0,008854656
-0,004544995
-0,006886165
-0,003470106
-0,006159054
-0,006721595
-0,01775959
-0,0252152
0,02048315
0,0001068257
0,006800039
-0,005825443
0,007412837
-0,01527638
-0,04150523
-0,04242399
0,004496857
0,01357938
0,02871064
0,02174878
-0,002111727
-0,01928198
-0,01865049
-0,008644916
0,008731151
-0,02842985
0,0188339
-0,006953861
-0,0008704677
-0,03840411
0,02657939
0,0700976
0,01975705
-0,04212759
-0,04040031
-0,0365415
-0,07363337
-0,02601538
0,0260464
-0,02330177
-0,02783421
-0,0125908
0,01145733
0,01024865
0,03449404
-0,02211848
-0,003548909
-0,02359577
-0,02564516
-0,007328741
-0,001685984
-0,05349596
-0,00900152
0,005019298
-0,0132878
-0,02221319
-0,005323734
-0,02222983
0,04441981
-0,03045059
0,01745607
0,06298377
-0,01474194
-0,02978878
-0,009087177
-0,001478932
0,01342496
0,00190346
0,02149828
0,01653101
-0,03029661
-0,0280465
0,01681662
-0,003939975
-0,0005783861
0,003894386
-0,01583343
-0,01169461
-0,02241166
-0,01659789
-0,04482601
-0,01703081
-0,04544402
-0,00433596
-0,01850283
-0,006372027
-0,1080687
-0,05699714
-0,02307534
-0,07620268
-0,03699491
-0,08950748
-0,07850894
-0,04482228
0,01201031
-0,01552639
-0,03097196
-0,01244942
0,01935232
-0,007305964
0,03637467
0,02352145
0,07130367
0,08447116
0,05374102
0,01326823
0,06094019
0,03600969
0,001489419
-0,05717438
-0,02593277
0,02664276
-0,01065189
-0,002977958
-0,03241653
-0,03568512
0,00739383
-0,01482229
-0,0007365648
-0,03508396
0,01603292
0,004030858
0,01715679
0,02485013
-0,02752488
0,0004940549
-0,009919491
-0,0155385
-0,003607344
0,01845094
-0,04183928
0,003830654
-0,002903542
0,02135392
-0,1109268
-0,01459163
-0,05086115
-0,04670875
0,001493994
-0,03978763
-0,09455983
-0,1218024
-0,1237316
-0,04402286
-0,01296437
-0,05702462
-0,05546546
-0,07462179
-0,03989745
0,09202019
0,1022179
0,05368742
0,1114577
0,1590685
0,1507159
0,1062972
0,06193899
0,05346964
0,04392945
-0,05657399
-0,08760065
0,0595418
0,06226723
-0,04512085
-0,04105144
-0,01113485
-0,02289548
-0,01358955
-0,01149809
-0,02016445
-0,03190158
0,01928383
-0,02155377
-0,02018065
-0,003599793
-0,02150869
0,006595062
-0,001862125
0,009443528
-0,03918513
-0,01053631
0,003334856
0,06278362
0,08759847
-0,01142764
-0,03341422
-0,03394682
-0,07205132
-0,06659595
-0,1504891
-0,152597
-0,2015079
-0,1854124
-0,1189124
-0,0831022
-0,08391449
-0,05912257
0,02619411
0,04957615
0,08757492
0,1013069
0,0668074
0,04658274
0,1460352
0,04711428
0,1151758
0,05654115
0,112108
0,1090248
0,1220819
0,08094044
0,1306184
0,005996928
-0,03778581
-0,03147005
0,0005718154
0,0111533
0,0155467
-0,008919513
-0,01149809
-0,02636654
-0,02559654
0,009217645
0,02531758
0,007247936
-0,0148126
-0,001439168
-0,01961926
0,05031391
0,01643052
-0,03370424
-0,013788
0,06633285
0,04779726
-0,03090399
-0,06931514
0,01665478
0,01955139
-0,06740428
-0,03903767
-0,1511634
-0,1240043
-0,1353771
-0,2155776
-0,2567261
-0,1729943
-0,07725014
-0,07773487
-0,09500109
0,02758353
0,212445
0,1550069
0,1802179
0,1862584
0,188413
0,04643173
0,1611317
0,06063179
0,1302231
0,05215687
0,09975574
0,03345796
0,03752518
-0,0270662
-0,01760733
0,01104056
-0,007088623
0,003792566
0,02790569
0,002659782
-0,004231658
0,006205514
0,001181138
0,02588962
-0,0153885
0,01557135
0,003349743
0,0309434
0,03021298
-0,03838516
0,02112856
-0,08499417
0,03201384
-0,02410458
-0,1207014
-0,0899244
-0,1521089
0,01461251
-0,1154578
0,03722287
0,06404037
-0,07409108
-0,05286521
-0,1197997
-0,2179627
-0,1930873
-0,1685515
-0,09954519
0,0022014
0,1323488
0,1322111
0,2832808
0,09863192
0,1672411
-0,06033802
0,083404
0,08606589
0,01342578
0,01275896
0,04140479
0,07728361
-0,04265348
0,03272721
0,08477265
-0,005746837
-0,04894606
0,04328196
-0,02191987
-0,02309134
0,02199003
-0,00244945
0,01079253
-0,01659675
0,009228931
-0,02231716
0,01011148
0,02557437
0,02598713
-0,04966983
-0,03528459
-0,01627116
-0,01195045
0,01605719
-0,07495703
-0,1528976
0,04606396
-0,0269886
0,005090163
-0,05269113
-0,04085407
-0,07891796
-0,03845118
-0,06981023
-0,04038035
-0,1315562
-0,1545
-0,144176
-0,005870312
0,1319216
0,2618569
0,2730888
0,08630042
0,1342547
0,03392888
-0,05793187
0,09076682
-0,09323931
-0,07994117
-0,04997715
0,089816
0,147768
0,06304386
-0,09064963
-0,0423955
-0,01552625
-0,1220212
0,04844148
-0,04598485
0,007302789
-0,01146534
-0,05821405
-0,03538208
-0,006157845
0,01663582
0,02334956
0,008319456
0,01790793
-0,02576707
-0,02497583
0,03223045
-0,005340956
-0,0097263
0,1649394
-0,02133271
-0,146822
-0,06988863
-0,05324904
0,01442623
-0,07292273
0,06530204
-0,05531539
-0,02992199
-0,06797919
-0,08589501
-0,006937827
0,003985211
-0,08216011
0,04141888
0,03374895
-0,04053603
0,239255
0,1647614
0,1121305
0,1056472
-0,01961447
0,2443886
-0,02468492
-0,01668447
-0,1571139
0,06626686
-0,02278811
0,07336061
-0,04822528
0,02822781
-0,1192925
-0,0909692
-0,02649355
0,002513903
0,03955146
-0,05056062
-0,06186191
-0,008814659
-0,03927073
-0,0132372
-0,00922198
-0,01432078
0,01616228
0,01807204
-0,009298289
0,02126268
0,001100472
0,001343927
-0,04889597
0,01198117
-0,02682734
-0,1734664
-0,06333048
0,07121143
-0,08987051
-0,1389105
0,06036668
0,1193958
-0,0176085
-0,006556194
-0,1436903
-0,01950724
-0,09914244
-0,1468479
-0,09723701
0,05978892
0,1625833
0,1562661
0,1369961
0,1372735
0,02401161
0,06134325
-0,06343648
-0,02794955
-0,1818953
-0,02353005
-0,07738163
-0,08592976
0,03469644
0,05657973
-0,06765775
-0,02470811
-0,08158045
-0,01484269
-0,07068475
-0,1290216
-0,04413832
-0,05635149
-0,0206136
0,006355589
0,01533498
0,00418192
-0,002064303
-0,00375776
0,02921013
-0,06035878
-0,04148533
-0,06210402
-0,2171005
-0,2016271
-0,03594989
-0,002533094
-0,06359839
-0,02160264
0,129474
-0,05129175
-0,06262435
0,06955108
0,02881729
-0,06359811
-0,1230339
0,07372829
-0,09405
0,0286262
-0,04759762
-0,06241838
0,2043183
0,05377839
-0,05934726
0,1477014
0,1811876
-0,1277558
-0,1363888
0,04296554
-0,007672187
-0,03418395
-0,1220598
0,02372835
-0,06172521
0,05576186
-0,05844524
0,03071164
-0,05997813
-0,03430626
-0,14241
-0,1012828
-0,01339757
-0,001209784
0,004061054
-0,04266694
-0,009866584
0,00277359
-0,02645084
-0,002488972
-0,01150336
-0,06145334
0,07371178
0,0003485678
-0,1302616
-0,02911318
-0,05256931
0,05403402
-0,02054736
-0,0890232
-0,1389003
0,07047263
-0,09381875
-0,03014678
0,01528945
-0,04454013
0,03762113
-0,1673087
-0,2780012
-0,1175672
0,09331855
0,2236898
0,1421118
0,05202294
-0,1049196
-0,06963432
0,00144306
-0,03003258
-0,008366453
-0,0763727
0,02261786
-0,001174493
-0,1370872
-0,1834542
0,03309146
-0,1031629
-0,06583007
0,04038776
0,02878534
-0,01583064
-0,06696951
-0,1459615
-0,05657342
-0,03436103
0,02032118
0,01300438
0,01836444
-0,02217419
0,0189939
-0,03023737
-0,01320668
0,01122244
-0,05940381
0,04428042
-0,04138147
-0,120472
-0,0239484
-0,0825076
-0,0468822
0,001722668
0,03345085
-0,1226616
-0,1175051
-0,06416748
0,02205263
0,078373
0,01037122
-0,1282436
-0,1265276
-0,09876752
0,1845492
0,1225923
0,1090242
0,1574209
-0,01869947
0,05840614
0,1501129
0,159111
-0,1147084
-0,1968356
-0,03469552
-0,07752208
-0,1386794
-0,2304623
-0,1779371
-0,005165428
0,02705394
-0,1276546
-0,05066069
-0,1248066
-0,1056724
-0,03675965
-0,08148125
-0,03471583
-0,005290191
0,01120224
-0,03072144
-0,01083565
-0,02591015
-0,002857505
-0,003897932
0,07230529
-0,07550132
-0,1185614
-0,07201539
-0,03467961
0,01613338
-0,03891237
-0,1600082
0,0866024
0,1007799
0,04796398
0,1484153
0,03303022
0,05489025
-0,07684559
-0,01299715
0,04087529
0,05121983
0,009102152
0,08398402
0,06561086
0,267187
0,1856193
0,06085703
-0,05835084
-0,001716825
0,03401877
0,02893928
-0,009835054
0,02567143
-0,040146
-0,1192279
-0,03909483
-0,08221702
-0,05392732
0,0521396
0,1223326
-0,01462571
-0,05037158
-0,1121913
0,02873968
-0,002132955
0,03977504
0,005366607
-0,0266604
-0,02676207
0,01106705
-0,01375509
0,01657491
0,02095258
0,0160849
-0,01401273
0,007763471
0,03161648
0,07052416
0,05711459
-0,1034513
-0,08130436
0,02785096
-0,04434092
0,009681503
0,04099612
0,1617957
0,1287835
0,01833049
-0,1076632
-0,03282143
-0,2770908
-0,1313231
-0,02478876
0,1217924
0,2207127
0,1192412
-0,03734661
0,1103027
-0,03225936
0,08027
0,07132187
0,1448392
0,06415174
-0,04616397
-0,2479479
0,02522732
-0,05227088
-0,1608341
0,01830233
0,06787285
-0,04431619
-0,01112653
-0,02075042
0,01566369
0,03071809
0,02675405
0,01353078
-0,0199549
0,02996494
0,01456627
0,01090783
-0,005660653
-0,006329224
-0,02319531
-0,05134258
0,01433154
-0,02471117
0,02833023
0,01790039
-0,09794177
0,1080089
0,151864
-0,01632069
0,1063746
0,02380784
0,005953841
0,02224762
0,1355449
-0,05339626
-0,07526781
0,01278724
-0,04817648
0,07485482
0,1829935
0,2514199
-0,231615
0,07634167
0,2049533
0,09228582
-0,05430232
0,005267937
0,1809954
0,2969149
0,01803581
-0,191393
0,0622945
-0,05290166
0,06744687
0,0146686
-0,008717328
0,1474722
-0,08037714
0,01645083
-0,03597598
-0,0003305671
-0,01866058
-0,01906566
-0,04190892
0,02092944
0,02914111
0,02139455
0,02564733
-0,03765256
-0,003984921
-0,02030305
0,0878941
0,1072264
0,07149158
0,1133601
-0,02270406
-0,07842787
-0,0339787
-0,02689718
-0,0267585
0,1822339
-0,05595499
-0,02316182
-0,1927537
-0,0343657
0,1396088
0,1537701
0,1436494
-0,00970861
0,10185
0,2169505
0,04990334
0,03760791
-0,1067439
-0,1232629
-0,01279118
0,0778435
-0,02597523
0,04176486
-0,06635101
-0,1158193
-0,2279806
-0,2277799
-0,1177291
0,06218853
0,005033749
-0,0016035
-0,08368374
0,07486147
0,01296576
0,05516239
0,07269903
0,01987988
0,001231691
-0,01657959
-0,0211463
0,01375161
-0,0270697
0,00567543
-0,03638431
0,009938531
-0,05031026
0,08423973
0,0192518
-0,07997993
0,08300623
0,205946
0,09390993
0,006221619
-0,1311993
-0,08762792
-0,09568077
-0,1422535
-0,05952225
-0,09646553
-0,1134324
0,1293114
0,2211658
0,1130882
0,06649277
0,1305035
-0,00308794
0,0006666072
-0,08618407
0,03197844
0,06954212
-0,06622739
-0,04466815
-0,2694677
-0,06558225
-0,08666515
-0,08297541
-0,138359
-0,1557016
-0,02784536
-0,1291999
-0,09722665
-0,04550676
0,002943963
0,1081649
0,01910484
0,02150544
-0,04957467
-0,01577046
-0,0008474863
0,0333374
0,01578424
-0,0163418
-0,002443498
-0,01577509
-0,01033012
0,03957405
0,06991849
-0,08916166
0,03308004
0,05658928
0,1278554
0,04606435
-0,05433242
0,01184076
0,0008878782
-0,2299461
-0,07870666
-0,08014854
-0,02712829
-0,1901678
-0,06294022
0,06140164
0,2565878
0,2224865
0,09093887
0,1069076
-0,08933281
-0,01709916
0,06078919
0,1779348
0,02463809
-0,05138478
-0,008600713
-0,1068534
-0,2554265
-0,2634974
-0,07481811
-0,1876922
-0,04042514
0,01249021
-0,08874531
0,01253529
-0,03775202
-0,01641707
0,09198633
-0,01893177
-0,02114084
-0,06102165
-0,01246226
-0,02458149
0,02451268
-0,01211959
-0,02099491
-0,01928
0,04119132
-0,01362764
0,06886576
0,1207848
0,0006504484
-0,09085721
0,04046262
-0,03551907
0,09888048
-0,08193907
0,002446737
0,1787917
-0,01686064
-0,2824158
-0,1026697
0,1200017
0,185562
0,07610554
0,01904842
-0,06995343
0,06837201
-0,200661
-0,1170692
-0,06191724
-0,1433114
-0,125948
-0,09078518
0,0525773
-0,03614659
-0,0825081
-0,2386843
-0,2600951
-0,3518951
-0,08750739
-0,06085794
0,009515956
0,02610292
-0,02470484
0,03736411
0,01503258
-0,01705557
-0,05846432
-0,08455729
-0,08118185
-0,04955709
0,008815527
0,01282599
0,008917558
-0,02371789
0,006746962
-0,06500381
-0,005142199
0,03723364
0,04045499
0,1955971
0,09817755
0,131178
0,1366874
0,259295
0,209097
0,2058232
0,02685747
0,2604904
-0,05024524
0,1791245
0,166913
0,007640128
0,42307
0,3715074
-0,01040385
-0,01300365
-0,05234452
-0,07618049
0,001932941
-0,05478157
-0,03261067
0,02238903
-0,1780596
-0,1160651
-0,03762341
-0,1719184
-0,2767727
-0,231123
0,07337134
-0,2389011
-0,2446801
0,09102651
0,02101022
0,01319949
-0,03553155
-0,06719114
-0,06343815
-0,04365216
-0,03465347
0,007901467
-0,005331215
0,007522991
0,01416568
-0,025739
0,005433878
-0,04274284
-0,03392581
0,1521957
0,01858198
-0,1225782
0,02660764
0,06324095
0,1230562
0,09436835
0,324111
0,1873489
0,1783952
0,2955779
0,3378273
0,2167474
0,3204467
0,1949201
0,0206138
0,06657951
0,04750112
-0,01971406
-0,01283035
-0,1240048
0,03450638
-0,1067435
0,00523422
-0,1222447
-0,03765428
-0,2986349
-0,09566639
-0,3610696
-0,1182374
-0,09560853
-0,0657943
-0,0284583
-0,06813717
0,009734506
-0,0630106
0,02944126
-0,02362375
-0,002250401
-0,0270122
-0,04561465
0,01011607
-0,0005455225
-0,008398276
-0,01233661
-0,001997938
0,02606259
-0,03758335
0,03400292
0,06497666
0,2392713
0,194178
-0,08065557
0,1671647
-0,02238706
0,1625186
0,1326678
0,03846638
0,1865735
0,2436928
0,4875494
0,2820882
0,4346946
0,4389008
0,3950214
0,2215238
0,05335854
0,167159
-0,1905718
-0,1202256
-0,03719344
-0,06387513
0,03780419
-0,06469907
-0,1098925
-0,1133959
-0,1627252
-0,2020542
-0,1677433
-0,06786278
-0,1671143
0,03153182
-0,02207656
-0,06771136
0,05178388
-0,0180386
0,0292731
-0,0425678
-0,01124956
-0,04688721
0,03201436
0,01879863
0,04452675
0,007940501
0,02892422
-0,007318284
-0,01393877
0,02315647
-0,09144843
0,08572081
0,1500368
-0,06381223
-0,02156168
0,02559346
-0,11631
-0,01517258
-0,005247585
0,1727903
0,1395337
0,1592099
0,281006
0,1511736
0,2440118
0,1399573
-0,01314014
-0,06229714
-0,09536891
-0,02375295
-0,2194327
-0,1579715
-0,06434481
-0,03797946
-0,1694187
-0,07671245
-0,1084249
-0,1870598
-0,2248508
-0,01706608
-0,01691529
-0,2234706
0,03868521
-0,04206986
-0,03831988
-0,08863804
-0,08960214
-0,01275029
0,06900291
0,0265539
-0,03944536
0,02238253
0,02052431
0,06130488
0,04818681
0,006551894
0,006117544
0,0016835
0,03012788
0,04370147
0,08064707
-0,001774504
0,1647902
-0,0359084
-0,05720413
-0,04105234
-0,1433886
-0,04273898
0,1644282
-0,06507523
-0,1437561
-0,08525943
0,03105195
0,1285202
0,1701031
0,02167726
-0,09743448
-0,1237106
-0,1114779
-0,2033172
-0,03100893
-0,2113191
-0,1319614
-0,01344065
-0,0924117
0,07432873
-0,1800643
0,2128128
-0,002939197
-0,06195391
-0,1591851
-0,1157265
-0,02280806
-0,07693649
0,0155702
-0,04857535
-0,1963162
0,01626173
-0,01782114
0,005324746
-0,06850445
0,0492121
0,05609161
0,01016703
0,04987899
-0,008300349
-0,02106717
-0,01014458
-0,01136527
-0,01604394
-0,0445868
0,003104311
0,1686325
0,0941528
-0,0884954
-0,2109842
-0,2673241
-0,2810422
-0,1555966
-0,4891261
-0,2937232
-0,2668974
-0,3679317
-0,3115457
-0,1662937
-0,4575398
-0,1351234
-0,4053887
-0,1439745
-0,2980167
-0,1942426
-0,1677741
-0,08318381
-0,3078595
-0,1611334
0,09212807
0,07542317
0,004883039
0,09087487
0,1554927
-0,03036354
0,1858363
-0,02675953
0,01923959
0,1208373
-0,04826258
-0,006931457
0,06737177
0,1346601
0,06218074
-0,06124123
-0,002134025
-0,02255612
0,008227021
0,04746695
0,02912893
-0,01923198
0,02690028
-0,0374315
-0,01406059
-0,1106189
-0,1263836
-0,09449721
-0,2074537
-0,1163765
-0,1996129
-0,5394798
-0,3911524
-0,3430092
-0,3957529
-0,397501
-0,2855124
-0,4041809
-0,5437121
-0,4942122
-0,4265711
-0,2829838
-0,3470324
-0,1675714
-0,313698
-0,1417305
-0,1307816
-0,3688312
-0,2679814
-0,03044159
-0,1288631
-0,03636401
0,07983927
0,08101326
0,07930639
0,09180263
-0,006316564
0,2488665
0,03438967
-0,1271305
-0,1549336
-0,02262155
-0,1052955
-0,009834937
-0,001784894
-0,09904351
-0,07149742
-0,001486952
0,033187
-0,01067497
0,007771829
0,02838973
-0,02159852
-0,01644991
-0,1142477
-0,08543926
-0,03821721
-0,03604819
-0,1303295
-0,2488163
-0,2396032
-0,2516409
-0,3883168
-0,4738057
-0,4023334
-0,4175706
-0,5228193
-0,4267039
-0,2976477
-0,4425237
-0,5314351
-0,3694588
-0,3405182
-0,4314301
-0,1094325
-0,04240619
-0,0869619
-0,193619
-0,1126697
-0,01887584
-0,03587713
0,1266837
-0,02838996
-0,03908674
0,02708928
-0,04160165
0,05339068
0,08992723
0,1426742
0,04956159
0,004705792
0,06641578
-0,009214739
0,02171085
-0,006255036
-0,1045561
-0,02447751
-0,02427709
0,02267679
-0,01621188
0,03103586
0,0006934734
0,002183633
0,04802884
0,04759553
-0,04977483
-0,002361466
-0,07165121
-0,08103898
-0,1661893
-0,2477991
-0,1920102
-0,2357451
-0,1303727
-0,2272837
-0,120429
-0,1332318
-0,3570277
-0,4356049
-0,3930684
-0,368713
-0,2802617
-0,2455335
-0,03360693
-0,2103846
-0,1020962
-0,1068506
-0,2848123
-0,1748047
-0,1599089
-0,07973797
0,02208354
0,03478749
-0,02955169
0,03884124
0,03666705
-0,006272495
0,06736828
0,1719
0,1530933
-0,05605327
0,04006201
0,0501891
0,004053403
-0,01685592
-0,1020326
0,01969528
0,001239303
-0,02320693
-0,02683825
0,01677829
0,01409341
0,01928686
0,01272013
-0,04297642
-0,1287502
0,01562248
-0,02105158
-0,07562856
-0,02012981
-0,09907734
-0,08303721
0,02606658
-0,066781
-0,009923563
-0,1898818
-0,2334739
-0,285918
-0,3971955
-0,3859748
-0,293703
-0,1050232
-0,3741322
-0,2221773
-0,1679364
-0,1540249
-0,1471265
-0,2015814
-0,2312633
-0,2070976
0,08508963
0,2152395
0,06965216
0,01065425
0,07169334
0,03280609
0,102137
-0,2362329
0,0003052803
-0,1278922
-0,08281894
-0,1071465
-0,0885213
0,1215631
0,02151654
0,005978937
0,06133788
-0,03531744
-0,06744992
-0,04404007
-0,03235076
0,004908054
0,02126681
0,01912601
-0,03515791
-0,1337453
-0,1652911
-0,09494792
-0,1019258
-0,1783414
0,02902574
0,04761009
0,1591334
0,08578175
0,1259152
-0,1234261
-0,009818501
0,2494923
-0,1160451
0,1264199
0,001152431
-0,03599467
-0,1121592
-0,1481117
-0,3411194
-0,04571617
-0,06066625
0,01973472
0,1439735
0,132346
0,056616
0,08442104
0,05780946
0,01112504
0,08944472
0,04606837
0,146435
-0,07444267
-0,06685524
-0,05974168
0,02957191
-0,05465882
0,03692748
0,08832528
0,002375603
0,04830088
0,1268262
0,01770979
-0,04753827
-0,06673432
-0,04895979
-0,01739169
-0,01599621
0,1079368
-0,1246501
-0,113529
-0,1351388
-0,1708955
-0,08972783
-0,04449914
0,02794384
-0,0107706
0,1037435
0,2516747
0,1125693
0,07318714
0,3427804
0,2171227
0,2095871
0,3607039
0,0153995
0,05326707
-0,137233
-0,1981509
0,07010682
-0,1267809
-0,08991019
-0,2811971
-0,2050838
-0,03484748
-0,06804103
0,1254355
0,01545768
0,02664808
0,01226166
0,1150031
0,1459782
0,1250258
0,1025705
0,01988209
-0,06571344
0,03894768
-0,06209109
0,04264292
0,005821489
0,0576585
0,06638784
-0,0186439
-0,07577325
-0,07736398
-0,0027379
0,02902473
-0,01050512
-0,110277
-0,1532187
-0,1574825
-0,1588294
-0,2614513
-0,04782559
0,04884764
-0,1308817
0,01122057
-0,02047913
0,1413193
0,1230563
0,06787018
0,1053595
0,005524318
0,1345233
0,202634
0,1068763
0,2162013
0,1867556
0,06286994
0,1067736
-0,01244331
-0,08918089
-0,1079441
-0,09419143
0,009616098
0,03966372
0,07233222
0,07873259
0,05810345
0,02066067
0,1340022
0,2671481
-0,009579844
-0,06203131
0,02897523
-0,07148784
-0,003419151
-0,1260851
-0,1735764
0,03864932
-0,008398563
-0,01131396
-0,0473837
-0,071466
-0,06180964
-0,0108932
-0,02189215
-0,04366306
-0,09391461
-0,08901458
-0,07384717
0,1152946
-0,05652183
-0,1550045
-0,1316769
-0,1527203
-0,1308925
-0,1388418
0,08179662
0,04225316
0,1196841
0,1264102
0,1494519
0,1475871
-0,03075813
0,1660311
-0,0078706
-0,02711503
0,1831215
0,1869726
-0,06091579
-0,08221852
-0,123479
0,01426355
0,0660421
-0,01874775
-0,1821592
0,01664805
0,02647312
-0,1150854
-0,01548811
0,1776543
0,08310754
-0,02511345
0,0661277
0,03576988
0,1263963
-0,2052957
-0,04912372
0,01932748
-0,009958192
0,02533413
-0,06665625
-0,02525493
-0,01159744
-0,008130601
-0,0320984
-0,05086051
-0,0582278
-0,1110705
-0,1206637
-0,08084048
0,04141917
0,05566607
-0,1073006
-0,02860909
0,1007852
-0,1092416
-0,06956235
-0,003568201
0,02908172
0,07784669
0,2022853
0,1866753
0,2612611
0,1496801
0,02700086
0,1503544
0,1507572
-0,07589354
0,06818341
-0,05800157
-0,03782742
0,04707388
0,2073583
0,03099214
-0,01743603
-0,08705308
-0,08819345
-0,06246471
0,05642459
0,008456315
0,03795794
0,08905765
0,006123713
0,005956557
0,000609095
-0,03997299
-0,1015489
0,01730167
0,02076478
-0,02180756
0,001010271
-0,03544325
-0,01161612
-0,02011869
-0,008259579
0,002572998
0,008072157
-0,08290844
-0,03883415
-0,03281577
-0,01703477
-0,005026031
-0,01233445
-0,08959422
-0,102041
0,01485645
0,1002878
-0,0224434
0,0116884
-0,02314856
0,1318942
-0,07377721
0,1481628
0,06028499
-0,03174173
0,1328357
-0,05559253
-0,003921273
0,107072
-0,003567465
-0,03597339
-0,09324542
-0,0605838
-0,04133276
0,1134757
0,1301444
-0,1876898
0,1112888
-0,04620127
-0,1002275
0,1194582
0,01213308
-0,07763176
-0,2084581
-0,04906804
-0,04258098
-0,1341317
0,00249891
0,01863879
-0,01163084
-0,05832367
-0,03092121
0,007517767
0,009144847
-0,02999181
-0,007093474
-0,0763174
-0,06306657
-0,04982306
0,1427413
0,1066322
-0,03139531
-0,1834703
-0,1293952
0,09369741
0,03758374
-0,06629749
0,1089683
-0,1310167
-0,05785562
0,131839
0,09843801
-0,02033396
-0,04092506
-0,09884686
-0,02639828
-0,3390869
0,01410989
0,07222856
-0,08198413
-0,07142004
0,03520585
0,08797494
0,1196926
0,1195623
0,01381053
0,04449126
-0,1059258
-0,08047181
0,01275956
0,04219916
0,009592816
0,03017936
-0,06149743
0,06611945
0,06632082
-0,08230632
0,00601623
0,02130488
0,02742371
-0,005935784
-0,01317365
-0,01191913
-0,03119028
-0,002626059
-0,01924626
-0,01110786
0,1047225
0,06887043
0,004281414
0,1134602
-0,06197272
-0,02019529
-0,110597
-0,114015
0,1066856
-0,01284199
0,1863613
0,06315634
0,08472168
0,03581479
0,1390285
-0,03157164
0,08497886
0,07590491
-0,06821878
-0,1197647
0,1047689
-0,1142444
-0,05738366
0,005730771
-0,03158978
-0,1244568
0,002478857
0,0200587
-0,1065562
0,04893074
0,1208293
-0,08054311
-0,1279724
0,1080251
0,104167
0,160455
0,006678733
-0,07122252
-0,1465488
-0,09499901
-0,0005927875
-0,04819078
-0,04584906
-0,03287455
-0,008018385
-0,01478524
-0,01153588
-0,03374686
0,06437637
0,07074173
0,057386
-0,0208606
0,02948978
0,1485828
0,1714914
0,0708687
0,1397435
-0,1106978
-0,07045887
0,1502894
-0,06031754
-0,1292827
0,003321299
-0,06722455
-0,1259468
-0,03674478
-0,0973044
0,008682295
0,03598991
0,004330398
-0,05537519
-0,007198375
0,1087114
-0,02035107
-0,07147527
-0,007980604
-0,04593997
-0,2608038
-0,01234459
-0,2108538
0,04962562
0,07206172
0,09796541
0,05212305
0,0001311264
0,22857
0,01143188
-0,01750709
0,0318795
-0,1014216
-0,0837689
-0,09585019
-0,02170847
0,01573464
0,02540264
-0,01599809
-0,003415675
-0,01667306
-0,02521851
0,04052382
-0,01928389
0,1707227
0,02217825
0,01015692
-0,1338204
-0,006635928
-0,07420118
-0,1683486
-0,07842539
0,08335253
0,008755564
0,03905319
-0,1174741
0,1203318
0,1416176
0,1975913
-0,001522548
0,1356814
0,05099282
-0,07356283
-0,009560212
0,008364717
0,002858194
0,001660866
-0,1967948
0,08237983
0,1732862
0,05593096
0,07989158
-0,02821776
0,06152525
-0,008911323
0,04625455
0,08887814
0,009121072
0,1236277
-0,01042941
-0,05195854
-0,077527
-0,02133486
0,01207263
-0,01896638
0,006663429
-0,0007417104
-0,001591541
0,007028905
0,004661917
0,01429826
-0,02167989
-0,0306596
0,06842563
0,2342329
0,0679172
-0,03659897
-0,09142739
-0,05370627
0,2100292
0,02888537
-0,02150133
0,1283371
-0,0517661
-0,07474744
0,1734581
0,004466751
-0,07651782
-0,008345089
-0,1684276
0,1568146
-0,05873593
0,08087416
0,042512
-0,0320344
-0,185023
-0,1985692
0,04729165
0,007823777
-0,06696937
-0,1757815
0,1216223
0,1054593
-0,1341415
0,08968744
0,003535389
-0,0511537
-0,07158757
-0,0241235
-0,08920334
0,006720409
-0,06861219
-0,07882551
-0,03973768
-0,04786942
-0,02261761
0,003239617
-0,02666482
-0,03124268
0,02176259
0,02217351
-0,002323681
-0,08314507
0,04829492
0,072325
-0,08983693
-0,06164861
0,1072681
-0,01236829
-0,05647287
-0,0743266
0,1348866
0,1131652
-0,1627489
0,02838969
0,04168328
0,2465894
0,01189963
0,07677113
0,01973456
-0,03215891
0,004114392
-0,02186667
0,01594004
0,05255417
0,01119229
-0,1042732
-0,09014095
0,01094301
0,0322422
-0,04049724
-0,04940883
-0,1489179
-0,03303458
0,02974033
-0,06278628
-0,05128453
0,2006903
-0,01828887
0,01627398
0,01927348
-0,04994788
-0,09244205
-0,006942405
-0,0240943
-0,05067767
-0,01339849
-0,04915737
-0,01242823
-0,01573733
0,005477595
0,01974201
0,03169904
0,09104936
0,02552957
0,04335891
0,06664392
0,07094119
0,1697406
0,04726547
0,09331718
-0,08419121
0,01421648
0,217276
0,07442151
0,020087
0,1683683
0,01912802
0,02273732
-0,03092694
-0,01721672
-0,02455428
-0,01839963
-0,01258787
-0,07984239
-0,1504503
-0,01927566
0,02849061
0,08637842
0,0008146905
0,1110561
-0,03271281
0,0259117
-0,1254175
-0,2224525
-0,0170539
-0,09731566
0,2053699
0,00701329
-0,07157416
0,1414248
-0,07162654
-0,05279365
-0,03184568
-0,003707279
-0,05622408
-0,0327737
-0,001455938
-0,02147956
-0,002811392
0,01729232
0,008713475
-0,02021875
-0,001382207
-0,04596932
-0,0164887
-0,05608193
0,04544222
0,01247439
-0,1051089
0,1292108
0,07566062
-0,01775332
0,03537346
-0,05280666
-0,05054742
-0,1137822
-0,06237758
0,06996973
0,005738336
-0,190611
0,0556443
-0,1014008
-0,1346848
0,01137931
-0,03396367
-0,003681367
0,008431793
-0,03674899
0,0702768
0,2238985
0,04341197
0,0429894
-0,009370139
0,05106667
-0,06483008
0,04322511
0,03034014
-0,0001972466
-0,1212908
-0,01143866
0,01632614
-0,07580674
0,01492637
0,02472205
-0,01491125
-0,03204725
-0,04579329
-0,02630273
-0,003517275
-0,0007880914
0,03028111
-0,04230856
-0,1428016
-0,1539133
0,03115771
-0,001009683
-0,108622
-0,04398942
0,183081
0,1177524
-0,06806312
0,1382776
0,006299
0,006029017
-0,1004818
-0,03143533
0,003337648
0,09766375
0,05351658
0,09030696
-0,001003046
0,06231025
0,01959662
0,0924057
-0,1150373
-0,05263055
-0,02782902
-0,007265906
0,1770157
-0,05285555
-0,1610716
-0,09788612
-0,1355293
0,007127345
0,06393187
0,08656072
-0,003738641
-0,02379972
0,114348
0,04015945
0,04484519
0,01529468
-0,0626175
-0,00580239
0,006319007
-0,03111888
-0,03675796
0,001067015
-0,0252752
0,04083188
-0,01482552
0,002857539
0,1029471
0,04689298
0,08431989
0,0390639
-0,1227623
-0,01959444
-0,03174374
0,08458709
-0,03188439
0,01013984
-0,03519825
0,1556217
-0,0140146
0,1986585
-0,0579728
-0,1211695
0,1928827
0,1240636
-0,04536529
-0,2021322
-0,07221208
0,01059098
-0,06345436
-0,05141229
-0,1050115
-0,08930543
-0,07952034
0,0539811
-0,08837745
0,0158853
-0,08747068
-0,1156206
0,1351468
0,08778642
0,1277569
-0,09716462
-0,01192204
-0,06426279
-0,07288089
-0,02268197
0,01522519
0,005377111
0,03191207
-0,02205031
0,01988296
-0,007743855
0,01418042
0,009213629
-0,03946481
0,02290795
0,05891028
0,0963371
-0,03668489
0,09004844
0,01354913
-0,06065472
-0,1328908
-0,03425149
-0,03151255
0,07029811
-0,02254368
-0,02066014
-0,0002895503
0,03383894
0,0244769
-0,06388471
0,195335
-0,2128971
0,004186718
-0,01284587
0,02737151
0,004888529
-0,0008042092
-0,041413
-0,03355845
-0,01701543
-0,08151214
-0,03225479
-0,0147909
-0,05322456
-0,07205518
0,03428119
-0,118289
0,2233287
-0,1147165
0,01427061
0,05242767
0,01214511
-0,05858276
-0,01521635
-0,03339468
0,01095241
0,05570881
0,03110881
0,01074637
-0,01188244
-0,03315754
-0,0003708807
-0,0463082
-0,06622517
-0,04736983
0,1328474
0,007296246
-0,07929169
0,0138302
0,0448079
-0,02251347
0,05324765
0,05403479
0,04574309
-0,008077784
-0,1720863
-0,006170315
0,0407909
0,0772567
0,02920438
0,03893486
0,1170988
0,04886165
0,0806069
-0,0118885
-0,1623876
-0,009844939
0,07698969
-0,05291149
0,1518346
0,03469364
-0,1245541
0,05603443
-0,2187292
-0,08095622
-0,02530644
0,006370659
0,1376867
-0,214719
-0,02541133
-0,04504651
-0,04278053
-0,03191792
-0,03337504
-0,01799495
0,02896904
0,01326123
0,02818668
0,002683036
-0,0601646
-0,04763945
-0,004468686
-0,01306439
0,05605663
-0,04560881
-0,01578843
0,1222205
0,009944335
0,03027568
0,1035111
0,05758465
0,14021
0,08040535
0,04141525
0,007619326
-0,07887827
-0,08046491
0,137712
0,01632005
0,03679613
0,006873557
0,0880179
-0,04001801
-0,07874913
0,07318505
-0,07596427
-0,03216636
-0,1811765
-0,07953216
0,1539436
-0,046301
0,04167702
-0,08781376
-0,03940888
0,09513912
0,1935254
-0,1258398
-0,0242216
0,004102053
-0,1804776
-0,02978324
-0,02928547
-0,03539543
-0,1027828
0,03558165
0,0189166
-0,007396971
0,02955526
-0,001377066
-0,0105718
-0,003509813
-0,001071846
-0,02989204
-0,0420869
-0,06000604
-0,1058697
0,07080354
0,09019134
0,1006002
-0,06760824
0,06714875
-0,09013534
-0,1735793
-0,07999131
0,08751537
-0,07782935
-0,1260625
-0,05654444
0,04005423
0,1220587
0,01244345
0,0830416
0,0147009
-0,004241201
-0,06940491
-0,01296846
-0,1005422
-0,07874157
0,01956399
-0,1414774
-0,1061914
-0,1413363
-0,06270647
0,05675827
-0,02464267
-0,03306461
-0,02721206
0,178259
0,09886933
0,0120516
-0,1586634
-0,02519013
0,0122441
0,03162007
-0,003999551
-0,01051247
-0,02315915
0,03090265
-0,008365694
0,01229826
-0,0002365673
0,02931528
0,01971538
-0,05785416
0,05691026
-0,03315081
-0,003449904
0,02551746
0,04611557
-0,03831123
-0,07526894
-0,1532512
-0,04960442
-0,06708227
-0,05705901
0,1499641
-0,03070311
-0,135329
0,1036931
0,03978876
-0,1541149
-0,1303228
-0,03180782
-0,02297929
-0,08469152
-0,07185657
-0,07043613
-0,08364815
0,04190413
-0,0548268
0,05390827
0,02964912
0,07128734
0,1968136
-0,09669875
-0,06404434
-0,02008327
0,1089943
0,02058038
-0,09635805
-0,1735851
-0,06380734
0,0990695
-0,04160599
0,02820364
-0,05455435
-0,1010423
-0,001675813
-0,01472912
-0,009117039
-0,0031019
0,01045826
0,002185187
0,02670822
0,05438629
-0,01730602
-0,08776011
-0,05772297
-0,0378799
0,01748012
-0,1246404
-0,1111071
0,04131345
-0,03324915
-0,06449426
0,0362538
0,0467124
0,2545548
0,006511031
-0,07133489
0,05525532
-0,1158655
-0,0258319
0,09312075
0,04809904
-0,04025602
-0,1581148
0,005902082
-0,1766292
0,04870118
-0,1912677
-0,01616
0,02505244
0,1209408
0,07441082
-0,02585027
0,1662031
0,06795152
0,04900296
0,03587763
0,03299728
0,09219812
-0,004587753
0,006016579
-0,01811327
-0,04754205
-0,0710521
-0,01697525
0,02483569
0,01469184
-0,004166224
0,02026176
-0,01849282
-0,04575067
-0,1460599
0,02978075
0,007367915
-0,01890355
-0,06826112
0,05613398
-0,06517542
-0,1064111
-0,06141982
-0,05056996
0,009849869
0,09798765
0,09964851
-0,0856038
-0,07239219
-0,04110067
0,01813856
-0,03352488
0,112751
-0,04477099
0,03677301
0,1602534
0,05107081
0,117666
-0,0543531
0,008685247
-4,300717E-05
-0,05154074
-0,04671617
0,08217925
0,04762975
-0,05528573
-0,0006163824
-0,1126611
-0,0388613
-0,1856823
-0,03615362
-0,01247413
-0,1012178
2,927091E-05
-0,02955415
-0,09719377
-0,06513637
-0,03885246
0,03042853
0,03703184
0,008016114
0,01483785
-0,04226739
-0,08496715
-0,06000939
0,004781228
-0,003846738
-0,04349117
-0,03609364
-0,004247739
-0,07948013
-0,105214
0,1008054
0,100775
-0,11505
-0,1146621
-0,1228091
0,02236356
-0,04409047
-0,04973663
-0,04040289
-0,05851265
0,005181606
-0,1210706
-0,1065787
0,02667054
-0,06318038
0,02030054
-0,08284616
-0,08846475
0,1572712
-0,04480692
-0,04750582
0,06320094
0,1239328
0,1873555
0,0598053
0,05311569
-0,02356917
-0,06198256
-0,06052965
0,04916094
-0,1128162
0,07759237
0,156882
-0,0121014
0,06461847
-0,05945275
-0,04502425
-0,005582639
-0,01697952
-0,0001394345
-0,03688822
0,006772551
-0,06890239
-0,05164136
0,0871616
-0,001208104
0,005252284
0,1192137
0,048966
0,02795606
-0,05153579
-0,1171039
-0,04479415
-0,1017234
-0,1061339
-0,2354948
-0,2725909
0,009168492
-0,113806
-0,1225891
-0,06575999
-0,1149074
-0,1558231
-0,01222691
-0,1194523
0,1030769
0,1349324
0,1187604
-0,07694616
-0,1125183
0,131317
0,02867795
-0,05435736
0,0358044
0,1858589
0,06538587
0,01914844
0,06468553
0,07922484
0,03638235
-0,05709779
0,05322589
-0,01196854
0,08779967
0,01085608
-0,056525
-0,05622902
-0,02762751
-0,006789272
-0,01321805
0,001649384
0,01697095
-0,0369038
-0,1267396
-0,1337244
-0,0007138433
-0,002855566
-0,007870918
-0,002473642
-0,01154515
-0,1248669
0,0156545
0,1500572
-0,1184849
-0,02708055
-0,02774311
0,01646929
-0,04254452
-0,1687195
-0,08294142
-0,07904999
0,04539977
-0,04852115
0,04892531
-0,1336975
0,02011771
-0,06301929
0,06491644
-0,04211611
-0,03528424
0,0634389
0,08948264
0,07132176
0,06136472
-0,07834546
0,1351676
0,02763741
-0,05239106
-0,1233691
-0,02617686
-0,04197584
0,006078182
-0,1505518
0,05334956
-0,008995815
-0,1127037
-0,02298393
-0,01200129
0,00259829
0,02602453
-0,01725255
0,005995767
0,1050089
-0,0373684
0,03945925
0,03988257
-0,04288153
-0,01711447
0,04399005
-0,1218556
0,005534038
0,09891294
0,03913834
0,05208911
-0,06514932
-0,008657468
-0,1700103
-0,03474592
0,002550608
-0,2495281
0,1711601
-0,000202953
-0,08858992
-0,08243274
0,03676318
0,1162685
-0,02203032
0,01887912
-0,08475073
0,09456527
0,03702379
0,1411791
0,1284788
0,02537374
0,06469375
-0,05066014
0,03497828
0,0467231
-0,05931883
-0,06726835
0,02952521
0,006427842
-0,06813985
-0,04816265
-0,006470105
-0,02158649
0,003794166
-0,01148053
-0,03447482
-0,02057962
0,02531021
-0,03071098
-0,009358657
-0,06253733
0,01682751
-0,1085343
-0,02872688
-0,04139918
-0,05613704
-0,3228249
0,03181969
-0,01881327
-0,1726835
-0,07640093
0,09444698
0,152844
0,002525709
0,06541039
0,04111006
-0,2590547
-0,06303273
-0,01310338
0,09569418
-0,1206042
0,1106399
0,003113623
-0,1262494
-0,09271784
-0,0356106
0,1297026
0,1923299
-0,004070861
-0,009273895
0,1317798
0,1266315
-0,01848488
0,09911898
0,03528216
0,1949121
0,02307065
-0,04495458
0,03568998
-0,103629
-0,0377042
0,005066999
0,0549083
0,0262692
0,02580472
0,008677472
0,008449149
0,0272062
0,06862674
0,06222808
-0,01852773
0,009172381
-0,03672962
-0,1648178
-0,1148601
-0,08573668
-0,1102252
-0,1224701
-0,07017352
0,04599045
0,03381992
0,06730558
-0,1186665
0,12882
0,01385869
-0,04844535
0,005767575
0,003828753
0,03254813
0,01661846
-0,04036495
0,0412021
0,04315075
-0,09267445
-0,04379947
-0,07491939
-0,06105595
0,01637938
-0,007941654
0,0864766
-0,1692103
-0,05815828
0,07164278
-0,05590336
-0,1596976
0,08805646
0,004001969
-0,1630867
0,04509216
0,06821439
-0,05947397
-0,0009791392
0,02257158
0,003869564
0,003760979
-0,004698085
-0,001822385
-0,02057576
0,01291289
-0,07659249
-0,1043201
-0,06318238
0,1044626
-0,07133879
0,05151584
0,1386451
-0,001476504
-0,09798437
-0,08780859
0,004755402
0,09392416
-0,03158878
-0,006285851
-0,07554548
-0,1016933
0,1205508
0,01265795
0,009641821
-0,01386234
-0,1466884
-0,05684342
-0,01090111
-0,1657765
-0,1009043
-0,01610454
-0,02741361
0,07435415
0,1889775
0,01022623
-0,03002743
0,02893501
0,1115253
0,130712
0,1859283
0,02412443
-0,04453518
-0,1029326
-0,008827372
-0,02672499
0,1033365
-0,04455784
-0,0003979656
0,04082569
0,023901
-0,01935877
0,02620598
0,02119303
0,01307968
-0,03284869
0,03287451
-0,0539901
-0,00684682
-0,02254105
0,01243012
0,0009581768
0,001922648
-0,005947029
0,07189994
0,1771298
0,06482608
0,00603466
0,01080552
-0,09485853
0,1053517
-0,1169238
0,07444675
-0,03103347
-0,0839228
0,04532091
-0,02015967
0,1403532
-0,03178042
-0,1191235
0,09579107
-0,1990621
0,004241951
-0,2495473
-0,04302533
0,1148616
-0,1095949
-0,00654142
-0,04149473
-0,1131
-0,05213729
-0,03612199
-0,1464243
-0,07070018
0,0008189364
-0,04944423
-0,007470734
-0,06043653
-0,0759021
0,009123928
-0,006033903
-0,03338595
-0,0167537
-0,006419193
0,02828464
0,003952097
-0,03623731
-0,009534464
0,0803542
-0,05003263
-0,03459495
0,1558889
-0,07137075
-0,1188821
0,02863377
-0,1103205
-0,01475751
-0,08500141
-0,04137332
-0,06032797
0,05146855
-0,1301208
-0,02232261
-0,03867377
-0,006051436
0,07057376
-0,01144561
-0,09487388
-0,07688051
0,1422476
0,06595398
0,02289796
0,007843111
0,2067101
-0,02495207
0,02656459
0,1347944
-0,1043214
0,04670386
-0,1234066
-0,1393595
0,07052962
-0,04553371
-0,03051715
-0,05100787
-0,03259777
-0,04767862
-0,142764
-0,08186446
0,0140897
-0,02569152
0,01002529
0,01448232
0,005362071
-0,03826095
-0,01204153
-0,03463669
0,1138887
0,2024495
-0,02906684
0,03895119
0,0346685
0,09682914
0,07983913
0,008682637
-0,09822758
-0,03075293
0,08055912
0,04288509
-0,09164278
0,02961598
-0,04137537
0,07692864
-0,01631859
-0,004618885
0,1439385
0,0293365
-0,01976824
0,01797154
0,07948146
-0,03566166
-0,1695643
0,1315126
0,1039436
0,152124
0,07208381
0,1283228
0,0488501
-0,1658942
-0,0281888
-0,05307371
-0,05169784
-0,07208508
0,09720545
-0,07202091
-0,1039403
-0,03912408
-0,04991816
-0,06507764
0,003644925
-0,001385366
0,001967315
-0,004832411
0,02515522
-0,02575732
-0,0002323091
-0,01033231
-0,01929103
0,01484739
-0,05742215
-0,04305876
-0,120408
-0,03689699
-0,06675164
0,03429158
-0,09153366
-0,03609956
-0,1295968
-0,03506311
-0,1064778
0,06820587
0,0926052
0,09926032
-0,02445881
-0,06533527
0,07337642
-0,1770317
0,02754009
0,04876889
-0,0005432916
-0,04952247
0,1051485
-0,06197628
0,05139146
-0,07761919
-0,1129192
-0,04467337
0,0218805
-0,02342487
-0,1722302
0,01000292
-0,05380281
-0,1650832
-0,1431342
-0,09570952
-0,06080706
-0,05248955
-0,07955252
-0,04319865
0,007505361
0,002380928
-0,02127534
0,0122
0,006758415
0,05758162
0,02859367
-0,008369801
0,01021119
-0,03788109
0,01238454
-0,1353203
0,06828909
0,2176432
0,07887948
0,1381599
0,03135185
0,000787795
0,048688
0,05227116
-0,02426231
-0,2233289
-0,01699689
-0,03590477
-0,1598626
0,1182591
0,09496961
-0,1346562
-0,08773275
-0,07397392
0,04388876
-0,1002237
-0,008259043
0,008176621
0,1174401
-0,105601
0,07608166
0,1223593
-0,04500877
0,04613975
0,030672
0,0155939
-0,01346642
0,1119801
-0,01178968
-0,04234379
-0,1609644
-0,0679997
-0,04188557
-0,04662768
0,001459631
-0,0119568
0,03003903
0,01000093
0,02691197
0,03872509
0,01053554
0,006211025
-0,09305336
-0,05596646
0,09116486
0,002493146
-0,03619915
0,03614167
0,09245499
0,03760771
-0,1107884
0,06537
-0,02855193
0,2108788
0,02383596
-0,0693744
0,03877998
0,07604745
-0,04337329
0,03708101
0,0134199
-0,07135959
0,08515304
-0,04037829
0,05729664
0,1227834
0,08662876
-0,02333779
0,01244033
-0,08655858
-0,03777847
-0,03211979
-0,2355835
-0,09081495
-0,005368075
0,1013568
-0,1539798
0,003959855
-0,03946343
0,02522333
0,006161781
-0,0476678
-0,07890574
-0,05168551
-0,01746457
-0,006024669
0,0106335
-0,02179736
0,01039662
0,02261058
0,02340983
-0,004800853
-0,0687011
-0,1111827
0,02153402
0,1724167
0,03413858
0,02126501
-0,1340937
0,01549099
0,01139638
0,0818171
0,1050056
0,1216116
0,06459989
0,04624178
-0,04648393
0,1037794
-0,1098241
0,09622154
0,0007772329
0,04157656
0,1325596
0,0982728
-0,06800446
-0,1515443
0,1066709
0,01871617
-0,09440817
0,133311
0,02752969
0,03572904
-0,1185717
-0,08276292
-0,01603978
0,02183469
-0,1425593
-0,07150248
-0,03871638
0,1214211
-0,0139167
-0,06069766
-0,09619499
-0,008610474
-0,01025977
0,01972922
0,003083129
-0,003117926
-0,009885482
-0,01532678
0,06527959
-0,01175695
-0,1117949
-0,01946493
0,006924532
0,09665786
-0,04325454
-0,1107151
-0,2151414
-0,04887152
-0,09669306
-0,1526866
-0,1425194
-0,143273
-0,03242436
-0,07410536
0,01732164
0,05455676
0,1884501
0,03438682
0,004935525
0,1964888
0,0984835
0,1851448
0,01867458
-0,1482887
0,006267867
0,05973909
-0,08934721
-0,1783839
-0,02156181
-0,09553282
-0,1850538
-0,1437269
0,03467467
0,02234253
-0,009252646
-0,09328091
-0,0605188
0,08970419
-0,05362063
0,007270955
0,007079987
-0,01323671
-0,005227658
-0,01484646
0,004026731
-0,01472137
0,003101186
0,006039426
-0,02131077
-0,0368688
-0,004156069
0,002645473
0,06005637
0,01868591
-0,05419932
0,09748802
-0,01582329
0,09970892
0,03452133
-0,1022223
-0,0310791
0,1125741
-0,001900314
0,09764017
-0,0802569
-0,03658836
0,002886395
0,007618184
-0,138325
0,1460446
0,04759216
-0,08832793
0,1908161
0,1546131
-0,06615652
-0,1382625
0,08122227
-0,3177005
-0,1068025
-0,157053
-0,08426367
0,04978083
-0,06799582
-0,118124
-0,02783662
0,02220574
0,04667879
0,1233571
0,007233183
-0,02578672
-0,0403019
-0,05304576
-0,07308235
-0,04923677
0,001652802
0,009000104
0,01998173
-0,03257235
0,01825816
0,01690485
-0,1145826
-0,1247265
-0,03309701
-0,05614685
0,07268184
0,1093662
0,0900526
0,0126154
-0,05970853
0,07432111
0,02054165
0,06792412
0,1257742
0,06104734
-0,07669955
-0,0292496
-0,02158923
-0,03932145
-0,175945
0,2794155
0,1446524
-0,03448058
0,06762408
0,1433186
-0,03977174
-0,01498164
-0,1642108
-0,08621623
-0,1302797
-0,0925729
-0,1273061
0,06930457
-0,003540819
-0,1797641
-0,02054162
0,06012706
0,0191946
0,05914294
0,06237356
0,03532165
0,07614395
0,03147488
-0,02914108
-0,05975839
-0,002011826
0,003302512
0,003481537
-0,036836
-0,06067158
0,09576467
-0,06878848
-0,08511056
0,04976292
0,03719825
-0,07693331
-0,05269076
-0,05938183
0,01587654
0,08987299
0,02538427
0,08204728
-0,07650868
-0,02073334
0,04255462
0,1855859
0,1314207
0,01236695
0,2262278
0,01983961
0,2486971
-0,02301193
0,1978925
-0,2239902
-0,08214699
0,0862142
-0,0428615
-0,1100441
-0,03839614
-0,09587692
0,01081355
-0,05500167
0,05660687
-0,007569539
-0,1568653
-0,06950428
0,116076
0,03828562
-0,0006795731
0,03399565
0,01299841
0,03302993
0,09248322
-0,02614572
-0,03182714
-0,02542813
0,02455528
0,006915429
-0,0406878
-0,08823162
0,05973623
-0,0748571
0,02332273
0,1118812
0,119763
0,1113688
0,02472879
0,003659277
-0,1332197
-0,04503454
-0,07607881
0,06627501
0,0862357
-0,06385905
-0,01712261
-0,004243361
-0,02400833
0,01172704
-0,1480945
0,05301393
0,239382
-0,07441267
-0,1261579
0,1150869
0,1728652
0,2204351
-0,1604867
0,07751431
-0,20792
0,1163071
-0,1025897
0,08774052
-0,01838945
0,04085599
0,1214267
0,1349846
0,2076958
0,08038864
0,06185823
0,05289022
-0,0770959
0,00238281
0,02171711
-0,04290345
-0,01957647
0,006357589
0,01981337
-0,01052961
-0,02285076
-0,03626661
-0,02600854
-0,07738362
-0,1932847
-0,0838171
-0,06013668
-0,1570413
0,0454846
-0,06400234
-0,08069919
0,01298027
-0,02846058
-0,08106793
-0,02401611
0,04432418
0,2995423
0,1885185
0,01740561
0,0598993
0,004150996
0,04394852
-0,116582
-0,06633414
-0,1169072
0,03836652
-0,06779502
0,05885956
-0,06864742
-0,05678002
-0,08470794
-0,06511074
-0,1174008
0,03343325
-0,06078368
0,04543405
-0,0625134
-0,0519422
-0,0810222
-0,0009493239
0,03964218
-0,1011276
0,01841761
0,006951393
0,02418364
0,01263209
-0,002934829
0,03874606
0,02766462
0,0215901
0,01778257
0,02508336
-0,03936871
-0,136757
-0,005978932
-0,1041561
-0,1117907
-0,06757937
-0,07925366
-0,1133817
-0,06372487
-0,01791764
-0,02296455
0,03004452
0,1524972
0,1237072
-0,1137932
-0,1284498
0,03066365
0,08268636
-0,03431258
0,03066419
0,02948845
-0,07437895
0,02440338
-0,1472421
-0,002013372
0,03008617
-0,009305492
-0,06610267
-0,1841091
0,1193227
-0,01538644
-0,01253235
0,1446064
0,144569
-0,08029158
0,02998536
-0,02852524
-0,1503744
-0,0210919
-0,04074921
0,02251627
-0,06658893
0,03748045
0,07064619
0,02648206
0,02981615
0,01644873
-0,01681606
-0,005198261
-0,03513819
0,03732957
-0,05972612
-0,1657541
-0,01420704
-0,05510042
-0,02432027
-0,1196344
-0,001755693
0,01331165
-0,05912763
-0,06598392
-0,009600632
-0,11545
0,1098315
0,01720778
0,04597488
-0,03516107
0,05743017
-0,08355142
0,0848977
0,04308299
0,0627059
-0,1738332
-0,2120097
0,05446821
-0,09397676
0,1035694
-0,1573247
0,08901263
0,03483646
-0,2862227
-0,09645946
-0,1508983
-0,0903012
-0,04787195
0,1490147
0,06960846
-0,2075245
-0,01082564
0,03996292
-0,02637592
-0,01767266
-0,05934983
0,03278779
0,05037287
0,03212237
-0,01100957
-0,003670638
-0,0182473
-0,08326397
0,007479134
-0,002238984
-0,003499767
-0,08819088
-0,1764859
-0,03833468
-0,006648063
-0,008061423
0,04074113
-0,04943522
-0,066253
-0,008429731
0,08764447
-0,09743557
-0,06592461
-0,01151789
-0,0265357
-0,1631821
-0,137027
-0,10205
0,2234101
-0,008134731
0,07990984
-0,02607217
0,03772915
0,08336697
0,07329308
-0,0123757
-0,06452493
0,08778717
-0,1316982
0,02610859
0,07667099
-0,08989679
-0,009572991
0,1380804
-0,05826072
-0,211181
0,006774267
-0,05987179
-0,08639296
0,01081973
-0,001546404
0,02974954
0,02640709
0,02748555
-0,01774033
0,02848485
-0,01719534
-0,06304802
-0,08651206
-0,1096478
0,02958163
-0,01426734
-0,1439453
0,09910212
0,1672768
-0,03956677
-0,04348401
-0,03025935
-0,1037859
-0,08199127
-0,0008913188
-0,2630503
-0,02292947
0,03344577
-0,1223653
-0,2085698
-0,2633271
0,04160555
0,05515116
-0,06304318
-0,1506785
0,02622274
-0,03356086
0,07100891
-0,08172864
0,005161253
-0,08161701
0,1560714
-0,06682783
0,09976216
0,1772241
-0,0985531
-0,03379272
0,1036435
0,004098077
-0,1891841
0,06938445
0,06035313
-0,06651625
0,01098445
0,04705764
0,04641983
0,01641226
-0,02873261
0,001705879
0,006309547
-0,02510972
0,03793886
0,006520821
-0,04005671
-0,1156588
0,02953166
0,05841094
-0,14241
0,06475081
0,0592725
0,05637189
0,04665266
0,00877704
-0,07610396
-0,004705187
0,0290169
0,1008266
-0,02053429
0,07500774
0,09209727
0,1159378
-0,03471501
-0,1717097
0,05181183
0,1377779
0,04686713
0,04559158
0,01519551
0,01272693
0,02625715
0,2048012
0,1655594
0,03882682
0,0755243
0,1234287
0,1058002
-0,01565182
0,01411956
0,07739259
-0,01904343
-0,05980631
0,02553808
0,00974733
0,04118311
0,01210247
0,01094112
-0,04897396
-0,0460174
0,001012495
0,0002233544
0,01173174
-0,001525321
-0,1536642
-0,09074842
-0,02409749
-0,06264324
-0,06887081
0,1588919
0,1534915
0,02793018
-0,0001054832
0,04791034
0,08882175
0,03683615
-0,0337807
-0,07794321
0,1132725
-0,1497783
-0,151464
0,0191514
-0,1032898
-0,06277246
-0,1099893
-0,117093
0,08162812
0,05703051
0,04162881
-0,0526431
0,08059563
0,04023695
0,01594024
0,2574492
-0,003269203
0,1055394
0,05326809
-0,02846535
0,05846356
0,06509504
-0,002629784
-0,01721029
-0,06563022
0,01002776
0,07520586
0,05440436
0,04961419
0,0002479186
0,02097282
-0,03428519
-0,04680945
-0,004744706
-0,012388
0,007126919
-0,07482766
-0,002711754
0,0819485
-0,04372558
-0,1269906
-0,004534399
0,1059918
0,03512732
-0,1967151
-0,09213945
0,02634192
0,1241393
0,02981806
0,148863
0,1779384
-0,09311651
-0,02001618
-0,01879895
-0,1762043
-0,1218518
-0,2031109
-0,2204679
-0,002847729
0,01395729
0,04615208
0,03349893
0,1315514
0,01752591
0,09848063
0,2165138
0,1872292
0,1300766
0,2742874
0,2937734
0,05639138
0,07196876
0,06403651
-0,08686762
-0,07809301
0,02138387
0,06559877
0,0454636
0,06991039
0,02469289
0,01392229
-0,02436706
-0,046054
0,01294278
-0,02426012
0,04843379
0,01846365
-0,09084951
0,07400075
-0,0986107
-0,08437347
0,01353665
0,1156342
0,04286793
0,009909821
0,06149863
-0,1686433
-0,06932066
-0,01701636
0,0412607
0,02045805
0,1475754
-0,1134236
0,01529328
0,0526568
-0,02167786
-0,02614622
-0,04557392
-0,04844095
0,01036357
0,08574395
0,1002883
0,3180763
-0,02017604
0,1522808
0,2001764
0,01014654
0,2404222
0,2235685
0,1007834
0,1437327
0,02872544
0,01955945
0,1821015
-0,02597311
-0,1089597
0,06468928
0,1240031
0,04630274
0,00226735
-0,006992531
0,002647591
-0,03285546
0,02372467
-0,01893936
0,0009599371
0,04992223
-0,09381656
-0,05019728
-0,06760389
-0,1656179
0,1418326
0,1129685
0,01454563
-0,06632785
0,032234
0,03589641
-0,02719078
0,02257864
-0,005902527
-0,1112112
-0,09619442
-0,03604994
0,08192373
0,03662419
0,03742637
0,1510116
0,3008718
0,03557982
0,05343086
0,2799751
-0,04427043
0,1026475
0,1781415
0,0409657
0,1671599
0,01353361
-0,1298023
0,09076143
-0,01158174
-0,08235135
0,06517453
-0,1184819
-0,09719422
-0,002723246
-0,1453749
-0,03153567
0,09355185
0,00209511
0,03618408
-0,01964376
-0,03125083
-0,02028046
-0,02619509
-0,01106355
0,009860594
0,005245447
0,02712973
-0,0007739914
-0,01365431
-0,1445406
0,03928096
-0,06907539
-0,1201436
0,09776209
-0,02765027
0,007739787
0,01565119
-0,03671672
-0,02168647
-0,07265943
-0,1205338
-0,02595201
0,03489216
0,004276154
-0,04717604
-0,07447249
-0,1417838
-0,1782446
-0,06923107
0,1217972
0,07138183
0,08913354
-0,06102876
0,04905772
0,07776186
0,0690823
-0,02536044
-0,02272731
-0,01445584
0,1353615
0,07537235
-0,02310187
0,04902707
-0,0205705
-0,07958461
0,03389247
0,02508874
-0,01593762
0,0418763
-0,01390739
-0,01422398
-0,04085505
0,002940823
-0,07525104
0,01253872
0,05125559
0,03964629
0,1806148
0,135103
-0,01815874
0,01937946
-0,06176917
-0,007838098
-0,04601754
0,03442543
-0,006036298
-0,0850218
0,04624898
0,02697123
0,1455402
0,02450482
0,1400023
-0,02491589
-0,1114177
0,1604446
0,08206246
0,02818302
-0,006260442
0,06180631
0,07708375
0,157703
0,1413864
0,001581205
0,1827183
0,1587328
0,2057438
-0,03651805
-0,09088371
-0,005032378
0,1591167
-0,01825247
0,03603862
0,05874217
0,02395493
-0,03516619
-0,0510124
0,03917236
0,01016661
0,04546687
0,007228572
-0,03772606
-0,01415032
-0,009992047
-0,02784605
0,01679976
0,03452458
0,01380463
-0,01335383
0,1413798
0,08128045
0,02842484
-0,03520002
-0,06111142
-0,04490813
0,03821336
-0,06722751
-0,04385477
0,1044913
-0,04541213
-0,0195657
0,07778375
-0,05299287
0,0634613
0,06507779
-0,1200099
-0,0704627
0,0524732
0,1214647
0,1083923
0,06643659
0,0181991
0,2904811
0,1351074
-0,01903044
-0,01419478
-0,1025815
-0,01012577
0,01380557
-0,02573368
0,008990477
0,00835711
-0,01573009
0,02799568
0,0694598
-0,0096575
0,08585097
0,09448671
0,03262941
0,02830146
0,01700453
0,005803604
-0,0429193
0,02157066
-0,001908131
-0,05356002
0,03321845
-0,09662142
-0,1140215
-0,001172376
0,1824558
0,04326833
0,05155982
0,0509637
-0,02582824
-0,09818494
-0,06418389
-0,01355713
0,1441562
0,04650298
0,02452948
-0,01060808
0,06804152
0,07089558
0,04904239
0,04011369
0,07610173
0,0210139
0,004700287
0,2840829
-0,06025543
0,09837032
-0,009563356
0,1482003
0,04381053
-0,04931261
0,1012053
0,07635412
-0,1524108
-0,1023923
-0,1206453
-0,02964474
0,04802697
-0,0347514
9,062687E-05
0,01029304
0,01430393
0,05875448
0,09245516
0,03406581
-0,01196944
-0,004211069
-0,0203493
0,02933101
-0,01801052
0,003863288
0,007857511
-0,03046108
0,02405731
0,01957874
0,0009892596
0,07571292
-0,0001404347
0,0364575
0,03419885
-0,1025158
-0,07471425
-0,1827672
0,04661005
0,03110461
0,02194861
0,002648161
-0,07756728
0,1235364
0,1206867
-0,08742472
-0,08697872
0,1314254
0,05844324
0,04583015
-0,04291638
0,02815415
-0,0841126
-0,1057377
0,0671627
0,0521951
-0,07698211
0,09662833
-0,1528277
-0,0197158
-0,06184203
-0,07633014
-0,02274298
0,0114084
-0,01097353
0,02035124
0,03869981
0,04171199
0,02621514
0,04125958
0,02841402
0,02824678
0,008658522
-0,006053999
-0,00126077
0,02274115
0,008269691
-0,001116165
0,01945364
0,05464865
0,001949908
0,07439139
0,02994289
-0,02466653
0,0329231
0,02766135
0,0214924
-0,1818288
-0,13643
0,04730402
-0,06475431
-0,1022777
-0,1828962
0,08409751
0,07250478
0,2371666
-0,00117535
0,2128991
0,1402415
0,06143128
-0,08580587
0,03557932
0,04125598
-0,05423148
-0,1079964
-0,07975973
-0,02713057
-0,01736258
0,05698042
0,007727684
0,08306193
-0,002404724
0,05918001
0,06352717
0,07345078
0,06143916
-0,02707099
0,01849264
0,0307708
0,05498227
0,03308446
-0,03196425
0,008478572
0,02705696
0,007488532
0,01102026
-0,01647537
-0,0449017
0,01385141
0,04187883
0,03415164
0,02372835
0,0559501
-0,1620222
-0,1338682
-0,08746292
-0,1327116
-0,06782965
-0,03453265
0,01235416
0,002899356
0,08828092
-0,004396402
0,05258412
-0,1420104
0,03291335
0,1591809
0,1834541
-0,020443
-0,004463874
-0,00837973
0,1011676
0,1547153
0,02711149
-0,1881817
-0,2569124
-0,06319827
-0,007435002
-0,202657
-0,09176958
-0,0082536
0,1270989
0,02262548
0,05348295
0,04921935
0,03664877
0,01633153
-0,004161066
0,02434373
-0,005434281
0,02794973
0,005591073
-0,008714823
-0,02674867
0,007174039
-0,0006387939
-0,008803513
-0,03985603
-0,01660885
0,01227537
-0,02371158
0,01183458
0,03203838
0,08412767
-0,0356707
0,02591673
0,008487347
-0,0322317
-0,107058
-0,06969485
0,04483296
0,03539361
0,03048066
-0,03678768
0,03260975
0,003466518
0,1457738
0,0387346
-0,121943
0,06602844
0,153258
0,1325468
0,009475111
-0,09309496
-0,1242054
-0,07655901
-0,0206947
-0,05407907
-0,136369
-0,08450649
0,004832827
0,06649623
-0,02430719
0,06143143
0,01666147
0,0167521
0,03005227
0,0347565
0,008089946
-0,01420115
0,007773768
-0,009677192
-0,003050601
-0,007719061
0,01838204
-0,02941804
-0,02314205
-0,01008782
-0,03242495
-0,01758453
0,02289144
-0,01377177
-0,02279903
-0,01033728
0,02046639
0,07306021
0,02883759
-0,04457428
-0,03434819
-0,04786472
-0,0104602
0,02261914
-0,08486022
-0,06522954
0,02663583
-0,1334255
0,06948515
0,04763327
0,1749445
0,0620573
0,146072
0,0671286
-0,1610067
-0,1406797
-0,008835223
-0,04793174
-0,06130915
-0,09198987
-0,08285008
-0,05716358
-0,04710393
0,02913463
0,02944119
0,0205864
0,04850839
0,002335507
0,05234947
0,009695847
0,03524888
0,02046809
-0,01302377
0,01383016
0,006648702
-0,02245002
-0,006828659
0,02121136
0,003191516
0,004041866
-0,002021528
-0,02904065
-0,03765141
0,01710181
-0,02408106
-0,009795121
-0,003498319
-0,0657471
-0,05162461
-0,08186069
-0,07464938
-0,06902739
0,001890458
-0,04669247
-0,1401558
-0,1323798
-0,1063238
-0,108214
-0,03563954
-0,0977729
0,06064028
0,08340987
0,0249955
-0,003828702
-0,04460996
-0,07221414
0,001176358
-0,09762876
-0,07603307
-0,09172301
-0,1365509
0,02561871
-0,05647508
0,03311554
0,04048314
0,02890917
0,05321963
0,04420264
0,03869128
0,05295407
0,0212576
0,00258268
-0,01401841
0,01319099
0,01543543
0,02597853
0,01546427
-0,01442461
0,007103512
-0,01367494
0,01127318
0,02998281
0,01339897
-0,01114643
0,01474596
0,003491794
0,03011809
0,01674874
-0,03039879
-0,03898602
-0,02552692
-0,01390055
0,03322033
0,01089049
-0,05710025
-0,06104776
-0,1221976
-0,05713997
-0,05534909
-0,04115058
-0,0386022
0,05119664
0,1083473
-7,77998E-05
-0,00978967
-0,04424794
-0,005315694
-0,05220696
-0,01163708
-0,06155253
-0,04720404
0,008028524
0,01708703
0,0487126
0,002376216
-0,005456091
-0,01558773
0,03674437
0,01903182
-0,01184717
0,02939736
-0,001650226
0,01481652
0,0006925438
0,005847365
-0,02561804
0,01024794
0,01848133
-0,002551096
-0,02916348
-0,01304278
-0,006989915
-0,02865371
-0,02282414
0,04085402
0,02706086
0,009243881
-0,03103285
-0,01134172
0,0237359
0,04499551
0,01750549
-0,005897637
-0,01827843
-0,003742645
-0,05818122
-0,1054271
-0,04108968
-0,0405349
4,607257E-05
-0,06149586
0,01220569
0,06024239
-0,01059958
0,02250289
-0,002431741
-0,01331664
-0,04146286
-0,0327449
-0,03874306
0,0007455468
-0,03731729
0,006302498
0,0318786
0,02223052
-0,0164203
0,004824041
0,004576186
-0,01352761
-0,007952445
-0,004499661
0,03097047
0,01691189
-0,02818182
-0,004077547
0,001055661
0,02921515
-0,000233941
0,01764478
0,0158099
-0,02596317
0,01803479
0,01646557
-0,007316546
0,007312041
-0,00202455
0,008414121
-0,04697107
-0,007339956
0,0191384
0,03921513
-0,01282333
-0,01435493
-0,02167497
-0,01405579
-0,02527999
-0,0004320239
-0,03053132
-0,02270574
0,001794657
-0,01919148
0,005676496
0,03529444
0,02461754
-0,004355527
-0,01174855
-0,04813273
-0,000689943
-0,02513442
0,01240963
0,02830663
-0,001069726
0,01457845
0,03417532
0,03178494
-0,01822463
0,001782226
-0,0132705
-0,0136079
-0,01866712
0,006480641
-0,01139249
0,009861365
-0,02295739
-0,01056859
-0,01954352
-0,01253818
-0,0002371245
-0,01139147
0,02718343
0,01201992
-0,002944194
0,017195
-0,02484344
-0,01804115
-0,01395613
0,02748102
0,01766329
0,01092356
-0,0256818
-0,01115236
0,00277525
-0,003246459
-0,005629488
0,0167927
-0,0035702
0,003763092
0,007490259
-0,01537724
0,00465755
-0,02094
0,01873374
0,000327816
-0,007246414
-0,02788422
-0,03630789
-0,03304805
0,01149281
-0,02008164
-0,009848366
-0,01471457
0,004413749
0,004366517
0,01624633
-0,008253086
0,008040105
0,00691311
0,005133909
0,002843354
0,001672877
-0,0209862
0,0001101817
-0,01307297
-0,02648517
0,01708722
0,02992671
0,01631994
0,02860796
-0,01843227
0,01822825
0,006172806
0,005329391
-0,02828669
0,004629318
0,02322073
-0,02438105
-0,02092959
-0,001991105
-0,02137037
-0,008662534
-0,01224022
-0,02435959
-0,002797919
-0,001307698
-0,02879258
0,02863541
-0,01848845
0,02986913
-0,00382167
-0,0002974693
0,02963421
-0,02578012
-0,02002822
0,01877014
-0,001240928
0,004807739
-0,01700862
-0,01521048
0,008118581
-0,02525531
-0,001882258
-0,02118421
0,005880054
0,01079
0,01435216
0,005697736
-0,001211539
0,02847233
0,01773344
-0,01779877
-0,006867065
-0,02313067
-0,004096812
-0,01625841
-0,01149842
-0,02890611
0,02926394
0,00882649
-0,02853772
0,02278342
0,02447521
0,02475902
0,003293058
0,01839259
0,02168555
0,005916907
-0,00449502
-0,02252629
-0,02980376
-0,01236537
0,01472232
0,02772994
0,02087831
-0,02459359
-0,02860739
-0,01969008
0,006333351
0,02087447
0,02431119
-0,003645754
-0,004624107
-0,02297419
-0,02637673
-0,01830108
-0,03046836
0,01885059
0,005339248
0,02650797
0,00742108
0,003823122
0,007126476
0,01223119
-0,01856018
0,01579121
-0,02295968
-0,00515599
0,002779956
0,01537458
0,0193262
-0,02196013
-0,02027745
-0,008816486
0,0282472
0,0001405942
-0,002311388
