-0,004379947
-0,02071694
-0,004104849
0,007598925
-0,01846054
0,00552925
0,0002910443
0,00403977
0,02532995
0,0004959206
0,006279703
-0,0107894
0,01817582
-0,005124901
0,02188527
0,007225335
-0,02764452
0,02227941
-0,008372226
-0,005038755
0,004308899
-0,01372184
0,01667478
-0,01716139
0,002706746
-0,03037336
-0,02335111
-0,01284111
-0,001145808
0,0214651
0,007600597
0,0215892
0,0200207
0,003393203
0,01257975
-0,02429264
0,006785711
0,0005003238
-0,006717653
-0,01366199
-0,01016494
-0,001441374
-0,001635729
-0,0126981
-0,001297981
0,01984387
-0,01376073
-0,01527936
0,01447823
-0,02553948
-0,002143637
0,007239003
0,01976449
-0,01095057
-0,00946026
-0,02446044
-0,009482096
-0,01265865
-0,02056067
-0,019126
-0,007786031
-0,01591144
-0,03082533
-0,02990163
0,02254182
0,01283839
-0,001429254
-0,01616898
0,01241654
0,02168133
0,0300511
0,002715295
-0,001438782
-0,02607896
-0,02528431
-0,03107752
0,008407877
-0,01367104
-0,00162882
0,002387323
0,01218722
0,0149503
-0,008187592
-0,009278798
-0,01298358
-0,02899158
-0,0333118
-0,001456182
-0,02737336
0,0007599027
0,01471291
-0,006254443
-0,008149545
-0,01998509
0,01867289
-0,0290721
-0,001343127
-0,00319386
-0,004659524
0,01566171
-0,01117793
-0,02825614
-0,002995664
0,01660958
-0,02903466
0,01623457
-0,02814091
0,01334412
-0,01863819
-0,02576482
-0,006491835
0,01068228
-0,006457208
-0,008001531
-0,006290345
0,003103955
0,01269215
-0,002970036
0,002733157
0,01982593
0,0118063
0,02591489
-0,0317316
-0,03050162
-0,03526403
-0,01406158
-0,03029457
-0,03034609
-0,03707046
-0,04052811
0,002565298
-0,01485738
-0,04577282
0,01313061
-0,01091246
0,006336405
-0,004870382
0,001714091
-0,01715756
-0,001129546
0,03360973
-0,01261078
-0,01846051
0,02032682
-0,01743193
0,01736375
0,02669735
-0,02804833
0,01388855
-0,01846324
-0,01290401
0,02725573
0,01299893
-0,0160812
-0,05490328
-0,0437845
0,006904532
-0,03035806
0,004026411
-0,01357031
0,009986685
0,01996841
-0,01400711
-0,002513951
0,02081464
0,04395794
0,02166897
-0,01294515
0,01497907
0,00902627
-0,01750816
-0,03580667
-0,03206091
-0,03409709
0,02274435
0,001533484
0,009189573
-0,03308968
-0,01081382
-0,01773707
0,0005983817
-0,04172766
0,02403993
-0,03766983
-0,01014067
-0,0130087
0,01260917
-0,02571416
0,0108592
-0,03600121
0,02809973
0,04555643
-0,02983055
0,0223845
0,01328551
-0,02338947
0,02398709
-0,01569216
-0,01711904
-0,01759635
0,02428196
0,005806642
-0,02775774
0,02126543
0,0123797
-0,03837893
0,02391352
-0,005072629
0,02122234
0,02221015
0,01707252
0,008642668
-0,01814685
-0,007274485
0,06672612
0,04494955
0,008983721
-0,02203782
-0,0381774
-0,06020222
-0,02533502
-0,02681098
-0,01443211
0,01141765
-0,02448183
-0,02788992
-0,04882096
-0,08519376
-0,077146
-0,07665192
-0,07057342
-0,009713003
-0,01200233
-0,01357745
-0,01896092
-0,02238014
-0,02107684
-0,01946875
-0,0599716
-0,002446427
0,04062538
0,04265086
0,0267732
-0,03416785
-0,01509204
0,02360541
0,002509708
0,02107432
-0,02467413
-0,02224917
0,02524551
0,005835666
0,04348222
-0,01916597
-0,02592535
-0,02198148
0,01407633
-0,01623619
-0,01264696
-0,02478865
-0,08783337
0,01346981
-0,02753985
-0,01901781
0,007214591
0,01686456
0,0314978
-0,01059619
-0,03895222
-0,01780406
-0,03710245
-0,007335349
-0,06000395
0,004551621
0,02050702
0,01550966
-0,05626175
-0,1169171
-0,1334855
-0,14625
-0,004731443
-0,05755717
-0,09636338
-0,1234818
-0,0763597
0,001177943
0,03965312
0,02446881
0,04468775
-0,004651004
0,007593199
0,04787346
0,006360342
-0,02119737
-0,03643058
-0,02280053
-0,01656769
0,0293282
-0,02721986
-0,02705369
-0,02790306
0,009539458
-0,02280774
-0,03441035
-0,04680887
0,01221381
0,01720748
-0,01930013
-0,02889524
0,0004508012
-0,02917752
0,05448057
-0,0314746
-0,05170794
-0,0428721
-0,02245357
0,02022415
-0,04393142
-0,03248593
-0,05094468
-0,01914907
-0,03832886
0,01960775
0,009894074
-0,0005950904
-0,003252031
-0,0300716
-0,03220631
0,006722659
-0,02747173
-0,01447766
0,02085855
-0,06625661
-0,05929723
-0,04291897
-0,01748872
0,05738796
0,08055732
0,02548933
0,0001245802
-0,007997786
-0,02456187
0,004530517
-0,05129728
-0,04179475
0,0174155
-0,01385997
0,02326951
0,01662462
-0,008199085
0,0001714914
0,01295387
0,02372395
0,04282992
-0,02129251
-0,001391732
-0,0385508
0,0303201
-0,005014668
-0,02716703
0,02085215
0,09437411
-0,002965049
0,04684692
-0,02529744
0,02211453
0,05104085
0,01349991
-0,03941904
-0,06543408
-0,08430073
-0,0145991
0,06713258
0,0784888
0,1198651
0,1109089
0,01062353
-0,06711432
-0,04329888
-0,0122592
0,08448688
0,04211096
-0,06380852
-0,0853239
-0,03049021
0,06876928
-0,0179166
-0,01058204
0,009661204
-0,0132357
0,02586073
-0,03816826
-0,04121707
-0,007005084
-0,07169246
0,01004127
-0,005214291
0,02657844
0,01208912
0,006039833
0,009409809
0,02148155
-0,03785936
-0,004736828
-0,04554099
-0,03712474
-0,04196226
0,004691141
0,04386013
-0,05080878
0,01144891
-0,02569022
-0,01960149
-0,005257581
-0,04169651
0,002853003
-0,03241906
0,07002234
-0,05123887
-0,02856892
0,064694
0,05259619
0,07669859
0,06781393
0,14214
0,1038978
0,1079336
-0,07240815
-0,02708859
-0,02826259
-0,160876
-0,1469181
0,01861672
0,03739195
0,01148472
-0,08719146
-0,04953448
-0,0104696
0,07802124
-0,0204402
0,0376936
0,05960364
0,08152893
-0,006973511
-0,07562004
-0,04858721
0,03065159
-0,01511987
0,01423222
0,005654471
0,0149273
-0,02093352
-0,03633771
-0,01739709
-0,0002278823
-0,05699453
-0,02352255
-0,09570145
-0,02793194
-0,06583964
0,009146675
-0,02739921
-0,07399993
0,02239982
0,07181052
0,02186405
0,03845991
-0,04269534
-0,01469088
-0,06463587
0,001144753
0,04060816
-0,03251405
-0,06004349
-0,03547468
-0,05418087
0,0619328
0,07312166
0,02404571
0,0375088
-0,04204021
-0,0251587
0,08834819
-0,1235751
0,08845582
0,02662631
0,006908461
0,0187591
-0,0728319
-0,03093923
0,03667656
0,01271069
0,00341302
-0,03105716
-0,08224419
-0,05025305
0,003415258
0,002189035
0,02451743
-0,01419799
-0,01314449
-0,009920069
0,05402877
0,005472632
0,01666889
0,03467534
0,04719933
0,02575945
0,137416
-0,09157988
-0,01882693
-0,07567334
-0,08031596
0,05692338
0,08143136
0,08485632
-0,06206045
-0,02011128
0,1257642
-0,0342025
-0,1188721
-0,033189
-0,02903135
-0,05695391
0,01587603
-0,09502081
-0,006027824
0,03744096
-0,01617089
-0,09763767
-0,1231608
0,1452449
0,06439064
0,006474396
0,03155665
0,01152197
-0,08232786
0,02061261
-0,04258457
-0,05736608
0,115714
0,04505326
-0,01756252
-0,143578
-0,1646652
-0,01329427
0,005330512
0,01611263
0,01055505
-0,009590179
-0,01852408
0,004380318
-0,02450163
-0,04053992
-0,04628832
-0,0002672018
0,0312548
-0,03315243
0,07576869
0,05354765
-0,08625349
-0,07013065
-0,09707242
0,06575601
0,02562811
-0,08862571
-0,008136974
-0,06403841
0,03670426
-0,03686262
-0,0666724
0,03285355
0,07844073
-0,02907968
-0,042496
0,1195604
-0,008317593
0,03552267
-0,04724413
-0,05515537
-0,2318288
-0,003464504
0,1264759
0,01180873
-0,05184943
-0,1888567
0,0008022306
-0,02141286
-0,04611291
0,01148152
0,03037635
0,03298649
0,04811545
0,05953089
0,04971114
0,03183021
-0,01883446
0,03668917
0,01597719
-0,03311549
0,02484163
-0,01246559
-0,04210199
-0,06285625
-0,02243618
0,06034337
-0,007980784
-0,07395983
-0,01228029
0,03515604
-0,08613722
0,01692308
0,02867021
0,05980426
0,1630408
0,04956146
0,1377811
0,1486735
0,1564294
-0,002624669
0,1462987
-0,0340101
0,00470765
0,1069846
0,06318089
-0,01171763
0,0658593
0,1623923
-0,1136229
-0,007847107
-0,1024572
0,06906459
0,05409472
-0,01526359
0,02664374
0,010493
0,1050512
-0,1916904
0,1035777
0,01817209
-0,1134595
-0,01329721
0,05083634
0,08043338
0,06467448
0,009760219
-0,01807797
0,02776821
0,02608046
-0,02024058
0,01290769
-0,0269793
-0,03991438
-0,1369476
-0,07718052
0,0518098
-0,04898882
-0,007018684
-0,04144254
-0,1732105
-0,004831423
0,01400888
-0,01230258
0,1120753
0,07795801
0,1089084
0,1151465
0,01482944
0,04127756
-0,07455292
0,04721527
0,004582056
0,01093543
0,007413204
-0,08887675
-0,05213124
-0,03390343
0,09315342
-0,03006616
-0,0143704
-0,04813033
-0,006585489
-0,01820463
0,2285607
-0,0298925
0,09504494
0,1934477
0,05179356
0,06770471
0,1446226
-0,003517815
-0,01344055
0,03216385
0,1122083
-0,00139147
-0,08438288
-0,02340562
0,004651931
0,02885124
-0,01427134
0,02692192
-0,02627127
-0,02953163
-0,1056488
-0,09135851
-0,02947161
-0,03568594
-0,1030679
-0,0269373
-0,1322668
-0,1194114
0,02582371
0,08752676
0,0104871
-0,02238779
0,01116546
0,05708354
0,04282093
-0,04436831
0,01255419
0,02855308
0,07630116
-0,03624596
-0,01517917
-0,1367563
-0,04532584
0,004580883
-0,0238792
0,05230042
-0,001313417
-0,05274443
0,1190347
0,0693557
-0,01541445
-0,02750034
-0,03326916
0,1300352
-0,128645
-0,01995119
0,05260595
-0,02285042
0,03518983
0,02523427
0,01889361
-0,05396409
-0,01789554
-0,003929556
0,03038131
0,04027158
-0,02821559
0,02801708
0,01736951
-0,03091608
-0,05777974
-0,06969301
-0,04419953
-0,1411942
-0,1626299
-0,07834701
0,004135841
-0,08754241
-0,01577481
0,03217908
-0,009673657
-0,1182935
-0,09024414
-0,03855032
-0,05928127
-0,06956043
-0,01685754
-0,06533284
0,1732699
0,007802419
0,02520802
-0,04499976
0,07881355
0,129872
-0,1329376
-0,1053449
-0,2185501
-0,02547421
-0,1060972
0,04650713
0,2445855
0,0357622
-0,03341503
0,07816709
-0,1926228
-0,1245483
0,1177412
0,04360276
0,05313372
0,05800997
0,03675094
-0,1115524
0,03520769
-0,02259833
-0,03605225
-0,04552171
-0,009650652
-0,0296153
0,02643614
-0,05252919
-0,06154988
-0,03063137
-0,06124121
-0,002637767
-0,1051172
-0,1024199
-0,1180295
-0,1313524
0,006636742
-0,01071005
0,0324035
-0,001780454
-0,01242046
0,007529891
-0,002628063
-0,1684564
-0,03188584
-0,07112192
-0,06750689
-0,009406523
-0,01853869
-0,009828556
0,002203219
-0,1993249
0,009346564
0,02729464
0,1099957
0,0675734
0,06365431
0,04916399
-0,06925889
-0,008857336
-0,0793552
0,08763386
-0,0742832
-0,09155757
0,00604996
-0,01907335
0,0693866
0,0198676
0,01813686
-0,1130014
0,04837107
0,03564892
-0,03167615
-0,01330258
0,02183805
0,01143364
-0,02909492
-0,007236757
-0,05057707
-0,1022238
-0,004244195
-0,06222598
0,1934348
0,04995094
-0,08470472
-0,1860915
0,03779221
0,02397636
-0,002431838
0,007316151
-0,04754914
0,0229085
0,2117469
0,07110695
0,1802612
-0,09024346
-0,00789617
0,1090529
-0,04627807
-0,06322755
-0,1089769
0,0301617
-0,02066984
-0,0755067
0,1471294
-0,0592628
0,005950809
0,02825797
0,03710039
0,06230921
0,1169015
-0,01507937
-0,05900273
0,08056375
-0,01432582
-0,112146
0,1189326
0,02376867
-0,06654549
0,01987346
0,1084103
0,07130155
-0,03680359
-0,04251453
-0,007260855
-0,0003957077
0,01734239
-0,008534295
-0,04104814
-0,01398461
-0,05640726
0,009512392
0,002276892
-0,01008142
-0,2035494
-0,0836241
0,07157466
0,02300687
-0,05630409
-0,2263812
-0,1251523
0,05753349
-0,03112881
0,1430487
0,04301785
-0,04480872
0,1127027
0,08593035
-0,02416351
0,1615611
-0,0537019
-0,1168358
0,05968028
-0,1293324
0,03315792
0,05997723
-0,05214224
-0,1344514
0,07999604
-0,0327106
0,03969673
0,1626329
0,06103182
0,09090138
0,2298997
0,04416323
-0,1798373
-0,00206368
0,1416762
0,05005918
0,04847859
0,1063349
0,009756877
-0,06017488
-0,007305079
0,0179836
0,03044158
-0,01980668
-0,03026408
0,02476918
-0,0439503
0,04359577
0,08631893
-0,06892807
-0,142959
-0,155302
-0,1404427
-0,04573011
0,1436542
-0,1740604
-0,1350485
0,04653264
-0,03605554
0,02470401
0,08260788
0,1385141
-0,04615784
-0,0380186
0,02430788
-0,04285337
-0,2216783
0,1128782
-0,08520386
0,05830775
-0,02245563
-0,02562668
-0,0853496
0,05005414
-0,009322058
0,06088409
0,1298223
0,1262487
0,1632616
-0,08397952
-0,07872278
0,03053728
-0,04113147
0,04082417
0,03931379
-0,02322707
0,001958751
0,05451467
-0,006313154
-0,04365979
-0,02860396
0,004049785
-0,01109229
0,02861243
-0,02849122
-0,07053701
-0,1005457
-0,002824396
-0,0501168
-0,1107378
-0,2027903
-0,1783711
-0,05924227
-0,05174932
0,05571986
0,05845248
0,1399951
-0,08747324
-0,06205371
0,140288
0,1908286
0,05929981
-0,1108415
0,2080831
0,005754117
-0,139165
0,04831597
0,08681665
-0,03516397
-0,02047098
-0,09159479
0,1559712
-0,1343449
0,08152924
-0,1064075
-0,01586104
0,1987507
-0,04498986
0,05272626
0,1194178
0,01559219
-0,02088072
-0,09610128
0,04921811
0,009580538
0,04712271
-0,02648564
0,009287438
0,04413357
-0,01081819
-0,03162757
0,01370569
0,02663701
-0,006262529
0,03661813
-0,01510489
0,03313374
-0,0600564
-0,04558606
-0,1258117
-0,07702765
-0,1105085
-0,1179242
0,09922415
0,2076271
-0,05403813
-0,1017165
-0,02967629
-0,05157674
0,01859496
0,04984987
-0,05488401
-0,1073131
-0,01798318
-0,0613711
0,06320558
-0,1134034
-0,1934226
-0,03634228
0,009539104
0,2076861
0,06587845
-0,008874817
0,059475
-0,04058525
0,0009004095
0,1145866
-0,02076052
-0,04002495
0,07741572
0,05562792
0,04071999
0,06279195
0,0211117
-0,03186988
-0,03104847
0,04488995
0,01877327
0,03495019
0,00827017
-0,01378837
0,02476678
0,003905307
0,02754387
-0,005529098
0,02636399
0,067994
0,07254791
0,1306484
-0,07868547
-0,1277684
-0,04752461
-0,1033428
-0,1259835
0,04612787
-0,07436745
-0,2057119
-0,09865401
-0,09394822
-0,06958831
0,03379995
-0,1927877
0,001305698
0,1392937
-0,1449189
0,09464943
-0,09457371
-0,006044282
0,1370658
0,01700137
-0,01719973
0,1849544
0,05191687
-0,09874567
-0,02818115
-0,01447394
0,1360091
-0,08691312
0,02348378
-0,03248711
0,1355216
-0,1144858
-0,1252614
-0,07653511
-0,02210309
0,0187378
0,06352722
0,002689465
-0,02369281
-0,03780369
-0,0276563
0,02495056
0,02176656
0,004580311
0,09109303
-0,008494519
0,02190442
0,09376862
0,05482205
-0,1691822
-0,0475588
-0,03902378
0,04087868
-0,1661404
-0,1284515
-0,01058942
5,799414E-05
0,1220753
-0,03712529
0,09843175
0,2392964
0,03327106
-0,08598913
-0,2631166
0,06134457
0,1080484
0,09893108
-0,0715879
-0,0733253
-0,00417401
0,05729096
-0,1073058
0,1614383
-0,1156617
-0,002449838
-0,03052521
0,0929148
-0,04830893
-0,0108647
-0,02557875
0,1747322
-0,07832537
0,010641
0,1165213
-0,05613669
-0,06304402
0,1005053
0,06611747
-0,04577126
-0,0597116
-0,04935081
-0,007143205
-0,01738838
-0,02424294
0,07359932
0,01580821
0,1414563
0,1257417
-0,02361434
0,04548707
-0,04560663
0,08626448
-0,1252574
-0,144014
-0,1283905
-0,1022616
-0,07795466
-0,07503253
0,1068312
0,1135552
-0,3167418
-0,2018015
-0,2155203
0,04492282
-0,06591608
-0,08178944
0,05933714
0,06284477
-0,07977397
-0,03039686
-0,03465797
0,002857464
0,2005568
-0,06424509
0,02850844
0,09877741
0,006493625
0,1057343
-0,1434009
0,2184274
0,04935507
-0,1010942
0,05073364
0,1482964
0,01877063
0,03179467
0,09783997
0,04376269
-0,009275104
-0,04691572
-0,01406028
-0,007357844
0,008383993
-0,03000143
-0,001456939
0,03098935
0,04067326
0,07220101
0,2164577
0,09241585
0,0954421
-0,1170951
-0,1466544
0,01645648
-0,0223889
-0,2009494
-0,0386338
-0,08726295
-0,09164251
-0,006828717
0,02196638
-0,03365364
-0,3696425
-0,1991713
-0,07950143
-0,09354386
-0,07876832
0,04841087
0,09377528
0,2033942
0,1684224
-0,09847763
0,2044144
-0,07095857
-0,02523235
-0,2973284
-0,1354898
-0,002333106
-0,0645108
0,0377453
-0,03490857
0,001255273
0,1600816
0,04206115
-0,06540377
0,04274954
0,06077659
-0,001258477
-0,04239265
-0,02996104
-0,02003151
0,0169671
0,007041373
-0,005791781
0,007048374
0,03787628
0,007310499
0,2137959
0,214888
0,1372165
0,04456872
0,01345446
0,04616778
-0,01691551
-0,06318661
-0,01770386
0,1213131
-0,06961768
-0,06902245
-0,05150257
-0,08456653
-0,02088239
-0,4688174
-0,0342829
-0,1125346
0,05587723
0,0161063
-0,01917935
0,1056941
0,1490581
0,2072931
-0,009002626
-0,05456452
-0,05013358
-0,2555812
-0,04435084
-0,124034
0,03060381
0,06416369
0,009927326
0,18402
0,1307002
0,06239942
-0,09860729
-0,06363917
0,02845037
0,08642907
-0,01464138
-0,03165875
-0,05806621
0,0008304607
0,01078097
0,0208896
0,01551574
0,03464918
0,1028765
0,1374965
0,2836115
0,3389196
0,1787332
0,07771239
0,1311994
0,1423908
0,03609831
0,09562484
-0,02351337
-0,1380655
-0,08667394
-0,1582541
-0,06564533
-0,08882084
-0,2199785
-0,1883973
-0,1453895
0,0005331595
-0,06046208
0,03405659
0,1249986
0,1140853
0,05089315
0,08350733
-0,04279305
-0,02972174
-0,03289688
-0,0370208
0,03759372
-0,007945062
-0,0911032
-0,06771948
-0,07572329
0,1872117
0,03692058
0,08591442
0,02718335
-0,01080131
0,03974657
0,04453852
-0,02597686
-0,02765983
-0,03997502
0,002170684
0,001692803
0,03898574
0,004690422
0,00314411
0,1852846
0,1356292
0,09995808
0,06501698
0,05030555
0,1293318
0,02811734
0,205797
0,08549452
0,07973612
0,07969715
0,0002348049
-0,02760828
-0,04454246
0,03202753
-0,3143612
-0,2594253
-0,2186162
-0,03966425
0,03813194
0,03798788
0,1691614
0,1644598
0,3351471
0,150874
0,06921849
0,1180209
-0,03870696
0,1506147
-0,1223557
-0,2442797
-0,129657
-0,2072903
-0,09137171
-0,1803668
-0,01040127
0,04167273
0,07787626
0,005397275
0,02664511
-0,01731426
-0,03253067
-0,05344861
-0,06029416
-0,02486955
-0,02355192
-0,01577384
-0,01407381
-0,01354703
0,02258981
-0,005641617
0,07780424
0,01721052
-0,03143368
0,0691471
0,210542
0,2762181
0,2242478
0,07994174
0,2551695
0,132642
0,08519555
-0,01061271
0,003492278
-0,1495214
-0,3792454
-0,2490261
-0,2027792
-0,01194647
0,02727686
0,07149657
0,2003191
0,2535329
0,0780436
-0,05422504
-0,02500076
0,07052858
-0,0636679
-0,1243303
-0,3780434
-0,2260402
-0,02611867
-0,09772777
-0,06572551
-0,1095974
0,03035999
-0,02621641
0,01844563
0,004223295
0,02190394
-0,0055425
0,00854311
-0,04638701
-0,03322767
-0,03024718
-0,03445649
0,03061255
0,03199328
0,02556733
-0,134336
-0,2092319
-0,03096754
0,01730579
-0,1629728
0,06473862
0,2611976
0,0584002
0,06260694
0,004162077
0,14643
0,1848466
0,158052
0,2113203
-0,03577365
-0,1204607
-0,1130255
-0,108462
-0,1316331
0,07246567
0,1858918
0,2167082
0,03641052
0,001306767
0,02600899
0,1137153
0,02541299
0,055396
-0,06273269
-0,2534077
-0,2555227
-0,3002853
-0,1983148
-0,004277377
0,1063206
-0,02953729
-0,04169006
-0,09072732
-0,05552217
-0,1074667
-0,1061522
-0,01061177
-0,03414376
0,05147466
0,03655719
-0,01661208
0,01402023
-0,004593646
0,01422692
-0,1580913
-0,3292938
-0,3854482
-0,2968314
-0,3668148
-0,2930828
-0,2312534
-0,01881738
0,1402629
0,1373449
0,1839076
0,2373506
0,2247466
0,1826234
0,3257452
0,1911325
-0,2325559
-0,2875602
-0,1803527
-0,3216321
-0,1649836
0,01003852
0,1364282
0,2066681
0,01515994
0,1319036
0,1030511
0,1647482
-0,05623801
-0,1354595
-0,2189023
-0,3329251
-0,4203829
-0,3050928
-0,2350306
0,0242943
0,09721676
0,02777647
0,1455654
-0,04078664
0,007331149
-0,02402535
-0,0004873461
0,03690384
0,05540312
0,04406463
-0,01136758
-0,002123379
-0,01863167
-0,03544433
-0,1205463
-0,3379392
-0,4775267
-0,5434217
-0,6114333
-0,2490196
-0,2620337
-0,0937805
0,03874673
0,09293682
0,2026672
0,2613741
0,2345951
0,2539511
0,2470316
0,1769072
-0,05295826
-0,1133345
-0,2648715
-0,4623951
-0,1870282
-0,03299393
0,07395413
-0,08336581
-0,115261
0,0703806
0,1563801
0,007365698
-0,01330122
-0,2119893
-0,1561504
-0,2024927
-0,3020468
-0,1247408
-0,05488013
0,01812086
0,01648336
0,04495259
-0,04486553
-0,1011966
-0,03526378
-0,02417935
-0,00061456
0,04021183
0,05367591
0,06924543
0,004764204
0,02871201
-0,007202793
-0,03625077
-0,09216827
-0,1805066
-0,3508853
-0,5852137
-0,6464415
-0,2973507
-0,2166573
-0,04288046
-0,04008356
0,07322945
-0,007471663
0,2966754
0,3830286
0,098018
0,1756896
0,1726602
0,3288504
0,01760428
-0,2101863
-0,4812637
-0,2525387
-0,08312694
0,06799562
0,01005754
0,08499695
0,2257151
0,2041778
-0,02173297
-0,07431617
-0,2007594
-0,2886693
-0,2957364
-0,3104335
-0,2247651
0,0616116
0,06131339
0,04815639
-0,02201059
-0,120815
-0,139516
-0,0495558
0,02541367
-0,0109606
0,058392
0,05623522
0,02021548
0,04390611
-0,0190319
-0,01197981
-0,03832086
-0,04703005
-0,2845037
-0,3757064
-0,4301912
-0,433562
-0,3625956
-0,1950178
-0,1663207
-0,07178906
-0,05914003
0,01530458
-0,0394434
0,3704322
0,3022196
0,1628696
0,3265464
0,2527178
0,001535619
-0,1169831
-0,3730161
-0,3903315
-0,2956999
-0,4196085
0,08954335
-0,06850162
0,01489967
0,1345069
-0,1048857
-0,08223011
-0,07079134
-0,2218089
-0,1712431
-0,1066748
-0,1207951
0,1176747
0,10878
0,1126538
-0,03894773
-0,06206788
-0,1055606
-0,1271884
-0,04893791
-0,05744232
0,00579138
0,03700735
0,07261824
0,05706937
-0,004819206
0,01548872
-0,02996831
-0,05596512
-0,2284799
-0,2941427
-0,4445229
-0,4817437
-0,1205857
-0,2705105
-0,209946
0,09411268
-0,129051
-0,1258235
-0,08513461
0,04730375
0,2454506
0,3303211
0,2104689
0,3810577
0,267524
0,003934838
-0,2763909
-0,300119
-0,2148714
-0,05214711
-0,1027621
0,009483879
-0,1373198
0,03346773
-0,2198046
0,01419585
-0,1084035
-0,07072211
-0,1069669
-0,1118801
0,0743489
-0,09980045
-0,09960483
0,03616802
-0,003069323
-0,00103998
-0,04427027
-0,005942551
0,009233186
-0,02228296
-0,001137725
0,03427786
0,05125251
0,01614144
-0,01294912
-0,01624951
-0,01780838
0,02772032
-0,06720652
-0,2160509
-0,3460772
-0,2230881
-0,2399258
-0,2937004
-0,2023308
-0,05821749
0,05982684
-0,09293798
-0,04594755
-0,1336622
0,07527218
0,2594689
0,2884121
0,5496746
0,3287523
0,09477187
-0,07624608
-0,4428786
-0,3662444
-0,2566514
-0,01359033
0,02037567
-0,06660865
0,04028935
0,007819401
0,05484292
-0,04870193
-0,2273313
0,004323782
-0,01721778
0,03661615
-0,04237326
-0,1802639
-0,06526677
0,04706071
0,03108869
0,006268843
0,02892938
-0,0003700881
-0,03904404
0,02683892
0,0549184
0,0164284
0,01805608
0,005224227
-0,01936432
0,03993956
0,07129737
-0,03062455
-0,2130782
-0,2090146
0,009334302
-0,2284221
-0,1293995
-0,2177038
-0,09058691
-0,10252
-0,109229
-0,1463641
-0,07304991
0,08628873
0,03788606
0,2055914
0,1720162
0,3893715
0,2215166
0,006754543
-0,2395428
-0,1046299
-0,2399652
-0,08149853
-0,06119381
-0,04623066
0,04012822
0,06958198
0,03509742
-0,1445123
-0,06475247
-0,0493196
0,0688849
-0,04475426
0,009505809
-0,03987073
-0,07322416
0,01338107
0,0280557
0,01562094
0,05902074
0,01873817
0,0280232
0,01436849
-0,01082982
0,01966591
0,01213836
-0,01232146
-0,02158233
-0,02806558
-0,02501405
0,003057125
-0,08695233
-0,2105607
-0,251426
-0,1799754
-0,2065178
-0,2083648
-0,1529234
-0,1138466
-0,08947241
-0,2099456
-0,1453086
-0,01487459
0,1940878
0,106686
0,07393853
0,3625959
0,2882439
0,2265553
0,01464288
-0,2589489
-0,3115313
-0,2075527
-0,06635644
-0,08963243
-0,03047481
0,01616436
-0,09070172
-0,1139303
-0,07153988
0,1513053
-0,02487299
0,004383522
0,1157704
0,03685953
-0,04019372
0,004518553
-0,01235682
0,01581066
0,02413345
0,08742863
0,04756898
0,03763868
-0,05928416
-0,01468865
-0,008377827
0,005304808
-0,01448208
-0,01971453
-0,03907292
0,02063753
0,01962349
-0,02500147
-0,03929156
-0,1586559
-0,1607156
-0,02225129
0,01758779
-0,1578055
-0,1825047
0,02058645
-0,08040746
0,02807536
-0,01971424
0,1119683
0,2063735
0,1748527
0,3410085
0,1178556
0,04246719
-0,07690167
-0,02233819
0,0474821
-0,1255246
0,03008673
-0,1075042
0,1152139
-0,0569818
-0,1637412
-0,105713
-0,1052163
-0,1449203
0,1341211
0,03195862
-0,07074607
0,1163903
0,104469
0,05305573
0,037404
0,01028853
-0,01365874
0,04170027
0,002078014
-0,008724661
-0,005968264
0,03791298
-0,01657345
-0,01211011
0,001713717
0,02416221
-0,04623494
0,09654035
0,01736659
-0,05954072
-0,07050039
0,08480161
-0,01953395
-0,0007648043
-0,03010487
-0,07564548
-0,1075042
-0,1073721
0,0978051
-0,1504447
-0,03550028
-0,001360991
0,1328115
-0,009082726
0,1876648
0,1677331
-0,04580946
-0,05979326
0,07124202
-0,07771304
-0,03636435
-0,1872869
0,07901872
0,0309624
0,13269
0,2316642
0,11099
-0,08274162
0,0777364
-0,1122636
-0,02096658
0,2150498
0,1868041
-0,01634963
0,1402787
0,02634489
0,03922302
0,02777562
-0,01581603
0,03778632
-0,003452753
0,02558826
0,004358056
0,002787892
-0,0008927778
-0,03779618
-0,01477784
-0,02774685
0,0372587
-0,1272146
-0,03100956
0,06061896
0,1162351
0,06086475
0,02819578
-0,08405771
-0,1133637
-0,2116982
-0,1594088
-0,2076358
-0,02027214
0,1350973
0,1036761
0,1027878
0,06523199
-0,02023471
0,06857096
-0,03300808
-0,1542627
-0,1897339
-0,1201909
-0,1294059
-0,07623804
-0,08548241
-0,09025269
0,01714917
0,003516671
-0,06413303
0,04135443
0,07307952
0,0940558
0,001545834
0,03815823
-0,0400717
0,1313792
0,1072768
0,1076009
0,0276145
-0,01545595
0,03639171
-0,01333976
0,004088067
-0,03169537
0,01717664
-0,03910984
0,01074034
-0,03946649
0,03392968
0,04581792
0,08709414
0,03395312
-0,002968653
0,09789321
-0,01413557
0,1472556
0,1063422
0,00123862
-0,0889247
-0,01725741
-0,01149898
0,2363049
-0,05364151
-0,0776777
0,08619582
0,1248378
0,06801138
-0,1377548
0,09481762
-0,03234539
-0,07702748
0,09340354
-0,0146145
0,06306511
-0,03330671
-0,04764801
-0,3165912
-0,08285983
0,07333329
-0,008288236
-0,1058392
0,08959816
0,08049139
0,01413829
0,03294083
0,05415749
-0,04697479
-0,006027976
0,01957208
0,002370393
0,006729572
0,01160105
0,01011868
-0,00680881
0,01683752
-0,01772016
0,02600167
-0,003711617
-0,05170653
-0,02207561
0,1777007
0,03777544
-0,007931894
-0,0446272
-0,03795557
0,03319364
-0,04788453
0,09279127
0,07168523
0,1031286
-0,01062644
0,03827992
-0,09117802
-0,09718717
0,1016262
0,02105751
0,01104287
0,04790966
0,02365509
-0,05267542
-0,1862789
0,05000507
-0,2131133
-0,008689845
-0,01034535
0,1188788
0,04732633
0,1222741
0,1253861
0,1126616
-0,10402
-0,113015
0,03308907
-0,03775351
0,07517952
0,03953103
-0,04153771
-0,0662953
0,02016798
-0,02767955
-0,0005305992
0,02045799
0,000797087
0,01874547
-0,02473353
0,04500363
0,05892772
0,06358916
-0,05660654
-0,003316022
-0,0405803
0,01868739
-0,04485708
-0,09547481
-0,110146
-0,1331647
-0,05576378
-0,121348
-0,08856034
-0,07843535
0,01858217
-0,08833493
0,1138215
-0,03244983
-0,10195
0,03137536
0,05967002
-0,3499803
0,0291275
-0,04507789
-0,05938862
0,2101599
0,08625926
-0,0463639
-0,2570346
-0,008265048
0,0650192
0,1211694
0,06848426
0,05776948
-0,02498917
0,008357827
0,02898226
-0,005384859
-0,03819409
0,06939643
0,01633755
0,03496363
-0,03825745
0,02085068
-0,03386036
-0,03553091
0,01620248
0,007866488
-0,01289207
0,0289596
0,01432431
0,06266784
0,0287557
-0,08177228
0,01622359
0,06111307
0,1849732
0,004907448
-0,07964717
0,1013007
0,1317307
-0,005232441
0,01320043
0,1311032
0,06949389
-0,05275083
0,0286804
0,00125142
-0,07370137
-0,0131929
-0,006654761
-0,04998079
-0,01159037
0,006854528
-0,1049266
-0,05124293
-0,0356234
-0,0299128
0,02364583
0,04125055
-0,0698589
0,1773712
0,09936318
-0,04806055
0,004911164
0,153398
0,1135226
0,0809617
-0,05363156
-0,006733896
0,0321427
0,0163646
-0,01844856
-0,0004571214
-0,002077226
-0,01804893
0,009096211
-0,01803177
-0,02637792
0,01446567
0,03344342
0,0820103
0,06336872
-0,1062809
0,009653357
-0,06937625
-0,04702018
0,0634008
0,1581152
-0,08754423
-0,1548359
-0,03544976
-0,08507768
-0,09601878
-0,02154762
-0,1136052
-0,05679091
0,06405639
-0,1945546
-0,05060569
-0,1325708
-0,06231765
-0,06692398
-0,1188643
-0,1088447
0,08210309
-0,04497075
0,1860161
0,06038337
0,004019784
-0,08376559
0,007243865
-0,1490732
-0,0637439
0,07903584
0,2419833
-0,1106093
-0,0495989
-0,01876064
-0,04732645
-0,09947047
-0,03693727
0,039657
0,02359366
0,01055868
-0,02581323
0,0217798
0,0004490458
-0,01449658
-0,02755833
-0,06445624
0,09257478
0,02571556
-0,06006545
0,009876455
-0,05151307
0,009385423
0,01092013
0,02443324
0,1097068
0,004178787
0,0271301
-0,01325586
-0,202113
-0,0256495
-0,1077046
-0,2075463
0,01829513
-0,008152168
-0,04034196
0,09321858
-0,1072349
0,0001892777
0,1828289
-0,05655304
-0,001641813
0,01822901
0,01098491
0,110213
0,02058551
0,2454021
0,1226679
-0,003368714
-0,01083037
0,1413417
-0,01416687
-0,2077138
-0,05746258
0,08257093
-0,04927815
-0,1380796
0,02501234
-0,00189166
0,05545107
0,01008483
0,007448486
-0,01781291
0,02356101
-0,02030658
-0,01583486
-0,05970864
-0,01438061
0,1272503
-0,07731505
0,04701078
-0,06187006
0,2163481
0,1680046
-0,1187752
-0,04121035
0,1279888
0,03972911
0,06613812
-0,08558997
-0,008962808
-0,226456
0,0622678
-0,07838548
-0,07492685
-0,1170616
-0,0852512
-0,0140371
-0,1390233
-0,09020673
0,01884339
-0,05038973
-0,1112525
0,02814353
-0,05368698
0,1264109
-0,02072047
0,002086298
0,1733186
-0,0485076
0,2390448
0,1747728
0,01034658
-0,06402233
0,1132146
0,09722958
-0,03597882
0,01883393
-0,04290956
0,01642829
0,04654391
-0,03380041
0,01546732
0,009315873
-0,01020371
-0,01544105
-0,02403511
-0,01772636
0,01512795
0,04771783
0,1470283
0,03229916
0,01593949
0,2175598
0,06916441
0,1306989
0,1353739
-0,025129
0,05654572
-0,07990007
-0,05300207
-0,1202618
0,03633399
0,03619219
-0,04643371
-0,0007195582
-0,1238994
-0,0822378
0,03852719
-0,05128799
0,1183374
0,1282806
-0,2121481
-0,0151702
0,221967
0,113482
-0,1466018
0,08463235
0,1669093
-0,0001352794
-0,1771977
0,02070902
-0,06590492
-0,04703693
-0,02177651
0,1534776
-0,107436
0,04712259
-0,0155021
-0,0125825
0,07199503
0,05027166
-0,03753573
0,003321361
0,007903618
-0,02253481
0,01132077
0,03802863
0,01961247
-0,1770909
-0,1254551
-0,0323749
-0,07611742
-0,005709525
0,1236429
-0,02866611
-0,03386728
-0,1087802
-0,06317259
0,006531132
-0,03253223
-0,03078823
-0,03115771
-0,1350042
-0,02322894
0,02212899
0,001769131
-0,1002384
0,0491437
-0,108368
-0,07973639
-0,03382644
0,01550187
0,1948714
-0,04270687
-0,07852093
-0,009493963
-0,1130701
0,0255721
0,2883558
0,08642635
0,009998198
-0,1078957
-0,03102286
-0,01401779
0,09169327
-0,08810731
0,004497488
-0,0163259
0,06017219
0,1002747
0,06648538
0,001585117
0,019693
-0,005892327
-0,02104953
-0,0151097
-0,02199987
0,05368097
-0,05435924
-0,04219045
0,02485795
-0,1364564
-0,03308444
-0,1535921
0,01640285
0,009176644
0,1048807
0,02433775
-0,1358262
-0,1155204
-0,001990694
0,1292563
0,04218793
-0,03243931
0,1661381
-0,1175347
-0,08339813
-0,05081557
-0,1319169
0,05199352
0,134754
-0,09932863
-0,0418753
-0,04871592
0,07574172
0,1853574
0,03078684
-0,1516337
-0,03255672
-0,1370026
-0,0007280236
0,03024008
-0,1221585
0,01470516
0,03051537
-0,1138938
-0,0488114
-0,05498619
-0,02194561
0,01535753
0,01817963
0,02980775
0,002462895
0,003151871
0,008289738
-0,03429775
-0,07871863
0,01060031
0,0808192
-0,02025905
-0,1575067
0,05194274
-0,03503021
-0,04429184
-0,0405638
-0,1072198
-0,06097019
0,0829441
0,1156285
-0,09078165
0,07985989
-0,07646054
-0,1214457
-0,07836466
-0,06507547
0,1651052
0,06109571
-0,1546478
-0,1962856
0,1671256
0,006234148
0,07834151
0,1694401
-0,04656915
0,01435035
-0,06480793
0,05134678
-0,08567664
-0,1777035
-0,08026961
0,1337122
0,07708529
-0,03057431
-0,07168756
-0,0301468
0,08945598
-0,06054927
-0,06378376
-0,04494562
0,03922983
0,02005154
-0,009637282
0,003896622
0,02014878
-0,0414359
-0,03050919
-0,002334388
-0,003891444
0,02115192
0,001703579
-0,1136708
-0,01216212
0,05459722
0,01589436
0,02187458
0,08158557
-0,06970445
-0,05565106
-0,06904131
0,07961064
-0,1078717
-0,01876591
-0,1259673
0,03731509
-0,01196024
0,04296334
-0,0944602
0,02602464
0,06745781
-0,03209979
-0,1520035
-0,02088032
0,1003358
0,05270887
-0,03891117
-0,2105138
0,05450753
0,07193604
-0,09416492
0,07519212
-0,07160829
0,002606843
0,01509083
-0,08386552
-0,04807472
0,08633683
0,01536312
-0,06753278
-0,00241906
0,02764208
-0,008385176
0,01258663
-0,006135421
0,00485082
-0,008899865
0,01086159
-0,04628089
-0,06750762
-0,07470936
0,1375674
0,08749712
0,1295226
-0,04493525
-0,09274513
-0,0898571
0,0647151
-0,01820629
0,2110514
-0,184908
-0,09441359
0,07785458
-0,1241867
0,07110172
0,1351322
0,05854441
-0,05588566
-0,007966983
-0,04965286
-0,00243168
0,08494919
-0,05008202
0,212441
-0,01506441
-0,1351666
0,05739315
0,1275841
-0,05881822
-0,1319507
-0,03213663
-0,09066997
0,06922413
-0,1346743
0,07208732
0,1229686
-0,004108822
-0,09925585
-0,02619656
0,06909829
0,02895152
0,01094678
-0,02468819
-0,002541171
0,02604756
0,01941541
0,006064411
-0,01809716
-0,09671081
-0,09000477
0,02489928
-0,02909919
-0,02538041
0,05410009
-0,06625949
-0,1036406
0,02575359
0,09512772
0,07325567
0,0687011
0,1306536
0,03029953
0,1309359
-0,1367631
-0,0309245
0,005991359
-0,02891454
0,02454464
-0,1028189
-0,1157309
-0,06186784
0,1462689
-0,0992213
-0,03252829
-0,003554063
0,009838581
0,04162794
-0,1195123
0,02076971
-0,2469077
-0,06175542
-0,1092507
-0,05695805
-0,1037496
-0,1071472
-0,02053049
-0,1227618
0,06906648
-0,07858812
0,1100895
0,02747011
-0,0007703517
0,001999681
-0,007509162
-0,0284093
1,090277E-05
-0,04801269
-0,02497338
-0,100509
0,01919305
0,07773284
-0,06109515
0,03925579
0,1299814
0,08736845
0,01324631
0,1122982
0,1274154
-0,0137421
0,118215
-0,009389172
0,004167994
-0,01356761
0,09409001
-0,01938219
-0,09977025
-0,02589101
0,08310085
0,06937273
-0,02260391
-0,08421724
0,03313999
-0,06480124
0,009543274
-0,03487817
-0,01329861
-0,02215067
-0,01116059
-0,02589706
-0,02531448
0,07309818
-0,1742743
-0,1505454
-0,09040722
0,01230759
0,06094159
0,04359987
0,07595734
-0,005738084
-0,09845897
-0,05198799
0,007937968
0,03016788
0,0008302914
-0,0298739
0,003821527
-0,02181466
-0,04188998
-0,06997749
-0,02957596
0,02348221
0,03582648
0,01242688
0,09092671
-0,1087442
-0,01414077
0,01008683
-0,01955214
-0,0769764
-0,1693035
0,01600472
0,07715298
0,01954337
0,06910311
0,02168426
0,1253745
0,1608042
0,04815413
-0,04560598
-0,1306752
0,06811547
-0,2362644
-0,1473425
0,02404307
0,09156481
0,02405087
-0,1103182
-0,1250993
0,1227911
-0,1013767
-0,3102472
-0,1628714
0,04453558
-0,09898276
0,1273857
0,01112694
0,024244
-0,06626037
0,0838201
-0,02200643
0,0531125
0,03383983
0,01690144
-0,001208403
-0,006633156
-0,008830483
-0,00680727
-0,0189304
-0,06843081
-0,01578814
-0,08361942
0,03688742
0,2099817
-0,00772769
0,01011553
-0,05195769
-0,2343681
-0,03433039
0,05961199
0,1677492
-0,1038569
-0,05222006
-0,04411141
0,03012597
-0,001697063
0,1163111
0,02062229
-0,04501468
-0,07855829
0,0132392
0,005062602
-0,07301725
0,08207455
-0,002209626
-0,07420275
0,09137705
-0,01493016
-0,1202837
0,04110791
-0,0005757438
-0,2192112
-0,04213751
-0,1178054
-0,00744155
-0,03116807
0,08094615
0,1517746
0,1663179
-0,01305014
-0,05528304
0,01793182
0,04896843
0,02109649
-0,02612416
0,0007720651
0,02492013
0,02444456
0,003331532
-0,02152297
-0,03413862
-0,1261007
0,03018714
0,1014875
0,09939165
0,01160837
0,01352557
-0,111058
0,01223147
-0,003413305
0,05971147
0,07803562
-0,0760573
-0,08588515
-0,006763561
0,1773904
0,06952447
0,09387641
0,1021566
-0,06304877
-0,04499368
-0,2033177
0,03485547
0,0005568421
0,07903334
-0,2024924
0,07284902
0,04458695
-0,1096001
0,04076642
-0,125116
-0,1826258
-0,02730256
-0,06414533
0,002115703
0,0778264
0,002559605
0,1545399
0,007409014
0,02375363
0,02159875
-0,0842604
-0,03308874
-0,01737925
-0,002602066
-0,02347388
-0,03007977
-0,01737731
0,01137188
-0,03392883
-0,1120831
-0,1617776
0,08294164
0,03502347
-0,01411199
0,06573926
-0,05752148
-0,09048231
-0,004119361
0,02925663
-0,1171677
0,06989545
0,07702851
0,03086491
-0,04397961
-0,1196531
0,06495489
0,188963
0,1145405
0,1666223
0,09022018
-0,05326441
-0,008075127
0,09083437
-0,1058624
-0,0845004
-0,1191075
-0,01925419
-0,2785107
0,08942819
-0,0773019
-0,1241634
0,1109258
0,02313193
-0,004584887
-0,006970147
-0,03721067
-0,03697163
-0,04185827
-0,0414736
0,1087127
-0,02604731
0,009699921
-0,03692418
-0,01614559
0,002897677
-0,00167494
0,005322981
-0,04923636
-0,1508252
-0,127232
-0,1179041
-0,1391629
-0,001498606
0,06775092
0,04409826
-0,118978
-0,09933902
-0,03622347
0,02578679
-0,003161272
0,1546731
0,04053344
0,2505015
0,1304959
-0,03670927
0,02948367
-0,06258889
0,08517309
0,1332193
0,01504038
-0,1989743
0,1198308
0,1285746
-0,01940081
0,08445799
-0,2369585
-0,1003036
-0,01999633
-0,005362442
-0,1398721
0,02920512
-0,06003954
-0,1835266
0,06357964
0,08122698
0,1133542
-0,003969183
-0,04577516
-0,09729865
-0,04300306
0,0086026
0,01007725
0,008082626
-0,01073599
-0,05027255
-0,02386554
0,01299903
-0,1298768
-0,1789736
-0,1166362
-0,01233216
-0,1040415
0,05971012
-0,02905882
0,08336077
-0,03795345
-0,1919896
-0,03686861
0,2122208
-0,2697133
0,08735527
0,04696528
-0,09382811
-0,07807854
0,03910812
-0,002529005
0,007123204
0,0005135322
0,1612358
0,1085503
-0,085838
-0,1656516
-0,2598501
0,1891452
-0,05044488
-0,1142836
-0,06011283
-0,1267312
0,1324686
0,06475516
0,2676772
0,008387756
0,02039039
-0,1028675
0,03651477
0,06725538
0,06018873
0,05744182
0,06863756
0,03258802
-0,02611865
-0,04231511
-0,03761945
-0,03132037
-0,01901849
0,003621889
0,0004496221
-0,06564225
0,04697422
0,0280258
-0,06991918
0,06015265
-0,01739523
-0,1101477
-0,01573594
-0,1339601
-0,1487723
0,1025986
0,1719655
-0,04763428
0,09536044
-0,03604129
-0,02946869
0,1093067
0,130498
-0,03105696
0,05320799
0,08011112
-0,1678197
0,03638134
0,1679865
-0,06032541
-0,1278794
0,1837392
-0,01476141
0,05650794
0,1421675
-0,03945952
0,1059965
0,1153816
0,0796796
0,06175453
0,09073664
-0,102045
0,01411536
-0,02499304
-0,08865774
0,02118315
0,1826868
0,1249072
-0,08984433
-0,07650863
-0,03760837
0,0005091548
0,01189278
-0,01512757
-0,01359903
0,002878495
-0,03828398
-0,02181329
-0,05249365
0,01809173
0,03365274
0,0008107977
0,09682368
0,04248914
-0,004590753
0,02645686
-0,09395751
0,008459453
-0,00854133
-0,1140865
0,1026187
-0,006599023
0,1017218
0,04154438
-0,114462
-0,02222827
-0,05302742
0,03045474
-0,09979521
0,08848348
-0,04321838
-0,02704844
-0,04803393
-0,1270783
-0,03055342
0,08416661
0,007748245
0,1253314
-0,03113431
0,04089512
-0,02710219
0,004670469
-0,000953154
-0,1482128
-0,07247487
-0,04644161
0,03337977
-0,06881069
-0,07352877
-0,01490228
-0,06850739
-0,01256924
-0,0253983
-0,02522675
0,02625745
-0,03183827
-0,03819657
-0,09194402
-0,03628852
-0,03440256
-0,1018516
0,04676281
-0,01583098
0,1502559
-0,007988521
-0,006266696
-0,06261173
-0,04713634
-0,02557124
0,07144278
-0,02272024
-0,2753632
0,1091535
0,2233704
0,1223857
-0,03943586
-0,2143933
-0,1113591
-0,02877949
-0,2082759
0,07544698
-0,06422722
-0,02494424
-0,01166205
-0,05611226
-0,07404844
0,08202243
0,09101816
-0,01858336
0,2053995
0,003068919
-0,1169531
-0,2036826
-0,1021289
-0,1027538
0,03657797
-0,008149144
0,02555031
0,0005258078
-0,04132657
-0,03337407
-0,04782328
0,006534562
0,02790077
0,02697018
-0,05675776
-0,04202333
-0,09965062
-0,05380309
-0,02516777
-0,01399181
0,0006599637
-0,112124
-0,1449636
-0,1807514
-0,1051783
-0,06272498
-0,1932588
-0,05221225
0,1557552
0,07865021
0,1759834
0,04556819
-0,2785393
0,1035613
-0,02629715
0,005895515
-0,09334899
-0,0877721
-0,05739013
0,06261127
0,1114851
-0,1897257
-0,07565358
-0,1246418
0,07864839
0,1599024
0,100809
-0,01929029
0,03856517
0,06216789
-0,08132476
-0,02823246
-0,09555141
-0,108559
0,09804929
0,03289798
0,09828179
0,01936743
0,008985982
-0,04866327
-0,0554738
-0,004857125
0,009706393
0,01550097
-0,01709424
-0,07286929
-0,0387043
-0,03401383
-0,01394775
0,05543323
-0,1279053
-0,1158604
-0,07689551
-0,0380322
0,00261845
0,1339465
-0,0446769
-0,02353517
-0,1697104
-0,08366068
-0,04473961
0,0959786
0,02890304
0,1900629
0,01536051
0,1288729
-0,1902768
-0,1394898
-0,03446066
-0,04387035
-0,03417355
-0,1441681
0,162509
-0,04184356
-0,1057508
-0,002801142
0,274142
-0,04855573
-0,004046394
0,1167433
-0,006721593
0,1202249
0,04027284
-0,09535956
-0,04390618
0,009185503
0,06684586
-0,001448734
-0,04049985
-0,09133985
0,002849507
-0,01823444
-0,008786481
0,01712084
-0,08943306
-0,1176226
-0,1074791
0,0138094
-0,04154687
0,01326772
0,08639611
-0,128585
-0,1254469
-0,2354186
-0,05026034
-0,05293585
0,03999303
-0,2769207
-0,08753624
0,02066928
0,05435825
-0,006866247
-0,001512179
-0,124562
0,05336176
-0,1634067
0,05814295
0,03807253
-0,07067864
-0,1201629
0,0110355
-0,01171339
0,07435916
0,01418898
0,1245571
-0,1027505
0,1327807
0,2572474
-0,008978906
-0,05814863
-0,1780824
-0,01716194
-0,08670321
0,004629091
-0,04507594
0,02970922
-0,008566311
-0,01158352
-0,02678376
-0,04423376
-0,02807425
-0,02049586
-0,02894268
-0,01480124
-0,01245659
-0,04283965
0,02767768
0,003136699
0,07282929
0,1480153
-0,001321566
-0,00642525
-0,2238063
-0,150095
0,07687604
-0,08735423
-0,05014925
0,1566913
0,02278488
-0,06679448
-0,09324735
-0,1002737
-0,03729126
-0,04662131
-0,1325755
0,002170729
0,1003071
-0,1010767
-0,06170246
-0,04150481
-0,03643458
-0,1409423
0,07635675
0,1673913
0,06020516
-0,04440071
-0,004397936
0,2104345
0,09060845
0,1367491
-0,002494496
0,05052899
-0,006540842
-0,0124135
-0,04370563
0,05430077
-0,01810135
-0,03989844
-0,006439118
-0,05448791
0,01301291
-0,003744997
-0,0008582699
-0,03493201
-0,1068124
-0,01988181
-0,03218134
0,129165
-0,05737432
0,09440725
-0,07762413
0,158979
0,04560947
0,08803236
-0,08794811
0,008757129
-0,06123684
-0,0634408
-0,1372608
0,0104712
-0,109843
0,04581138
-0,01009984
0,06821944
-0,02046749
0,07859188
-0,07821614
0,1016883
-0,2062065
0,02141919
-0,1349794
0,006549917
-0,05181968
0,01281033
-0,07181126
0,01041479
0,026884
-0,1533503
0,0174046
0,04401753
0,1013999
0,09018271
-0,004365425
0,1735204
0,1540046
0,1061105
-0,0690349
-0,0962531
-0,01001057
-0,03764171
-0,05047103
-0,03636193
0,005934381
-0,05505462
0,0260817
0,04845032
0,05049398
0,1345185
0,09795924
0,1363851
0,06494957
-0,1427725
0,06494956
0,06921798
-0,002393655
-0,02898984
-0,01872198
0,249927
-0,003123594
0,1114518
0,03547479
-0,04167254
0,1211861
0,04757802
-0,06527136
-0,01695288
0,07505319
-0,1181991
-0,04635597
-0,1363403
-0,1021933
0,002341207
-0,1527914
-0,07433465
0,08510695
0,1443509
0,1510828
0,1805435
-0,03459363
0,01513694
0,09180633
-0,004518263
0,03137216
0,0527518
0,01231413
-0,05957929
0,01763048
-0,008447072
0,01757006
-0,02377495
-0,0330302
-0,0369131
-0,001136211
0,02139278
0,07504819
0,02425012
-0,04304017
0,01716325
0,03398267
0,09547399
0,09765309
-0,02396056
0,06815257
-0,04922718
-0,01681707
-0,04734284
0,07601336
0,09483301
-0,1112367
0,2389439
0,01577994
0,04110557
-0,01972368
0,07953782
0,06907226
0,0892965
-0,03224191
-0,136517
0,0834343
-0,00272168
-0,03118818
0,1333367
0,1170947
-0,09760365
-0,1119135
-0,02036265
-0,1327389
0,01357191
-0,1566285
0,04366099
0,01102642
-0,007595701
0,02586133
0,06143801
0,06633866
-0,1271953
-0,03889137
0,001994268
0,03559046
-9,730724E-05
-0,0129873
0,01759251
0,02643925
0,01516975
0,02212851
0,002040244
0,05124381
0,06926232
0,150427
0,01729198
-0,04419268
-0,0131491
-0,1960896
0,06303457
-0,1801719
-0,0882875
0,09763133
0,2117534
-0,02411272
-0,04292084
-0,07378122
0,14052
0,06973128
0,04266255
-0,1304741
0,1068638
0,1555006
-0,1327156
-0,1233846
0,02513375
-0,1198448
0,09190085
0,1191637
-0,02291206
-0,04817273
-0,1469589
0,07276267
-0,2612112
-0,02946269
0,001367091
0,1194059
0,1372776
0,1651846
-0,03026619
-0,06063898
-0,1393554
-0,04512839
0,03185032
0,01497618
-0,04584236
-0,04872366
-0,001936606
-0,02243884
0,0006354648
0,05765878
0,1380317
0,1036171
-0,02325263
0,08377889
0,1441089
0,1194483
0,04448454
0,1674551
0,01480902
0,1274316
-0,1613652
0,0138902
0,0535173
-0,05491883
-0,0439821
0,009488936
-0,04148137
-0,062881
0,03780289
0,1251988
0,04780509
0,02913432
0,003252757
-0,02005884
-0,09918829
0,1099137
0,06888199
-0,09308041
0,01556539
-0,03504787
0,1945622
-0,1205931
0,1328438
0,07881229
0,04048356
0,06973603
0,08119176
0,05916237
0,08977391
0,07006107
0,03542493
0,05244637
0,04265643
0,02274665
0,02168387
-0,005247192
0,004760736
-0,002977348
0,03198803
0,0484361
0,1249999
0,1991351
0,1035517
0,2926258
-0,06670324
-0,1899977
0,1735413
0,09175261
0,05107345
-0,005724925
0,05379049
0,08358908
-0,08998753
-0,09576403
-0,03380079
0,2095282
0,05440336
-0,1642044
0,07884242
0,09252461
-0,1954302
-0,2038469
0,03868942
-0,08488986
-0,08327259
0,008948776
0,04982956
0,1816727
-0,01342855
-0,1097077
0,0172115
-0,1668326
-0,1126143
0,05262885
0,1414849
0,0176569
-0,1145182
0,07746097
0,09854265
-0,06239963
0,05489099
-0,008604045
0,0265899
0,02550635
-0,02444074
-0,02437062
-0,01238662
0,009628811
-0,06093951
0,03786578
-0,01393512
0,1884003
-0,0264932
0,1032559
-0,02095841
-0,08587825
-0,07441759
-0,03623166
-0,08713563
-0,07070579
0,09767631
0,04167273
-0,1084869
0,03175367
0,001293738
0,0423806
0,09396736
0,09116273
0,01884921
-0,15088
0,1688452
0,04415208
0,1048793
-0,1155693
0,02231199
0,101499
-0,04474146
0,1105492
0,01974007
-0,07533121
-0,006204609
-0,1197715
0,03819516
-0,01046556
0,1406322
-0,1409246
-0,05003675
-0,06498468
0,008427941
-0,08599614
-0,03896351
-0,07125381
0,02491273
0,009351157
-0,02847109
-0,02155768
0,03542393
-0,004550996
-0,01148953
-0,01904474
0,006968468
0,04586038
0,1250277
-0,07571755
-0,04789352
-0,05783142
-0,100165
-0,001634464
0,05898935
-0,01663835
-0,04363716
0,03035882
-0,08507692
0,04065077
-0,01536878
-0,01188767
-0,0097816
0,1842835
0,06548076
-0,0732587
-0,00845779
-0,01584585
-0,1345123
-0,09617091
-0,02961162
0,05745202
0,004361506
-0,1747
0,1136252
0,02487691
-0,1552638
0,03201084
0,03844286
-0,07846534
-0,1105234
0,1787205
0,08359756
-0,037824
-0,01214261
-0,0610938
0,04070221
0,01481692
0,08548632
0,03697319
-0,01194481
-0,01598949
-0,008306115
-0,002182204
0,02052395
-0,02622625
0,09248036
0,01760656
-0,04088724
-0,2431982
0,1953024
0,08983292
-0,06948743
0,09481336
0,009517141
-0,07720038
0,024045
-0,01645045
-0,01898881
-0,05626944
0,1750649
0,1996106
0,1051885
-0,02050053
0,06105274
-0,02659385
0,03154339
-0,07032585
-0,09999557
-0,04077243
0,115131
-0,05816357
0,02301731
-0,1028061
0,01282009
-0,006247267
0,1285658
0,1058146
-0,04837317
-0,07081524
0,002454153
0,1311858
0,03611213
0,04944589
0,02864692
0,005144066
0,006427732
0,007760019
-0,04961789
-0,005573011
0,01923523
0,0100432
0,03302849
0,003929344
0,02393347
-0,09463098
0,0003278397
0,07786606
0,0882317
-0,2036787
-0,2853721
0,1780637
0,1166651
0,07750646
0,1225995
0,1331507
-0,1161078
-0,003365008
-0,09264741
0,05188676
-0,03257491
-0,137627
-0,03288079
0,003448167
-0,1002651
-0,05558315
-0,03510677
-0,1953185
-0,1310021
0,06224936
-0,001266882
0,07548336
0,1586241
0,1032996
-0,1533896
-0,05133471
-0,02499006
-0,1477493
0,1471202
-0,01117391
0,02506386
0,08633687
-0,001220868
-0,03004914
-0,07650773
-0,03044361
0,004572921
0,03348945
-0,0236605
0,03159653
0,02361557
0,01579333
0,02609861
0,02502634
-0,01936411
-0,0538486
-0,04711117
0,001322967
0,133924
0,03977549
0,1627029
0,09158687
0,1086546
0,1328483
-0,03127564
-0,08826496
0,04250478
-0,06625751
0,05848435
0,02519923
0,01371246
0,09356215
0,08664688
-0,1437185
-0,1078994
-0,006537147
-0,171848
0,03254188
-0,01315603
0,03111585
0,004410123
-0,1542424
-0,2003492
0,1429316
0,01884114
0,1127254
0,01517985
-0,05550963
0,0008735323
-0,1782771
0,02097953
0,1054558
-0,05860967
-0,1694063
0,01165835
-0,1022797
-0,002861247
0,01261852
0,002879873
-0,005000466
-0,03330693
0,007089892
0,001108717
0,02705701
-0,01579066
-0,01801061
0,003083705
0,01836316
0,1664337
0,05610772
-0,03143297
0,02642795
0,1025151
0,1602196
0,01107361
-0,08669629
-0,04846077
-0,01702349
0,04304114
-0,04597903
-0,04574858
0,167414
0,1384442
0,0867435
0,1168049
-0,05134786
-0,03677266
-0,03547108
-0,2912302
-0,04663285
-0,07572901
0,1377454
-0,02937543
0,07351257
-0,08198154
-0,135386
0,171391
-0,08592625
0,1218129
-0,08332659
0,01399203
-0,0001903971
0,09437842
-0,04003093
-0,01002629
-0,113459
-0,1004302
-0,01661854
0,03964952
0,004562884
0,00953739
-0,01425862
0,009161103
0,009968984
-0,04493142
0,03017964
-0,008491245
-0,03184447
0,1392179
0,0697683
0,1670248
0,04125968
-0,06750195
-0,0731292
-0,03614605
0,05735775
0,2820562
0,0081701
-0,03322415
0,135321
0,02219354
0,05555298
0,1256853
0,07826027
0,06245061
0,165964
-0,2341135
-0,06184557
-0,07446319
-0,05305751
-0,03398978
0,01404042
-0,08437053
0,04481101
-0,0931513
-0,01029425
-0,006871116
-0,07959191
-0,01018407
-0,06608674
-0,004174327
0,009833886
-0,01793942
-0,05442293
-0,02751241
-0,1126105
-0,1041249
-0,03995451
-0,02108749
-0,0209961
-0,03288898
-0,01225436
0,02386382
-0,02287192
0,0002859641
0,04395293
-0,004872014
0,0011933
-0,04640865
0,11804
0,05731151
-0,1042616
-0,01997773
0,01914411
-0,01166465
-0,07761929
-0,07032988
-0,09211536
0,2084739
0,01157441
0,08481106
0,02726507
-0,01282563
-0,05295241
-0,05206321
0,04687328
-0,1828575
0,08392077
-0,09434813
0,281827
-0,0449917
-0,009175221
0,08061386
-0,02263125
-0,09228152
-0,08676423
0,006705312
-0,00969167
-0,06152212
-0,0413693
0,07489163
0,07752239
0,03000106
-0,0573337
-0,03214826
-0,06190956
-0,0354455
0,01144359
0,02338381
0,01526914
-0,01096927
0,004540153
-0,003124677
0,02719693
0,0180535
0,05696399
-0,07313302
-0,07271624
-0,1233134
-0,08919333
-0,1108761
-0,1056352
-0,1221547
-0,2127946
-0,2004496
0,1175391
0,0135947
-0,06191013
0,04002356
0,105165
0,06184827
0,1774984
0,2627149
0,1034538
0,03949466
0,05610653
-0,08382099
0,0191848
-0,06642759
-0,1427764
-0,1448922
-0,07336994
-0,1490189
-0,136364
-0,005601043
0,09243468
0,04089215
-0,08878534
-0,08606114
0,04517234
-0,04434636
-0,0810912
-0,05819294
0,01345674
-0,02944108
-0,04082232
-0,01883519
-0,02808726
-0,01394219
0,02042021
0,02124997
0,01458338
-0,00130502
-0,02580014
-0,0004636005
0,05793723
0,05494367
0,01284555
0,09326074
-0,06598676
-0,07679864
0,0710398
-0,02094175
-0,06217144
-0,1423303
0,147302
0,1754238
-0,06734959
0,02430816
0,06160798
-0,01640774
-0,1129093
-0,06047047
0,02057747
0,05080348
0,04522208
0,02935139
-0,03746077
0,008758998
-0,1626894
0,1518675
0,08318421
-0,1427763
0,1638842
0,06804165
0,1179958
-0,01394384
0,0207464
0,1122927
0,06328391
0,1047769
-0,1285866
-0,153208
0,1320763
-0,01569793
-0,1215012
-0,09034582
0,01189655
-0,04392956
-0,01309392
0,006859235
-0,001567732
-0,001543665
0,006617809
-0,009243433
0,03430222
0,01296956
0,003830065
0,02314064
-0,1187583
-0,03488607
0,05015767
-0,01637414
0,05004257
0,08077478
0,02403028
-0,0337765
0,01178013
0,04622098
0,01363993
0,1354546
0,1819991
0,01402677
0,0618933
0,1840353
0,09143227
-0,1418129
-0,09148838
-0,2058851
-0,1202229
-0,02790287
-0,01397728
-0,2224019
0,0218779
0,004481479
-0,06159155
0,01918328
-0,07781739
-0,1106274
0,0119986
0,05851982
-0,123508
-0,1529729
0,001387821
0,02860755
0,03317581
0,004614459
-0,0004737964
0,04483277
0,0154233
0,008205417
-0,02527026
0,0213403
0,01964525
0,005969089
0,02698276
-0,07153298
0,01476459
0,1443538
-0,05415413
-0,02071933
-0,0078255
-0,06280553
0,003925143
-0,04155444
-0,1327236
-0,04972944
-0,08672013
0,1633663
0,1004765
0,02173527
0,05042965
-0,1223614
-0,07034754
0,05499306
-0,1441709
-0,01765412
-0,1831545
-0,07657599
-0,2315986
-0,08767226
0,1021446
0,005597538
-0,06753571
0,1278671
0,0820992
-0,0008961181
-0,04226352
-0,06121208
0,1074756
0,1075661
-0,00430195
-0,07955182
-0,01884291
0,129005
0,1078418
0,03829329
0,05821132
-0,01711976
0,01729849
-0,02889224
0,02013371
0,02267564
0,02638355
0,0157912
0,04348969
0,01526274
-0,0009416789
0,07850939
-0,1020532
-0,1302114
-0,05937377
-0,02309092
0,009929657
0,1443814
0,05834846
-0,1147932
-0,03497152
-0,003795024
0,1499269
0,1867868
-0,02402099
-0,007888691
0,269877
-0,08844134
-0,08313238
-0,159848
-0,1810824
-0,02503464
-0,14556
-0,0872692
0,001077224
-0,03366288
0,03605293
-0,04307494
-0,02190104
-0,1249538
-0,1130404
-0,009922573
-0,01966143
-0,01505181
0,05206734
-0,04643546
0,0437087
0,06276329
0,0777172
0,02148673
0,03129865
0,01045876
-0,01335623
0,02025764
-0,0141711
-0,01949377
-0,003864375
0,02333596
-0,0007370721
0,009330277
-0,00937386
0,02003879
0,003316352
-0,0303921
-0,05941347
0,1180858
0,04357852
-0,03490024
-0,09958719
0,003364651
0,006617103
0,1553442
0,14191
0,1475675
0,09032258
0,07291351
0,1140008
-0,06872273
-0,0881552
-0,04381916
-0,08694445
-0,007787195
-0,1797945
-0,164255
-0,07789542
0,004359975
0,1016515
-0,04818694
-0,03124222
-0,01997079
-0,06162269
-0,04883666
0,01404451
0,03050157
0,02910118
0,009757315
0,008790697
0,004724492
0,06656265
-0,003793529
0,0366794
-0,01420796
0,00723634
0,01642924
0,003793214
-0,01621691
-0,004909847
0,01157948
0,02700799
0,02603463
0,03936909
0,01503892
0,06291665
-0,01617563
-0,04464995
0,008411292
-0,06680871
-0,07484546
-0,1948927
-0,06275336
-0,03582254
-0,02963142
-0,05807787
0,110885
0,203787
0,1394344
0,2006896
0,02419724
0,1122356
-0,2160487
-0,06663207
-0,1085825
-0,1719668
0,02561507
-0,04379109
-0,1046399
-0,01384927
-0,1137981
-0,03939107
-0,07685995
0,006552523
-0,03995024
-0,03681494
0,005798683
-0,05622512
0,05729556
-0,03384701
0,02547484
0,09720324
0,01189385
0,02575795
-0,0009057504
-0,0241246
0,01652366
-0,001935998
0,008933981
0,00985299
-0,007200929
0,004358315
0,04443151
0,02333489
0,028576
0,01804222
0,003081724
-0,04928485
0,009705422
-0,09313922
-0,1133543
-0,06314153
-0,02886419
-0,04429162
-0,02686489
0,1250467
0,03767223
-0,05656338
-0,08081493
0,06057458
0,04781936
0,05947025
-0,03055607
-0,1245558
-0,05304997
-0,1559036
-0,002075118
0,06287269
-0,03329923
-0,1847363
-0,1416534
-0,04101292
0,02576114
-0,03105828
-0,0121836
-0,01737448
-0,03549926
-0,05239219
0,02920865
0,03910692
0,01898305
0,03138542
-0,01430942
-0,003545773
8,25246E-05
0,004372132
0,00905854
-0,01786881
-0,008045672
0,008180444
-0,009088568
0,0336874
0,03607914
0,01129696
-0,01230447
0,009916424
0,0322926
-0,0044406
0,0816892
-0,009666202
-0,0342412
-0,03677725
-0,09867108
-0,06733404
-0,08753509
0,05104346
-0,04042288
0,05188458
-0,0219796
-0,02552831
0,07349872
-0,0235205
0,02084191
-0,04202157
-0,1558532
-0,01664749
0,02968928
-0,04715472
-0,01988372
-0,07580972
0,02402448
0,02475598
0,008089421
-0,00791971
0,02604906
-0,01101083
-0,01266328
-0,0277297
-0,00381669
0,0061192
-0,01203819
0,02784221
0,03483184
-0,009084461
-0,02129308
0,004693744
0,01122594
-0,02876345
-0,02917586
-0,02735335
0,003856916
0,03371666
0,02204312
0,02822826
0,005026816
-0,01558777
-0,004783118
-0,02246221
0,003955087
0,002089192
0,03375408
0,03316947
0,004896432
-0,04262584
0,0551334
0,04546633
-0,01165876
0,002726986
-0,000762014
0,04109773
0,07396685
0,006611414
-0,1172571
-0,1022367
-0,06045217
-0,01803077
-0,08780058
-0,02194919
0,02309938
0,01086506
-0,002433457
0,05241583
0,0308331
0,01600718
-0,01884645
0,02415481
0,02112427
-0,03650177
0,01463931
0,01512208
0,04781996
0,02585306
-0,01191154
0,02805427
-0,005310896
0,01928221
-0,01560059
0,02422101
-0,003762174
0,01301445
-0,01812533
0,02880594
0,004853811
-0,02128197
-0,004823582
0,03042623
-0,01157498
-0,009736977
0,01465483
0,01666079
-0,001756971
0,05885713
0,01543518
0,0066966
0,04539277
0,007420994
0,01538311
-0,008461226
-0,007839441
0,009892794
0,0113755
-0,06137892
-0,04898122
0,02112621
0,002899706
-0,04678231
0,005970773
-0,009791147
-0,02882426
-0,05127419
0,0251345
-0,01015994
-0,00551304
0,01375919
-0,008094221
-0,03292068
-0,02927898
-0,03193228
0,005363696
0,006158583
0,005150381
-0,01718855
0,01294608
-0,01497051
-0,002744158
0,001032716
0,01491185
0,01773258
0,002809915
-0,01034635
0,009403224
-0,02899187
-0,02580052
-0,0002033853
0,02734348
0,02347012
-0,01439129
0,02030992
-0,02248853
0,01820478
-0,02622323
0,01681422
-0,004260131
-0,03370199
0,02767083
0,06474292
0,03768275
-0,02986816
0,05611829
0,02451001
0,03347715
-0,0001658267
0,008632183
-0,01574885
0,006568638
-0,01927737
-0,01391133
0,001485866
-0,02119481
-0,05500254
0,006577006
-0,01894506
-0,04410918
-0,01157781
0,02023385
-0,006285185
-0,02758816
-0,03250973
0,0122244
-0,004695384
0,01633214
-0,01404688
0,03146
0,02071256
-0,01005363
0,005747395
0,00036341
-0,0002783886
-0,02290366
0,007053143
0,008483278
0,01458126
0,01792025
-0,01429683
-0,01579555
0,002592098
0,0001489062
-0,03506634
0,01720323
-0,02194854
-0,02807769
0,007379147
-0,005568455
0,01794815
0,009119647
0,01788893
0,0383445
-0,01597146
-0,005563441
0,04234275
0,04249683
0,04124953
0,008089203
-0,001349342
-0,0008019612
0,007172436
-0,01825823
0,0004954847
0,003432359
0,006900557
-0,03126511
-0,03399901
-0,01097896
0,01331236
0,01887339
0,02425288
0,02691896
0,01539626
-0,01630893
-0,01709621
0,02905874
-0,02490947
-0,02273103
-0,005834152
-0,01433787
0,02782936
0,01688383
-0,02307183
0,003543501
0,02003425
0,01650714
-0,005685927
-0,01286226
-0,0002482114
0,01796528
0,02297787
0,004419698
-0,008103547
0,01415435
-0,003842947
-0,009459229
0,02330024
-0,02482381
-0,03536144
-0,01826406
-0,03041107
0,01053376
0,02170329
0,03453192
-0,008874414
-0,01661105
-0,04848499
0,007079606
0,01675951
0,0007549183
0,001309385
0,001578421
0,02991112
-0,01682829
-0,00871937
0,02282643
-0,03314296
-0,03259351
0,02237508
-0,01971962
0,0097299
0,02490873
0,0201259
0,02501348
0,02541436
-0,006214755
0,005087167
0,03040901
0,01353446
0,02101788
0,03010077
0,0203594
-0,02469711
-0,02385826
-0,01853422
-0,003465591
0,02987606
-0,02270556
-0,02201955
-0,01723868
0,01354793
0,004528562
-0,00825337
0,01665168
-0,03141192
-0,01384394
0,00864903
-0,02100064
-0,01332893
0,002804414
-0,006620782
0,02816486
-0,01103572
0,02575647
0,005689397
-0,02118962
0,007031305
0,02128692
-0,02720399
-0,03490208
-0,02982562
-0,02410441
-0,01818677
-0,02209441
0,00366484
0,02038309
0,0005924984
0,0153668
-0,02945521
-0,0244944
-0,02989547
0,02581664
0,02620389
0,01535722
-0,003531147
-0,02210293
0,003480787
-0,02715979
0,02365774
0,009291058
0,01413444
-0,003053473
0,01497165
-0,01977634
-0,002344949
-0,02382711
0,004094315
-0,01848064
-9,398262E-05
-0,0281099
0,01649144
-0,02333831
-0,02787253
-0,02487731
-0,01991948
0,01085424
-0,003183464
-0,01334296
-0,02368691
-0,02464689
0,01480758
0,02495735
-0,02303749
-0,02090741
0,001816661
-0,002269698
0,02798566
0,001072576
-0,002493934
-0,002159892
0,006110968
0,007073329
0,02972655
-0,003625461
-0,01102469
0,00619538
-0,01074811
0,02839522
0,00849712
0,005921036
-0,007094348
-0,009354476
-0,01487233
0,0297874
-0,01031325
0,02404981
0,02408031
0,02119073
0,004978628
0,01700284
0,01285785
-0,01267871
0,02721798
0,01827738
