-0,005452807
0,02079203
0,02859303
0,01797535
-0,008073122
0,02811018
0,005912112
-0,01785534
-0,0128687
-0,001837364
0,003420213
-0,002386813
-0,01683514
-0,0176602
-0,007861997
-0,001094091
0,003710507
0,02790113
-0,01172219
-0,01232107
-0,006746454
-0,01257011
0,01836242
-0,02386158
0,01985529
-0,03535348
-0,006102393
-0,01202291
-0,01436192
-0,00441033
0,00498659
-0,01896771
0,02795737
-0,002736377
-0,01106519
-0,01019114
0,004025977
0,0006985723
-0,005847691
0,01321971
0,01221208
0,008038854
-0,01970284
-0,01049325
0,004559773
0,004609986
0,012073
-0,02740311
-0,02791541
0,02563529
-0,02084551
0,01242488
-0,00225524
-0,006264479
-0,01103206
-0,02025848
-0,0271006
0,01522455
0,02475113
-0,01401362
0,001302334
-0,01062901
0,02911806
0,01603343
0,02194759
-0,01053163
-0,0002123812
0,009908534
0,01950105
-0,0278098
0,02419329
-0,02607482
0,006096604
0,003084094
-0,001854785
-0,002965644
-0,04006732
-0,01531308
-0,006064535
-0,03142142
-0,02869561
-0,01492666
-0,01788685
-0,008344444
-0,0009264509
0,03210402
0,01874587
0,01706911
-0,002923297
-0,02149344
-0,02514187
0,00783904
0,0007298897
-0,0220335
-0,01593257
0,002399113
0,02090394
-0,003487052
0,003436205
-0,01346437
-0,02323796
-0,02517658
-0,01637561
0,03636558
-0,009331448
-0,01348622
-0,02130341
0,04665517
0,0328123
0,02083573
-0,02786171
0,0205076
0,006458499
0,01336444
0,04165304
-0,01530897
0,03247145
0,00904554
-0,0045818
0,01711985
0,00174396
0,02809238
-0,01074204
0,004922258
0,01439426
-0,03002186
-0,0122696
-0,004385558
-0,006157251
0,02146306
0,007151403
0,0007088271
0,005966567
-0,02030752
-0,03074535
-0,0314583
-0,0155455
-0,0003855146
0,01357817
-0,01618455
0,01465076
0,01400168
0,00525431
0,01938373
-0,01991506
0,008667985
-0,00546978
0,02023642
-0,02171057
-0,0241988
0,004815724
-0,01581955
-0,02749063
0,03719997
0,02648393
-0,01834687
0,02502264
0,02740455
-0,01231296
0,03696886
0,005098272
0,03408565
0,06473551
0,04848066
0,01631449
-0,01678702
0,02147218
-0,009284505
0,009310213
0,008386048
-0,03038176
0,002107203
-0,0233314
-0,02708031
0,02292899
0,001336176
-0,02619154
0,02315045
-0,006315344
-0,005249081
0,02115854
0,01434969
-0,005650987
-0,02048203
-0,007159371
0,002041135
-0,0003208079
0,001884395
0,007539208
0,02463529
-0,009721784
-0,01102826
-0,04432962
-0,01893013
0,007606032
-0,02261651
-0,01606023
0,01691967
-0,0264499
0,02200281
-0,02711513
-0,01740529
-0,02033063
0,007518576
-0,02304775
0,01813173
-0,01851963
0,007763371
-0,003696599
-0,03014543
0,01633151
0,01939502
0,01212937
0,01120564
-0,01523985
0,005623496
0,01611671
0,02296669
-0,004260412
-0,006850163
0,0279814
-0,006184692
0,01942867
0,01305219
-0,01276455
0,01473182
0,04773236
0,06182022
0,006499039
0,05688257
0,04939448
0,01835632
0,09708767
0,03774109
-0,02572015
0,03358361
0,02721409
0,06941944
0,04064327
0,05443662
-0,009389086
-0,01481481
-0,02176735
-0,02845486
-0,04628484
-0,02320903
-0,01640899
0,02548525
-0,02077381
0,01739575
0,0229718
0,01452509
0,007729368
0,03533573
-0,05179498
0,02349926
0,03091457
0,001117027
-0,07859395
0,04328972
0,04020184
0,02197642
0,002532445
0,01588048
-0,0104797
-0,03441485
-0,01064587
0,01505592
0,03441588
0,08575875
0,06889147
0,0536261
0,03686209
0,06346822
0,05262214
-0,02539461
0,0005777843
0,04862169
0,1041011
0,0392881
0,05754787
0,09813746
0,1601495
0,02905052
0,04347575
-0,04841189
-0,05561576
0,05327598
0,112839
0,03491946
0,022932
0,004088141
0,02349568
0,004907669
-0,02552518
0,01299848
-0,02853461
0,003478357
0,005377898
0,002093317
-0,005846968
0,002601433
0,0001652727
0,007230915
-0,02756014
-0,03406008
0,03754089
-0,05227241
-0,09369696
-0,1058853
0,04004586
0,02972919
-0,02020212
-0,03241241
-0,03433694
-0,06506739
-0,0009975595
-0,02248312
0,02936824
0,03266053
0,04721804
0,05601397
0,02538822
0,01604091
-0,04570701
-0,006989276
0,05053173
0,0839242
0,1503619
-0,002926802
-0,06731599
0,01015935
-0,02571248
0,01942082
-0,04023488
-0,07316003
0,005641984
-0,003569199
0,01255634
0,03490517
0,005942618
0,04140502
0,04961573
0,01138109
0,01314054
-0,03025449
0,006311267
0,02386165
-0,0136566
0,01041184
0,02654777
-0,01876303
0,02669618
0,03164565
-0,03770725
-0,09602074
-0,03293568
0,03370303
0,08259666
-0,01130959
0,1293451
0,06953941
0,0243588
-0,06875296
-0,1192713
-0,03986902
-0,02279548
-0,0381113
-0,03775815
-0,01005088
0,05999331
0,09339881
0,02652764
-0,03542588
-0,007771842
-0,0545904
-0,02778617
0,05227796
0,09124655
0,06111012
-0,0866536
-0,08661459
0,0045655
0,0769117
0,0559171
-0,03468582
-0,02105918
0,01590639
0,04285275
0,08681445
0,03982361
0,06911024
0,03207528
0,03707314
-0,004075912
-0,03382458
-0,0275774
-0,01483224
-0,005395227
0,01311903
-0,01343646
-0,01114442
0,003550556
0,05681508
0,003707614
0,05549293
0,04399736
-0,05960939
0,01395763
0,08333137
0,1011882
-0,01430595
0,04256343
0,1042831
-0,01414998
-0,04193169
-0,02304613
0,04124869
0,04547381
-0,04714747
-0,05307746
0,04106268
-0,03507593
0,01955654
-0,0005652443
0,07716189
-0,04348418
-0,006712017
0,09791617
0,08078518
-0,04950873
-0,1948357
0,01836746
0,1014111
0,1026414
0,01896044
-0,07742014
0,06830773
0,03416044
0,1767937
0,1044047
0,07644619
0,009168262
-0,01245985
-0,006441731
0,004918374
-0,01915972
0,0009296988
-6,85827E-05
-0,02073714
0,02288734
0,0110147
0,05026814
-0,03108396
0,06298521
0,109845
-0,07158905
-0,01774191
0,0325637
-0,01584606
-0,06428506
-0,02615365
0,03985727
0,1073909
0,07430958
-0,04336685
0,0006541098
0,02690637
0,0723056
0,04357282
-0,0546592
-0,04348642
-0,01664599
-0,1008089
-0,02659427
0,02459179
-0,08546405
-0,06549034
0,01811891
0,06024097
0,05173294
0,07122715
-0,03687673
0,08751426
-0,08170751
0,01994147
0,01199905
0,1125255
0,04874656
0,02529147
0,02752548
0,007064383
0,05216583
0,05070514
0,01254634
-0,05565786
-0,0047977
0,01829274
0,004008652
0,02320259
0,02642884
0,02607984
0,01779549
-0,03605136
-0,009466199
0,01462883
-0,003804642
0,01555029
0,06056118
-0,001347991
-0,02789228
-0,07496437
0,02699081
0,0388163
0,0618319
0,001580828
0,04264029
0,02632216
0,08058679
0,07804967
0,146613
0,05378545
-0,03713829
-0,05673859
-0,07816975
-0,05788538
0,02217278
0,0754842
-0,01305279
0,02490622
0,04614414
0,1464605
-0,1672563
-0,02608354
-0,06155096
-0,05220515
0,01708085
0,1352752
-0,02216753
0,06011029
-0,01011631
-0,01922797
-0,05575058
0,01706955
0,05893404
-0,04785699
-0,02007953
-0,01417391
-0,009028997
-0,02539055
-0,0001939274
0,03457312
0,02139853
-0,07547495
-0,06541755
-0,04297443
-0,07547982
0,08318986
0,121833
-0,03322658
-0,05992113
-0,04892389
-0,04400651
-0,008176786
-0,01046571
-0,03665143
-0,009090327
-0,08925807
0,006156326
0,08176824
0,1382906
0,09451034
0,03790416
-0,05856646
-0,03036415
-0,05725408
-0,008724395
-0,08037583
0,1279483
0,0796489
0,04268598
0,03973249
-0,0847652
-0,0478748
-0,04661173
-0,06848625
-0,01199809
-0,02686645
0,1227983
-0,05262032
0,02612459
0,07313246
0,05875267
0,02387317
0,0208188
0,004057683
0,02642483
-0,01854665
0,01046448
0,01647923
0,004755859
0,003056596
-0,01131968
0,006366692
-0,1138386
-0,09887762
0,004848552
0,09252679
-0,003463343
9,922327E-05
-0,05041247
-0,07115433
-0,03951294
-0,02141782
0,08628032
0,1215163
-0,1012312
-0,03133319
-0,01994706
-0,02813592
0,09441748
0,01229136
-0,005361177
0,08766332
-0,1055724
0,02370362
-0,004670626
-0,03734523
-0,02011474
0,007665304
-0,01370151
-0,06579882
-0,07532834
-0,02019109
-0,01083499
0,01876038
-0,1103942
0,02437158
0,1339316
-0,06392027
0,08902672
0,0603807
0,02002094
-0,03595887
0,03844947
0,009553323
0,03525006
-0,009380966
-0,01918261
0,005154274
-0,01107937
-0,001002076
0,05030994
-0,01369139
-0,04843884
0,02741164
0,03214644
0,1452989
0,04909583
-0,0508345
-0,01409732
-0,04700379
0,003079236
-0,09986134
-0,05743616
0,04511502
0,03855664
0,08488615
0,1264901
0,1104411
0,1165727
0,00356067
0,1407879
-0,02321755
-0,05960322
0,09865119
0,03775993
-0,07732268
-0,05867071
-0,08340605
-0,0147122
-0,1339575
-0,2173807
-0,09974892
0,137879
0,01812719
0,03816959
0,05424112
-0,2039776
-0,06283831
-0,1247957
0,04648488
-0,07021332
-0,09479934
-0,01340466
0,06502278
0,005716038
0,03306925
-0,009427452
0,01617556
-0,02380431
-0,01268166
-0,002580073
0,002871959
0,03187022
0,08368848
0,03245371
-0,01126399
0,2052148
0,08281732
0,1316921
0,007866956
0,0359525
0,07785469
-0,03617235
-0,1003987
0,0419015
0,007705971
0,0729053
0,1192735
0,01623651
-0,05213977
-0,08432181
0,01716807
-0,08820151
-0,03679614
-0,05524541
0,042803
-0,1317443
-0,09025928
0,08397719
-0,1160006
0,1495079
0,01204774
0,06539415
-0,07400115
-0,009186685
0,09117515
-0,0927288
-0,1849571
-0,01781691
0,04554618
0,004984467
-0,04459365
-0,03814025
0,0562782
0,05783689
0,01686344
-0,001660259
-0,01142731
-0,02399846
-0,01549316
0,03945209
0,02777997
0,02530945
-0,005810105
-0,09292442
-0,06038797
0,03294275
-0,04392704
0,04725964
-0,02878618
-0,003201617
-0,04425798
0,03721385
-0,01217478
-0,02219961
-0,001095928
0,02213304
-0,01644379
0,01865306
0,1100317
-0,1201328
-0,09551831
0,02061983
-0,01471927
-0,1334362
-0,06401041
-0,002387328
0,1026771
-0,06102619
-0,09651762
-0,0319691
0,1061494
-0,01715447
0,1698284
-0,05170438
0,001145049
0,007127896
-0,03973835
0,06997897
-0,08346617
-0,1322123
-0,02453996
0,01520317
0,05624702
0,02821581
0,0535504
-0,00661109
-0,009966516
0,01247391
0,02371974
0,01774964
0,03233202
0,09718805
-0,02690612
-0,03867878
-0,1379893
0,02405177
-0,01562873
0,06305373
0,0995018
0,1850002
0,0347506
0,05921976
0,03909031
0,06621555
0,05910137
-0,1380603
0,04891018
0,06797136
-0,01948803
0,2234517
0,08458968
-0,01645385
-0,0764175
0,00777756
0,02122815
0,1898815
0,05956119
0,1062407
-0,136658
-0,05113545
-0,08015735
0,05907349
0,1507827
-0,002795465
-0,04884931
-0,016471
-0,03062353
0,08496044
0,004147045
0,02529189
-0,04154289
-0,0119192
0,04250202
0,05588335
0,09016783
-0,01653706
0,03749103
-0,02100869
-0,002393418
-0,0278726
0,0153942
0,06927761
0,04805712
0,03878069
-0,07129782
0,05789569
0,02873306
-0,06931132
0,02244915
-0,008812278
0,1174255
-0,1073089
0,03280724
0,02409973
-0,04275392
-0,05812955
0,05047438
0,1134084
-0,0753677
0,08574909
-0,04596823
-0,0621046
-0,07227376
-0,02914698
-0,05096966
-0,1096028
0,005554903
-0,112852
-0,04105499
-0,0005923082
-0,04867255
-0,02713755
0,1387528
0,03253598
-0,01490447
-0,1580029
0,03973867
0,06500945
-0,1085263
0,04502724
-0,04421837
-0,005504373
-0,0444434
0,06153337
0,04194615
-0,01759484
0,02508167
-0,009177221
-0,02031164
0,007204214
-0,004723183
0,01811261
0,1032099
-0,05162182
-0,009642504
-0,1235572
0,04896905
0,1196699
0,02386142
-0,003853089
0,001621694
-0,02688118
-0,0391246
0,09249751
-0,01303827
-0,123785
0,08501042
0,04013142
0,0855846
-0,004326993
0,08211768
0,1642438
-0,1528813
0,04931943
0,04840561
-0,1661268
-0,1237349
0,03464811
-0,05698356
-0,0646883
-0,05099866
-0,1942986
-0,0882358
-0,2111572
-0,1243452
-0,007297766
-0,02601169
0,0208976
-0,06436654
0,08988278
0,04129254
0,1596829
-0,05453954
-0,02195225
0,03055491
0,009055893
-0,006230081
0,006371049
-0,005377964
0,01024055
-0,004598342
-0,01416726
0,1321961
0,04707284
0,09151285
-0,02476504
-0,05049004
-0,1071388
-0,03201022
0,05771175
0,1111959
0,1403361
-0,01955335
-0,09640899
-0,02586944
0,1376405
-0,07279047
-0,03918259
-0,2424231
-0,1960477
-0,1459147
-0,01171498
0,09266447
-0,03509142
-0,05204713
0,08169153
-0,05633124
-0,03685846
-0,08776303
-0,02397121
0,04636128
0,003118885
0,04700016
-0,1923933
-0,09926102
-0,09377313
0,0005918705
0,1530181
-0,1078504
0,04497629
-0,008067047
0,09235261
0,032455
0,02055767
-0,03785588
0,0003305742
0,02059795
-0,01612937
0,02319811
0,003805896
0,04079356
0,04712474
-0,1463466
-0,06120295
-0,1246709
0,06876227
0,03515298
-0,1227091
-0,09588757
-0,1148035
0,1080746
-0,05245567
0,04259158
0,02489013
0,1260696
0,118664
0,08344739
0,2423404
0,09159097
0,05072469
0,09849849
0,2232338
0,05791795
-0,2039495
-0,06649701
-0,04589334
-0,01024682
0,1102278
0,005673046
-0,02574955
0,09195266
0,09859043
0,08520303
0,07097994
-0,1467794
-0,03488
-0,01900617
-0,03791871
0,06198669
0,0752842
0,144421
0,05035006
0,09713285
0,06154837
-0,01833138
0,0187772
0,01001923
-0,02485165
0,02785716
-0,006907117
0,001301403
0,0842336
-0,02594676
0,02417658
-0,1009843
0,04802936
0,05293632
-0,0305808
-0,1023108
0,07191014
-0,06002136
0,01544443
0,1230818
-0,01427124
-0,149799
0,09128156
0,06124613
-0,05140506
-0,006715907
0,108115
0,05453149
-0,05975944
0,0918288
0,04614907
0,01044219
0,0376825
0,01915818
0,1738642
0,1804037
-0,05874793
-0,02129211
0,04107104
-0,002277429
0,09787444
0,1530658
0,05995054
-0,1148305
0,04254229
-0,02483572
0,016222
0,01885613
0,04420448
0,07967179
0,04391988
-0,04345121
-0,001663958
-0,02939702
-0,0236135
-0,02381808
-0,003819816
-0,02724794
0,05667783
0,06627102
-0,05240768
-0,0258195
-0,05775087
0,07086018
-0,07189735
0,04125263
-0,05604895
-0,03155461
-0,08391884
0,1998146
0,09689939
0,1988648
0,0535223
-0,04318323
0,1461983
0,01868352
-0,06308872
-0,09950282
0,01358065
0,1988948
0,04737093
-0,1378929
0,09662699
-0,04365783
-0,1806093
0,02044114
0,03392394
0,1765682
-0,02441869
0,002819008
0,01680296
0,0643656
0,1539142
-0,1004017
0,002191327
-0,05635763
-0,01221805
-0,01942127
0,0288235
0,1418031
0,03399503
3,03574E-05
-0,04421066
-0,01426394
-0,005737154
-0,0005176763
0,0296013
-0,05341081
-0,01828237
0,006923904
0,02818833
0,03367181
0,08683913
0,039031
-0,06926511
0,1151825
0,001457501
-0,01929922
0,006500983
0,002888516
-0,09322727
0,03602856
-0,03784336
-0,11516
0,1165741
-0,007492057
-0,01498833
0,005468456
0,1064866
-0,09876088
-0,07436509
0,003291161
-0,02433232
0,1428948
-0,0857516
0,04514154
0,04944873
0,05454578
-0,004448821
-0,1351313
0,02348777
-0,0955041
0,09342916
-0,008047918
0,1408485
0,1800636
0,06692135
-0,01716475
-0,03333844
0,0741926
0,05172619
0,04290743
-0,01974725
-0,06006845
0,006971783
0,01566186
0,008677642
0,003060357
0,1285664
0,008729967
-0,02035977
0,07973867
0,007709044
0,05980117
0,05728475
0,03808204
0,1367242
-0,07705253
-0,06732791
-0,1503588
-0,0463069
-0,07913927
0,02023792
0,01646153
0,159316
0,09391036
0,1531214
0,06906456
-0,01697531
-0,1102893
0,08992106
-0,01497057
0,014845
0,06978362
0,1404328
-0,01745456
-0,04109202
0,0599692
-0,02524033
0,006724281
0,02808153
0,02125088
0,08712768
0,0196684
0,04289549
-0,00517005
0,007661224
0,016488
0,01602827
0,08688143
0,06142844
0,05656406
-0,02465841
-0,02337351
0,02758971
-0,01348527
0,0198148
0,01709279
0,05901272
0,09921801
0,1067081
0,09820271
-0,02745721
0,04290612
-0,09935095
-0,0330045
0,06464314
-0,01605008
0,05218577
0,07541956
0,1029543
-0,06542486
0,02450969
0,2267756
0,1629619
-0,02157546
0,03719072
-0,119298
-0,03487509
-0,09346325
-0,03986527
0,0222846
-0,01860169
0,1022858
-0,0254934
0,05211839
0,01042632
0,08539273
0,04866149
-0,1215041
-0,05440231
0,005808465
0,07178488
0,02947125
0,001689443
-0,03724268
0,05876233
0,04507945
0,001698164
0,08903398
0,07975522
0,01718651
-0,02617932
-0,05033169
0,01622936
-0,004401617
-0,0116624
0,01380704
0,006792745
0,05085426
-0,06272625
-0,02275784
-0,04526985
0,1446465
0,1970666
-0,1611923
0,1202634
-0,07885696
-0,01546731
0,1916015
0,1321546
0,01140716
0,07580657
0,04489341
-0,001986801
-0,05052977
0,03045553
0,03545068
-0,03251131
0,02048567
-0,133897
-0,1428897
-0,221738
0,05112015
-0,08942181
-0,007840212
0,02140385
0,04453745
0,1493834
0,03694404
0,1535523
-0,09686838
0,04658158
0,08614907
-0,05481076
-0,01720743
0,04248714
0,0849322
-0,01459592
0,02060079
-0,0281268
-0,004819178
-0,02388276
-0,02653569
0,01039501
-0,03187742
-0,03335788
0,06404278
0,127123
0,1051141
0,1170362
-0,06828546
0,08908802
0,03037096
-0,1415176
-0,2223926
0,08453459
0,0003763635
0,01749987
0,09172174
0,155616
0,03813624
0,216647
-0,01502978
-0,05128216
-0,000295412
0,2420281
-0,08953131
-0,1678151
-0,002590277
-0,2895995
-0,07468695
-0,03997936
-0,09654041
-0,1254924
0,001091304
-0,1220128
0,03432611
0,0361809
0,1690327
-0,07102688
-0,09647635
-0,02836298
-0,0370319
-0,09265073
-0,05462622
0,02872211
0,02880544
-0,03346276
-0,05651912
-0,01899736
-0,03145009
-0,05528291
-0,04502581
-0,002695257
0,06129855
-0,03257205
-0,04400191
0,05496147
-0,02072368
-0,02759454
0,01825304
-0,1170685
-0,02963361
-0,113766
-0,008914889
0,1724143
-0,004237593
-0,01627947
-0,1535324
0,1336728
-0,04254679
0,08569511
-0,06129668
0,01376763
-0,02956204
-0,01151733
-0,209213
-0,1236779
-0,002559335
-0,09167694
-0,08105765
-0,04806583
0,03401609
-0,1095962
0,1003429
0,120255
0,07065011
0,02158177
0,1483547
-0,1686907
-0,08132713
-0,04455837
-0,08577464
0,07749695
0,02109856
0,0005315148
0,002827575
-0,01478876
-0,01889975
-0,04694592
-0,02457711
-0,01676296
-0,04512837
0,008114293
-0,05182458
-0,07094207
0,001963301
-0,02982696
0,04040759
-0,1518628
0,01696344
0,1710189
0,08703031
-0,117606
0,02088816
0,07574339
0,2132905
0,05549915
-0,08197552
0,07548143
0,1265784
-0,1974906
0,09383078
-0,07894596
0,1321597
-0,02687491
-0,1073545
0,1263727
0,04966272
0,03136544
0,04560843
-0,05468728
0,1896722
-0,05118692
0,1696892
0,002111296
-0,07705002
-0,1504629
-0,206406
-0,1144364
0,006987483
0,06431872
-0,04532801
-0,1534624
0,143191
0,05444186
-0,03497979
-0,03555503
0,01009737
0,002727167
-0,004298816
0,008741937
-0,0453107
-0,01135061
-0,04302031
-0,02236697
-0,02784456
0,07746122
0,07185557
-0,02002919
-0,04375678
-0,01293962
-0,01863861
-0,1370133
0,07276136
0,001740543
0,0586752
-0,1094857
-0,07214747
-0,1440098
-0,1313118
-0,1019261
-0,111844
0,04825448
-0,2356718
-0,05287989
0,1588649
0,05688201
0,07655109
0,09503226
-0,1711854
-0,0665921
0,08114699
0,1299225
-0,03858093
-0,09079408
-0,1934648
-0,3273455
-0,3458379
-0,1068455
-0,04610243
-0,1173533
-0,04215353
0,1608906
0,07891582
0,001809376
-0,01464887
0,08295036
0,06342933
0,04200801
0,009148008
-0,02395681
-0,02446013
-0,02411059
-0,02586703
-0,04110177
0,03157243
0,09007087
-0,0296763
-0,05498749
-0,07468294
-0,02885514
0,02594688
0,1341036
0,1692211
0,1612059
0,05844332
-0,1787275
-0,3036273
-0,1628621
-0,2334388
-0,1548443
-0,2227255
-0,2596606
0,01439867
0,0708166
0,05391316
0,04831669
0,0216456
-0,1072976
0,00824833
-0,03671329
-0,0365903
0,09687535
0,03244996
-0,1884675
-0,1261454
-0,07021011
-0,05601558
-0,0378117
0,009049498
-0,1290454
-0,06010408
0,01837488
0,1715986
0,1066761
0,0131479
0,08435529
0,06504478
0,05112847
0,003964872
-0,008822818
-0,009629179
-0,02004111
-0,01345055
-0,05962371
-0,03821824
0,1001728
0,1103656
0,1124104
0,05523415
0,1594685
-0,06890958
0,1303606
0,05949159
-0,03972158
-0,1312829
-0,1284414
-0,1585196
-0,01190806
0,1175852
0,004567672
-0,01803077
0,1478681
0,1968936
0,08841426
0,1789393
-0,009502199
-0,3570489
-0,1687343
-0,1040133
-0,3044763
-0,1880273
-0,1990812
-0,1765414
-0,164333
0,03885088
-0,07452787
-0,04599342
0,3161811
0,1285422
0,2534963
0,05625813
0,01971706
0,1201992
0,1470742
-0,05625632
0,05570142
0,004150225
0,003785996
0,009692519
-0,01287839
-0,0538087
0,01430618
0,0005301361
-0,03703002
0,001618425
0,05795378
0,1977765
0,1347248
0,0352939
0,0974597
0,03438878
0,01042135
0,02146242
-0,1091103
-0,03094418
0,185499
-0,1182986
0,0398285
0,04397142
0,1462369
0,3163886
0,2854469
0,1810454
0,2115396
0,1776037
0,03442243
-0,2163707
-0,1928386
-0,5264207
-0,1764955
-0,116488
-0,203873
-0,2907656
-0,224208
-0,05715724
0,001457859
-0,08870098
0,2816421
0,09950788
0,01950869
0,06067254
0,1961321
0,07828745
0,0845815
0,04010539
0,004562786
0,05045347
-0,01906757
-0,02284467
0,001067594
0,001654078
0,01679268
0,01661153
0,04818717
0,001601698
-0,04418413
0,09360688
0,2171434
0,06254423
-0,02105809
-0,1000363
-0,1450262
0,13165
0,1222107
0,1845474
0,2063396
0,1997745
0,1208711
0,1473144
0,2261538
0,3927516
0,1786982
0,2219608
0,1142735
-0,05393207
-0,1437
-0,21695
-0,3587652
-0,2320218
-0,06956086
-0,1519117
-0,03887764
0,1114626
0,1453204
0,05068848
-0,0158161
-0,01753793
-0,009488126
0,1104374
0,1144595
0,2413883
0,08939791
0,003318699
-0,003540221
0,01254111
-0,03294297
-0,007331143
-0,0702803
-0,02277217
0,008013784
-0,004456354
0,007042568
0,017496
0,02008479
0,0415992
0,1084041
0,1088986
0,2118217
0,03550579
-0,02437883
-0,05817755
-0,01973318
0,04836509
0,04046706
0,07835917
-0,0420884
0,05187694
0,1705908
0,2255837
0,1164722
0,2142717
0,05848287
-0,03783621
-0,01003025
-0,1579826
-0,2904512
0,02910568
-0,2080923
-0,08151485
0,002485869
0,08720495
0,04234945
0,3347244
0,1327424
0,0007586884
0,1145442
0,03501291
0,19003
0,01484973
-0,0282526
0,0616147
0,02594465
0,00877349
-0,08266791
-0,09022538
-0,06445016
-0,05180714
-0,004232616
-0,01107005
-0,01154531
-0,03615893
0,0179108
0,01898536
-0,062278
-0,01514998
0,01765866
0,1349916
0,01018829
-0,1024877
-0,05637321
-0,08934858
0,02119009
0,1040659
0,1008026
0,1826487
0,2632097
0,184032
0,1102787
0,2175139
0,1590852
0,2374225
0,04468788
-0,06725876
-0,0219771
-0,2236032
-0,3106256
-0,2056908
-0,2810678
-0,08060997
-0,08147136
0,239678
0,3178921
0,3781384
0,06057439
0,1763313
-0,06072785
-0,01271798
0,1635795
0,05154984
0,07140345
0,1130712
-0,0700762
0,005461806
-0,04594675
-0,07248079
-0,05351485
-0,05191261
0,02815251
0,02772168
-0,005397619
0,01148958
-0,02866915
0,03543796
-0,0940302
-0,06139373
0,01733816
0,02311232
-0,05866269
-0,07371341
-0,007238658
0,004813675
0,1893577
0,1139035
0,0316195
0,01506478
0,1181403
0,0596491
0,003323728
-0,1791137
-0,1906953
-0,241773
-0,1227995
-0,1891782
-0,1781992
-0,3184741
-0,3754852
-0,3676605
-0,1749252
0,1765705
0,08730041
0,3036528
0,3274002
0,1924173
0,1438891
-0,003495177
-0,1763745
-0,1883505
-0,1273596
-0,03870403
0,09616145
0,01102463
-0,06453541
0,009213525
-0,08097187
-0,02169026
-0,01356929
-0,009950235
-0,01411904
0,008599278
-0,002880985
-0,01414097
0,02303839
0,01242718
0,001479143
0,01910258
-0,06827444
-0,2017356
-0,2601028
-0,1533931
-0,07627406
-0,0172575
-0,2673951
-0,1572835
-0,0645347
-0,3917032
-0,02310818
-0,0627406
-0,1427874
-0,2877399
-0,04089614
-0,2583271
-0,2481145
0,05513097
-0,3702568
-0,221985
-0,3088489
-0,2892171
-0,07309904
-0,01870636
0,1059038
0,1151488
0,1007201
0,1327381
-0,05658796
-0,04668517
-0,02030363
0,03912434
-0,1010775
-0,2155019
-0,1330259
-0,08414224
-0,1115753
-0,1698807
-0,1152816
-0,01404298
0,02225788
-0,02604402
-0,01204531
0,01401054
0,02380919
-0,01995033
0,02307346
-0,005416908
-0,05015118
-0,01301898
-0,227818
-0,200068
-0,2664247
-0,1288532
-0,279399
-0,3718701
-0,3058582
-0,1215191
-0,09626256
-0,1779877
-0,1386332
-0,154662
-0,03519293
-0,04528614
-0,145957
-0,1579906
-0,06844727
-0,2565443
-0,3780091
-0,152723
-0,2608532
-0,258038
-0,07685234
-0,03690616
-0,146022
-0,02279181
0,08816677
-0,06887323
-0,2674302
-0,3075237
-0,2103731
-0,01878894
-0,02419322
0,134617
-0,03567889
-0,1142289
-0,0963487
-0,1418078
-0,1547071
-0,1089293
-0,0310974
-0,0001096177
0,01579693
-0,007543724
-0,02139922
-0,01435922
0,01892888
-0,005711763
-0,09596036
-0,07161549
-0,1319325
-0,1254761
-0,2287631
-0,1241577
-0,09573676
-0,2680577
-0,2192915
-0,1215274
-0,03196023
-0,1306536
-0,15306
-0,1073279
-0,1809989
-0,04313053
-0,1869975
-0,1449174
-0,2635608
-0,02227661
-0,2740313
-0,02583496
-0,1586979
-0,2665623
-0,3565458
-0,1919719
-0,2332762
-0,1411429
-0,06269784
-0,1557485
-0,06470872
-0,2277176
-0,1305244
0,02202192
-0,09572825
0,02227221
-0,09896459
-0,06584601
-0,1532812
-0,255226
-0,1057792
-0,0853378
-0,001941823
-0,03558971
0,01185574
-0,009292566
-0,0293151
0,02000935
0,009966043
-0,03933593
-0,08272653
-0,146773
-0,06410692
-0,1646001
-0,3395802
-0,4335497
-0,08669314
-0,2251602
-0,3928503
-0,3899418
-0,2865235
-0,2938038
-0,2544949
-0,2742569
-0,3041419
-0,1570117
-0,1824006
-0,3180118
-0,1617366
-0,08711568
-0,1552806
-0,1914967
-0,1620239
-0,3408531
-0,3732302
-0,2253306
-0,2294938
-0,3012588
-0,2542126
-0,3504225
-0,3534948
-0,3657446
-0,3229513
-0,1515073
-0,1677003
-0,06142953
0,01045718
-0,02072835
0,02283988
-0,02195989
-0,006383384
0,0403893
-0,008608572
-0,05882821
-0,02428819
-0,03089087
-0,02118442
-0,01588236
-0,0009717275
-0,01731196
-0,02952204
0,05996127
-0,04669569
-0,0380672
-0,2760997
-0,3298365
-0,2028249
-0,167981
-0,2885954
-0,2548199
-0,2904646
-0,326517
-0,1607663
-0,3517471
-0,3248154
-0,2190982
-0,1625485
-0,09817296
-0,02453754
-0,1178202
-0,1544712
-0,1111452
-0,1814608
-0,1795632
-0,3620603
-0,2468431
-0,2613601
-0,2803197
-0,4335875
-0,2650235
-0,1134249
-0,09250419
-0,4326279
-0,08596057
-0,09016922
-0,1484453
-0,04997823
-0,1165212
-0,1012214
-0,0443184
-0,02305123
0,01095897
-0,02410335
-0,01226039
0,02590026
0,006625658
-0,02595762
-0,01840619
0,02498651
-0,006716819
0,06915615
0,08499273
-0,03200205
-0,1187122
-0,09394568
-0,09227905
-0,07583144
-0,07430641
-0,2623739
-0,1804397
-0,1376554
-0,1041186
-0,1925275
-0,370384
-0,1347324
-0,226762
-0,1074739
-0,329392
-0,1004515
-0,04461775
0,1192904
0,09971228
-0,2911838
-0,1697115
-0,1502853
-0,2580077
-0,1983654
-0,1661857
-0,08610369
-0,2308917
-0,2597221
-0,06918528
-0,20761
-0,08884253
0,0289025
-0,03241589
0,2226231
-0,03263965
-0,06538902
-0,03731725
-0,01988909
0,04070945
0,008177726
-0,02208787
-0,008511926
0,03842708
0,0146083
0,01993901
-0,02396038
-0,006824254
0,08779971
0,005343996
0,003842158
0,02061717
0,02219992
0,1005102
-0,03779732
0,06309148
-0,09014599
-0,0122317
-0,0967814
-0,07876396
0,03625228
-0,1219228
-0,1241799
0,0276822
-0,1318351
-0,07793652
-0,01956439
-0,02828817
-0,03211879
0,1924085
-0,08071307
0,1005096
-0,1390959
-0,1448282
-0,2184443
-0,2500337
-0,1159058
-0,06740898
-0,08748744
-0,03797396
0,1485683
0,1037665
-0,1337008
-0,1000954
-0,02313964
-0,1609904
-0,004340757
0,005601267
-0,02333448
0,0009643269
-0,02607393
-0,0257667
0,009305743
0,005387556
0,03527682
0,005674057
-0,02803536
-0,006677146
0,01900366
0,04113216
0,08176558
-0,02328102
-0,02955933
0,1091387
-0,05813526
0,02279145
-0,1728188
-0,07332206
0,0759776
0,004407527
0,003070987
0,05241218
-0,02860711
0,1045805
0,05087722
0,05547367
0,07310728
0,1271647
-0,0483502
-0,01812676
-0,0340807
0,1565257
-0,05244853
0,1072446
-0,1620706
-0,02096611
-0,009819292
-0,1447171
-0,0579391
0,1210769
-0,014108
0,1490337
0,006326513
-0,07074212
0,05630497
0,08777426
-0,004732711
-0,03085829
0,09603697
0,01648143
0,01296425
0,03222634
-0,006800896
0,04896838
0,009786049
0,006448336
-0,02929619
-0,01004329
-0,03091859
-0,0877773
0,05940848
-0,02882295
0,03396915
0,07176242
-0,1211443
-0,05745146
0,1078207
0,12022
-0,04034805
-0,01462919
-0,030683
0,07611651
0,04174967
-0,02570741
0,08638965
0,06415133
0,1534717
0,1080355
0,04423206
0,1637138
0,1484963
0,05103481
-0,01224447
0,02753088
0,1228497
0,04324256
-0,03522703
-0,1436996
-0,03465584
-0,002413766
-0,01507125
-0,0286022
-0,09081072
-0,1553334
-0,03553119
-0,127327
-0,03801465
-0,01296302
0,06888001
0,02440178
-0,04920955
0,005735719
0,03308459
-0,001074865
-0,02248036
-0,0124635
-0,0152305
0,0003565493
0,01799329
-0,003180757
0,007176275
0,01372304
-0,02725288
-0,01988523
0,0903883
0,1025073
0,03703481
-0,005743606
0,06540442
-0,01480362
0,09706189
0,09511064
0,1071921
0,09628677
0,06026809
0,1011267
0,09207185
0,01127579
0,09540774
-0,0361755
0,2248278
0,01960967
0,08696827
0,04139537
-0,0645477
-0,03372829
-0,1681708
0,09896325
0,05414125
-0,07172673
0,2113259
0,142995
-0,0498185
-0,1338762
-0,01691861
0,07049573
-0,05219277
-0,08260766
-0,09017231
-0,05808519
-0,05471458
0,006423944
0,06367662
0,01794801
-0,02062824
0,01641348
-0,01675714
0,002977532
-0,07380816
-0,01460938
0,005195508
0,02900492
0,1725302
0,1331155
0,06413338
0,186438
0,01558669
0,1027977
0,1486903
0,1404916
0,0450308
0,1503661
0,09610925
0,158507
0,009287604
0,1503834
0,1452433
0,07363753
0,1398803
0,2684894
0,1567552
0,03360298
-0,01783161
-0,1102545
0,1356368
0,1623859
0,1435462
0,02619552
0,1257597
0,09068325
-0,125557
0,07605275
0,1001811
-0,1830095
-0,0692037
-0,001503557
-0,05493306
-0,04552015
-0,005805555
-0,1258764
-0,0619723
0,0336743
0,02794417
-0,01368313
0,002774254
0,001757882
-0,01042304
-0,0300259
0,02194885
-0,05647771
0,01581764
0,1644088
0,0251647
0,01313
-0,148049
0,1227137
-0,07228165
0,03968733
0,08744075
0,09998643
0,1267781
0,1322937
0,1946643
0,2366332
0,07862426
0,12115
0,1011504
0,2615695
0,04106561
0,2175009
-0,08831418
0,07179528
0,2765809
-0,06340612
0,05087445
0,217305
0,0973275
-0,07694848
0,03369361
-0,06496446
-0,1002465
-0,1749996
0,1507874
0,04806481
0,06542884
-0,1234543
-0,1020558
-0,02230947
0,07925875
-0,03199706
0,00523301
-0,03885839
-0,007438358
-0,04296974
-0,03683682
-0,004975286
-0,02971296
-0,04427044
-0,01676888
0,04548022
-0,0421696
0,1004436
0,07321725
0,02740799
0,02418145
-0,02885648
0,1041648
0,1435594
0,06121616
0,1550208
0,01011384
0,1407374
0,1778965
0,1291175
0,01941576
0,1303374
0,09831131
0,09868224
-0,009133918
-0,0232189
0,05215703
0,03015298
0,06542201
-0,02918068
-0,07863466
0,1691416
-0,04230277
0,02173713
-0,04982089
0,02069365
-0,05888137
-0,02317305
0,205572
-0,03642775
0,1534772
0,04497206
-0,09046999
-0,07248694
-0,03242416
-0,07459164
-0,01878405
-0,0477448
-0,01692184
-0,07669225
-0,04022624
-0,04435317
0,02716975
0,03818526
-0,01896732
0,1398597
0,05870232
-0,003661403
-0,09611922
-0,10909
-0,06807936
-0,03072702
0,133558
-0,008647705
0,1631397
-0,2278445
-0,1548026
-0,05096521
0,09327881
0,07712805
0,05087127
0,0987748
0,0577448
0,08581455
0,03396478
0,05733268
0,156847
0,03645909
-0,00559428
0,04364051
-0,01960624
0,01188039
0,1138328
0,1155118
-0,1082403
0,02708926
0,06082597
0,08339335
0,07374846
-0,1131617
-0,00555157
0,1024173
-0,1022025
-0,01810783
-0,02366346
0,04814479
0,05747136
0,02234715
-0,03225813
-0,06612713
-0,03853726
-0,0104035
0,01088883
-0,007148502
0,01085183
0,05499488
-0,04807783
0,02084254
-0,08175663
0,02401105
0,01690813
0,008169242
0,01813906
-0,1122099
0,06357458
-0,06172299
-0,2738931
-0,03069284
0,2020015
-0,0824397
0,02638728
-0,05519233
-0,004131382
0,0503227
0,01477042
0,04265568
-0,0003902832
-0,07012796
0,1243315
-0,093763
-0,1563211
-0,08957418
-0,08310314
0,1266116
0,06534621
0,0388671
-0,002817634
0,04827191
0,0397269
-0,002948493
0,09693646
0,06612192
0,00923812
-0,01922758
-0,00681479
-0,003590736
-0,005152341
-0,0002373175
-0,02112404
-0,03727848
-0,03791285
-0,0616495
-0,01958531
0,02876972
0,02503007
0,0711493
0,02032975
0,1013567
0,1345192
0,1000703
-0,1123848
-0,0410802
0,06216859
0,004383317
-0,03305513
0,148172
-0,07169128
0,1507043
0,02390339
-0,04237531
0,149168
0,02526876
0,09997091
0,02365844
0,02199157
0,05145697
-0,004308754
0,1660526
0,05647567
0,1916602
0,06189734
0,1263835
-0,003049044
-0,07797489
-0,1253775
0,1076508
0,1580212
-0,05250379
0,1502235
0,1072648
0,0216934
-0,006465883
-0,02194333
0,02241041
-0,01320922
0,05813816
-0,0106292
-0,04764136
-0,01233464
-0,04928279
-0,08034945
-0,06077789
0,004006461
-0,01696499
0,02218922
0,04274271
0,028827
-0,1157929
0,07797975
0,08483191
0,07802706
-0,05468825
-0,01344913
0,03129116
0,0460396
0,02106461
0,144555
0,07808712
-0,001770667
0,068643
0,03424903
-0,1072674
-0,005802623
-0,1010121
-0,1722636
-0,0196143
0,01828361
0,03133142
0,1143032
0,04389972
-0,0112207
0,1176751
0,2464644
-0,03012351
0,02716453
-0,01510944
0,2627423
-0,05005943
-0,03788516
0,03653623
-0,06513979
-0,02748879
-0,08043569
-0,1023435
-0,03991385
0,0130831
0,02829257
-0,07891795
-0,03009652
-0,06887119
-0,05915164
-0,05009694
0,01358465
-0,0048271
0,003547271
0,05911208
0,1358067
0,1250946
0,08300132
0,07239385
0,1830162
-0,201896
-0,08516736
-0,05982659
0,01601174
-0,07038668
0,04325222
-0,07169294
-0,02483815
0,1171477
-0,05665483
-0,01665858
0,1325988
-0,1347012
-0,004428217
0,1720861
-0,07633757
0,1510372
-0,06160716
0,09999149
-0,07478634
0,0501399
0,1253627
0,006421574
-0,01441151
-0,01390491
0,0520982
-0,07384968
0,05602076
0,1941758
0,06725021
-0,07391059
0,009605125
0,01651705
-0,02511412
0,044996
-0,02125152
-0,06129427
-0,09267694
-0,06431898
-0,0825837
-0,01034822
0,01209125
-0,02110961
0,05947854
-0,05399392
0,04107169
-0,06006343
-0,005695063
-0,1295253
9,902676E-05
0,07554793
0,0832027
-0,01083173
-0,1327488
-0,1693563
-0,1996536
-0,08668115
-0,06457143
-0,03887818
0,06488213
0,1162911
0,04115208
-0,04279147
0,05169108
0,1535635
-0,04599172
-0,0675741
0,156132
0,03414406
0,115829
0,1900445
0,1394198
-0,1009605
0,320028
-0,079078
-0,03966708
-0,04616252
-0,04651593
0,1895636
-0,0168513
-0,1747777
0,02279306
0,008679307
0,06232074
-0,02385949
-0,03938616
0,02203049
-0,01352878
-0,03365534
-0,01168475
0,01179234
-0,008048034
-0,009609504
0,03302442
-0,02366692
-0,04176812
0,0335337
-0,09484638
0,04697552
-0,1201149
0,004779106
0,06389177
0,09101969
-0,07700093
-0,01635647
0,1467815
0,06343324
-0,193277
-0,06650998
-0,05841253
-0,1113651
-0,1501153
-0,1086194
-0,1192116
0,1161881
-0,01042759
-0,0799592
0,005204475
-0,02400253
-0,05658263
-0,06750372
0,1013332
0,04344008
0,0806119
0,09243175
0,1247113
0,005647175
-0,1135486
0,02032715
-0,05635326
-0,07886255
-0,04762303
0,05744653
0,2211132
0,01036305
0,01867903
0,05515057
0,04126727
-0,03887223
-0,02837923
0,01110262
0,01504686
-0,008326428
0,1099555
-0,05542728
-0,1625845
0,00307078
-0,1102685
-0,03106415
0,08731582
0,0291911
-0,1031147
0,04133286
0,06805662
-0,0325766
0,02920792
0,06357631
0,0591469
-0,002855392
0,002509895
-0,106003
0,04103122
-0,01363603
-0,203166
0,08400387
0,08537816
0,0175925
-0,2483406
0,07600337
0,1192736
-0,130582
-0,06045097
0,2389296
0,0176446
-0,1476694
-0,03037505
0,07623219
0,06329311
0,02505072
0,01189856
-0,04890654
0,01847061
-0,005967192
0,0267857
0,05954144
0,01002546
0,0328136
0,006931052
0,01362905
-0,0427512
-0,02184927
0,004452687
0,02298036
0,02927232
-0,08885442
-0,04786149
-0,1794964
-0,07385124
-0,02860883
0,02817271
-0,01008045
0,01148544
-0,09806004
-0,08728261
0,05681862
0,1101867
-0,006367829
0,0960537
-0,02228528
-0,1323706
-0,10584
-0,04178435
-0,06742128
-0,2490111
0,02424362
0,1801604
-0,01103231
0,01575989
-0,02124524
0,1523302
-0,02123879
0,02723754
0,0692951
0,02992351
-0,03197414
0,0633002
-0,0311977
-0,04071432
-0,03919964
-0,008519018
-0,06658407
0,0651052
-0,1179197
-0,001984501
0,1048922
-0,02206573
0,03255925
0,08887745
0,02922279
0,01980803
0,006201297
0,01367641
0,02453018
0,02357065
-0,06313545
-0,0006149276
0,07613578
-0,05924895
0,07551874
-0,1521357
-0,1020051
0,05336672
0,08028679
-0,02117812
0,0691717
0,05146705
-0,1112207
-0,1821253
-0,02958794
-0,1014628
-0,1103079
-0,07459791
-0,1265875
0,02643908
-0,02346087
0,07305697
-0,1489388
-0,03334404
-0,1135542
-0,1559867
0,04517138
-0,04399728
-0,02559923
-0,1764877
-0,07140815
-0,01457383
0,05770117
-0,1635374
-0,1761509
0,1158132
-0,09157409
-0,02236303
0,01978505
0,1329319
0,05419118
0,0788298
0,03944078
0,08790527
-0,007028505
0,001937501
-0,001078569
0,004341789
0,03956283
-0,02311066
-0,03250631
0,01351424
0,01593805
0,04921021
0,09792376
0,01825928
-0,01867691
-0,275875
0,03358756
-0,1002906
0,0236225
0,03334351
0,007337781
-0,09978409
-0,2192671
-0,04703527
-0,04823704
0,2024883
-0,0449724
-0,249671
0,0637033
-0,005234994
0,0044469
-0,02301075
0,1609073
-0,06981847
0,07074331
0,1474766
0,08320556
0,07565738
0,1254555
-0,05661537
0,08498581
-0,09965383
0,09092051
0,08786375
0,04045834
-0,1304973
-0,1135528
-0,08475751
0,03706798
0,1658059
0,01862251
0,04382584
0,05085979
-0,002710606
0,008196056
0,01554357
0,02701221
0,004176907
-0,01928356
-0,08195934
-0,04816213
0,06437658
0,0649721
-0,07312926
-0,01400739
0,06728339
0,1127022
0,07764522
0,05096033
-0,0008834606
0,1285126
0,08515841
-0,0369625
-0,06484809
0,08997154
0,06969718
-0,05294204
-0,0002886931
0,1169617
0,1008798
0,01179979
-0,03266719
0,1004393
0,06481913
-0,2322079
0,08769775
0,1835575
-0,07006414
0,05289849
-0,07768904
0,04545204
0,00971802
0,1323325
0,05344788
0,02884735
-0,04819297
-0,1139035
-0,04010633
0,004677831
0,0429257
0,03546587
-0,03865216
-0,04174963
0,003837893
-0,01054288
-0,01589795
0,003467263
-0,004324745
-0,113093
-0,07947978
0,04268253
0,02948648
0,01727854
0,03750339
0,06689412
0,02680995
-0,02250412
0,01128661
0,005845154
0,06562365
-0,1668629
0,05391904
0,01850988
0,06744507
0,08046771
-0,008005264
-0,03994032
0,07916165
0,05993298
-0,1648152
-0,0358865
-0,1256908
-0,06221788
0,0151103
-0,04775372
0,0283032
0,03393858
-0,08060633
-0,1156511
-0,03286783
0,05094104
0,01665962
0,04422944
0,111468
0,08203804
-0,07330742
0,002727321
-0,04116718
0,01471794
-0,04722768
-0,05776305
-0,08880391
-0,06123548
0,04078544
-0,02215122
-0,01403507
-0,008239143
0,01407026
-0,09146203
0,04516209
0,01898666
-0,03822075
0,001688729
-0,06215001
0,08555778
-0,06573059
0,07757459
-0,03683753
-0,01558523
0,2013735
-0,002069102
0,01263323
-0,06098337
0,05758038
-0,09636664
0,04422478
-0,03675919
-0,02652197
0,08095191
-0,08435273
0,09947513
-0,0320975
0,1132527
0,1284713
0,1694319
-0,06459457
-0,09385695
-0,02879299
-0,04802152
-0,08861409
0,1155759
-0,02391769
0,011163
0,1068243
0,05649502
-0,1367406
-0,1185827
-0,1106284
0,05286823
-0,02287571
-0,04316537
-0,09969185
-0,06733551
0,03416564
0,008985287
0,0008612052
0,005035592
-0,003222658
-0,1006327
-0,09356311
-0,01659907
-0,02579237
0,02530644
0,05947962
-0,01139775
-0,06461994
-0,01890305
0,1079908
-0,1289803
0,09887569
-0,04372296
-0,07419419
0,05014103
0,1868378
-0,01394425
0,02887446
0,1187061
-0,02343932
-0,1276789
0,0207524
0,07787268
-0,1186385
-0,01751653
-0,1429195
0,04963675
0,02965655
0,01674146
-0,01058815
0,05141763
-0,06718728
-0,01639646
-0,01268263
0,0423136
0,04116085
-0,03657945
0,01340036
0,1980868
0,1581317
0,08947371
0,05967908
0,05728988
-0,05162935
-0,07719297
-0,009554617
-0,005247884
-0,02183344
-0,01485048
0,0458909
0,004258199
-0,04677708
-0,05257018
-0,03217658
0,02135791
0,1627806
0,2181787
0,1429245
0,107391
0,07323356
0,0005881269
0,004358082
0,04752028
0,2299362
-0,08748825
0,06525528
0,05618322
0,01971599
0,03031808
0,05503352
-0,02327483
0,03784148
0,004842185
-0,03734999
-0,05114035
0,07411861
0,01593648
0,1892764
0,03223641
0,1024769
-0,05373966
-0,005019387
0,07055204
0,03065898
-0,06469746
0,0277193
-0,1089148
-0,02775056
0,004128048
-0,1017009
-0,02142376
-0,00921311
0,03879892
-0,07320794
-0,0125652
0,002385503
-0,006158093
0,02744653
-0,01735067
-0,01360338
0,001516879
-0,09181534
-0,0263807
-0,05298594
0,00722135
0,07794678
0,07718879
0,1176721
-0,01649567
-0,1372282
0,07351099
-0,02271125
0,008200878
-0,02860946
0,02531785
0,02281375
-0,1935948
-0,1008857
0,02959656
-0,09631502
0,03018494
0,06289732
0,0005919601
-0,07568479
0,01644994
0,1377196
-0,0133632
-0,1739253
-0,1881884
0,03825236
-0,02189933
0,1412365
0,08461143
-0,05742883
-0,1763316
0,08105215
-0,003251442
0,09075785
-0,1504669
-0,09927629
0,002907247
0,008066181
0,08055725
-0,01797796
-0,01516225
0,007625027
0,0169139
0,001286141
-0,04374406
0,05347958
0,1105601
0,1333614
0,07415803
0,03300426
-0,04631918
0,1139931
-0,1897529
-0,1368777
-0,1300139
0,03852595
0,1057197
0,0514603
0,1400815
0,1180903
-0,04573486
0,08937617
-0,05503372
0,09678936
0,05609293
-0,02312241
0,09554698
-0,008994453
-0,1054714
0,06210773
0,2009939
0,04308654
-0,07474062
-0,02549229
-0,040302
0,04648234
-0,1616135
0,08061459
0,2026369
-0,04445797
0,0933145
0,1481691
-0,01149746
0,04993666
-0,1765948
-0,007237146
-0,03455533
-0,05192717
0,007431916
0,04707166
-0,01956879
0,01569706
0,007221817
0,02764164
-0,03831401
0,03594241
-0,02802178
0,04241986
0,07994207
-0,04762724
0,02217984
0,1968869
0,08925892
0,06772713
0,08001141
-0,001000481
-0,05120173
-0,0367642
0,06798685
-0,1338897
-0,05801852
0,1735097
0,03129955
-0,00906231
0,08913017
0,3830963
0,02882852
-0,06725437
0,05816004
0,2022332
0,0147695
0,01269694
0,1749936
0,1064738
0,1209089
0,2142498
0,001986623
0,0335161
0,09769776
-0,007303976
0,08910783
0,0276833
-0,0501119
0,02377028
0,0464937
-0,05841683
0,006819046
-0,06964952
0,02520773
0,03846637
0,0484602
0,04452451
0,01701396
-0,01589211
0,03659336
-0,0114549
0,04872626
0,1948534
0,07308954
0,01423807
-0,04284647
-0,06729385
-0,06467932
-0,1595152
0,09400329
0,09490985
0,06833983
0,02630236
0,00749942
-0,002693727
-0,03380553
-0,1306595
-0,06749804
-0,02530247
-0,01211221
-0,05813615
-0,06356513
0,01078487
0,07817815
0,1194876
-0,01928411
0,08126952
0,1634926
0,07108776
0,0610724
-0,1061219
-0,1068927
-0,03572276
0,1214204
-0,1041945
0,05364967
-0,0254575
-0,01762088
-0,01041662
0,02076228
-0,003089313
-0,01901426
-0,08535556
-0,01341062
0,0001423125
0,06486952
0,03686799
0,01497649
-0,004712767
-0,01751581
-0,03320665
0,1172604
0,02113791
0,1040988
-0,02934643
-0,01363562
0,08209586
-0,002885113
-0,03931717
-0,0239495
0,04984367
0,1215751
0,07254708
0,196125
0,09055268
-0,02749618
0,02198599
0,0667783
0,0673352
-0,05789926
0,008987598
-0,1772529
-0,001205811
-0,03836257
0,04944659
-0,004082044
-0,1337406
0,03222359
0,1274789
-0,07896503
0,0231139
0,02054973
0,1480236
-0,01345272
-0,0477485
0,01180865
-0,02696904
-0,06243307
-0,07355171
-0,1060367
-0,07127942
-0,0449181
0,01166183
-0,05453736
0,01120189
0,009948817
0,01335699
0,02441003
-0,02998952
0,02156475
-0,004957721
0,01306091
0,02310392
0,1902378
0,07303993
-0,06023522
-0,0005541562
0,1076458
-0,02571453
-0,07133653
-0,179216
-0,1040979
0,0799232
0,02707183
0,1446701
-0,01853185
0,1588163
-0,06639126
-0,03962364
0,03968851
0,0197116
0,2111574
0,08738182
-0,02260536
-0,03595189
0,03523365
-0,1847461
0,02594603
-0,00925984
0,05833241
0,08892474
-0,03877295
0,0654088
0,05254927
0,0322937
0,02835581
0,04998288
-0,1317124
-0,1094012
-0,002015076
-0,06756002
-0,07325648
0,01480225
0,01629061
0,02721168
0,005333639
0,01528541
-0,01802555
0,009067835
0,008968091
-0,03813097
0,03555781
-0,00714814
0,06760697
-0,07054985
0,1425584
-0,003367507
-0,04396152
0,09545086
-0,0360415
-0,06557887
-0,03731139
-0,03595367
0,1054129
0,043833
-0,02225275
-0,1014313
-0,04429507
0,02956668
0,01986498
0,01754523
0,07695588
0,01930549
0,07862459
0,01953039
0,2975124
0,1401125
-0,02598776
0,05506809
-0,1641778
-0,07809232
0,1479831
0,03674207
0,06816377
0,09120438
-0,01265115
-0,02333753
0,07622626
-0,174395
-0,08841689
-0,1314034
-0,007633871
0,01764639
0,04163123
0,02333146
-0,01018904
-0,02475644
0,01581428
-0,01060915
-0,03152323
-0,03969229
-0,01915093
-0,06892414
-0,04727012
-0,005400201
-0,01730866
0,0327949
-0,1882967
-0,02476054
0,07043593
0,09622491
0,1132775
-0,04832565
-0,2470783
0,0001139034
0,1712406
0,005174886
0,1617635
-0,0602462
-0,07480503
-0,03240333
-0,1216376
0,05110848
-0,108238
-0,09939611
0,02142683
-0,01967634
-0,01722203
0,07629402
-0,1312349
-0,006636295
0,1093405
-0,1227556
-0,007817977
0,06035166
-0,0118831
-0,07144947
0,01811763
0,08525297
0,002297633
-0,07999533
-0,0592468
-0,03715
-0,002797183
-0,01269358
-0,02186219
-0,02754812
-0,01829503
0,02687745
0,0009979113
-0,0482343
-0,06518278
-0,031166
-0,007905209
0,1312347
-0,0353194
-0,04945776
0,1135356
-0,1295666
-0,01921619
0,1169053
0,09557988
0,07847408
-0,242834
-0,08441073
-0,06213085
0,0271298
-0,1436985
0,01239943
0,2145486
0,1288146
0,05585847
0,1063644
0,0977487
-0,06834908
0,130978
-0,04235227
0,1506406
0,2866063
-0,06862528
0,07926466
-0,1332802
-0,1114994
-0,1198574
-0,1220931
-0,04956773
0,001803767
0,07327641
0,03514243
0,06576847
-0,01757936
-0,0009927613
0,02784549
-0,05432275
-0,01939366
-0,05587722
-0,04524494
-0,002605421
0,01256957
-0,02971209
-0,001084201
0,08603704
0,01989899
0,06304897
-0,06915204
-0,05208968
-0,07421139
0,01019529
0,0666367
-0,1272336
-0,04517553
-0,06256657
0,1134184
0,06068419
-0,09347264
0,1387784
-0,00930707
0,07570508
-0,1801595
0,1333611
-0,01233925
-0,07674079
0,08060017
-0,01067735
0,003185693
-0,1179278
0,01153925
-0,03618281
-0,01837289
-0,0103176
-5,607944E-05
-0,0440685
0,04554655
0,04575228
0,07836692
-0,09743668
-0,04729889
0,1143037
0,0873753
0,00486164
-0,05877145
-0,0537079
-0,01877104
-0,06826643
-0,06514128
-0,04502483
-0,01153939
-0,009429275
0,01168062
0,01815032
-0,009603649
-0,07010128
0,0709527
-0,0303214
-0,1347435
-0,02402218
0,05641695
-0,03593178
-0,08227275
0,005534181
0,06435873
0,04492465
-0,09856927
0,1447679
-0,04584924
0,01922991
-0,1177748
-0,2114506
0,03249786
-0,1625749
-0,01493366
0,004658698
-0,1251158
0,1482311
0,1529876
-0,05085414
-0,07086471
-0,02497478
0,06654699
0,07339503
0,02483289
-0,1021621
0,1120542
-0,0320943
-0,159899
-0,0696082
0,1517465
0,07996004
-0,02894224
0,02842782
0,1093243
-0,02692457
-0,08037791
-0,03855898
-0,07526991
-0,001561943
-0,01684381
0,01039659
-0,02217383
0,005444204
-0,009870026
-0,02862673
0,03348318
-0,1014733
-0,07870431
-0,02460376
0,09978913
0,05309456
0,00857503
-0,03451504
0,002097599
0,1041127
-0,05640071
0,08448838
0,03325228
-0,102055
-0,07561783
-0,0609284
0,008026079
-0,04958794
0,006699162
-0,1155285
0,01089573
0,06092851
0,06914122
-0,1052958
-0,1211632
0,01811731
-0,04381277
0,1031686
-0,01653028
0,06874195
0,1184057
-0,05121957
-0,1919567
-0,06353345
0,003368885
0,06140479
0,08575746
-0,06171213
-0,07081936
-0,07917139
-0,1682442
-0,08930585
-0,04905436
-0,01372315
-0,03084941
-0,02447389
-0,009924854
-0,006741319
-0,007095706
0,004829987
-0,0938108
-0,1841873
0,0102392
0,1527898
-0,07022917
-0,07544367
0,00175957
0,07229521
0,009549144
0,04380863
-0,05680627
0,05998293
-0,01064554
-0,03918312
-0,02905648
0,02052278
0,02034061
0,01794373
0,08884351
-0,06971384
0,08574245
0,03507974
0,0628871
0,08011729
0,08504265
0,1552648
0,04538672
0,1764396
0,0524002
0,1574921
0,1005209
-0,03859974
-0,04679498
0,06208903
0,02672569
-0,1020564
-0,02277661
-0,0126504
-0,08865103
-0,1001937
-0,08609943
-0,07104561
-0,02425109
-0,01235744
0,009300645
-0,02263893
0,003098838
-0,003702126
-0,08012132
0,03189947
0,03113704
-0,06598731
0,06127724
0,04625618
0,08406449
0,1420715
-0,1120313
0,0103702
0,04745058
0,09057762
0,07730439
0,03997648
-0,06451297
0,0672061
0,07725821
-0,02034948
-0,09915607
0,1495348
-0,06355987
-0,0006140448
0,1299981
-0,1049693
0,05328588
0,03946352
0,1976123
0,00763048
-0,1123127
0,1307524
0,0450371
-0,0763583
-0,01383202
0,08958824
-0,06289355
0,0359972
-0,03380946
-0,004766337
-0,05727646
0,03792711
0,01128724
-0,0206892
-0,01603607
-0,0439465
-0,06362236
-0,0242082
-0,02738097
-0,005246549
0,0016142
0,00881204
-0,01920438
-0,07769877
-0,08711793
0,132772
0,004838193
-0,1289924
-0,03670972
-0,0231571
0,05748761
0,01077777
-0,1383073
-0,0377334
0,05732235
0,2348977
0,03060422
-0,07193798
0,01759959
-0,001832156
-0,06266279
-0,1175109
-0,1134959
-0,03564376
-0,003408801
0,002845747
-0,1837062
-0,02644581
-0,07593665
-0,113545
-0,113356
0,08013535
-0,06182231
-0,1414488
0,008810796
-0,06194555
0,07542441
-0,08194714
-0,06282388
-0,08517728
0,05472428
-0,05998106
0,001048846
0,0476389
-0,04292797
-0,02426851
0,005724247
-0,01397967
-0,03241776
0,00904487
0,01310581
0,01231185
0,01313389
0,0300897
0,09395366
0,1479494
0,1213432
-0,0884839
0,1292092
0,01314676
0,06989906
0,01802764
0,0660542
0,07301749
-0,02981058
0,08183005
-0,139667
-0,09099653
0,1556557
-0,03513375
0,09638986
0,008037125
0,1603946
0,004594123
-0,2178216
-0,04248357
-0,1108327
0,05787912
0,04062905
-0,03103233
0,04667399
-0,05746516
-0,02144892
-0,05316377
0,12438
-0,1468626
-0,0006542202
-0,1578327
0,02313343
0,0467275
0,03007881
-0,0704548
0,02923142
0,05319517
-0,03703165
-0,05483794
0,008728241
-0,02075709
-0,01271107
-0,009596994
-0,00641036
0,02057595
0,03032473
0,05074808
-0,007203063
0,007159455
0,04591617
-0,05449397
0,1101403
0,04384689
-0,0246327
-0,1828086
-0,01655659
-0,04330314
-0,06028837
-0,08197656
-0,05540363
0,01800175
0,04867509
-0,03661174
0,00784986
-0,03008108
-0,2367671
0,02865208
0,05500556
0,1720288
0,1146088
0,09974501
0,1183691
0,06490161
-0,1076841
0,0004789882
0,0571802
0,01329897
0,03141328
-0,04486527
0,08239621
-0,1563711
0,1807886
-0,01839886
-0,1634653
0,01779117
0,03100227
0,04312023
0,0672929
0,01493397
-0,01308321
-0,01080644
0,0003121619
-0,0002246144
0,02378285
0,02059701
0,04254514
-0,02809743
-0,01394161
0,01714917
0,04483185
0,10141
-0,08755864
0,05643827
-0,01151599
-0,05198687
0,09466626
-0,007508778
-0,1407313
0,06371099
0,1502558
-0,0205645
-0,07648401
-0,01633475
-0,01951049
0,2368641
0,06212329
0,0401432
-0,04295793
-0,0498789
0,05784167
0,05777807
0,1322487
0,08576255
0,03559608
-0,05606097
-0,006138016
-0,07358374
0,07657479
0,1541881
-0,004387459
-0,2078281
0,110264
0,02911305
-0,09505485
-0,05450968
0,01878326
0,1505264
0,09243138
-0,03909971
0,005299437
0,02069931
0,01555426
0,01736545
-0,007998403
-0,009009225
-0,04615273
-0,002180471
0,016486
0,004677264
-0,1046753
0,01330402
0,02059688
-0,003750447
4,075726E-05
-0,01024099
-0,007648761
0,06728268
0,03072896
0,05700325
-0,05770081
0,1030267
-0,002068597
-0,05413198
-0,006527496
-0,05944012
-0,1464199
0,0127277
-0,03845187
0,03685268
0,01910563
-0,128216
0,04110081
-0,08765531
0,2106221
0,1135213
0,1191315
0,04172643
-0,06603371
-0,09244749
0,02973981
-0,05819301
0,2014877
0,01899167
-0,01782017
-0,1723768
-0,05485192
0,01210309
0,0188679
-0,04185117
0,03352245
0,0235387
0,02171998
-0,02532042
-0,002467941
-0,006249502
0,0008456706
-0,02131098
-0,04409014
-0,07395568
-0,05598828
-0,108271
-0,09351188
-0,01948156
-0,1648481
-0,08871361
-0,09490991
0,02157921
0,001291273
0,1163382
-0,03260989
-0,06464016
0,03621991
-0,006622365
0,09777223
-0,1977578
0,02336639
-0,07454016
0,001149711
0,09059853
-0,09669904
0,03235089
0,06609517
0,01047807
-0,09418501
0,0008294763
0,06152933
-0,0350903
-0,1262814
-0,09951959
-0,008850558
-0,007681499
0,08741935
0,08083781
0,1380593
-0,02904552
-0,0187249
-0,007869458
0,06238608
0,01331062
0,02616547
-0,0001492123
-0,02814131
-0,03262929
0,005395678
0,01300237
0,02926859
0,0106091
-0,0419094
-0,06873231
-0,03928748
0,03518478
-0,06130727
0,05225113
-0,03443855
-0,07401481
-0,1017316
-0,01751375
0,195739
-0,1311822
-0,08852271
0,09218335
0,008118491
-0,1439192
-0,09433132
-0,1598079
0,009035735
-0,01618685
0,1491902
0,01669906
0,019127
0,2124531
0,05208996
0,1001476
-0,07870726
0,0235142
-0,08276763
-0,0485282
0,1690482
-0,0006445069
0,001836816
-0,1093471
-0,0717373
-0,01619478
-0,02182631
-0,05216609
0,03809698
0,1041551
0,017587
0,00289033
-0,006104684
-0,007069662
-0,04097114
0,00988296
-0,003572599
0,0019591
-0,05501851
-0,03933351
0,1077149
-0,02332119
-0,05626224
0,04515528
-0,05800141
-0,006559556
-0,1091444
-0,03080145
-0,03002218
0,01967408
0,1123263
0,2351706
0,08208217
-0,03481688
-0,02420477
-0,1404496
-0,1731357
-0,10852
-0,001193208
0,1246148
0,2283298
0,010111
-0,0152065
-0,05818368
0,00772789
-0,1418608
-0,02728117
-0,0370313
-0,01151133
0,04626622
-0,01107859
-0,04623419
-0,07584592
-0,04072063
-0,09157131
-0,06877106
-0,1277141
-0,04144617
0,01283703
0,03721214
0,01770231
-0,008396459
-0,01290825
0,007785825
-0,02558521
0,009252147
0,01247144
0,01545403
-0,04205138
-0,07776461
-0,003008778
0,01682477
-0,02938788
-0,03842054
-0,07155709
-0,02606529
0,04330619
-0,02502492
-0,02107735
0,1430756
0,1281155
0,1238693
0,09309447
0,02097437
-0,0115826
-0,0335169
-0,0354341
-0,02996103
-0,02103561
-0,03109968
-0,001641372
-0,0011899
-0,04876648
0,2120612
0,1561863
0,03162756
-0,02972627
-0,01601869
0,1151405
0,1773049
0,02557439
0,003702724
0,08831453
0,03188046
-0,03052851
-0,04637957
-0,07513666
0,02969823
0,03386924
-0,01309906
0,02155108
-0,003015128
-0,004873955
-0,02063539
0,007386599
0,01704071
0,01421433
-0,004922447
-0,01268962
-0,02377529
-0,06280874
-0,03523458
0,02067894
-0,009729292
-0,02449287
-0,02552208
0,04040518
-0,02788501
-0,07561319
-0,08722293
0,01749957
-0,02653817
-0,07085019
-0,08245724
-0,03919913
-0,006270824
0,03066872
0,09605835
-0,09751367
-0,1127572
0,003332396
0,1473532
0,01722008
0,03984983
0,1730226
0,06599627
0,0082298
0,0008117885
0,1018505
0,04717747
0,005347178
0,08426451
-0,05808932
0,07949489
-0,01173344
-0,0668166
-0,03071866
0,002653972
0,0114129
0,0230245
-0,02657916
-0,005134956
-0,01515481
-0,004558252
-0,01991966
0,02674338
0,006238888
-0,02649339
-0,001823866
-0,005748214
0,01186323
-0,03049338
0,03195438
0,07455868
-0,02758723
-0,002588103
0,04977703
-0,02418098
-0,05111689
-0,006336035
-0,0414058
-0,0230345
-0,01909173
-0,02623629
-0,1381465
-0,06229034
0,03219053
0,04229476
0,04407275
0,02689898
0,1091154
0,1277134
0,09658489
0,05608749
0,03661072
0,01340122
0,08343676
0,09772465
0,07206585
-0,0347594
-0,05201174
-0,005676661
-0,01311972
0,02986292
-0,008286752
-0,01745124
-0,0009776361
-0,05631169
-0,001601932
-0,0003035787
-0,01015869
-0,01361821
-0,01225638
0,001521528
-0,01381716
0,007827693
-0,00530448
0,02331191
0,0231707
-0,004950932
0,008030148
-0,01182873
0,02861033
-0,005644575
0,01037537
0,02346276
0,0294178
0,01726821
0,06079674
0,01469766
-0,06345896
0,08650163
0,0009000202
0,003837022
-0,02728233
0,02103721
-0,05955568
-0,07878234
0,02884366
-0,005665468
0,03636821
0,1131094
0,1052273
0,04726195
0,02759865
0,1221529
0,05476044
0,01811123
0,1035755
0,08657705
-0,05788518
0,01903196
-0,03328535
-0,04636094
0,006215209
0,01201457
-0,01048913
-0,01479647
-0,008693594
0,02099878
-0,004568625
-0,01168294
0,008398095
0,0185
-0,01704261
-0,003427863
-0,02060604
-0,00214855
-0,02603709
0,007023738
-0,01927892
0,03776085
-0,04511697
0,001130245
0,01198856
0,0413976
0,01999718
-0,002293923
0,08752366
-0,03409745
-0,01381717
-0,005992543
-0,0323413
-0,08745746
-0,1382508
-0,04012901
-0,0746226
-0,0563047
-0,08473137
0,04311542
-0,0338922
0,05874748
0,04587395
-0,02475648
0,01939715
0,02621801
-0,005534104
0,05551619
0,06915121
0,05288022
0,0005063763
0,00145228
7,288776E-05
0,02253183
-0,03549342
-0,04441084
-0,02957165
-0,0144764
-0,01386578
0,02823004
-0,005471788
-0,004768491
-0,002613916
0,01980956
0,013964
-0,0005188528
-0,02652343
0,006391423
0,00141207
0,008736559
0,01293444
-0,002045739
0,02054863
0,008256733
0,007792865
0,0360169
0,07178786
0,09132615
-0,007942929
0,01323494
-0,006641475
-0,0242572
-0,03792505
-0,001627994
-0,084947
-0,06878657
-0,01433212
0,01039025
0,03101944
0,06244697
0,06033315
0,07683085
0,05221651
0,02660207
-0,01162764
0,02867532
0,05973594
0,1112855
0,06472542
0,003029847
0,02991447
0,03274844
-0,01941236
-0,03459586
-0,02318374
-0,008867281
-0,006187971
-0,007042713
-0,004026536
0,01639155
0,02359164
0,01055404
-0,006956607
-0,0104796
0,02024516
-0,03122529
-0,0170441
0,01331046
0,01570142
-0,007677735
0,009344598
-0,0007737883
-0,02023729
0,003641892
-0,006662132
-0,02830359
-0,01277344
0,04380509
-0,01175074
-0,004029487
0,03426004
0,03932994
0,05179844
-0,0425658
0,003189556
0,05336803
0,02255975
0,03761569
-0,01048335
0,03533064
0,02022312
0,0684396
0,04551065
0,03332125
0,02986541
0,01188131
-0,01776237
0,02359703
-0,009553937
-0,00580503
0,008633897
-0,01552247
0,03131786
0,0179012
-0,007414266
-0,03791079
0,01905848
0,02152507
-0,02263173
-0,002391821
0,008034389
0,02237931
-0,01122287
0,007620987
0,02125512
0,02894343
0,02979981
-0,01127182
0,02321093
0,02479314
-0,01669194
0,01118283
0,006465287
-0,0006969901
0,01853079
-0,02182697
0,01545363
-0,007830314
0,02325823
0,03975911
0,04692921
0,03402558
0,01740287
0,01081859
-0,04339855
0,003334936
-0,0301131
0,0232831
-0,0003552984
0,01283663
0,00107884
0,01679801
0,01814294
0,01602575
0,01673422
0,03225687
-0,001554787
0,05771546
0,04731386
-0,0206025
0,01159239
0,01908264
-0,0004153553
-0,01564087
-0,02938544
0,01855205
0,009425504
-0,0001507077
-0,009575936
-0,002134959
-0,01330348
-0,003597454
-0,01945903
-0,01908533
-0,001655425
0,01617072
0,02848629
-0,01579998
-0,002350127
-0,02409276
0,02688008
-0,009196782
0,01751064
0,01684263
0,01900518
-0,01151369
-0,02148062
0,01934589
0,02554509
0,02291353
0,02052603
0,03315147
0,01715028
0,01586661
-0,002727952
-0,03090491
-0,005839362
0,01166165
0,01128646
-0,01592108
-0,02923732
-0,006905314
-0,01308232
-0,02784124
0,02716347
0,02243509
0,02201755
0,007343261
0,0001879771
0,03194594
0,03703925
-0,02045067
-0,003735201
0,01611239
-0,02629647
-0,01571454
-0,02299977
0,0128976
-0,00773634
0,02393927
0,01176255
0,01634034
0,007560536
0,0006332883
0,01605647
-0,01052368
0,02209882
-0,002982249
0,0178244
-0,007134947
-0,01835376
-0,01349487
-0,008302492
-0,0152179
0,02775515
-0,01211267
0,02659099
0,01150832
0,009567217
-0,02572101
-0,009025254
0,02620838
0,005269764
0,03272493
0,01872735
0,005612425
-0,0003995466
0,01377399
-0,00402356
-0,03277932
-0,03581555
0,0165575
-0,005412051
0,0314083
0,007824945
-0,005055772
-0,02732662
0,02603918
-0,007005116
0,01207889
0,02716993
-0,0008369084
-0,001509558
0,02400516
0,01182797
0,01008166
0,0173464
-0,01575689
0,01909122
0,0180021
-0,0124623
-0,00737717
-0,02793448
-0,01244377
0,00596782
0,01766261
-0,01901254
0,00936581
0,01067865
-0,01635229
0,01848683
-0,0251042
0,02252688
0,009784729
-0,00796097
-0,01102957
0,02628381
-0,007816224
0,008335076
0,004955056
-0,01503614
-0,02748989
-0,006971624
-0,02813408
-0,01677673
0,020955
-0,007852886
0,01003116
-0,01638933
-0,02360082
0,01386327
-0,01445009
0,02712279
0,01807041
0,02110125
0,008753754
0,02158771
-0,02663104
-0,006265873
0,0179044
-0,01725914
-0,005548614
-0,01605668
-0,02385551
0,02110604
0,01761772
0,005277135
0,02215034
0,001298188
-0,007105567
0,01521057
-0,005595485
0,006141141
-0,01585085
0,003128667
-0,01488225
