-0,01532068
0,02133996
0,01884117
-0,003344624
-0,02485352
-0,02650519
0,01802988
-0,006971681
0,01463821
0,02877907
0,02469892
-0,01083653
-0,01346551
-0,005072664
0,0141535
-0,008112641
-0,02128762
-0,01864171
-0,01918128
-0,01625734
-0,000850088
0,008475625
0,009686301
-0,02158055
0,001687456
-0,006508576
-0,001656443
0,02092731
0,02909645
-0,02946579
-0,0253449
0,008601577
0,02230086
0,01075602
-0,001443809
0,009909107
-0,005734899
-0,0178782
-0,01983271
-0,0001120495
0,01071376
0,02240664
0,0114876
0,004186801
-0,01221633
0,02966685
0,0174914
0,0004188496
0,01923439
0,007354573
0,01166039
-0,001994164
-0,01173526
-0,01398648
0,02352372
0,006770428
-0,01833762
0,01041134
0,02557822
0,01228295
0,005748551
0,0276697
-0,005433912
0,01420399
0,02419929
-0,01390936
-0,002468924
0,006438843
0,02699808
-0,02579329
0,02825241
0,0271872
-0,02886158
0,0114886
0,003631936
0,00737037
0,02763678
-0,02447837
0,02128553
0,002616274
0,006688662
0,02870335
-0,02819408
-0,008319048
-0,01055746
0,007260018
-0,009676507
0,006277732
0,01779851
0,02230611
-0,001677409
0,01444301
-0,01281046
-0,001425914
0,02480583
0,01365832
-0,002098806
0,0279789
0,01059419
-0,0283137
0,002161229
-0,01892108
0,003980482
0,0150908
0,009635058
0,01478652
-0,0031191
0,007382954
0,013085
-0,01367165
0,009860627
-0,02400714
0,01971588
-0,00691013
-0,02434545
0,007762344
0,0259577
-0,02712664
-0,005282568
-0,01300258
0,0263402
0,02180735
0,01921886
-0,02524452
0,006606109
-0,0159505
0,01018472
0,003323239
0,01738323
0,02051414
-0,02062389
0,03042372
-0,004323324
0,01942394
-0,0294957
-0,004362494
-0,005370201
-0,01264125
0,01272244
0,005120174
-0,01951732
0,01377509
0,02396862
0,001594578
-0,01753575
-0,007851657
0,02528637
0,02486412
-0,007053328
-0,01295175
0,01833458
-0,004900251
0,00323125
-0,0063913
-0,02413905
0,01059317
-0,007797238
-0,0006033525
-0,02138992
-0,004085441
-0,02517272
0,0238634
0,02040324
0,02310062
-0,02324046
0,01007935
0,0110641
-0,02979088
-0,007486559
0,01073969
-0,01658939
0,008714937
-0,009101885
0,02047072
-0,0233386
-0,01717429
0,02852118
-0,01210122
0,02303705
-0,01536897
-0,01094473
0,01554952
-0,01989097
-2,355048E-05
-0,02797185
0,01492775
-0,002932021
-0,02824727
0,01330299
-0,01002581
-0,02684012
0,02589398
-0,0211799
-0,01322537
-0,0001101432
-0,01316911
0,02374991
-0,02903295
-0,005188002
0,002836148
0,01151287
0,02508131
0,002420182
0,01285942
-0,0264486
-0,02067237
-0,02627448
0,01289322
-0,01355204
0,02396359
0,01315628
-0,02555431
0,006878304
0,02475625
-0,02318772
-0,0100161
0,0139977
-0,009616222
0,02081598
-0,007487155
-0,01636884
0,009482668
-0,0126132
-0,02753553
0,007706156
-0,01179186
7,743395E-05
-0,02571903
-0,00956349
0,02048413
-0,01088195
0,02748371
0,02315823
-0,01026547
0,003297129
-0,005502322
-0,01652743
-0,00215914
-0,003911986
0,02296679
0,01055927
0,01395718
0,01536524
0,02028643
0,007654439
0,02892789
-0,01133915
-0,01530802
-0,01989588
-0,01990986
0,003592483
0,003511749
-0,01905821
-0,02805932
-0,01114703
-0,02856333
0,00754714
-0,0008539653
-0,0252248
0,01628606
0,01062991
-0,02955988
-0,007186858
-0,002798136
0,004290333
0,01615576
-0,01795286
-0,01247837
-0,008201945
0,01305113
-0,02317793
-0,01347108
0,02476829
0,02867743
0,01302845
0,0004181
0,02515487
-0,002323804
-0,004695455
0,009740775
0,03068633
-0,0142582
0,02499634
-0,01943407
-0,01302791
0,01678219
0,01639601
0,02090623
-0,02987566
0,001038186
0,01735406
0,01363244
-0,007944
0,0104428
-0,01741656
0,01036379
-0,009236625
-0,01177304
-0,01400558
0,02227169
0,01703399
-0,02839586
0,02391485
-0,002470447
-0,02716737
-0,01260642
0,008800166
-0,01781617
-0,01034901
0,01955438
-0,02241551
-0,01986269
-0,02499874
-0,003115581
0,01686349
-0,004494285
-0,02368945
-0,01745105
-0,01988919
0,0183983
0,03007002
-0,008327748
-0,01320056
0,021023
0,0266945
-0,006263618
0,02446582
-0,01598103
0,01554634
-0,02833784
-0,02073782
0,007207724
-0,01771183
0,004110594
0,02222169
0,02753961
-0,007821486
-0,003392727
-0,02383051
0,02904462
-0,02322414
0,003297283
5,047678E-05
-0,01936778
-0,007077087
0,007179325
0,009140198
0,02654378
0,02441077
0,01796375
0,003929362
-0,02217273
-0,02258927
-0,00193579
0,02216906
-0,005199265
0,01434822
-0,02738214
0,0019243
0,01024945
-0,005739896
-0,004071117
-0,001594001
-0,01178331
0,01041566
0,002675052
0,0295699
0,001778837
0,003940583
0,01884611
-0,02681933
0,01018923
-0,02404072
-0,01854968
0,01045719
-0,00338544
0,02092601
-0,02475358
-0,002347442
-0,01203385
0,01426853
0,02754151
-0,009823788
0,0294818
-0,001417712
-0,02879393
-0,001822333
0,0140423
0,01159183
-0,003124933
-0,01689845
-0,01195885
0,02365927
-0,004292265
0,004924899
0,01178607
-0,0247006
-0,01777671
0,0008260481
0,02102322
0,008159033
-0,02273422
-0,008453691
-0,02540313
0,01368093
0,02268396
-0,02910638
0,02624784
0,01713091
-0,004531099
0,004569
0,008870623
0,005423735
-0,01623149
0,02643181
-0,00336589
-0,02460748
0,0004797958
0,0202696
0,009270221
-0,02654851
-0,01546459
0,02032816
-0,02313107
0,006286731
0,01631681
0,0174576
0,0115348
0,007131106
0,02990919
-0,009136365
0,008302516
0,005598196
0,007602171
0,01113138
0,00785485
0,006438695
-0,01419012
-0,01643762
0,004387391
0,03028373
0,002092486
0,02586226
-0,01619159
0,02261624
0,00411447
0,01273861
0,01041077
-7,002859E-05
-0,0219721
0,005736075
0,005343947
-0,00744896
0,0214263
0,01556015
-0,008306031
-0,01428828
-0,01678425
-0,0008322504
0,02786513
-0,02362544
-0,009841695
-0,01153142
0,01710812
-0,02608842
0,02522136
-0,02724189
0,02924641
0,004195173
-0,01077694
0,02019888
0,01988503
-0,01393883
-0,01533729
0,009893084
0,00308248
-0,01041156
0,007405296
-0,01413316
-0,02804938
-0,02550281
-0,02335815
-0,01936905
-0,001062592
-0,005612
0,01858672
-0,01288477
0,01510905
0,02154064
-0,01156447
-0,009445344
-0,008593673
0,01481341
-0,01606615
-0,002084563
0,009139745
-0,01701506
-0,02085805
-0,02039255
0,0276142
-0,0001147861
0,01362106
-0,02300106
-0,01954398
-0,01405638
0,01394733
-0,0119834
-0,02305734
-0,01759639
-0,01582895
-0,02812868
0,008750574
0,02873287
-0,002779166
0,02464658
-0,02995494
-0,02071809
0,01906505
-0,008736988
-0,01343391
0,007147247
-0,01108069
-0,02284431
-0,01706213
0,0270487
-0,001855285
-0,02543551
-0,03076076
0,01692432
-0,03081956
-0,0112261
-0,02095925
-0,004412104
-0,01246386
0,001714009
-0,007419196
0,03157917
-0,02904408
-0,01814001
0,01047882
-0,002301912
-0,02099999
0,002095426
0,005261166
-0,01477638
0,01130181
-0,007401778
-0,01179108
-0,009761114
-0,002472617
-0,001758493
-0,00754954
0,01595416
0,02072649
-0,01112581
-0,02131355
0,004209647
0,02227131
-0,0183705
0,01825933
0,008532433
-0,01401666
-0,009532202
-0,0201673
0,02347774
0,02265978
-0,01815754
0,009528012
0,02196186
0,002808202
-0,03025661
-0,02070919
0,005927496
0,01149263
0,01845425
0,001087835
0,01821582
0,001271078
0,02941357
-0,01330002
-0,02410112
0,0168206
0,01067064
-0,0103205
0,00273829
0,02792058
-0,006662634
0,006721074
-0,02983882
-0,006215284
0,01574705
-0,02324759
0,01758821
-0,004612407
-0,02756542
-0,01817281
0,01849873
-0,008799162
0,01089909
-0,007957594
-0,001803476
0,01173589
-0,006310319
0,01482378
-0,003235464
-0,01161396
0,01501525
-0,02828545
0,02996338
0,01913233
-0,008701011
-0,02890932
0,0227825
0,02478109
0,008658815
0,01882995
0,005154502
-0,03027762
0,005577011
0,02788647
-0,003643951
0,005445377
0,008678397
0,001041319
0,01832933
0,02497551
-0,008503069
-0,01763605
0,01106283
0,009915245
0,01033469
-0,003181913
0,02203104
0,007917546
0,01912816
-0,003914484
-0,006640153
0,02666923
0,02400328
-0,01506521
-0,01702251
-0,008134229
0,007289245
-0,01863006
-0,02888854
0,01450806
-0,01595584
0,02433161
0,01605393
-0,01868662
0,00632982
0,01767344
0,01336077
0,01169043
0,02302464
0,02134208
-0,02976448
0,02274916
0,0260342
0,002363699
0,02680056
0,001004928
-0,008356454
-0,009849663
-0,02636304
0,02321414
-0,02063267
-0,01582929
-0,02710293
-0,01776797
-0,005807661
0,006939363
-0,0249267
-0,007900366
0,0135202
-0,02265613
0,02969719
-0,002866378
0,0001580765
-0,02418634
0,01175785
-0,001104188
-0,002202379
0,0003564139
-0,02783876
0,02435228
0,01164733
-0,0207713
0,01566034
0,02823402
-0,005644006
0,002721044
-0,02866444
-0,008482005
-0,01098708
0,01261607
-0,02952214
-0,01279957
-0,02363529
-0,02435653
0,004105488
0,02908076
0,01869404
0,001458687
0,01514607
0,028021
0,01038277
-0,009887842
0,02810393
0,01567809
0,02219443
0,0007735007
-0,009918367
0,01929347
0,02088508
-0,004088629
-0,0281781
0,01901394
-0,01757773
-0,01840844
-0,01788717
0,02771453
-0,00159063
-0,02593206
0,01715573
0,02591809
0,005582196
0,0101933
-0,0285793
-0,03007272
-0,02308829
0,01397911
-0,007651391
-0,006224591
0,001533508
0,009274565
0,006698919
0,02518705
0,01568883
-0,02427928
-0,01743496
-0,005856068
-0,01573294
0,02906538
-0,02337579
0,02443023
-0,01800838
-0,01625289
0,001684094
0,02071103
0,009933388
-0,01992961
-0,02941058
0,02511378
0,02550866
0,00542945
-0,00262846
0,01164542
0,01434285
0,02315459
-0,00866083
0,02462057
-0,01649368
0,02198623
0,007890721
-0,02189541
-0,02066783
0,02536313
-0,01564446
-0,0212028
0,02066962
-0,02427839
-0,02487871
-0,02245386
0,02599548
0,0173409
0,01256914
-0,00179706
-0,03389676
0,02215236
0,00962221
-0,007794178
-0,0166968
-0,01832374
-0,008856111
0,02453069
0,01064837
-0,003869873
0,0007641262
0,02702707
-0,01638156
0,02873094
-0,01723455
0,02328282
0,01578565
-0,01020873
-0,01963844
-0,007276333
-0,01066556
0,02795228
0,01531649
-0,01350135
0,02814194
-0,007167431
-0,02728243
0,004759504
-0,02620729
0,02114765
0,02866648
-0,02020447
0,0211132
0,02415938
0,008036034
0,0208162
-0,01982868
0,02954057
0,01163207
-0,03067072
-0,002656309
0,01587867
-0,001096177
0,01083649
-0,006094364
-0,0151611
0,02422335
0,01758719
0,01844382
-0,0215523
-0,009413061
0,005479787
0,004773468
-0,008807899
-0,0185055
-0,02899053
-0,02338668
-0,009298727
-0,007179611
0,01943428
-0,01872962
0,01955035
0,02101626
0,02159248
0,001083712
-0,007259153
-0,02215387
-0,01042178
-0,01146889
-0,006280497
0,01270245
0,01785486
0,006652582
-0,02051564
0,02386635
0,006168679
0,0008084422
-0,02640006
0,02251826
0,0106798
-0,00151443
-0,01764696
0,01029386
0,01956739
-0,007335711
-0,01211804
0,0006030801
-0,0007086862
0,01432492
0,00545521
0,008084062
0,01540409
0,004168184
0,01824989
0,01158513
0,004437939
0,0208415
0,001940955
-0,02419419
-0,03090979
-0,02393692
0,002383303
-0,0004595979
-0,002048471
-0,001165163
0,0008195924
-0,03316161
-0,005171733
-0,004604263
0,005554178
0,001914486
-0,02500802
0,002422046
0,01540208
-0,006209285
-0,02782759
-0,01915755
-0,02846281
-0,00370775
-0,01805103
0,02204191
0,01057448
0,006798431
0,01222811
0,01373133
0,02688663
-0,01389448
0,01502914
-0,007097648
-0,01363283
0,01602936
0,02622608
0,02383191
0,01921811
-0,003252109
0,0220735
0,008282859
-0,02014414
-0,009045736
0,01851717
-0,01248095
-0,02622658
0,03055033
-0,02840785
-0,03136856
0,001554475
-0,02059539
0,01305102
-0,01000217
0,008623423
-0,006941098
0,01602186
-0,02516519
0,0255262
-0,02312487
-0,005870218
0,02465383
0,01877011
0,01487628
0,001290822
-0,008204577
-0,01386175
-0,02388035
-0,01752568
0,02300724
0,008805861
-0,01779737
0,0159034
-0,01204375
0,002332457
-0,00736381
-0,0274712
0,01176597
0,00863953
0,02593618
0,01847482
0,01245787
0,001415898
0,008110555
-0,02113094
0,01540365
0,001518975
-0,01283249
0,003110376
0,01728855
0,02534127
0,01588931
0,02322993
0,006928381
0,03105898
0,02449161
0,01747314
-0,009207731
0,01256958
-0,009123557
0,02298668
0,0232125
0,01139323
-0,02792722
-0,01349961
-0,01300212
-0,007159074
-0,0103834
0,02133305
-0,01075789
-0,01291787
-0,02599536
-0,003044778
-0,03311594
-0,01244553
0,01739687
-0,003384474
-0,01855166
0,007271565
0,0201142
0,02292166
0,02969967
0,0003942065
-0,004625001
0,02973414
0,02392031
-0,01035923
-0,02219581
-0,01106376
0,009250143
0,003466871
0,01104353
0,0273544
-0,01685302
0,02629199
0,02033581
0,02561456
-0,01199855
-0,0178885
0,01572389
-0,01427306
-0,03222534
-0,01067302
-0,01905819
-0,006043317
0,01288411
-0,01975455
0,01684451
-0,02096343
-0,02582124
-0,01113765
0,002225084
0,01187813
0,01762394
-0,006087504
0,02403107
-0,006650215
-0,01476172
-0,02285502
-0,003453529
-0,03535021
-0,01623477
-0,02633354
-0,01817248
0,01760499
0,01064504
-0,02040493
-0,01325628
-0,02431913
0,001918768
0,02337053
-0,02179853
0,02801063
0,02163561
0,003149956
0,02265727
0,008958586
-0,01237389
0,03053214
-0,01670806
0,009535587
0,0002111524
0,02392557
-0,0218137
-0,01648439
0,02646386
0,02776351
-0,02872867
0,01122277
0,02519277
-0,01212645
0,004193504
-0,02462106
0,008811305
0,01269196
0,02368037
0,01681713
-0,03247878
-0,01394029
0,002820752
-0,00634847
0,01666627
0,006771392
0,00544946
-0,02201251
-0,02411913
0,0005001338
0,01684314
-0,01582933
0,005208086
-0,01409422
-0,02262695
-0,01342597
0,02804703
0,02083779
7,976765E-05
-0,005993818
-0,02991541
-0,02838822
0,02379785
0,01660872
-0,01957048
0,006976848
-0,01907048
-0,01820145
-0,01421765
-0,0280145
-0,0142145
-0,02407998
0,004218179
-0,02969364
0,004985839
0,02652227
-0,01142827
0,007827061
0,01376997
0,01759571
-0,01790822
0,01982501
0,0247156
-0,01798387
-0,03015772
0,006306597
-0,03150149
0,005177311
-0,02378544
-0,01941865
-0,03119702
0,01161694
-0,0305682
-0,008558051
0,01245362
-0,03559086
-0,01009434
0,01643693
-0,02286675
-0,02126242
-0,004668162
-0,008915314
-0,03677668
-0,02295733
-0,01096802
0,01470915
0,01765226
0,008299493
0,01505275
-0,01507484
-0,02974819
-0,01301624
-0,02416095
0,01291776
-0,01766649
-0,02138867
-0,02397689
0,008681276
0,01405787
0,003696928
0,006810613
0,003935864
-0,02922775
0,0299919
0,02609849
-0,00546219
0,02174354
-0,03190911
-0,02215869
0,003579085
-0,002957583
-0,005166829
-0,01178865
-0,005927446
-0,01699605
0,01353004
0,01921625
0,009145042
0,01901939
-0,01955012
0,01199594
-0,01855611
0,009204495
0,01340386
-0,02382527
0,009506289
0,001231632
-0,01550845
-0,02459482
-0,001890915
0,01891327
0,009533849
-0,02767028
0,01310028
0,008375067
0,03045006
-0,002224569
-0,03084981
-0,01361729
0,02753998
0,02371055
0,01730743
-0,001224984
-0,02047797
0,0160579
0,006028789
-0,02894224
0,01343618
0,0002049879
0,0008720558
-0,009128676
-0,00741569
0,01732351
-0,002220891
0,01434755
-0,01597437
0,01174022
-0,02561326
0,01421006
-0,02350036
0,01340895
-0,006095084
0,01063223
-0,005224877
0,004865448
0,008675108
-0,01482141
-0,002455355
0,007988998
-0,020599
-0,02283925
0,01005026
-0,01362113
0,01480448
-0,01792393
-0,03733418
0,008540684
-0,006119965
-0,03358208
-2,660766E-05
0,01081517
0,02056981
0,02179523
0,01726224
-0,01131472
0,003715496
-0,02940488
0,009422054
-0,02760631
-0,002665839
-0,01497745
-0,007816539
-0,01416735
-0,01984735
-0,01694091
-0,001912991
-0,02406283
-0,02867971
0,003803149
-0,02363065
-0,009340493
-0,0001260506
-0,02935874
-0,01607652
-0,01294743
0,004131819
0,02816756
0,02407252
-0,02373856
0,009724623
-0,008110907
-0,02827871
0,02556814
-0,02522502
-0,01063281
0,01261824
-0,006278994
0,0182144
-0,02819496
-0,02882048
0,003572542
-0,00397593
-0,01315418
-0,0228918
-0,04156636
0,01137203
-0,01465458
-0,03067553
-0,003417076
0,01474916
0,01870923
0,01002281
-0,0315459
-0,03003216
-0,01436789
-0,01378148
0,02416927
0,01173913
0,001844004
0,01633499
0,003273254
-0,0246136
0,006144302
-0,007516593
-0,02865198
-0,0199409
-0,003105402
-0,01839647
0,01933797
-0,002300483
0,02975191
-0,01684246
0,02443773
-0,002360172
-0,003052915
0,01669797
-0,02870222
0,01305764
-0,01825962
-0,006336678
-0,02939252
0,01210883
-0,01586618
-0,01994678
0,01199752
0,001424191
-0,03256535
0,01965199
0,01297269
-0,03133444
0,01419778
0,007762737
-0,01648308
-0,01701101
-0,008140299
-0,007124264
0,01872029
-0,03719448
-0,02773901
0,01066247
-0,01584777
-0,02175982
-0,01379902
-0,02291847
0,02325466
0,01128154
0,02471761
0,005307564
0,004783361
0,002884057
-0,01789131
-0,01715203
2,099241E-05
-0,02339272
0,0113152
0,01896033
0,02238661
-0,004385705
0,009943866
-0,00279289
-0,01925345
0,002503909
-0,005302734
0,01406147
0,007640339
-0,01689897
0,0222535
0,001182822
0,02579345
0,02236776
0,01737302
-0,03257381
-3,37057E-05
-0,007712737
-0,03162801
0,01304326
-0,01319327
-0,03204716
-0,02163445
-0,0379818
0,004182306
-0,01501034
-0,01738407
-0,02406293
0,01230883
-0,003230348
-0,02392774
-0,02813129
-0,00124089
0,005988867
0,001214441
-0,008754831
-0,0136851
0,01128352
0,003986313
0,0184037
0,02104637
0,01112731
0,004727757
0,011672
0,02071179
-0,008819021
0,00886632
0,00938716
0,01230355
-0,01786849
0,01131147
-0,02331041
-0,02402551
0,02424369
-0,0005728033
0,01895704
-0,02053737
0,00904492
0,01613416
0,01658422
-0,01939743
-0,02253633
0,01961983
0,02681853
0,02503756
0,007243207
0,01968076
-0,01709792
-0,01928576
-0,01691267
0,004948143
0,007916193
0,005562448
-0,03190874
0,01588993
-0,002429068
-0,01192174
-0,004686976
-0,02967633
-0,02198141
0,004413369
5,472724E-05
-0,004250396
0,004203374
0,0177076
-0,02987654
-0,02851729
0,008750557
-0,02213404
0,02000677
-0,0115957
0,0122569
-0,0312092
0,02174469
0,009822984
0,01417885
0,0180785
0,002594836
0,01581904
-0,01858339
-0,001016436
-0,005734744
-0,003994852
-0,004849193
0,005337295
0,02768805
-0,007643375
0,02734237
0,02867724
0,01893083
-0,01259941
0,005409946
-0,002853887
-0,003570073
-0,03008049
-0,001006712
0,001605719
-0,02173446
-0,03001902
0,01449199
-0,002248987
-0,03181246
-0,03895365
-0,01411696
0,02082177
0,01099492
0,001817048
0,01178273
-0,008973698
-0,03045099
0,006939289
0,01661123
0,01067605
0,01961999
0,009351107
-0,01819412
-0,0219799
-0,02480673
-0,03039649
0,02700254
0,01874721
-0,01926707
0,01790553
-0,008644775
0,00303516
0,01586941
-0,01491108
0,002651835
0,02206275
-0,02172711
-0,01982639
0,00763438
0,00126202
0,02963516
0,01073003
-0,008285997
-0,00957875
-0,02670362
-0,0005976298
0,01056258
-0,01714859
-0,001515232
-0,004525632
0,01517383
0,02679895
-0,01257121
0,01307886
-0,002327472
0,006803087
0,009148092
-0,01884201
-0,01215427
-0,03400462
-0,03473945
0,02072287
-0,02090529
-0,02471489
-0,0005337221
0,009540613
-0,03416528
-0,003818787
-0,03130893
-0,04152657
-0,01930907
-0,03911112
-0,02384174
-0,008691373
0,01546685
-0,01625978
-0,004714478
-0,02852442
-0,0181255
0,009348907
-0,007122184
0,01628372
-0,01358879
0,01341462
0,03037885
-0,005701473
-0,01790776
0,02878318
0,01534114
0,02615939
-0,01985687
0,02106159
0,01488726
-0,0003223505
-0,00316574
0,03083296
-0,01134547
-0,03058039
0,008544283
-0,01823311
-0,01310797
-0,03119704
-0,03209452
-0,001661681
-0,02724247
0,01457607
0,01314252
0,01778266
0,02019412
-0,027099
-0,02974649
0,0003123392
-0,03400162
0,004786
0,002817791
-0,02822892
-0,003763772
-0,004809409
-0,01997176
-0,02350664
-0,00351376
-0,02891252
0,01904055
-0,020555
0,01860899
-0,002470315
-0,01660835
0,01548882
0,03039979
0,02056504
0,02740365
-0,005673858
-0,009715567
0,02968775
-0,008619674
-0,01038506
0,01479975
0,01739475
0,004394344
-0,01875781
0,008225643
-0,01321053
-0,0292414
0,00314312
0,01589302
4,554807E-05
0,01526432
0,02859999
0,01336378
-0,02030026
-0,0123534
0,009052344
0,008860315
-0,009809705
0,004155112
-0,02751124
-0,02402522
0,01090824
0,001007602
0,001342621
-0,003382843
-0,03627154
0,01597785
-0,0346498
-0,02797338
-0,001600902
-0,02721881
-0,03918345
-0,01820803
-0,01431051
-0,004193279
0,01679015
-0,0331708
-0,02580269
0,004973035
-0,01023514
-0,01786637
-0,01007692
-0,0009875465
-0,01040556
0,01261474
-0,01545767
-0,03041249
0,02120729
0,002261546
-0,01419392
0,01643141
0,02864798
-0,006783391
-0,01522324
-0,0202988
0,02845622
-0,0218397
0,02474261
0,007610941
0,005540335
-0,009009505
0,02240446
-0,01336384
-0,02818532
-0,0200452
0,007307136
0,003417389
-0,01637151
0,003969047
-0,007918988
0,005709417
-0,003428525
0,007924017
-0,02124292
0,01872995
0,01190376
-0,02362522
-0,02311776
0,0106032
-0,026312
-0,0453846
-0,03801748
-0,00726338
0,0188874
0,01927714
-0,01701383
0,007236641
-0,02517609
-0,01497133
0,00235953
0,01399003
-0,02347188
0,0005857059
-0,02927127
0,02798194
-0,0143715
-0,02913818
-0,004022931
-0,02082532
-0,02588209
0,01065332
0,01096728
-0,01775651
-0,02195004
0,007426634
-0,01598972
-0,01575912
-0,0227564
-0,01337231
-0,009221913
0,01010832
0,01850125
-0,03367118
-0,01073892
0,004565887
-0,0159539
-0,01681433
-0,0144776
-0,02559404
0,01934089
0,02523088
-0,007401564
-0,03502259
-0,03511042
0,0006815976
-0,008097062
0,02213604
0,004546111
-0,02639835
-0,004838198
0,005493875
0,0117207
-0,03274929
0,01304213
-0,002184715
-0,01682802
0,02059244
-0,004658815
-0,0122826
0,009965913
-0,02876374
0,002050226
0,0186194
0,02421602
0,02111581
0,02394133
-0,02522646
-0,02052301
-0,00212955
0,01450763
-0,02942534
0,01303057
-0,0115542
-0,0115867
-0,02229206
-0,01756597
0,008600204
-0,02047415
-0,0002730796
-0,02532288
-0,01739825
0,001733754
0,02040403
0,00937579
0,002761346
0,01783912
0,008205018
-0,02149321
0,01310326
-0,02166254
-0,01513421
0,01375631
0,023933
-0,01203039
0,007934769
-0,01400332
0,001377529
-0,03024128
-0,03018223
0,00280184
-0,01497376
0,009379869
-0,02394477
-0,005808814
0,003082154
-0,030825
0,001687423
0,01875766
0,008810166
-0,006382798
0,01028904
0,01081817
0,02322414
-0,01923672
-0,002870861
-0,0005681707
0,01248661
-0,01891641
-0,00952054
-0,0250838
-0,01482273
0,0251002
-0,005102055
-0,01624978
-0,006634573
-0,01809642
0,01486876
0,02469927
0,002840688
0,01495189
0,004773642
-0,0005222773
-0,03105517
0,01742309
0,008360645
-0,01181865
-0,01525796
-0,01268231
-0,03426692
-0,005615854
-0,02155375
0,01732173
-0,004389771
-0,01667606
-0,006006989
0,002667777
0,01805236
0,008292416
0,01862279
-0,02552452
-0,001292128
-0,01492249
0,006448245
-0,03778657
-0,01174782
-0,003896137
-0,009695728
0,02465851
-0,02710367
-0,006163935
-0,01310596
0,008890152
-0,01501183
0,0241309
0,01653755
-0,01972147
0,01260836
-0,02428875
0,00134057
-0,02494464
-0,01689132
-0,007659921
-0,01989618
0,01995519
0,02045633
-0,005763785
-0,006199573
-0,02704528
0,01281864
0,01603729
-0,01052613
-0,02900338
0,02842348
-0,01103427
-0,02496332
-0,0227206
0,008180298
0,02454621
-0,008574612
-0,02254083
0,02362734
-0,01556721
-0,02218029
-0,001701358
-0,02450223
-0,001288618
-0,002159012
-0,000825975
-0,003359651
-0,02018236
0,01463113
0,004005806
-0,02997035
0,009277508
0,02178055
-0,01895612
-0,02051054
0,02365153
-0,02024199
-0,03137491
-0,02674776
-0,01037623
-0,01581369
-0,00900441
-0,02521649
-0,0140102
0,007643777
0,02538842
0,01920151
0,009049696
-0,0006805276
0,01525863
0,01170585
-0,01113567
-0,0227191
0,02286045
-0,0210644
0,005865887
0,008548112
-0,01455688
0,02203144
0,0195079
0,0009805352
-0,009636488
0,01937338
0,002579285
0,01664392
-0,022217
-0,01077959
0,01491678
0,01920711
0,008655495
0,006486639
-0,01376024
-0,02823447
0,002728975
-0,03396332
0,01324046
-0,01323327
0,01310405
0,01909769
-0,003017068
0,001905759
0,01408612
0,01240333
-0,02858524
-0,03377612
0,02161043
0,0107948
-0,02748319
-0,02355962
0,006642508
-0,01143537
0,02894937
-0,0192263
-0,01410622
0,01834606
0,02630051
0,001715829
0,002958453
-5,873278E-05
-0,001306936
0,002465362
0,02949778
0,01374638
0,01508495
-0,02861654
-0,012078
-0,01852464
0,001536756
0,01837877
-0,01364141
-0,02340361
0,01255129
-0,01428271
-0,02243047
-0,03119694
0,006371678
-0,001788841
0,006747253
-0,003764889
0,02094762
-0,01000043
-0,02329989
0,004120904
-0,01980177
-0,01147795
0,00638024
-0,02716053
0,01242312
0,004267348
-0,03432741
-0,02092386
0,01716955
-0,01567685
-0,008550934
-0,03041029
0,01157139
-0,02125133
-0,02629376
-0,02224501
0,01437494
0,01256386
-0,0178558
-0,01226625
0,02038374
0,00148857
0,004404433
0,01096996
-0,02927304
-0,01691564
-0,0205091
-0,005929069
0,02144834
-0,02907996
0,004778403
-0,02974947
-0,01375834
-0,01217651
-0,003495177
-0,01182369
-0,01545971
-0,02535664
-0,01278622
0,00979523
0,006914665
0,02615065
-0,01982941
-0,01291052
0,01777968
-0,02959054
-0,01869494
-0,0060524
-0,01468691
-0,005285619
0,01364424
-0,02697414
-0,02557171
0,01560812
0,01413824
0,009162785
0,0150836
-0,034074
-0,03043464
0,0006339875
0,00330797
0,009831579
-0,00448266
0,02267969
0,01768718
-0,002672663
0,01965468
-0,00101267
0,01146173
0,01639393
0,0227665
0,008926209
-0,009228694
-0,002091667
0,007439571
0,02360241
-0,01100359
-0,01763575
0,02119049
0,02614772
0,02636212
0,01035977
0,02971962
-0,009943049
-0,01559068
-0,01048559
0,01303268
-0,01391766
-0,00695837
0,007878814
-0,005493191
-0,01978324
0,02623256
0,01138639
-0,0289365
0,023033
-0,004659894
-0,01996597
-0,002507152
-0,01459107
-0,02037623
0,00843867
0,006756432
-0,002981156
-0,0006708219
-0,03215192
0,01360342
0,009900047
-0,01481639
0,02372525
-0,008299187
0,003078866
-0,01957317
-0,01586453
0,01042599
0,02732048
0,01402997
-0,0209233
0,008760883
-0,003000182
0,01398279
0,003926281
-0,02680865
-0,02893269
-0,01210057
0,01000932
0,01372303
0,01019161
-0,006392728
0,00976956
-0,006422048
-0,02790953
0,009435355
-0,001539698
0,01069377
-0,02366287
0,02164831
-0,01323938
0,009418322
-0,02541106
-0,003526802
0,02286761
0,0271381
-0,001163167
-0,0196079
0,01552213
-0,03437918
0,003930425
0,02376669
-0,02931869
-0,02378196
-0,01620503
0,001028008
-0,0337761
-0,0001166669
-0,002352023
0,002693837
0,006351689
-0,0166358
0,02154783
-0,01201609
-0,0248291
-0,008068112
0,01026229
0,003552333
-0,008840952
0,02826889
0,01457999
0,003245583
0,002572488
-0,0251451
-0,003865104
-0,002358617
0,0006570051
0,02892835
0,01961954
0,008775292
0,006290275
0,01520147
-0,002196338
0,01009834
-0,02659
0,0107199
-0,01301151
-0,003146651
-0,02678136
-0,005917604
0,001449403
0,01533522
0,02697651
-0,007870105
-0,02432597
0,03021033
0,01269624
0,01437865
-0,01607724
-0,00402971
-0,02356113
0,01625374
0,01586201
0,01469706
-0,02058773
-0,03254196
-0,01311027
-0,03782178
0,006205279
0,01002362
-0,03394677
-0,0337805
0,01147523
-0,03455196
-0,02721983
-0,031759
0,02002015
-0,01404855
-0,01518067
0,0001599878
-0,02163739
-0,01534835
0,002670586
0,02979482
-0,005096895
0,02755047
0,004833571
-0,02069432
0,02878706
-0,003044119
0,01542903
0,01549393
0,01175337
-0,009652078
-0,003111788
0,01376374
0,02292547
0,006484937
-0,007359331
0,02887042
-0,01495773
-0,01800224
0,00921633
-0,02494803
-0,01590047
-0,002001386
0,02932477
0,02766987
-0,0160753
-0,02790284
-0,02968764
-0,01283674
-0,008794375
0,009966412
-0,01516634
0,02145431
-0,01983159
0,009732754
-0,01726617
-0,02572672
-0,01053416
-0,02532529
-0,03379343
-0,01377704
-0,02818982
-0,0107942
-0,007124904
-0,002661627
0,002506332
-0,009229223
-0,0236723
-0,01196066
0,02493563
-0,009968447
-0,01650518
0,02460139
0,005487765
-0,00788226
0,0107853
0,02775179
0,02946642
0,007332433
0,02323327
0,02392293
-0,008618427
-0,008135346
-0,01165634
0,02503312
0,02816024
-0,0008524345
-0,006945631
-0,03170416
-0,02372093
-0,02628259
-0,005288754
-0,0278147
-0,0202225
-0,01171237
-0,02922643
0,02198412
-0,03491665
-0,01114395
-0,01462604
0,01854032
0,01816604
0,01127738
-0,01050613
-0,03420966
-0,0101435
-0,01732125
-0,02141481
0,01863939
-0,0259239
-0,004014229
-0,01552887
0,02113001
-0,01137731
-0,0221517
0,02642228
0,0114706
-0,02918427
0,00109661
0,001526996
-0,0255111
0,02818872
-0,0218207
-0,02240374
0,01886784
0,02316815
-0,01763528
0,01332143
-0,01638548
-0,01050523
0,01491136
0,02612957
0,0007466068
-0,01532776
0,02816889
0,02636495
0,001001949
0,02287
-0,0201284
-0,01006452
0,001019295
-0,02334271
-0,003044973
0,01588566
0,006206006
0,01321757
-0,002366552
-0,001307174
-0,03957914
-0,01892849
-0,02172506
0,01815898
-0,003024945
0,02114158
-0,02433516
0,01766196
0,005897456
-0,002026096
0,0005329791
-0,02587377
-0,016051
0,008133644
-0,02694591
0,003000988
-0,003096333
0,003028692
0,01614927
0,005858276
-0,008111014
-0,01648745
-0,007118807
0,0201836
0,01792393
-0,02245713
0,02731451
0,02647067
-0,0007880591
-0,0111508
-0,002922592
-0,02937214
-0,01014395
0,004011629
0,01307828
0,02137727
-0,03019089
0,01877251
-0,008586852
0,003316852
0,02830906
-0,03017734
-0,02372882
0,02408557
-0,01630101
-0,03110152
-0,02920121
0,01509392
-0,03553919
0,01365763
-0,01649599
-0,03407799
0,02327657
0,01988079
-0,02016083
0,007149894
0,01652711
-0,02056275
-0,04097611
-0,01977146
0,02176577
-0,0154662
-0,01039212
-0,006089724
-0,0199489
0,006703387
0,02239796
0,01426547
-0,03247947
-0,0175337
0,004250132
0,005430975
-0,02248265
-0,01847693
0,005890942
-0,01047045
-0,02450077
0,001629304
0,008065047
0,01751624
-0,02512013
-0,02086604
0,0267942
0,00957721
0,02797197
-0,01003584
-0,02958838
-0,007181197
-0,01553719
0,02515897
0,02459281
0,002219124
0,01292743
0,02877741
0,003353307
0,008926896
0,003069091
0,005320825
0,005730173
-0,0009955592
-0,02646996
-0,022099
0,008011619
0,004491058
-0,02524053
0,003866325
0,01525113
0,0002845521
-0,02285561
0,01498004
0,004106176
-0,01052892
0,01610602
-0,01586462
-0,01515578
0,01889766
-0,007370133
0,01701932
-0,0025354
0,02052212
0,006965805
-0,002762607
-0,003484214
-0,02647475
-0,00978062
-0,03057427
0,02201416
-0,01951828
0,01121047
0,02821609
0,01640387
-0,0003573639
0,023215
-0,02493491
0,008493211
0,01720156
-0,008822683
-0,01929548
-0,00853298
-0,02045196
-0,00764916
-0,0159203
-0,02463021
-0,007265989
-0,01820715
-0,00357538
0,01275828
-0,003292821
0,007378092
0,009157274
-0,0183401
0,008790519
-0,03699252
0,006612257
0,0169351
-0,001292979
0,00696097
-0,001192109
-0,01986577
-0,03029758
0,01341347
0,01112938
-0,03028212
-0,01559475
-0,02500506
-0,0224377
-0,000805981
0,01384601
0,008023816
-0,001280997
-0,002375155
-0,02168749
-0,007734321
-0,01180481
-0,002921388
-0,009546414
-0,007846887
-0,02431585
0,02255559
0,0236404
-0,01316757
-0,004138741
-4,67417E-05
0,02774773
0,01015136
0,02708102
-0,006929137
-0,02379896
-0,02198526
0,02635119
0,02715024
0,00837003
0,0184622
-0,01970311
-0,01171606
0,005097593
-0,01994414
0,01699989
-0,02066098
-0,02991666
0,02346339
-0,03638071
0,004964946
-0,03200296
-0,02710805
-0,0355869
-0,01589685
0,006445421
-0,02456648
-0,007861791
-0,02688954
0,002934878
0,01590528
-0,007432269
0,02116161
-0,009874629
-0,01768766
-0,02527727
0,008440799
-0,02280408
0,01567102
-0,004994575
0,002147463
0,009594232
0,001255581
0,01754222
-0,009377602
-0,01983798
0,02900169
0,02285198
-0,01921066
0,006782879
0,02233992
0,01885074
0,02589934
-0,01693386
0,00735458
-0,01184664
0,01049411
0,001940019
0,002053873
0,007908447
0,01793572
0,005787786
0,007552396
-0,01671376
0,01809363
-0,01363953
-0,01701547
0,02167384
-0,01418937
-0,03616545
-0,03327414
-0,03596848
-0,02178656
-0,008007859
-0,01184905
-0,03309562
-0,004118739
-0,01581216
0,0004327063
-0,0277663
0,01095997
-0,01080783
-0,01371483
0,006834747
0,02003914
-0,02866192
0,00143397
0,009152087
0,01758134
0,02484933
-0,006476161
-0,02655948
0,005870518
-0,02431656
0,006686542
0,02684376
-0,02963123
-0,01194454
0,02918261
0,03017321
0,02388435
-0,02671365
0,0007919481
-0,02542926
-0,002080283
0,01912175
0,0004638479
-0,006096121
0,01354037
-0,001887001
0,01143597
-0,01501915
0,01590825
-0,01253417
0,01958211
-0,01124804
-0,02093039
0,02609636
-0,00883184
0,01379697
0,01423915
0,003037428
-0,02904818
-0,01555122
-0,0001656258
-0,03554647
-0,01285769
-0,03299244
0,009818707
-0,009891331
-0,02965776
-0,01653102
-0,004910874
0,01195009
-0,01054722
0,01206637
0,02189298
-0,01641098
-0,01826853
-0,02795127
-0,001198962
-0,02090414
0,02276238
-0,01405081
-0,01787328
-0,02127722
-0,01131355
-0,01102481
-0,0129403
-0,01573287
0,01215278
-0,02883221
0,02414658
-0,02033089
-0,01947973
-0,01395958
0,02718342
-0,02435499
-0,006172155
-0,00498943
-0,01014288
-0,01035479
-0,002523719
-0,01427079
-0,004943492
-0,01145306
0,01281282
-0,03295155
0,02628806
-0,02805364
-0,005938661
0,02339921
0,01141047
-0,01733598
-0,02142192
0,0005570577
0,001518814
0,007959236
-0,03053943
-0,007921532
0,008153019
-0,02687729
0,01856672
0,003973907
0,01663718
-0,02566029
-0,00627923
-0,01585674
0,003228431
-0,02768311
0,01659577
0,01785933
0,01845514
0,01156614
0,009226836
-0,02249039
0,009521892
0,007999886
0,02239505
0,02101227
-0,009218881
-0,01317825
-0,008898874
-0,02055723
0,01589778
0,01233452
-0,01674609
0,003368712
0,01940741
0,002927086
0,004173218
-0,02514365
0,02258232
0,02427881
0,01269822
-0,01824296
-0,003045495
0,01758564
-0,005696927
-0,01305364
0,01745131
-0,009831592
-0,01239072
0,01395182
-0,01713186
-0,000175777
-0,03186139
-0,03698192
0,0004646287
-0,02796788
0,02517417
-0,03014951
0,02217456
-0,01480323
-0,02442794
-0,004217721
0,01469747
0,01134789
0,02441282
-0,02388521
0,02152243
0,02234219
-0,003334481
0,02970126
-0,002347782
0,007866673
0,02375764
0,02276344
0,02638943
-0,005657748
0,008206621
0,01879177
-0,01904098
0,0007581814
0,0233765
0,02146108
0,01822097
-0,006409968
0,01815833
-0,02609927
0,002220505
-0,02264065
0,01875946
0,008670923
0,001185683
-0,002503036
-0,02332521
0,0004242701
0,01078423
-0,01581897
-0,01144107
0,01200694
0,01588402
-0,01952053
-0,01015255
-0,03541779
-0,03923946
-0,01296945
-0,01067741
0,004610635
0,006476409
-0,02223681
-0,03031101
-0,01935503
-0,0008004562
-0,02338644
0,02143688
-0,006925884
-0,003912042
-0,01065149
0,006976052
-0,009978689
0,02271111
0,01623922
0,002272736
0,01186601
0,02946784
0,01619594
-0,006012061
0,02696389
-0,003274361
-0,01050297
-0,02351602
0,004508451
0,02585846
0,01814661
0,02021801
0,01966558
-0,02945543
0,0174308
0,01292707
-0,01164144
-0,0332939
-0,02742095
-0,01330604
-0,01967809
0,02586424
0,003263729
-0,02736573
-0,0118113
-0,001924587
0,008271287
-0,03403096
-0,01517464
0,002200212
-0,0326183
0,01277608
-0,03074051
0,01021828
0,01254064
-0,03434817
-0,02254591
-0,03425414
-0,006181696
-0,01795072
-0,006918059
-0,02114251
0,003653032
-0,009101142
0,01209398
-0,01228189
-0,02672316
-0,006139736
0,01006951
0,001048878
-0,01553367
-0,009929989
0,01525258
-0,004359213
-0,01415877
0,0139888
-0,006295574
0,008293333
0,02717851
-0,01209244
0,0103312
-0,01900384
0,007783426
0,02099609
0,01850528
0,02571287
0,01062995
-0,03172829
-0,02009238
0,008606874
-0,006170123
-0,01464067
-0,002797474
0,01679001
0,01971494
-0,03429878
-0,01566752
-0,02310244
-0,01582861
-0,0353675
-0,006582284
-0,01734305
-0,01155977
0,01936478
-0,008673704
0,008092538
-0,02937683
0,007251076
-0,002431233
-0,03086915
0,009254313
0,0103533
-0,02443379
-0,0221423
0,003605753
-0,01732603
0,002301348
0,01540865
0,00350471
0,01475433
0,00664789
-0,02830927
-0,0213408
0,02796291
-0,02816989
0,02887016
0,01994931
0,02307307
3,129817E-05
-0,02099808
-0,01311003
-0,02299583
-0,02025808
0,02368485
0,01600939
-0,01363718
0,0119867
0,01020278
-0,01414026
0,02335938
0,01026277
0,02434973
-0,003891635
-0,02333912
-0,03624776
0,01050927
-0,03008921
-0,02046916
-0,02425765
0,001367581
-0,006168833
-0,0001773228
0,002623334
0,002934426
-0,006644857
-0,00268207
-0,02559558
-0,009430762
0,01784812
-0,001549213
0,02926794
-0,01312794
-0,01671822
-0,009502197
0,01212405
0,002565927
-0,001677833
-0,01474175
-0,003475016
-0,01442036
-0,002142767
0,02080982
-0,007267341
0,004450184
-0,0291456
0,01203564
0,002526011
0,02701495
0,02726972
-0,01943081
0,01570497
-0,002272093
0,004263798
0,0198327
0,008946369
0,008702849
-0,004183894
-0,001522563
-0,01172523
-0,02401472
-0,03113274
-0,0179841
0,01623225
0,01482434
-0,033158
-0,009930322
0,0002658975
-0,03095698
-0,01178043
-0,0140421
-0,01972705
0,01721758
0,01501438
-0,03748623
-0,0238096
0,006201212
-0,01878786
-0,02849871
0,002969603
0,01609177
0,03026806
-0,01298166
0,001787803
0,01463867
0,01310204
-0,003147931
0,01264764
-0,003979201
0,01442417
-0,02630642
-0,02581268
0,02766151
0,02226562
-0,0160719
-0,01852412
-0,01709341
-0,02773583
0,002059008
0,003555001
0,001966796
0,02681026
-0,007718918
-0,001893657
-0,0007793787
0,02076131
0,02082017
0,005496833
0,001323598
0,001593552
0,02118464
-0,01291781
-0,01228544
0,02142042
0,002287169
-0,02046485
0,0127947
0,005899698
-0,03177712
-0,03260349
-0,005667295
0,003989627
-0,025736
-0,01698776
-0,01750791
-0,01603135
-0,0147288
-0,02819791
0,01007342
0,01796629
-0,03055523
0,009744628
0,01774518
0,004331815
-0,02338719
0,01706466
0,004801786
0,01695725
-0,02900948
0,02000204
0,02175041
0,02252163
-0,02089098
0,02215574
0,01919056
0,01168387
0,01330802
-0,02562828
-0,01422779
-0,02818838
-0,007105107
-0,00340303
0,02209034
-0,008088138
-0,02956981
0,01786007
0,01309778
-0,03002665
-0,02830427
-0,0247361
-0,007427624
0,01242591
0,02388023
0,006640167
0,0001666516
-0,01703798
0,001464415
0,0106895
0,009058635
0,00873855
-0,00211246
-0,03762375
0,001989545
-0,02221123
-0,02358104
0,003157721
-0,001728492
-0,01040178
-0,0007044448
0,008466739
0,008191201
-0,01001008
0,02009494
0,007932557
-0,003196585
0,001249263
0,01418672
-0,00908123
0,001149698
-0,0128793
-0,02731123
0,004402615
0,01337926
0,02478768
-0,007299454
-0,02392999
0,02608892
-0,003986238
-0,01241101
0,003002015
-0,02701468
0,02254479
-0,01504836
-0,004729655
-0,003623906
-0,006664764
0,01830428
0,007711559
-0,02338108
-0,0131412
-0,02072517
-0,01673521
-0,006926298
-0,01154008
-0,005873509
-0,02650996
0,02107372
-0,01780263
-0,02049286
-0,03453491
-0,006948119
-0,02399256
-0,0206861
-0,008217379
0,008412681
-0,03330263
-0,01339635
0,01477027
0,02187644
-0,02462333
0,01316696
-0,02104867
-0,02476937
-0,02964783
0,007887621
0,01349801
-0,02843796
-0,009084238
-0,01752639
-0,02638824
0,01327612
-0,02339348
-0,01587162
-0,01708432
-0,02442693
0,01335436
-0,02232312
-0,00877285
-0,004164096
-0,01656119
-0,02243798
0,004906672
-0,02264559
-0,01641972
-0,02672051
0,01867741
0,006323308
0,01702963
0,01036539
-0,009195675
-0,02856187
-0,03209041
0,01107404
0,02539126
0,001624962
-0,03125025
-0,01939675
-0,009153804
0,008079644
0,007714476
-0,03176104
-0,001908413
-0,03303365
-0,03050545
-0,02053328
-0,01570623
-0,03597738
-0,03027173
-0,01150844
-0,03533815
0,02341477
0,02934846
-0,01036462
0,008831949
-0,03047016
-0,02426527
-0,03009243
0,0209449
0,02952864
0,02004761
-0,02160181
-0,01427
0,01165193
0,02114567
0,02991619
0,01128145
-0,006602036
-0,01384141
0,007702244
-0,02695112
-0,001457357
0,01084686
0,006533077
0,01253545
-0,02214578
0,002369729
-0,001706048
0,0256604
0,02376144
0,005278206
0,0145656
0,002890155
-0,01244154
0,0009692239
-0,005737295
-0,02642029
0,008332318
-0,0347913
0,01869821
-0,01262075
-0,03973757
-0,02171301
-0,01317846
0,01079121
-0,009036108
0,009420893
0,01468181
-0,02253548
-0,02537056
0,001000444
-0,033369
0,01558938
-0,005573905
-0,01252046
-0,0001330785
-0,01986792
-0,01282129
0,007062985
0,0008613226
-0,00261991
0,008790935
-0,02457204
0,02881764
-0,008092952
-0,02777957
0,004515349
0,02472814
-0,02611386
-0,006503111
0,02092146
0,02993864
-0,01281353
-0,013454
-0,02068133
-0,02895542
-0,02376856
-0,01764692
0,01167985
-0,02507464
-0,01665251
0,006396304
-0,02259452
0,002577139
-0,02486543
0,0003027214
-0,03474659
-0,03142049
-0,04041632
-0,03385225
-0,02518051
0,01102256
-0,03596233
-0,007456731
-0,007609477
0,008644685
0,01673952
-0,01640351
-0,03362659
0,0159021
-0,03463876
0,02233007
0,01567582
0,02287023
-0,00986775
0,005630299
0,00695223
-0,004421768
-0,01535556
-0,01186551
-0,006096649
0,0266422
0,007288413
0,0005035707
-0,01611051
0,01734274
-0,00403689
-0,005527624
0,01428796
0,01517593
0,0305234
-0,004194504
0,02323394
0,02802609
-0,02296828
-0,03017334
0,02531097
0,01778355
0,01497818
-0,01030266
-0,0265894
0,01074831
-0,02441365
0,01298315
-0,03095569
-0,01496072
0,01332801
-0,01967516
-0,01858593
-0,001328297
0,01726234
-0,004318865
0,0138571
0,0001638608
-0,00459819
-0,0253328
-0,02991998
-0,00863348
-0,01976249
0,006678589
-0,01151297
-0,002703813
0,005461556
-0,01044932
0,02050376
0,002151582
-0,03203946
0,01785473
0,01414573
-0,01062005
0,01240191
0,0232728
0,0108883
0,02255339
-0,01867881
0,01032464
0,0166637
0,01733402
-0,006145539
0,02044419
0,02629799
-0,02482136
-0,02727937
-0,02261974
0,01754498
-0,008979113
0,0005824464
-0,0186543
-0,01278666
0,01704757
0,01814476
-0,01086149
-0,00413576
-0,03392967
-0,03658808
-0,001318666
-0,03217852
0,01309772
0,02135704
-0,005075959
-0,01671541
-0,04022174
-0,003853439
0,01957551
0,008483998
-0,04129227
0,01141349
-0,03964416
-0,004652372
-0,03633855
-0,003358952
-0,009335862
-0,02241204
-0,00533367
0,01515673
-0,01576872
-0,007466293
-0,001745875
0,00111233
-0,003181173
-0,02799589
0,02000405
0,001440868
0,0255259
-0,000904702
-0,01044476
-0,00787767
0,008020443
0,0201745
0,002473774
0,001946366
0,02579614
0,01809439
0,02083829
-0,001740073
0,02266315
-0,002817593
-0,02861952
-0,01682434
0,01082835
-0,003295693
-0,00594602
0,004579897
-0,01757177
-0,02175647
-0,01326212
-0,02284293
-0,03613386
-0,02567773
0,007670806
-0,02738217
-0,004376614
-0,02541455
-0,01043503
-0,01155952
-0,01081374
-0,01009967
0,004532099
-0,002138608
-0,001771417
0,004653886
-0,01951777
-0,02180011
0,02900734
-0,00302698
0,005659681
0,005343651
-0,01435315
0,02724921
0,02365882
0,01538428
-0,01044553
-0,01617165
0,01921795
0,02813657
0,002122246
-0,02077294
-0,01818774
0,006497982
-0,02882432
-0,02641772
-0,01073139
-0,004299236
-0,02656896
-0,01247162
0,02377141
0,005295326
-0,01458455
-0,009956406
0,02372446
-0,0122123
0,01255102
-0,0007680483
0,009719625
-0,03479327
-0,02510305
-0,01666868
0,005949604
0,01341808
0,002969176
0,01308517
0,01540849
-0,03715511
-0,02618206
0,01709563
0,01454204
-0,01098036
-0,003559205
0,003177377
0,02939635
-0,01016795
-0,01356559
-0,02651144
0,0002862698
-0,0002186446
-0,007153405
0,02034554
-0,02535424
0,008307168
0,002698632
0,02977175
-0,01209826
0,02583021
-0,02801451
0,002832429
0,02952204
0,01571886
-0,0009627801
0,01518631
0,01372341
-0,0172096
-0,002631749
-0,009796141
0,02419875
-0,02152186
-0,02639591
-0,02010692
-0,02546091
-0,02543124
-0,008224996
-0,003293839
-0,02797035
0,01250255
-0,008346013
-0,00189456
-0,0318987
0,004952208
-0,03197324
-0,02363498
0,0006559312
-0,01857877
-0,02885322
-0,03923631
-0,0222347
0,003473306
-0,004697581
-0,03265093
-0,02966398
0,01060839
0,0233299
-0,02687634
0,02342441
0,01700043
0,01977372
0,01559043
0,02565587
0,02676203
-0,02126031
-0,009662966
-0,007625676
-0,01969355
0,01215091
0,02869144
-0,01789647
-0,02806212
0,02282967
0,003593841
0,0001022401
-0,004113517
-0,004118803
-0,01625378
0,01068541
-0,01578168
-0,02712695
-0,008304303
0,03052564
-0,007830727
-0,02683915
-0,02007066
-0,0007080865
-0,02983972
-0,0254731
-0,009509244
-0,02806832
-0,01754132
-0,0001157051
-0,01706396
0,0160504
0,001398677
0,002356706
-0,02947224
-0,005812768
0,001788087
0,009261123
-0,01139998
5,455799E-05
-0,02366546
0,01520235
-0,0178098
0,01827009
-0,03375975
-0,0004050971
0,006282579
-0,01152983
0,01470182
-0,003141437
0,01029502
0,01045464
-0,001065083
0,01468738
0,003153326
0,0238461
0,02813481
0,01745459
-0,007012927
-0,02681575
-0,01039104
0,01976106
0,02338555
-0,004301688
0,001017629
0,009937856
0,02361722
0,01583202
-0,01392401
0,01231018
0,02580819
-0,008319222
0,003479504
0,01039226
0,01445598
-0,004217563
0,01523585
-0,01098168
-0,0022991
-0,009201827
-0,01039963
-0,03329717
-0,009491851
0,01770199
0,01538191
-0,004225758
-0,0182432
0,01117298
-0,03751891
-0,02378029
-0,002304663
0,01823232
-0,007298006
-0,007563217
-0,01335765
-0,00776812
0,02769696
0,01981374
-0,01004434
-0,008812433
0,01379537
0,02434917
-0,02838298
-0,02522889
-8,439164E-05
-0,01331888
-0,02530442
0,0167436
-0,02820041
-0,02611633
-0,02383068
0,007647955
-0,01486093
0,0249144
0,004217988
-0,01562348
-0,004957182
-0,03013578
-0,0009097616
0,02067393
-0,01700573
-0,03175839
0,009779084
-0,0327124
-0,03020541
-0,03104343
0,02213854
-0,02302364
-0,009280532
-0,01283329
-0,006603453
0,02104595
-0,03383424
-0,02336031
0,008992267
-0,003537265
-0,04036911
-0,02350485
-0,01962433
0,0004747614
-0,004249263
-0,002866891
0,01012476
-0,03616784
-0,02762993
0,02544179
0,01121438
0,004356882
0,02152796
-0,02499982
0,03123607
0,02829841
-0,008429131
-0,0005720889
-0,02373473
0,01158724
-0,01910394
0,03090607
-0,02809546
-0,002944994
-0,008743767
0,02508598
-0,007608355
0,01000397
0,003154628
-0,02050495
0,005934537
-0,02845038
-0,02303027
0,02776451
-0,02022465
-0,02548687
0,007466045
0,02029375
-0,01817578
0,006343167
-0,02243759
0,003953784
0,01733434
-0,03179393
-0,01625402
-0,01674338
-0,0188703
-0,01721233
-0,0151013
-0,006231287
-0,002825905
-0,008133572
-0,03322235
-0,03428278
-0,01571616
-0,03668672
-0,02007996
0,02115315
-0,01647669
0,009931356
-0,01307949
-0,02273765
-0,001989134
0,03167944
-0,006086181
0,007162103
-0,005059472
0,0234869
0,02333092
0,0224655
-0,0109682
-0,0006288406
-0,01548172
-0,001484126
0,001306867
-0,0008941382
-0,02357442
0,0268675
-0,02483551
0,02992141
0,005940563
-0,02923334
-0,01307609
0,03019214
0,0007104313
-0,02800054
0,02641105
-0,03255257
-0,001513449
-0,02298667
0,01707237
0,0097093
-0,00143775
-0,00295846
-0,01559008
-0,03623706
-0,02263729
0,02108931
0,006744466
0,008624463
0,01759592
-0,01605134
-0,0132293
-0,01154992
-0,02970595
-0,03374847
-0,01961224
0,004887225
0,005152285
0,02737378
0,02760274
-0,009453146
0,02140779
-0,01316641
-0,02610463
-0,01714266
0,02203143
-0,001745893
-0,003284888
-0,01324358
0,007447491
-0,009551093
-0,01025888
0,01568659
-0,0259976
0,004874349
0,02456847
0,01064141
-0,02356013
0,001156277
-0,01708266
-0,01873098
-0,01770023
-0,0101687
-0,03196052
-0,02474409
0,00369194
0,01549637
0,01380647
-0,007870663
0,01353162
-0,01079012
-0,003343771
-0,001920856
-0,0257711
-0,007439029
0,01888729
-0,02245547
-0,004236697
-0,02660943
-0,03156199
0,006310226
-0,009895605
-0,01378782
-0,03310359
-0,001051384
-0,03020576
0,01089735
-0,007009599
0,01036065
-0,01591703
0,004631389
-0,0006734529
-0,02643625
0,01267985
0,01381321
-0,0224278
-0,0008116796
-0,01456513
0,02470379
0,00652262
-0,02755002
0,01257362
-0,02754227
0,000956499
-0,01632088
0,01922026
0,01363712
0,005267352
0,005881539
0,009449981
0,007332998
-0,021132
0,02822099
-0,008406574
-0,004682598
0,01380157
0,01624037
-0,01952891
-0,009330775
-0,0294569
0,02295398
-0,01029076
-0,03241471
-0,02828426
-0,02922183
0,01619048
-0,008208684
0,01933368
-0,01411958
-0,02148684
-0,01670837
0,02105815
-0,00465891
-0,008257024
-0,03209776
-0,0321971
-0,007374413
0,02282657
0,0256033
0,0177679
-0,01115774
-0,02573851
0,01733309
0,02890477
0,006650096
-0,002602267
-0,001551974
0,008427542
-0,01858741
0,03034155
-0,009061284
-0,01192357
0,02288262
0,02149978
0,009209071
0,007988448
0,006850937
0,02077844
-0,009761155
-0,01196366
-0,01214974
0,01768199
-0,02189463
-0,01472203
-0,01829749
0,003185565
0,003819799
-0,005014342
-0,01627352
-0,005790889
-0,01374793
0,01601503
-0,02001949
-0,001802447
0,007153235
0,01591854
-0,00013623
-0,03204843
-0,007874429
-0,0006251333
-0,01680741
0,009765857
0,001161064
-0,01600315
0,02137007
-0,02866779
-0,0229469
0,01081855
0,02138175
-0,003216581
-0,005480795
0,001834558
-0,0006922334
0,002913131
-0,0005506065
0,004577953
0,0229756
-0,0006766254
0,01424285
0,03037471
0,02327885
-0,02481816
-0,007233446
0,01676694
0,009236801
-0,001591077
-0,02947773
-0,01398258
-0,02052286
0,01629594
-0,03070426
-0,002361169
-0,01410067
0,01129198
0,02479259
-0,006419062
-0,02860843
0,01201366
-0,01192778
-0,02165181
-0,004168346
0,016222
-0,003102476
0,0161382
0,02966768
0,01288864
-0,01812938
0,004920763
-0,03648901
-0,03723983
0,01749999
-0,03182576
-0,01466652
-0,002646541
0,0107383
-0,01702289
-0,001880381
0,02401768
0,01227555
-0,001230786
-0,02652782
0,02210491
0,003109145
-0,02233653
-0,0009385307
0,0258937
-0,01675749
0,02121276
0,008976309
-0,02797781
-0,0002546496
-0,01913301
-0,01968366
0,005129911
0,0008832794
-0,02790771
0,001879669
0,004095998
0,01693961
0,02105653
-0,02220837
-0,01088926
-0,02124087
-0,02758126
0,01800713
0,01949777
-0,02379909
0,01367769
0,02429525
0,004518826
0,02388763
-0,02796073
0,02161067
0,0161956
-0,03034068
0,001463391
-0,02049175
-0,01334718
-0,02041158
-0,03913512
-0,005433185
-0,006887084
-0,0309316
-0,02938031
0,004567102
0,01619404
0,02610859
0,01545439
-0,03092087
0,01576782
0,01451432
0,02464995
-0,01959486
0,02666598
-0,007936006
0,01743249
0,01056199
-0,001934412
-0,01307955
0,00509624
0,01554832
-0,001701306
0,02837683
-0,02888579
-0,02725423
-0,0080428
-0,01824595
-0,01011928
0,001708467
0,02220692
0,01310086
-0,02630365
-0,01879986
0,01087898
-0,01540727
0,007739871
-0,01543319
-0,02312802
-0,001467897
-0,02900601
0,01816406
-0,01460237
0,004416854
-0,0257935
0,01873397
-0,03037775
0,02143388
-0,03690011
-0,01221352
-0,0254389
0,01604353
0,01064108
-0,02604376
0,0113801
-0,01563604
-0,02780786
0,0006964991
-0,02975922
-0,03238798
-0,01804245
0,003384826
0,005978043
-0,01468093
-0,01961644
-0,02778683
0,0106391
0,01163504
-0,001980299
0,01074482
0,01333979
0,001066067
0,003474641
-0,02875706
-0,01552283
0,01085313
-0,005445612
0,01500509
0,02017129
-0,02070232
0,02728247
-0,007307997
-0,02051092
0,02051442
-0,01654018
0,02420188
0,02340969
0,0254695
-0,004067842
-0,008249398
-0,02637775
-0,03081536
-0,02460578
-0,03006069
-0,01809464
-0,002104744
-0,0184362
-0,0327737
-0,007055462
-0,0336454
-0,02780174
-0,01628704
-0,01083274
-0,01148591
0,01280769
0,00938031
-0,01039555
0,01589662
0,02337165
-0,0266999
0,0258831
-0,006449464
0,01184959
0,02309877
-0,02729222
0,02085485
-0,006540722
0,01555605
-0,02942541
-0,01568319
-0,0230118
0,01332536
-0,01395403
-0,02248938
0,003103117
0,006385038
-0,01080088
-0,003298725
0,01733443
0,01518637
-0,006318232
-0,01134416
-0,01913551
0,01185947
0,02897549
0,004397713
0,02404539
0,01887768
-0,02512567
-0,0008059271
-0,001612277
-0,02895076
-0,03266772
-0,01074848
-0,004242954
0,01504327
-0,0082747
-0,0164517
-0,03184803
-0,01019105
-0,03035954
0,0004594283
-0,02908988
-0,01421478
0,02765798
-0,008272278
-0,02776217
-0,007654186
0,01848945
-0,02203784
-0,003108001
0,02666688
-0,02967684
-0,02085518
0,0116945
0,005673728
-0,01884803
0,02885591
0,02289922
-0,005727523
0,02708807
0,004133548
0,008434515
0,001389302
0,01252752
-0,02999108
0,01168662
0,02426503
0,01082509
0,01654579
-0,01941341
0,02847239
-0,009372815
-0,00664252
0,01001106
0,02071083
-0,01631356
0,02268755
0,01077182
-0,0003262988
-0,002919289
-0,001237459
-0,03423756
0,02528998
-0,02803765
0,004007458
-0,0274329
0,017891
0,007454306
0,02135614
0,005316254
-0,002705698
-0,004632593
0,006630326
-0,008316279
-0,002147341
0,02096809
0,002343839
0,008400351
0,03004439
0,01464123
-0,02125421
0,01192217
-0,02965372
0,02751809
-0,002691861
0,003764685
0,004753424
-0,001627558
0,02028375
-0,007976609
-0,01280567
-0,01573004
-0,009878438
0,02202757
-0,005878016
0,003600969
0,01009785
-0,003160647
-0,02288743
0,02471817
0,01794315
-0,01635849
0,02001535
-0,0200596
0,01244657
0,0004572063
0,01037634
0,02829498
-0,02348534
0,02397978
0,006647334
-0,01701685
0,01317844
0,01492807
-0,01004018
0,01964794
0,02842984
-0,03188186
0,006353414
-0,02954036
-0,0004138399
-0,01027401
0,01534176
-0,005049838
-0,01081289
-0,0185878
-0,02317314
0,01927829
-0,02796727
0,02794387
-0,0166556
-0,02456308
-0,0005715599
-0,02548827
0,02692187
0,02608272
0,02019888
0,02099657
-0,01574679
0,02619792
0,02299806
0,006781721
-0,01173434
0,02154848
0,009847043
-0,02892577
-0,0002869826
0,002592676
-0,0004474788
0,00312818
0,003596296
0,008512738
0,02058139
-0,02368055
-0,009874797
-0,00828812
-0,005786265
-0,006399425
0,02224422
1,752286E-05
-0,007210365
0,02274192
0,02632421
-0,01957548
0,01554014
0,005401606
0,01764336
0,008132052
0,01815668
-0,003956377
-0,0322929
-0,02725909
0,01019314
0,00862252
-0,02460337
0,02285903
-0,02367633
0,0274065
0,01693783
-0,01294547
0,01367002
0,003753931
-0,01060326
-0,0007064827
-0,007563006
0,003891662
-0,01395533
-0,005826289
0,01364732
0,004510279
0,001898031
-0,001754353
0,02999442
0,01450715
0,001009012
0,02951957
0,0100348
-0,02491182
-0,02469077
-0,0267969
-0,01516649
0,02129118
0,01146025
-0,02791462
-0,0003203631
-0,005827529
0,0244459
-0,02209011
0,02731538
-0,002716636
-0,01523242
-0,005264284
0,003826865
0,003291324
0,01698794
0,01794233
0,002353963
-0,006671898
0,01649625
-0,02214086
-0,01459047
-0,01313266
0,02006013
-0,01707114
0,02407648
0,003333008
-0,02154799
-0,02859041
-0,01885773
-0,01891598
-0,01535997
-0,0282679
0,02419357
0,01472565
-0,02845989
0,02277455
0,02401512
-0,01177047
0,03010949
0,0287345
0,01223602
-0,02048003
-0,002096145
-0,0126197
-0,01230609
-0,02373738
0,02519815
-0,004880998
0,02646302
0,0106282
-0,00525509
-0,01829537
-0,01579925
0,02351141
0,01456088
0,02230063
0,02446012
-0,004667294
-0,02386996
0,02487631
-0,01544071
0,01900442
0,02297785
0,01425886
-0,02216507
-0,01872033
0,0001151418
0,01702849
-0,002009453
0,02203947
0,02387394
-0,01791565
-0,007789787
0,02061381
-0,0008460163
-0,02111924
0,02456394
0,007640532
0,0287626
0,0180901
0,008612721
0,01406223
-0,02419679
-8,490573E-05
0,01420605
-0,02726123
0,01745016
-0,02968164
-0,02736066
-0,01996533
0,02870256
-0,00144228
-0,01822737
-0,0270687
0,0119926
0,02200761
-0,01593773
0,01085497
-0,02476312
-0,02778384
0,004610895
-0,02284428
0,02408554
-0,02915136
0,01340051
-0,02155207
0,01468414
-0,007023409
-0,006981147
0,001868343
0,02651133
-0,01431383
-0,006682378
-0,01673139
-0,01528343
-0,001297665
0,01319798
-0,008922683
-0,03284368
-0,02599585
-0,007939804
-0,002304306
0,01157861
-0,009599159
0,0259533
-0,002247832
-0,02736975
-0,006353488
-0,02128498
0,008117883
0,02727555
-0,01627558
0,003174416
0,02705287
-0,01595339
0,000595142
0,01917649
-0,02589988
0,01739085
0,005693347
-0,01177831
-0,006130478
0,007206023
-0,0004042238
-0,01911543
0,01151224
-0,02763155
0,02421182
0,01457583
-0,02151727
-0,02290917
0,0191927
0,00883311
0,02720854
0,004197235
-0,02678449
-0,007651749
0,002971432
-0,02595765
-0,01610427
-0,02568009
-0,0104019
-0,01888501
0,01396156
0,005429925
0,01469031
0,01145466
-0,003512211
-0,02965588
0,01568564
0,01010452
0,008741464
0,005764287
-0,00401055
0,02012546
-0,02594034
0,0246844
-0,01594209
-0,02081648
-0,0144042
-0,003101604
-0,02051944
0,01031515
-0,02821776
0,001786146
-0,02297733
0,004944548
0,005566244
-0,008343044
-0,01960912
-0,02248712
-0,01395331
0,02916436
0,00223979
-0,0007627675
0,0276617
-0,01971031
0,02156661
0,02222105
-0,004714441
0,02683272
0,003739274
0,02048486
0,02711736
-0,005659261
-0,004062125
-0,01981291
-0,01918157
-0,02493167
-0,0008633646
-0,02228349
-0,0235083
-0,008667774
0,01861178
0,01736323
0,02578709
0,008764154
-0,02008701
-0,01878637
-0,002807411
-0,02308186
-0,02386521
-0,0236733
0,0223803
0,0101415
-0,001964006
0,0130091
-0,02431352
0,02870526
0,02449712
0,02501752
-0,02675457
-0,006836065
0,01546555
-0,01081142
0,02379311
-0,009894103
0,01369867
0,007408313
-0,02439845
0,02611543
-0,00613097
-0,0008066701
0,02143833
-0,02968044
0,02993416
0,02317525
-0,02163419
0,01332062
0,003147691
-0,0139221
0,02879133
0,007095231
-0,008403509
-0,01646351
0,01700994
-0,005498278
0,02678117
-0,01415906
0,02598621
0,01312487
-0,02556676
-0,01877179
-0,01725769
0,005222632
-0,0244995
0,01339254
0,006332399
-0,0003767305
0,02394025
0,005114889
0,02662036
0,002940412
-0,02223684
0,004725785
0,01802232
0,01114767
-0,01270942
0,02350728
0,0113227
0,005584291
0,004167381
-0,006806771
-0,00463574
0,007228485
0,02603075
-0,003467491
-0,02818173
0,001319499
0,001750633
-0,001658906
-0,006727317
-0,003100982
0,01113376
-0,008057327
0,02024279
-0,01971037
-0,01406377
-0,01526871
0,02418495
-0,01536479
-0,0153497
0,007187637
0,01735452
0,02743337
-0,01089781
-0,005721166
-0,001890723
0,0166582
-0,003585735
-0,02363764
-0,02254967
-0,02771678
0,004669474
-0,00992078
-0,02103799
0,01161896
0,01670028
0,004718932
0,009264311
0,01014077
0,0128064
-0,0237618
0,03008743
-0,002358761
-0,01669962
0,001317071
0,02435693
0,01743086
0,01539886
0,007214638
-0,005072257
-0,02726416
0,03001704
-0,003594186
-0,009095567
0,02765826
0,006545969
-0,0007058121
-0,01143943
0,002268134
0,0286818
-0,01481445
-0,02561958
-0,005298391
-0,00992242
-0,01032585
0,02154495
-0,00981157
-0,01775011
-0,02300721
-0,00758633
0,01014558
0,004446238
-0,01667764
0,001533772
-0,02182004
0,00740552
-0,01129686
0,01246502
0,01754241
0,0002571471
0,01125377
-0,0295235
0,01931722
0,01197369
-0,02529461
-0,02721778
-0,02188222
0,02979528
-0,01817423
-0,02387197
-0,01142013
-0,01249056
-0,02136582
0,01244201
-0,001423792
-0,02755886
0,005995006
-0,02173986
0,0245994
0,01057439
0,004408892
0,005459133
0,008432597
-0,01502355
0,01530609
-0,00144346
0,01643801
0,02546145
-0,01716138
-0,009849257
-0,01246141
0,01657958
0,0009138444
-0,02807389
-0,01295006
-0,01622547
-0,01498045
0,01262018
-0,01543866
-0,01429028
0,01215405
-0,01000663
0,02996956
-0,02958369
-0,02660525
-0,007758165
-0,004445704
0,001385374
-0,02671598
-0,02441821
-0,02854967
-0,01944795
0,01879541
-0,02238496
0,02584726
-0,02431287
-0,006837125
0,00520992
0,02802662
0,007340149
-0,01195227
-0,01557941
0,01786
0,0235195
0,01989508
0,003325348
0,0175825
-0,02319704
-0,004309682
-0,01525175
0,01804852
0,02386647
0,02443437
0,008939708
0,02890131
-0,01590209
0,005604774
0,007807782
-0,0185696
-0,007326288
-0,027339
-0,01515188
0,02204621
-0,02287766
-0,01156678
-0,02315159
0,02791994
-0,006775734
-0,02396566
-0,01928671
0,0208292
0,01077211
0,01512246
0,007292372
0,02797919
-0,002316911
0,002968518
-0,0231464
-0,01840248
0,001087657
0,005599055
-0,01101441
-0,02431945
0,01925042
-0,01199276
-0,02155509
-0,01320718
-0,01958969
-0,02042822
0,01252116
0,001249212
0,01642001
-0,006349467
0,005578583
0,005069084
-0,02667843
-0,0070467
0,01060413
0,004794799
0,01287261
0,005784441
-0,00571995
-0,02917579
-0,01499253
-0,005529533
-0,02266257
-0,02133523
-0,01297597
0,01131711
0,0009133327
0,01155995
-0,001522143
-0,003853878
0,01089308
0,01761758
0,01417287
-0,0210661
-0,02733592
0,01945302
-0,02002021
0,02054523
0,01747653
-0,0163335
-0,005943442
0,009909068
-0,02561141
-0,01280771
-0,02025189
-0,02760711
0,02479394
-0,02517601
0,02306624
0,00295781
-0,0006170897
0,02587929
-0,01863491
-0,01156829
0,02156739
-0,004985494
-0,01903119
0,03046485
0,0305602
-0,0001680131
0,009333445
-0,02906772
-0,0272237
-0,009809066
0,01325625
0,0184205
0,02144937
0,02499968
-0,009692955
0,02176059
-0,005256927
0,02283443
0,01890955
-0,01945233
0,007234428
0,005556213
-0,01006789
0,02064535
0,02950275
-0,01538202
0,01709943
-0,00399957
0,01907375
0,026074
0,02727065
0,01552924
0,006196035
-0,004153181
-0,01200549
0,008345551
0,008485384
-0,01986244
0,02072228
-0,01219069
0,005091297
-0,006783913
0,007093237
0,01492738
0,004695908
-0,007981913
-0,01844378
0,03047562
0,01518932
-0,02866719
-0,02171691
0,007292415
-0,02289057
-0,02913548
0,01171351
-0,01395494
-0,02497272
-0,009086245
-0,02907538
0,01585375
0,01319011
-0,01682016
-0,01757075
-0,02262057
-0,006484796
0,02827489
-0,01782942
-0,004414031
0,006990665
0,01254093
-0,01676553
-0,01542055
-0,02792151
0,001062836
0,006028758
-0,01602131
0,02905007
0,005638917
-0,01400325
0,007517052
-0,02693805
0,01724273
0,0113597
0,01771943
0,01779347
-0,01001128
0,008441498
0,005336605
0,01475857
-0,02799502
0,003332409
-0,01241998
-0,02076801
-0,02513018
0,005232244
-0,008064052
-0,01917773
-0,0002534954
-0,008661511
0,006933608
-0,02021141
0,01654571
-0,006531892
-0,02730585
0,01871855
0,02430906
0,005208907
0,006628154
-0,004565702
-0,002275469
-0,01245978
-3,306055E-05
-0,02507543
-0,005990761
0,01278552
0,0265509
0,002435375
-0,004690709
-0,009799071
-0,02647014
-0,010172
0,00743953
0,0114372
0,004987159
-0,02080454
