-0,003242864
-0,008228805
-0,02402285
0,01967122
-0,02031955
0,02841355
-0,01617788
-0,02236338
-0,02711256
-0,004441487
-0,01516077
-0,0006164134
0,01342124
-0,001065648
0,01223612
0,02938789
-0,0003614032
-0,01994926
-0,002467565
0,006745745
0,006244301
-0,01901819
0,02800588
0,02313389
-0,01851054
0,01066621
-0,01242365
0,02018918
-0,02682337
-0,02189725
0,01820324
0,010928
-0,01714308
0,02699205
-0,0136548
0,02922713
-0,0003008871
0,02671738
0,02205508
0,02334843
-0,028305
0,002510835
0,02279507
-0,02868311
-0,0129817
-0,01049525
-0,0002653802
-0,02523525
0,004867837
-0,02911387
0,001850902
0,001545253
-0,02847365
-0,002414944
-0,02761371
-0,01431279
-0,007542579
-0,0160643
0,008030151
-0,001337217
0,01378268
-0,005584553
-0,02425905
0,02686452
0,006775921
0,003496303
-0,01425988
0,0174512
-0,01612735
0,01730154
0,003624674
0,003685386
-0,008844076
0,00635117
0,005143286
-0,0287306
-0,01007669
0,02636336
0,009627425
0,02185099
-0,01908132
-0,01212618
-0,01481131
-0,02698719
0,009646018
-0,01279366
0,006512493
0,01360087
0,02247492
0,023992
-7,708288E-05
-0,02053649
-0,01463841
-0,004920511
-0,01307837
0,01064108
-0,005151784
0,0280151
-0,005081808
0,01452671
-0,02709791
0,01396765
0,02261658
0,01476307
-0,005788548
0,02368768
-0,009245471
0,0007138026
0,02511378
-0,017109
0,03434497
0,0009252523
0,01073757
0,02299068
-0,01348436
-0,003932115
-0,02093482
-0,02069418
-0,008017268
-0,01208695
0,02178349
-0,007507735
0,01743372
-0,02357942
-0,01865348
-0,009912588
-0,003290037
0,02495747
-0,01164712
0,02070159
0,0203479
-0,009746938
0,002749633
0,01709837
0,01529696
-0,0002909884
-0,01550689
-0,003992616
0,00879031
0,01382853
-0,02176854
-0,01725045
0,02853543
0,02328141
-0,02715527
-0,02674782
0,005239698
-0,002754321
-0,01976901
0,02153828
0,003911631
-0,01415847
0,000489529
-0,0274083
0,01347436
-0,007442394
0,01625226
-0,004074478
-0,002659932
-0,01608879
0,01663222
-0,01808305
-0,01550215
-0,03339395
-0,004141239
0,0123104
0,02676103
0,01429363
0,02696388
0,01105964
-0,03934582
0,006848425
-0,001826835
0,002466468
-0,01747065
0,03538616
0,03889359
-0,004632657
-0,00113706
-0,003050759
0,04760263
0,02467092
0,002697982
-0,01262508
-0,02016685
-0,0180009
0,007880011
0,0126237
-0,005943853
0,009264743
0,007184738
0,02234822
0,04711514
0,01437126
-0,0136749
0,03138763
0,02931163
0,01731988
-0,002282275
-0,005682817
-0,02421393
0,0208843
-0,01061834
-0,02369048
0,007935981
0,01482727
0,02341221
-0,02153379
0,002036984
0,02096174
0,0119019
0,01059076
-0,008541376
-0,007790604
-0,006340176
0,01934721
-0,0004673211
0,01038034
0,01093805
-0,0372209
0,003979351
-0,00964157
-0,0007355753
0,007163901
0,03933606
-0,002042671
0,006666915
-0,03679608
-0,01547021
-0,02791656
0,04297425
0,02541881
-0,01980438
0,00378999
-0,01823792
0,07840344
0,03250978
0,01894487
0,03972494
0,02170608
0,005690726
0,01037391
0,006171706
-0,01649664
0,01187875
-0,02155438
-0,003634603
0,009884832
-0,02186331
-0,004666223
0,0001271354
-0,01270746
-0,03735651
-0,03856521
6,241276E-05
0,01037494
-0,01055399
0,04621254
-0,02695853
-0,04169295
-0,01543213
0,01023167
0,002602998
0,0003671772
-0,03777286
-0,002213099
-0,05228117
0,01000164
-0,009363065
-0,02381994
-0,05679368
-0,04714816
-0,03136687
0,01754092
-0,00123956
-0,02674659
-0,02586062
-0,03575528
-0,0457752
-0,01242056
-0,01336666
0,01123627
-0,01336019
-0,0348567
0,03907749
0,06169873
0,07569516
0,04012709
0,06593169
0,1023305
0,04385681
0,002157162
0,03053917
-0,02649399
-0,02105443
-0,01542384
-0,01464178
0,01618924
0,02394253
0,01166965
0,02535066
0,03844932
0,03599308
-0,00680364
-0,07397833
-0,02826551
-0,01351458
0,05411278
-0,05310046
-0,06662267
-0,03563594
0,02202045
0,07842027
0,03283774
0,02739272
-0,002265248
-0,01932413
-0,006139207
0,04649055
0,01729309
-0,01354652
0,03387228
0,007206077
0,0627763
0,02997251
0,046114
-0,02990234
0,02736577
-0,06113229
-0,05944634
-0,004900903
-0,06547667
-0,0555282
0,003091496
-0,0305039
0,04145858
0,01389468
-0,05701978
0,04545026
0,08974012
-0,007069448
0,02116664
0,0391084
-0,02770757
-0,03688122
-0,01089129
0,01378612
-0,01677419
-0,01566087
0,0160151
-0,003136517
0,03227589
0,03073438
-0,02144358
-0,002419713
-0,004219448
-0,003996312
-0,03322197
0,006731147
-0,05117697
-0,03743728
-0,05978891
0,03618827
0,06329307
0,01755326
0,04432171
0,02507032
0,006858489
-0,002216791
0,02876392
-0,01131332
0,02040456
0,03029003
0,0114335
-0,02697001
-0,06692676
0,01599983
-0,05599844
-0,06494035
-0,04536244
-0,1245556
-0,06178254
-0,05694523
0,02664184
0,01030123
-0,01288798
0,03586517
0,05229006
0,03345057
0,01773198
-0,03210059
-0,0238617
0,02148756
0,02509041
-0,02911419
-0,01580307
-0,01148145
-0,02981561
0,001182695
0,001564096
-6,771104E-05
-0,02346842
0,01425623
-0,02713213
0,04928717
-0,008627129
-0,009939692
0,009351349
-0,04468947
-0,1321761
-0,01625296
0,02002005
0,002952209
-0,05738094
-0,05678696
-0,007569009
0,06193741
0,0227716
-0,01083446
-0,08072267
-0,03361906
0,02213622
-0,03067614
-0,08296055
-0,1080561
0,03619823
2,057949E-05
-0,01333718
-0,07727591
-0,1621554
-0,163387
-0,04088751
-0,0621799
0,1178101
0,07098234
0,04921087
0,08168471
0,0752776
-0,02050758
0,05207063
0,02940748
0,008689754
0,02440975
-0,005812932
-0,03642486
0,01540762
0,02215397
-0,01641582
0,01056306
0,01281484
-0,01409419
-0,01780661
0,04622274
0,04408266
-0,01810639
0,004335635
-0,02100903
-0,02952233
0,02297637
-0,03458412
-0,02250292
0,02915676
-0,05062338
-0,009012206
-0,005417476
0,005505674
0,00228051
-0,01782823
-0,005594342
-0,07706309
0,05304075
-0,02238106
-0,0546543
-0,09550382
-0,1352561
-0,05293249
0,02370616
0,06904283
0,05973659
-0,1353265
-0,0232649
-0,1007936
-0,05511463
-0,008890026
-0,01774209
0,06891815
0,002350878
0,01181289
0,004849768
0,02317579
-0,01870412
-0,03892212
-0,01211844
0,01716579
-0,03379094
0,01292397
0,02187151
0,04920236
0,005288403
-0,02616288
-0,002382785
0,02072263
0,00651957
0,07320811
0,02963202
-0,06875648
0,02168922
0,05137633
-0,04238615
-0,08799543
-0,00995556
-0,0547687
-0,02267157
0,02220691
-0,002929093
0,06631561
-0,01875052
-0,03387531
-0,05261749
0,05887599
-0,0007795502
-0,01361345
-0,01570816
-0,04683576
-0,1490746
-0,04489377
-0,03962406
0,08387244
0,04299103
0,00985553
0,02173546
-0,03974017
0,09771065
-0,03962836
-0,1099168
0,009815178
0,04054355
0,03799446
0,01637719
-0,04475772
-0,06825462
-0,05771589
0,02210832
0,02556195
-0,0229235
0,01453944
-0,02794415
0,03974988
0,04463861
0,01567971
0,001762112
-0,001727356
0,01253613
-0,02195576
0,03267426
-0,03748023
-0,1339035
-0,02382933
0,009813034
-0,01464466
-0,06834295
-0,07687247
0,003714539
0,01411637
0,05501694
0,009240183
0,002415407
-0,06499099
-0,03994614
0,0522973
-0,0004263844
-0,1576322
0,02805961
-0,0861685
-0,02954602
0,00327552
-0,07056694
0,009637957
0,03018823
0,08085968
0,0709079
-0,1031874
0,06939418
0,05347029
-0,004064612
0,01747803
0,09404848
0,009493121
0,01172282
-0,003859366
0,05924762
-0,0385637
-0,06326556
-0,03556551
-0,05780431
-0,01221846
-0,004908786
0,03307143
0,06182892
0,0009699421
-0,004906661
0,01804439
-0,039362
-0,04696522
-0,01238807
-0,08662353
-0,1015913
-0,03710889
-0,08663352
-0,007331474
-0,001198491
-0,09741222
0,06144842
0,05110054
0,05513818
0,07068948
-0,05608989
-0,005002639
0,00616919
-0,06928667
0,130681
-0,04803973
0,01994352
-0,1300822
-0,0287725
0,1086318
-0,09715954
-0,07242848
-0,03545388
0,01879805
0,01950506
0,01787563
-0,0292866
0,1053993
0,09819055
-0,08219942
-0,1867441
0,05627314
-0,02090951
-0,04269685
-0,08739883
0,04947642
0,009197769
0,01706122
-0,01320708
-0,002073711
0,02635662
0,06463198
0,06414119
0,04476895
-0,01758035
-0,002900759
-0,003415663
-0,03465357
-0,02171571
0,001249225
0,03611583
0,02527262
-0,03159594
-0,134266
-0,05381305
-0,07728709
-0,05199562
-0,04059997
0,01126681
0,07197791
-0,0670163
-0,03387804
-0,03387072
-0,0637769
0,01637756
0,03973107
0,06715789
-0,04515321
-0,009051772
-0,003567398
-0,1492938
-0,1203895
0,006952237
0,02816425
0,05381626
-0,02289244
-0,08029021
0,05032304
-0,04252252
0,08545578
-0,1139514
-0,01310332
-0,004782248
-0,006822252
-0,08836679
-0,05563368
-0,02105931
0,02361458
-0,04120425
0,03119869
0,02858385
0,03054636
-0,01459454
0,002528244
0,009833043
-0,01051513
-0,02036163
-0,0392619
-0,0185389
-0,07174929
0,03934072
-0,09927997
-0,04155465
-0,001946305
0,08861445
0,01405238
0,01314689
-0,1036143
-0,03344644
-0,01229131
-0,01781393
-0,06640229
-0,1128152
-0,04982272
0,04382015
-0,05178664
0,02096659
0,08176114
-0,02073952
-0,09081849
0,03439168
-0,07731985
-0,09601859
-0,003258911
-0,1514982
-0,02893956
0,05555075
0,08617932
-0,04802293
0,1162637
-0,09889168
-0,02820694
-0,02128616
-0,06455603
-0,1134669
-0,1284308
-0,08094919
0,001425341
-0,01241623
0,008379077
0,03428357
0,003863568
0,02858892
0,01813556
-0,0002328148
-0,03054458
-0,01852593
-0,0471558
-0,002036857
-0,01615247
-0,09016651
0,03562435
-0,06573222
-0,03429337
-0,008621641
0,106496
-0,0183447
-0,1309849
-0,06832202
0,008627046
0,02589715
0,06548456
0,004830423
0,08266055
0,02217878
-0,1283152
-0,1552037
-0,2039738
0,08254378
0,004938423
-0,00258867
0,003367866
0,09615738
0,01536454
-0,004757362
0,04154607
-0,001249825
0,03962257
-0,0616991
-0,07715781
-0,05896601
-0,07056645
-0,04855972
0,05629973
-0,07649653
-0,05855642
-0,04380205
0,008955618
-0,0600105
0,02545779
0,03799919
0,04398108
0,05289723
-0,001219037
-0,00625239
0,02453222
0,006599552
0,01334758
0,006437752
0,04391335
-0,008382564
-0,05237748
-0,00464554
0,03038066
-0,0968383
-0,1231783
-0,01527848
0,01128606
0,01763941
-0,03929194
0,04378519
0,09337489
-0,05836916
0,04958387
0,02560736
0,06481511
0,0992898
-0,02691372
0,02007385
-0,02873725
-0,2628058
-0,03275219
-0,1333909
-0,1010967
-0,05655345
-0,06875732
-0,1078612
-0,05941587
0,02876753
-0,02321546
-0,02638279
-0,02996855
-0,07038259
0,07740805
0,01815026
-0,03479917
-0,01464455
0,1097721
-0,03122441
0,03445026
0,03095794
0,08288365
0,04958075
0,03858324
-0,01563827
-0,01806903
-0,02721176
0,05829929
0,03222515
-0,03081962
-0,02176486
-0,1163383
-0,0185263
0,01629724
-0,1081795
-0,003894631
-0,01211306
-0,02485572
0,00252687
0,01180508
0,02081284
-0,00308299
-0,03187226
0,05966254
-0,07459935
0,1358742
0,1113753
-0,08266761
-0,0670749
-0,126519
-0,1577657
-0,1047554
-0,1059674
0,03115197
-0,02798513
-0,03319855
0,01593652
-0,07620982
-0,0387608
0,02052683
-0,1656422
-0,1049832
0,009680797
0,006252402
-0,001651763
-0,04635094
0,06127458
0,1148142
0,02791341
0,02720182
-0,03743301
0,04036392
0,02606372
-0,02131288
0,01353622
0,001234634
-0,01138444
-0,0003161831
0,005150082
0,01631544
-0,07703207
0,01898189
0,007656815
-0,04825602
-0,1465164
0,03677528
0,02483813
-0,04513441
0,02576963
0,2217484
0,03040894
0,009112127
-0,02148731
-0,003381241
-0,002061462
-0,09103435
-0,1916089
-0,101644
-0,004961915
0,1493088
-0,02560757
0,0479735
-0,1237431
-0,01859998
0,04562674
-0,08650792
7,578383E-05
0,05862555
0,09492954
-0,02273055
0,0002222163
0,02990112
0,02003984
-0,02437145
0,07476433
-0,02124867
-0,03010762
0,01824997
0,04450291
0,06187513
0,01057847
0,05332536
0,05733204
0,02236811
0,02415908
0,01105197
0,04190479
-0,01220269
0,0001145631
-0,01228901
-0,09407078
-0,0910027
-0,118394
0,004889561
-0,05734685
0,05103786
0,05474875
0,05068651
-0,1105554
0,1370313
0,08088998
-0,007237852
0,0001985881
-0,04843106
0,2191613
0,04806816
0,1177363
-0,07255106
0,06594753
-0,04511806
-0,04299765
-0,07287101
-0,09740852
-0,02994246
-0,1623358
-0,02610829
0,1764274
0,03288652
0,1727231
0,0456763
-0,04529246
0,01432408
0,0524776
-0,01770841
0,08408456
0,1094741
0,1010632
-0,0003007785
0,005990336
0,02659054
0,002827312
0,04243807
0,04302582
0,01438843
0,01587966
-0,004470537
0,0253207
0,01657531
-0,06013677
-0,02269142
-0,0113012
-0,09460821
-0,1417724
-0,09006432
0,04226544
-0,00727693
-0,02143903
-0,03595775
-0,1483274
-0,054143
-0,07135127
-0,01236462
-0,03462904
-0,2335798
0,1151998
-0,05947268
-0,1568458
0,002109563
-0,01294144
0,1370879
-0,1413686
-0,1120532
-0,05764573
0,09898682
0,1836182
0,06975634
-0,03639165
0,1993133
0,1047229
0,04374462
-0,07669043
-0,0353993
-0,03929127
-0,1382745
-0,0320357
0,03777625
0,1383721
0,0479078
0,05511991
-0,0265812
0,005757629
0,07137291
0,02444748
0,02284872
0,02022422
0,01880973
0,01378665
-0,02021507
0,01461798
0,03700494
0,03706499
-0,03099327
0,02116128
0,00813683
-0,09692373
-0,04570458
-0,05734853
0,03658426
-0,06391519
0,02568081
-0,0814266
0,184096
0,2193947
-0,07936914
-0,06212554
-0,1190142
0,07964508
-0,01367464
0,1015983
-0,05931711
-0,02612289
-0,07515237
-0,01952608
-0,07819815
-0,02019977
0,04384584
0,0682044
0,1182501
-0,02342993
-0,1088398
-0,06096954
-0,1027702
-0,02939926
-0,1523738
-0,02348886
-0,008844333
0,04922111
0,00571296
0,08267168
0,01441055
0,04824198
0,03618674
0,0509004
-0,0278706
0,006673377
-0,02149593
-0,000943776
-0,005372028
-0,01191586
-0,04681084
-0,03209189
-0,03693025
0,113814
0,07449958
0,03020403
-0,1219555
-0,08903795
-0,02615583
-0,002609196
-0,07242897
-0,04430967
-0,0726693
0,03307575
-0,04276338
0,03468591
0,1551233
-0,04238531
-0,08175229
0,01283715
-0,1435521
-0,05500211
0,05346563
-0,03066354
-0,07763557
-0,001387616
0,05663665
-0,07495025
0,02955483
0,174281
-0,0472912
-0,04692654
0,01587631
-0,0466734
-0,06729049
-0,03954104
-0,08186626
-0,09031058
0,01380211
0,03132129
-0,04282155
-0,01616244
0,02288507
-0,01803311
0,01257192
0,005407218
0,01262828
0,0001678661
-0,02898018
-0,06189006
-0,02674743
-0,04138342
-0,01568219
0,002332871
0,08232247
0,05977876
-0,02922353
-0,09946577
0,01814785
-0,0198657
-0,182921
-0,003448633
0,0142913
0,1259518
-0,1019253
-0,02124023
-0,1316571
-0,09447137
-0,008420427
-0,04105859
-0,07483644
0,07708299
-0,01131305
-0,09867761
0,2042359
0,08801592
-0,04706917
0,004448691
0,02248436
-0,1689851
0,1073956
0,07591965
0,01117466
-0,1253961
-0,01292095
-0,06463492
-0,03383289
0,01882577
0,1309224
0,03187645
-0,1137158
-0,05743928
-0,04175807
0,01921772
0,02571585
0,0230138
0,002102704
-0,04156034
-0,01892897
-0,003497544
0,06080573
0,057902
-0,03907687
0,01002103
0,03172618
-0,01252479
-0,1172323
0,07160289
0,1221744
0,08593176
-0,04437592
-0,06348208
0,0721627
-0,0004554519
-0,03905021
-2,529607E-05
0,009172389
-0,09267254
-0,05339399
0,1346751
0,1036148
0,04281404
0,05482049
-0,08826525
-0,1151054
-0,07323033
-0,0566175
0,08133709
0,09696905
0,07404282
0,07783734
-0,01466369
0,09555314
0,005126684
0,09231538
0,1029589
-0,04818409
-0,03182403
0,1118201
0,03399592
-0,07536906
0,006217825
0,01732515
0,0003281305
-0,007838403
0,006946191
0,03926823
-0,05954969
-0,005958047
-0,05235744
0,09849913
0,05653727
0,1378335
0,1474695
0,09792372
-0,06137727
-0,02416742
0,06867889
0,05409325
0,1015824
-0,05442685
0,08512616
-0,01422802
-0,2161554
-0,08354279
-0,05091119
-0,1068063
-0,00866852
-0,1034224
-0,080342
-0,03090579
0,002263942
-0,00571751
-0,01549612
0,02546952
0,167014
-0,04477987
-0,0149714
0,01355117
0,06953686
-0,00818103
-0,05275212
0,08957995
0,0802587
-0,02821134
0,02680766
-0,05818339
0,01982903
0,0363199
-0,04613181
-0,02485623
0,05604839
0,01396409
-0,01088337
-0,01778791
0,01120265
0,04285389
0,001199267
-0,04896797
-0,085822
-0,0280951
0,02363171
-0,01662145
-0,03115093
-0,05627373
-0,06126021
-0,09150216
-0,09490241
-0,1118423
-0,06389691
0,02256771
0,05076275
-0,06690016
-0,1421129
0,1137654
0,1466041
0,000460294
0,05228646
-0,1143173
-0,00213736
-0,05112138
0,0745597
-0,09782365
-0,09623537
-0,003385418
0,03333406
-0,0210183
0,1825789
0,06010481
0,1185616
-0,0256661
0,02018444
0,1355365
0,03344375
0,0132133
-0,06214411
-0,06525013
-0,005975204
-0,03919174
0,01385967
-0,07291498
0,03463613
0,01279935
-0,009173999
0,01264264
-0,02209468
0,01833479
-0,00753632
0,01046885
-0,02647062
-0,02602517
0,01065536
0,01765984
0,04181823
-0,008355069
0,02510179
0,1257844
-0,0651154
-0,04110712
0,02533303
-0,03257672
0,04851729
0,08154199
-0,05604285
-0,08525564
-0,1331866
-0,09414742
-0,01578687
-0,05995721
-0,05830878
0,08267218
0,100896
-0,04185466
0,04745902
0,03096637
-0,1296481
-0,0353896
-0,01335215
0,02401958
0,002794149
0,01309824
-0,01628508
0,1242251
-0,0009631432
0,0407031
-0,05549747
-0,09608542
-0,009328467
0,03003911
-0,01553743
-0,05324914
-0,002997473
0,02963009
0,001264379
0,008576602
-0,02472504
-0,009021318
0,00886393
-0,01356332
0,01314557
-0,001538928
0,1131188
0,1035009
0,06508519
0,001220492
0,02856392
0,03798699
-0,0199975
0,05789205
-0,06867719
-0,1486358
0,01398746
0,0289509
-0,0178522
0,05660541
-0,07446628
-0,1388008
-0,07596305
0,04477618
0,008783635
-0,05972529
0,00884618
0,03620339
-0,01692171
-0,01013219
-0,1904243
-0,07476293
-0,1010853
0,03108473
0,06701885
-0,09508698
0,03374232
0,04722792
-0,03755667
0,03242959
-0,04472792
-0,07125857
0,02265333
0,01248363
0,01607887
-0,02576514
0,0110815
0,04784654
-0,04266104
0,01458151
0,01347786
-0,04072542
-0,02805271
-0,0172775
-0,00507499
-0,03686069
-0,02146214
0,03490151
0,04667792
0,02384095
-0,07216017
-0,05462066
0,04856065
0,003942399
0,1851929
-0,06956073
-0,04877585
0,07475296
0,05409904
-0,01673028
-0,05964484
0,02130011
-0,006763783
-0,1003606
0,01796705
0,1051444
0,05274914
-0,07774115
-0,01871465
-0,03256306
0,06231834
-0,09478526
0,006032648
-0,02755841
0,04314701
0,04475443
0,01736158
-0,06224094
-0,08056665
-0,003423334
-0,06674651
-0,04686607
-0,01283743
0,05550021
-0,05848693
-0,05553515
-0,01227004
-0,0121183
0,01766365
-0,007111405
0,003298191
0,01316471
0,009652149
-0,0405713
-0,05074508
0,1061597
-0,001360003
0,00825423
0,07555365
-0,02016653
-0,044833
-0,08744286
-0,1782861
0,02473483
0,068555
-0,03284128
0,0464882
-0,07946692
0,1063527
0,004138977
0,05508302
-0,07126457
-0,1079913
-0,206851
0,05323547
0,01489938
-0,09795007
0,06829899
-0,1330342
0,06116882
0,02162123
0,08582477
0,09325936
-0,01536545
-0,08858065
-0,112936
-0,06310809
0,02731856
0,0006258764
-0,03629366
0,1016644
-0,009253411
0,04896301
0,07835202
-0,02810493
-0,02740464
-0,04299299
-0,009529257
-0,04235864
0,01829432
-0,01678853
-0,0275496
-0,03030723
-0,0585619
-0,0823492
-0,01084524
-0,01056757
0,03065082
0,09596685
0,08481037
0,1024754
-0,09334315
-0,1233482
0,1354028
0,1341638
-0,0582573
0,05282855
0,0310574
-0,05748069
-0,08513243
-0,05179679
-0,001763337
0,04666929
0,06779645
-0,1008313
-0,05993185
0,02853875
-0,05958979
-0,07677277
-0,05175399
-0,02600591
0,01886541
0,08108823
-0,005351124
0,02023515
-0,09433403
-0,05361116
0,02957802
-0,01708029
-0,1072997
0,07266024
0,08979345
-0,04833485
0,02663849
-0,07691025
-0,04927913
-0,0466885
-0,03431866
-0,006771454
-0,01071253
-0,01303904
-0,02876459
0,01109712
-0,07330931
-0,07835067
-0,05841342
-0,03681403
0,01015553
0,1311445
-0,08087016
-0,07519411
-0,03393658
-0,1023087
0,01825536
-0,04604164
-0,07034827
0,01600514
0,09581492
0,1581533
0,06317406
0,125251
0,105888
0,053859
0,1304744
-0,03553046
0,004126567
-0,1167372
-0,02965275
-0,01988189
-0,002846479
0,2568973
-0,07477892
0,02543944
0,01689852
0,01937092
-0,09900754
-0,04744977
-0,09037203
-0,005048883
-0,08321542
-0,05407643
-0,07747366
-0,005884438
-0,00319745
-0,02796547
0,002631136
0,03917645
0,03673087
0,007575765
0,005225612
0,009318608
-0,004628898
-0,03535023
-0,07814012
-0,1342882
-0,08044251
-0,1438516
-0,005820679
-0,04263911
0,002277751
-0,02376032
0,02699422
0,009048976
0,08517157
0,01666388
0,05756675
0,08370359
-0,1213269
-0,01732422
-0,0639637
-0,1124039
-0,003297294
0,08215978
-0,1635005
-0,1636101
0,07343585
0,07613432
-0,1823478
-0,1640941
0,0386048
-0,02984888
-0,05886409
-0,02309441
-0,08388601
0,10208
0,09117628
-0,02977197
0,0928248
0,05485922
-0,02755309
0,1244687
-0,0433728
0,01392923
-0,04682659
-0,04742309
-0,03356834
-0,007671704
0,03415162
0,001746278
0,01743791
0,005404452
0,003474724
0,0371026
-0,04459932
-0,02655914
0,009147383
-0,04641787
-0,125054
-0,03974183
-0,01928332
0,08728254
-0,02593816
0,05806151
-0,03305928
0,02350591
0,0262718
-0,03317387
0,1612076
0,07423317
0,1766342
-0,02832277
0,09305339
0,02895458
-0,04381236
-0,1096898
0,09914277
-0,1643017
0,02330162
-0,028272
0,1033174
-0,09124918
-0,1742899
0,009694226
0,06414784
0,0974509
0,03978674
-0,02196109
-0,02014301
-0,03523613
0,004713713
-0,01924601
-0,04726999
-0,008610955
0,06136302
-0,0308349
-0,03077693
0,03545827
-0,01813492
0,03836451
0,02785102
-0,007248625
0,0137631
0,02283754
-0,09100936
0,01367662
0,01304396
-0,03164003
-0,08051089
0,006049982
-0,04090355
0,1370733
-0,1090019
-0,0566405
-0,00993098
-0,1369404
-0,2208499
0,03133806
0,01401614
0,02707984
0,009048165
-0,0238975
-0,05847753
-0,009492149
-0,1670087
-0,09582327
0,03668787
-0,08048409
-0,09933748
-0,07463904
0,1363296
0,003247452
-0,2161619
-0,06180095
0,01035117
-0,1151863
-0,05839925
-0,04914345
0,08416699
-0,08330626
-0,004336643
-0,05883257
-0,05750779
0,004041742
0,03392002
-0,04555556
-0,05738747
0,009241803
-0,02459014
0,000986793
0,01543719
-0,006972548
0,01419295
-0,02698688
-0,04044518
-0,01665546
0,04796457
0,001346956
0,03643361
0,0235031
-0,05086209
-0,03830392
-0,08034934
-0,063977
0,02514713
0,06663676
0,02861485
0,01300764
-0,03827649
-0,07441907
0,0226796
0,1151618
0,01198166
0,01001511
-0,06005726
-0,05348112
-0,09402642
0,1553878
0,0006102293
-0,08743672
0,05459906
-0,08403998
-0,1654824
-0,04137773
0,05835371
-0,01290716
-0,08862505
-0,1017614
0,04030735
0,03504233
0,1516419
0,02539048
-0,08862726
-0,04245101
-0,02542834
-0,07386664
-0,03965539
-0,01908078
-0,02578537
-0,01657948
0,02839499
0,01806119
-0,03873183
-0,01067908
-0,03345821
-0,03012048
-0,0413009
-0,003819025
-0,014197
0,01769381
0,1262524
0,1557476
-0,1461941
0,02300707
0,04787427
-0,01681385
-0,1495024
-0,09182797
-0,0776806
-0,03091287
-0,07058499
-0,0942004
-0,1216165
-0,04910629
-0,1361703
0,1060122
0,001808251
-0,03506551
0,107787
-0,1103433
-0,07255834
0,05354564
0,06250642
0,01509222
0,05294565
-0,02310015
0,06114103
0,008147614
0,08590827
-0,04338175
0,004762575
0,03106206
-0,03873632
0,05629512
-0,01848387
-0,06851511
-0,0001363225
0,03973557
-0,02648047
0,02503291
0,04582087
0,01002028
-0,001522856
0,028951
-0,01082202
-0,02383776
-0,1103787
-0,08778766
-0,1479631
0,03758328
0,07400856
0,07295384
0,01198685
-0,01708912
0,1101725
-0,03222763
0,02187139
0,03099356
-0,0849134
-0,09775863
-0,08060103
0,003578422
-0,08997676
0,08913298
-0,02574893
0,06509998
-0,0367478
0,02107979
0,07567744
-0,03155977
-0,03668833
0,04310859
0,08017648
0,1395849
0,161359
0,08853061
0,06569543
-0,02555156
-0,0676381
-0,08128767
-0,04460149
-0,007912656
-0,1107728
-0,01480385
-0,03182318
-0,04543098
-0,07612471
-0,01177411
0,01250723
0,01919218
-0,01279033
-0,01615314
0,03641177
0,0254915
0,001859231
0,04325643
-0,1021393
-0,09903701
-0,1861771
-0,01939092
0,0318855
-0,01010618
-0,0647997
-0,1099598
0,132237
0,05387534
0,008677621
-0,06714252
-0,05122155
0,0412314
0,02512959
-0,12507
-0,125447
-0,03085755
0,1258065
0,1215528
-0,03349428
-0,06111634
-0,01165479
0,0942413
-0,06006166
0,02895544
0,02295092
-0,09482127
0,08331066
-0,06701415
0,06508663
0,09974919
-0,00704605
0,01248457
0,03631346
0,04671175
0,1093826
-0,0306207
-0,0521776
0,01692018
-0,006947936
-0,05342737
-0,03026309
-0,01533339
0,01945853
0,009337953
0,007018583
0,005689912
0,001355304
0,1169698
0,01103294
0,096172
-0,02243327
-0,01355154
0,03194549
-0,1246804
-0,04344802
-0,03109662
0,0413254
0,02870664
0,0813437
0,009964951
-0,01908167
-0,01552461
0,04866755
-0,1253422
0,0771842
-0,09446265
-0,03192253
-0,007527229
0,1324308
-0,0465177
0,01183067
0,03983145
0,02412369
0,1668778
0,00214969
-0,03988146
-0,01123906
-0,01881878
0,0210376
0,01477213
-0,02968781
0,08338778
0,01312212
-0,06000651
0,07104909
0,03955742
0,02156226
0,02128412
-0,009208421
-0,07871932
-0,007409419
-0,01602328
-0,03392351
-0,008852938
-0,02250015
-0,04372544
0,004865436
0,006260819
-0,06112924
0,0423545
0,007818433
-0,1299104
-0,04176836
0,01728023
0,01465927
-0,08653082
-0,01993002
-0,05182119
0,03507085
-0,03843018
0,05957455
0,07594589
-0,0088686
-0,1214742
0,02952255
0,01734291
0,09062281
-0,1735663
0,2243709
-0,0007671242
-0,01587786
0,07086684
0,007311524
-0,02832852
0,004796437
0,145673
0,1536137
0,163336
0,03178039
-0,02809081
0,1202469
-0,1350774
-0,009658598
0,0565333
-0,07300201
-0,02101444
-0,004447301
0,0254843
-0,05807855
-0,05934181
-0,04878226
-0,01795378
-0,0330879
-0,02640232
0,01247109
-0,01887433
-0,01884169
0,0101781
-0,06089453
-0,0230479
-0,01856786
-0,0284297
0,0953204
0,005648552
-0,0370296
-0,1212631
0,007858738
0,0783471
-0,1552729
-0,02869913
0,01720697
-0,2080591
-0,04384734
-0,002112704
-0,06362765
0,02569938
-0,2294106
-0,1342523
-0,05413025
-0,03081129
-0,01646188
-0,06307656
-0,0864125
-0,09608837
-0,06704028
-0,04937254
0,146069
-0,02947353
0,06225651
0,01577622
-0,007524978
0,07968789
0,1060627
0,003137226
-0,04768155
-0,06399495
-0,01449267
0,009725063
-0,02227911
-0,05121057
-0,0314368
-0,03292116
-0,01327402
0,005144463
-0,0276633
-0,05294243
-0,07308584
0,03054976
-0,004628415
0,02941262
-0,02302046
0,1154272
0,005530688
0,03597943
-0,06482934
-0,009721315
-0,09519703
-0,006934544
-0,1740155
-0,05178213
-0,08079596
-0,09920801
-0,03613264
-0,09592374
-0,1869523
-0,0933916
-0,02803482
0,001892698
-0,1503223
0,0437974
-0,03562022
-0,1484526
0,000279524
0,02356324
-0,01373648
-0,04658616
-0,0690722
-0,04008122
0,02054162
0,1058775
-0,03195864
0,04197304
-0,01467921
0,04538434
-0,03943694
-0,09467782
0,08392148
-0,01646978
-0,058794
0,004826381
-0,001512723
0,0081096
0,02368409
0,01777793
-0,0291454
-0,04640967
-0,06992267
-0,1384072
-0,06315348
0,1188086
0,09670522
0,08959911
0,06246768
0,1166589
-0,0931388
-0,08166174
-0,1041215
-0,00633764
-0,02191252
-0,05088737
-0,1000826
0,001236312
0,02804435
-0,1107832
0,05292305
0,02961755
0,08501177
-0,0749236
-0,05499102
0,01533194
0,01965467
-0,07173903
-0,06320941
-0,2205783
0,1009788
0,03338704
0,05970833
0,1099484
-0,04561843
0,05855031
-0,03518252
-0,004378509
0,002887999
-0,006981398
-0,01208331
0,02773114
0,1155707
0,05616815
-0,04161705
0,008336143
0,0002379287
0,0136917
0,02841517
0,001873434
0,05398739
0,008892738
-0,151607
-0,08633438
0,03947482
0,1448745
0,0935386
3,075367E-05
0,1471684
0,3115948
0,03557023
0,03015303
-0,01643234
-0,1251246
0,04495905
-0,01953161
-0,09866355
-0,0006174108
-0,02097482
0,06214155
-0,0402118
-0,1087173
-0,1355092
-0,05201364
-0,1504031
-0,2592832
-0,1729481
0,03358179
-0,1412685
-0,006286418
0,08396556
0,07231004
0,06781362
0,1539481
0,07478958
-0,01239275
-0,01591253
-0,05771064
0,1806555
0,02266524
0,1257507
0,009674963
0,1128893
0,002328943
0,0371119
0,03675925
0,01720078
-0,03433474
0,006133701
0,007000842
-0,02898158
0,01017632
-0,04313976
-0,02428713
0,04420345
-0,007132314
-0,02414306
0,01024088
0,07201135
0,02718512
0,0633054
0,100845
-0,08784156
-0,1527997
0,1290541
-0,1495628
-0,177841
-0,1778749
-0,1308164
0,05883524
-0,02702543
-0,1334544
-0,05635312
0,01520784
-0,03161225
-0,1380503
-0,002516401
-0,04482302
-0,0647537
0,05067811
0,06140158
0,02279828
-0,1252782
-0,02347796
-0,08165005
0,01086327
-0,06780686
-0,1126596
0,1156505
-0,07009843
0,03248527
-0,004000789
0,02741175
0,04438704
0,04039745
0,01359575
-0,02930675
-0,03275489
0,004625287
0,01465928
0,0005453225
0,01697167
0,02389478
-0,06060033
-0,04317744
-0,04688414
0,0794615
-0,04908501
-0,03817885
0,165161
-0,01903003
0,01811405
-0,0460756
0,05089798
-0,04254336
-0,04192432
-0,1693836
-0,08783287
-0,2167966
-0,1542123
-0,1088256
-0,09471747
-0,196669
-0,02812184
-0,1994011
0,130735
0,01582558
-0,1619802
-0,07804327
-0,05949149
0,123291
0,04781531
-0,08800834
-0,0710991
-0,03350953
0,009710879
0,003324678
-0,1242339
0,02421622
-0,007006642
-0,01439882
-0,01536373
-0,005155995
-0,0320424
0,02896996
0,05238758
0,02746532
-0,01773469
-0,02365266
-0,003699695
-0,009652302
-0,03139165
-0,0957389
-0,06573152
-0,1233289
-0,1425634
0,03550088
0,04283163
-0,0223044
-0,0810933
-0,0445445
-0,06753252
-0,02382952
-0,1267146
0,003159063
0,00997638
-0,05966439
-0,1221043
0,06060003
-0,02210763
-0,1970618
-0,1077075
-0,01905914
-0,00208924
0,02944729
0,06857049
0,07826344
-0,1097723
0,0544276
-0,07187353
0,0384541
-0,04751019
-0,08192363
-0,03347028
-0,1322182
-0,2289494
-0,07538752
-0,1163621
-0,02282473
-0,05202923
-0,05934273
-0,07944703
0,03456256
-0,02318715
-0,01310808
0,01695628
0,02574547
-0,01762084
0,01427349
0,001285898
0,02852929
0,004103025
-0,03336142
-0,07596271
-0,09971806
-0,02843215
0,06554496
0,09635417
0,1389491
0,06400584
0,0245629
-0,06305714
-0,1171591
0,05975229
-0,02557455
-0,09610231
-0,03354
-0,1781958
-0,005129542
0,01111829
-0,06074439
-0,1256652
-0,1425604
-0,08866776
-0,03867279
-0,009673033
0,06840605
-0,1220842
0,03976421
-0,1482347
0,117437
0,0007971533
-0,03419016
-0,1187734
-0,04688148
-0,03272069
-0,1473524
0,04239129
0,00932066
0,07520748
-0,01823148
0,002690275
0,01720128
-0,01784536
0,03290055
0,03001208
0,02860014
0,009983331
0,02038201
-0,01368733
0,002230297
-0,02941585
0,05341833
-0,02376324
-0,07210332
0,01402613
0,1026214
0,06138576
-0,02593648
0,01950341
0,05357723
-0,00802526
0,01364116
-0,07696616
-0,04647638
-0,167377
0,03194793
-0,1620369
-0,05619715
-0,1137401
-0,07196514
0,1006775
-0,06274039
-0,0397564
-0,08583561
0,08300278
-0,002259796
-0,2376418
-0,2268904
-0,09071438
-0,07482149
0,02199088
-0,01851503
0,07929965
-0,06098343
0,0005103498
0,07967249
0,04653148
0,01834251
-0,004462772
-0,06954661
0,04283911
0,1265887
0,06326269
0,06033536
0,05477146
0,04417609
-0,0002961426
0,002127136
0,02604549
-0,07190268
-0,03946979
-0,03581518
-0,09508443
-0,04093988
0,01072093
0,05805394
-0,02135012
-0,04268013
0,02025599
-0,0593063
0,01420252
0,04757705
0,02340876
-0,03928245
-0,002036452
-0,05918907
0,09847309
-0,1865039
-0,06045578
0,1367311
0,08203184
0,1520601
-0,08487984
-0,03885566
-0,01719392
-0,09025677
-0,09211813
-0,1682735
-0,1313877
-0,0663844
-0,2617314
-0,01337348
-0,07087222
0,003174446
-0,0267624
0,01684636
0,04246347
0,001910699
-0,07716256
-0,001345111
-0,01528732
0,06346522
0,04255982
0,02119332
0,05461452
0,01259017
0,03789249
0,03878342
0,00498307
-0,03819796
0,006319826
0,04293215
-0,06617232
0,01795272
0,02840137
-0,0441777
0,04047029
0,04754684
-0,04858892
0,1217476
0,01702451
0,05775844
-0,1032755
0,05101845
-0,06211888
-0,02324413
0,008411093
-0,1309616
-0,0553607
-0,05154007
0,0779551
0,009232902
-0,03104307
0,05605657
-0,134286
0,003370377
-0,1273896
-0,1385559
-0,09694333
-0,1955953
-0,1770145
-0,1757682
-0,0603809
0,05260235
-0,05308504
-0,0271673
-0,01930412
0,03518117
0,1454138
0,06785443
0,05452009
0,06893134
0,03935736
0,04556103
-0,003666182
0,006742347
0,04501369
0,03188227
0,001437476
-0,01522139
0,03818484
-0,0371672
-0,004275545
0,03467537
0,0718163
0,06743941
-0,005317916
0,04889854
0,0160111
-0,06892675
-0,07682014
-0,0002703086
0,1161455
0,04300761
0,2003766
0,1471375
-0,02642377
-0,02412657
-0,001544755
0,1165298
0,02815637
0,01994301
0,05385764
-0,05666482
-0,399434
0,03225029
-0,1029496
-0,1204171
-0,1899083
-0,003345105
-0,231131
-0,2699932
-0,1189933
-0,05597655
-0,1018572
-0,03454963
0,06146146
-0,01742237
0,05493324
0,04815561
0,05138923
0,06817313
0,03478153
-0,01352915
0,001162065
0,03508724
0,04327353
-0,008164087
-0,01516117
-0,009535199
0,02334862
0,04686777
-0,06686686
0,02174421
0,05221036
0,1369842
0,1116409
0,07770255
0,09638957
-0,1126699
-0,06368123
-0,03105972
0,05575838
-0,009215116
-0,04953451
-0,1289806
-0,02588621
-0,1211217
0,04679417
0,06994491
0,1879088
0,02044743
-0,04622924
-0,05341578
-0,203693
0,02715853
0,03867323
-0,09202923
-0,09992368
-0,1720483
-0,289595
-0,2298774
-0,2035586
-0,04184026
0,06446283
-0,04945686
-0,05499893
0,01481629
0,1826793
0,07003718
-0,01484061
0,04233856
0,03589578
0,01361914
0,03280999
0,02957053
0,01715174
0,02423456
-0,02545102
0,0005908094
0,03946948
0,09813079
-0,05358161
0,1544862
0,06253929
0,04143783
0,04679634
0,03527332
-0,03136917
0,1177979
-0,004467361
0,05454164
-0,003726087
0,1014236
-0,06093566
-0,08149857
0,07290515
0,06421009
0,07675413
0,1206668
0,1437246
-0,06717634
-0,00748308
0,01292086
-0,1375839
-0,1202002
0,02893651
-0,2352058
-0,1939661
-0,2268924
-0,300494
-0,2093002
-0,1972893
0,1353355
0,04229183
-0,0985381
-0,06516767
-0,003242128
0,03692727
-0,003441772
0,0386987
0,04353334
0,0421478
0,02310605
-0,01241532
-0,007846303
0,006608318
0,02536067
0,02255542
0,01823453
0,01921518
0,03267379
0,01586035
0,08507403
0,09097639
0,1073897
0,06526128
0,05877604
-0,05483828
-0,002746785
0,01281856
0,01245109
0,03528776
-0,1420903
-0,02172805
0,121711
0,0978754
0,107995
-0,1745158
-0,0003111102
0,2340975
0,1934308
-0,002392503
-0,1560236
-0,1121721
-0,1501081
0,02629965
-0,08002102
-0,142581
-0,3076706
-0,2968699
-0,2116369
-0,1382801
-0,0736168
-0,04110774
-0,02410073
-0,05905067
-0,04556435
0,07498109
-0,006095653
-0,06569649
0,02548978
0,04580003
-0,02310569
-0,002978283
-0,018974
0,02064579
0,00762475
-0,006033514
-0,01363285
0,0180448
0,0819859
-0,0251603
0,1452188
0,05501148
0,02789765
-0,0143327
0,08150358
-0,03357752
-0,2317667
-0,01545518
0,08860519
0,1066122
-0,0572264
0,007362874
0,2080229
0,02733903
0,05549321
0,02192363
0,08686407
0,1488028
0,1098404
-0,05038447
0,08305897
-0,1481349
-0,2631265
-0,2172187
-0,1487657
-0,07971375
-0,496725
-0,4244491
-0,2642291
-0,07263428
-0,110836
-0,03591739
-0,008925249
-0,02117673
0,04118837
0,1274506
-0,114745
-0,1171558
-0,009667234
-0,0135979
-0,01928917
-0,01826607
-0,01069076
0,01909678
0,004858312
0,02603032
-0,02737157
-0,08874249
-0,01541514
-0,06808771
0,07150041
-0,03360159
0,03021711
-0,08835853
-0,04595207
-0,04634196
0,0230283
-0,028902
0,05083902
0,05748438
-0,03491586
0,07067606
0,01663796
0,0699672
0,199329
0,1563171
0,03615331
-0,04811504
0,2520122
0,1438705
0,1097117
-0,1692201
-0,3318332
-0,2282669
-0,2716192
-0,08877319
-0,6096705
-0,3963122
-0,4784707
-0,3765082
-0,2502242
-0,02675323
-0,05642417
0,02622699
-0,05049005
0,01152054
-0,04064546
-0,01112537
-0,04897201
-0,04968709
-0,03965933
-0,0257693
-0,007080196
-0,02649768
-0,0263475
-0,03014371
-0,01664407
-0,02485079
-0,0265889
0,01463008
-0,01824571
0,08894414
-0,007144427
0,004956833
0,03622825
0,01030092
-0,02757476
0,119696
-0,006792482
-0,1320521
0,01593248
0,1178134
-0,1594286
0,05292696
0,2568032
0,1825766
-0,04669083
0,1525386
0,2189207
0,1265467
0,1087247
0,146106
-0,03162048
-0,1388873
-0,1047437
-0,3044694
-0,3919064
-0,4091477
-0,4368598
-0,1886586
-0,03201352
-0,148152
0,006714614
0,05096864
-0,06258331
-0,01706261
-0,003225376
-0,02930748
-0,01431692
-0,1010698
-0,101939
-0,03978725
0,01308832
-0,02454587
0,007022979
0,001743026
0,004136511
-0,002486021
-0,03063352
0,02582352
-0,05244204
-0,01877335
0,08017413
-0,005414419
0,02786502
-0,03194094
-0,06111678
-0,05483303
0,02208341
-0,003987996
-0,04503779
0,05104208
0,05101376
-0,06805084
0,1728711
0,03720689
0,05459596
-0,05436128
0,07993405
-0,005554466
0,1567411
0,1094208
0,03225353
-0,1510147
-0,1506776
-0,2443017
-0,3153231
-0,448888
-0,4357847
-0,1939803
-0,102098
-0,0990549
0,05780192
-0,04823815
-0,06247348
-0,006157428
-0,04675641
-0,06989899
-0,09330686
-0,05759691
-0,09772839
-0,0631789
-0,006690651
0,01301118
-0,01029214
0,0145567
-0,01871433
0,01234975
0,007009057
0,0469924
-0,03161489
-0,08376557
0,02508741
-0,0514565
-0,02945856
-0,01876092
-0,003099347
0,008733816
-0,01241204
-0,0926862
-0,06831031
0,1390619
0,195741
0,09513013
0,1914835
0,001566282
0,0005449804
0,1552645
0,1202632
0,3547509
0,1300283
0,1449858
-0,04442888
-0,03470765
-0,1490275
-0,233312
-0,2387738
-0,280918
-0,4617115
-0,4400348
-0,2418316
-0,04048445
-0,09139574
-0,1007982
-0,0849901
-0,1889876
-0,1244638
-0,05337174
-0,1039003
-0,1192085
-0,1151151
-0,05757776
0,00733535
-0,03507723
-0,006116203
-0,004005321
-0,01577237
-0,04913848
-0,05873465
-0,01041403
0,06505486
-0,01208299
-0,01542763
0,1367601
0,03448251
-0,07644038
0,04354141
-0,03343353
0,1692364
0,1682641
-0,00502837
0,01465476
0,1866603
0,1526998
0,1388851
0,02671722
-0,1637638
-0,1207795
-0,0007791579
0,1087164
0,1829385
0,1530214
0,03783173
0,01158335
-0,1610122
-0,2192778
0,000691081
-0,2982153
-0,2984537
-0,416675
-0,1379658
-0,1252986
-0,2165688
-0,04625686
-0,02788665
-0,1441128
-0,01660141
0,02116009
-0,07256723
-0,1275408
-0,1037123
-0,03928824
-0,03239065
0,01959838
-0,01408262
-0,0116432
-0,02568488
0,0005839249
0,03317581
0,01124643
-0,05253369
0,0004614196
0,0320021
0,01840742
0,1104075
-0,1778778
0,01039922
-0,007709204
-0,003673358
0,1284681
0,1422318
0,1413301
0,02319296
0,07080442
0,08258735
-0,02642998
-0,04413678
-0,009794282
0,02871995
0,07375834
0,007583988
0,1291176
0,156442
0,2305831
0,01977579
-0,1886484
-0,1978026
-0,1880393
-0,08769748
-0,2965842
-0,2811854
-0,1623945
-0,1162865
-0,07223401
-0,01740806
-0,1244575
-0,1226563
0,01680451
-0,01686569
-0,01988363
-0,03979909
-0,04361675
-0,001735803
0,002148717
0,009907574
0,02853013
0,0361166
-0,001063287
-0,008298081
0,063415
0,04756347
-0,06799193
0,04596936
0,02704692
0,08151817
0,07018363
0,09248221
0,01692484
0,0005505205
0,07338663
-0,05390144
0,06784932
0,01654875
0,1037097
-0,0508903
-0,1094766
-0,02501704
0,1010908
-0,05318049
0,2085688
0,1744478
0,1938645
0,04875984
0,06873609
-0,02138562
0,01274181
-0,1195517
-9,161064E-05
-0,06094161
-0,1651768
-0,1398141
-0,04162374
-0,03139792
0,03804174
-0,07781503
-0,1035541
-0,1772244
-0,02164652
0,08475138
-0,006648273
-0,03343609
-0,01228896
-0,01926119
-0,021258
0,001983441
0,02471455
-0,0147199
0,06195306
-0,01406721
-0,005885572
0,05932402
-0,0319072
0,0322504
-0,005568084
-0,05380971
0,0609515
0,01357652
0,007947575
-0,02413546
0,07362326
0,03890214
-0,04215878
-0,07064734
0,04147006
-0,08945031
0,01906888
0,05186475
-0,05816686
0,03890349
0,05635745
0,008440595
0,2567568
0,03233635
0,07089154
-0,08867139
0,107024
0,03462892
-0,02176307
0,029103
0,03439433
0,06079904
-0,0002527472
-0,05512733
-0,06802788
-0,1182692
-0,1008004
-0,09742501
0,02332414
-0,016433
0,007695472
0,03560147
-0,04470786
-0,00539335
-0,01607196
0,004364401
-0,01392065
0,02249909
0,006688238
-0,01055408
-0,008540696
-0,06102103
-0,04835891
-0,08699907
0,08374598
0,1675758
0,02529389
0,03882866
-0,07364475
0,03624939
0,08949668
0,03944882
0,08715213
0,09931555
0,05324615
-0,06642576
-0,2033635
-0,05163891
-0,01858598
0,09094585
0,01715306
0,1308988
0,2058664
0,07573146
0,1943203
0,09694074
-0,157281
-0,01147365
0,0449699
0,02058698
-0,02720082
0,1040354
-0,05622609
-0,0265485
0,009808972
-0,02795395
0,07447238
0,1178305
0,1806581
0,03164373
-0,01178795
0,01883549
-0,00583029
0,006425834
-0,03737786
-0,003014457
-0,003560988
0,002237363
0,02178861
-0,02933608
-0,00979057
-0,08690488
-0,1304054
-0,2074827
-0,0807329
0,01295124
-0,07611952
0,1207485
-0,08562391
-0,08580898
-0,1641162
-0,008175243
0,1181002
-0,08642878
-0,1348995
-0,165083
-0,08626189
-0,07340837
-0,0966934
-0,02796586
-0,03497274
0,1811567
0,1471622
0,1834865
0,04658656
0,1024627
0,1198097
-0,03682145
0,02592808
0,2124098
0,09137209
0,2010507
0,005532628
-0,1008197
0,02182283
0,02196498
0,08344506
0,09424947
0,06811088
0,04132422
0,03445669
-0,02040502
-0,02567824
-0,01799648
-0,01395169
0,0002951926
-0,0002513326
0,01358995
0,05128624
-0,07914852
-0,06007063
-0,03007992
-0,1046381
-0,06945737
-0,1210931
-0,04976803
0,1347352
-0,02309805
0,02958709
-0,1170365
-0,0518032
-0,05018979
-0,04924192
-0,1382523
-0,1714865
-0,08185099
-0,1659269
0,1327492
-0,0005537203
-0,1698495
0,07417736
0,1660788
0,2286888
0,08065223
0,1142625
0,1074451
0,1631473
0,1199241
0,2087349
0,1592556
0,09940892
0,1632058
0,1724499
-0,03020267
0,03329842
0,03418515
-0,006939681
0,07608417
0,03353626
0,02547335
0,02244573
-0,006429248
0,02281556
0,04204505
0,01049814
0,03186227
-0,02970187
-0,006142526
0,0240341
-0,07844865
-0,08740401
-0,07911136
-0,07919282
-0,02131471
-0,003668602
-0,1308338
-0,02316631
-0,04622148
-0,008449516
-0,1811178
-0,1476084
-0,0856137
0,01460569
-0,04475444
-0,1243614
0,03606961
-0,08706536
-0,2333661
0,005936013
0,07376181
0,07008213
0,1308483
0,01829046
-0,06248811
-0,0893807
0,003711175
0,00935178
0,2081999
0,1039546
0,1778095
0,2767644
0,1514914
0,09337838
-0,04079592
0,04691459
-0,01136277
0,1324763
0,1798408
0,01568536
0,03770395
0,08002242
0,006161912
0,0352719
0,0670426
0,01110685
-0,0004069316
-0,004372867
0,01646743
0,01715356
0,04927627
-0,04468786
-0,04900118
0,01539039
-0,09498083
-0,04692346
-0,0096703
0,001773175
-0,06263012
0,009427804
-0,1693323
-0,1536358
-0,1933319
0,08963855
0,08125529
-0,1098078
-0,1623781
-0,2415039
-0,1932676
-0,1205933
0,04510542
-0,1577321
-0,01787258
0,07085963
-0,0601428
0,06126066
0,01889122
0,08263947
-0,04971473
-0,06202514
0,04230933
0,0883702
0,1211306
0,1787721
-0,09646107
0,02109305
-0,07377366
-0,03092591
0,04136363
0,03926147
-0,002432013
0,09900081
0,02235577
0,01333292
0,03871
0,02308468
0,004856517
-0,01912086
0,01234585
-0,02047275
-0,009936009
-0,003911785
-0,008061396
-0,05344728
-0,03289105
-0,03788796
-0,09246938
-0,07594031
-0,03005935
-0,186904
-0,04370145
-0,1899387
-0,1310294
0,0172404
-0,09354617
-0,10551
-0,1027091
-0,1835108
-0,1121752
0,03048293
0,1225301
0,166394
-0,07097116
0,009989499
-0,08672622
0,04125348
0,1077261
0,2101409
0,002069225
-0,04205417
0,0287779
-0,007308693
0,07721379
0,09909315
-0,07451346
-0,04374733
0,003161462
-0,02564845
0,03567484
0,003716663
-0,01237364
-0,01154266
-0,01714722
0,01846234
0,08174821
0,01427217
0,008940044
-0,0215072
-0,01402204
-0,0002592589
-0,01286702
-0,05727782
-0,04772288
-0,06011143
-0,05407209
0,001547191
-0,03994014
0,02126891
-0,05894205
-0,1661301
-0,08536386
-0,1227795
-0,0439002
-0,03798018
-0,1303481
-0,09155157
0,1469426
0,2174068
0,1203217
0,02299276
0,002381241
0,06812745
0,007906132
-0,05986904
0,1418659
0,05307857
0,03255376
0,07627814
-0,00653191
-0,0428011
-0,01113292
-0,05239646
-0,1171268
-0,03650474
-0,1357629
-0,006089009
-0,0838989
0,001149242
0,009816641
-0,0453538
0,01290965
-0,02380627
0,04029055
0,02156856
0,06496221
0,02110093
0,009093608
0,02255798
-0,01137601
-0,03667887
-0,003010906
-0,01994292
0,02843483
0,03121159
-0,02557008
0,03069581
0,07879342
0,003891827
-0,08888576
-0,07274417
-0,02310242
-0,1719487
-0,1521702
-0,1162128
-0,0224761
0,006210526
0,1053847
-0,00606774
0,1917712
0,2064979
0,01164172
0,08550963
0,22584
0,1346958
-0,08212781
-0,1905782
-0,004819128
0,1647408
-0,0193907
-0,1549353
-0,08454239
0,08739823
-0,05685379
-0,1117094
-0,07955962
-0,07352124
-0,1474342
-0,02492856
-0,05727474
-0,03322567
-0,06636086
-0,09761453
0,04108346
0,05170091
0,0340818
0,03810941
-0,01674841
0,009393874
0,02774472
0,05288396
-0,06453203
-0,05517819
0,03481658
-0,02091813
-0,0335564
0,05996749
0,02334321
-0,07072474
-0,08058415
-0,1806143
-0,1240684
-0,1212781
-0,0555478
-0,05777072
0,04620534
-0,0434802
0,05489427
0,1020998
0,2344496
0,257057
-0,06738288
0,00681606
0,0999636
-0,04407459
-0,1336706
-0,1682936
-0,07694353
-0,03807025
-0,03210575
0,07624171
-0,03235477
0,008277172
0,1282769
-0,03323941
0,1104027
-0,03306012
-0,09529757
0,01454778
-0,09915587
0,003805704
-0,03779707
-0,06970604
-0,02828899
0,01802978
0,008882725
0,04227571
-0,02728893
0,01842427
0,0148091
0,03849861
0,01058188
0,01381437
-0,02724382
-0,03564876
-0,006422393
0,2112449
0,03215373
0,02011954
-0,07920869
-0,03955403
0,003535763
-0,1142449
-0,08431249
-0,07472068
-0,1760631
-0,07894997
0,02312942
0,08130366
0,04234041
0,1105917
0,1326415
0,1058023
0,2190462
-0,05913552
-0,04372695
-0,03244288
0,1209161
-0,01874979
0,1635432
-0,02326209
-0,07300232
-0,09304109
-0,02642603
-0,05289124
0,1558729
0,05350024
0,05159631
0,03967889
-0,1603176
0,0509044
0,03515762
-0,008034187
-0,09315827
0,005299918
0,0117926
0,03498928
0,02313045
0,0006315724
-0,03427733
-0,04912074
-0,01265426
-0,01924981
-0,07173479
-0,03197138
-0,03695152
0,005216235
0,1033301
0,09843971
0,03485219
0,02686876
-0,03946991
0,02614379
-0,03444979
-0,02234096
-0,1087566
0,1468238
0,1901601
0,002601748
0,1851424
0,1739306
0,1517346
0,07957692
0,1151083
-0,132778
-0,0376462
0,003694988
0,1340692
0,1184083
-0,009688441
-0,03409669
-0,01166497
-0,1382423
-0,03019706
-0,1231217
-0,05442085
0,09995375
0,01105322
-0,06073637
-0,01815774
-0,007248266
0,04093798
0,01107621
0,006366585
-0,005070648
0,03106478
0,008851748
0,02124038
-0,02464726
0,02119685
0,01702599
-0,03893974
-0,07080615
-0,02667416
-0,09443618
-0,05477801
0,05024417
0,1144282
0,1271092
-0,04352384
-0,1917173
-0,006317516
0,09530891
0,08545461
-0,1355715
-0,1201538
-0,03146737
-0,1930397
-0,07883549
-0,05411426
-0,04274768
0,1262454
0,1224463
0,03580358
-0,03255428
-0,08951097
-0,074416
3,866445E-05
-0,05804098
0,1061519
-0,04252928
0,00845847
-0,001899776
0,0441944
0,06127034
-0,1085541
0,08491179
0,02977296
-0,04657511
-0,01648653
0,01582194
-0,06757973
-0,06771205
-0,01251927
0,0003219521
0,04852774
0,01072528
-0,03311994
0,01935488
0,009253119
0,03164597
-0,0512044
0,01074519
-0,002548231
0,03988373
-0,1083045
0,04918613
-0,03276869
0,000252986
-0,02610694
-0,05951391
0,05096719
-0,04164756
-0,006077325
-0,2631085
-0,1006943
-0,0776488
-0,1433778
-0,05373555
-0,03362829
-0,0283154
0,1718998
0,01896381
0,06078688
0,1451463
0,1266852
0,02560943
0,08547657
-0,1441265
-0,1194442
-0,06015285
-0,007740715
-0,07523061
-0,1088493
-0,009636553
-0,03553318
0,05242698
0,004328481
0,03840793
0,004806152
-0,03609932
-0,02162639
-0,06193404
0,004260383
-0,006632193
-0,001389079
0,04004652
-0,01805842
0,01256703
-0,003084515
0,01349713
0,05465059
-0,05495844
-0,01394296
0,04031996
0,09245402
0,09713046
-0,01972071
0,005656786
0,2155253
-0,01755898
0,08118466
0,02109678
0,04309988
-0,1334341
0,05056558
-0,07473358
-0,07501832
0,09344595
0,04584793
0,1108567
0,06084843
0,09768543
0,0277773
-0,02469109
-0,05020119
-0,05796373
-0,07957444
0,006685445
0,03935008
0,01181288
-0,04830478
-0,1005167
-0,1229231
-0,01657373
-0,09846374
-0,06214437
-0,008076892
-0,01901449
0,02312261
-0,001458987
0,03134036
0,04555571
0,02507076
0,004381828
0,04526435
-0,010034
-0,01725384
-0,007077306
0,02219632
0,008135794
0,02812226
-0,03329615
0,03394856
0,0294573
0,0335738
-0,005532182
0,04346127
0,1470851
0,1599538
-0,001044593
-0,03987831
-0,01812593
-0,008731279
0,02713188
0,2538044
-0,08560362
-0,07393999
0,2405291
0,086627
0,01102603
-0,0162241
0,1051874
0,01063631
-0,03987668
-0,08620207
-0,02064766
-0,1396536
0,01808906
0,1750656
0,04544028
-0,06769691
-0,03563698
0,06865361
0,01512679
-0,02453156
0,09162799
-0,02982401
0,07340786
-0,0002529156
-0,02045761
0,03942861
0,0489943
0,07430023
0,001527863
0,01472914
0,01124338
0,01048802
0,008008334
-0,01184798
0,02446437
-0,01487013
-0,03935787
0,00390371
0,07882156
-0,06738108
-0,05110322
-0,002065131
0,1236996
0,04642969
0,05808067
0,03222506
0,0597172
0,1959768
-0,09909963
-0,02613238
0,0105818
0,02780621
-0,09144531
0,09463973
-0,005060402
-0,05967629
0,1505354
0,02801382
0,07593696
-0,02669189
0,09822992
-0,05849215
0,0217878
0,1426321
0,1823481
-0,007986476
-0,05779585
0,00657755
0,001668819
-0,06523018
0,03869878
-0,05075787
0,02208583
-0,04160438
0,0107169
0,01553184
0,06092596
0,1108255
0,03505026
0,00427021
0,002132219
-0,01083208
0,005425938
0,03187782
-0,03372854
-0,01168361
-0,006726064
0,005716158
-0,03023224
-0,07009428
-0,1191999
-0,02104622
0,1887134
0,007077624
-0,1010027
-0,0102671
0,008842582
0,1960892
0,03762097
-0,03825329
0,03784352
0,1318035
-0,01405231
-0,1320646
0,1838762
-0,06549672
0,03008942
0,009293828
-0,03997411
-0,2097071
0,02943257
-0,06047804
0,027444
0,1018485
0,004667573
0,004186719
0,000610131
0,03427472
-0,03362399
0,01180986
0,006440834
-0,06432927
-0,02456012
0,01600555
0,06013785
-0,007280737
0,02474428
0,07977607
0,05030623
-0,007259835
-0,008167083
0,001998208
-0,004174218
0,02871796
0,01461155
-0,01386847
-0,07041701
-0,02977175
0,04737515
-0,03718991
-0,01097971
0,03497499
0,09156162
0,05906982
0,003864184
0,06072735
0,1247762
0,04887771
-0,002769643
-0,1910658
-0,09432959
0,151928
0,1154689
-0,1003144
-0,1385952
0,1195036
0,1334216
0,04722896
0,109821
0,04402654
-0,1210094
-0,08033163
0,1445769
-0,0310512
-0,01259556
0,07819878
0,05965379
0,03360643
-0,003816339
0,07851734
0,02125751
-0,08280271
-0,1101362
-0,09486537
-0,01664715
0,01881567
0,07377052
0,1002937
-0,008573814
-0,02744749
-0,007005486
0,001369992
0,01838437
-0,00824511
-0,00667006
0,00915838
-0,02466049
-0,04862899
0,09492638
0,04825529
0,0338718
-0,03730141
-0,03177487
0,06311833
0,02411447
-0,03677841
-0,1300144
0,1087146
0,009703789
-0,0228609
-0,05389046
0,1018691
-0,06752191
0,02413239
-0,05509723
0,1675238
0,1412015
0,2723248
0,1259658
0,05344364
0,01990438
-0,01777219
-0,2387588
-0,04895448
-0,1291789
-0,08033282
0,07938144
0,09720518
0,09716207
0,05115284
-0,002257786
0,02533278
-0,02645136
-0,0545051
-0,07383558
0,01909951
0,05389455
0,05863144
0,02222249
0,02853888
-0,01320182
-0,008151967
0,0131775
-0,01250986
0,03353186
0,0454708
-0,00839104
-0,02604128
0,08599547
0,1472942
0,1064302
0,003572143
-0,04821266
-0,0771548
-0,01846692
-0,04138102
-0,1522307
0,05286445
0,1186074
0,1031536
0,1066974
-0,03207472
0,07162584
0,02106096
0,07230014
-0,06746288
-0,1026547
0,04932826
0,1493341
-0,03076819
0,1220985
-0,08640289
-0,1406656
0,00638488
0,05908207
0,07026884
0,01849343
0,02062186
-0,04489169
0,01086878
-0,04611911
-0,02563578
0,05486139
-0,04146478
-0,04041988
0,02191606
0,0311463
0,07329203
0,01743372
0,03539985
0,03922553
0,02501555
0,0312151
-0,00134483
-0,00248119
-0,03807531
-0,03106408
0,03379587
0,05508383
0,02920222
0,08032505
0,08557706
-0,09697907
0,06485649
-0,0116141
0,007565457
-0,06501423
0,02835634
0,0644542
-0,007646334
0,1229513
-0,02714192
-0,1697368
0,03817968
-0,09651347
0,0547182
0,1498914
0,02156565
-0,08621151
0,1099102
0,1547326
0,07681299
0,004661977
0,04358888
0,1316304
0,08040307
-0,02037307
-0,03704125
-0,02040852
-0,01531763
0,02015486
-0,06425013
-0,003422907
0,005676417
-0,00532838
0,02214151
-0,001853569
0,02438417
0,009573002
0,02155672
-0,02032033
-0,01767927
0,007274204
0,03566086
0,01057707
-0,0570573
-0,07169905
0,0226307
0,02107879
-0,07153942
-0,02714447
-0,03157945
0,01054407
-0,1253311
0,01753403
-0,1534482
0,04762802
0,03842037
0,08652042
0,001738012
0,01660898
0,02540408
0,1793044
0,1838837
-0,06164382
-0,04343382
-0,01090539
0,1529372
0,01402231
0,0457496
0,1375037
0,0284709
0,07114426
0,09261017
0,01679491
0,05564663
0,01455408
0,1243382
-0,02192838
-0,0482466
0,0344361
-0,03885138
-0,08241122
-0,008883769
-0,04763297
-0,02912503
0,02077335
-0,01064272
0,03350922
-0,01631887
-0,01405795
0,02798145
-0,003416274
0,004022002
0,01623226
-0,02503201
-0,006098426
0,01996459
0,03649954
0,01354398
0,01482508
0,002511932
-0,0582916
-0,1139116
-0,09439555
-0,03161546
0,03435071
-0,01866787
-0,01034408
-0,1174605
-0,03941565
0,1385136
0,07936816
-0,03341265
0,006950505
-0,04574627
-0,03228825
-0,01189612
-0,03390804
0,03350443
0,1497829
0,1332354
0,06851309
0,2562407
0,221787
0,007078337
-0,01130125
-0,00369876
-0,06083896
-0,05688402
-0,07207942
0,03613827
-0,08865108
-0,02814068
0,002942858
-0,04470512
-0,008541035
0,01629407
0,02279131
0,01231824
0,02199044
0,02465523
0,007318287
0,02357462
0,06355702
0,006650129
0,008208141
-0,006750564
0,002304235
-0,01853987
0,01686276
0,03225181
0,03045459
-0,08863691
-0,04107939
-0,0186631
0,0240816
0,07067046
0,1271234
0,02303935
-0,08922514
-0,02729849
0,001275528
-0,06653067
-0,02964562
0,04140889
-0,04851172
-0,09876455
-0,009347635
0,07191799
-0,04135811
0,1129643
0,01842608
0,1328178
0,1103859
0,02481134
0,01566263
0,01889761
-0,04692953
-0,04240556
-0,01363588
0,04513667
-0,02782087
-0,02725339
-0,009102277
-0,007095131
-0,006504436
-0,02137807
0,01228841
0,01257057
0,03441931
-0,003255537
0,005540164
-0,004002128
0,03775175
0,01498388
-0,03598987
-0,02332384
-0,01987204
-0,06465147
-0,05890302
0,06049918
0,08294577
0,0185624
-0,01503688
-0,03862156
-0,02185621
-0,04015032
-0,01651553
0,04647766
0,04239799
-0,08855686
0,1145066
-0,06016073
0,06076416
-0,01396125
0,007259905
-0,02101103
-0,02271167
0,1067253
-0,03584814
0,02476101
0,02232348
0,1711371
-0,03857438
0,01960823
0,08034733
0,07329365
0,02985147
0,0721126
-0,01014189
-0,05417068
0,02218866
-0,006588646
0,01456736
0,007272029
-0,01784177
0,02482354
0,007030084
0,03210605
0,01597135
-0,0255542
-0,02827623
-0,010301
0,03584322
0,003754251
0,008485512
0,03262518
-0,004115268
0,01501744
-0,002540217
-0,01076679
-0,0571239
-0,00836268
-0,003715174
-0,02334634
0,01345513
0,03224302
0,05569256
-0,03287503
7,317542E-05
0,0177427
-0,01297177
-0,09598274
0,04869881
0,02805188
0,04683203
0,04526364
0,01034997
0,04877294
0,06946786
0,08783064
0,07514022
0,1022598
0,07543352
0,1163807
0,08616808
0,04951735
-0,001231975
0,01345707
-0,03152512
-0,004553801
-0,0003813715
-0,01528127
0,006968433
-0,003378746
0,004905227
0,01832969
0,01547479
0,001773405
0,00882962
-0,006488077
-0,001068051
0,02329237
-0,02174957
0,01533734
-0,01830784
0,02095409
-0,01547229
-0,01989019
-0,04709356
-0,04249952
-0,01228209
0,01941949
-0,04770801
-0,02132199
0,001284404
0,03049448
0,08717462
0,03953896
0,06584974
-0,03999769
-0,08227996
-0,06316254
-0,07476196
-0,03365665
-0,03619467
0,0541846
0,05511527
0,04284713
0,03397063
-0,02231353
-0,02791784
0,07760482
0,1314359
0,06854816
0,01000309
0,03936599
0,02820769
-0,02520739
0,01750839
-0,02837771
-0,01493632
0,003542249
-0,0009894995
0,02665985
0,0287769
0,02419872
-0,01582072
0,02297892
-0,01286324
0,01514448
-0,01869277
0,01415248
0,02292477
-8,632136E-05
0,01562704
-0,02391587
-0,02173889
-0,03223821
0,005414242
0,04079765
0,00853234
0,005132225
-0,008378388
-0,02051098
0,008840417
0,007030088
0,04700628
0,1054901
0,005819492
-0,00310033
-0,03992285
-0,006335004
-0,04751816
0,004542081
0,03610178
0,009517177
0,04322906
0,01567522
-0,01291289
0,01695233
0,02769287
0,05449993
0,03541165
0,05694352
0,05962756
0,06333291
0,03161713
0,04199567
0,03525181
-0,004105887
-0,005633461
0,008315232
-0,004301849
0,01435327
0,02056304
0,01026817
0,005069995
0,02406953
-0,02228196
-0,002795803
-0,02032297
-0,01462862
-0,008596412
-0,01736606
0,008215491
0,02545882
-0,008330591
-0,02012207
-0,001522349
0,01412434
0,0006843956
0,02987141
0,03002653
-0,005794033
0,05360036
0,04208715
0,06440563
0,0942474
0,003162608
-0,01435239
-0,03166138
-0,01626147
-0,07739517
-0,01817896
0,04382801
0,04615533
0,03617211
0,07824886
0,1368991
0,1070277
0,0346869
0,02349411
0,04399511
0,04660588
0,008632788
0,03805376
-0,009936712
-0,007027678
0,007316821
-0,01853678
-0,003157211
-0,003452409
0,0005420191
-0,01816581
-0,01092822
0,02254197
0,01014808
-0,01898121
0,02596991
-0,02009503
-0,02816123
0,007704977
-0,007404525
-0,01455937
-0,0004369736
-0,00345349
-0,03685379
-0,02362974
0,01259152
-0,008587955
0,01583171
0,01975194
-0,001717683
0,04823734
0,01344808
0,08260035
0,02904329
0,009003474
0,003326908
0,04632202
-0,02795784
-0,01207599
-0,01232683
-0,008796905
0,01771003
0,009923962
0,03164086
0,03043671
0,1028915
0,0768163
0,0277502
0,05824701
0,04817919
0,03318423
0,01821102
0,02957051
0,0231062
-0,01450143
-0,02333332
0,01548899
0,0200662
-0,02677395
-0,004904873
0,000411885
0,001804319
0,0304603
-0,01769097
0,001843243
-0,02851006
-0,006168166
-0,002340802
-0,01336658
-0,01913207
-0,02590129
0,02090382
0,01457673
-0,01006271
-0,02751854
-0,02610989
-0,02222355
-0,0176394
0,03911059
0,008210368
0,05418354
0,03195674
0,05947838
0,03462636
0,009732646
0,02267838
-3,467714E-05
-0,01429985
0,01197759
0,005867125
-0,01461012
0,03247013
-0,0110039
0,04659695
0,05237541
0,03889377
0,009628523
0,005586198
0,03872605
-0,01289088
0,004630933
-0,01035587
0,009239256
0,01781653
0,01891593
0,02800564
0,01684006
0,00510525
0,01083465
-0,02310378
-0,02807355
0,005982602
0,02957447
0,01129575
-0,001300903
-0,02656334
0,009514415
-0,02349715
0,01164636
-0,02899268
0,02082461
-0,01455219
-0,01489111
0,03051935
0,0271425
-0,02594204
0,005591578
0,02076753
0,009743526
-0,003570549
0,03073896
0,03691775
0,01057949
0,01785599
0,02558645
0,02049929
0,03199166
-0,01674602
-0,019601
0,01190668
0,008619756
-0,002305816
-0,02207027
-0,03535916
-0,009836547
0,01929771
-0,02120388
0,00664143
0,004903961
0,01776917
-0,01881224
-0,01830286
0,01144642
0,01321419
-0,01378295
-0,01704043
0,03102052
0,002832139
0,01779837
0,008081503
-0,01015046
0,03072492
-0,0279407
-0,009397359
-0,01023403
-0,01526551
-0,02220786
-0,01974345
0,01467139
0,01399511
-0,01963826
-0,0001160448
0,02808395
-0,02558772
-0,01369792
-0,01675901
0,01680072
-0,01953384
0,01452511
-0,01587912
-0,02319528
0,03098889
-0,009153857
0,0167597
-0,02172721
0,008309386
-0,01567326
0,01565982
0,004628761
0,01439109
0,01644461
-0,01262471
-0,02095536
-0,002969327
-0,01287913
0,01424981
0,009874163
-0,02767752
0,01400864
-0,02823263
0,00138357
0,02060382
0,02256291
0,01340222
0,005102099
0,008757018
-0,01719641
0,00111682
-0,004231561
-0,0277846
-0,00309014
0,02062712
0,02049295
0,002994847
0,002254618
-0,01068414
0,009644236
-0,01585219
-0,02085407
0,01378707
-0,02707862
-0,007588044
0,007363132
0,03003892
0,02788927
0,01994267
-0,02258291
-0,003777558
0,0175081
0,002776694
0,007825163
0,006574054
-0,007651996
0,01139121
0,01221629
-0,01451763
-0,02018002
0,006467549
-0,01673557
0,003327852
-0,006283382
0,01117269
-0,01275292
0,0005775395
-0,01160304
0,02678433
0,001132468
0,01900538
0,0301431
0,02923833
-0,0246953
-0,008282274
0,0305232
-0,0264788
0,02926059
-0,0204597
-0,0169858
0,02157373
0,01520694
0,01528117
0,001038342
0,01727032
0,01443192
0,023691
-0,005143839
0,02084005
-0,001474604
