0,01889511
0,02701008
-0,00099963
-0,003828979
-0,02007787
0,01456611
-0,01232115
0,0141133
0,00304062
-0,00524907
0,01489492
0,02729414
0,004080949
0,01440075
-0,009212327
0,01159164
0,01255862
0,02759372
-0,0116606
0,01519055
0,01070445
-0,002020509
-0,003295543
0,001508027
0,008577211
-0,02127095
-0,02420603
0,01141758
-0,0183303
-0,01108042
-0,01019302
-0,02940996
-0,01296751
0,01655393
-0,004617221
0,02398967
-0,003449943
0,01861264
-0,005924717
0,01428957
-0,02567678
0,02212206
-0,0129799
-0,008241626
0,02936098
-0,02227704
0,004710521
0,007244992
-0,01875171
-0,00827941
-0,01921472
0,01818145
-0,005971495
-0,02449143
-0,006024602
-0,00873753
-0,001645549
0,02690399
0,01787194
-0,02754937
0,008844085
0,004768283
-0,002275993
-0,01622532
-0,02489449
0,01448907
0,01020803
0,01671711
-0,01088126
-0,003830805
-0,01439386
0,02394343
0,002682942
0,003543123
0,01046083
0,01749081
-0,01857464
-0,02172378
0,004125754
0,002963575
0,005658715
-0,0005102732
0,001422768
0,02038152
-0,02590779
-0,0002803121
0,004267186
-0,0176001
-0,004789391
-0,02450614
-0,007237598
-0,004810357
-0,03121959
-0,00730203
-0,02395565
-0,00081543
-0,008011652
-0,02663009
-0,01303797
-0,015099
-0,0016828
0,01962809
-0,00955815
0,01677405
-0,02189304
-0,01376955
-0,02333195
0,01492439
-0,004699552
0,00725766
-0,01863816
-0,005807662
-0,01536404
-0,01807519
-0,002235766
-0,01815586
-0,02348566
0,01045406
-0,02494516
0,001131758
-0,0241185
-0,003503734
-0,008181076
-0,01926937
-0,03075675
0,02139113
0,02763326
-0,01549299
-0,003517839
-0,02153528
-0,005157521
-0,02726813
0,01898493
-0,01178059
-0,03031763
0,01735907
-0,02396673
0,01553731
0,01671896
0,0200105
-0,01743383
0,01087817
0,01649918
0,02035726
0,02523133
0,0293859
-0,0256883
0,01530803
0,02571566
0,02743626
-0,006096279
0,01327034
0,02635822
0,007240801
-0,02391587
-0,0285735
-0,003864921
-0,02212683
0,01867205
-0,01041089
-0,009713231
-0,0345352
-0,02090313
-0,02586047
-0,02374775
-0,02728252
0,004036312
-0,02444775
-0,01960624
0,006858299
0,02312689
-0,01535263
0,01638034
-0,02008972
-0,02341391
-0,01957487
-0,0001486031
0,0001394784
-0,020678
-0,02992589
0,00393623
-0,03702549
-0,02184799
-0,005176746
0,008385075
0,01252794
-0,02503256
-0,02656451
-0,0196452
-0,0343239
-0,01612657
-0,03176152
-0,02659533
-0,001646418
-0,003871636
-0,01619914
-0,003017791
0,006068469
0,01021015
0,02211763
-0,007201149
0,03287717
-0,005247009
-0,02670277
0,0248772
-0,01666
0,008819653
0,007226148
-0,004946533
0,01262186
-0,01498661
-0,002527619
-0,013461
-0,002647978
-0,007793237
-0,02669765
0,01102197
0,01919101
-0,005356245
-0,009018332
0,01414687
-0,006051891
0,02087834
-0,02936825
-0,02044461
0,01170805
-0,02117543
-0,009963239
0,03840149
0,02743276
-0,007466219
-0,06261637
0,006598924
-0,01404961
-0,004507542
0,007051224
0,001550971
-0,03938149
-0,006665657
0,003486359
0,01403463
-0,007493666
0,006980855
-0,01030676
0,008512898
-0,004017083
-0,01026198
-0,01001846
0,0197572
-0,02127745
-0,001906252
0,01277912
-0,02944426
-0,0352702
0,02342018
0,02869791
-0,02054577
-0,007697764
0,02734465
-0,0391164
0,01991913
-0,01250698
-0,01168504
-0,01169134
0,01510209
-0,02159681
0,0155012
-0,009719878
-0,02771809
0,02163259
-0,00738237
0,005690053
-0,02668688
0,01248654
0,01214394
0,002247298
-0,01129434
0,02797595
0,03826412
0,02391951
-0,01728897
-0,001014474
0,0115727
0,02217816
-0,006137766
-0,03792721
0,0006305219
-0,01644351
-0,01876138
0,003872401
0,003126681
-0,01552734
-0,01395275
-0,00435693
0,03000606
0,00445957
0,0008019711
-0,02940752
-0,01021003
-0,0121461
-0,002222064
-0,02282851
-0,01380716
0,03732652
-0,0003002389
0,002805168
-0,005111807
0,008115042
0,01489243
-0,02117066
0,02304427
-0,01249162
0,0292046
-0,04343871
0,02471538
0,003282282
-0,007985486
-0,0277263
-0,05011044
-0,006406158
-0,02386412
-0,0336803
0,01179176
0,02125404
0,005659521
0,007732847
0,04161244
0,0637449
0,03462861
0,04054645
0,03129254
0,006892456
-0,02596242
-0,02428419
-0,01232196
-0,03889187
-0,01499326
-0,009840151
-0,04564508
0,007609062
0,01796158
-0,01453393
0,03062895
0,03479835
-0,02745595
-0,008217743
0,006916128
-0,02382605
0,0194687
-0,02057317
0,0220797
-0,01064537
-0,04606175
-0,00520668
0,01637172
-0,06159243
-0,02120708
-0,02934956
0,009362966
-0,03827315
-0,02444119
-0,02841027
0,01391281
0,0353164
0,03426365
0,02143143
-0,04186221
-0,006960177
-0,01520805
-0,06516961
-0,04726162
-0,03860535
-0,04014983
-0,06287345
0,0002666862
0,005750083
-0,002509942
0,01707146
0,00236693
0,01517879
0,005005139
-0,0603257
-0,07251413
-0,02934535
-0,06058983
0,01604423
-0,0293406
-0,01593284
-0,04195038
-0,03874436
-0,008395481
0,01609455
0,02733115
-0,02811037
0,01781214
-0,005558479
0,008847692
-0,02276518
-0,005398696
-0,0197503
-0,01011862
-0,009758249
0,005345584
0,02419809
-0,05732403
-0,02144048
-0,02436301
0,003647206
-0,001538456
0,002272578
0,03472733
-0,03873609
-0,00381065
-0,03150585
-0,01015642
-0,01011937
0,005515141
-0,01976051
-0,004088398
-0,009558392
-0,005281218
-0,0549438
0,0282353
-0,02665217
0,041359
0,05120613
-0,02533493
0,01339478
0,03828353
-0,0321804
-0,03996984
-0,09522799
-0,0008070363
-0,03594723
-0,01071049
0,02518574
-0,02790378
-0,03133727
-0,0127611
-0,03892906
0,006783624
0,002522982
-0,007634176
0,01530609
0,008396878
0,02114619
0,004241991
0,01746109
0,01709255
-0,01361813
-0,02958047
0,009973818
-0,009817965
-0,01056679
-0,001426488
-0,06168525
-0,06558266
-0,05162718
0,01599507
-0,006846267
0,02215403
-0,03905519
-0,03624501
-0,0537142
0,0207978
-0,02680639
0,0176011
0,02021307
0,01176375
0,04851218
0,03062011
-0,009311035
-0,002316798
-0,009540305
0,02839247
0,04434311
0,00121599
0,03389034
0,09620452
0,06439617
0,01387054
0,007303852
-0,02453964
-0,006881816
-0,008812903
-0,03213662
0,04446929
0,03680661
0,01671515
-0,0191965
-0,03695916
0,01946905
0,001253336
-0,03230827
-0,007016312
-0,02500075
0,01153249
0,02578846
-0,009541565
-0,01648884
0,02792213
0,01721651
-0,01874485
-0,02905172
0,03505576
0,05521404
0,01360227
-0,005595046
0,03107276
0,01539635
0,08383003
0,01994056
0,03589315
0,04154518
0,002960413
0,01713541
-0,03863931
-0,008765934
0,0009728729
0,03702859
0,05892134
0,04061896
-0,005223898
-0,03463013
0,004773576
0,02479389
0,04444385
0,03905442
0,05424881
-0,0310999
0,04539455
0,05802492
-0,02531093
-0,01425228
-0,03003318
-0,07170256
-0,04200107
-0,05505964
-0,04414633
0,01321383
0,02393944
0,05161459
0,004991686
-0,02451382
-0,02373909
-0,01608364
-0,02501462
0,002642
0,001683778
-0,02126982
0,02914649
0,01007677
-0,01054887
-0,01046689
0,05284709
0,003989154
-0,03142512
0,01548958
0,04356775
-0,004998508
0,01027934
0,01177738
-0,02568167
0,006177445
0,01520293
0,04931149
0,05444287
-0,03813612
-0,005768541
-0,03294158
-0,02233617
-0,02996463
0,04555472
0,01309776
0,03585788
0,06155631
0,02510426
-0,07530199
-0,06233297
-0,08187207
0,0006247078
0,02820861
-0,0283977
0,01466801
-0,0494286
-0,02077431
0,01931647
-0,0466473
0,02363537
0,01999315
0,05179954
0,007425467
-8,567201E-05
-0,01123255
-0,03299969
-0,01144149
0,0007468429
-0,0101479
-0,004179646
0,01775824
-0,001496762
0,03048366
0,03483641
-0,03536377
0,01183081
-0,004581642
0,006014931
0,01265106
0,006136784
0,06550739
-0,004455665
-0,03548611
-0,0155699
-0,00749387
-0,006276433
-0,0835446
-0,04789611
-0,08492238
-0,03083346
0,02552202
0,02168691
0,0007908704
0,05086095
0,06800291
0,07985624
-0,03613225
-0,009527332
-0,05475019
-0,1141163
-0,06173426
-0,01238538
-0,01769208
-0,01199609
-0,03028671
-0,06883335
-0,04406843
-0,01398466
-0,005327402
-0,04595556
0,007954539
0,04946039
0,07100415
-0,001054046
-0,03161779
-0,02401905
-0,0153295
0,01511772
-0,01004737
0,01585733
0,007498564
0,02317842
0,005164364
-0,01416001
-0,01788195
0,0571045
0,02601128
0,03585501
0,01542433
0,02731181
0,007077613
-0,01327136
0,02733379
0,04089892
0,07859937
0,06217916
0,06847776
0,06330448
-0,04218422
0,05657934
0,0321638
-0,007743485
-0,01143525
0,08225163
0,03935618
-0,00392376
0,06300187
0,01266084
0,06323854
0,02109234
0,005991135
-0,07392631
-0,1018971
0,006460702
0,006079988
0,01554599
-0,01817172
-0,009032857
-0,07795758
-0,07108052
-0,02184163
0,02797656
0,003848433
-0,0458588
-0,005197773
-0,001663684
-0,01840343
-0,006044562
-0,02270812
-0,01800991
0,009672349
-0,00936102
0,01721904
0,03679171
0,04778866
0,0003524909
-0,02950447
0,05845377
0,01855022
0,006142862
-0,02626743
0,0234288
-0,02258393
-0,04518905
-0,005341544
0,02032267
0,09161906
0,1335425
0,009038481
0,08816653
0,02101529
-0,007581171
0,02633064
-0,0274231
-0,02666504
-0,01866267
0,01579511
-0,02678959
0,05053996
-0,02128531
-0,04686939
-0,0004355042
0,00722685
-0,01116499
0,05899038
-0,009032779
0,06430846
0,04872613
-0,0007434772
-0,08445992
-0,04840928
0,01666462
0,000930122
-0,02915841
-0,01423841
0,02543537
0,0009402635
0,01241236
0,01128072
0,001625273
-0,002529411
0,02981734
0,02593735
0,02874483
0,05281296
0,01609479
0,03799574
0,01932572
-0,03602562
-0,01960405
0,08681384
0,1224034
-0,01749228
-0,00521294
-0,05735047
0,00696824
0,08363135
0,08806437
0,03250225
0,04393769
0,04207943
0,07205045
0,05541914
0,02778421
-0,03408625
0,0005162509
-0,07647489
0,007268267
-0,0097352
0,03420621
-0,04080471
0,000288543
0,03955023
0,09934939
0,2276304
-0,03241337
-0,008100179
-0,02319053
-0,07028885
-0,04494616
-0,05876788
-0,05194018
-0,05255248
-0,01437432
-0,01125747
-0,02928717
0,006989256
0,0251307
0,01586369
-0,02824095
-0,0004465522
-0,01494916
0,01425518
-0,00586733
-0,01232583
0,01182605
0,01358683
0,014881
0,01450797
-0,06388594
0,04123661
0,05352679
-0,001516332
-0,07834057
-0,02168159
0,06440714
0,07925244
0,031047
0,03118298
-0,05317447
-0,01194486
0,168619
0,09537126
0,04750983
-0,06902251
-0,01028988
-0,02864676
-0,01551978
0,05311654
0,1595151
0,07463785
0,1014122
0,0454542
0,08863728
0,1833052
-0,03270088
0,09730696
-0,08101616
0,01103837
-0,08707854
-0,1386354
-0,07192213
-0,09219706
-0,05883642
-0,03652349
-0,01227083
-0,01331075
0,01512733
0,02114466
0,01357111
0,01559933
0,0253074
-0,01059148
0,0289652
0,01581405
0,04865177
0,005136638
-0,01179381
-0,002420034
-0,01096726
0,05429164
-0,008112669
-0,0346139
0,03008436
-0,02168787
0,007349292
0,02002856
-0,0132297
0,09080097
0,002642768
0,07390117
-0,006457189
0,02807721
0,09925247
0,004006072
-0,03191018
-0,021518
0,01893096
0,08345828
0,0237195
-0,01376504
0,07419655
0,08152484
0,05995494
-0,0002046994
0,04195052
-0,05087781
-0,0902335
-0,04693817
-0,08649829
-0,0889915
-0,0715018
-0,06958036
-0,1036837
-0,02952314
-0,05579484
0,0115764
-0,03615725
-0,03880085
-0,008958924
-0,03059455
0,005833997
0,01511351
-0,01662888
0,01543738
0,01196398
0,03532078
0,04155629
-0,0665722
-0,05003756
-0,03056911
0,06739531
-0,116412
-0,1487779
-0,02023284
-0,08552585
0,04250538
0,01335048
0,02762472
0,03858601
-0,02176012
-0,01444823
-0,08585729
-0,0177081
0,1000527
0,06280807
-0,09919624
-0,006434915
0,0945028
-0,07602372
-0,1783171
-0,03978525
0,07364227
0,07524832
-0,02099886
0,05857683
0,004792412
-0,0896832
-0,0477208
-0,0617229
-0,1563388
-0,1100911
-0,07310559
-0,02018995
-0,087416
-0,0335794
-0,03429913
-0,01643093
0,01599655
-0,01805788
-0,0153035
0,02653974
-9,975364E-05
-0,006383642
-0,02004732
0,0195098
-0,01175563
0,05498686
-0,02236337
-0,05037162
-0,02605586
0,003132707
-0,04728365
-0,04228335
0,0418397
-0,07436089
-0,1277907
0,00919536
0,004993369
-0,01144053
-0,06196435
-0,05010138
-0,02928979
-0,03972037
-0,04176594
0,03755698
0,04549239
0,120211
0,009086517
-0,05732284
-0,09779835
0,1016469
0,1065041
0,1600263
0,1343084
0,169563
0,1016968
-0,09454252
0,007050511
0,04336913
-0,05349211
-0,04032064
-0,1636799
-0,061382
-0,0537192
-0,06872053
-0,0389441
-0,03471363
-0,0322554
0,004898669
0,01928973
0,02543097
-0,005788854
0,01003691
0,0173554
0,02090584
0,07626544
0,0005948948
0,02615183
-0,03631757
-0,04736969
-0,002278053
0,0725995
0,03440489
-0,05355684
-0,07203094
-0,08169734
-0,04631497
-0,01478416
-0,01507325
-0,1147655
-0,137011
-0,03146119
-0,02190367
0,130657
-0,01050311
0,07881772
0,08540428
-0,08119745
0,03760563
-0,1227604
0,0496576
0,1922323
0,09305169
0,01683991
0,1096172
-0,03006235
-0,1753383
-0,1307547
0,01780516
-0,0706434
0,01177542
-0,100846
-0,1492795
-0,06978451
-0,02453188
0,01416217
-0,007184129
0,008687426
0,01357305
0,01500416
-0,02586545
0,00870188
-0,01154099
0,01452056
0,02124426
0,04106718
0,01042073
-0,0264061
-0,03940965
-0,01698239
0,008837108
-0,03716175
0,04741066
0,08165865
-0,01561103
-0,02359284
0,01568636
-0,09245261
-0,1927569
-0,1256304
-0,0158512
-0,02927029
-0,102971
0,04148387
0,0287686
0,1038834
0,1186176
0,09191573
0,006421394
-0,04350998
0,03295486
0,09956044
0,051332
0,1395065
0,1170605
0,02354209
-0,1404214
-0,09007228
-0,04306278
-0,09840295
-0,07105834
-0,09453702
-0,006063233
-0,01484054
-0,04810701
0,002182709
0,0449495
-0,002786052
-0,02940505
-0,005695119
0,02784614
0,01389883
-0,02025489
0,02303782
-0,03312349
0,05570896
0,01412659
0,0007304348
0,02880484
0,07291212
0,02941741
0,01996833
0,003289449
-0,009593332
-0,06883254
0,02849453
0,01087496
0,002574808
-0,1772571
-0,02149918
0,01529917
-0,001462569
0,03436007
-0,03807837
0,0673351
-0,03524867
-0,07653298
-0,06526318
-0,03365235
0,06842043
0,1113039
0,07747658
0,07091392
0,2077291
-0,04455279
-0,02097883
-0,03085351
0,0003486634
-0,03135403
-0,05215418
0,01397404
0,01407736
-0,03011367
-0,04618398
-0,02299002
-0,009708459
-0,02230859
-0,003722091
-0,0493329
0,003252967
-0,02872607
0,004812939
0,004033492
0,03761119
0,05420636
0,05724045
0,01128731
0,06151472
0,0502036
0,01679604
-0,04012591
-0,125322
-0,09376078
-0,05108188
-0,04971331
0,138028
0,05471998
-0,01213373
-0,1569825
-0,1360793
-0,2356952
-0,03192566
0,007135527
-0,0835712
-0,03648332
-0,02473234
-0,05671586
-0,05547332
-0,07720316
-0,1168511
-0,009616833
0,0753587
0,1923454
0,05054015
-0,008967075
-0,09012325
-0,06508637
0,1001371
-0,008731648
0,01397402
0,09973364
0,01620937
0,08494499
0,02547429
0,01951067
-0,00724201
-0,02680414
-0,003110566
-0,02482641
-0,007616174
0,002097923
0,001788585
0,01232135
0,03366509
0,00761973
-0,008248529
0,05840234
0,02036999
-0,03370612
-0,09764541
-0,1214722
-0,04179918
-0,06478363
0,02679363
-0,06038386
0,01870754
-0,1035821
0,007305725
-0,08292538
-0,1138691
-0,03606138
0,0603577
0,0731757
-0,005751435
-0,03589826
-0,0607399
-0,09486205
-0,02745413
-0,04619859
-0,04382351
0,1392803
0,1649221
0,04524068
-0,0174466
-0,06638558
0,01445355
-0,1088592
0,01007149
0,07237522
-0,0140052
0,02923198
0,03391891
0,06208198
0,06748886
0,005559307
0,01356218
0,01085038
-0,01730331
-0,02167366
0,02757029
-0,02195217
-0,008086765
-0,01402022
0,001027113
0,00209528
0,03646893
7,550033E-05
-0,02187782
-0,001385865
-0,09266077
-0,05965608
-0,1599288
-0,0001387264
-0,01999081
-0,02276132
0,1219882
0,02595265
-0,005744893
-0,0481046
-0,005621677
0,0439758
-0,02263412
0,03403818
-0,04942301
0,04817922
-0,05213225
-0,01975076
-0,1194073
0,04220557
0,02869503
0,12635
0,08021534
0,07091666
-0,08071174
-0,1177671
0,02340125
-0,05540703
0,006428964
0,01371927
0,1214313
0,04075516
0,05870483
0,03362451
-0,01036944
0,001598504
-0,01291499
0,00189048
-0,024257
-0,007715703
-0,01952158
0,02900059
0,01616772
0,01415932
0,06409311
0,01194865
-0,005113015
0,0289711
-0,01654438
-0,03359333
-0,03127738
-0,01268944
0,006467368
-0,02143797
-0,02664173
0,004666885
0,1082578
0,01270217
-0,01811284
-0,01941625
0,01226985
-0,1058957
-0,1094996
-0,05925374
0,01626881
-0,07312191
-0,07295554
0,03100949
0,05519425
0,009611595
0,08410795
-0,04489507
0,05918688
0,07714063
0,01277637
0,01070501
0,1079528
-0,05507848
-0,08920742
0,04230545
0,06455354
0,01370271
0,1032151
0,04109396
-0,004960752
-0,01147124
-0,06503904
-0,009669231
0,01089154
-0,0247903
0,01445473
-0,0002971684
-0,006621767
0,03630652
0,03353476
0,000657595
0,009573021
-0,01819672
-0,005953375
-0,04645539
0,01501875
0,01696236
0,06581558
-0,01615275
-0,05777588
-0,05088232
0,01750113
0,04745161
0,01671241
-0,01736553
-0,03775591
-0,1417517
-0,07557683
-0,08975518
0,0069614
0,02637662
-0,09807297
-0,1018679
0,03646499
0,1448178
0,05804959
0,05068183
0,08366476
0,06529965
0,09109081
-0,02493265
0,007045961
-0,1165264
-0,1323117
-0,01573223
-0,03393244
0,04454255
0,01296426
-0,003586849
-0,02847549
-0,003418154
-0,005847994
-0,004120407
-0,004709476
-0,001936627
-0,01344593
-0,007979344
-0,01189948
0,03721768
0,03894404
0,0524189
0,02563208
0,05311008
0,03614819
-0,04718715
-0,04582838
0,07973049
0,01538568
-0,0164398
-0,115624
0,02310317
0,0373347
-0,0124416
0,03134079
0,1244158
0,01480168
0,03584439
-0,03766144
-0,05708572
-0,004080681
0,01808585
-0,1372229
0,02697189
0,07156754
0,1152894
0,04905884
0,05816137
0,1581473
0,05862565
0,08326685
0,007526409
-0,1262696
-0,1789104
-0,04677597
-0,04192065
0,02385273
0,02699757
0,10039
0,07033528
0,03607479
-0,03309549
-0,03129948
0,01437789
0,01469042
-0,004798437
-0,01484585
0,01261084
0,008942081
0,04970872
0,04810978
0,006256028
-0,1002088
-0,03561637
0,04540851
0,02087339
0,08556791
-0,004639387
0,02107771
-0,01981924
-0,03263878
-0,1448566
-0,1159679
-0,02067363
0,03532756
-0,02640047
-0,1008511
-0,1375153
-0,1100992
-0,02871397
-0,0687486
0,01546419
-0,03890803
0,0145558
0,02995059
0,05307647
-0,04362358
-0,03025006
0,006592296
0,1231027
-0,02062983
-0,005554727
-0,04408798
-0,08497128
-0,07437106
-0,0642557
0,03086698
0,0529741
0,01241256
-0,0604794
-0,04307507
-0,03360726
0,013233
0,02045171
-0,01509823
0,01712293
-0,02547523
0,02864366
0,03784332
0,01109284
0,1209322
0,05561686
0,02913147
0,02659038
0,06835637
0,09876634
0,06837802
0,08382819
-0,03390594
-0,08548456
-0,1048447
-0,1182459
0,002403824
0,0004597431
0,07891236
0,004873471
0,01900038
0,04554495
-0,08795697
0,05900552
0,09860766
0,03919173
-0,1573436
-0,06631502
0,08598801
0,1024258
0,04325581
0,1464591
0,02760282
-0,128873
-0,1145297
0,04128382
0,004187488
-0,06415328
-0,1180498
-0,09602082
-0,01406028
-0,05905481
-0,01180089
-0,05700941
-0,05602097
-0,04680552
-0,003541795
-0,009632067
-0,02482201
-0,01983023
-0,01457058
0,000601733
0,03399008
0,02427221
0,0160105
0,0362227
0,05970597
0,05120458
0,02830269
0,02623063
0,05474877
0,02705849
-0,02831048
-0,01401182
0,005479173
-0,1136926
-0,06263248
-0,02973985
0,09423258
0,007259925
-0,02143816
-0,05743392
-0,107695
-0,02413766
-0,05953478
-0,05700446
-0,07916635
-0,0551637
0,0381217
-0,05665159
-0,03246073
-0,058951
0,02681245
-0,02022428
-0,05711264
-0,05691925
-0,04868481
-0,07434149
-0,08503961
-0,005460956
0,001301146
-0,03024198
-0,07456569
-0,04262646
-0,01965366
-0,03223386
-0,0174609
-0,04714692
-0,0005016068
-0,01735891
-0,02537322
0,02241309
0,02192224
0,0341626
0,05855368
0,07547484
-0,02201865
0,04144493
0,02350692
-0,05360338
-0,1612458
-0,1539744
-0,03310918
-0,02023846
-0,07910113
-0,1092092
-0,03259948
0,02985743
0,03051493
0,0318535
0,06825468
0,05717232
-0,06878312
-0,2051562
-0,05199708
-0,08819333
-0,2181095
-0,03560299
-0,04572944
-0,08240061
-0,1198177
0,06479748
0,01108375
-0,0121569
-0,0569699
-0,05598778
-0,05359142
-0,09993362
-0,05318545
-0,05968365
0,005294287
-0,03684712
-0,06445896
-0,01527377
0,02063605
-0,01324936
-0,02707594
-0,02709947
-0,01545357
0,03955376
0,006451955
0,0009105075
-0,002213495
0,03826864
0,02990705
0,0379734
0,09195001
0,06477631
0,03390282
-0,02044861
-0,1195974
-0,01324529
-0,02929784
-0,04114345
-0,1284795
-0,1829263
-0,03561453
-0,04091828
0,02838292
0,09200191
-0,02517497
0,1217775
0,005468498
-0,2083404
-0,1991073
-0,02906266
-0,0850201
-0,04622324
0,1085191
-0,1034719
-0,1597706
-0,03698584
-0,06300058
0,01319389
-0,02596762
0,01867975
0,04715771
-0,07383534
-0,07446871
-0,05989256
-0,01490494
-0,02180492
-0,05562074
-0,009565124
0,03782704
-0,05341252
-0,03833898
-0,03362259
0,01011597
0,01665114
-0,02340874
-0,02814961
-0,007366715
0,03327979
0,02459599
0,01544758
-0,01570265
-0,03521086
-0,02890893
-0,08410119
-0,1487783
-0,0174514
-0,05897309
-0,1416278
-0,04605512
-0,01844893
0,01415573
-0,005990989
0,09177037
0,02694649
-0,02108125
0,02740424
-0,04206362
-0,1228819
-0,1508655
-0,005430703
-0,006953496
-0,04565972
-0,05399403
-0,09105772
-0,1715925
-0,1231083
-0,06827281
-0,01527713
0,002442838
0,1040219
0,07135285
-0,01933143
-0,03212535
0,01004899
0,1078873
0,04088717
0,01944118
0,03374366
0,001699386
-0,04223693
0,001452731
-0,005089884
0,01371812
0,03735169
-0,01404544
-0,01088694
-0,004847049
0,047735
-0,01185529
0,06106086
-0,0441403
0,008095668
-0,0205729
0,008688512
-0,08077201
-0,01710568
-0,09321728
-0,08579554
-0,09625061
0,05913597
-0,03379824
0,08141725
0,03296015
-0,02602439
0,04436604
-0,08164064
0,02374355
-0,001013751
-0,1445809
-0,02354947
-0,001055496
0,05287215
0,003175829
-0,05394274
-0,111369
0,01302203
0,09199925
0,0268901
-0,02275085
0,1209038
0,07333878
-0,0004954546
0,1502425
0,1307277
0,1067171
-0,06345825
0,01239711
0,009005815
-0,01356796
-0,01177274
-0,01291644
0,0009501909
-0,003736594
0,004318669
-0,02963592
0,01176673
0,007379564
-0,0005367455
-0,06236206
-0,05192394
-0,09238696
-0,03857774
-0,01445759
-0,00467027
0,02087924
0,05782718
-0,04582849
-0,08208663
-0,04612809
0,0826638
0,07951106
0,1094577
0,05605689
-0,102644
-0,1086884
-0,138222
-0,1191212
-0,1187881
-0,03981525
0,08816048
0,07056466
-0,07216506
-0,1027011
0,007196781
-0,1920158
-0,08974131
0,01286452
0,02057289
0,02496323
0,04625141
0,01772971
0,01621471
0,07786915
0,1563575
0,1196017
0,009779994
0,03708768
0,007488819
-0,02408379
-0,04547861
-0,03087933
-0,02346044
-0,009728243
0,02598633
-0,02727843
0,0160251
0,001505837
0,0004795519
-0,01883287
0,008467147
-0,02967902
-0,06392245
-0,1163279
-0,1033974
-0,01628295
-0,07130521
0,004825532
0,02748157
0,03903799
0,06686831
0,1462639
0,08553045
-0,110868
-0,06444881
-0,01766813
-0,137696
-0,008890853
0,01300771
0,02151445
-0,04840052
-0,1240961
-0,1338465
-0,02369801
-0,03410269
0,03360816
0,06553379
-0,07502537
-0,02927381
0,08805072
0,05144136
0,05892431
0,1675343
0,1406633
0,14011
0,09720296
0,02716169
0,02022981
0,08045687
0,005911066
-0,01314491
-0,01737985
-0,02327606
0,02263314
0,01768786
0,01299672
0,0225808
-0,0196511
0,02407944
0,05367081
0,06563781
-0,1101485
0,01738585
-0,04635154
-0,08157985
-0,028331
0,01089625
0,05232342
0,03863416
0,02885736
0,05828559
0,08288829
-0,1397067
-0,1290033
-0,04752314
0,08144069
0,0695122
-0,01696464
0,004026555
0,1378738
0,02988573
-0,00792255
-0,06063574
-0,1026023
-0,05068383
-0,04883412
0,08109502
0,007129441
0,09014557
-0,04368368
0,1313794
0,02682356
0,1158903
0,06031105
0,1118301
0,1169422
0,04622901
-0,02452665
-0,001534235
-0,006974118
-0,007909945
-0,02817831
-0,005702476
-0,007102983
-0,015208
0,0100452
-0,02139371
-0,01291476
-0,004670894
-0,008644187
0,02848082
-0,08766728
0,03611173
-0,005702388
-0,1240611
0,04991315
0,006240061
-0,005164613
0,0426231
0,07881447
0,05959786
-0,02968326
0,07153672
0,007364287
-0,1379089
-0,08057917
0,1339228
-0,122201
-0,04983253
0,06217548
-0,06017293
-0,01111182
-0,1199654
0,00321324
0,01424275
-0,08378904
-0,07546932
-0,0220709
0,1373431
-0,02351422
0,108776
0,08306083
0,1593245
0,2003525
0,1183771
0,1024902
-0,0285757
-0,08423086
0,0003339003
-0,004202261
8,651136E-05
-0,01830784
-0,02988402
-0,00308366
-0,0279271
-0,01661115
-0,01502876
0,02227839
0,007055652
-0,0187491
0,09963735
-0,06524433
0,0482305
-0,00289231
-0,01369561
0,02790544
0,03996616
-0,06103177
0,06043454
0,074163
0,05451151
0,0984816
0,08553677
-0,09747767
-0,07404506
-0,03618494
0,001404988
0,0319361
0,05357851
0,07351945
-0,01219886
-0,03229223
-0,1212393
-0,008956286
-0,06744011
-0,08560776
-0,05411146
-0,1094841
-0,01435053
-0,05614991
0,0678919
-0,007600268
0,08118902
0,1092057
0,08855944
0,01172594
0,04952064
-0,04592261
-0,009362957
-0,0404687
-0,04361812
0,02557797
0,003818273
0,002175112
-0,04424718
-0,01842612
-0,01119945
0,03594049
-0,0114158
-0,04505854
0,01078339
0,005234201
-0,03081201
0,03495469
-0,03092623
-0,03673106
-0,0554031
0,02326096
0,09873283
0,07656065
0,1011096
-0,008346283
-0,03099691
-0,1104917
-0,09618606
-0,002398313
-0,03225044
-0,08218493
-0,02501637
0,04877191
-0,005255907
-0,01805756
-0,08079928
0,002796893
0,03229709
-0,03764984
0,01944973
-0,01413921
-0,09802752
-0,1066359
0,004832192
-0,09133125
0,004754093
-0,0355011
0,03127174
0,02077089
-0,01843344
-0,01485589
-0,0141718
-0,02047406
-0,001201131
0,01062922
-0,02230379
-0,004465751
-0,00322535
0,008602268
-0,001805283
0,006743827
-0,02042257
-0,01878695
0,04188855
0,03559855
-0,01305021
0,02887071
0,03159134
-0,03556042
0,07149682
-0,02425794
0,09217031
0,1100922
0,01149263
0,08803183
0,083295
-0,09938607
-0,09317856
-0,04112989
-0,07509722
-0,1196672
-0,03876456
0,08663096
0,01269752
-0,0262001
0,03311241
-0,08132476
0,02737355
-0,04088724
0,03104321
0,009003226
-0,09291954
-0,037314
0,0142713
-0,06162514
0,005291442
-0,024243
0,04957103
-0,01350998
-0,05032808
-0,005986692
-0,03990018
-0,00388958
-0,03751081
-0,0235151
0,004813989
-0,03155359
0,01066141
0,01600517
-0,01332704
0,03899631
-0,07553243
0,03845799
-0,04297678
-0,0596532
-0,002978631
0,009898139
0,02344022
-0,01429028
-0,05106438
0,04970651
0,02894148
0,03482828
0,03373458
0,09468052
-0,04614214
0,01215196
-0,07911266
0,03265627
0,04365489
-0,08962433
-0,1459864
-0,03971769
-0,02993057
-0,08886797
-0,1027254
-0,06164718
0,03415937
0,01306933
0,1004357
-0,07019438
-2,018137E-05
-0,04965907
-0,03647221
-0,04916442
-0,01998996
0,07852416
-0,01278996
-0,04149668
0,01424894
-0,068568
-0,02506179
-0,006291861
-0,01783734
0,01507362
0,002957802
-0,006748063
-0,02930607
-0,02090791
-0,01745554
-0,02819386
-0,04089807
-0,02650572
-0,02061448
0,007361725
0,01054228
-0,04918388
0,03857943
0,005211788
0,04946575
0,1197373
0,08145265
0,04495962
0,01423622
0,03799384
0,1120182
0,02607781
-0,1413446
0,0239268
-0,05827249
-0,1289545
-0,1945691
-0,039465
-0,004118986
0,03661088
0,06755884
-0,07366554
0,02669704
0,08084616
-0,006378822
-0,02602763
0,02363738
0,04259259
0,08928392
-0,06463854
-0,06397064
0,004780749
-0,05290616
-0,08774807
-0,02304634
-0,03642177
-0,01383351
-0,001561308
-0,01678754
-0,01526128
-0,01014012
0,02529378
-0,03867536
-0,03187773
0,000536621
0,05239079
0,03580867
-0,1048021
0,0008342533
0,05397417
0,07709087
0,01598855
0,0505437
0,03805956
-0,00499401
0,03945874
0,08596015
0,1189927
0,01126304
0,0694342
-0,0237268
0,1039183
-0,164093
-0,07498451
0,1007074
0,02498716
-0,04905723
0,03676224
0,1364595
-0,03976388
-0,03050195
-0,0165953
-0,05901215
-0,0117688
-0,1485361
-0,0121112
-0,0313933
0,1297562
0,00540129
-0,02019858
-0,01216294
0,02160335
0,07520574
-0,04881708
-0,01807787
-0,05150861
-0,03185228
-0,001493954
-0,02086599
0,009822888
-0,007421177
0,003837924
-0,03606726
0,01871488
0,02241791
0,02805664
0,02222334
-0,03697276
0,003146809
0,0776633
0,08236539
0,07169009
0,05586895
-0,04544494
0,1159149
0,2046765
0,1097393
0,08248217
-0,006855315
0,02626009
0,2014004
0,1071493
-0,062866
-0,1207208
-0,10456
-0,01907625
-0,02168271
-0,02017006
0,04738815
0,08473963
-0,07587185
-0,1210156
-0,08294682
-0,09782292
-0,02915885
-0,01677349
-0,02148936
0,06384172
0,0713866
-0,0260713
-0,01208723
-0,07485154
0,03357648
-0,02331447
-0,0344101
-0,01453584
0,01279549
-0,03663043
-0,02870266
0,02003833
0,02229258
0,0154842
0,01428083
-0,02799094
-0,01856906
0,02570982
0,003934251
-0,03743378
0,008070685
0,06620491
0,05718803
0,02329248
0,05740837
-0,008914337
0,045562
0,009883807
0,09104244
0,04588905
0,02844832
-0,05304917
-0,03461011
0,1181978
-0,03589384
-0,03131996
-0,09344151
0,005461682
-0,05542005
-0,03308821
-0,0718472
0,04360622
-0,08946641
0,003004054
-0,08166167
-0,0346939
-0,03679592
-0,09620464
0,09580271
-0,05715141
0,09814265
0,05057817
-0,03333321
-0,02118392
-0,02392348
-0,06254575
-0,009635152
-0,07226327
-0,07835057
-0,05695363
0,01390181
-0,0421203
0,01114577
-0,01729973
-0,007191248
0,02625053
0,02079397
0,03904947
0,05447684
-0,004746309
0,04077549
0,08352444
0,1214616
0,077834
0,07797256
0,07826638
0,03725514
0,002631677
0,01939625
0,03070366
0,06016115
0,09212089
0,0549924
0,04316032
-0,08111323
0,0029689
-0,01480686
-0,1154382
0,01185988
-0,09357712
-0,05197814
0,02121019
-0,01279796
-0,01497589
0,04865728
-0,01599145
0,07135595
0,1002621
-0,1130775
-0,02833989
0,005425327
0,05763222
-0,05463847
-0,07646645
-0,02646702
-0,08724024
-0,07294204
-0,02485202
-0,009364416
-0,02841629
0,005917838
0,01632615
-0,03591706
-0,04931252
-0,03700576
-0,0216968
-0,008161833
-0,0004354875
0,04927528
0,04014197
0,03863601
0,03589218
0,08251826
0,09969782
0,1200579
0,04349615
0,06663425
0,09947444
0,1765594
0,009612818
0,02622414
0,01719863
-0,00534846
0,01014834
-0,04451079
-0,02486916
0,03380917
-0,08438186
-0,02020696
-0,05198376
-0,03521849
-0,04967046
-0,04398593
-0,06454416
-0,06307811
0,1471919
0,04238589
-0,09807413
-0,1986454
-0,09412058
-0,06168066
0,01708855
-0,01861588
-0,01479594
0,09059213
-0,005908121
-0,0007977256
-0,02084877
-0,03428478
-0,01930807
0,04058116
-0,002217232
0,007831115
0,002744842
-0,006995436
0,02682922
-0,01001327
0,00496115
0,02895398
0,01784911
0,06409087
0,02575166
0,03837771
0,05866599
0,06740359
0,03456396
0,03379196
0,0905597
0,05171177
0,07174257
0,04092176
0,04137233
-0,07535936
-0,07472527
-0,08752859
-0,01226036
0,002693538
0,02661135
-0,1154436
-0,1510914
-0,07863594
0,111546
0,01080583
-0,1370666
-0,069644
-0,007776823
0,1180731
0,01545914
-0,1750539
-0,2327893
-0,08886649
0,04887654
0,03335559
0,1027344
0,1153204
-0,003183311
-0,01982618
0,006721864
0,0002591415
0,01811833
0,006477612
0,009436141
-0,03892298
-0,01903508
-0,03167955
0,002463466
0,02611818
6,452469E-05
-0,001878571
0,07469973
0,07166887
0,04275826
0,041313
0,08714511
-0,004988678
-0,03410896
-0,07770259
-0,03892734
0,02905154
0,01306348
0,04472545
0,1024514
0,04037886
-0,1319037
-0,07344814
-0,02920355
0,00575696
-0,1562119
-0,07989554
-0,1364964
-0,03538457
0,02431206
0,01088327
-0,06895737
-0,02068953
-0,03000298
0,07776916
-0,04481126
-0,1573969
-0,1001046
0,02464107
0,02139178
0,05736165
0,1045666
0,04206778
-0,04842517
-0,02818552
0,007011154
-0,01191002
0,01238757
0,005850455
0,03050069
0,003027448
-0,02962332
0,02211829
0,0173986
-0,004759257
-0,02278115
0,02158739
0,07172906
0,1153247
-0,002188887
0,0573901
0,01058093
0,09624456
0,05966916
0,1560562
-0,04581273
-0,05550474
-0,03132247
0,1024855
0,03458977
-0,06278387
-0,05226229
-0,0300272
-0,1858232
-0,09127523
-0,04656216
-0,05312033
0,0543365
0,01537921
-0,003416259
0,04162562
0,07335585
0,064435
-0,006100331
-0,08687478
0,04879894
-0,07934222
-0,08722626
0,03331499
0,08367812
0,00486383
0,04044295
0,1194701
0,04295653
-0,04550046
0,08643589
-0,03256196
0,06640111
0,01305496
0,007117231
-0,01848911
-0,03594048
-0,01625322
-0,02206949
-0,0296222
0,01757471
0,06449925
0,03033409
0,0688415
0,004855214
0,07480563
0,1068496
0,1083489
0,01013481
0,07029303
0,007372589
-0,0114419
0,04681428
0,007550068
0,09376525
0,0263832
0,01677864
-0,01125626
-0,1552664
-0,144609
-0,09666091
0,02179286
0,05133766
0,06149037
0,0267284
-0,01461292
0,02467638
0,09660614
0,09557917
-0,08993723
0,04592653
-0,05774599
-0,09415954
0,04190847
0,01703131
0,04388884
0,08457352
0,006097983
-0,03431864
-0,02967049
-0,01395032
-0,0004849882
0,04028262
-0,01139292
-0,002451058
0,02382123
-0,02212935
0,01125207
0,02141264
0,001069506
-0,03803002
0,02715198
0,002258735
0,0344073
0,006721154
-0,05716879
-0,08792236
-0,02932127
0,06759391
0,05854421
0,01141752
0,003359726
0,009564991
0,05801537
-0,02754697
0,005673947
0,01630982
-0,0756741
-0,01626599
-0,09404401
-0,09948326
0,05787508
-0,01314277
0,05724002
0,04259913
-0,03740951
0,0118425
0,08402243
0,06210893
-0,06531504
-0,07236569
-0,1140282
-0,1136873
-0,08100732
-0,01748637
0,04997877
0,1176187
0,01575861
0,09391741
0,004233948
-0,04759079
-0,04108715
0,02800537
0,007157347
-0,03327509
-0,03391771
0,02357796
0,02471377
-0,01030386
-0,01857577
0,004942731
-0,04107911
0,005533412
0,01941206
0,02276921
0,09380107
-0,07880864
-0,04774018
-0,01425458
0,003469285
-0,008107037
0,01163416
-0,01291754
-0,0711292
-0,1241081
-0,006131549
0,05877377
0,02075988
-0,1459504
-0,04956745
0,1139476
0,133479
-0,04963944
0,0354789
-0,04460145
-0,0672346
0,0467236
0,01835897
0,07075571
-0,0153917
-0,06687909
0,005387895
-0,04906935
0,02328137
-0,01490937
0,03324452
0,007821016
0,02241448
0,06822567
0,08201865
-0,003359463
0,009423152
0,02475879
-0,008534311
-0,004547664
-0,005621564
-0,01580654
-0,001064901
-0,002602065
-0,01409268
0,01829363
0,0006289331
-0,004675279
0,04411532
0,09442523
-0,02106732
-0,005131057
-0,04185851
0,06580888
0,01124049
-0,02175906
0,0457741
0,06582755
0,005139983
-0,01991325
-0,07016616
-0,02378846
0,04474969
0,1425976
0,005762249
0,06141409
0,04930515
-0,07797761
-0,05748985
-0,06336411
0,03673788
0,07226139
0,1017962
0,08082876
-0,0192239
0,01847361
-0,003150722
-0,09159679
-0,05825602
-0,1248038
-0,05289786
0,06828627
0,02893704
0,01525925
0,08590363
0,006536801
-0,0462611
-0,02130893
-0,003188324
-0,01384856
-0,03810343
0,0131303
-0,01769428
-0,00956534
-0,01525383
-0,008388833
0,005686345
0,02949004
0,01608489
0,002180474
-0,001683619
0,01689014
0,02463808
-0,005866877
-0,09901606
0,02419102
0,05483349
0,04349672
0,046263
0,1516485
-0,01670855
0,04984978
-0,007047322
0,06128832
0,06598058
-0,03507493
0,07209367
-0,08794186
-0,1527843
-0,01779905
0,05172259
-0,03835331
-0,05801645
-0,06698377
0,05248011
-0,08735263
-0,0133778
0,0258563
-0,09911679
0,008538621
-0,09502155
-0,005330831
-0,02301069
-0,01502017
-0,024584
-0,03805424
0,004330898
0,01599651
0,01630559
0,007213475
-0,01591219
0,01279435
0,02873136
0,01805712
-0,003458949
-0,01197714
-0,01902399
0,02406725
0,02160431
0,002363441
-0,05686498
0,01108608
0,05272859
0,01746306
-0,04962831
-0,07093735
-0,02903353
0,0720062
0,06078012
0,01030629
0,06053199
0,02042721
-0,008360016
-0,04519502
-0,1438207
0,005453282
0,02414342
-0,1303332
-0,1159764
0,03256647
0,01763821
-0,004006691
-0,03373418
-0,0003365335
0,04792796
-0,0747144
-0,02968333
-0,03312369
-0,1959925
0,04681994
-0,1010134
0,0170458
-0,05207916
-0,01437884
0,07410104
-0,01599897
0,01917116
0,01821534
0,006466418
-0,006012324
-0,04998068
0,0248479
-0,006710372
-0,009357504
-0,02168389
0,003931959
-0,01020914
-0,04194743
-0,007226457
-0,01989843
-0,009797866
0,00960389
0,07975055
0,1165235
0,08417837
-0,04997196
-0,03492689
-0,06077663
-0,02879749
-0,1287266
0,02635099
0,1099988
0,02814611
-0,03629615
-0,1466001
-0,0620393
-0,08501721
-0,1117745
-0,02297779
0,03012352
-0,04203863
-0,01369726
-0,003107314
0,0535922
0,06678274
-0,0726897
-0,07076311
-0,1217143
-0,06924269
-0,04334329
-0,03210928
-0,07561393
-0,02056217
-0,006554551
-0,03961262
-0,06919337
0,01303694
0,05729509
0,02403442
0,04061274
-0,02408984
0,01647805
0,026345
-0,02957978
-0,01117154
-0,009694466
-0,009073413
-0,04103553
-0,004326155
0,01687776
0,022142
0,05807885
0,0776107
0,08018047
0,1387955
0,1629107
0,04581565
0,1016806
0,01999028
-0,06194898
-0,04622402
0,0158069
0,06398296
-0,04971124
-0,004269871
-0,1509347
-0,04336223
-0,1705473
0,02972587
-0,1007384
0,05409285
-0,02501608
0,02958351
0,08453487
0,1111529
-0,05018879
-0,0210467
-0,00381427
0,01970103
-0,007061909
-0,05059705
0,01624156
0,05010457
-0,05710132
-0,0982409
-0,03979981
-0,01894434
-0,02962626
-0,002261702
-0,001566013
0,02879401
-0,001899554
-0,01756826
-0,0008945178
0,01730642
0,003790346
-0,005050018
-0,00232337
0,003779158
-0,02713231
-0,07405742
-0,06095329
-0,01956222
-0,02949215
0,031373
0,0452068
0,02613698
0,02109186
0,06776121
0,07516336
0,02970743
-0,01144553
0,03801237
-0,05249848
-0,09457069
-0,1639788
-0,04854933
-0,1291257
-0,07745297
0,01188205
0,1106008
0,03682648
0,04837873
0,04812451
0,06178715
-0,05390425
-0,003177434
-0,03261838
0,02395721
-0,003334297
-0,04598439
-0,0219605
-0,04928253
-0,01597853
0,01702978
0,0321914
-0,0392289
-0,02690173
0,03659071
0,007339784
0,0320206
1,562958E-05
-0,005804177
-0,01527875
-0,02689706
-0,03467147
-0,02089558
0,0004123341
-0,069781
-0,05583078
-0,02588043
-0,1286944
-0,0279814
-0,1015235
-0,02103375
0,01416883
-0,09366046
-0,0756445
-0,02148464
0,07679595
0,09171523
0,1108905
0,1290447
-0,01361171
0,01161344
-0,005597773
-0,09050582
-0,0733108
-0,1111934
-0,01542561
0,03433827
-0,009692722
-0,02504978
-0,01471999
-0,03979233
-0,0203559
0,05754209
0,02090098
-0,05946362
-0,05695548
0,01283309
-0,06339513
-0,05274323
-0,1061543
-0,09703357
-0,05199188
-0,07479373
-0,04259064
0,03586917
0,0223757
0,03782297
0,02031423
0,03812746
-0,009276474
-0,008047378
-0,01018897
-0,01508341
-0,04328004
-0,02997871
-0,04832942
0,03683912
-0,007245754
-0,01432502
-0,03434715
-0,02930713
0,0397109
-0,04959151
-0,1005572
-0,09480376
-0,0193691
0,02740711
0,05734964
0,07046824
-0,03657459
-0,04926889
0,00564919
-0,06812616
-0,03504373
0,06909709
-0,03012166
0,2173932
0,17855
-0,07116358
-0,08212181
-0,0849923
-0,0558995
-0,0454733
0,003982684
0,01051156
-0,1191835
-0,0701602
0,03448809
0,03325722
-0,06069407
-0,04683077
-0,01502226
-0,003471924
0,0321694
0,07342262
0,05045923
0,0474525
0,05232396
0,008729618
-0,01441644
0,0128575
6,077818E-05
0,01287309
-0,03517975
-0,02184779
-0,0241298
-0,04985299
0,02783529
-0,03525906
-0,02125068
-0,006263434
0,02422033
-0,05368103
-0,1306369
0,01583707
-0,01780318
-0,08970492
-0,02692864
-0,04532101
-0,06888083
-0,04764995
-0,03842409
-0,08119124
0,06225539
0,04618652
-0,006794184
0,06709341
0,1242782
0,02529669
-0,07322647
-0,05430403
0,1572919
0,01257822
0,05322387
0,06243155
-0,032425
-0,04895198
0,0138323
0,02505555
0,01840982
0,02992914
-0,08252961
-0,04103738
0,01686295
0,04017293
0,04945298
0,01509428
0,0221496
-0,03256504
0,00669352
0,01786176
0,01684279
0,02445986
0,02406896
0,01013839
-0,02315766
-0,07270314
-0,001841937
-0,03697725
-0,05399158
0,06386932
0,01759028
-0,1466216
-0,01792692
0,01602061
0,03314598
0,0006023538
0,09824138
-0,08855715
-0,1201878
-0,127201
-0,01140982
-0,02580377
0,121893
0,02146178
-0,00398552
-0,009569482
0,06711034
0,05915382
-0,140074
-0,1369299
0,08084203
0,09161621
0,006859574
0,119833
0,07838733
0,01675187
0,01718606
-0,05846384
-0,06923114
-0,08725192
-0,005121244
-0,07537034
0,00586478
0,04638707
-0,004664081
0,02869412
0,01037096
-0,0237604
-0,02931253
0,004982411
0,001148287
-0,002031464
0,03298182
-0,05933649
-0,1090744
0,04274592
0,06203712
-0,04190445
-0,03977511
0,06408621
-0,0520081
-0,1486837
-0,01214199
-0,07172034
-0,05042089
0,02154182
0,08094005
0,05374076
-0,0006320363
-0,02930566
-0,005140766
0,04883922
0,02193248
0,0686285
0,09555855
0,01959711
0,02837084
0,08061292
-0,1294975
-0,09520055
0,1230596
0,1329567
-0,02957881
0,03988961
-0,01716879
-0,04011965
0,016486
0,03297256
-0,03727489
0,00882664
0,00230672
-0,02928833
0,0454351
0,02735167
-0,006959056
0,03596897
0,02466473
-0,00544179
-0,003800454
0,01769601
0,02583622
-0,02364246
0,0268027
0,03349524
0,008198015
0,0315826
-0,01628425
-0,02914947
-0,02545299
0,02386174
-0,04135556
0,04292378
0,0289434
0,02499289
-0,08964152
-0,1178137
0,0168217
-0,02258051
0,01042817
0,007452199
0,0193284
0,008461055
0,04102052
0,05112668
0,06569627
-0,03355258
-0,08832213
0,1228216
0,01479059
-0,02407924
0,1793397
-0,04896873
0,0696656
0,06854547
0,04818204
0,0135232
0,1223639
0,03868645
0,04126345
-0,04808915
-0,01268879
-0,02148678
-0,007297795
-0,02912326
-0,02373516
-0,0003783548
0,05361041
0,0154933
0,00487722
-0,01301573
-0,006609936
0,02788342
0,05788024
-0,03937867
-0,03160025
-0,05749471
-0,03773111
0,05966074
0,02739501
-0,05795721
0,00535959
0,01040527
-0,06705721
-0,05325762
-0,01719404
-0,1638904
-0,1687997
-0,1642223
-0,1041772
0,07363857
0,05382655
-0,01436676
-0,1300174
-0,0560088
0,02810335
-0,02405061
-0,07127307
0,05313174
0,006267373
0,01763008
0,162745
0,03313514
-0,01713271
-0,01585441
0,1050563
0,06274854
-0,04384314
-0,05250165
-0,01646215
0,01770461
0,06083754
-0,004622606
-0,008569559
0,002276129
-0,04419725
0,03048479
0,04946328
0,04650122
-0,01369526
0,01378042
0,00172019
0,02293618
-0,007144257
-0,00811598
5,732505E-05
-0,03966434
-0,01127919
-0,03761663
-0,001546534
-0,006237321
-0,04063332
0,007477813
-0,05890841
-0,01175547
0,003682082
-0,1238098
-0,1263687
-0,138373
-0,0259088
-0,07769196
0,07818703
0,1132876
0,01091657
-0,04109694
-0,1275865
-0,006482229
-0,1302832
-0,06430428
0,04495747
0,08977634
-0,006641433
-0,03670246
0,06772871
0,09636878
0,01602511
-0,1040552
0,005891764
0,04708489
0,02773558
0,01696921
0,02692001
-0,02892017
-0,02684885
-0,005507272
0,0335929
0,03499303
0,03652903
0,03075862
-0,007706349
-0,009972142
-0,02310416
0,007020876
0,002907903
0,002767408
0,09391107
0,008283293
0,055843
0,002352289
-0,07917359
0,06006146
0,002688334
0,08056694
-0,05716893
-0,03913722
0,08044992
-0,06475545
0,02095821
-0,1219647
-0,0092518
0,01882505
0,04684036
0,0268845
-0,02257947
0,06252912
-0,07049024
-0,06716909
-0,1077306
0,0003689739
-0,05292146
-0,06514461
-0,1644817
0,008284872
-0,05692044
0,02101527
-0,0206439
0,0377621
0,1795082
0,07953551
0,02417154
0,04883704
-0,02327501
-0,04489647
-0,05076571
0,03957087
0,05256624
0,05432031
-0,009818031
0,03990794
-0,003068189
0,02258494
0,0060015
0,01283278
0,026825
0,02384417
-0,04862341
-0,04696295
-0,02502162
0,03016453
0,02555881
-0,04623552
-0,06030307
0,06562547
-0,0424185
-0,03468607
0,004782015
0,006452949
-0,1116269
-0,1305736
-0,04670162
0,001448402
-0,03985117
-0,03335215
-0,08997884
-0,1298024
-0,08153865
-0,02539644
-0,1166413
-0,1704049
-0,1177928
-0,01688856
-0,008887456
-0,04493415
-0,02997845
0,02233122
0,0503705
-0,009125813
0,0614613
0,0689735
0,03540182
-0,01744912
-0,05575114
-0,08424927
0,02169004
0,05140504
0,0360289
0,03561065
0,03472873
0,03338455
0,03213877
-0,02918327
-0,001337443
-0,02312628
0,08732294
-0,004834233
-0,03201522
-0,01029348
-0,06653115
0,1106
0,08738966
0,08186237
0,01546845
0,03670096
0,05583975
0,004014203
-0,03163266
-0,003756801
-0,07849792
-0,04708141
-0,04971439
-0,1124307
-0,0481553
0,1094008
0,08771608
0,07085523
0,0160312
0,0426427
-0,1537186
-0,08221564
-0,1270785
0,02450725
0,05994073
-0,0674247
-0,1131897
-0,02180503
-0,06127267
0,05076233
0,07091057
0,02824198
0,062004
0,06569713
0,003639658
-0,02925828
0,01833986
0,02697858
0,006248311
0,04265892
0,02248144
0,004899225
0,02207385
0,02121627
-0,001163456
-0,01346388
0,002210573
0,02878366
-0,02865453
-0,06892189
-0,08022998
-0,008684148
0,08345769
0,08707274
-0,04095734
-0,007185137
0,07247096
0,06012367
0,02786798
0,006877855
-0,1350358
0,05896017
0,1208129
0,08377752
0,07339314
0,08859017
0,1535669
0,09447626
0,0424977
0,02548976
0,01328911
-0,01760321
-0,08795165
-0,1162559
0,009792374
-0,05316381
0,004844462
-0,08717834
-0,01786796
-0,00373934
-0,06176215
-0,0260615
0,02791744
0,06419685
-0,02339341
0,03292082
-0,01282967
0,006276216
0,01066057
0,03179898
0,04653148
-0,01018439
-0,02611687
-0,005619322
0,006521448
0,008520178
0,02417113
0,0289622
-0,03700809
0,002154632
0,02197674
0,01745825
0,07636042
-0,005190439
-0,02751173
-0,01478215
-0,01559045
0,08125542
0,07287963
-0,006775507
-0,05292686
0,05454468
0,07805627
0,02573437
-0,03461299
0,02673319
0,09382054
-0,0248202
0,02007262
0,104176
0,008318946
0,06245551
0,04801479
-0,06938814
-0,1080714
-0,06343669
-0,1048352
-0,02424625
0,01903716
0,04175121
0,02259842
-0,002796382
0,01532889
0,006138487
-0,03394986
0,02432471
0,04370235
0,05453663
0,0352887
0,04374205
0,02495702
0,04023338
0,00856964
0,02073714
-0,03043015
0,01261927
0,04044477
-0,04355119
0,1044241
0,06414582
0,0485715
-0,03349758
0,04618088
-0,07448173
-0,05001892
-0,006663241
0,05629604
-0,04295382
-0,03031136
-0,01546168
0,1209601
0,2121092
0,001160903
-0,1049356
-0,09815491
-0,1846693
-0,05992355
-0,0703536
-0,105783
0,01841258
-0,03331282
-0,0424084
-0,02995529
-0,1564698
-0,09489396
0,009864757
0,0927538
-0,02455341
-0,04952858
0,1005143
0,03574248
0,02099273
0,08083271
0,02575913
0,001810348
0,02435399
0,03108538
0,08428228
0,0006273901
0,03933892
0,02589194
0,0163811
-0,04030582
0,02420042
0,02938245
0,01850361
0,01627842
-0,05114952
0,008106856
-0,007934405
-0,02779965
-0,007988755
0,007333429
0,04356538
0,04751765
0,004956868
0,009294524
0,00197869
-0,01262809
0,05098329
0,1389569
0,1523972
0,1202593
0,01546129
-0,07963957
-0,09034446
-0,018442
0,03079641
0,1026408
0,02111161
-0,07641304
-0,01493846
-0,02960684
-0,1733516
-0,004301429
0,02836201
0,02009724
0,09539878
-0,01009689
-0,006195274
-0,05402701
-0,04431025
0,02573652
-0,007823353
-0,003663621
0,02465776
0,02602411
0,007202662
0,02317321
-0,01451674
-0,02632764
-0,01370297
0,009795416
0,005217837
0,01484838
-0,03416836
0,01569214
0,05954596
-0,0509393
0,01821322
-0,01372572
-0,03039107
-0,05194047
0,07064646
0,0002444292
-0,02721686
0,02635961
-0,05665757
-0,03658646
0,08774836
0,08919501
0,1727056
0,04741476
0,03820679
0,03242863
0,09734627
-0,07121442
-0,01803041
0,08049274
0,0136419
-0,01976311
0,04634199
0,09708729
0,1284164
-0,0008778314
0,05610316
-0,01019984
-0,008978654
-0,05914227
0,03292224
-0,001405377
0,02941368
0,03139541
0,01041285
-0,04405177
0,01343132
-0,0059827
0,02786594
-0,002154277
0,004123209
0,01252336
0,007564268
0,002734333
0,01678921
0,01619524
-0,02651996
-0,008333567
0,1056467
-0,02226954
-0,007658502
-0,0610724
0,05553318
-0,0018667
0,09046812
0,1343696
-0,00705638
0,04325626
0,0223304
-0,007411233
0,05361184
0,1508912
0,1431265
0,05148852
-0,1702337
0,05982973
-0,0709459
-0,06857686
0,06346139
-0,062022
0,09656764
0,05897101
0,002103081
-0,06904034
-0,03583829
-0,06833265
0,09973378
-0,0464613
0,05315941
-0,03184936
0,06587824
0,03804565
0,06777114
0,03291881
0,003120206
-0,01120182
-0,02673021
0,01874762
0,04554299
0,01085847
0,004136728
0,02920026
-0,02318626
-0,03061601
-0,01401383
0,01082594
-0,007575592
-0,02844539
0,05058027
0,03524866
-0,006875164
-0,04513581
-0,05465016
-0,004279054
0,04020295
0,1147593
0,05385599
0,004602022
0,01783873
-0,03838689
0,1270062
0,1250239
-0,01510582
-0,01284675
-0,02821908
0,07070459
-0,05377957
-0,01606338
0,07585544
0,02084207
0,01094238
0,02890649
0,09181242
0,0576072
-0,01409439
0,03345301
0,05524603
0,03904917
-0,006123439
-0,08235113
-0,05125525
0,03080839
0,09235012
0,002185426
-0,003353325
-0,02671594
0,006895559
0,004821778
0,02528921
0,01682084
0,01774421
0,01216018
-0,008326802
-0,01470878
-0,009855975
-0,006324319
0,0005124852
-0,0009075238
-0,06030527
0,06425911
0,01052189
-0,0573107
-0,03678661
-0,08110552
-0,08076888
0,0174212
0,0531144
-0,08825856
0,004408209
-0,0390559
0,01655034
0,05822595
-0,02582601
-0,0941616
-0,01191368
0,0685537
-0,04225165
-0,02860025
0,05204056
0,1127245
0,02346359
0,08465785
-0,005824927
-0,001053715
-0,01896196
0,01171171
-0,05092194
0,0153892
-0,01203958
-0,1929919
-0,004143144
0,01686096
0,01205585
0,01704039
-0,02469825
-0,0001471024
0,04455931
0,02969969
0,05039824
-0,01531809
-0,01089473
0,02492382
-0,02325994
-0,02096909
0,02856156
0,002299781
-0,006933376
0,03398103
-0,0660832
0,01425221
0,05513778
-0,004266921
0,0304681
0,06756532
0,04788758
0,07077261
0,05418287
0,007022432
0,07764292
0,01777002
0,05675691
-0,05093573
0,04963139
0,07077669
-0,04900164
-0,0715055
-0,0645311
-0,1274141
0,007873042
0,06313594
0,008358734
-0,111342
0,04620257
0,06400917
-0,03816995
-0,09497388
-0,08753506
-0,01797183
0,003703628
-0,01656085
-0,04170424
0,02737414
0,014963
0,06467446
-0,06472667
0,008479323
0,02701733
0,053337
0,02916314
0,007209656
-0,01955327
0,002190702
0,01348892
-0,007546695
-0,000576675
-0,00768957
-0,04910108
-0,03314176
-0,04825883
-0,03681908
-0,003344787
0,04786818
0,04193475
-0,03657255
-0,04542417
0,1087808
0,07278763
-0,0483046
0,07305089
0,1714559
0,1272249
0,0403619
0,06257512
0,1139404
-0,02941819
-0,09825609
-0,006784813
-0,1093789
0,07863738
0,07301886
0,09414015
-0,03365382
0,1277543
0,05279683
-0,008594173
-0,0223818
-0,02876064
-0,1287582
-0,07013533
-0,05977053
-0,002405033
0,07692205
0,01567066
0,03206235
-0,05600203
0,02709625
-0,02235572
0,01204955
-0,007404131
0,00255432
0,01351209
0,01717626
0,006792326
-0,03098825
-0,008679596
0,01039604
0,005904672
0,02949
-0,03029899
-0,02506423
0,01124407
-0,03798464
-0,07686928
0,06189367
0,02813201
0,04469124
0,02707206
-0,06142997
0,03016777
0,09581305
-0,02594015
0,1651523
0,09917426
0,1145456
0,07169002
-0,07309256
0,02659383
0,01465613
0,03996704
-0,00865629
0,1709916
0,0930696
-0,05345171
-0,04555638
-0,09361751
-0,02551928
-0,07898374
0,01272633
-0,04554468
0,01813177
-0,00975568
0,07846028
-0,02252029
0,0245524
0,05336939
-0,02721133
-0,03935551
-0,02152508
-0,01040902
0,02433689
-0,01032123
-0,01510963
0,002862774
-0,02645905
-0,02471793
-0,001411561
0,0165391
-0,0007839923
0,03081717
0,02290846
0,02217547
0,007922848
-0,05840728
0,0422421
0,02707323
0,08713116
0,01716015
-0,02497962
0,06105222
0,08950181
0,06263778
0,1069037
0,06724652
-0,09074128
0,006466172
-0,02984136
-0,06801467
-0,007390125
0,05069658
-0,006698817
-0,009827353
0,01543417
-0,0346835
-0,04917574
-0,02230252
0,008386748
-0,03910058
0,03019613
-0,02098167
0,03251638
-0,005778848
0,08865362
-0,01552344
0,04879904
-0,04394569
0,008879794
-0,01667245
-0,03157849
-0,01885198
-0,008196408
-0,006978344
0,003312276
-0,003798907
0,0233036
0,009191454
-0,01929341
0,02174934
-0,02755702
-0,06023898
-0,06147785
0,0571794
-0,02724876
-0,02433885
-0,06990981
0,02729617
-0,006238158
0,06527207
0,01263227
-0,09282839
0,06273525
0,1676761
0,07257953
0,10932
0,04562604
0,006361812
-0,008321001
-0,02454134
-0,04790414
0,08090604
0,1055854
0,003700466
0,05527097
2,311833E-05
0,05091809
0,08360206
0,06009439
-0,05233502
-0,06534084
-0,01407386
0,03181374
-0,02863687
-0,01106827
0,007701169
-0,03674829
0,04866991
0,01290323
-0,0008633835
-0,03071183
-0,02107552
0,0005899959
-0,02550001
-0,0309907
-0,03093657
-0,01109245
-0,0006357571
-0,00310308
-0,02901219
0,02419646
0,01875747
0,05841435
0,0566563
-0,02608894
-0,05227489
-0,06923927
-0,06450073
-0,008309943
0,009652813
-0,009908366
-0,08638222
0,08209734
0,1262091
0,1080651
0,1340532
0,1311919
-0,0004070238
-0,004806556
-0,07247338
-0,01405182
0,1204139
0,161333
0,005472916
-0,08316827
0,07574683
0,07577314
-0,05199503
-0,05943176
-0,03419421
-0,04030107
0,03409442
0,05518726
-0,006918128
-0,001984783
0,02802474
0,01519959
0,03176406
-0,02060442
-0,03164197
0,02933839
-0,03062684
-0,002729128
0,007887498
-0,008436765
0,01503651
0,01151598
0,02686342
-0,02042172
-0,01715591
-0,007866032
-0,0195687
-0,005056489
0,009649461
-0,005600409
0,01601814
0,02184509
-0,02617074
-0,113138
-0,08210389
0,04678589
0,04992479
0,04522279
0,09290896
0,08734204
0,02591563
-0,1010407
-0,1222191
-0,08937559
-0,03614982
0,02394268
0,05844896
-0,0346296
-0,05775283
0,08241298
0,07212787
0,001336033
0,05258277
-0,01960584
0,007779645
-0,044359
0,02773947
0,03620429
0,01067671
-0,004998882
-0,05656776
-0,01532654
0,00976105
-0,007000903
0,007940986
-0,02433336
-0,03225906
0,02286684
0,001655879
-0,01687771
-0,01443826
-0,01801446
-0,0288813
-0,01003763
-0,001134263
-0,0008580756
-0,0473066
-0,01718882
-0,02057943
0,02058315
0,004081302
-0,02423927
-0,00427542
-0,03026318
-0,0728337
-0,1093355
0,03045763
0,06373959
0,02939738
0,01728649
-0,02603335
-0,009925747
0,07144419
0,02931261
-0,05827237
-0,014448
0,06366551
-0,06538941
0,0517398
0,05664729
0,1392076
0,03525146
-0,04282016
-0,08587874
0,009549338
-0,02287838
-0,03142132
0,02181693
-0,000575212
0,02911062
0,02090965
-0,06077867
0,004725306
-0,04141124
0,003510223
0,01541699
0,02268419
-0,02362285
0,0152043
-0,02945867
-0,01371769
0,001292271
-0,009448521
0,03056318
-0,00647511
-0,03005658
0,01682599
-0,003007893
0,02987582
0,01247068
-0,0518917
-0,0002821219
-0,02085546
-0,01159095
-0,06937214
-0,09548666
-0,06364286
0,04000228
-0,005545307
-0,02849983
-0,07577189
-0,02848025
-0,01402859
-0,122774
-0,1010972
-0,05308976
-0,05600799
-0,08845951
-0,03133469
-0,02632387
0,001847367
-0,04723703
-0,07533913
-0,05497208
-0,08773331
-0,01934601
-0,0383438
-0,03923845
0,04068974
0,02959738
-0,03740377
-0,01160937
0,02684189
-0,003687272
0,02376794
-0,02106314
-0,009681372
0,009192495
0,003422807
-0,00779353
-0,004862596
0,02814261
-0,008062221
-0,005619054
0,01855544
-0,01136712
0,002186104
-0,000851369
-0,004396
0,04941548
-0,02448504
0,003705426
-0,02059197
-0,05578071
-0,08087328
-0,04749608
-0,01434217
0,03457255
-0,07502165
-0,0814431
-0,02844265
-0,002105168
0,002610403
-0,0510656
-0,1711071
-0,1098631
-0,1086958
-0,004705427
-0,02372709
-0,03220153
-0,01023865
-0,005279202
-0,03586078
-0,02085626
-0,04005828
-0,06106171
-0,03338561
-0,01906359
0,01998897
0,03690656
-0,003713332
-0,03577963
0,0147333
0,03151661
-0,01164014
-0,008059888
-0,001723823
0,01635015
0,009232315
0,009721644
0,01265052
0,01553889
0,005427095
-0,002852512
-0,006112647
-0,009996195
0,009003456
0,01866345
-0,02457873
0,002274272
0,006603501
0,023121
0,04989994
-0,005907322
-0,02163185
0,008137065
-0,03493619
0,02660753
0,02051844
0,01593706
-0,01591395
-0,04468162
-0,05825966
-0,09851401
-0,1007724
-0,07320458
-0,07138509
-0,005548221
0,0004617515
0,0314065
-0,02648339
-0,03757764
-0,03170206
-0,0134647
0,0147218
-0,0140297
0,005861469
-0,001205757
0,02069787
0,01010184
-0,007510373
0,02261151
0,03578855
0,0115598
0,01590433
0,03254861
-0,01663869
-0,02225639
0,01590192
-0,004116782
-0,01823101
0,003269869
0,02730545
0,01072792
-0,02217767
-0,01442783
-0,03334429
-0,02006958
-0,01447602
0,01379658
0,01230449
0,002179556
0,02818357
-0,04217582
0,008490558
-0,006154812
-0,002681534
-0,004710717
0,03062484
-0,01167961
-0,008427555
-0,04368332
-0,08470847
0,005429289
-0,01825321
-0,03055911
-0,0605454
-0,07279797
-0,009626937
-0,03077996
0,003635163
-0,05461871
-0,02538786
0,01243614
0,001644262
0,01932599
-0,0154838
0,03495879
0,007581912
-0,001948214
0,01880852
0,01007312
0,007831807
0,01024718
-0,001843085
-0,01916707
0,02697824
0,021707
0,01753121
-0,02721367
0,004147631
0,01293478
-0,02541608
-0,00879395
-0,0008139281
-0,02965293
-0,0106976
-0,03861266
-0,01222795
-0,01600975
-0,0237118
0,02094866
0,02243174
-0,00953934
-0,02994375
-0,03975832
0,01427312
-0,02727288
-0,0147356
-0,05259718
-0,03068447
0,007940301
-0,01566611
-0,02689321
-0,01541091
-0,04436656
-0,01876136
-0,01126487
-0,04607788
0,007364221
0,02857151
-0,0171678
-0,0250116
-0,007177723
-0,02003351
0,007145179
0,01956568
-0,02003461
-0,01595611
0,01368248
-0,008748688
-0,01157826
0,007281977
-0,03051621
-0,005576008
0,01167602
0,01576284
-0,01126011
-0,003796188
-0,01302086
-0,01188379
0,01673817
0,0005129603
0,01135068
0,0254698
-0,0259893
0,007861049
0,001632355
0,001818119
-0,02411718
0,01244877
-0,03109473
0,005714539
-0,03456535
-0,00555887
0,005587277
0,008250075
-0,02188953
0,005319862
-0,01809539
-0,02662673
0,01777884
0,02508602
-0,006374721
-0,01325325
-0,01912565
-0,005511696
-0,04990562
-0,01954258
-0,02619529
-0,005475666
-0,02668268
0,02563694
-0,03055136
0,03166143
-0,0243694
0,02765576
0,005531139
0,007425552
-0,002816688
-0,01380705
0,002423632
-0,0006263019
-0,02545992
-0,02620564
-0,01075002
0,016139
0,009126863
0,0002423471
0,01764813
0,02882077
0,005515456
-0,001147672
0,02060918
0,02999804
0,005392188
0,01696383
0,02251247
0,02606646
-0,01384047
-0,01678175
-0,001917825
-0,00543398
0,01128462
0,003694073
-0,001005639
-0,01336618
0,003843451
-0,03644562
-0,01837074
-0,004440565
-0,02151299
0,002366018
-0,007436218
-0,01640177
0,006710512
-0,03837135
0,01663569
0,01048496
-0,008429135
0,01215895
-0,03407056
0,008758544
-0,001207828
-0,01820143
-0,02204426
0,01821492
-0,02043973
-0,02245883
-0,007552919
-0,0134685
-0,02113334
0,006714213
-0,008725622
-0,01613624
0,007822031
-0,02591133
0,02988108
0,009831784
0,01083745
-0,01989873
-0,01828716
0,006266493
-0,02687164
-0,02200741
0,01858016
0,02892532
-0,02379129
-0,006637298
-0,02135438
-0,002524097
0,02641666
-0,01872156
0,00160156
-0,004934434
-0,02192773
0,03129606
0,0330035
-0,005147453
-0,01271675
0,01080729
-0,02486722
-0,004709103
0,00635509
-0,03270404
-0,01412515
-0,01053647
-0,02735859
-0,03132043
0,01212987
0,009638734
-0,02155005
-0,01396723
0,02573218
-0,01669579
0,01230305
0,006268208
0,002367261
-0,0152766
-0,01530294
-0,02668976
0,00514513
0,01015187
0,02749782
0,02753058
-0,009509547
0,02743266
-0,0227572
-0,02777357
-0,01972815
0,01143333
-0,0249759
0,001135132
-0,01489381
0,02856122
-0,02463067
0,01223962
0,02550047
0,02239481
0,009087256
-0,01482296
0,01431319
0,02929367
0,006094319
-0,003980035
-0,01397809
0,01366758
-0,01389747
-0,01704899
0,01172518
0,007891618
-0,0009747964
0,01604392
-0,01997427
-0,01620848
-0,02969561
-0,01363336
-0,008666233
0,009282297
0,01851487
0,002127119
-0,006328219
-0,01981523
0,02667252
-0,02486696
0,00902233
0,008065063
0,02708719
0,02714044
-0,01918198
-0,03158864
0,009182111
0,008943361
0,008626438
-0,02826028
-0,008520569
0,008243199
-0,02228428
0,005622569
0,01159831
0,006275923
0,01167415
0,02435796
-0,005283604
0,01147184
-0,01442097
-0,009463962
-0,01122805
0,02501152
0,02207464
0,01164515
-0,02082049
-0,01909867
-0,02838701
-0,02655078
0,02057295
0,001414758
0,02999684
-0,003528197
0,01356018
0,01123649
0,02005352
-0,009645734
-0,02726053
0,007511713
0,0183014
0,01548924
-0,02564623
-0,01978892
0,03095126
-0,001293682
-0,01483191
0,02630117
-0,0279334
-0,01597372
0,02280048
0,0005959179
0,01792978
-0,01328762
0,02277898
-0,00914672
-0,009685911
-0,02760348
-0,02300421
-2,465952E-06
0,02112054
-0,0008519543
0,008222443
0,005837078
-0,01821164
0,02115063
0,008570382
0,01235495
0,02440746
-0,02579682
0,01918585
-0,005713855
0,02214087
0,01732846
0,022146
-0,0005535565
-0,01592335
-0,02192903
0,02575201
-0,007168562
-0,00401129
-0,01692384
-0,02190606
0,01708689
-0,0198967
-0,01069105
0,01366168
0,0135419
0,003674583
-0,009115793
-0,01378855
0,01462432
-0,01993716
0,002634828
0,01757699
-0,008991707
-0,02144876
0,001273483
0,02957748
-0,02125489
0,02096836
0,004206421
-0,02686636
0,02933278
-0,003568017
-0,0009440684
0,01034616
-0,02877742
-0,004001773
-0,006346182
-0,02314652
-0,01769158
-0,0225866
0,0148406
-0,02596132
0,008307029
-0,008704185
