0,02238714
-0,008021828
0,01655347
0,0296823
0,02575246
-0,0136007
0,00449535
0,02489852
-0,001604075
0,01541487
0,02791911
0,02265019
0,01555818
-0,01327438
-0,01164058
-0,01833072
-0,001364927
0,004052552
0,03026605
-0,0160278
-0,01999441
-0,01010377
0,01682328
-0,006868807
-0,0221772
-0,01584771
-0,01167759
-0,0002102317
-0,01017177
-0,0009917583
0,02564031
0,01134994
-0,02177586
0,009784291
-0,002038695
0,0208174
0,0105218
0,01402786
-0,008014371
-0,01425946
-0,01482968
-0,01968239
0,02974398
0,0267228
-0,004611381
0,01076164
0,02530214
0,02440155
0,03057778
0,0280055
0,01001425
-0,004594401
0,01289031
0,01959142
-0,02530504
0,000476553
0,00496554
-0,007976427
0,02405326
0,01364158
0,03163998
-0,02090911
0,003511741
0,02866329
0,01849687
-0,01371545
0,01340613
-0,02447446
0,01958891
-0,00229661
0,001696564
0,0147268
-0,01636323
0,01246212
0,02813546
0,02910335
-0,01202652
0,01917045
0,0212002
-0,005242881
-0,01272917
-0,009012322
-0,004084119
-0,005608643
0,01914251
-0,001672521
0,0256043
-0,01349176
0,003902535
0,02610282
-0,01381373
-0,01249936
0,02279709
0,009466887
-0,01256179
-0,0222716
0,006914276
-0,02824463
-0,0211346
-0,02147474
0,02703241
0,02088535
-0,02682378
0,001726266
-0,0001913518
0,03859362
-0,01304189
0,02881561
0,02433482
-0,01909603
-0,008407656
0,0230468
-0,002414619
-0,007227431
-0,005562817
0,00488535
0,009788937
-0,02052225
-0,02314631
-0,01238018
-0,0122672
-0,005279327
0,0004935951
0,02393076
-0,01983507
-0,01885778
0,01593685
-0,002081678
-0,01276183
0,01151201
-0,002270293
-0,01676434
0,00429588
0,009729555
-0,007469249
-0,001624349
-0,014745
0,02452088
0,0280295
0,02196894
-0,0116473
-0,02976267
-0,005162898
-0,002541937
0,01094285
-0,001162247
0,02208878
-0,0003679041
-0,01170183
0,01478582
-0,002102526
-0,003531741
0,0271937
0,01886153
0,02988484
0,01621005
-0,00627663
-0,01559529
-0,002692036
-0,0128084
-0,01140892
0,02901726
0,01350784
0,0380457
0,01520262
0,02466922
-0,02670116
0,00807636
0,02269716
0,02178948
-0,01698345
0,01374574
-0,01892888
-0,0193373
0,01690434
-0,02412867
0,0152077
0,03221644
-0,03033033
0,005248513
-0,01064159
-0,01838767
-0,02390002
-0,008291364
-0,01993253
0,02242186
0,000487877
0,01446318
0,02652884
0,02359837
-0,02219624
-0,02468308
-0,001672519
0,009788618
0,01948508
0,006874627
-0,001241003
-0,001604068
0,02127314
0,02136037
-0,003352192
-0,01179827
0,01903247
-0,002925435
0,004987825
0,02314005
-0,02562401
0,03120771
0,05173532
0,02915718
0,01918047
0,007411595
0,04499199
0,02268742
0,03140979
0,01547867
0,001494786
0,01798882
-0,002195521
0,002530863
-0,007815018
-0,02926745
-0,002647152
0,01492991
-0,01070097
-0,04712017
-0,0289884
-0,008921252
-0,01852986
-0,02523407
0,01047001
-0,007700442
-0,03475172
-0,01863297
-0,0125971
-0,04592292
0,00528878
0,03654746
-0,004052737
0,01131934
0,008217055
-0,002430046
0,009038691
-0,01447816
-0,004657103
0,0203435
-0,02086996
0,02728599
0,02718649
-0,02027768
-0,01740484
0,0110915
0,02597108
-0,0379025
-0,02510403
-0,03847363
0,01817393
0,01587107
0,0171596
0,00919099
-0,002488527
0,01094488
-0,0207134
0,02198619
0,021835
-0,01602019
-0,01292632
0,003298621
-0,005447342
-0,002559458
0,01396519
-0,004052303
-0,009342846
-0,005719456
-0,04933957
-0,01031772
-0,05552183
-0,08099829
-0,02279948
-0,01251945
0,01257583
-0,0324341
-0,02373857
-0,03353478
-0,05375963
-0,06082956
0,02635353
-0,01187911
0,0803762
-0,03211799
-0,007424311
-0,01839999
-0,02860538
0,01446455
-0,01964272
0,02297142
-0,01144879
-0,01948689
0,00704315
-0,01067338
0,009019845
-0,00147243
0,01641166
-0,01630268
-0,03550551
0,003437468
-0,002353092
0,03708654
-0,02178269
0,0371235
0,04614303
0,004089837
-0,01841876
0,02423387
-0,0008959723
-0,02772305
-0,02002588
-0,03520062
0,008993947
0,0111753
-0,001991694
-0,02604452
-0,009864466
-0,05172567
-0,03810589
-0,008395961
-0,07569478
-0,06160821
-0,04135398
-0,081461
-0,04034188
-0,01222984
-0,05161996
-0,04840406
-0,04516989
-0,02070377
0,01271471
0,001279664
0,03943593
0,04271984
-0,001116537
0,03154753
0,02569084
-0,01349818
-0,000343732
-0,02510008
0,01908576
-0,02501445
-0,01953939
0,01865743
0,003694056
-0,01558109
0,002743441
0,06808025
0,008205464
0,000205409
0,0001878159
-0,02257917
0,01532071
-0,007603721
0,06251462
0,03343131
-0,0004391878
0,02742549
-0,008847829
-0,03930461
-0,01268872
-0,06337854
-0,01877929
-0,09084275
0,005537739
-0,03995203
-0,02963729
-0,06516758
-0,001952871
-0,01028346
-0,1011464
-0,02557079
-0,06146602
-0,0831755
-0,01792854
0,03038428
0,02073372
-0,03855173
-0,07601579
0,004463589
0,0572093
0,0835803
0,05381167
0,067876
0,01517666
0,005186384
-0,0007051704
-0,008659871
0,01444281
-0,02215845
0,004249374
-0,02975208
-0,0128999
0,01385168
-0,01522397
0,01497177
-0,01187194
0,02051623
0,0252015
0,0234162
-0,01250434
-0,007185516
-0,02929291
-0,023207
-0,04286735
-0,01633543
-0,01030199
0,05953857
-0,05988288
-0,02841824
-0,004463112
0,01473171
-0,01443005
-0,01517209
-0,009099715
-0,03240695
0,004085155
-0,1199957
-0,06533746
-0,07630771
-0,02085968
0,04024667
-0,05358288
-0,03597282
0,04596702
0,04985724
0,06587023
-0,07493756
-0,02557091
-0,06079559
-0,008794796
0,1110128
0,04320487
0,01921069
0,03917273
0,01220165
0,01588968
-0,02792734
0,00512886
-0,02182246
-0,03597091
-0,007438774
-0,01057929
-0,02850455
0,006982175
-0,01581378
0,04192919
0,07975931
0,02644268
-0,04611703
0,005676853
-0,104133
-0,04724783
-0,007201804
0,03184877
-0,003224077
0,0704001
0,1325839
0,06419854
-0,02276336
-0,0374629
-0,07042386
0,02935253
0,03058728
-0,06659149
0,02413682
-0,01099967
-0,1199672
-0,04248998
-0,1438342
-0,03906548
-0,0416332
-0,0236607
-0,07093658
0,0325086
-0,0201286
-0,08593884
-0,05026578
0,007990411
0,06211492
-0,05055501
-0,03410365
-0,005467376
0,09087984
0,09627713
0,04221132
0,04747462
-0,01485725
0,008649589
-0,0006073507
-0,03829141
-0,01717018
-0,00770125
-0,009508241
0,01069935
0,01872139
0,04334861
0,08136121
0,03522246
-0,02228092
-0,01409613
-0,07740337
-0,03354523
-0,05089088
-0,04926477
-0,02825867
0,01397052
0,09750234
0,04290118
0,03187517
-0,06912745
-0,05561445
0,001484527
-0,00145661
-0,04005754
0,01410093
0,09206414
-0,03398628
-0,04217663
0,007048374
-0,07967794
-0,1495941
-0,0187465
-0,0006641296
-0,01689143
-0,1171543
0,003426868
0,03254917
0,1150531
0,1382251
0,02023928
0,03531489
0,1262761
0,01397097
0,1637881
0,06789833
0,007777434
-0,03472167
0,01205629
-0,02504011
0,009525449
-0,006010129
-0,00252707
-0,02828046
-0,0006216322
0,01000584
0,002504585
-0,01180182
0,002526538
-0,06655172
-0,0806389
-0,05116297
-0,01018591
0,07853737
0,03994004
-0,01760096
0,02327372
0,10074
0,0413231
0,05141169
-0,04661757
-0,002300975
0,03172437
0,06237209
0,1197782
0,06613006
0,1469724
-0,05058653
-0,01007836
-0,008270014
-0,01782806
-0,04813942
-0,02934832
0,1109126
0,02830463
-0,1624541
-0,06686331
0,02758915
0,02359396
0,07325821
-0,04238439
-0,02657058
-0,07041988
-0,04824196
-0,005590608
0,07912525
0,0333643
-0,004883138
-0,03665754
-0,01545452
0,01477001
0,001211965
0,01786088
-0,0259615
0,01050165
-0,01766027
0,04370319
-0,03168821
-0,01979838
-0,03187693
-0,03611578
-0,06230311
0,000335564
0,02209805
-0,06463926
0,03944372
0,02255341
0,0322447
-0,05483963
-0,03074341
0,007433831
-0,1007157
-0,002302031
0,06161876
0,01346043
0,04703766
-0,0338696
-0,0228668
-0,05354722
-0,05423727
0,04210334
0,03973857
0,1847652
0,1454427
-0,0890393
-0,06924932
-0,0905492
-0,168652
-0,08968271
0,05134482
0,0494422
-0,01084797
-0,07517566
0,007988495
0,03732081
0,04221373
0,05525474
0,02153348
-0,0287155
-0,04578736
0,007977363
-0,04698806
-0,03952331
-0,002695985
-0,01063868
0,007893096
0,02492742
0,03756113
0,08577263
0,01356093
-0,05192226
-0,08564576
-0,1082963
-0,06444494
-0,02376889
0,03815973
0,1333648
0,2061003
-0,03280805
-0,05399704
0,005714426
-0,03731291
0,04468526
0,1039999
-0,03039678
-0,06173612
-0,02495807
0,05088413
-0,02727732
0,0586312
-0,1644585
0,02873155
-0,005887572
-0,03514588
-0,03379824
-0,1323037
-0,1011979
-0,03007215
-0,0865077
-0,07236885
0,1203863
0,09778249
0,003441269
-0,05683231
-0,0295628
0,0448691
0,1204472
0,02866525
0,01637058
-0,02384063
-0,04097997
0,01108468
-0,006345172
0,01591877
-0,02855684
-0,01609069
0,004487419
-0,029487
0,03011225
0,04173285
-0,05191771
0,05215102
0,02077849
-0,04176352
-0,03618319
0,1224761
0,1301099
0,1890909
0,00303971
0,02598853
0,02469478
0,05052167
0,07357671
0,09008445
-0,0289548
-0,06203457
-0,005484742
-0,003672843
-0,000144827
-0,02685902
-0,07548208
-0,04015025
0,04309366
0,01631871
0,1214143
0,0501057
0,04454854
0,05285461
0,06793491
-0,05522973
-0,1022301
0,1092611
0,005461493
0,01423877
-0,02755542
0,06711366
0,04361552
0,05202178
0,08099601
0,001870843
-0,01605417
-0,01742001
-0,03728779
-0,01749548
0,02115234
-0,008468254
-0,01070586
0,02359221
0,02905949
0,09833632
-0,0548899
0,07392216
-0,0139858
0,009031755
0,05661827
0,03387125
0,02040374
0,07909604
0,03926659
0,004891054
0,03823238
-0,05925775
-0,007088148
-0,0865621
-0,004508069
-0,01359514
-0,1068444
0,02493159
0,01590067
0,07556995
0,008760757
-0,1058112
-0,1731062
0,05492958
-0,07523846
-0,03794593
-0,06665561
-0,03982821
-0,07497237
-0,1724132
0,1084659
0,05256729
-0,05050791
0,003603791
0,02106145
0,03201472
0,007876283
0,02079831
0,03636593
0,05093139
-0,04402226
0,01316327
-0,02090969
-0,01013079
0,02260471
0,01180143
0,02615588
0,00927463
-0,01834303
0,09248397
-0,03716761
-0,02887046
0,002498304
0,000120362
-0,01093018
0,08203359
0,1202703
-0,06445037
-0,1156187
0,1417068
0,1096778
-0,09638311
-0,001127953
-0,008730217
-0,258149
-0,138791
-0,05967183
0,2202647
0,1135985
-0,02085785
0,07195148
-0,003038021
-0,1483515
-0,08556121
-0,04721907
-0,2176248
-0,240774
-0,1758679
0,07804073
-0,06446075
0,09654988
0,1284214
-0,007772557
-0,005899917
-0,03943338
-0,09396113
-0,06427887
0,1298286
0,05973642
0,04141956
-0,04551864
-0,0005896915
-0,01103985
-0,001556055
-0,009486565
0,007851359
0,0124056
-0,00641828
-0,007876715
0,03966793
0,04127779
-0,005673591
-0,1164627
-0,1100168
-0,008551616
-0,06735276
0,07089639
-0,01038348
-0,03244397
0,156064
0,203057
0,1812786
0,09670911
0,04825342
-0,1991826
-0,1651409
-0,03628679
0,05582266
-0,1076084
-0,1961287
0,05968071
-0,140713
-0,03501556
0,05604348
0,1607641
-0,005932542
-0,02626384
-0,05450743
0,08819472
-0,05618432
0,06718324
0,07132092
-0,1029082
-0,02698968
-0,1047598
0,06505747
-0,002342411
-0,02274668
-0,006803203
-0,03168282
-0,03140076
0,009245887
-0,02753607
-0,01053422
0,02776425
0,01072521
-0,0348681
-0,02617497
0,006759999
0,0005319393
9,618686E-05
-0,07365979
-0,1176706
0,02563571
-0,02515234
-0,1041906
-0,003865173
-0,1424531
-0,0224668
0,1226372
0,138967
0,05732767
0,03059819
-0,009794029
-0,08483559
-0,06667687
-0,06153201
0,1105752
0,004194847
-0,02688414
-0,1507238
-0,2283043
-0,02241762
0,2329275
0,02488288
0,01728242
-0,02772959
0,0670092
0,0494589
0,02895773
0,1283313
-0,1073685
-0,1540197
-0,0582085
-0,112596
0,03158927
-0,03013233
0,01535721
0,03432891
0,02348441
-0,01895999
-0,01598842
0,02088078
0,01772184
0,02521307
-0,01454656
0,004789846
-0,02848126
-0,0009488043
0,03113342
0,006924605
-0,01941201
-0,1312114
-0,111407
-0,04165845
-0,1469883
-0,1347825
-0,02270715
0,1057445
0,05241163
0,02441379
-0,0002114078
-0,02915264
-0,02695769
0,009123317
0,01646128
-0,02545973
0,01352142
-0,04721305
-0,03243151
0,006221429
-0,1446658
-0,01681417
-0,03438491
-0,06143466
-0,08232045
-0,08003543
-0,008133702
-0,01042438
0,08769337
0,1827232
-0,1568407
-0,22057
0,01858565
0,152145
0,0482721
-0,02571956
0,05083662
-0,07180157
-0,1016293
-0,0024759
-0,006335063
0,03931788
0,01412626
-0,02479506
0,01586188
0,004387217
-0,03232548
-0,02289991
-0,03619372
0,05426817
0,06060475
-0,120307
-0,08804357
-0,01134014
0,008278879
-0,003532227
-0,06242555
-0,003225245
0,02627311
0,1221655
-0,02039523
0,02977764
0,05556851
-0,02537003
-0,01413528
-0,06414075
0,05579437
-0,05095126
0,09099281
-0,05420911
-0,04105431
-0,09754825
-0,08136503
-0,09932637
0,06539579
0,02119826
0,1246983
0,03020018
0,05640098
0,09898472
-0,1106483
0,038867
0,08176488
0,2187572
0,02858438
0,02302118
0,0424868
-0,019465
-0,1539561
-0,05661956
-0,01555641
0,0165977
-0,006172595
-0,01576521
0,003150056
0,002842513
0,0104352
-0,02704707
-0,09881829
-0,007931152
0,0006371144
-0,03073105
0,04642142
-0,1281554
0,06646391
-0,092219
-0,05332063
-0,008873051
-0,09247234
0,06997547
-0,006787481
0,03027162
0,2330336
0,05550629
-0,1543691
-0,07487603
0,08043836
-0,2030724
-0,03353487
0,04750484
-0,01910125
-0,03468291
0,03107197
-0,05289733
-0,04540774
-0,02482657
-0,008972053
0,0372622
0,1210988
0,104578
0,1163414
-0,04287285
-0,1698899
-0,009501169
0,05862517
0,01313443
0,01570727
-0,07891692
-0,08093985
-0,01341773
-0,03869581
-0,01677139
-0,01397231
0,02286476
0,02542715
-0,0225634
-0,0447894
-0,04608242
0,01657893
-0,04152062
0,0006492285
-0,05883421
-0,07323911
-0,1307096
-0,1511279
-0,0905377
0,0008920255
0,13697
-0,1156093
-0,09355396
0,002404321
0,1120379
-0,01405616
0,05609226
-0,06133662
0,096692
0,04162006
-0,1068292
-0,1436464
0,0208379
-0,09554262
0,002113081
-0,1290712
0,06441276
-0,1145043
0,0009191944
0,01771747
0,1052246
0,03682245
-0,02139988
-0,02179049
0,02314398
0,05442372
0,01200946
0,05446911
0,1030658
0,0249257
-0,06931723
-0,06260478
0,01717769
0,01335234
0,02648278
0,01238105
0,004319126
0,02582279
-0,02587688
0,03054291
-0,03010032
-0,08271129
0,005699914
-0,04572842
-0,002151779
-0,02782668
-0,1186634
-0,09134092
-0,03969242
0,07211893
-0,09970351
-0,007959186
0,08496297
0,2028228
-0,07523469
0,02816596
-0,05633873
0,08629511
-0,02404308
-0,1300972
0,06405196
0,1275144
-0,04861797
-0,03281522
-0,2001829
-0,04214702
-0,03711669
-0,01119606
0,2950403
0,07825103
0,08855952
-0,0136308
0,1069915
-0,008888188
0,008122712
-0,01709541
-0,134183
-0,1063516
0,03943156
-0,02072145
-0,1365941
-0,01472963
-0,02933328
-0,01523265
0,04027493
-0,00586762
0,01505336
0,02322008
-0,01727718
0,06828246
0,04711518
-0,04670182
-0,004878707
-0,06829337
0,009975741
-0,1168323
-0,1969193
-0,1223856
-0,02439312
0,0434953
-0,1555569
-0,06554459
-0,1164223
0,07709072
0,02443908
-0,0532067
-0,1626385
-0,08735476
-0,01977587
-0,1111904
-0,07797743
-0,0171073
-0,1271142
0,04162195
-0,2727113
0,1084241
0,0314266
-0,03433053
0,1269038
0,165026
0,1790591
0,1211445
0,0798071
-0,06046637
-0,003342062
-0,09040681
-0,02231513
-0,1093921
0,01119282
-0,06419448
-0,1210343
-0,04284782
-0,07121558
-0,01327729
0,03546808
-0,008093731
-0,01340108
-0,03428281
-0,04573967
-0,04267626
-0,01511369
0,006498863
-0,056284
-0,007821982
0,1062531
-0,08050457
0,021057
0,07599578
-0,01692783
-0,01001591
-0,08534972
-0,03770253
0,02629197
-0,01849315
0,06296168
-0,03377559
-0,1498077
-0,04865419
-0,06400677
-0,09208217
0,1668994
0,1255451
-0,251658
-0,01443367
-0,336539
-0,01274458
-0,1213092
-0,04171987
0,05020427
0,1245625
0,03505334
0,04005501
-0,04163484
-0,02134038
-0,1547451
-0,1482091
-0,007091886
-0,09423517
-0,1407744
0,00127816
-0,05865884
-0,07249081
-0,03813473
0,01657377
0,01026501
0,01998542
-0,01976357
-0,02604967
-0,05020538
-0,03996689
-0,06028005
-0,1357789
0,09911688
0,08181937
0,03003595
-0,04504585
0,02292595
0,1640521
0,1107777
0,1068646
0,07610832
-0,01836774
-0,01484963
-0,06678385
-0,02751977
0,01444892
-0,003788501
-0,06614943
-0,04385931
-0,04942922
-0,03186361
-0,06364434
-0,1844381
-0,1398284
-0,01625633
-0,05117771
0,01620065
0,06726833
0,1387815
0,02834345
-0,03436116
-0,06981785
-0,01363826
-0,07401959
-0,05891526
0,01459796
-0,03416186
-0,03113718
-0,06774808
-0,08781674
-0,08655735
-0,06641239
-0,06596088
-0,01770378
0,03006666
-0,02098258
-0,008320341
-0,03157911
0,02877935
-0,03772474
-0,08246548
-0,04660495
0,08106446
-0,1058832
-0,05291492
0,0436488
-0,01565615
-0,1051896
-0,2561019
-0,162049
-0,003713985
0,06804515
-0,000984695
-0,1562622
-0,1284966
-0,1257317
-0,2782758
-0,03324661
-0,07679534
-0,1989721
0,0650157
0,09501053
0,01903982
-0,0853148
-0,2009634
0,1068053
0,2100946
0,08606889
0,1072089
0,1606965
0,01985195
-0,02438984
0,06952225
0,07960947
-0,01737295
0,07503244
-0,03651328
-0,03424739
-0,05027126
0,03241708
-0,07390516
-0,05153029
-0,04461216
0,04703569
-0,006640203
-0,02407506
0,02807105
0,01118901
-0,03080537
-0,09588461
-0,08876225
0,07879625
0,04503089
-0,02226198
-0,04791301
-0,01878701
0,01070735
-0,1027469
-0,04750873
0,04157256
0,1322653
0,01955402
-0,107547
-0,008245479
-0,2207696
-0,1053047
-0,1462299
0,05358674
-0,06584216
-0,2041637
-0,09167963
-0,2369446
-0,3060785
-0,07379449
-0,04419172
-0,01932361
-0,05569481
0,1014134
0,1269178
0,01156841
-0,06140624
0,01899749
0,09058194
0,0189263
-0,007146017
0,03740677
0,04980962
-0,04711217
0,05045092
0,01452628
-0,03153407
-0,02949162
-0,03487954
0,01451784
0,03330839
-0,02112649
-0,01831412
0,02874631
-0,007563921
-0,08551826
-0,1299891
-0,1088661
-0,006172441
0,008971695
0,03722414
0,09387133
0,09384621
-0,09923404
0,01842453
-0,09606422
0,0001149638
0,0831349
-0,06832697
0,04531258
0,04629172
0,1079455
-0,01856601
0,1995733
0,1015912
0,04210659
-0,01785189
-0,0840464
-0,04350607
0,1112102
0,08810139
0,1132153
0,0989799
0,1566994
-0,2286227
0,03265588
-0,104016
-0,06746063
0,149993
-0,01733205
-0,03476674
0,09828541
-0,0007259367
0,04613066
-0,001725929
0,05230519
-0,03593484
-0,04916841
-0,03398306
-0,02165811
0,02902159
-0,01369466
0,01824476
-0,02922597
-0,02249415
-0,07136893
-0,08143786
-0,126075
0,04303694
0,08027655
0,0929046
0,09598963
0,008478031
-0,03202989
0,05945314
-0,08521556
0,07466662
0,001629037
0,06934293
0,1345753
-0,04140586
-0,005428303
0,09412147
0,03291118
0,1616466
0,1181768
-0,1268789
-0,09439539
-0,1255525
-0,1463944
0,1736349
0,3749402
0,1766014
0,1021989
-0,04203763
-0,01585388
0,08573727
-0,1154412
0,02596804
-0,005339003
-0,07925162
0,09846392
0,117738
0,01872133
0,0578432
0,01630985
-0,01861952
-0,06311277
-0,05106444
0,04098176
0,02978316
-0,03383764
0,02508407
0,02803279
-0,09692157
-0,0601646
-0,05950161
0,05656115
-0,03570924
0,1228066
0,09797018
-0,02012374
-0,04273617
-0,1182735
-0,1542788
-0,09850086
0,1099699
0,09184521
0,03850846
-0,05826231
-0,08806571
-0,001127277
-0,02342413
0,1150834
-0,03178431
0,1272927
-0,175514
-0,2651747
-0,1474356
0,1123045
0,2368082
0,2487297
0,1159057
0,1727247
-0,1239769
-0,1253227
0,004199397
-0,1466097
0,06802957
0,05620111
0,0856593
0,06022715
0,03439454
0,03548719
-0,01209562
-0,003375236
0,001356801
-0,06140856
-0,02089642
0,01139558
0,01878029
0,001454948
-0,02124737
-0,0331085
-0,05850708
-0,2318384
-0,1126373
0,09584647
-0,01408999
0,01212295
-0,07275
0,08175763
0,2164522
0,1695074
-0,007525359
0,09230718
-0,06429641
-0,2171298
-0,05488733
-0,09695641
-0,05301098
-0,01884449
-0,03598396
0,1981436
0,1555434
-0,1628888
-0,2789963
-0,2902391
-0,2494686
0,1845164
0,1942911
0,09979846
0,3125638
0,04059482
-0,08456731
-0,06163377
-0,1823343
-0,04807721
-0,01574286
-0,06853908
0,03718933
0,1694737
0,05410115
0,06999321
-0,01682773
0,003064157
-0,009696653
-0,02455517
0,02739002
0,01238576
0,0341019
0,01399117
0,02617625
0,03400108
-0,05512546
-0,2017887
-0,175421
0,007092874
0,009374186
0,07903583
0,05793836
0,02081203
0,02870353
-0,09647756
0,04135898
0,1077384
-0,04585404
-0,09580617
-0,02086392
0,06458351
0,09878545
-0,0003483929
0,001981247
0,1582667
0,08412677
-0,2116857
-0,3161865
-0,3665583
-0,2357736
0,2193902
0,3302365
0,1187912
0,1383533
-0,07557312
-0,08745015
-0,01109956
-0,1752143
0,01749347
-0,1209261
-0,1416706
-0,01168668
-0,02637985
-0,07595434
0,06949006
9,463288E-05
-0,003806857
-0,0419587
-0,01498722
-0,02232698
-0,007189063
0,02555554
0,003642133
0,01164061
-0,01506803
0,01163494
-0,03077337
0,02472738
0,06987511
0,01862429
0,1304236
0,01611239
-0,01091033
0,01548674
0,09993228
-0,0110675
-0,01861111
0,07307926
-0,08346485
-0,03393725
0,07068188
-0,07455473
0,1056086
0,1139404
0,1759446
0,150565
-0,1552862
-0,4569803
-0,4584127
-0,05912592
0,4729529
0,3464878
0,3249724
0,1963994
-0,1887899
-0,2324351
-0,1576114
-0,1951998
0,02069806
-0,03073853
-0,0509781
0,002485638
0,1310034
0,07382309
0,03924978
-0,05548999
-0,003746114
-0,03169529
-0,003215575
-0,01345562
-0,00352483
0,005570224
0,01258328
-0,01303979
-0,001138982
0,008405198
0,009664323
-0,005128093
0,02730074
-0,02124077
0,0943334
-0,07000657
-0,01460424
0,1101741
0,1625631
-0,01381847
-0,1137828
0,08977664
-0,02457437
-0,06527846
-0,2663037
-0,1470313
0,2028492
0,1151099
0,1093332
-0,01604012
-0,3798149
-0,3488539
-0,4332311
-0,03719419
0,2590975
0,2458316
0,2178889
0,08856122
-0,1387925
-0,2489442
-0,1052204
-0,2468798
-0,05645276
-0,08635078
-0,01196312
-0,02984132
0,1455368
0,1365439
0,08820591
0,003078196
0,01224144
0,01456995
-0,05606375
0,0004690063
0,028954
-0,01379757
0,02012159
-0,001013825
-0,007249934
0,1225771
-0,001243217
-0,07962219
0,1137925
-0,05627772
-0,08121146
-0,05407314
0,1488482
-0,1179632
0,01872013
-0,029276
0,003504491
0,06087438
0,09981617
0,009207974
0,06176373
-0,04955453
-0,04448376
0,05145039
0,2256819
0,01556408
-0,3910168
-0,4062624
-0,3870969
-0,1358465
0,03805209
0,3839056
-0,002684422
-0,1294284
-0,1454671
-0,1495921
-0,1735694
-0,2536881
-0,02013048
-0,001337016
0,02935886
0,0548588
0,137902
0,1477944
0,1327767
0,04186024
0,0246137
0,003375343
-0,01664301
-0,02351033
-0,03637051
0,01422329
0,01029288
-0,0173486
0,03738293
0,01850562
0,04184067
0,002291476
0,06849132
0,009347045
-0,004009822
0,02667233
0,02435817
0,01003254
0,111466
0,03448821
0,1036691
0,04657227
0,258142
0,0002074493
0,04208229
-0,08123574
0,05097792
0,05911588
-0,05324125
-0,05267899
0,04778289
-0,3652523
-0,2710528
-0,04828577
0,1793699
0,3745789
0,09530007
-0,1395158
0,009795997
-0,08339868
-0,2075016
-0,3317071
-0,1561141
-0,2492139
-0,02913738
-0,03957777
0,006139629
0,05023031
0,04468756
0,02394144
-0,05844666
-0,04744058
-0,01829413
-0,06593978
0,00710421
0,01636637
-0,01059833
-0,01011117
-0,005616029
0,05331948
0,07171808
0,02253206
-0,08960523
-0,006276774
0,1457889
-0,03341564
-0,04489094
-0,1553495
0,08423944
0,02951447
0,09652011
-0,105913
0,009889247
-0,1150877
-0,1019626
0,1215167
-0,03946586
0,1182845
0,04921097
0,01312004
-0,0286505
-0,3089143
-0,1539473
0,007412886
0,1594665
0,2333975
-0,01186034
-0,09256812
-0,2087898
-0,08060713
-0,2360028
-0,3227041
-0,1812829
-0,09948234
0,04950962
-0,01589681
-0,06045529
-0,05971821
-0,03937894
-0,05630888
0,02006057
-0,01774083
-0,06610442
-0,04801091
0,01533015
-0,02012094
0,006637166
-0,02181175
0,04595365
-0,02157548
-0,03612358
-0,05874432
-0,06989221
-0,137165
-0,04806248
-0,01425994
0,04606907
-0,02508777
-0,03761305
-0,03064304
0,05804332
-0,1622018
0,0923958
-0,04139541
0,1083319
0,082441
0,05274219
-0,03457062
0,1542578
0,1944279
-0,1146571
-0,1325162
-0,1452158
-0,001759714
0,1112936
0,2498892
-0,01584836
-0,01179782
-0,05776065
-0,06886056
-0,1931623
-0,2751331
-0,1216835
-0,05101504
0,01646546
-0,02132452
-0,03960852
-0,03781743
0,01093105
0,03200449
0,07575063
0,02820692
0,004427098
-0,01666589
0,02388797
0,009090318
-0,03005635
0,02754669
0,01481178
0,01892913
0,003759461
0,08082177
-0,1179362
-0,159287
0,01558173
0,07484019
-0,1087679
-0,008602575
-0,1845422
-0,0231797
0,0296133
-0,07187633
-0,00411946
0,1176478
0,03164989
-0,06513245
0,04536178
0,1491706
0,06366058
0,2483307
-0,132299
-0,1682412
-0,06774711
0,0349031
0,05278759
-0,02048549
0,004279066
0,1638738
0,04532903
-0,007499508
-0,07544399
-0,147185
0,00274434
-0,01260953
-0,03287841
0,01533596
0,07543908
0,1037096
-0,02460545
-0,03072486
0,03837275
-0,008087728
0,01166938
0,01920586
0,01463526
-0,02340382
-0,02321038
-0,02567886
0,01815424
0,04775493
-0,02413894
0,04259412
-0,02038503
0,02674959
0,04813217
0,0017535
0,09139678
-0,1173059
0,02560658
-0,1026676
0,0194302
0,1189453
0,01736784
0,02941367
-0,03970497
0,008066766
-0,06974042
-0,01820596
0,06911002
-0,06156061
-0,1422648
-0,346859
-0,00523342
0,04178128
0,1460581
0,0859514
0,1741295
0,2035504
0,03932513
0,007657351
-0,1246554
0,006759797
-0,05863107
-0,003999788
0,0978312
0,09722005
0,0713442
0,09765279
-0,02729511
0,009700164
0,03882315
-0,02963171
0,001872443
0,05706152
0,009551796
-0,001810463
0,009137734
-0,02360871
-0,01185342
0,06287687
0,06703842
-0,02502364
-0,0180694
-0,05622949
0,06396017
-0,05908712
-0,01245362
0,008125371
0,08098204
0,1954352
-0,09860303
-0,06539693
0,09627365
-0,0522542
-0,1402776
0,02247147
-0,08765951
-0,1028633
0,08956225
0,123015
-0,1225046
-0,08069528
-0,03403156
-0,02451884
0,07619647
0,03610513
0,04732074
-0,06733227
-0,09393118
0,02343491
-0,001954917
0,001218134
0,1359495
0,01318939
0,03373123
0,06926654
0,02440114
0,02967821
-0,06802626
-0,01359711
-0,01123962
-0,03692207
-0,02169896
0,02247312
-0,001829153
-0,01566771
0,01573685
-0,002528915
0,002509129
-0,0283435
0,03232355
0,0525709
-0,1218433
-0,1173723
-0,0689506
-0,05573254
-0,02457181
-0,06437763
-0,01919644
-0,0487694
-0,06320575
-0,0366208
-0,05221273
-0,03135026
0,05999456
0,07825939
0,0461104
-0,1534267
-0,06446867
0,002363518
0,03088107
0,06325421
0,01965247
0,02712009
-0,004719317
-0,05846643
0,002253755
-0,07798909
0,1043011
0,1275305
-0,02101986
0,02255761
0,08541111
-0,01554999
0,002713152
-0,05968793
0,04352799
-0,05296676
-0,003901312
-0,01308177
-0,02102308
-0,06183572
0,02419123
0,06174182
-0,02039175
0,01649133
-0,01753951
0,01413515
0,0008294181
0,01178062
-0,01032822
0,05658592
-0,148637
-0,2437328
-0,08592264
0,04449859
0,04385188
0,01141718
0,02396383
0,05600632
0,01928687
0,1454337
-0,05898938
0,07992824
0,01333172
-0,0487814
-0,1938291
-0,07019969
0,1363012
0,103594
0,01153265
0,01012063
0,04132019
0,03779514
-0,00752656
-0,06007615
0,0208832
0,00270405
0,02772436
0,1414517
-0,05650061
0,03155034
-0,03789785
0,003348457
-0,1077479
-0,001381768
-0,01310861
-0,09914928
-0,06468918
-0,05039748
-0,02366542
-0,02185412
0,0155561
0,01464543
0,04615368
0,02211051
-0,002126686
-0,03013089
0,03684694
-0,04778129
0,008428123
-0,06139302
-0,1891841
-0,166932
-0,1388118
0,1273021
0,002748989
0,03650597
0,0724733
0,0531518
0,00685968
-0,02783809
0,0584603
-0,03991603
0,04906644
-0,0753463
0,005000974
0,0007874671
0,09027261
0,0292772
-0,0003106645
-0,1634655
0,07699282
-0,1316289
0,06262658
-0,09815303
-0,01837762
0,1786292
0,06238706
0,1850697
0,07229213
0,2090675
0,1754418
0,1432145
-0,07523405
0,05646268
0,08496686
-0,03845827
-0,03375873
-0,06527458
-0,02444971
-0,0001264585
0,04108537
0,07170945
0,02526737
0,0213253
0,006439928
0,0264952
0,00776426
0,01646306
-0,0103286
-0,08058105
-0,04092159
-0,04716481
-0,105638
-0,06187814
0,002813964
0,03375521
-0,02392096
0,08241742
0,03673965
-0,06432413
0,09483765
0,03253492
0,1850276
-0,03002572
0,05779041
0,1678716
0,0491368
-0,07995442
0,009599738
0,123511
0,04444916
-0,03879233
0,07295506
-0,01211797
-0,007379573
0,1466197
0,1209472
-0,03692304
-0,1116947
0,1878597
0,004773041
0,05076974
0,0502841
0,1982763
0,05435288
-0,03054737
0,0432289
0,04674043
0,009887042
-0,03055906
0,0656703
0,09644207
0,004795503
0,0185381
0,03381392
-0,02751002
0,009470117
0,06728447
0,05118823
-0,03277372
-0,0512823
-0,01025312
-0,04868184
0,07652987
-0,003208147
0,04918492
0,02221247
-0,09291399
0,06414659
0,01419215
0,1100365
0,0243692
-0,1680898
0,1915099
-0,04962618
0,04620724
0,00712626
-0,0180435
-0,05286447
0,06674057
0,002067301
0,07583617
-0,2413241
-0,09224208
0,04408379
0,07061573
0,1362982
0,02595907
0,07403583
0,143598
0,008049376
0,1229313
-0,03231896
0,1110535
0,08220983
0,06557228
0,2023059
0,06699654
0,01247721
0,03095753
0,1264492
0,08567898
-0,003199231
-0,009705105
-0,02212618
-0,02094165
-0,007741931
0,09508787
0,0760116
0,02084975
-0,08203989
-0,004729911
-0,05442818
-0,09934157
-0,05552768
0,03748988
0,01716657
-0,03663841
0,3117385
0,1257535
0,01436169
-0,04480183
-0,1585395
0,07039958
-0,01006107
0,01641742
-0,06475782
0,01913937
-0,01567156
-0,1575004
-0,05203241
0,0008493817
-0,0008128252
-0,006525181
0,1757798
0,08270144
0,151434
0,02530601
0,2758646
0,03405792
0,1340925
0,1332725
0,06000466
0,1028422
0,2020882
-0,06276493
0,1463282
0,1275285
0,06339925
0,02553193
0,07828107
0,03196907
0,03837811
-0,03267051
-0,01520573
-0,01294301
-0,01675109
-0,06313122
0,01949363
0,02340298
-0,0141127
-0,02026133
-0,01613606
-0,09279717
-0,01952849
-0,03843121
-0,008394348
-0,09408917
-0,04499477
0,1264165
-0,0111179
0,06829561
0,057838
0,1702971
0,1835992
-0,008822474
-0,1263685
-0,1197052
-0,03628805
0,04625256
0,07035749
0,0521135
-0,01359992
-0,07898784
-0,1438422
0,01850712
0,07000627
0,03771022
0,03626508
-0,03392451
0,1218528
-0,01404294
0,03729751
0,08881996
0,1437097
0,1270952
0,08628627
0,1273881
0,1084554
0,0007445707
-0,004332136
0,008567339
0,01956921
-0,002618732
-0,004415885
0,009078873
-0,03195274
0,05857157
0,0168166
-0,06500413
-0,02585422
0,01999866
-0,003144679
0,1121845
0,06209953
0,1028793
0,1071642
0,04521617
-0,03752508
0,005366447
0,1514837
0,2538153
0,01953246
-0,1382707
-0,05274514
-0,159554
-0,07319476
0,00666454
0,131797
-0,1201642
-0,06783074
-0,09235202
-0,04838075
0,1916997
0,06074614
0,1460808
0,09823819
0,1094214
-0,1394295
-0,04534362
0,1210622
0,09559698
0,05100193
0,1508635
0,123634
0,06086215
0,09434474
0,1110497
0,01297256
0,01230042
0,02803193
0,082856
-0,003998043
-0,02331853
0,001723527
0,01741572
0,02274397
0,07470861
0,03322298
0,06110241
0,124224
0,03112798
-0,08315715
0,05235266
0,134092
0,08551172
0,06952516
-0,01140924
0,09529798
0,03618634
1,516372E-05
0,1888464
0,0414722
0,02318459
0,06218898
0,04580945
0,07440532
-0,00926848
-0,01872431
-0,06344084
0,08226722
0,05017176
0,008999277
0,001907328
-0,07737748
-0,003566149
0,07075588
-0,07058948
0,09529258
-0,06100627
0,1218984
0,03238747
0,1078555
-0,06014439
0,006113647
0,01399698
0,05922198
0,1155776
0,04343437
0,037477
0,02074558
0,04619036
0,01510231
-0,03207802
-0,02966188
-0,00742221
-0,003655757
0,03461953
0,07167151
0,1336274
0,2078222
0,1432915
0,06459767
0,05086436
0,001638717
0,08116699
0,01026115
-0,1143025
-0,07706086
0,01532605
-0,003162203
-0,006182655
-0,07353456
-0,08868992
0,1924402
0,08462673
0,09112446
0,02725879
-0,05534002
-0,1639288
0,1109285
-0,01008854
-0,04529866
-0,04959891
-0,004472782
0,1062466
0,0184901
0,005249537
0,1308876
-0,01944939
-0,08645219
-0,107926
-0,07239252
0,04936193
-0,002717704
-0,03417268
-0,003820692
-0,004490949
0,0124824
-0,02532667
0,01954776
0,02089728
-0,01476395
-0,006142381
-0,03034299
-0,007090424
0,01308087
0,07479654
0,02941451
-0,009625321
0,0219495
0,08000853
0,1060258
0,1472217
0,1527797
0,06182146
0,09484515
0,1428732
0,09897619
-0,07178775
-0,05272751
0,03611771
-0,009771692
-0,08717448
-0,03992424
-0,1491941
-0,167093
-0,001201592
-0,02606926
-0,06355247
-0,1531618
-0,1399194
-0,02016398
-0,03883176
0,08699726
-0,05220836
0,09864637
0,138314
0,08971446
-0,09918986
-0,06239904
-0,09603088
-0,1230024
-0,122856
0,03614495
0,0252232
-0,0704507
-0,03654987
-0,02989068
-0,02102214
0,005730409
0,01610755
-0,0001856271
-0,01986614
-0,02255455
-0,01542659
0,04655829
0,06360438
0,00188099
0,1631825
0,08112888
0,1689285
0,1480355
0,05295756
0,05437351
0,07587068
0,1345481
-0,06833796
0,05913179
-0,0326214
-0,05669743
0,09621522
0,05595964
-0,002695374
0,08052175
0,04146992
0,0386001
0,03050635
-0,1666312
-0,01019223
-0,03382222
-0,03880599
-0,2242348
-0,02382747
-0,08693147
-0,09072114
-0,2060114
-0,02493471
-0,08067106
-0,1549672
-0,07416682
0,05207102
-0,01687193
-0,06856615
-0,02366322
-0,01206969
0,009722456
-0,0756886
-0,02834862
-0,007053122
0,01120881
-0,04520209
-0,02779682
-0,02974337
0,009266925
0,0007485368
0,009629212
0,06181495
0,03255957
0,07806663
0,01837377
0,0149349
-0,04580997
0,2722802
0,08678078
0,2288557
0,03747854
0,009425648
-0,09614029
0,03454133
0,07171289
-0,05925658
0,0177725
-0,0144598
0,1682581
-0,05896619
0,1016267
-0,001225165
-0,1174978
-0,05413068
0,0185565
-0,1025662
-0,1905123
-0,1820432
-0,1543444
-0,05515813
-0,1632012
-0,05028027
-0,09675854
-0,06046195
-0,1052101
-0,231086
-0,2853573
-0,02695517
0,1418765
-0,08647922
-0,02386709
-0,05460397
-0,06761245
-0,05591746
-0,01517723
-0,02918029
-0,05049557
-0,02368751
-0,02891892
-0,009433864
0,0221722
0,03193087
0,04801133
0,1239826
0,1164146
0,2324001
0,1144012
0,1202209
0,0427401
0,1312719
-0,005016561
-0,007876256
0,04189328
-0,03744532
-0,01921359
-0,07621688
0,007353804
0,02441662
0,000831285
-0,1226339
-0,05916488
-0,06126948
-0,03844579
-0,05876481
0,003322791
-0,1498209
-0,169699
0,03736734
-0,1819962
-0,07712423
-0,04212269
0,0449857
-0,1028364
-0,09593979
-0,2827501
-0,2331957
0,01066268
-0,01193776
-0,006879574
0,01448225
-0,03109038
-0,07862943
-0,08729233
-0,02872078
-0,0003490211
-0,02501456
-0,03388992
-0,02421253
-0,01568798
-0,01907996
0,03745557
-0,01600782
-0,006930413
0,1272526
0,07752176
0,08061757
0,1580446
0,07342717
-0,02726907
0,03587991
0,009886514
-0,05866895
-0,08485895
-0,05736958
-0,04349822
-0,02991766
0,05247431
-0,06136945
0,01571924
-0,113042
-0,1044311
0,06887288
-0,02382041
-0,1020759
0,07984837
-0,2123993
-0,2289751
-0,04612347
-0,08493884
-0,05582423
0,02941176
0,0954737
0,006911966
-0,08371352
-0,1053812
-0,1719886
-0,07448524
0,01475875
0,04336228
-0,1468017
-0,125303
0,06259715
-0,01039839
-0,06866886
-0,02316399
-0,03269038
-0,02456173
-0,04359293
-0,03026126
-0,006308961
0,007096692
0,002205352
0,01064646
0,1258947
0,1047647
0,05613428
0,1389288
0,1165389
0,09665744
0,0603118
0,05753636
0,1006359
0,1507075
-0,1108175
-0,127349
-0,01714052
-0,08190538
-0,09721006
-0,04423489
-0,1379914
-0,0835102
-0,02533061
-0,08265832
0,1397551
0,162308
-0,06310593
0,1249096
0,01514787
0,06123624
0,1946896
0,01230793
0,05567171
0,004239689
0,01462039
-0,001793529
-0,05691272
-0,0230355
-0,2277182
-0,1450926
-0,01920022
-0,09686212
-0,03373493
-0,02187927
-0,05550834
-0,02864889
-0,04974335
-0,0335385
-0,01641724
-0,0247981
0,02275328
0,01812021
-0,05421365
0,004913826
0,05964218
0,04928241
0,09166826
0,09285392
0,07254706
0,05506066
-0,01673497
0,0297589
0,116893
0,04651521
-0,128569
-0,03692877
-0,09346062
-0,1125419
-0,03960484
-0,1741567
-0,1952515
0,1136904
0,2742946
-0,1195061
0,05642417
-0,01052098
-0,04511992
0,04375621
-0,01141024
0,06643343
0,03812159
-0,06506892
0,02904987
0,07317686
0,07473342
-0,1579734
0,01579376
-0,1271206
-0,07331146
-0,05044851
0,024514
-0,0007336122
-0,05652037
-0,06207374
0,0199336
0,0296945
-0,05943307
-0,02614956
-0,0009365609
-0,01971558
0,02607305
-0,006831687
0,01283736
0,07645092
-0,003674878
0,1202132
-0,07260901
-0,07446225
0,1205323
0,01661904
-0,07687701
0,04153877
0,2304808
-0,05677817
-0,1504394
0,04510824
0,04224688
-0,1832601
-0,02336587
-0,06339029
-0,06658708
-0,06107631
-0,06084216
0,08992402
-0,1404394
0,1342007
0,04521463
0,09140401
0,0007406892
-0,003399329
0,07216875
0,1952961
0,06277923
0,1000997
-0,01441957
-0,00866132
0,1462423
-0,006729738
-0,04227196
-0,02266305
-0,0569248
-0,01948027
-0,005584809
-0,07840671
-0,04783718
0,03519491
-0,02839034
-0,05572404
-0,01700024
-0,01763795
-0,006067732
-0,01909256
-0,03291377
0,02508838
-0,04731536
-0,06046243
-0,03119654
0,02707587
-0,06049689
-0,08432043
-0,06185186
-0,005773175
-0,053425
0,001059941
-0,03672159
-0,07591113
0,04333098
-0,04596945
-0,08617056
-0,08817728
-0,07951412
-0,1265148
-0,09871837
-0,2156967
-0,09840214
0,08398164
0,08605278
0,03628649
0,02853975
0,1017473
0,06039088
0,1339259
0,03069941
0,006782291
-0,01558733
-0,1061485
-0,09562502
0,03352536
-0,1366159
0,07167059
0,05429803
-0,1334042
-0,03973904
-0,03543876
0,00335409
0,03184771
-0,01124961
-0,02441804
-0,003877139
-0,02520757
0,00924122
-0,01488393
-0,0113869
0,0225676
-0,07394359
-0,063575
-0,09430355
0,02761192
0,04916644
0,0396381
0,06720851
0,1231714
-0,03859227
-0,02724528
-0,0932555
-0,1107821
-0,1129686
-0,04478382
-0,04240708
-0,1372878
-0,1814701
-0,1763427
-0,05507215
-0,08571044
0,1066711
0,01578655
0,1991706
0,00538891
-0,01242325
0,03138053
0,05355559
0,01282913
0,01457518
0,195053
0,03330532
-0,008839524
-0,1040617
-0,1155542
0,03801202
0,02421802
0,1086157
0,01961558
-0,05340734
-0,04262796
0,0119827
0,01720458
-0,03185767
-0,05201769
0,0002118247
-0,03014344
-0,01813866
0,004672057
0,006125457
0,004638707
-0,06526454
0,03065656
-0,1015831
-0,03084908
0,02989171
-0,1114646
-0,0236968
0,05481733
0,09541332
0,007345556
-0,03687636
-0,06160421
-0,06882873
-0,0833914
0,03275649
-0,1966078
-0,2216382
-0,2004011
-0,07208158
-0,02815329
0,08699005
-0,00878777
0,06062002
0,06043315
0,1014812
-0,1020528
0,1043177
-0,02120234
-0,02794008
0,1552386
0,04005203
-0,02515915
0,0569689
-0,1467232
-0,09425642
0,04104044
0,1363491
-0,05164106
0,01395144
0,0003344737
0,0314825
0,03765174
-0,05360511
-0,03954766
-0,03988386
-0,017649
-0,009408397
0,016126
-0,03732685
-0,08584078
-0,1429325
-0,007138484
-0,05019867
-0,1264623
-0,06153424
-0,0473498
-0,05459969
0,0509919
0,05566131
-0,03587966
-0,01685381
-0,07327392
0,03863516
-0,08691294
0,04092556
-0,08463506
-0,1430123
0,08117948
0,006417592
-0,05535909
-0,03315126
0,03704362
0,09624106
-0,009364909
-0,01907178
-0,1216586
-0,06727264
0,02829486
-0,05866925
-0,09423207
0,08560652
0,1169552
-0,02050581
-0,07104334
-0,07224422
-0,03923091
-0,05592157
-0,07238343
-0,09990615
-0,0429205
0,01716412
0,009744371
-0,07411433
-0,08570822
-0,0333127
-0,01463929
-0,02437464
0,00578761
-0,03165135
-0,09727164
-0,08253235
-0,06770775
-0,009030471
0,04697605
0,03189375
-0,005319315
-0,01555924
-0,1112779
-0,09658879
-0,1441647
-0,1097605
0,08210495
0,03216738
0,06956765
0,04211919
-0,06744824
-0,05951266
-0,06955729
-0,05102997
-0,1386236
0,008275029
0,006246313
0,1364144
0,02599013
-0,1963847
0,007376865
-0,09394465
0,0211682
0,07923058
0,09626769
0,1950137
0,08120046
-0,02832254
0,07809657
-0,110457
-0,1106385
0,106465
-0,03866201
-0,05077849
-0,1914588
-0,002745784
-0,01490603
0,01355992
-0,03026707
-0,02934669
0,001818847
-0,02699693
0,008673772
-0,02834984
-0,06638882
-0,0576073
-0,05530791
0,07506479
-0,03656696
0,0402397
-0,004956248
-0,1419568
-0,02200222
-0,00674852
0,02130385
0,05410059
0,01580774
0,1465283
0,02598141
-0,06528386
-0,1225263
0,003072102
-0,06724137
-0,2569173
0,03145246
-0,01176446
-0,2336786
0,01166932
0,1083544
0,05926817
0,02017743
-0,1112224
-0,02431508
0,03036638
0,1331085
0,06052928
0,1060674
0,1589956
0,1362561
-0,1542137
-0,01881885
0,05427606
-0,06092343
0,01981294
0,00987323
0,03642426
-0,04321365
0,01830536
-0,04991934
-0,01271144
0,02309909
0,006873607
0,009716069
-0,03884041
0,05940212
0,01000311
-0,04379054
-0,01727066
-0,01283015
0,06045707
0,002559605
-0,1341865
0,007609359
-0,07910506
0,08555201
0,007413189
-0,1030697
-0,1521359
-0,01385035
0,08003426
-0,0275293
0,06972101
-0,1089673
-0,1328432
-0,03886996
-0,1745971
-0,09970954
-0,04075551
0,05638637
-0,02255139
-0,02162762
-0,3132107
-0,3419733
0,3226274
-0,002201977
0,01757528
0,117543
0,1571628
0,0581973
-0,01287235
-0,02792691
-0,004979216
0,0241336
-0,03779222
-0,03396492
0,01387571
-0,006871115
0,05816694
0,0002123032
-0,02554028
-0,03249559
-0,00566087
0,002191493
0,00550659
-0,05783273
0,02280496
-0,06865388
0,02279321
-0,01641771
0,01891064
-0,05765302
0,02654937
0,006804251
-0,02119897
-0,01058102
-0,01832454
-0,04607515
0,0445907
0,05349437
0,009609397
-0,1244662
0,03983991
-0,07105304
-0,1225632
0,0245105
0,08505055
0,01093875
0,1016785
0,003177614
-0,02291415
-0,1662804
-0,2674963
-0,122073
0,1807398
0,03089678
-0,005571879
-0,0621011
-0,1101491
-0,04967514
-0,1721717
-0,1019061
0,09059502
0,115149
0,1308406
-0,003604715
0,03602357
0,02385061
0,0724397
0,0125578
0,02743092
0,005139936
-0,01485719
-0,0009321452
0,07748453
-0,01023602
0,004450995
-0,07342479
-0,1206905
-0,01522917
-0,01276001
-0,0179891
0,09304402
-0,03374609
-0,08829845
-0,12704
0,08060877
0,04308458
-0,01004725
0,008204447
0,2240725
-0,1553948
-0,05067756
0,07912092
0,005704418
-0,118299
-0,095969
0,07065946
0,04483725
0,2043461
0,05483468
-0,1031271
-0,205203
-0,1930614
-0,04242399
0,1693928
0,02356178
0,05188342
-0,005991825
0,05642518
0,006334055
-0,07772335
-0,07880009
0,0297235
0,1131328
0,04478375
0,03049087
0,01223056
0,03649288
0,06286763
-0,01726333
0,005115977
-0,02585238
0,017311
0,01325142
0,03734126
-0,09013565
-0,01302033
-0,1461031
-0,1111253
0,06368087
-0,009296715
0,03716049
0,03517129
-0,0002678771
-0,06026013
0,08457193
0,01506743
-0,1044614
0,07598215
0,06181396
-0,002678113
-0,1209515
-0,03466514
-0,06998024
0,1149871
-0,1244394
0,05133767
0,08343519
0,1871155
0,1971766
-0,03858804
-0,1091875
-0,08221582
0,06611417
0,02165306
0,1143837
0,233868
0,04829774
-0,02140313
0,01755235
0,0005382826
-0,1038714
0,01636921
0,06330151
0,0877292
-0,0005642057
-0,04913784
0,03960439
0,07234947
0,002850658
-0,02420795
-0,02843411
0,01044765
0,01157388
0,02309121
-0,08523113
0,07195576
0,01118141
-0,07165758
0,06018369
0,008170993
-0,03103539
0,1044325
-0,1411089
-0,01321833
0,05958437
0,09744526
-0,01743576
0,01618533
0,0235918
-0,11284
-0,08589403
-0,1770002
-0,143822
-0,0432855
0,0625919
-0,02869537
0,1410412
0,2441083
0,05234301
-0,03206326
-0,1692704
-0,2211381
-0,09140885
0,1224558
0,01031927
-0,0002457786
-0,1730916
0,00570136
0,05420786
0,102455
0,0985968
0,04443024
0,109953
0,02415343
0,00913065
-0,05785419
0,021259
0,02828721
0,01122006
-0,02461696
0,01712057
-0,03198396
0,005122067
0,05574306
0,05879755
0,01853421
-0,08229016
0,02304846
0,05675933
-0,07018004
-0,03883631
0,06824888
-0,05888286
-0,1371242
0,1437043
-0,1387182
-0,1164199
-0,1672027
-0,1731576
0,1664962
0,1136473
-0,04286093
-0,06066897
-0,09477022
-0,1240424
0,13887
0,06488819
0,1697658
-0,03939215
-0,1930503
-0,1648116
-0,2743356
0,01429133
-0,05581932
-0,03620283
-0,1936503
0,039374
0,05944781
-0,07144161
-0,05209223
-0,1071624
0,01492528
0,1021943
0,05092595
-0,01560674
-0,03526376
-0,0196608
0,0006904192
-0,02756929
0,02014223
-0,01399521
0,02079204
0,1165217
-0,03905073
0,02193992
-0,01065088
-0,04532633
-0,01712119
0,08389283
-0,005062355
0,1167415
-0,07058837
-0,2061227
-0,1344876
-0,02173163
0,03178535
0,1382928
0,1761366
0,1165978
-0,1400449
0,002833828
-0,03252654
0,02516624
0,08104167
-0,0211018
-7,808494E-05
0,2817691
0,08157998
-0,03812432
-0,08585429
-0,1243628
-0,1020558
-0,1136911
-0,1044929
-0,1327416
-0,2119755
-0,04125005
0,08597
0,1190135
0,06509227
-0,01563219
0,1470498
0,06860594
-0,06380785
0,002742102
-0,02635913
-0,006285774
-0,03869174
-0,000913726
0,003359391
-0,008069829
0,03245747
0,07258745
-0,02368614
0,04089245
-0,06678065
-0,02421518
0,1223481
0,0125384
-0,03462391
-0,00243077
-0,02262262
0,005987451
0,06713655
-0,02153237
0,1301818
0,102655
0,003596796
0,02612798
-0,04126741
0,1333476
0,002456087
-0,1880068
0,07707222
-0,1856785
0,07500599
0,2517579
-0,1021293
-0,01672992
-0,06038657
0,1208663
-0,1350295
-0,04673281
-0,06249659
-0,03473003
-0,1232278
-0,05357951
0,03226247
0,00619252
0,08899475
-0,002108729
0,07214236
0,01300539
0,001428906
0,0001665567
-0,03496865
-0,06266666
-0,03430331
0,01540479
0,01137293
0,0009442682
-0,02085853
0,02394528
-0,007866453
0,02353369
-0,116393
-0,03807962
0,03737714
-0,08961162
0,03533452
0,09002251
-0,1063375
-0,1243803
0,1038206
0,02749212
-0,04407299
0,03960963
-0,02682993
0,1441414
-0,05450904
-0,02759552
-0,05076006
0,1661077
-0,05762535
0,05696414
-0,02794952
-0,01689492
0,06571479
-0,1577747
-0,0701107
-0,0350952
0,04653676
-0,1038588
-0,0723542
0,1453817
-0,05281304
0,001385898
0,01895117
-0,002070951
0,1212052
0,08684853
0,05422753
0,01341456
-0,003679075
-0,02392295
-0,0719692
-0,05577751
-0,01007289
0,02054831
0,0004892244
-0,003052101
0,04003856
0,05314451
0,05573976
-0,03769634
0,04130257
0,04659158
0,02119726
-0,1944901
-0,1023384
0,1077988
0,05655391
0,04835968
0,04183006
0,1510639
0,1416372
-0,2595516
0,0796645
0,06090784
-0,08132105
0,008196628
0,01780704
-0,05339372
-0,05287139
-0,04663555
-0,03482328
0,01446744
-0,1142015
0,139661
-0,0118104
0,01904348
-0,07286575
-0,2100624
-0,1319394
-0,1521367
0,01873094
0,05782421
-0,002290475
-0,04665132
0,05821006
0,03047029
0,06123282
0,009631761
-0,009681897
-0,03978854
-0,03502521
-0,02156533
-0,011238
-0,02934
0,02995321
0,002949101
-0,01593148
0,0268502
0,06293119
-0,005590458
0,02364974
0,02349848
0,05295251
-0,02719948
0,1006502
0,08875226
-0,003680747
0,009232219
0,01045175
0,04428622
-0,01307676
-0,02035785
-0,0470437
0,05504223
0,04063492
-0,01336791
0,1753587
0,07203409
-0,07718373
-0,07964501
-0,04139583
0,2442296
0,02141212
0,02659247
-0,1337583
0,009217325
-0,126157
-0,2151418
-0,07411143
-0,1288258
-0,009480969
0,2137805
-0,03966169
-0,03078103
-0,03924608
0,05205024
0,03863598
-0,03914196
-0,006773054
-0,02464475
-0,06242876
-0,03938262
-0,0001605064
-0,03099838
-0,0008918812
-0,01863463
0,02923332
0,03170819
0,06210029
-0,04915407
-0,1557282
-0,06361271
0,1024549
-0,1992604
-0,1920084
-0,02191312
0,06272774
-0,08612458
0,1171239
0,2047313
0,03403232
-0,01284205
0,01345229
-0,08397079
0,1300784
0,0009366444
0,1163755
-0,009463259
0,03606531
-0,04396455
-0,1288488
-0,0494606
-0,1180284
-0,05501783
-0,04673731
-0,09840236
-0,05196583
-0,08670314
0,09420922
-0,1648808
-0,09590997
0,08476067
-0,01347322
0,04188476
-0,09224235
0,03251382
0,04747418
0,005399871
0,02176962
-0,03465875
-0,003665236
0,004551575
-0,01597297
-0,008804089
-0,002494469
-0,002054031
-0,05072543
0,02268316
0,1103035
0,0538267
0,03074838
0,006281202
0,05065633
-0,001977403
-0,1523368
-0,1146737
0,1001776
0,04740022
0,03347186
-0,1285335
0,06742253
0,1120691
-0,01979682
0,02858719
0,1305153
0,09936059
0,1542947
-0,003728555
-0,0986439
0,002104922
-0,04107343
0,01025353
0,03951223
0,1627949
0,1048529
0,04204046
0,003241049
-0,05852362
-0,2336522
-0,2244578
-0,04471
0,03377181
-0,1061983
0,08571973
-0,08510185
0,08662239
0,01577298
-0,01473216
-0,045185
0,002410951
-0,02751056
-0,02797137
-0,004407828
0,01255251
0,02768781
-0,02360539
-0,04169259
-0,01240489
0,02688584
-0,04877232
-0,1710511
0,08822163
0,09287798
-0,01631208
0,04802147
-0,1519658
0,04548426
0,05563115
0,02365926
0,0674959
0,1444631
-0,1203854
-0,01937985
0,105623
0,0163837
0,1136277
0,2364796
-0,06030042
0,1834923
0,02992124
-0,04480053
-0,1529191
-0,08142833
0,09384959
0,03217074
0,0734487
-0,04410732
-0,02216647
-0,0332378
0,0339669
0,1115573
0,1676721
0,1019425
0,07982976
-0,01998451
-0,002609222
0,03949463
-0,04335509
0,001774248
-0,02844776
0,02525888
0,009555036
-0,02704225
-0,0057411
0,0132259
-0,00215746
-0,03741659
-0,02277721
-0,08283267
-0,148377
-0,1366678
-0,009978169
-0,01616746
0,006391461
0,03565197
-0,05919343
0,03180327
0,02505997
0,04259605
0,02315886
-0,008099162
0,2011745
0,1190908
0,01784221
-0,06344164
0,1661639
0,001071609
-0,02629732
0,01564685
0,02953789
-0,1002804
-0,07653091
0,04429362
0,0826371
0,1751398
0,08499629
-0,05923088
-0,0341887
-0,03184642
0,01675505
0,04621973
0,129233
0,2010233
0,04170923
-0,0117305
-0,05217769
-0,01906884
-0,07192656
-0,03568257
0,004412293
-0,01266852
0,001162113
0,02308495
0,02007836
0,0240342
0,008989445
0,04137427
0,001481037
-0,008732419
-0,004754964
-0,02524346
-0,1106482
0,03720957
-0,0325153
-0,1233352
0,0443765
0,07392778
-0,04199367
-0,06905866
-0,0720099
0,0255951
-0,1088212
-0,03439033
0,1803549
-0,09112017
0,09210007
-0,02555146
0,03416567
0,1111361
-0,06127386
-0,09457154
0,04120877
0,002938056
-0,0869306
0,008322178
-0,1880578
-0,1023713
0,05938438
-0,004261811
-0,06322885
0,1051528
0,04409406
-0,07405899
-0,05187582
0,0137197
-0,07336661
-0,0634727
-0,04896091
-0,00441423
-0,0395325
0,01053383
-0,0319299
0,009272695
-0,0272651
-0,02733688
0,002944973
-0,01194189
-0,09598487
-0,02224766
-0,1573807
-0,05338882
0,04404137
0,03851578
-0,008852875
-0,1145317
-0,05219
0,1637935
-0,03937671
0,1427339
0,2055669
0,05616625
-0,06275808
0,04037154
0,06513943
-0,1153305
0,1544942
0,05154683
0,05412975
0,1438248
0,06112936
-0,09735335
-0,01003949
-0,07183394
-0,05010546
-0,106759
0,1251717
-0,04022411
-0,0344626
-0,01293639
-0,054905
0,1491744
-0,06446456
0,03048873
0,06353097
0,002532434
-7,113061E-05
-0,09056943
-0,02158201
-0,05060881
0,03210112
0,02413021
-0,02139903
0,01255624
0,01598077
0,02957568
0,001114889
-0,002749915
-0,02812996
-0,05956579
-0,02319875
-0,02703067
-0,0113502
0,1158947
0,09942665
0,03925471
-0,1464424
-0,01250956
-0,1188503
0,03433482
0,08414886
-0,08099809
0,0782885
-0,01749422
-0,1401756
-0,08913185
0,119594
0,1744428
0,1589112
0,0847825
-0,05832667
-0,02542293
-0,01204631
0,02445797
-0,03178352
-0,1277028
-0,06773215
-0,0446042
-0,03960059
-0,03659028
-0,05240265
0,01298711
0,0868861
-0,03352883
-0,1018867
0,009126055
-0,02292794
0,01726109
-0,003615891
-0,02613814
0,01720737
0,01239056
-0,01246102
-0,01136088
0,01761954
0,0252283
0,01283206
0,005971823
0,03522546
-0,002770131
-0,08213935
-0,1154271
0,04808256
0,04519717
0,08337854
0,03430559
-0,01620989
-0,1546762
0,05405621
0,1029185
0,02030988
0,01170064
-0,001361471
0,03302349
-0,004788119
-0,09400874
-0,07412366
-0,06442101
-0,09360723
-0,02657867
-0,04886289
0,06154546
-0,05058359
0,1160191
0,02802108
-0,003625865
0,067602
0,08513533
0,03923023
-0,1020414
0,04158676
-0,2395072
0,07671576
0,05870529
0,101946
0,04499857
-0,07570168
-0,02814518
-0,0165385
-0,02658536
0,026095
0,042735
0,009347863
-0,02258957
0,01338363
0,005251161
-0,02590367
0,001435727
0,006790556
0,01114464
0,06823141
0,0316316
-0,05414379
-0,01389279
0,05293948
-0,05520944
-0,01280119
-0,0764557
0,1708846
0,1063588
0,1008793
0,2005512
-0,03281556
0,0175204
-0,04898604
-0,04644493
0,01600644
0,1492271
0,1187653
0,0721509
-0,07191312
-0,1824991
-0,1623545
0,03049279
0,00716062
-0,03151001
-0,10028
-0,08143814
0,03823054
0,07107988
0,06015638
-0,05504419
0,06526549
-0,1095214
0,03208604
0,03276578
-0,002159019
0,009385642
-0,02387518
0,03899951
-0,001830125
0,03305281
-0,008103783
0,02498103
0,01674458
-0,03054332
0,02141606
-0,03238638
0,01329211
-0,03412032
0,045931
0,08434829
-0,08718862
0,001314445
-0,08403113
-0,04517715
-0,05520068
0,01202406
-0,046778
0,05622059
-0,04715547
0,01285754
0,03366104
-0,08728
0,1046744
0,1235841
0,1035681
0,100049
-0,04666195
0,01126429
-0,04554581
-0,1065499
-0,09550182
0,02731198
-0,05796306
0,08482749
-0,06727005
0,09501425
0,08959766
0,01634469
-0,06741097
-0,007511939
-0,07130738
-0,02027741
-0,005534125
0,03632923
0,0683244
-0,000852446
-0,02772182
0,03668987
0,05481911
0,01987318
0,006055753
-0,0104123
0,0001510725
0,01506639
-0,02667959
-0,01896931
-0,002769705
-0,009070055
-0,02559379
-0,01765877
0,01185717
-0,04753672
0,004711795
-0,08430231
0,07216555
0,1032459
0,03250042
-0,022174
0,01585066
-0,08039057
0,03262815
-0,03979513
0,03456859
0,01119025
0,0621451
0,03666614
0,06585512
0,06837947
-0,102266
-0,1802766
-0,09780993
-0,07336755
-0,1934036
-0,05406121
0,003912745
0,03907469
0,09201061
-0,04459516
-0,06014145
-0,07323346
-0,07730351
-0,04999352
0,03406219
0,06220787
0,04959162
0,01129109
-0,02071708
0,01264549
0,02858603
0,01433589
0,03372282
-0,02452657
-0,01242563
-0,008010841
0,01034925
-0,02491705
-0,003369054
-0,005316149
0,05849217
0,02508123
-0,03272893
-0,03682264
0,01327158
-0,03221035
-0,02161378
-0,002801306
-0,01908248
-0,0002655199
-0,03210191
-0,08805747
0,0796817
0,08369265
0,0815571
0,04169427
0,1503639
0,1399519
0,1086515
0,04865612
-0,03282512
-0,03357853
-0,1165256
0,01648829
-0,1281176
-0,05966685
-0,05962906
-0,01569765
0,005166901
-0,06940711
-0,05733086
-0,02250117
-0,03825283
-0,04004458
0,06901929
0,02806488
0,02753502
0,0180364
0,02960987
0,006435121
0,04095614
0,01018489
0,02893945
0,02420892
-0,0275581
-0,02524946
-0,009229888
-0,01976441
0,008724123
-0,02104079
-0,006313297
0,0161611
0,03067391
-0,0633633
0,03244507
-0,04532376
-0,04056599
-0,08756379
-0,06649306
0,09385172
0,008267474
-0,006644744
0,05108872
-0,007431218
0,02864433
-0,09462317
-0,01124967
0,1456233
-0,001347615
0,1081087
0,1062099
0,04252607
-0,04838268
-0,05146905
-0,05804751
-0,1454577
-0,0767675
-0,02361136
0,03235517
0,04644982
-0,05048069
-0,08095727
-0,02510414
-0,004109412
-0,002405167
-0,0189213
0,03454018
0,01653732
0,02099719
0,008331069
0,01406825
-0,02046209
0,03046654
-0,02698145
-0,00857648
-0,01672526
-0,02990833
-0,009972946
-0,027814
-0,006100012
0,03521755
0,01665072
0,04374835
0,01112696
0,034105
0,02247535
-0,01404783
0,01259301
0,05921146
0,03494613
-0,02795431
-0,03064165
0,009686569
-0,0473485
-0,09012998
-0,147784
-0,004827767
0,05544246
0,05386027
-0,01008789
-0,06913601
-0,05131251
-0,06642632
-0,08664703
-0,1031656
-0,07507725
-0,09543455
-0,06925029
0,004139124
-0,01625055
-0,04812786
-0,02876853
-0,0293102
0,03083679
-0,02647348
-0,01872358
-0,0267562
0,02071971
0,04322
-0,008735388
-0,03103566
0,004704608
0,01390893
0,02678471
-0,003291643
-0,01374838
0,003057355
-0,00766069
0,01570068
-0,02329363
0,01001091
0,04587585
-0,02577254
0,01381934
0,01658765
-0,01629981
0,03382759
0,00594763
0,02617006
0,02595462
0,04900949
0,02285416
0,0308292
-0,03916916
-0,07090392
-0,003155935
-0,0003214935
0,03693661
0,03484862
-0,03944637
-0,1766934
-0,1498175
-0,1500044
-0,05295418
-0,1034432
-0,1083871
-0,1185656
-0,04524226
-0,01605435
0,04448494
-0,02993831
-0,04769278
-0,02747128
-0,01494532
0,001383936
-0,01746964
-0,04304506
-0,008604652
0,03123068
0,03562617
-0,004532826
0,02513008
-0,02272313
-0,0009867448
-0,007051533
-0,01244646
-0,02491527
-0,003175747
0,01397568
0,02529725
0,0275104
0,01432809
0,007588444
0,005782465
-0,02350078
0,00152514
-0,002763615
-0,01650267
0,02760171
0,04365088
0,0271829
0,01506316
-0,0007717821
-0,07131496
-0,01885885
0,02226725
-0,002075332
-0,02352842
0,03499389
-0,008080345
-0,05789968
-0,08275888
-0,05150896
-0,0152953
-0,07341119
-0,06955863
-0,03619134
-0,03378675
-0,03136966
-0,02643145
0,005943742
-0,01774788
0,01076536
-0,01852324
-0,02791833
0,02936035
-0,002845253
0,0201434
-7,806481E-05
-0,02582847
-0,007740411
0,01360514
0,0003601121
-0,02585886
-0,02660899
-0,01106607
0,02717621
0,01071124
0,01569509
-0,02933168
-0,02492979
-0,01659386
0,01769005
0,01225842
0,004859949
0,01117784
0,0001027518
-0,04240295
-0,02173784
-0,04253628
-0,004165722
-0,03822238
0,01768577
-0,001893907
0,05124589
0,02312002
-0,01053533
0,01920847
0,008614248
0,0262364
0,01693404
-0,001880377
-0,0003231966
0,0004355094
-0,04248925
-0,02480266
-0,01134871
0,0213048
0,00478297
-0,02713196
-0,02049459
-0,02458838
0,01371526
0,003894199
-0,02315295
0,01590891
0,0215437
-0,01812132
0,02007755
-0,01251672
-0,01805037
0,001516945
-0,006680107
-0,004149407
-0,006571741
-0,02491953
0,01336226
0,01836136
-0,02251508
0,01856558
-0,02478539
-0,009475341
-0,01539166
-0,02928559
-0,01172141
0,004375605
-0,005400569
-0,02494694
-0,01861466
0,01268826
-0,00913344
0,02660716
-0,003232449
-0,02991955
0,03310661
0,00336583
0,005993992
0,002493268
0,005600948
-0,02728575
-0,02702097
-0,02624674
0,003406405
-0,04459892
0,007258745
-0,01972722
-0,03469438
-0,03950806
-0,017938
0,008092418
0,02718933
0,01124965
0,01577262
0,02110615
-0,02387398
0,0203121
0,02577616
0,01993432
-0,02095034
0,007873114
-0,02203303
0,01378434
0,02056195
-0,02883193
-0,02899729
-0,01495796
-0,02969922
-0,01539497
0,007240162
0,02754911
0,006428374
-0,0165382
-0,01203969
0,02860263
-0,008040547
0,02554301
0,007272794
-0,01976172
-0,007833629
-0,0328746
-0,006030298
0,007803275
0,03069656
0,0198179
0,01143541
0,005274422
-0,01671807
0,01305524
-0,02662998
0,03596716
-0,002575526
0,001961553
-0,01759053
0,0131552
-0,03377879
0,01073724
-0,009770672
0,01009937
-0,02889969
-0,00455956
-0,01722612
0,02298941
-0,003565163
-0,01349208
0,02190053
0,01477216
-0,00624109
0,01262726
-0,00539392
-0,02200343
-0,02342083
0,008719567
-0,007837276
-0,0222779
-0,01908874
0,001580448
0,01943856
0,02937895
-0,02236005
-0,005602438
0,02983627
-0,01213814
-0,01864023
0,00730632
-0,002140141
0,02587847
0,02540665
-0,001644568
0,02757877
0,01355049
0,008208887
-0,0308814
-0,01842503
-0,01846154
0,02139454
0,005482045
-0,01801281
0,00975366
-0,02719858
-0,02027034
-0,01916554
0,0002268292
-0,01113479
0,02327668
0,01837119
0,0228163
-0,008517642
-0,0176463
0,01109962
-0,002851286
0,0202352
-0,01260835
0,002538128
0,007238447
-0,01124264
0,02577936
0,01167572
0,02010251
0,02023667
0,02128896
0,01428659
0,02477499
0,01373292
0,01051935
-0,0024787
-0,02565661
-0,00695166
-0,01857715
-0,01528895
0,004799281
-0,007399728
-0,01947623
0,02665261
0,02703959
-0,01729429
-0,002645081
-0,03112365
-0,01214905
0,01505443
0,005434005
0,01253344
0,02089543
0,02014632
0,001817408
0,02797088
-0,003938019
0,002756936
0,01028332
0,02393963
0,02877256
0,02658269
-0,01140537
0,01901426
-0,0177795
-0,002234307
-0,0107144
0,02065477
0,00767962
-0,003529803
0,01810674
-0,0009441738
-0,0251933
0,02374624
-0,02529106
-0,02333165
0,009818649
-0,008925606
0,005826104
-0,005396916
0,02065036
0,02430705
-0,007655928
-0,02570706
-0,01520545
-0,0217134
0,02359927
-0,02523497
-0,0165648
0,01518385
-0,0273004
0,004532084
0,01398742
-0,01161719
-0,01420436
0,008512604
-0,02695345
-0,008109907
0,01476157
0,0002550798
0,02377292
0,008435237
-0,008260357
0,02086074
0,02697205
-0,02405126
0,008911336
0,02950562
0,01550338
-0,006665311
-0,01371014
-0,0262881
0,02524202
-0,01484134
-0,02707539
-0,02477875
0,004551732
-0,01470643
0,004945373
-0,02623362
0,004028757
-0,01584549
0,006137431
0,0230288
-0,005843822
-0,01581707
0,0159731
0,0170335
0,008181917
-0,002959017
-0,02607833
-0,01228845
0,006976453
-0,02447659
0,0014342
-0,01807004
0,0009341223
