0,01937985
0,02994507
0,02021049
0,001989031
-0,003417875
-0,02981965
-0,02442417
0,01037604
-0,004013156
0,007242948
0,01095683
-0,0185311
-0,002969781
-0,02516282
-0,008451743
0,02391297
0,02200284
-0,01161959
0,02611738
0,03031364
-0,01726626
-0,02428437
-0,003547608
0,006726325
0,00725107
0,02432459
0,007326189
-0,0134321
0,02957166
0,02692889
0,01322007
0,012413
-0,02962785
0,02021258
0,007664731
0,02485811
0,03057676
0,0007374454
0,00774085
0,00427662
0,00561218
0,0081227
-0,01934929
-0,00237855
-0,007966885
0,02602142
-0,0206597
0,00832717
0,008100353
-0,009466918
0,02024195
-0,02158941
0,01575631
0,0101997
-0,009471977
0,01365146
0,003430718
-0,01654512
0,02536906
0,002906675
-0,00653553
0,01958658
0,01141002
-0,0002600194
0,02466878
0,02917146
-0,01890218
0,00742052
-0,002225703
-0,002722877
0,02391825
-0,008734001
0,01121536
-0,008133034
-0,005232494
0,005293542
0,02572194
0,02946438
-0,01530758
0,01180967
0,01501325
0,02963839
0,009144995
0,009021209
-0,0232906
0,004831742
0,02725316
-0,00918195
-0,0002774873
0,02453984
-0,008586786
0,01711568
0,005999292
-0,02509012
-0,01913978
0,01661284
0,02728833
0,011563
0,003562124
-0,006509063
0,01493156
0,002514838
-0,01948642
-0,0192054
-0,00286542
-0,001228639
-0,002314184
-0,006108387
-0,01459975
0,01589421
0,01866874
0,004573271
0,02930268
-0,01642957
0,0185464
-0,005491701
-0,01947739
-0,02754769
-0,006963678
-0,01011928
-0,02813555
0,02088683
-0,02228169
0,003893013
-0,02403884
-0,0230618
0,01590087
0,00628573
-0,01905926
0,008685084
0,00856196
-0,01576755
-0,004059961
0,02177662
0,02750732
-0,01752499
0,01919562
-0,001657407
-0,01807515
0,008382549
-0,02297809
0,003366579
-0,02468787
0,01446291
-0,02399072
0,01734237
0,01828583
-0,007543568
-0,01301813
0,01701824
0,00610279
0,02485377
-0,01154494
-0,01618248
-0,008458929
0,02449656
-0,005307936
0,007389645
-0,02508377
-0,009700894
0,01360965
0,02202198
-0,01719393
0,007448057
-0,02264376
0,004380228
-0,02134674
-0,02241718
-0,01330317
0,006106545
0,006021551
0,012875
0,02128244
0,01536767
-0,01709758
-0,0007759817
0,01564567
-0,00607138
-0,002218117
-0,01077138
-0,01078575
-0,006637425
-0,01070836
-0,005452624
-0,02751798
0,01441898
0,02618686
-0,01771661
0,0001127179
-0,02710546
0,01834878
-0,01820802
-0,006694254
0,02198801
0,02525132
-0,01446998
-0,009556268
-0,001429006
0,00714075
0,002104761
0,008570487
0,01073628
-0,02413971
0,01170673
-0,01911038
0,02358918
-0,02672928
0,003340218
-0,02936446
0,02298137
-0,02115181
-0,02942686
-0,02085508
0,01635805
-0,0287925
-0,009809614
0,002826147
0,01900712
0,004768579
-0,006252876
0,009027955
0,02723636
0,008196965
-0,01623428
0,01851592
-0,005627379
-0,01019077
0,0301119
0,02099521
0,02817832
-0,02145505
-0,0128944
0,01715537
0,02609725
0,0109844
0,008989406
-0,01216744
0,008604133
-0,01651982
-0,02077938
0,01050029
-0,007621963
-0,01852424
0,007653245
0,02446135
0,01720688
-0,02788385
0,00759227
0,0209263
0,005046352
0,01341617
0,002029598
0,02429803
-0,01679624
0,02325475
0,01153863
-0,02746804
0,02223853
0,0235019
0,01699858
0,004215604
-0,02542735
0,01327004
-0,02660096
0,01439539
0,02260065
-0,01568572
-0,01580648
-0,02449962
-0,007135241
-0,0273816
0,02494975
0,005316928
-0,004619903
0,01371221
-0,01313718
0,01644664
-0,0293631
-0,009796022
-0,02820311
-0,007810956
0,01271131
-0,0208147
-0,01429434
-0,01566297
0,007152966
-0,006330942
0,003875312
-0,02737386
0,02962796
0,006338219
-0,00426225
0,01560141
-0,003198111
0,005562468
0,006034829
0,009208394
-0,02195343
0,02397081
-0,02816055
0,002925619
0,01883968
0,002136898
-0,002189941
0,001957956
0,01906209
0,02684019
-0,001069705
0,0002857023
0,006726833
0,02609843
-0,02806306
0,002727552
0,02196737
-0,00481754
0,02225651
0,02625302
-0,002023913
0,01932374
-0,02265952
-0,0005833595
0,01062749
-0,01894876
-0,02355152
0,01763376
0,008265329
-0,01956748
-0,02108535
0,02043743
-0,02212212
0,008212441
0,007570575
-0,02293456
-0,01237081
-0,001539943
0,003023545
-0,01986127
0,01097048
0,01332538
-0,003816495
0,01049035
0,02478845
-0,02639623
-0,003915119
-0,02699029
0,003952743
0,02355724
0,02366685
-0,02827672
0,01383641
0,01037178
-0,0188939
-0,01107929
0,0166455
0,002589846
0,02213659
0,007066155
-0,003584358
0,01125444
0,02510834
0,009229393
0,01866053
0,009404852
-0,006715154
0,03011046
-0,01134063
0,02584354
-0,01590848
-0,007059314
0,02160229
0,01208769
-0,0153689
0,01482581
-0,005988159
-0,002509234
0,006150017
0,008238126
0,01637975
-0,02687787
-0,01639532
0,01453726
-0,01379051
-0,02404176
-0,02373109
-0,002575839
-0,004163399
-0,01249183
-0,009320272
0,01566882
0,007087797
0,02720526
0,01448222
0,0302801
0,01910766
0,01699311
0,02246643
-0,01437345
0,01126062
-0,003324039
0,01444347
0,008417525
0,009142136
6,947119E-05
-0,01932977
-0,02825181
-0,005749072
-0,003756395
0,02619969
-0,0117812
0,0274593
-0,015888
0,02182856
-0,006885313
-0,001271669
-0,01881235
-0,007123823
0,01126795
0,001914321
0,02463297
0,001824858
-0,03041531
0,004206601
-0,001758127
0,01647153
0,02558481
0,02816699
-0,01422985
0,02703644
0,006792347
0,005429135
-0,01062655
0,02632121
-0,01095548
-0,01138918
0,005194278
-0,02592792
0,01532846
0,02699776
-0,02572976
-0,02796703
0,0308373
-0,007283644
-0,02876646
0,01821302
-0,007418367
-0,02471198
-0,008926337
0,001250788
0,007711886
-0,006425211
-0,01952051
0,01350952
0,01630114
0,02424378
0,01352671
-0,02779249
-0,02104657
0,0138389
-0,01486874
-0,0277247
-0,02182769
-0,0001777057
-0,01102752
0,01372924
0,00860658
-0,0122219
0,001327246
-0,02677019
0,02352556
-0,02538071
0,005538627
0,01364524
-0,002917191
0,02283212
0,003414616
0,00957582
0,003697058
0,01288701
-0,004806614
0,01958059
0,007032711
0,01465105
-0,01141203
-0,01728804
-0,004483317
0,006111878
-0,02120079
-0,005586804
0,005028266
0,001361215
0,0265514
-0,0271981
0,01119215
-0,02833684
0,02397205
0,0003580705
-0,02643708
-0,01238957
-0,02115409
-0,02629336
0,003090739
-0,01330691
0,007862942
0,001915702
0,01645254
-0,005358892
-0,0145328
0,02465705
-0,0089946
-0,02546315
-0,000875206
-0,003180689
-0,01122271
-0,004364446
-0,005284766
-0,005548764
-0,02068637
-0,02737583
-0,01192259
-0,02924782
-0,02422239
-0,02432959
-0,001559351
-0,008502317
-0,02009126
0,004461581
-0,02655097
-0,005134468
0,03035388
-0,02795322
0,004872279
-0,0146945
0,003599345
-0,01067764
-0,01276876
-0,008880819
-0,0235397
0,01733439
-0,003847556
0,02919204
-0,009173969
-0,01160826
-0,02450959
0,0009962338
-0,02759774
-0,001427334
0,01429131
-0,01458875
0,005563091
-0,001965253
-0,01150798
0,02833952
0,02881172
-0,02388133
0,02644007
-0,004464265
0,01842457
-0,01392853
-0,007442269
-0,01834989
-0,009228881
0,01955365
0,02245896
-0,01376804
-0,001625958
-0,01707019
0,02408022
0,02633493
-0,02425651
-0,02660851
-0,01384559
-0,005763439
0,006884048
-0,01320863
0,008846895
0,0186666
-0,02928972
0,02679867
-0,01161548
0,0112352
0,02171261
0,01913503
0,02062118
0,0006239619
0,01446965
0,006236114
-0,01344649
-0,004692548
-0,005928318
0,01995737
0,002457194
0,02223763
-0,004147774
-0,01427212
0,00869962
0,001399725
-0,006153323
0,01820421
-0,02968661
0,01895482
0,003977979
0,01604563
-0,02277603
-0,001235907
-0,02058871
0,02405721
-0,01085085
0,008492202
-0,004559726
-0,02509634
-0,004678253
0,02121609
0,02577769
0,00962557
-0,00940402
0,002261376
0,02895405
-0,009380623
0,0006674348
0,02170709
0,02508284
-0,003129937
0,001075799
-0,01462512
0,001318934
-0,005635126
0,02748303
-0,007577108
0,009553608
-0,02017918
-0,002716243
-0,01730008
0,02722577
0,0005841128
-0,02335035
-0,02515309
0,01120839
-0,009704434
-0,009797612
0,01995687
-0,01256875
0,008417713
-0,02806754
-0,009897001
-0,004194631
0,01163017
0,02633319
0,01598454
0,02413934
-0,02461907
0,002350552
-0,02844574
-0,01445904
-0,02284714
0,0228224
-0,02447744
-0,01748832
0,02046861
0,02566952
0,01241829
0,02536114
0,02653782
0,02680475
-0,01684271
0,006658116
-0,01977229
0,02273843
-0,007204513
-0,001613317
-0,01675669
0,0194154
0,005592987
0,02793186
0,01070684
0,004869258
-0,01356768
-0,005773446
-0,02002435
0,02050635
0,02226947
-0,0004087487
-0,01989291
-0,003694145
0,003361115
0,007647585
-0,004244671
0,02814635
0,02047517
0,008334827
-0,02907574
0,0217816
0,02184893
-0,004273187
0,009056536
0,02544827
-0,008284926
0,01196336
0,01779225
0,0121479
-0,01634627
0,01813659
0,001095178
-0,01664606
0,007783358
-0,01624107
0,02502602
-0,02828328
0,003580943
0,0005616567
0,003832991
0,008640934
0,02821453
0,02651059
-0,0295089
-0,02088933
0,009665619
-0,005060698
-0,01040364
0,002560945
-0,01837087
-0,01703268
-0,02813356
0,01444675
-0,003657475
-0,007557689
0,02884541
-0,01982805
-0,01261496
0,01579974
-0,01643203
0,005008094
0,0054668
-0,001394243
0,005709016
-0,02731668
-0,03308918
0,02805573
0,02237347
-0,009131276
0,01344232
-0,007974382
-0,006354124
-0,01092359
-0,0266054
-0,006435846
0,02369972
0,02551734
-0,006798676
-0,002665565
-0,01780411
0,02568638
-0,009929246
-0,01882718
-0,0001876466
0,03014584
0,01463679
0,0148244
0,01334829
-0,01685785
-0,01497009
0,01214199
0,01174257
0,0145616
-0,01621602
0,02607348
-0,03303102
-0,003384591
-0,01210106
0,02564871
-0,01868591
0,0134446
0,002118308
0,0275917
0,01773989
0,01635837
0,01917343
0,01260248
0,009679226
-0,02694103
-0,0005285935
-0,02864186
0,01591119
0,02252246
0,002205495
-0,01337925
-0,01572385
-0,003352379
-0,02838599
0,007394018
-0,01176479
-0,01542337
-0,01473434
0,008755011
-0,02412136
-0,02896054
0,01177901
0,008609731
-0,02678044
-0,02461871
-0,00691165
-0,004667615
0,006547428
-0,005086088
-0,01457789
-0,0009021843
-0,008885594
-0,009662283
-0,01034965
0,009630554
-0,01998749
-0,0288249
-0,02787182
0,005632607
0,010465
-0,0211564
0,02437017
0,01767511
-0,02094308
0,02390845
0,012047
0,0005211069
-0,008394233
0,006133965
0,003528969
0,02624864
-0,003827839
0,02127863
0,01768657
0,01560951
-0,02632753
-0,02174267
0,009089824
0,004616065
0,01086175
-0,02786139
-0,005570984
-0,007900491
0,006890094
-0,0256647
0,02637622
0,025025
-0,02323081
-0,007748304
-0,00202296
-0,01060212
-0,01752069
0,009115036
0,02755233
0,02653002
-0,022716
0,02285441
-0,00286245
-0,023798
-0,00641328
0,02079557
0,02979499
0,02683938
0,01655304
-0,01125867
-0,02883584
-0,001827632
-0,001522632
-0,001492371
0,0002076326
0,02837142
-0,01000653
-0,005576131
0,02148327
0,003735074
0,01022517
-0,002445617
-0,02570134
-0,02990201
0,02481744
0,0143297
-0,01000566
-0,03083543
-0,02454759
-0,01664777
0,00823389
0,01284138
0,02591779
0,02698158
0,01089767
-0,01584186
0,01344678
0,003210887
-0,01832755
0,02188555
-0,02506659
-0,0004227925
0,006080003
-0,01128358
-0,02603714
0,0006702016
-0,002205016
0,009415821
0,02112231
-0,0003360099
0,02941313
0,01713661
0,01685869
-0,008961513
-0,01687772
0,008022291
0,0110543
-0,008341571
-0,02441786
0,007174614
-0,002649121
0,02612363
0,0150021
-0,002299741
0,003973986
-0,01752127
-0,001753
-2,443533E-05
0,01376255
-0,01730143
-0,01915877
0,01319617
-0,02202481
0,02382527
-0,004104867
-0,0219123
0,02036198
0,01563763
-0,03654362
-0,008954723
-0,018676
0,00698898
-0,02357452
0,01027461
-0,01364486
0,02493552
-0,03175127
0,004087319
0,01122455
-0,02538905
0,003359343
-0,007888803
-0,003802359
0,005538607
-0,002761079
-0,01988787
0,01660644
-0,02054331
0,01477843
0,02060189
-0,02905733
0,02748381
0,02481132
0,006165157
-0,01515025
-0,01718851
0,004143597
0,01725877
0,02123946
-0,02874557
0,01596697
0,01895189
-0,01278054
0,007475678
-0,01308201
0,00916835
0,01034413
-0,03121838
-0,02467652
0,004654827
-0,02343596
0,02197844
0,01355832
0,002743058
0,007219977
0,01717954
-0,01876403
-0,003029957
-0,0066713
-0,01790136
-0,01357771
0,006032871
-0,02895523
-0,02339938
-0,007165343
-0,01268545
0,01565214
0,003346474
-0,006474883
-0,02468741
-0,009096232
-0,0167932
0,01433851
0,01025147
-0,00892428
0,01451388
-0,02825345
0,01907602
-0,01189758
0,01607412
-0,002077056
0,01337898
-0,02919257
-0,02328585
0,007927527
-0,02321689
-0,02147914
-0,01480447
0,02439117
-0,007633802
0,02228764
0,02678883
-0,01710644
-0,001197117
0,005153003
-0,03187187
0,01040115
-0,02371878
-0,02275555
0,02350334
0,01629454
-0,02553075
0,001997037
-0,03454692
-0,01831475
0,02421485
-0,02676152
-0,03119032
-0,02148077
0,01698662
0,01382389
-0,005697822
-0,01798333
0,01280822
0,01784353
0,008803651
0,008323911
-0,0320247
0,0004842414
-0,01220098
-0,02052657
0,003773385
0,01090116
-0,02678206
-0,01636812
-0,006528152
0,02802511
-0,01760356
-0,02675516
-0,01060894
-0,02782751
0,02265576
0,007982811
-0,008949692
0,02499841
-0,009130036
-0,02426102
0,02958755
0,0220051
0,00974976
0,02851763
-0,02969396
0,02538409
0,02657518
-8,756282E-05
-0,008781687
0,00737974
-0,004030749
0,007155262
0,02322879
-0,01356652
0,005470336
-0,0004020073
0,01109544
0,005865659
-0,02095658
-0,01348587
-0,007166868
0,00727603
0,008174232
-0,03888077
0,02178044
-0,03293496
0,02288627
0,02027108
0,02502095
0,01928593
0,02375052
0,01936456
-0,001630627
0,004690383
0,01342003
-0,02261543
0,02283712
-0,008859942
-0,02196688
0,006867928
0,01239636
0,001526161
0,01995455
0,01317848
-0,001380421
0,00219969
-0,02242598
0,03001416
-0,01014007
-0,0146914
0,01608925
0,003373601
0,006856256
0,02516191
0,003265432
-0,01992435
-0,03283239
0,006430095
-0,03277149
-0,03374618
0,02667273
-0,02923438
0,001505889
-0,00125443
0,01026589
0,002121071
-0,03095635
-0,01904412
-0,001045797
-0,008273992
0,001701935
-0,01371031
-0,006458535
-0,0003831536
0,006794297
-0,03751584
0,02195784
-0,02727325
-0,003831468
-0,01055878
0,0231883
0,02621318
0,002687158
0,01159344
-0,0252638
-0,009773657
-0,01714443
0,003537234
-0,03055255
-0,0005100812
-0,02330031
-0,01575227
-0,01022895
-0,02080876
0,008484788
0,007552545
0,02729554
-0,0121529
0,02845102
0,01915198
-0,01062594
0,01405551
-0,01038827
0,01594447
0,0006044007
-0,0129446
0,02775472
0,02643316
-0,0206253
-0,000903476
-0,01935841
0,01904546
-0,02709242
0,003454819
-0,03222979
-0,03946216
-0,008478201
0,01588749
-0,01076667
-0,01545291
-0,01683508
-0,008440658
-0,02340055
-0,03306781
-0,01340877
-0,01012147
-0,03015681
-0,008551542
-0,0338942
-0,02844398
-0,03056529
0,007621864
-0,0231531
0,01021159
-0,02919305
-0,02266493
0,005271583
0,01495728
-0,02072118
0,01614951
-0,00944187
-0,01565371
-0,008702441
-0,001451373
-0,01259583
-0,01590236
-0,02286017
0,01174423
-0,02592552
0,006659487
-0,02595876
-0,02697705
0,020434
0,001987285
-0,006492734
0,01392552
-0,003461035
-0,01722337
-0,01199869
-0,03123433
-0,02436733
-0,0008048047
0,0242392
-0,02894306
-0,009439146
-0,005143281
0,006633357
-0,01297956
-0,003658681
0,01718952
-0,01934383
0,001904603
0,001766128
6,828266E-06
-0,03632412
-0,02918767
-0,02310401
0,01776483
0,01537963
-0,02264876
-0,01219596
-0,006053041
-0,01144905
-0,007974748
-0,03106877
0,02821973
0,01681872
0,005210948
-0,01345639
-0,01371671
0,01039476
-0,009964281
-0,005964376
-0,02356588
0,007225439
0,01851431
-0,01285308
-0,01568451
0,02905969
0,01241353
-0,000895919
0,01167505
-0,02638312
-0,02517235
-0,01879784
-0,01478952
-0,01136609
-0,02311182
-0,003912509
-0,02089001
-0,00338788
0,001520808
-0,008819676
-0,02554867
0,005036282
0,003409748
-0,02844367
-0,00449897
-0,03388189
-0,008840378
0,00418139
-0,03367614
-0,03427723
-0,02309291
-0,0238911
-0,03514141
-0,01498871
0,001810632
-0,0331733
-0,02048117
0,02106301
-0,033165
0,01902265
-0,0260445
0,01083356
0,009002341
-0,009215127
-0,01671725
-0,02134389
0,0102018
0,005782081
0,005140692
-0,02742286
-0,02750451
0,0173485
-0,02600166
0,02366637
-0,0156397
-0,005954379
0,02458063
0,006264971
0,01176539
-0,0247356
-0,003431812
0,02492124
-0,01234786
0,001487412
0,01440992
0,01785431
-0,0259655
0,02383493
0,01213789
-0,02600202
-0,02073723
-0,01716687
-0,006980032
0,008431535
-0,01984807
-0,01184678
-0,0397987
-0,01721202
0,01491681
-0,01510058
-0,01277925
0,01383439
-0,02774196
-0,02918572
-0,02905113
-0,001392874
-0,02233773
-0,02270393
-0,02636672
-0,02210429
-0,02380092
0,005792206
-0,02006141
0,024269
-0,008763132
-0,02341521
-0,009654499
-0,02398622
0,004157804
-0,007680357
0,02905536
0,01308639
0,01862285
-0,00523307
0,01573685
0,0101047
-0,01374537
-0,01230855
0,0009316173
0,01455659
-0,01145002
-0,0008570935
0,007470421
-0,01595517
0,007121052
0,001586771
0,01342316
-0,01857841
-0,006907853
-0,01916227
0,002573063
-0,03785842
0,01513878
-0,0003342572
-0,03833448
-0,003224712
-0,03287573
-0,006455129
-0,01920773
-0,02603396
-0,03329235
0,01548031
0,009974211
-0,001650747
-0,007906237
0,01207111
-0,0287044
0,01329523
-0,01285019
-0,006898455
-0,01604456
0,0214641
0,006913685
-0,00927064
0,01990714
0,006525272
0,02661315
0,02378124
-0,01509189
0,01704948
-0,01004859
-0,02354762
0,008908329
-0,01274997
0,01174963
0,02820657
0,02138489
-0,02005276
-0,008805351
-0,02622588
-0,002215598
0,01055616
0,02411525
-0,016109
0,004992291
-0,009264867
0,009057717
-0,02583721
0,01660969
0,01927515
-0,007588931
-0,03468108
0,01502645
-0,03619547
-0,03866077
0,005644654
-0,01778175
-0,01028075
0,005233718
-0,0141489
0,004568805
-0,02103829
-0,01486076
0,004875972
0,02204526
-0,0311379
-0,01573068
-0,004862583
0,02007766
-0,002570258
0,02250144
0,02361877
-0,007778339
-0,01595974
0,02469369
0,003642817
0,02800765
-0,009370927
0,01382975
-0,00444891
0,02289268
0,02042327
-0,0280067
-0,01140708
-0,01334791
-0,0120431
-0,01849927
0,004948609
-0,01510931
0,02314572
0,002564679
-0,01048658
-0,009437924
0,02499508
-0,01211697
-0,02237683
-0,01399532
-0,01351776
-0,01318156
-0,0002055097
-0,03133168
-0,02654121
-0,02822963
-0,02048296
-0,03842578
-0,004077118
-0,002729516
-0,001560972
-0,03224504
-0,01179973
0,009912037
-0,03431963
0,01020693
-0,01211044
0,0004414473
0,01992645
-0,01724102
-0,0310282
-0,01221517
0,005787203
0,01954239
0,01175065
-0,01664361
0,02744103
0,02459614
0,001032304
0,0008304883
-0,003344279
0,0238242
0,01321386
-0,01523466
0,009237478
0,02667788
-0,02497108
-0,01184367
0,008950354
0,004817926
0,01134141
-0,01553255
0,01109184
0,007967371
0,0007974778
-0,006455784
0,01304117
-0,03136402
-0,003936921
2,44274E-05
-0,03054034
-0,01026038
-0,007569628
0,02021325
-0,02195199
0,02052005
0,009777654
0,007339128
-0,01790181
0,01893329
-0,02216709
-0,01478769
-0,00835285
-0,03574828
-0,02597279
0,01196017
-0,00803557
-0,01856166
-0,02202219
-0,02693408
0,00897079
-0,02874262
0,0229643
-0,01222844
0,005163145
0,01821704
0,007848151
0,02661493
-0,01414595
-0,01425069
-0,003097973
0,02381328
-0,006229186
0,02739355
-0,001275888
-0,02766839
-0,005293572
0,01604841
0,02848323
0,009308689
-0,02267401
-0,01338877
0,02412911
0,008042018
-0,01459267
-0,02083608
0,009060713
0,003493639
-0,006383568
0,01390004
-0,03447821
-0,001035001
0,01500421
-0,01469215
0,01475041
0,0201186
-0,009391929
-0,03290707
-0,02405627
-0,01681544
-0,02140549
0,008737702
-0,01121233
-0,03307733
-0,004360687
-0,01273429
-0,03216004
0,001692891
0,003111652
-0,02297844
-0,01017207
0,007227254
-0,01675272
0,001221446
0,02706668
-0,004928529
-0,02082144
-0,01561828
0,02980265
-0,006527958
-0,02416867
-0,02992629
-4,742096E-05
-0,0002585895
-0,01510656
0,02249623
-0,03057601
0,02814702
-0,02616504
-0,0007481412
0,002398895
-0,01596262
-0,003578196
0,0005224383
-0,01297645
-0,01419137
0,01245753
0,01366101
-0,02642603
0,02219634
-0,02771493
-0,03215425
-0,0381376
-0,02394321
-0,01578613
-0,0177178
-0,02099047
-0,01725683
-0,01339608
-0,0174068
0,007188609
-0,0278678
-0,03254482
0,0187507
-0,01403409
-0,01577487
-0,01532383
-0,0298183
0,02131937
0,008177422
-0,008830488
-0,0266724
0,0006450436
-0,02392651
0,00678407
-0,02280136
-0,01808226
0,01301649
-0,01914297
0,00929235
0,01012919
-0,006562207
-0,0217746
-0,02574545
-0,01581686
0,02939263
0,02807576
-0,01827417
-0,0250894
0,02318157
0,001911166
0,007943302
0,001950202
0,007283633
0,009631579
-0,01459947
-0,03004389
-0,003422234
-0,01981095
0,02840125
0,02351905
0,006897198
0,0143035
-0,01274248
-0,00680151
-0,0370773
-0,005949105
0,01286214
-0,00320355
-0,02887196
-0,03509745
-0,004852334
-0,02916031
0,0104551
0,01038787
-0,01192476
-0,02768802
-0,026238
0,009607135
-0,01144201
-0,01111879
-0,02280769
0,02766039
-0,02984252
-0,02166527
0,01522587
0,002425554
0,02371128
-0,004845356
-0,01115752
-0,02638577
0,01306316
0,003587872
-0,01735786
0,0114629
0,0285216
0,001305341
0,01153021
0,002422971
-0,02057562
-0,006969117
-0,02974301
0,0006062908
0,01784044
0,01377974
0,02461293
-0,004708588
0,01141229
0,01667432
-0,01926795
-0,02483234
0,02244736
0,008178212
0,009885394
-0,003368224
0,01051058
0,005411657
0,009636778
-0,02803738
0,002772465
-0,00983808
-0,0001837655
-0,009021307
-0,01672598
-0,02606976
-0,01073495
-0,03123748
0,02568686
-0,02627445
0,01561807
0,0208094
-0,007168673
0,003337466
0,002382625
0,0297654
-0,01078709
0,004827341
-0,02096543
-0,01483979
-0,01673301
-0,01170698
0,01917482
-0,02411842
-0,01854608
-0,02288383
-0,02293812
0,02704144
0,01710595
0,005931078
0,02077986
-0,01690517
0,01021371
-0,005709874
0,0149139
0,008597838
0,01166093
0,0008861508
-0,02036084
0,001752974
-0,01942584
0,01364537
-0,00757478
-0,003794811
0,02187846
-0,01886668
0,009451839
-0,01577136
-0,02893076
0,006796838
-0,02290535
-0,02834127
-0,00655646
-0,004403835
-0,03288303
-0,009882959
0,007008238
-0,001194902
-0,01300113
-0,01792962
-0,02845994
-0,003615452
-0,01428337
-0,009346763
-0,01492437
0,003499329
-0,01877528
0,02739467
0,01654136
0,02293349
-0,01373153
0,01774594
-0,00647974
0,004805828
0,02841308
-0,007002668
0,01987518
-0,01790716
-0,02485919
0,01920204
-0,01340796
0,01162298
0,01090974
0,02568324
-0,01236563
0,006836636
0,007464636
-0,02707644
-0,00861724
-0,01505355
0,02102998
-0,0297092
-0,02370774
0,02182712
-0,007767688
0,01130649
-0,005100376
-0,0327604
-0,02088324
-0,01570961
-0,03320812
0,008088474
-0,003682973
-0,01865228
-0,004886652
-0,006179832
0,01431382
0,02273754
0,004913422
0,009274448
0,005281131
-0,0005096911
-0,002864971
-0,002568645
0,02275731
-0,009919059
0,0149676
-0,01360825
-0,02884541
0,006154607
0,023609
-0,02379148
0,005832321
-0,001333451
0,02732163
-0,02066888
0,004264104
-0,005143709
-0,02528351
-0,02191102
0,01858336
0,0115939
0,01697781
0,008871537
0,0124368
-0,003120458
-0,02750646
-0,01119171
-0,004870066
0,01745983
0,01326124
0,005862854
-0,006341354
0,008479877
0,004767938
-0,01118944
0,001466291
0,008208429
-0,0355099
-0,03383087
-0,03629564
-0,0244011
-0,03200346
0,009061996
-0,006561429
-0,03389654
-0,02165098
-0,02791513
-0,009691591
-0,009286061
0,02381584
-0,007271915
0,02327598
-0,003152132
0,02049662
0,02468305
0,008537257
0,01573592
0,0137122
-0,005485457
-0,01583056
-0,006626333
0,02074917
-0,01822048
0,01869434
-0,01906719
0,006667087
0,02358824
0,01844873
-0,0001754491
-4,855622E-05
0,01733601
-0,01093935
0,0263072
-0,02560588
5,507655E-05
0,004867124
-0,02966685
-0,02414021
0,007662129
-0,01998624
-0,0376082
-0,03695201
-0,03110821
0,01801917
-0,01447285
0,01065321
-0,03435314
0,01221307
0,006154727
0,008533611
0,01396632
-0,03924505
0,001682992
0,01389679
0,0002006452
-0,01104005
0,01933398
0,02446187
-0,01055056
-0,004733581
-0,01190712
-0,01208881
0,02174287
0,02206424
-0,0237697
-0,02780501
0,02518948
-0,009060517
-0,01104452
-0,01207343
0,004222391
0,006289688
-0,02698681
-0,02118359
-0,01659611
-0,006559225
0,01441766
-0,01391963
-0,006002562
-0,009090645
0,003455818
-0,03035404
-0,02945034
0,01072191
0,005286899
0,01156883
0,00705806
-0,02995775
-0,007277968
-0,02883908
0,01107954
-0,02826734
0,01431376
-0,02037446
0,01688125
0,003197965
-0,0312926
-0,02431688
0,01106811
-0,01596045
0,01472489
0,001586482
-0,003681078
-0,01286726
-0,026319
-0,01999324
0,02380605
-0,001628825
0,009124807
-0,01497129
0,008242168
0,006068555
0,002235307
0,02893785
0,02045857
-0,01221808
-0,01499654
-0,01982365
-0,01561089
-0,008867363
-0,008260188
0,02123299
0,02483578
-0,01811491
0,003178046
-0,004461607
0,01695165
0,01688393
-0,01759188
0,000972654
-0,01552631
-0,001227324
-0,00610154
-0,02945925
-0,005128901
0,01953486
-0,00560722
0,00204619
-0,003093103
-0,01459732
0,01379611
-0,02432368
-0,01133634
-0,02573406
-0,01242099
-0,03322093
-0,004629527
0,008161165
-0,01672566
-0,004757993
-0,01422229
0,01653977
-0,03987385
-0,01328892
0,02116963
-0,03336169
0,01462965
-0,01160675
0,02542663
0,01803234
-0,0003592278
-0,01915975
-0,01316908
-0,02155804
0,02816076
-0,01982659
-0,02174485
-0,002215624
0,001491119
0,02910268
0,01935488
0,009053284
0,01084984
0,02299329
0,003037767
-0,01976428
-0,002944764
0,01464053
0,01625143
-0,006444518
0,01851097
0,02454295
-0,01033356
0,003113074
-0,03041398
-0,0140688
-0,004800436
0,02461728
-0,02990054
-0,0114035
-0,02990408
-0,02898362
0,007332616
0,005373265
0,01693148
-0,003121725
0,01439569
-0,02628361
-0,03169825
-0,02769452
0,01849281
-0,03343961
-0,02099306
-0,01324746
0,01005084
0,01211054
-0,01746864
-0,02540983
0,02324188
0,01788332
0,004307249
-0,02723426
0,004821104
-0,001208209
0,02681004
0,002363242
0,01983964
0,01134828
-0,02560974
0,0109644
0,01335849
-0,02081183
-0,008586306
-0,02519772
0,02251125
0,01052035
0,02667558
0,02842863
-0,02937994
0,0261931
-0,01441472
-0,02136797
0,0007643921
-0,002227296
-0,007733154
0,009111849
0,003393363
0,0218488
0,01589923
-0,01699107
-0,03230439
-0,01655191
-0,03082848
-0,01697434
0,01501199
-0,0349962
-0,006146785
-0,02809932
0,001403018
-0,02395431
0,005685378
-0,02986447
-0,02953019
-0,007761016
-0,006541857
0,01140163
0,01282633
-0,0185786
0,003722647
-0,02440152
0,0190769
-0,01310717
-0,02327393
0,02758545
0,0004017384
-0,006387611
0,0002730355
-0,02708713
-0,026088
-0,01076873
0,02932498
0,0259921
0,02297753
0,01762748
0,007727688
-0,007631291
-0,02607661
-0,02739649
-0,01600217
0,01747122
-0,02514572
0,01309351
-0,01712169
0,009550381
-0,02331681
-0,02983746
0,02857026
-0,02933645
0,02761033
0,003303058
0,01673028
-0,01648366
-0,01579412
0,004417905
-0,01103245
0,006291565
-0,03096595
-0,03532226
0,004055961
-0,01603691
-0,01000903
-0,01228934
-0,03267288
-0,01428373
-0,0186436
0,01225149
-0,01535963
-0,01040637
0,02122327
-0,02491038
0,01285538
0,01407534
-0,02922453
0,01654105
-0,0290459
-0,02410228
-0,02812202
-0,005884472
0,0191403
-0,0006268849
-0,004771861
-0,001428149
-0,02649133
-0,001002101
-0,002634067
0,009072325
0,006141855
-0,01764415
-0,007777928
0,02127033
-0,02094943
0,02775196
-0,01551733
0,0181781
-0,01716344
0,0008667181
0,003758396
0,01721631
-0,01035024
-0,01466534
0,009716269
0,0006194236
-0,0259096
0,01451508
0,01227975
-0,0340362
-0,02421984
-0,009228947
-0,004478799
-0,02422384
0,001797204
0,005882232
-0,02462099
-0,02419555
-0,03789081
-0,03360511
-0,009655793
0,005909318
0,02465068
0,008059994
-0,01644402
-0,02347053
-0,02922806
-0,02976094
0,02794069
0,01537455
-0,002780952
-0,01889775
0,0002572928
-0,003467974
0,002040882
-0,01801163
-0,02827707
0,0004383721
0,0177162
0,01984805
-0,01028652
-0,01690873
0,01011553
-0,008283571
-0,01099957
-0,02966417
0,0003909585
-0,02940243
-0,02235474
-0,01059302
0,00901561
0,02622346
0,01580798
-0,0209551
-0,02557235
0,02221518
0,02026302
0,008458793
-0,03358534
-0,007450355
-0,009435216
-0,03493142
0,01042604
-0,03852395
-0,002922063
-0,03331986
-0,03633001
-0,02835597
0,009218575
-0,006838487
0,009927835
0,01257497
-0,003159963
-0,02072592
0,01340524
-0,01707279
-0,03071804
0,006725573
-0,01011419
-0,01830808
0,004823897
-0,03038616
0,02200946
0,005972126
-0,02535953
-0,0007427474
-0,005885297
-0,01035513
-0,01105263
0,007286532
-0,01155305
-0,01071024
-0,003122304
-0,01619621
-0,01245996
-0,0181893
-0,01231774
0,00392356
0,01156269
-0,01863205
0,02761917
-0,0136838
-0,01925971
0,004774206
0,003420605
0,01890705
-0,007909429
-0,00134781
-0,01077831
0,01391936
0,01367713
-0,02571389
-0,01934574
0,0107455
0,01462512
-0,008858011
-0,0236968
-0,02393199
0,02253051
-0,02690298
0,008045835
0,009128309
0,01993635
-0,02194143
-0,01974898
-0,006804068
-0,01086953
-0,01528634
0,02390197
0,002811311
0,02311414
-0,005195502
0,02535551
-0,02270945
-0,01728428
-0,01434446
0,01558745
-0,01630867
0,02982782
-0,02003768
-0,02996379
0,01762163
0,02340268
-0,004242486
0,01287268
-0,02515492
0,02736761
0,004116323
-0,01416085
0,01211633
0,02303468
-0,02948956
0,003526329
-0,003197945
-0,006310968
-0,01906816
-0,009274551
-0,03241932
-0,01184043
-0,02879313
-0,003085709
-0,02599555
0,001828434
0,01141516
0,01745213
-0,01045575
-0,01831874
-0,02320303
0,001123951
0,004792358
0,01113921
-0,03522889
-0,01808648
0,01770057
-0,02316925
0,02269839
0,01788169
-0,003192737
-0,003778446
-0,02173143
-0,003173094
0,01415917
0,02809315
-0,02167747
0,008140995
0,02032013
0,01906434
-0,005990769
0,008305992
0,02742232
0,01991921
0,01022622
0,01799101
0,01826556
0,004173988
0,01752775
-0,02613319
-0,03124559
-0,00697814
-0,01910041
0,009458296
0,01132004
0,02429534
0,002684928
0,02532839
0,02049789
0,01124408
0,009782459
-0,01515168
-0,005157723
-0,01283613
0,01835695
-0,004306543
-0,02359412
0,002441718
0,01114693
-0,02346267
-0,003874129
-0,022724
-0,02778528
0,005053894
0,02160476
0,001221197
0,008561272
0,01808518
-0,02829687
-0,01749695
-0,002739002
-0,01907825
-0,009678114
0,01957415
0,01730458
-0,02874146
-0,01559492
-0,001680411
0,01557127
0,01773623
-0,007973678
-0,01937986
0,01544434
-0,02703239
-0,02959217
-0,02891945
-0,02531889
-0,0007041402
0,02021678
-0,02791789
-0,001505556
-0,02710347
0,01277265
-0,0002119141
-0,0003781788
0,01564759
-0,01494705
0,001289781
0,009442101
-0,02961802
-0,02350018
0,003444876
0,01368563
-0,000620022
-0,02302155
-0,005463923
-0,03988633
0,005347396
-0,001671225
0,01861737
-0,01482388
0,01249079
0,02182177
-0,03191799
0,01950805
-0,01363693
-0,005899416
-0,02886193
0,005657054
0,02269874
0,0009015059
-0,02048863
-0,03083764
-0,02927675
0,01354495
-0,008581487
-0,0003148504
0,02129597
-0,01125697
0,02980175
0,01401282
0,01112323
0,01367474
0,008411308
0,00207401
0,007891734
-0,01152311
-0,02445201
0,01274751
-0,005308083
-0,03228294
-0,01547298
0,01760769
0,02408106
0,01094722
0,01286116
-0,02016317
0,01074047
0,00437124
-0,02765666
-0,02102196
-0,02840876
0,01548429
0,009462392
-0,004673399
-0,03494034
0,006641218
0,01508747
0,01729279
0,0182821
-0,03489592
-0,02675814
-0,009844205
0,003458504
-0,0229608
0,007173408
-0,02970755
-0,0147113
-0,0002618328
-0,01445225
-0,0257901
-0,009219303
-0,01018815
-0,01779456
0,02463162
-0,0160907
-0,009193518
-0,02265404
-0,008922746
-0,02996152
-0,01930334
0,01858115
-0,01786093
-0,02032254
0,01043461
0,001891712
0,01538513
0,02274639
-0,02776476
-0,003264276
0,02196518
-0,004725905
-0,02361508
0,01506082
-0,01018582
0,01949325
0,02040259
-0,02046026
0,008261123
0,02385956
-0,0003050974
0,01236405
-0,02893067
-0,01690241
-0,03514168
0,01743262
0,01246899
0,00221288
0,01550561
-0,02159102
0,0049456
0,0001485658
-0,002999875
0,01941943
0,01166869
-0,01674634
0,0252683
-0,01570859
-0,03260398
0,01027657
0,02464978
-0,01905719
-0,01591571
-0,02600538
-0,007791554
0,007917991
-0,01872995
0,004536278
0,02278128
-0,02628658
-0,009189788
-0,02094001
-0,003830689
-0,008812835
-0,007886252
-0,01105038
0,008591549
0,01868718
-0,02538546
0,01298938
0,009437045
-0,02747122
0,02501548
0,007179162
0,00958455
-0,01688734
0,02339135
-0,0178584
-0,03449649
-0,03158042
0,01778936
0,0003026064
-0,02530843
0,02308588
-0,03261292
-0,01185759
-0,004571078
-0,03859452
-0,04190366
-0,01376688
0,006967367
-0,02010092
0,01462841
0,0168787
-0,03403587
0,001423207
-0,02324909
-0,02407547
0,0007383223
-0,002901195
0,008205984
-0,0224414
-0,02017978
-0,01340837
-0,02840858
0,01977788
-0,01649411
0,004964627
-0,006318702
-0,02340788
0,01024286
0,02528598
0,003828298
0,01838875
-0,01933403
0,01436191
0,02794218
-0,003183874
-0,01532485
0,02522749
0,01172038
0,001034072
0,01548054
0,004462262
0,02550581
-0,008670587
-0,01719658
-0,02606768
0,007082173
-0,02886417
-0,0295507
0,01367884
0,008429047
-0,005376301
-0,01170066
0,005558271
-0,01482169
0,01078065
0,01552103
-0,02509801
-0,02455445
-0,0361446
0,004478886
0,01885847
0,01232513
0,01853889
0,009430214
-0,03170231
0,008363646
-0,0168145
0,006429468
0,01407346
0,02170747
0,004981101
0,01300157
-0,02592209
-0,0100606
0,003269466
-0,008772724
0,009841393
0,003759068
-0,02309382
0,02364578
-0,01245543
-0,02841257
0,02187282
-0,01941738
-0,02997025
-0,01048265
-0,006093622
-0,01301157
-0,02908391
-0,00519106
-0,03398013
0,01135916
0,01011419
0,0198632
0,02336003
0,01977505
-0,02912153
0,004135828
-0,02142334
-0,01073833
-0,01465498
-0,01433711
-0,02090688
0,0141023
-0,03540513
0,007314138
-0,01850562
-0,01304369
0,01515862
-0,006033429
-0,01904567
0,005074127
-0,0291964
-0,02661828
-0,007901956
0,02101992
0,02240953
0,009271335
0,01245773
0,009002681
-0,01681387
0,02520789
0,003101204
-0,01454385
0,02208216
0,02236255
-0,02806506
-0,01763057
-0,005436591
0,01129337
-0,01354234
-0,02875806
-0,01148776
0,011314
-0,002088807
0,01718673
0,008795577
0,02347423
-0,02935864
-0,02336037
-0,0344571
-0,03215587
-0,005131579
-0,002463036
-0,02312642
-0,01246607
0,006492744
-0,000697421
-0,006737213
-0,03319611
0,01860153
-0,01532947
0,01433826
-0,00870306
-0,03083378
-0,01133567
0,01395839
-0,0353717
-0,03742511
-0,02330011
0,01055177
-0,02468193
-0,03245931
-0,02042921
-0,01535506
-0,01580504
-0,009795669
-0,006725339
0,009639976
0,004752912
-0,02107997
0,02764655
0,005756583
0,001583666
0,009315699
-0,01697832
-0,001030148
-0,02822873
-0,02602081
0,001427429
-0,01632392
-0,001996313
0,01379109
-0,01103931
0,01362585
0,02075012
-0,02540659
0,01201515
-0,002935756
0,02560162
0,01980627
0,00431588
0,02017472
0,01475216
-0,01077091
0,01832566
-0,03321702
-0,01984438
-0,01953616
0,01787138
0,01910254
-0,0241883
0,01427187
0,0133908
0,01335323
0,0179787
0,008324894
-0,01733631
0,01891488
0,02012258
-0,03715144
0,01991793
-0,0330305
0,001485325
-0,02902135
-0,01248275
-0,006969805
0,007804382
-0,005096431
-0,006975613
-0,0212992
0,008758463
0,02608663
0,01198967
0,01018014
0,00306027
-0,02324774
0,0177892
-0,02192725
0,01792002
-0,01779971
-0,01783461
0,0156315
-0,02144193
0,004272624
0,02840636
0,0032514
0,01988733
-0,005933522
0,01375857
-0,02919356
0,01037163
0,01415497
-0,002570337
0,02411365
-0,031982
0,002751187
-0,01692732
0,01009101
-0,03265761
-0,01046155
-0,01990234
0,008913462
0,01092263
0,004649877
-0,02301534
-0,0217979
-0,02845191
-0,02751119
-0,01570684
0,01582018
-0,03500178
-0,01966734
-0,02229433
0,01568574
0,01840779
-0,02404363
0,01994151
0,02622817
-0,02856532
0,01482033
0,003557457
-0,01777905
0,01138576
-0,0105486
-0,003549417
0,02356777
-0,002838851
0,01533168
0,00873133
0,02720101
0,01809862
0,03037866
-0,02763416
-0,008990142
0,02038825
-0,007900695
0,02112618
-0,008167844
-0,01770811
0,007627686
-0,0115359
0,002849709
-0,02868959
0,02067712
-0,03029144
-0,004050312
0,0009186684
0,003419508
-0,02983813
0,01644331
0,001551431
-0,02130159
0,004133467
-0,02189925
0,009376523
-0,03333462
-0,03393801
-0,002791605
-0,01587159
-0,01045271
0,01425427
-0,005480176
0,004378042
-0,006845281
-0,02709059
-0,03124917
-0,02017903
0,0168662
0,02570526
-0,004335297
-0,0163415
-0,002848425
0,01263484
-0,00900326
-0,006881408
0,02901351
-0,02100349
0,0188118
-0,01360605
0,02726242
-0,01536249
0,01400331
0,004877045
0,01280819
-0,01875893
-0,003207879
-0,01545402
0,01121912
-0,004169515
0,01174066
-0,01897886
-0,01598763
-0,02972278
0,01487673
0,01755211
0,01971595
-0,03673454
0,0005323838
0,008325215
-0,03783373
-0,02249927
0,008174329
0,005849208
0,004477662
-0,001851657
-0,02490593
-0,001198007
-0,01182549
0,02325363
0,0197417
0,02563766
-0,01430271
-0,01613308
-0,01034968
-0,02206182
-0,02465395
0,01888074
0,01877703
-0,01971268
0,006414557
0,01513786
-0,002375951
-0,0125283
-0,01869813
-0,02108201
0,02511555
-0,007547625
0,02306628
0,000659083
-0,002274459
0,0266485
-0,002174062
0,02886117
-0,01798002
0,008375689
-0,006582843
0,0262786
0,02017592
-0,02792562
0,02476226
0,01459915
0,01592688
0,01076403
-6,622285E-05
0,01173584
0,01975923
-0,03590417
0,007203269
0,001425121
0,003213524
-0,0371454
-0,0312825
-0,0117341
-0,02859006
-0,0278844
0,007129159
-0,00601723
-0,001517477
0,0007110134
0,01286033
0,02109054
0,01131957
0,02053002
-0,003223181
0,0248996
-0,001026655
-0,01088681
-0,02809832
0,01234835
0,01481284
-0,02094675
0,02881331
0,01598783
-0,01559983
0,01769509
0,02440692
0,01176921
0,01184875
-0,004304397
-0,01873021
0,02092995
0,007414575
-0,01860073
0,0149084
-0,008679657
0,01463359
0,02895059
0,01505336
0,02535153
0,01794687
0,02013912
-0,01300708
-0,01632192
-0,01518581
-0,03509027
-0,03294533
0,01874847
-0,02004592
0,002254371
-0,02465052
-0,003058278
-0,03965658
-0,0384463
0,01467948
-0,007028229
-0,03520317
-0,01487048
-0,02375488
-0,01071186
-0,01069287
-0,02617882
0,0168062
-0,02377261
-0,007904064
0,02360556
-0,01387346
0,001892019
-0,02445012
-0,02435871
-0,019442
4,529678E-05
0,002249622
-0,02529788
0,0208852
0,02219963
0,01934076
0,01352928
-0,00181744
-0,01662494
0,01273363
0,02682034
-0,006293609
-0,02861496
-0,02103322
0,001492025
0,01829676
0,004030662
-0,01556359
-0,02030831
-0,01665484
-0,01378486
0,01204117
-0,01247549
-2,85153E-05
0,005769054
-0,03557056
-0,02800836
0,01427928
-0,01417303
0,006951887
-0,009677717
0,01100851
-0,02933891
-0,01033396
0,005153915
-0,03541726
0,01855213
-0,02505281
-0,03089836
0,01020185
-0,01322575
0,02208179
-0,03265416
0,01064652
-0,003059704
0,01543115
0,01793373
-0,03041896
0,02005805
-0,02452417
0,01166339
-0,01326308
0,02539345
0,01978412
0,02051581
0,01471184
-0,01960327
0,001819579
-0,02065956
0,02051419
0,008631968
0,02044157
-0,02717862
-0,002148814
-0,02137346
-0,02673762
-0,01878138
0,0003794336
-0,009735878
-0,006197755
0,01969014
-0,01118423
-0,02350534
-0,008093162
0,01985263
-0,01314228
0,007083691
0,003203754
-0,03276591
0,01746022
-0,02762072
-0,03288266
-0,04101181
-0,02177124
-0,03615133
-0,02323271
0,01903093
-0,0167538
0,003285571
-0,03584831
0,01701665
-0,01091749
-0,02974597
-0,01897975
-0,02467887
0,0003491528
0,02238823
0,001158449
0,0001194556
-0,006175314
0,003341316
-0,01225498
0,007453914
-0,008175256
-0,01867466
-0,01121699
-0,02584358
-0,001002664
0,02591251
-0,002764266
0,02994358
-0,0004589693
-0,005337885
-0,01806647
0,006909676
-0,0008590288
0,01844297
0,01558595
-0,006493605
0,02215439
-0,02890687
0,01794152
0,01833461
-0,01292423
-0,001856789
-0,006201378
-0,01779002
0,02185023
-0,02071346
-0,01786822
-0,009785409
-0,0285523
-0,03119801
0,004960349
-0,01572175
0,01529155
-0,005240381
0,00220874
-0,02884329
0,008568107
-0,0261041
-0,007089083
-0,006356729
-0,02023553
-0,03023194
-0,006912502
0,02837975
0,01935465
0,005332259
0,008034144
0,01321273
-0,02296576
-0,02250728
0,006774405
-0,01332477
0,01144355
-0,006312443
-0,0141302
0,01834008
0,01270158
0,02945955
-0,02467554
-0,02185233
0,001457476
0,02534348
0,01552313
-0,01140707
0,01091618
0,0167196
0,00952265
0,02377697
-0,02142389
0,005549225
0,003866018
0,00628859
0,001902482
-0,01134871
0,003778334
-0,0199148
-0,03017181
-0,01139315
-0,008072261
-0,01533658
0,002805667
0,0006566481
-0,01489685
-0,0333985
-0,005077577
-0,01077295
0,009398586
-0,004106927
-0,01766871
0,01901155
-0,005999922
0,01384517
-0,02653029
-0,01290269
0,02284645
-0,01465807
-0,01458268
-0,02642418
-0,01318452
-0,02834581
0,02302721
0,01122128
0,002331771
-0,001501737
-0,001942146
0,02394515
0,008088798
-0,01414199
0,01168711
0,02540185
0,006723351
-0,01986666
-0,004211298
0,008697816
-0,004340262
0,01961017
-0,0009619484
0,008361112
0,01451273
-0,01693487
-0,0336601
-0,0270098
0,00314134
-0,01895137
-0,02639174
0,01608634
-0,002550377
-0,01994827
-0,007272955
-0,01231687
-0,03623753
-0,03630837
-0,02772645
-0,01006189
-0,005533504
-0,03625051
-0,02488473
0,02351799
0,003899848
0,003634802
0,01730773
-0,004610525
0,01836647
-0,01062456
-0,01869905
-0,01741096
-0,01280443
-0,005115089
0,02089218
-0,02940526
0,01459382
0,004328561
-0,01583575
0,02853025
0,02799481
0,01243913
-0,02983997
-0,01681375
-0,01513009
0,002204379
-0,01655019
-0,01586437
0,01194241
-0,01761092
0,01880042
0,00180647
0,02609196
0,02663678
-0,02259168
-0,005032033
0,008263863
-0,002224377
-0,0345349
-0,02769652
-0,009659806
-8,954825E-05
-0,01832204
-0,02075105
-0,03405952
-0,03743752
-0,002947821
-0,02840625
-0,009472844
-0,008877873
0,00650826
-0,005680499
0,01748889
-0,01644677
-0,005509264
0,01631212
0,02732123
0,02325429
0,008606707
-0,02760482
-0,008696434
0,0004372785
0,01174335
0,003425673
-0,001104302
0,009343563
-0,01474738
-0,01091754
-0,01476061
-0,007819033
-0,01257634
-0,02234311
-0,0001445199
-0,02731309
-0,002203479
-0,01113149
-0,01094037
0,007718141
-0,02750941
-0,01867345
0,02576318
-0,02885371
0,01402475
-0,020962
-8,68696E-06
-0,01172468
0,00749939
0,0055167
-0,008954707
-0,01738334
-0,01027331
0,01037442
0,01690668
-0,03866868
0,009434512
0,01839654
0,01351607
0,007134018
0,01151993
-0,01157726
0,01036602
-0,01818579
0,0220578
-0,02567444
-0,01982297
-8,197008E-05
-0,03030254
0,01781519
0,01545672
-0,02062846
-0,003174217
-0,01102598
0,0177574
-0,003285001
-0,02442909
-0,01087365
0,01524262
4,159446E-05
0,03049176
-0,0225844
0,02839287
0,003625392
0,02146822
0,0248785
0,02433804
-0,001679796
-0,01922998
-0,002391652
-0,01663991
-0,001837243
-0,006425212
0,0005311081
0,01686743
0,005644347
-0,006752038
0,006652288
-0,02946064
0,001515632
0,02355018
0,02571042
-0,01752105
0,01602235
0,01326851
-0,02141921
0,01179717
-0,03302386
0,01769121
-0,01299536
0,01616647
-0,01038971
-0,02325099
-0,01157272
0,01193113
0,009645008
-0,00475192
-0,02156456
-0,005676494
-0,02904955
-0,01621738
0,01312707
-0,009615087
0,001538669
0,004022999
-0,01171638
0,01532027
0,02588176
0,002402735
-0,01896899
-0,0286729
-0,003845082
-0,01754351
-0,02290479
-0,000324311
-0,0300829
0,0170823
-0,02533591
0,009377251
0,002492007
-0,02905603
0,01521324
-0,0008982597
0,01155687
0,001054332
0,01009934
-0,01939517
-0,03279623
0,01128804
-0,03187522
-0,02917887
-0,02433312
-0,02625863
-0,03561673
-0,01815872
-0,02638184
-0,003827928
0,006576968
-0,02251535
-0,004210203
-0,004387761
0,02039587
0,0001107368
0,01128367
-0,008252901
-0,006433668
-0,01637613
-0,02621447
0,0231456
0,01656533
0,02639554
-0,007334029
0,002751486
0,02267548
-0,03044867
-0,0008342402
-0,01561165
0,008412983
0,02899652
0,02134132
-0,02585007
0,01469369
-0,02002225
-0,001875158
-0,02807396
0,01729245
-0,01832551
-0,02159532
0,01281525
-0,0162962
-0,009421032
0,02668178
0,01630048
-0,02611297
-0,02988429
-0,02779192
-0,02476611
0,007057846
-0,01649712
-0,0298995
-0,009555484
-0,03125432
-0,0312939
0,0212075
-0,03156738
0,004631042
0,0007216571
-0,01874429
-0,03760701
0,0152321
-0,03770308
0,02055355
0,01212348
-0,008331469
-0,008402918
0,01030129
0,01196767
-0,02648037
0,01401147
0,00660723
-0,0155908
-0,02141526
-0,006224455
0,009918182
-0,007001573
0,02887624
0,007868379
-0,002825241
0,02038774
0,02657444
-0,009306003
0,00352248
-0,009456563
0,0237006
-0,005856328
0,02630099
0,007394909
-0,01748614
-0,0091654
-0,01453781
-0,02445262
0,01842735
-0,02913373
0,01722048
-0,01984263
-0,008352463
-0,02663648
-0,01449672
-0,0002799033
-0,01930729
-0,01845909
0,02321819
0,0210948
0,00290573
0,01114224
-0,02090597
0,00454042
-0,01417787
-0,006463141
-0,03417666
-0,03160528
-0,0242408
-0,005335365
-0,03047265
-0,004863853
-0,009389514
0,003699353
0,02279456
-0,02878221
0,002408806
-0,02266139
0,005263824
0,01721657
-0,00138911
0,003081336
-0,004144661
-0,02704329
0,003410858
-0,004877138
0,03091232
0,02102833
-0,01176589
0,02323981
0,004602612
0,007328132
-0,009560053
0,008713211
0,01185217
-0,02659827
-0,02558886
-0,01897118
-0,02054829
0,007119925
-0,0185613
-0,02211927
0,01959261
-0,01393455
0,02444636
-0,01792896
0,01385945
0,0111199
-0,02748665
-0,02297289
-0,03856046
-0,03062005
0,003921485
-0,02787727
-0,01395788
-0,03522474
-0,01779077
-0,02258074
-0,02769191
-0,03518084
-0,001235634
-0,01832016
0,01280086
-0,01311507
0,02625932
-0,001764072
-0,01992151
0,01677787
0,02719187
0,02299667
0,02826023
-0,007248476
0,02870865
0,02817086
0,004311748
-0,01187056
0,01051143
-0,02415173
-0,02491479
-0,01299331
0,007642205
-0,01625631
0,009769862
-0,02772134
0,02255028
-0,003558313
0,0244258
-0,02249389
-0,01926946
0,003458231
0,009186999
0,01974822
-0,03288498
-0,02352319
-0,02998411
0,02259203
-0,01365962
-0,003628059
-0,01414737
-0,01070404
-0,0348741
0,02035335
0,01037904
-0,02340748
-0,02248563
-0,0007015213
-0,03175282
0,006082116
-5,617398E-06
-0,02863005
-0,01097943
-0,01910458
-0,02498388
0,02064355
-0,00528096
-0,01158058
0,006086339
0,01566418
-0,001263732
-0,0009080084
0,005268704
-0,02515704
0,005913488
-0,009429259
-0,01863575
-0,02419688
-0,008554987
0,01912303
0,02467923
0,007510791
0,02674663
-0,02169372
0,01352284
0,006560377
-0,01576321
0,007527692
-0,004175828
-0,008686331
0,01251544
-0,02038267
-0,01506213
-0,0256731
-0,005145164
-0,03021125
-0,02337816
-0,01164122
0,006766718
-0,02765894
0,009514309
0,006909258
-0,02010903
-0,004606338
-0,03561777
0,01594358
0,0179152
0,02175644
-0,01829325
-0,01191395
-0,03240559
-0,02643286
-0,01967031
-0,01271713
0,01714227
-0,0321472
-0,02106155
-0,0148508
0,001278827
0,001465675
0,01127597
0,01721958
0,02515806
-0,01301071
-0,0292089
-0,0158152
-0,01923025
-0,004578055
0,004166669
0,002275204
-0,01878133
0,01795716
-0,006890223
-0,01515215
-0,02625232
-0,02042783
-0,01282548
-0,01109403
-0,02455649
0,0216546
0,01263659
-0,01831647
-0,01739587
0,02528446
-0,01966703
-0,001010651
0,02314492
0,02456945
-0,01481311
-0,005676346
0,02004028
0,0190433
0,01468195
-0,02816003
-0,01131992
0,02025716
0,01099172
-0,03752761
-0,004080672
0,01145277
0,004543161
-0,008870433
-0,01005916
0,01932053
-0,01522105
-0,01235145
0,01878944
-0,02927647
-0,01382332
0,01096609
0,01318658
0,02245161
-0,01749765
0,01299543
0,01865148
-0,002402231
0,003725084
0,02653738
-0,02739044
-0,00131553
-0,0105568
-0,01681666
-0,02327779
-0,02515891
0,01031226
-0,01138172
0,02772836
-0,01856728
0,01831804
-0,02230198
-0,009470933
-0,01758214
0,01257893
-0,01511567
-0,0255192
-0,01857364
0,01536886
-0,009714973
0,008601853
0,01983
0,00776551
0,0187018
0,004738854
-0,0002885621
0,006941599
0,02143368
0,002330348
-0,0322722
-0,01664903
0,0200721
-0,01203453
0,01303324
0,02149228
-0,02548695
-0,003383203
-0,002903294
-0,009748853
-0,01139212
-0,01961538
0,02658189
-0,009002309
0,007705391
-0,01634098
-0,02335704
-0,01128934
-0,002138719
-0,02141442
0,02635059
0,004693784
0,003885625
0,01110201
-0,01968362
-0,01510266
-0,02122234
0,01554068
-0,003807333
0,001820625
-0,00077523
-0,009928784
0,009530052
0,008193949
0,01938798
0,01816824
0,01948264
0,01209918
-0,004668819
-0,01757821
0,003112408
0,01463757
0,006828886
0,02077035
-0,01225196
-0,02797059
0,00582274
-0,01034908
-0,03680477
-0,00107464
-0,008048894
-0,02235077
-0,01997659
0,01415376
0,005581411
-0,003792758
0,01617191
-0,01696549
-0,02042866
0,006677085
0,01939682
-0,009481577
-0,03022968
0,02731625
0,02340905
-0,02894734
0,0006728255
-0,01266859
0,001688131
0,0174471
-0,00677772
-0,005744698
0,02232937
-0,01785525
0,001393311
-0,02212438
0,02446697
0,00912759
-0,01541728
0,02989571
0,0009481366
0,006259105
0,008116347
0,01497727
0,02621653
-0,02295246
-0,03136505
0,01505418
0,0219735
-0,01621297
-0,03332904
-0,000862665
-0,003463014
0,01533464
-0,0106579
-0,02246596
0,004865238
0,002627357
-0,0397077
-0,01613429
-0,0003481594
-0,01246936
-0,03886165
-0,01709267
-0,02218034
-0,02559943
-0,007174409
-0,0290968
-0,01176457
0,004414825
0,005023378
-0,02375436
-0,03004052
-0,01546686
-0,02265962
-0,01682109
0,01135455
-0,01547777
0,02997834
0,0134893
-0,03005218
0,01374034
-0,007218111
-0,0164288
0,01500094
0,01913348
0,02278561
-0,02815949
0,01764082
-0,01336627
-0,007620114
-0,01650334
0,007985035
0,01845338
-0,0121389
-0,02680974
0,002883699
-0,01261586
0,0004725418
0,01430239
0,007344261
0,02071291
-0,007660069
-0,01497628
0,00445131
0,01917069
-0,007096587
-0,02366265
0,002977277
-0,02473465
-0,002420021
-0,006120716
0,007140772
-0,01531848
-0,008320332
0,02189798
-0,02963955
0,01382067
0,003826151
-0,004198881
-0,01529504
-0,007176898
-0,01250768
-0,02506164
-0,01581522
-0,00369617
-0,0001549754
-0,01748559
0,02520101
-0,02850602
0,006850336
-0,008465726
0,01334037
-0,01870053
-0,02921369
-0,02520574
-0,01487732
-0,02749556
0,003563057
0,02195608
-0,01325028
0,007440833
-0,00896419
0,00420471
0,01040598
0,01918461
-0,005065134
-0,01363469
-0,006818864
-0,01045179
-0,03344589
0,01494098
0,01044333
-0,0312985
-0,002386411
-0,02004565
-0,002414513
-0,01609876
-0,03393686
-0,02302369
-0,0133356
-0,01736802
-0,01404519
0,006534036
0,002283336
-0,02270173
0,01658243
-0,002141534
-0,01404942
-0,01016129
0,009002329
-0,03256431
-0,01838872
0,01445775
-0,01942907
0,01055347
-0,02642749
0,01278481
-0,007905263
-0,00725674
0,02769239
-0,02015251
0,01806715
0,001777745
-0,02991022
0,01724758
0,005596453
0,00834568
0,009352792
0,01310842
-0,002368305
0,02371114
0,02655209
-0,01182715
-0,004961631
0,02443495
-0,01872745
0,008360858
-0,03158769
-0,004625708
-0,03172611
0,02369235
-0,02956045
-0,02911226
0,0107885
-0,0342936
3,071094E-05
-0,03524664
0,01621868
0,01310856
-0,02415243
0,01709871
-0,03716286
0,008417863
-0,01636973
-0,02020772
-0,001473364
0,01748204
0,007794029
0,01759611
0,005614703
-0,02159464
0,02114014
0,004103659
0,02275751
0,01757469
-0,02778519
0,02319725
-0,0148837
-0,01642785
-0,002658484
-0,006679895
0,01145692
0,02278878
-0,00974037
-0,02973878
-0,02316971
0,01224457
0,01985305
0,02878431
-0,02057375
0,004276978
0,01405756
0,01810111
-0,001254421
0,001590539
0,01898742
-0,01953277
-0,03110589
-0,018921
-0,01002344
-0,009513505
-0,03292623
-0,01890707
0,01893885
0,0173126
-0,03177552
-0,008241252
-0,02620761
0,01807969
0,02217956
0,007780975
0,0121373
0,00757991
-0,01011706
0,01635902
-0,01978364
-0,02590768
-0,008493687
-0,01566059
-0,02522033
0,01872175
-0,02893418
0,01243148
0,00837436
-0,0260728
-0,004531106
-0,02776983
-0,02667482
-0,01092748
0,02707161
0,01933106
0,02047964
-0,02938194
0,0194845
-0,02552634
-0,008681723
-0,002100615
0,02922513
-0,003201929
0,02500525
0,007990145
0,0006222911
0,02449044
0,02941685
-0,005532342
0,01278105
-0,02870134
-0,005294499
0,007195667
-0,01301568
0,0122678
0,01789051
0,01326114
-0,02794382
-0,001412474
-0,01781691
-0,01738152
-0,001168827
0,01320138
-0,008514406
-0,03435138
-0,008970717
0,0203377
0,02451432
-0,02360648
0,02104309
0,0141451
0,01942386
-0,0131859
-0,002037819
0,01506355
-0,02215135
0,0265973
-0,008675553
-0,001625888
-0,01097797
-0,02407088
0,01192232
-0,01867094
-0,01085119
-0,009144049
0,006123325
-0,006404275
0,03049001
-0,01672098
0,02775682
-0,02735847
0,02248749
-0,01688368
0,01298211
-0,03065716
0,02234576
-0,02130712
0,02838965
0,02221538
-0,02113497
0,004927707
0,02730075
0,02008388
0,001211901
0,02826263
-0,018374
-0,02392842
-0,02028632
-0,0004386782
-8,178831E-05
0,02087341
-0,00889052
0,00334965
-0,02023258
-0,01862373
0,002837447
-0,008453049
-0,002366386
-0,02651928
-0,006697882
-0,03102276
0,02316234
0,01274039
-0,01767269
0,02095971
0,02476404
0,008270787
0,006087491
-0,003487863
0,02443932
-0,02986498
0,02791977
-0,001087873
-0,01320577
0,01302823
-0,02241603
0,02217672
0,008718078
-0,009278699
-0,02253502
-0,001603231
-0,01880126
-0,003680627
0,009517436
-0,02821005
0,007207842
-0,01667252
0,02675462
-0,003750529
-0,0079724
-0,003345299
0,008540122
0,02046811
-0,006479959
-0,02061949
0,01319479
-0,01692175
0,006389469
0,009810559
-0,03041831
0,00167522
-0,00172171
0,01076582
0,003072506
-0,001021091
0,023486
0,023518
-0,0109995
0,0001481395
-0,02547602
0,01514018
0,0155759
-0,01972578
-0,0294433
0,02960141
0,02119192
-0,002968161
-0,0248836
-0,01937197
-0,01546488
0,01260879
0,0116309
-0,02125484
-0,02476524
-0,002115028
-0,008072585
-0,02270564
-0,02620579
-0,0231168
0,02992943
0,02316277
-0,01591668
0,02623807
-0,01444931
0,001637567
0,0254513
-0,003327252
0,01754264
-0,02649246
-0,02732136
0,008884869
0,01849196
-0,01010374
-0,01280451
0,005670009
0,009573447
-0,003268102
0,02114375
-0,008174895
-0,0150414
-0,01807295
-0,02551234
-0,006853198
-0,005513951
-0,0126548
0,01931241
-0,009254465
0,008439464
-0,01962749
-0,01940845
0,01986784
0,02409605
-0,01181832
0,00512241
-0,01395084
0,004578936
0,02038519
0,02355308
-0,0003882232
-0,02489002
-0,004798335
0,01020217
-0,0295922
-0,02233717
0,006942506
0,02427099
-0,009725479
0,02089919
0,0005362081
0,01687458
0,02353556
-0,01295352
0,007975623
0,01760632
0,0125697
0,01278382
0,0172882
-0,0007997289
0,02492711
0,006202622
0,0003944953
0,01528358
0,005795065
0,02129023
-0,01838831
0,01255667
0,002444733
0,01700001
-0,03074529
-0,03393307
0,01707982
0,0009112118
-0,01136896
-0,01041693
0,0217096
0,003285518
-0,02181658
-0,01163703
0,02031969
-0,003113423
0,00378882
0,004443076
-0,01954304
-0,004570396
-0,01005288
0,004086857
-0,01409845
-0,00177896
0,02298589
0,003560697
0,01685328
-0,007523069
0,03019251
0,02289972
0,004387097
0,009536291
-0,02510375
-0,02134988
0,02537389
0,0226366
-0,007984855
0,003882805
0,01768038
-0,001108989
0,02609327
-0,01092447
0,02631227
-0,01380496
0,0237335
-0,02424752
0,002269134
-0,003084716
0,006271313
-0,005391832
-0,02867403
0,02555065
0,004193168
-0,0218216
-0,0001147105
0,00648083
-0,005035951
-0,02925641
0,02236083
-0,001292824
-0,01779598
-0,003962707
0,004490595
-0,002105991
0,01608333
-0,01630829
0,001850403
-0,02832207
-0,00412566
0,03102962
-0,02287146
-0,03000203
0,01593558
0,01135316
-5,565583E-05
-0,02919957
0,008284925
0,0303436
0,006351551
0,01704549
-0,02974111
-0,01045057
0,01660484
0,003785308
0,01946618
0,007107144
-0,02672688
0,02563907
0,006718294
-0,0139799
-0,006192902
-0,01071574
0,009987553
-0,01249063
-0,01705126
-0,003451262
0,01348788
-0,003495676
-0,002894895
0,007509839
0,003565928
-0,0004632255
-0,03056396
0,00441421
-0,01349187
-0,03070102
-0,02206041
0,02314511
0,008475739
-0,000836698
-0,03162042
-0,002842226
-0,005096133
-0,02388366
-0,001658662
0,02562005
0,01231456
-0,0286903
0,01028995
-0,01870323
-0,0178706
0,006838694
-0,004689659
-0,02117028
0,00602204
0,01787307
-0,009268398
-0,001413046
-0,001932689
-0,02707004
-0,01211122
-0,01904503
0,001294257
0,02807564
-0,01839556
-0,001497748
-0,01329982
-0,02080868
-0,01571392
0,01690366
-0,003784534
-0,02235887
-0,01518428
-0,02540345
-0,01547049
0,02542269
0,02219661
0,002746582
0,01866086
-0,01289663
0,01402114
0,009713109
0,01594395
-0,01294769
-0,004616283
0,0276095
-0,02475283
0,02207527
-0,03105343
-0,0002354879
0,01067715
0,01299834
-0,003596465
0,006261629
-0,0173693
0,02061508
0,02797871
-0,000631177
0,02641451
-0,0286539
0,009826145
0,003505885
0,01818943
0,02454185
0,01546062
-0,02570116
-0,0081178
-0,009964592
0,02450626
0,01066872
0,02608291
0,01876068
0,01027614
-0,02027495
-0,01172765
0,006305461
-0,006274237
-0,01705507
0,001626933
-0,0164783
-0,00842834
-0,006810502
-0,0225043
0,01199443
-0,02626336
0,01283547
0,01030967
0,007925373
0,02168201
-0,006355691
0,02683803
-0,00855053
0,006614516
0,01773147
0,009108296
-0,01873463
0,02371637
0,02291222
0,001566451
-0,008565629
0,006383767
0,01722782
0,0300413
-0,009791806
0,006134539
0,02452833
-0,02694518
-0,01251314
-0,01092763
0,008194761
-0,002983569
0,0152752
0,02889889
0,01330237
0,01031601
-0,01343067
-0,004176337
-0,02441531
0,01985121
-0,02830531
-0,006534479
0,01392546
-0,001410865
-0,0004119441
0,01290426
0,003130758
-0,01828581
0,02322756
0,001117792
-0,0234485
0,0124122
0,0005734784
0,009917878
-0,02065763
0,007042011
0,004756702
-0,007167799
0,01678579
-0,02495386
-0,02024337
0,00993787
-0,00746695
-0,01111097
-0,01678382
0,02731569
-0,01739587
-0,005931293
0,02405677
-0,02354645
-0,00774801
0,0161723
0,01863009
-0,02632653
0,001317493
0,02896743
0,02378336
-0,01091887
0,0009152507
0,008852705
-0,02639527
0,01268032
-0,01943806
0,01716313
-0,01734812
0,02655806
0,02745918
-0,02476187
0,01917259
-0,02400951
-0,02405159
0,02403987
0,009055073
0,03018373
0,009172797
-0,008329689
-0,02985637
-0,005530634
-0,01542915
0,001782853
-0,0004611182
-0,0218705
-0,01201925
0,01605671
-0,02146873
-0,009712448
0,02370267
-0,00402096
-0,02233139
-0,01975417
0,01323477
-0,01497756
0,02277304
-0,02170336
-0,02789872
-0,001971103
-6,633107E-05
0,006225326
-0,02381984
-0,01195937
-0,02901419
-0,02224743
0,006107309
0,01840969
-0,02899972
-0,001202821
-0,02266099
0,01937503
-0,004257338
-0,01975019
0,02919905
-0,0006525
-0,02523533
0,02985045
-0,02059213
0,02607743
-0,005373145
-0,005292756
0,008467459
0,02266248
-0,02755763
0,001007841
0,02754557
0,008407363
-0,007323584
0,02121983
-0,02880492
0,0008323294
0,02782528
-0,01952062
0,02192594
-0,00593362
-0,01239456
0,02679412
0,0005720814
-0,008615633
0,002404765
0,0002447016
0,01503764
0,01032914
-0,01711458
-0,02563312
-0,02948542
0,02866064
-0,01787405
-0,01539251
-0,01966209
0,02357874
0,0293978
-0,02269522
-0,02569502
-0,02419311
0,02871757
-0,01511665
-0,0144186
0,0006512897
-0,01898118
0,02871036
-0,004146878
-0,01953054
-0,002251086
0,007365736
0,02235347
-0,01484187
-0,01106755
0,005272356
-0,01825785
-0,02175014
-0,001071944
0,01823531
-0,006413346
0,02485186
0,01007488
0,02867315
0,009812975
0,02870809
0,0003995695
0,02959892
-0,003672468
-0,02195203
0,01053757
-0,02190036
0,001879954
0,02080299
-0,02361634
0,01615557
-0,004445529
-0,02732357
0,01116039
-0,02997291
-0,01950143
0,004485736
-0,02543525
0,004667768
-0,017493
0,006089016
-0,0173384
0,01632945
0,009813451
0,007681867
-0,02697409
-0,02738187
-0,005354486
-0,01873076
0,01395438
-0,02013486
-0,003868533
-0,02971585
0,005676476
-0,01228022
-0,0297323
-0,01787087
0,002321164
-0,01233554
0,0006406685
-0,01014361
-0,02446249
-0,02850275
-0,02124164
0,003247145
-0,02046208
-0,02118498
-0,002422571
-0,001155571
0,007719236
0,01979306
0,02031771
-0,02449704
0,01625781
-0,02618823
0,01608717
0,01495632
-0,0101151
0,01946
-0,02495824
0,007976254
0,01385772
-0,009419994
-0,02307899
0,02706861
-0,01002458
-0,004614037
-0,002165293
-0,006376559
0,03041467
0,02885216
-0,0279934
0,01739238
-0,02606438
0,02331235
0,0005980508
-0,01882687
0,007281781
-0,02357608
-0,00214384
0,02470975
0,005443512
0,02647248
0,00416608
0,02480683
-0,009832437
-0,009287586
-0,01535904
0,001807977
0,00215808
-0,01404632
0,02287855
0,01346636
-0,01734246
0,02319104
0,006524174
0,01547294
0,02516176
-0,01770952
-0,01676051
0,0147459
0,01159742
-0,02597945
-0,0009337793
0,009387845
0,01772369
-0,02713641
-0,02845608
0,02369519
0,003955094
0,004940087
-0,02236692
-0,01653288
-0,008440984
-0,01915221
-0,02747797
0,01795835
0,01709247
-0,01727078
0,006905877
0,02983776
-0,01924311
0,02665066
0,02203589
0,01448558
-0,02396536
-0,0108045
0,004789781
-0,01864568
-0,01339327
0,01560212
-0,01343471
-0,004999939
0,02378935
0,01377962
-0,01681112
0,001488691
-0,002518744
0,02538898
-0,0229408
-0,01268286
-0,01079519
-0,008430378
0,02846423
0,02781816
-0,02166832
0,009414242
-0,008099324
-0,02818794
0,02066144
0,01915867
0,02900285
0,01244667
0,006008602
-0,01600276
0,004004329
0,01556795
-0,01737014
0,01525746
0,003331423
-0,001502797
-0,00132462
0,02079117
0,007035883
0,01890513
-0,01164296
0,0132168
-0,009737436
0,008369285
0,02825251
0,001636079
-0,009511302
0,02228456
-0,02435047
-0,01042234
0,010649
0,01979273
0,02878619
0,02477431
0,006074464
-0,002755303
0,02793163
0,002974171
-0,008696354
-0,001898824
0,01723014
0,004747844
0,01961163
0,009811183
-0,0202166
-0,001760929
-0,01113685
0,01283727
-0,007943552
0,009168843
0,01924725
-0,0009747318
0,01514504
-0,02044924
