0,01169798
-0,007777344
-0,01397665
0,02926892
-0,01530312
0,00492716
-0,002064824
-0,007038588
0,01488341
-0,01582336
0,007755242
0,02680858
0,01554855
0,01403832
0,02928376
0,01315345
0,02868694
0,0272264
-0,01742355
-0,01621135
1,132807E-05
0,01413235
0,01415662
0,02937921
-0,0288955
0,01375844
0,02079675
-0,007873253
-0,01858095
-0,0257084
0,02145719
-0,01311925
0,01950429
-0,0008216154
0,008289216
-0,01869771
-0,0001855563
-0,02192088
0,021366
-0,0154278
-0,01467426
-0,02317638
0,02870698
0,01289895
-0,01353827
0,001282586
0,001796848
0,02603219
0,02272925
0,0007435635
-0,02903787
0,01690057
0,01031737
0,01795032
0,01342769
0,03416557
0,01105249
-0,01384368
0,02767597
-0,007820413
0,009621587
-0,02728346
-0,01342539
0,01486176
-0,007371251
-0,01218959
-0,02361224
-0,00744601
-0,01937284
0,02599107
-0,01296969
0,02037731
-0,023444
0,02731028
0,02995385
-0,00424603
0,01099938
-0,02782063
0,01373026
-0,001753062
-0,01620415
0,03629867
0,01659062
0,01523608
-0,02885904
-0,02811595
0,004290538
-0,02786798
0,01238264
-0,002308937
-0,01525232
-0,02388854
-0,01849704
-0,007961302
0,0004118693
-0,01666888
0,02636854
-0,01238662
-0,007233061
0,02746558
-0,003073812
-0,0198558
0,01143788
0,02424845
-0,01531426
-0,005391687
0,01729058
0,001823494
0,0124256
-0,01957694
-0,01944195
0,001981886
0,01209459
-0,0002080873
-0,007735402
0,02256949
-0,0001041574
-0,008131361
0,008014111
-0,02455011
0,01773886
0,03701277
0,008583305
0,01437119
0,001103207
-0,03410415
-0,004665594
0,01094273
-0,009635583
0,01105847
0,01127511
0,02498729
0,03349201
0,01634831
-0,04354874
-0,02488993
-0,02260046
0,02337817
0,0005622318
0,01169829
-0,009006543
0,01715123
-0,01486039
0,0008112263
-0,003025763
0,01771161
0,004105696
0,01507025
-0,02617818
0,009152269
0,01239062
-0,003092686
0,007136214
-0,01612292
-0,02001465
0,005909345
-0,006142929
-0,01763822
0,004687051
-0,03639687
-0,008769753
0,02286868
-0,01061484
-0,01854253
0,01946119
0,0136925
0,0234324
0,02339954
-3,257666E-05
-0,01729561
0,003338512
0,02864733
-0,04032201
-0,00830579
-0,007006778
-0,01115428
-0,005292565
-0,0265924
-0,02597526
0,03391729
0,04281705
0,1014466
0,05930014
0,03225875
-0,01461712
-0,03256183
0,0217046
0,03954066
0,0343683
0,02909975
0,002834904
-0,03568777
-0,01904344
-0,006296187
-0,01562568
0,003511183
0,002830976
-0,01291992
0,01006861
0,0115294
0,01940801
0,01507898
0,002753895
0,01977345
0,04276376
0,02760715
-0,01519286
0,00820451
0,01042765
0,006311335
0,02288068
-0,01958069
0,0478369
0,01197188
-0,002290921
-0,005475853
-0,03706936
-0,007496392
0,04170054
0,02769814
-0,005946647
-0,0216873
-0,02516241
-0,01028162
-0,002278314
-0,01378085
-0,00259718
-0,003706703
0,02956247
-0,00764297
0,01232429
0,04034795
0,03209763
-0,04415132
-0,01665299
0,01525075
0,01720162
0,07383844
0,08618964
0,0122272
0,008213326
-0,04971275
-0,0430241
-0,03429345
0,001835975
-0,02288959
-0,02838889
0,009342704
0,02514496
0,003854654
-0,005246427
-0,01627498
0,04253749
-0,01573619
-0,004381017
0,007835715
-0,01733421
-0,007302993
0,01664157
0,0372679
-0,03923662
-0,04680185
-0,04777023
-0,03370471
-0,02003014
-0,05987816
-0,001897951
0,007754277
-0,02013502
-0,03342734
-0,09717626
-0,04756099
-0,009142792
0,001362325
-0,03852159
-0,001964463
0,06508003
0,04146877
0,0231889
0,01558209
-0,007457017
0,0171781
0,03379627
-0,08608189
-0,02677736
-0,02855065
0,01185276
0,06562542
0,04320401
0,0210606
0,0318773
-0,02897741
0,03972635
-0,00367547
-0,02842886
0,009301952
0,009453326
0,01915992
-0,01998193
-0,004650218
0,001622542
0,01941328
0,008881053
0,02366
0,02925538
-0,04707608
-0,01510611
-0,01624554
0,005865593
-0,001435931
-0,01178706
-0,1073451
-0,05904289
-0,01645263
-0,01404099
-0,1256837
-0,05323017
-0,02066828
0,00711412
0,000623291
-0,08574008
-0,02676986
0,02381543
0,006293482
-0,06718595
-0,07024844
-0,04745611
0,01090298
-0,002176635
0,07432352
-0,0281154
-0,03147052
0,03983527
0,01933031
-0,0001408497
0,08951814
0,04188166
0,01147333
0,02859534
-0,005507082
-0,01161903
-0,008422662
0,01584805
0,01030418
0,01333748
-0,03537558
-0,003232941
-0,02065393
0,01027345
0,02672667
0,01541053
0,002926823
-0,01380332
0,00420038
-0,007803795
0,08323069
0,116778
0,05613292
0,03511348
-0,000921693
-0,07442659
-0,1147474
-0,09991337
-0,01945071
-0,01359712
-0,06341272
-0,004353497
0,0570504
0,06153475
0,04930877
0,03728787
-0,01213111
-0,01013455
-0,05945807
-0,002900031
-0,04342186
-0,06627908
0,05071502
0,06315426
0,0145659
0,04851294
-0,04283645
0,001212317
0,1122831
-0,1574953
-0,01414678
0,002603007
0,01840295
0,03587051
0,0375061
0,06003104
0,003219602
-0,05213911
0,0003855552
0,01211411
-0,02078434
-0,002772616
-0,007584334
0,01334462
-0,02721614
-0,0007866301
-0,007599074
0,06414236
0,1283634
0,03741896
-0,05809588
0,04067852
-0,00782748
-0,0338161
-0,002161859
-0,04425875
-0,03136033
0,008366391
-0,01284736
-0,05326253
-0,02959709
-0,04710668
0,001452267
0,04532504
-0,03783999
0,003499037
-0,06874045
0,0767285
-0,1674344
-0,01978913
0,01805781
0,04688033
0,05672395
0,1947999
0,1039966
-0,008370772
0,08949298
0,001367374
0,005602815
-0,07681309
-0,02548694
0,04130939
-0,006593798
0,0389288
-0,03565791
0,01405414
-0,03728728
-0,03876631
-0,05393283
0,007249651
0,01006307
-0,0226399
0,00408152
0,008604592
-0,01672546
-0,004759064
0,02227317
-5,913259E-05
0,1072575
0,02425197
-0,04476316
-0,1269766
0,07703183
-0,01153859
-0,03428087
0,01341012
0,04486608
-0,0376273
-0,02413156
0,03209661
-0,003129601
0,01479251
-0,02760777
-0,04775828
-0,01825898
-0,08251056
0,00120752
-0,01115784
-0,02679977
-0,07723632
-0,07649043
0,001730594
0,006771571
0,03612188
0,1079569
-0,1168028
0,1143349
-0,03463434
0,1562177
0,00158908
-0,06977252
0,1796329
0,09286539
-0,007668636
-0,09836772
-0,1006281
-0,01254778
-0,07068229
-0,05310531
0,0007081478
-0,04727948
0,005178858
0,01149025
-0,00927041
0,02557183
-0,02393891
0,007188378
-0,02442036
0,04240954
-0,0356136
-0,04681172
0,003860211
0,02358324
0,08226246
0,06231858
0,175571
0,09207247
-0,09867933
0,001322625
0,01863912
-0,02992895
-0,02006243
0,01070916
0,01057484
-0,03777345
0,1529693
0,05648896
-0,05005413
-0,01340722
0,0309813
0,007356676
0,08791783
0,03588905
0,01964567
0,02299631
0,06584277
0,1598485
0,04388929
0,1562656
0,1065449
0,02440011
0,0844048
0,07916917
0,1270189
0,03518578
0,1701702
0,05826379
-0,05181366
-0,0534494
-0,04736897
-0,0250156
-0,04851584
0,0247095
-0,004466394
-0,01357902
-0,01759257
-0,008048017
0,01316437
0,05972473
0,06202364
-0,0388619
0,02813055
0,007837183
-0,09522435
-0,03559574
0,08179402
0,1266316
0,03409193
0,005355335
0,005463286
-0,05929894
0,1036998
-0,1377657
-0,08817657
-0,08959626
0,009530444
0,004377314
0,06514249
0,1581706
0,09222517
0,02695316
0,006739036
-0,01431264
0,08461361
0,1317305
0,09086151
0,1504956
-0,003777242
0,02650958
0,1099583
0,08986563
0,1212305
0,0246918
0,1097118
-0,1333618
0,03199073
0,02672765
0,00492773
-0,0841115
-0,06037993
-0,02015809
-0,01191278
-0,02092855
-0,02575614
-0,01220414
0,02328327
-0,03285205
0,02255817
-0,04555283
0,002618768
-0,0173829
0,02295429
0,005546145
-0,06206869
-0,1273567
0,01912208
0,001592938
-0,07654376
0,02644706
-0,03836802
-0,07779101
0,02235213
-0,1087008
0,07481782
0,04902165
0,02757187
-0,09286146
-0,06930273
-0,05696711
0,05644048
-0,001365969
-0,02959082
0,03986387
0,1247337
0,1288514
-0,06413324
0,1183932
0,0741105
-0,01096124
0,0194996
0,04427072
0,1100859
-0,08322432
0,03569912
-0,00256739
0,0453737
-0,0653857
-0,0242822
0,01171493
-0,07067247
-0,06589031
-0,01411394
0,03005107
0,01323752
-0,009931285
-0,01213122
-0,0032188
-0,01060562
-0,02906167
0,03229939
0,05819335
0,04241218
0,04580069
-0,05917596
-0,03384199
0,05350243
0,02306486
-0,09991176
-0,02922498
-0,008698794
-0,01620487
0,03002057
-0,1201398
-0,03087245
0,01703651
0,05099621
-0,01009458
0,01725456
0,02456685
-0,006881137
-0,02916904
0,05755684
0,0127264
0,06297995
0,07976348
0,1669208
0,0527089
0,1953951
0,05832227
0,06653025
-0,0538517
0,07589182
-0,008881251
-0,004341755
0,0008506297
-0,1994867
-0,02062591
0,005476487
0,02953179
0,02004163
-0,01430665
-0,03830063
-0,01734523
-0,04555617
0,02017477
-0,02435464
0,02554801
-0,009905959
0,003274104
-0,04163362
-0,03091155
-0,005070833
0,001994731
0,03802345
0,03602934
0,03251695
0,08175822
-0,004179143
-0,0285517
-0,03410251
0,06800987
0,02001521
-0,01163378
0,008723707
-0,1243102
-0,03187406
0,1505915
0,01855959
0,1236333
0,07185005
-0,03888145
-0,0002236139
-0,08069997
0,01495394
0,05455983
0,09883402
0,09809819
0,1257998
0,05689839
-0,007826434
0,1429735
0,03529302
-0,1522461
0,1130573
-0,08221304
-0,008042105
-0,08253317
-0,02568997
0,01008282
0,03910144
0,003405581
-0,004325637
0,005115726
-0,0009350167
-0,01148754
0,001015493
-0,02393726
0,02296906
-0,02276747
-0,03922341
-0,05989923
0,01450904
0,07438599
-0,1304243
-0,04575973
-0,1456656
-0,06676754
-0,002943909
-0,0002555224
-0,06225378
0,0841621
0,02937325
0,03879864
0,08857928
0,05823542
-0,1074343
0,02883489
0,01040959
-0,05377701
0,1006843
0,1478926
0,03491299
0,152999
0,1752764
0,2517482
-0,08623748
0,07879424
-0,0338399
0,1218641
0,02740914
-0,02126782
-0,007344942
-0,1725137
-0,01957016
0,06531174
0,003629132
0,04710823
0,09248898
0,0368118
-0,01201291
-0,0331032
-0,07391784
-0,004126271
-0,03397641
-0,0009284219
0,01133618
-0,002964945
-0,002709356
0,04916047
0,08829901
-0,03705959
-0,03217305
-0,06753192
-0,08471933
-0,06833665
-0,01176659
-0,1571055
-0,03535246
0,0797941
0,03932974
0,002854563
-0,1870548
-0,04376001
0,01347774
0,01618046
0,05703845
0,2268459
0,1793589
0,02473565
-0,01717491
0,2476797
0,06633159
0,1259817
0,01981182
0,3258967
0,00667597
0,03325619
0,1047988
0,01815281
0,09266024
0,09500289
0,006346172
-0,02564855
-0,0136308
-0,1486807
-0,02051843
-0,03273812
-0,05874399
-0,08892056
0,06658952
-0,03752694
-0,09297701
-0,03436626
0,0007724246
-0,0277639
-0,005874887
-0,00479089
-0,004930929
0,02608953
0,03066654
0,004516041
0,050759
0,09351749
-0,03971786
-0,115392
-0,0131983
-0,1104514
0,0582862
0,05755298
0,1817665
0,07034795
-0,02297887
-0,01115889
-0,1604905
0,02085446
0,1454809
-0,00349145
0,1952695
-0,0645955
0,07937244
0,1297455
0,2121098
0,1358525
0,04304209
-0,0008180735
0,01687265
0,05674521
0,05725379
-0,03170493
-0,1444251
-0,01502911
-0,1569675
-0,03278492
-0,04288517
-0,1226805
0,05197291
-0,09070938
-0,06018481
-0,02815245
-0,04959038
-0,01253341
-0,01238545
-0,01853186
-0,03088338
-0,01278928
0,002492173
0,02855862
0,009582637
-0,02406253
0,03289257
-0,02033289
0,07211193
0,0112174
0,0100919
-0,03574499
-0,06436498
0,004871414
-0,2480963
-0,1312957
0,03827853
-0,2073503
-0,110193
0,1326484
0,1378246
0,03062046
0,07025619
-0,05282662
0,08556676
0,07043341
0,1093813
-0,001713945
0,1427241
-0,007752866
0,1161861
0,057851
-0,06631374
0,06417089
0,1398313
0,00864569
0,0994629
-0,03082161
-0,0268385
0,04188721
0,02071279
-0,05128475
0,05221165
-0,02394375
-0,03781258
-0,0379805
-0,04294688
-0,001591285
-0,0763869
-0,05377893
-0,0335952
0,02405039
-6,901553E-05
0,01774064
-0,009834211
-0,01099463
0,02055812
0,00660337
0,0531481
0,08940274
0,09498823
0,02873354
-0,03117361
-0,00079586
-0,0104662
-0,1685326
-0,1060654
-0,05151746
-0,01175848
0,03339124
0,09860712
0,004543235
0,07469548
-0,0142496
0,145646
0,1123521
-0,07849321
0,1579887
-0,00365281
0,1875963
-0,03853075
-0,1235451
-0,1002065
-0,06300172
0,1672418
-0,0785374
0,1006589
0,07096897
0,009874756
-0,0198119
-0,02077452
-0,1600948
-0,0825913
0,01717348
-0,03460622
0,005158312
-0,05870013
0,02158963
-0,05108705
-0,04678535
-0,008642623
-0,00195989
0,002540401
0,01052699
0,007658992
0,00820278
0,07127764
-0,08270875
0,00432384
0,08436793
0,02805287
-0,03083346
0,09969978
0,109459
-0,1209021
0,07867239
0,1567574
-0,1215865
0,1667879
-0,03446295
-0,1625915
0,07098101
0,1332228
-0,1005935
0,03678632
0,11983
-0,07821069
0,3552083
0,04469214
0,02394701
0,01966774
-0,2206672
-0,006640205
0,06038331
-0,02929188
-0,1229999
0,04497361
0,001828083
-0,02172596
-0,005203279
0,0206439
-0,08190078
-0,08125213
-0,1409013
-0,1182957
-0,1464435
-0,04654773
0,009490475
-0,05746128
-0,02815405
0,009682676
0,01940312
0,02084168
-0,0070749
0,01197048
0,006527503
0,01518852
-0,0007452169
-0,001562832
-0,0730588
0,1438773
-0,05059281
0,009978937
0,06656573
0,08616333
-0,01993494
0,08109093
-0,1766487
-0,06547911
-0,08141458
-0,1879544
-0,183464
-0,1772495
-0,07368213
0,1277952
0,00369104
0,06163947
0,1641294
-0,01790804
-0,1185195
-0,02048895
-0,1589814
-0,06047374
-0,06878436
-0,1003121
0,1216409
0,02344739
0,02815898
0,03368069
0,1194067
-0,1360746
-0,1080561
-0,1308535
-0,08168234
-0,1167732
-0,003985504
-0,008000622
-0,05312971
-0,02318271
0,01549909
0,02522677
0,02504336
-0,02846353
-0,0004836691
-0,0213959
-0,002765432
0,02409364
0,0287634
0,06160747
-0,03940275
0,0867637
-0,03955971
-0,1151803
0,1444823
0,1361763
0,04649125
0,08211497
-0,0138879
-0,04298665
0,1644218
0,01204574
0,04428581
0,04967097
0,08740291
0,07426659
-0,1171923
0,0689912
0,1025056
0,03325767
-0,1418241
-0,01770376
0,02730148
-0,06319307
-0,0739617
0,04119623
-0,01082298
-0,07254485
-0,0105506
-0,05385929
-0,1890046
-0,2424718
-0,04093674
-0,03231158
-0,03739606
-0,1040087
-0,02296517
-0,08071938
-0,05551232
-0,02580415
-0,01899804
0,02158731
0,02402989
0,005167999
0,004786326
0,009059495
0,03238206
0,03829872
0,007133762
0,02391184
-0,02957061
0,09898958
0,03747028
-0,05638711
-0,00630045
-0,03946285
-0,008164489
-0,12549
-0,06458979
0,1572343
0,04828484
0,04797899
-0,008541424
-0,08418933
-0,02951575
-0,1169353
-0,01520701
0,01361509
0,05262051
0,060807
-0,1111758
0,003525259
-0,01236578
-0,03634308
0,1117316
0,02210192
0,006497362
0,03646252
-0,06162359
0,06489966
0,0970954
-0,03010396
0,06542044
-0,01021467
0,009972344
-0,05320079
-0,01804654
0,006076513
0,02497412
0,01052658
-0,000637627
-0,02325393
0,003553556
-0,0003749407
-0,01348065
0,03996526
0,05819016
0,06340089
0,1136163
0,02357272
-0,08268096
-0,04931403
-0,1114399
0,01506257
-0,03837282
-0,1153243
0,04091658
-0,05096322
0,01583417
0,1747765
0,1644198
0,1491915
0,2658162
0,1036938
0,193794
0,1274986
0,3737102
0,1514655
0,04226463
0,1091833
-0,01421671
-0,07345349
-0,1093983
-0,1021471
-0,2163505
-0,02101497
0,1284582
-0,006725117
0,04053518
-0,08312899
0,003371574
-0,008308637
-0,02578833
-0,08360167
0,03195134
-0,08157694
-0,06978944
-0,02862345
-0,05568835
0,02266011
-0,0009618461
-0,04500854
-0,01401433
-0,001901635
0,03034222
0,006490094
0,1031048
0,05595424
0,03958246
-0,02775484
-0,196236
-0,1443549
-0,01701985
0,1012184
0,02748518
0,0499507
0,05948056
0,1410484
-0,006276546
0,0900048
0,09181302
0,01187692
0,02434533
0,07254578
0,09238483
0,09408624
0,1400804
-0,0957156
0,03590715
-0,03936357
0,0871855
-0,1225777
-0,03948303
0,00345534
0,1042947
0,07974387
0,02344356
0,02055612
0,2697513
0,02018042
0,01661444
0,03333013
-0,02433367
0,05631141
0,04602444
-0,00362501
0,03871939
0,05296996
0,0564955
0,007681177
-0,00900896
0,003042758
0,004714996
-0,02329169
0,01865885
0,09874872
0,09508602
0,01634009
-0,05012346
-0,02849578
-0,1398864
0,0644232
-0,001950977
-0,06828481
0,04096856
0,03368368
0,05243965
0,1027012
-0,1541024
-0,05601918
-0,09434292
-0,04924767
0,1582557
0,07143191
0,1478157
0,170238
0,03211182
0,1071621
-0,1320647
0,05636035
-0,06567069
-0,1324721
-0,08055285
0,07697792
0,09497853
0,1059892
-0,03906633
-0,1858326
0,0328457
-0,1103872
0,04093117
0,03178013
-0,06303768
0,009687122
0,01654079
0,03874366
0,001560252
-0,02122692
0,04464035
0,002488135
0,005772496
-0,00606346
0,007171317
-0,02298359
0,04655937
-0,01931881
0,0179402
0,03947476
0,002842854
-0,01572324
-0,09483454
-0,03781623
0,1219258
0,08292469
-0,08327333
-0,02162213
-0,100275
-0,2477838
0,06270181
-0,08198895
-0,0207393
-0,09674991
0,01794375
0,06269693
0,02773745
0,08081134
0,03838231
-0,09757624
0,1699877
0,07794389
-0,08017612
-0,0677676
-0,1050511
-0,1631615
-0,08416218
0,1839734
-0,01353822
-0,1253951
0,1348229
0,04309231
-0,07011256
0,1735382
0,04294628
-0,09145331
0,007479883
0,0339601
-0,01573231
-0,02527919
0,02319297
-0,03607516
0,00838196
0,003928186
-0,001025625
-0,02168235
-0,007702515
0,05191835
0,02997127
0,006288708
-0,05050562
-0,1414219
0,00749495
-0,07571782
-0,05997567
0,02663055
-0,05127436
-0,06890308
0,02754993
-0,160207
-0,09691586
-0,06175553
-0,0499118
0,009140146
0,04901262
-0,005454672
-0,101145
0,139872
0,03596569
-0,03535716
-0,1113958
-0,1567152
0,06916288
-0,1405731
-0,1465529
0,0421928
0,06347645
-0,1121058
0,1045463
-0,02076326
0,0416222
0,05195675
0,0944533
-0,03759374
0,05890255
-0,07850792
0,01243334
0,05811939
-0,01221733
-0,01150314
-0,02435073
-0,04620997
-0,02647784
-0,01729031
0,01711876
0,02435849
-0,00337036
-0,0154949
-0,06818793
-0,09096338
-0,07656693
0,03494756
-0,06607819
-0,03763808
0,05516316
-0,06919964
-0,0838059
-0,02190766
-0,1162999
-0,0369784
-0,0137277
0,02392988
-0,03417725
-0,1241019
-0,0531856
-0,0005971342
0,06597956
-0,02753828
-0,09495302
-0,02239756
-0,1134117
-0,1109969
-0,08355778
-0,1821422
-0,00396068
-0,07090865
0,02771632
-0,07346058
0,09476717
-0,005792989
0,07796312
-0,1151589
-0,05759498
-0,05867158
0,01964405
-0,05091054
0,01059986
-0,03048824
0,03123809
-0,0358857
-0,01719426
0,00626248
-0,02874621
-0,02041879
0,005252466
-0,02904312
-0,006806214
-0,08650427
-0,0577589
0,05585708
0,090645
0,03838699
0,00416454
-0,1338967
0,1621761
0,05548081
0,01391239
0,1061523
-0,008363141
-0,09141377
0,0724239
-0,01929354
-0,1088419
0,01717094
-0,03520426
-0,02256523
-0,1348012
-0,1498655
0,07826777
0,1220714
-0,1130894
-0,05818937
-0,009357392
0,08732631
-0,09298848
-0,1962218
-0,01233031
-0,1515656
0,09589939
0,08492394
0,2210012
-0,04588665
0,08418889
-0,00853908
-0,04424665
-0,03053918
0,06417575
0,1044722
0,01370675
-0,01941483
-0,03609141
-0,0130139
0,006429334
-0,0386077
0,004522027
0,004149297
-0,002033908
-0,0339752
-0,04883806
-0,01660873
0,1344877
0,07787853
-0,1295237
-0,04221803
-0,006888276
-0,1596375
-0,1767948
-0,03566221
0,05369651
-0,2038274
-0,08318736
-0,05554879
-0,07824522
-0,1562179
0,02906958
-0,1356516
0,03113789
-0,03272091
0,1943128
-0,003724395
0,1039764
-0,2460774
-0,1207
-0,1247244
0,05970242
0,1432826
0,0712104
0,06752786
-0,1546472
-0,1264043
-0,01181097
-0,02245909
0,09443437
0,1386518
-0,02272974
0,1047885
0,01517206
-0,01596837
0,04124994
0,01937584
-0,06174083
-0,03639037
-0,03014706
-0,04585894
0,02951196
0,006923027
0,01912705
0,01426939
-0,07838067
-0,06847112
-0,01034315
-0,0654678
-0,08902204
0,05672554
0,1170647
-0,08978225
-0,007827808
0,2276268
-0,06367677
-0,1603825
-0,1142416
0,07893057
0,01179274
-0,1159602
-0,1157109
0,1976108
0,02558816
-0,02292213
0,03532949
-0,2051847
0,16267
0,112512
0,01855655
-0,04136824
-0,02041912
0,07514821
0,1148271
-0,03005332
-0,1529286
-0,005463936
0,005283754
0,05341329
0,09161855
-0,04760078
0,08757655
0,102557
-0,02014944
0,008557039
-0,07675587
0,004138162
-0,09013665
-0,01941303
-0,04348436
0,01123051
0,01082755
-0,009770798
-0,007774576
0,05152144
0,003758174
0,0223729
0,05586932
-0,08204607
-0,03191866
0,1233906
-0,05956931
-0,04489408
-0,1065977
0,02576943
-0,005370478
0,05371754
0,01040375
-0,06246673
0,02514269
0,002251224
0,00618647
-0,1282957
-0,1129816
-0,1893435
0,1992362
-0,1522607
-0,0999499
0,2962229
0,02048251
-0,1794893
-0,1174114
0,0171993
-0,01644442
-0,002797349
-0,1573571
-0,2425837
-0,08963428
-0,1017536
0,09010897
0,06851388
-0,0906541
-0,101612
-0,04952512
-0,005231779
-0,01741926
0,02883473
-0,01142356
-0,01646135
0,02051857
-0,03900267
-0,02094134
0,005065153
0,02277021
-0,06249937
-0,02280931
0,03212782
0,105069
0,03078264
-0,1408423
-0,1312439
-0,001759056
0,1249979
0,1354332
0,07648238
-0,004686167
0,07751422
-0,1936156
0,1167643
-0,06700959
-0,03368571
-0,02889816
-0,02708745
-0,02491075
-0,08273954
0,08973116
0,1654283
0,02422612
0,03283186
0,09427568
-0,05380834
0,2135962
0,04207628
-0,08412118
-0,1202157
-0,1123572
0,09096822
-0,1279775
-0,04492005
-0,04902824
0,04826856
0,1465721
0,0142108
-0,01318711
0,03417294
-0,02136201
0,03751818
-0,001545849
0,03764626
0,02059386
-0,0009108798
-0,0144223
-0,01181593
-0,0208887
0,0542142
0,006102583
-0,04617231
0,02861872
0,01464993
0,1165917
0,01854193
-0,09685992
0,06643918
0,09879226
0,07479475
-0,02328749
-0,008983614
-0,1335208
-0,03682556
-0,1137356
0,1601194
0,1640723
-0,06803052
0,07075685
-0,01711727
0,07571554
0,03521775
0,1297656
0,09126339
-0,01228381
0,004518257
-0,008155861
0,09617379
-0,1883893
0,09406219
-0,05512115
0,09776122
0,2642386
0,0008410423
-0,08569898
0,07669774
0,2017714
0,02858656
-0,04287638
0,04495328
0,006977895
0,02749369
0,06727375
-0,02478462
0,0070479
0,0002175219
0,007765347
-0,02172896
-0,002570854
-0,04967155
-0,04552696
-0,0307639
0,04989232
0,03914317
-0,1120718
0,01228302
0,03295195
0,06400406
0,07105938
-0,08670638
-0,1172911
0,05966926
0,1249238
0,01164826
0,008827311
0,1372283
-0,06839141
0,03031154
0,0986311
-0,07381668
-0,02121547
-0,05781123
0,06869082
-0,007303229
0,08889322
0,1703758
-0,2446955
-0,07640492
0,04914688
0,05712185
-0,1210686
-0,02750453
-0,0576826
0,07345818
0,02933621
-0,06006986
-0,03214631
0,1113582
-0,01483623
0,02482775
0,01466542
0,02004816
0,04761149
0,05120743
0,01850641
-0,03114511
0,01987774
0,009860137
-0,01439196
-0,04549732
0,008264273
-0,0918535
0,02081488
0,1130387
0,02263843
-0,09376344
0,007794233
0,1052731
-0,04831895
-0,0113405
-0,120347
0,009350543
0,1091535
0,07745707
0,007195093
-0,04230556
0,04963986
-0,03314403
0,04097634
-0,005994267
-0,04882589
0,06683028
0,07077095
0,005882136
-0,1618982
0,08485311
-0,07532945
0,01676691
-0,03580962
-0,1676801
0,03484858
0,03065112
-0,1150334
-0,06822623
0,05311369
-0,05659554
0,02552026
0,03668471
0,0007479449
0,0209713
0,02371554
0,02871442
-0,02237861
0,04718851
0,004866327
0,01439739
-0,004440334
0,009411387
-0,00230327
-0,03006344
0,02834317
0,04507498
0,1411102
-0,03628786
-0,005803903
0,02150508
-0,0239527
-0,03850452
-0,01809083
0,006281322
-0,05787464
0,01345231
0,02381304
-0,02361484
-0,05379977
-0,01612968
0,1910705
-0,004833022
-0,04122245
0,1353629
-0,07180889
-0,006710765
0,1421408
-0,1429756
0,01820225
0,01563385
0,1232819
0,009780133
0,07756774
0,03510251
0,04056519
-0,001799966
-0,02762452
-0,06485031
-0,09147885
-0,1979301
-0,03483048
0,042627
0,04989668
-0,01208973
-0,03120256
0,009477307
-0,02263782
0,02136251
0,02107331
-0,005841498
0,009540101
-0,01558582
0,02734276
0,00875508
0,01123227
0,0697652
0,02044531
-0,008915992
0,01448484
0,03081325
-0,04461486
-0,07386132
-0,01618719
-0,1043903
-0,07417272
-0,005131845
0,1330081
-0,02906034
-0,03336743
-0,136643
0,1061271
0,1540534
0,02287192
0,1011421
0,07289764
0,002253539
0,02027126
0,06048137
-0,1421499
-0,1026748
-0,02584829
-0,002745097
0,01679616
0,195953
0,0919409
-0,03030991
0,05055837
-0,007751196
0,001586467
-0,03567715
-0,1058851
0,01618041
0,07289593
-0,004283282
-0,04161297
0,0235732
-0,035754
-0,03342853
-0,02834068
-0,0122251
-0,01685357
0,02484257
-0,02302258
-0,06853208
0,02568993
-0,0317131
-0,09776802
-0,04556668
0,02983099
-0,08434103
0,002288969
-0,0191655
-0,07725754
-0,1076098
-0,02283816
-0,01890562
0,2547529
0,1479342
0,08126944
-0,0605229
0,05344531
-0,2465086
-0,1449138
-0,0772414
-0,03760846
0,02442216
-0,01938091
0,04067495
-0,1708569
0,1598667
-0,04728509
0,02803194
-0,1191352
0,07875563
0,07738706
-0,02811912
0,03898326
-0,2522614
0,03899877
-0,1159848
0,05944404
0,1275382
0,07866318
-0,02531948
-0,01923639
-0,03459265
-0,02353914
-0,04080498
-0,01410645
-0,007116467
-0,008016674
-0,02340273
-0,03193066
-0,0439314
-0,01913873
-0,1388432
-0,03552303
0,06991956
0,1726606
0,07504377
0,02109197
-0,0509794
-0,07486856
0,1355121
-0,1718894
-0,1328765
-0,1030749
0,06939048
0,1063233
-0,1767462
-0,05763226
0,2239931
0,1289763
0,1148453
0,01841749
-0,02478763
0,01472711
-0,1371193
-0,07434911
-0,04134448
-0,05538281
0,1249996
0,009628163
-0,002257656
0,1539163
0,1756259
-0,03403686
-0,07459948
0,07873446
-0,05212465
-0,07551943
0,05921996
0,003390028
0,04745024
-0,06010553
-0,04807321
-0,03610545
-0,04227065
0,001038465
-0,009841119
-0,01790104
-0,0009080761
0,01614553
0,07752591
-0,02483913
-0,06972779
0,02271157
-0,06290115
-0,05293763
0,1979343
-0,01770867
0,004145755
0,02103267
-0,0226157
-0,07518702
-0,1741695
-0,09485439
0,04914607
0,1603459
-0,1648073
0,1902839
0,03724073
-0,1356905
0,003746714
-0,1179348
-0,2832612
-0,05480727
0,04438118
-0,01381243
0,1077349
-0,09371001
-0,07112268
-0,07474994
0,0187177
-0,0125973
-0,07047163
-0,1224467
0,01105103
0,04713817
0,09435862
-0,01048148
0,06135712
0,0797732
0,04064251
-0,0752507
-0,03394952
0,003377145
-0,01850811
-0,03823772
-0,01792599
0,02542051
0,01445861
0,002477146
-0,007107521
0,0137922
-0,04666054
0,05778098
0,2061957
0,1056762
0,1055886
-0,05330607
-0,08328363
0,1013689
-0,006332166
-0,02138339
-0,02672767
0,06593322
-0,06670802
-0,08928729
0,0007287298
0,003529322
-0,09238969
-0,03003417
0,04244943
0,0426167
-0,1388678
0,00137239
-0,007325334
-0,03593297
0,04177404
-0,02706756
-0,002379447
0,03394575
-0,04084347
0,2852483
0,07975659
-0,01958001
-0,06285565
-0,01891299
-0,06628536
0,01069818
0,01399921
0,06988133
0,01347841
0,002561947
0,06078406
-0,01105326
0,005544303
0,02401855
-0,01821022
0,004969373
0,01483679
0,03503601
-0,03645268
-0,01577205
-0,1108726
-0,1137204
-0,07937276
-0,03071559
0,0862464
0,07515484
0,07312521
0,1442558
-0,00259218
0,04098234
0,004563742
0,1310175
0,01186613
-0,03881964
-0,07471914
-0,102358
-0,03926836
0,01019154
-0,0920448
-0,1462596
-0,04785895
-0,09810477
-0,1533654
-0,2301636
0,1927266
-0,07621426
0,08319337
-0,1393513
0,03891355
0,1396167
-0,03160936
-0,07789358
-0,01859061
-0,09329325
-0,1356037
-0,03472463
-0,05596448
0,006796567
-0,0298946
0,001466554
0,006943125
0,04678148
0,02053462
0,03882189
0,03269976
-0,02340403
0,01103223
-0,02146183
-0,05331618
-0,1356132
-0,0228124
-0,06424166
-0,1268527
0,0848799
-0,03761165
0,05281791
0,002324245
-0,002409562
0,08819932
-0,07589691
0,006528454
-0,0464619
0,08537894
-0,1989075
0,03515869
-0,01315244
-0,1187602
-0,07077134
0,06813601
0,01265041
-0,1291301
-0,0421376
0,006323552
-0,1157585
-0,01543309
-0,02571927
-0,195304
-0,06037756
0,06242989
-0,03266253
-0,1713382
-0,09586549
-0,0113398
0,04866378
0,02600713
0,1028511
0,03049245
0,009372063
0,1253229
0,05674953
0,002164017
0,009823062
0,002079476
0,01968216
0,004897372
-0,01438279
0,02333051
-0,04074077
-0,0008996607
0,01618835
-0,008421038
-0,1261037
-0,1093893
-0,0513262
-0,1406372
-0,005430624
-0,03983153
-0,0275453
0,1133819
0,1224846
0,03280324
0,09725411
0,118439
-0,1375193
-0,2052563
-0,007761325
0,1007268
-0,186558
-0,01719653
-0,03571581
0,1756669
-0,1188474
0,04021934
-0,2059209
0,1278216
-0,0003144572
-0,02441233
0,07834584
0,001988326
0,01479657
0,04083785
0,02347286
-0,03557518
0,02506704
0,06972096
0,01568792
0,06726627
-0,04091273
0,07304893
-0,03450664
-0,04886881
0,01439993
0,009883624
0,02620404
-0,01139136
-0,008884472
-0,02210919
0,01641652
0,004482486
0,09416165
0,02065841
0,05186357
0,0005975588
-0,1562005
-0,1200771
-0,09093348
-0,06142445
0,01031042
0,004265039
-0,0421574
-0,08999847
-0,05287456
0,06342567
0,163728
-0,04886289
-0,1855237
-0,1111759
-0,06009254
0,05530742
-0,001264477
-0,1971946
-0,06413197
-0,05366207
-0,09788209
-0,03241078
-0,03141093
-0,2887686
0,118095
0,03272438
0,1074087
0,03005656
-0,02593446
0,008022331
0,06515777
-0,09319259
-0,0522532
-0,02975102
-0,03227641
-0,09127588
-0,06075615
-0,02196615
0,02619762
-0,01056254
0,01096427
-0,008771761
0,01527206
0,001636853
0,01521224
0,1158718
-0,02603704
-0,006318379
0,08079386
0,04064907
-0,1938718
0,004412345
0,01109074
0,0370584
0,176528
-0,0183983
0,02710505
0,0007376001
0,01415943
-0,01049535
0,004505901
0,1794506
0,02220071
0,01060533
-0,002785842
-0,03633235
-0,11192
-0,0636972
0,1067904
-0,07933093
-0,06765816
-0,06222466
-0,1610627
-0,06225709
0,1680822
-0,02012673
-0,1030675
-0,1019115
-0,05093928
-0,04140248
0,02449691
0,04258982
0,05908133
0,11995
-0,02970105
-0,08417391
-0,04118126
-0,03701316
0,05122118
0,007481062
-0,02609103
-0,03080826
-0,01628316
-0,02863038
0,01253555
0,04886406
-0,06973708
-0,1562174
-0,06886257
-0,1495898
-0,1180931
0,04067132
-0,07608978
-0,04726135
0,2472232
0,1076606
-0,1166957
-0,07951677
0,07743543
-0,08405173
0,06501639
0,001069777
0,04407092
-0,04720765
-0,09051451
-0,1064311
-0,02779244
-0,04012359
-0,1758759
0,04456152
0,01245984
-0,08710137
-0,1039059
-0,10911
0,06835775
-0,09591004
-0,2171667
-0,0537155
-0,08883058
-0,09979983
-0,05080725
0,05562868
0,1540314
0,04297683
-0,006990397
-0,01682318
0,002562297
0,1075386
0,02753112
0,01289825
-0,02036611
-0,005585166
-0,02757156
-0,001675354
-0,007760882
0,02965537
-0,07227137
0,03560733
0,01780217
-0,07847801
0,07979789
-0,1306181
-0,06084544
0,1181942
0,1021358
-0,1567602
0,0402584
-0,006842338
-0,2328901
0,02859527
0,01660035
-0,2454648
0,01278421
0,01198078
0,003215139
-0,05290753
-0,08029133
-0,008160536
-0,08576492
0,05199733
-0,04446966
-0,1346625
0,1051698
0,06259447
-0,1317503
-0,07510898
-0,002798928
-0,1362858
-0,2093772
-0,08121971
-0,07064414
-0,1397879
0,01050004
0,009350561
0,1023088
-0,05270791
0,0351982
0,04670193
0,04755383
-0,002292525
-0,07022992
-0,05847688
-0,02268066
0,00067075
0,04831222
0,02408377
-0,01763685
-0,03372657
-0,003100025
-0,1268797
0,1104495
-0,06370667
0,04554449
-0,01183671
-0,002509511
-0,04816439
-0,02512206
-0,0997757
-0,1222057
0,0840237
0,08601358
-0,01465736
0,03314342
0,08161031
-0,1091289
0,03883148
-0,03412411
0,001610683
-0,1560556
-0,08513677
0,02919219
0,01305536
-0,006785141
-0,1034907
-0,03105221
0,02573718
-0,08382151
-0,2221827
-0,1723844
-0,04039648
-0,07319451
-0,1723365
-0,1937408
0,08882526
0,02701733
0,01544219
0,01467652
-0,01944821
0,0461821
-0,005812408
-0,04829135
-0,02921506
-0,02284506
0,02154156
0,009300402
0,006017052
-0,0007679905
-0,002704288
0,005209994
-0,08516921
0,03585115
-0,0724356
0,0984182
0,1919714
-0,08352087
-0,08075272
-0,117557
0,1873552
0,008655135
0,09768209
-0,006913331
-0,01222732
-0,001016104
-0,08016344
0,02765059
0,08907403
0,06148176
-0,01422539
-0,1496986
-0,1629769
-0,08764477
0,0393081
-0,09775674
0,02905225
-0,08420507
0,03389806
-0,1120935
-0,02687423
-0,1498509
0,08054025
0,01558395
-0,002201831
-0,05129911
-0,006076124
-0,06492266
0,003504699
-0,02648017
0,05718824
-0,01959516
-0,03990005
-0,01501077
-0,02363213
-0,0349563
-0,02007654
-0,02260233
-0,009736232
0,03011269
-0,04180257
-0,08009969
0,02871165
0,0570215
0,08662131
-0,03069587
0,09714295
-0,1127175
-0,0449539
-0,1886913
-0,02651229
-0,08222881
-0,0426549
0,003557977
-0,08468347
0,151654
-0,004781367
0,04340258
0,05509277
0,01870663
0,04757065
0,02199106
0,02130851
-0,1357605
-0,1378573
-0,001747449
-0,2515156
-0,2471441
-0,04683122
0,01453209
-0,1219879
-0,1479363
-0,1625461
-0,1911108
0,05140994
0,06598026
-0,06278672
-0,08974847
0,1217701
0,03629909
-0,01119996
-0,05742424
0,0110552
-0,005102172
-0,01015478
0,01853108
0,03005807
-0,02757377
-0,03722253
0,02974363
0,05635909
-0,1215574
-0,08975529
-0,06658361
0,07502718
-0,03048785
0,0354076
-0,03511956
-0,009554221
0,07640266
-0,09604976
-0,06934492
0,01333809
0,07885662
0,04509514
-0,14319
-0,01664196
-0,006303015
-0,05880802
-0,09960689
-0,0233099
-0,05677554
-0,07574932
0,03194132
-0,2534284
-0,1358754
-0,1006614
-0,1757265
-0,01027947
-0,06551375
-0,1233581
-0,04011633
-0,1426113
-0,100964
0,1135872
-0,142842
-0,05978751
0,00938549
0,04670766
-0,01421975
-0,003020147
-0,06267535
0,005033479
0,02872068
-0,0347059
-0,001386135
0,02147963
0,05061656
0,0709212
0,02821413
-0,0801527
-0,08008204
0,02285091
-0,08187
-0,08905838
-0,009283404
-0,08020931
-0,09804059
-0,04225992
0,04036429
-0,08247922
-0,05867787
0,1036317
-0,07892807
0,02404654
0,07487186
-0,01881604
0,119757
0,09944736
0,09676623
-0,1053987
-0,2230853
-0,03994951
-0,005849286
-0,1364309
0,07496558
-0,1343181
-0,1495916
-0,008689044
0,03484767
-0,04033682
0,1059517
-0,08614342
0,07355525
0,01233445
-0,0784427
0,01456556
-0,07610843
0,01179145
-0,01222889
-0,04045894
0,04104257
-0,008519597
0,00194576
-0,03256115
-0,00363306
0,006094627
-0,02714476
0,02850456
-0,01072985
-0,06414776
-0,06406471
0,122718
0,1416867
-0,1214507
-0,08633099
-0,1085078
-0,06311879
-0,04848786
-0,03460277
-0,05993684
-0,08046956
0,005469075
0,118637
0,0546076
0,09427777
-0,007517254
0,1856901
0,0626708
0,00314654
0,01836548
-0,006007001
-0,2163986
-0,1272087
-0,04039546
-0,01289849
0,1385548
0,03593413
-0,1277033
0,0009870122
-0,07846648
-0,1307282
0,08207438
0,03673368
0,06070691
0,00727294
0,02256003
0,06112665
-0,02052324
-0,005606938
-0,006780277
-0,0306698
-0,01867849
-0,04503028
0,01023804
-0,03368421
-0,002677551
0,01640582
0,0521825
0,02235137
-0,06313508
-0,05237384
-0,03644298
0,07260099
-0,03412236
-0,0598922
0,06271128
-0,00684854
0,05778292
0,0357186
-0,02822366
-0,08687557
-0,1620726
0,04006697
-0,07424636
0,05221024
-0,06964149
0,1292944
0,109216
0,01632184
0,07820946
0,06707048
-0,1623847
0,06907877
0,03904195
-0,001133891
-0,02072203
-0,08527681
-0,1517587
-0,05112775
-0,1144669
-0,09029024
0,2041428
0,004505571
0,1457103
-0,03127157
-0,09943957
0,09118118
0,03087764
0,02261161
0,01457513
-0,03599944
0,0119992
-0,03953509
-0,03754552
0,002388964
-0,00499194
0,03231397
0,01936939
0,0387766
-0,005237014
0,0001709984
0,05975133
-0,06086086
0,02113267
0,06001604
0,0608226
-0,01529376
-0,004281085
-0,1149104
0,07475033
0,1620418
0,08365533
0,02321601
0,062371
0,1877896
0,1425898
-0,07965439
-0,05582711
0,03489368
-0,03399621
-0,05793862
-0,123976
0,05933785
-0,09260198
0,0644282
0,02650604
-0,2640213
0,1003264
-0,1245423
-0,09758307
0,03688788
-0,04022983
-0,007350268
-0,1317154
0,01025853
-0,03936569
0,06412341
0,0501679
-0,03287367
0,003256323
-0,04458226
-0,02038468
0,0005749585
-0,01315956
-0,03084559
-0,03013208
-0,01103168
0,01562744
0,08555029
-0,00449732
-0,00978818
0,005394834
-0,1128386
0,06915318
-0,05936024
-0,1081248
-0,04085902
-0,06750663
-0,05879065
-0,09209013
-0,04787923
0,02138297
-0,09376615
-0,03207934
0,02462387
0,05470895
0,1713682
0,1053382
0,04612085
-0,05329386
-0,1771527
-0,1572058
-0,2260595
-0,1829627
-0,08950933
-0,2264227
-0,09690101
0,05419787
-0,1060703
-0,1162337
0,03615457
-0,1404271
0,1660293
0,01136582
0,0437588
0,09690044
0,06292793
0,04670117
-0,001390789
-0,03279058
0,005938723
-0,009120432
0,0124084
0,03608984
0,001156627
-0,0062842
-0,01181141
-0,01957943
0,04778333
0,09852719
0,05044592
0,03013746
0,03261131
0,134771
-0,007821624
-0,1012157
0,02729569
0,03164275
0,08179267
-0,1039456
0,03534373
-0,05283947
-0,05538825
0,08762326
-0,03696909
0,03624466
0,06650641
-0,009680419
-0,05079119
0,02005403
-0,1286779
-0,06265078
-0,2316699
-0,2255974
-0,1151232
0,1346595
0,01840212
-0,01026208
0,05180662
0,03604805
-0,04090246
0,05731919
0,09092084
0,08067731
-0,02040909
0,04966447
0,001496802
-0,01585779
-0,09688865
-0,09819785
0,06151531
-0,00824566
0,02819354
0,0261638
0,02875379
0,02554166
0,007227582
0,05361591
0,003158247
-0,07656686
-0,04593104
0,06579299
0,07319442
0,2074571
0,08432924
-0,01086198
-0,02263825
-0,1134326
0,01523675
-0,08649774
0,02265918
0,03706213
-0,01131052
-0,05902236
-0,2311417
-0,0443257
-0,0120245
0,1285069
-0,197556
-0,1129585
-0,2254203
-0,09519679
-0,1045607
-0,151151
-0,1624101
-0,01415436
0,02843105
0,02624148
0,1733679
0,04052082
-0,1617913
-0,09264743
0,05303833
-0,01613671
0,004749601
0,141258
-0,06299771
-0,03503991
-0,06461307
-0,03444724
-0,0216856
-0,06141564
-0,01192414
0,001675269
0,002591152
-0,0111064
-0,01173602
0,03368671
0,004889453
-0,05430957
-0,04234423
0,03931522
0,04794198
0,09673025
0,1784277
0,0674767
0,0972862
0,1554636
0,04177872
0,009164874
-0,08498953
0,1013217
-0,006247329
0,02556347
0,002401643
0,1340745
0,02052042
-0,09460172
-0,001844141
-0,1263314
-0,1455297
-0,2491
-0,09125431
-0,2017872
-0,02527042
0,01264966
-0,05734938
-0,002617388
0,03307422
-0,02785604
-0,06579042
0,02716674
-0,09415884
0,04634232
0,0002811013
0,07727097
-0,05805105
-0,04646084
0,02918825
0,003135822
-0,08851577
-0,03668763
-0,01630662
0,01016351
0,02416851
0,02687099
0,02315824
-0,02951314
0,003688339
0,009446318
-0,01250165
-0,001986062
0,03895132
-0,008218825
0,08905846
0,1880697
0,1780377
0,07545425
0,08272859
-0,02875613
-0,07526862
0,2487181
0,3016296
0,0735449
-0,02270444
0,03846456
0,05763189
0,2475695
0,07633948
0,06349538
-0,1462526
-0,07502189
0,0313738
-0,1264866
-0,1358023
-0,02195561
0,08771832
-0,06797792
-0,0594376
0,01120211
0,03320326
-0,01920898
-0,08132637
0,05632374
-0,07411341
0,08238564
-0,03095822
0,02288751
0,05685227
0,00271744
-0,09118279
-0,02992323
-0,02211707
0,02269256
-0,008807017
-0,02082855
-0,00554204
-0,004433043
-0,03014384
-0,03417909
0,07864138
0,07321002
0,09312303
0,1032985
0,1085294
0,03073241
-0,04269707
0,1420713
0,1873194
0,04798754
0,01968033
0,04976047
0,102571
0,1748064
-0,05136954
0,04249012
0,1237753
0,1367523
-0,04320564
-0,1463365
-0,1259341
-0,1648617
-0,1908525
-0,008227156
0,1307075
-0,03867193
-0,1261023
0,0890677
-0,06025123
-0,05856888
0,0002251047
-0,1023131
-0,1366582
-0,07870327
-0,01933092
-0,1312671
-0,07895941
-0,1026932
-0,09368991
0,02232864
0,01896031
-0,06924316
-0,03613805
-0,01366996
0,01544795
0,01529886
0,007245969
-0,006880046
0,0297647
-0,156091
-0,1435935
0,09628095
0,1038464
0,1101696
0,05134008
-0,02561139
0,0137048
0,01130662
0,02702086
0,1255911
-0,1507487
0,03388565
0,03228381
-0,005428501
0,04587642
0,001533498
-0,02757372
0,1797028
0,01812743
-0,06458223
-0,07160559
-0,1383284
-0,09887253
-0,0864418
0,12401
0,1649838
0,04873352
-0,1177648
-0,212766
-0,1920298
0,1738623
-0,02672544
0,03450281
-0,1515688
-0,09489966
-0,08814323
-0,1164335
-0,04927608
-0,1161082
0,01401151
0,01140823
-0,0969981
-0,03795732
0,007777698
-0,0003526654
0,008543709
-0,009836343
0,006117447
-0,06603612
-0,05587783
-0,1027039
-0,02602476
-0,1166788
-0,08641338
0,03062671
0,03770795
-0,00234185
-0,01464556
-0,04951609
-0,03169355
0,04309003
-0,03257357
-0,03916688
-0,06059887
-0,1614754
-0,002784571
-0,06294651
-0,1456365
0,00648594
-0,1072772
-0,1398075
0,1153874
-0,06290223
-0,2644645
-0,1540948
-0,04405844
-0,08462997
-0,04437725
-0,1695033
-0,1819608
-0,01369076
0,04615445
0,05058718
-0,0762378
-0,1280483
-0,09727581
-0,05288304
0,03478478
-0,0504429
-0,03009582
0,04678397
-0,02999113
-0,01569894
-0,01067386
0,001449633
-0,02204067
0,006381786
-0,1000743
-0,07277787
-0,01787242
-0,2715761
-0,1445253
-0,07033575
-0,1907079
-0,1487477
-0,09987413
-0,1705768
-0,08165425
0,06892116
0,04248054
-0,1977192
-0,1638033
-0,1237187
-0,05093742
-0,08069288
-0,1148282
-0,3538232
-0,1324199
-0,0336559
-0,01993659
0,009752734
0,02837811
-0,2451191
-0,3027453
-0,1867763
-0,07247169
-0,1846347
-0,1589748
-0,07596371
-0,03964194
-0,08104885
-0,002765239
-0,05462196
0,0762199
-0,05290446
-0,04489154
-0,04016973
0,1350253
0,04357677
-0,01354147
0,01722682
-0,001979512
-0,003684547
0,006684318
-0,0176251
-0,01015822
-0,004578617
0,01482379
-0,03340586
-0,1181247
-0,1496936
-0,2022508
-0,3205916
-0,3585766
-0,3885054
-0,1277755
-0,2670267
-0,3507936
-0,2779248
-0,2107967
-0,1525487
-0,2690237
-0,1333912
-0,1267166
-0,1724326
-0,2162856
-0,1843192
-0,01463558
-0,1984472
-0,03261518
0,05067697
-0,04901743
-0,1688555
-0,1395586
-0,04239913
-0,1238413
-0,02354517
-0,07800861
0,1685822
0,0870163
-0,03060672
0,05366599
0,1881025
0,05433578
0,0672624
0,04124124
0,0837914
0,06147926
0,08446661
-0,01181162
0,008177403
0,02104165
0,03637543
-0,002351453
-0,002421602
-0,02118043
0,01358494
-0,0243123
-0,1035669
-0,2029189
-0,3042813
-0,2706662
-0,2547724
-0,5120751
-0,4073681
-0,2280594
-0,2586865
-0,3210868
-0,3055023
-0,4104791
-0,2909154
-0,2146035
-0,4367876
-0,2884682
-0,2930523
-0,003267124
-0,1763072
-0,1561318
-0,2124638
-0,152203
-0,2667521
-0,4838965
-0,2191498
-0,185219
-0,1888782
-0,08804721
-0,06751534
0,02740812
0,1157624
0,004665648
0,02963765
0,03216026
0,1635336
0,02306821
-0,04685414
0,04794957
0,07855959
0,1144151
0,05110377
-0,03276676
0,0628881
0,007162957
-0,02416107
0,00777693
0,01108686
-0,02159883
-0,009610252
-0,001477426
-0,007392322
-0,1287511
-0,2276287
-0,1655773
-0,2829416
-0,3699341
-0,3186584
-0,2042727
-0,1748133
-0,2881785
-0,3198555
-0,3630913
-0,2248176
-0,2360934
-0,286015
-0,3962928
-0,3125845
-0,2105021
-0,2502903
-0,05949248
-0,3015502
-0,1175095
0,02654275
-0,1729875
-0,1818096
-0,03306243
-0,04885533
0,154321
-0,00790386
0,01325459
-2,654628E-05
0,1414447
0,231201
-0,05616984
-0,0001373851
0,01200831
0,02347738
-0,06480403
-0,02421614
-0,00552821
0,01792922
0,03362245
0,07285244
0,04561975
0,01738268
0,01661617
-0,0128761
0,01755415
0,01166571
-0,01311423
-0,001605904
-0,1100714
-0,2216589
-0,1785184
-0,05613826
-0,2267494
-0,07964114
-0,09510407
-0,2582796
-0,04604377
-0,2024098
-0,08587089
-0,1464546
-0,08818155
-0,1086836
-0,1174345
-0,07998607
-0,2127424
-0,009057416
-0,1244842
-0,03851898
-0,09306148
0,02791892
-0,02961584
-0,1191881
-0,1493178
-0,0002269729
0,1094417
0,08107778
0,001072645
-0,05381956
-0,03985484
0,01882488
0,1269231
0,04148309
-0,03393725
0,008837655
0,09111699
0,09622365
0,1106299
0,07696889
0,08788869
0,04471165
0,008111241
0,0514538
-0,0258387
-0,0194476
0,02061624
0,009823588
0,01780723
0,09130673
0,01140084
-0,05531253
-0,09345222
-0,1055731
0,02134363
0,1394656
-0,1347213
-0,02565907
0,07686645
-0,06888754
-0,03420377
0,001092229
0,109582
-0,09313745
0,02746695
-0,1194647
-0,08302182
-0,1453328
0,02411788
-0,2056916
-0,1862216
-0,1316411
-0,1782021
-0,1674803
-0,1025171
-0,06394737
0,1002065
0,1452551
0,1755487
0,06866626
-0,01634942
-0,2112944
0,06819063
0,006533563
-0,02381417
0,0467224
0,02374738
0,0910982
0,01338357
0,02684412
0,1050046
0,04607589
0,03764522
0,04540957
-0,02104096
-0,04003109
0,01039339
0,02488226
0,08636925
0,07839978
0,02381719
0,1073755
0,04092516
0,1752931
0,2134641
0,2490431
0,09328628
0,04827803
0,1517189
0,0183195
0,08713071
0,2148275
-0,0339084
-0,03014946
-0,007498113
0,1531839
0,04644516
0,1383747
0,03440416
0,1082839
0,1763647
0,2015507
-0,004039451
0,03391269
0,005024356
-0,02771703
-0,05656761
-0,06050837
0,06568459
-0,0736924
0,04812491
0,06908224
-0,001721226
0,02091133
0,001272481
0,04571341
0,04327623
0,09170721
0,1413192
0,1233357
0,1191004
0,01942679
-0,01434466
0,05433881
-0,00709258
-0,01998622
0,01839401
0,04706563
0,09266528
0,05858841
0,1873776
0,09471295
0,108981
0,1844968
0,1868308
0,2914489
0,2000944
0,1702959
0,2001073
0,1489294
0,1227297
0,1397624
0,2164542
0,09818459
0,231576
0,1532076
0,2057546
0,13455
0,1701071
0,0546955
0,1022464
0,1888275
0,1673217
0,1433153
0,07322799
0,08116795
-0,1294713
-0,1964082
-0,09288947
-0,07993142
-0,03847245
0,0101344
0,02599303
0,1169351
0,06901193
0,05687056
0,1278497
-0,0003948346
-0,02422864
0,07293057
0,1061191
0,005416878
0,04609122
0,04057216
0,02058131
-0,01832451
-0,008605028
-0,006751114
0,06205226
0,0494602
0,2250295
0,1368172
0,06613934
0,03045472
0,2907859
0,09737343
0,1377596
0,114434
0,1462665
0,2214597
0,2146635
0,07801136
0,2862531
-0,07949701
0,1254097
0,07130186
0,2486551
0,1253628
0,001597326
0,1309867
0,05104853
0,08925495
0,1658013
-0,06952054
-0,1189902
0,0255868
-0,1006629
-0,06989319
0,1584195
-0,05309077
-0,04804882
-0,05489621
-0,009141615
0,03231793
0,1028224
-0,04347024
-0,03623115
0,04107526
0,1716196
0,0472171
0,0519211
-0,05238396
-0,0221903
0,01407963
-0,001437131
0,007119145
-0,007872632
0,03408726
0,0316682
-0,03942207
0,1509601
0,221326
0,1371626
0,1447259
0,1243251
0,1014384
0,1791103
-0,01309315
0,06716833
0,2068871
0,1532234
0,24187
0,4406715
0,3500839
0,2761756
0,3057513
0,064093
0,3138768
0,06932512
0,1113647
0,1931311
0,06845407
0,1026747
0,208404
-0,02355775
-0,1036106
-0,09268088
-0,06666597
-0,03134163
0,09760196
0,05901073
-0,02511303
-0,2184541
0,09875439
0,2402446
-0,005829241
-0,06980428
0,01778907
0,01937842
0,06051672
0,02164027
0,03833718
0,03579738
0,06370759
-0,002557519
0,01233747
0,02007243
0,01973275
0,008491471
0,0455241
0,1012232
0,0158259
0,05465792
0,1569431
-0,07356076
-0,078632
0,1841283
0,1383811
0,08085106
0,07069983
0,0651423
0,08452273
0,1933156
0,04980713
0,2395354
0,1491345
0,09746272
-0,04447129
-0,01565994
0,09118558
0,2292732
0,1039474
0,1615812
0,2066413
0,05063002
0,08508579
0,2142515
0,03517378
-0,04620901
-0,1407568
-0,151071
-0,08571213
0,003703218
0,1452336
0,1700498
-0,08473387
-0,04308881
0,07745022
0,02636112
0,06794442
0,04114803
0,0124917
0,0615175
0,04209776
0,02981381
-0,01572352
-0,02174127
9,110648E-06
0,02562284
-0,02522019
0,02908779
-0,03654911
-0,171391
-0,202715
-0,08958694
0,06452839
-0,03570288
-0,001978834
-0,0319907
0,08934909
0,02436611
0,02124931
0,05235459
0,1388911
0,1154674
0,0701002
0,1271862
0,1065239
-0,1433037
0,01297348
0,02662475
-0,02979207
-0,02436424
-0,07790641
-0,02408281
-0,003890917
0,1238455
0,01634328
-0,1536883
-0,07341514
-0,04046707
-0,0133603
-0,0604936
0,1314785
0,2666621
-0,0227414
0,03502297
0,0264579
-0,03538874
0,01330463
0,04106354
-0,01009483
-0,003480475
0,02528507
0,03025223
-0,01066275
-0,01712347
-0,007035455
-0,009330176
0,0465593
0,05269795
-0,03441073
-0,1156538
0,001868131
-0,08760887
-0,07221474
0,2361985
0,1859304
0,04360491
0,07251481
0,09748013
0,06517908
0,1516453
0,1162803
0,03590606
-0,03290439
0,07917933
-0,06366652
0,0757475
0,2275511
-0,007787879
-0,01683205
-0,0878201
-0,01028617
0,08276983
0,1073792
0,04151872
0,1299821
-0,03540859
-0,02852149
0,03924363
-0,160372
-0,01442121
-0,04161355
0,03578101
-0,04259337
-0,009773726
0,01237964
0,03687521
0,0260225
0,0437101
0,0584164
-0,007896384
-0,01933001
0,007747112
0,02667632
-0,01948764
-0,01077997
-0,007058711
-0,005482886
0,09205702
0,05991709
-0,143246
-0,08102599
-0,0902616
-0,04853481
-0,03818572
0,1145511
-0,1705995
-0,1025005
-0,05965732
0,0003147138
0,01722519
-0,03966194
0,1456025
0,1020186
-0,04505993
0,02561177
0,1894791
-0,06417862
-0,004590175
-0,007815911
0,157803
0,003024562
0,1416288
-0,1332303
-0,02176586
0,1031297
-0,08728297
0,06591354
-0,02675575
-0,01861908
0,007446884
-0,01454038
0,132393
0,1039015
-0,05355221
0,03071688
-0,01291277
-0,03025105
0,04302372
0,0492727
-0,01802178
-0,03194021
0,03356431
0,03518528
-0,003520034
0,01770051
0,002060376
-0,1070542
-0,06676687
0,02156449
-0,05698283
0,004084843
0,1452574
-0,002778076
0,0469899
-0,06684566
-0,008166625
0,0279649
0,01832696
-0,02380302
-0,1442187
0,0814399
0,0603574
0,03299693
-0,05586047
0,1298304
-0,04844912
-0,04869949
-0,03749174
0,1467424
0,1005759
0,01867529
0,04689395
-0,008081373
0,03080435
0,1813338
0,03672477
0,04953903
0,06131782
0,04106173
0,09460597
0,01978165
0,09992119
0,1396334
-0,04366959
-0,03589981
0,100508
0,03393417
0,03497631
0,02759486
0,03497375
-0,0200956
0,009427546
0,0325365
0,02471682
-0,002010265
0,008983884
-0,1175497
0,01735934
0,01724068
-0,009908653
-0,09017843
0,0747859
0,06540614
-0,06191868
0,1166195
-0,05225438
0,06289803
0,04385971
0,05580629
-0,07521708
0,03014973
0,2040324
-0,05574912
-0,05573532
0,1136662
0,09583554
0,1273923
-0,02107067
-0,149594
0,187687
-0,09758542
0,0004648427
0,09789094
-0,1141886
0,1467627
0,05745596
0,1670313
0,1549604
-0,0385393
0,08291859
-0,1463833
0,04807429
0,05653712
-0,04406855
-0,07061037
0,01229173
0,05639837
0,08743522
0,01174601
0,04680792
-0,01780016
-0,008591756
-0,0175676
0,00477326
-0,009668211
-0,06219732
-0,06723634
0,04530807
0,1465093
0,02014012
-0,002165184
-0,05076532
0,1488456
-0,07410614
-0,04286982
0,0340396
-0,02601784
0,05717487
-0,006686416
0,03068455
0,2023379
0,1323997
-0,2526489
0,03931819
-0,0008686402
0,08240129
0,09027883
-0,04617002
-0,0571501
0,02773441
-0,07146239
-0,01756263
0,2214025
0,1652094
0,09561695
0,1268683
0,02314933
0,1445576
-0,008456226
0,06937964
0,01657256
-0,008704785
-0,04211849
-0,08276911
0,07744943
0,04634366
0,02352396
-0,01538482
-0,02807366
-0,003999995
0,02973617
0,03746525
0,008092378
0,006514864
-0,006723315
0,04132845
-0,07830972
-0,04095848
0,0508816
-0,0778856
-0,03688413
0,02281909
0,06036388
-0,01809405
0,01247331
-0,1481559
0,0559968
0,1208487
0,05728444
0,1186908
0,08039734
0,1184484
0,1048312
0,046371
0,05532815
0,1475459
-0,007843717
-0,04226101
0,07923802
0,04284802
0,2439153
0,07395794
0,009868143
0,05649698
-0,0006541375
0,04207407
-0,06281588
0,01736635
0,1070048
-0,02120846
-0,1436922
-0,07533252
0,01404398
-0,02055046
0,05049039
-0,06309666
0,009276463
0,06678546
-0,03890277
0,0308046
0,008572938
0,02967905
0,006491273
-0,01049003
-0,000618477
0,01187426
-0,001071401
-0,1224694
-0,05348701
-0,06081309
0,05915476
0,03473017
0,02357567
0,1891441
0,03955299
0,05508044
0,09814359
0,09052835
-0,01001475
0,1371375
0,1784573
0,1332929
0,1643269
-0,06521776
0,08955543
-0,02569795
0,1285739
-0,03436764
0,0839029
0,1744877
0,05354853
-0,07422598
0,1502502
0,1302046
0,1178979
0,1104856
0,02505507
0,1245726
0,1543435
-0,04539896
-0,01649075
0,0422586
0,05940904
-0,03380593
0,01420679
0,08796976
0,02031354
-0,007795866
-0,02726271
-0,01440624
0,03090272
0,02381673
0,00427954
-0,01322785
0,03672142
0,007686325
0,04173375
-0,01160088
-0,1634035
0,04411074
-0,07147905
-0,02165591
0,03928669
-0,04305215
-0,06481051
0,01239082
0,06496432
-0,01786727
-0,06527718
0,02672557
-0,06818343
-0,0530859
0,01821662
-0,1187809
-0,1009325
0,0296672
0,01282405
-0,1453229
-0,1095863
0,06399876
0,09064218
0,05858481
0,1728324
0,07864875
0,07585066
-0,08463206
-0,04376545
0,004765963
-0,01452824
-0,004410781
0,006709964
-0,05040376
-0,08481804
-0,0630402
-0,05115583
0,04520405
0,03097284
-0,02706861
-0,01275708
0,03843926
-0,02495204
0,01792357
-0,02816381
-0,006728072
0,02960045
-0,01024266
0,03690273
0,1010364
-0,1171834
-0,06836567
0,02101056
0,03949396
0,06300338
0,09369398
0,0381788
0,0435764
-0,2036326
-0,06952277
0,003034484
0,02993478
-0,01188108
-0,01840845
0,08251277
-0,1857244
-0,04813012
-0,1221618
-0,03480143
-0,1027062
0,09275931
0,2470785
0,1156824
-0,05377529
-0,1249733
-0,1304658
-0,06125881
-0,03838409
-0,04812534
-0,01723354
-0,1370016
-0,08187412
-0,0233998
0,02466772
-0,02993448
-0,05206519
0,01065104
-0,01638057
0,0004647314
-0,03279689
-0,02485152
0,006035193
0,008421148
-0,02135332
-0,0002334191
0,01466734
0,009233689
0,03579834
-0,004931084
0,07659999
-0,06911388
-0,1084133
-0,1351077
-0,09928258
-0,01781186
0,02131662
0,03144086
0,1432168
0,02919462
-0,1049623
-0,1205757
-0,04542539
-0,07442363
-0,01588524
-0,03227977
-0,1051735
0,134567
-0,2252545
-0,1729032
0,0003831974
-0,03645402
0,003963395
0,05210895
-0,01611913
-0,0111404
-0,1654562
0,000438135
-0,004466461
-0,01657558
0,0483763
0,01790904
-0,2251524
-0,04651957
-0,04735463
-0,02789675
0,002567812
-0,05198976
-0,05286272
-0,03754379
0,04188844
0,01633556
-0,02994693
0,008436196
0,02404401
0,007047628
-0,02828935
-0,01440505
0,04414136
-0,007341724
-0,0053304
-0,01590983
-0,0995699
-0,1102692
-0,09073899
0,002655958
0,07548343
0,01097517
0,1030035
-0,03475202
-0,1736695
-0,1049939
-0,03804662
-0,05677931
-0,06624459
-0,05777853
-0,07267561
0,07980426
-0,01731369
0,01169192
-0,006138245
-0,05660264
-0,1669453
-0,009410365
-0,1744921
-0,06478928
-0,15735
-0,03086329
-0,02840365
-0,01293222
-0,02654423
-0,08613414
-0,1350648
-0,05722369
-0,03265186
0,02757392
-0,03431743
0,01402092
0,002653735
0,003307113
-0,002601851
0,02976207
-0,01055051
-0,02990759
0,01489361
0,008762475
-0,02037508
0,03571909
0,01039749
-0,05832894
0,008945222
-0,02398041
-0,02805168
0,08124832
-0,06977569
-0,142971
-0,124558
0,04252094
0,02336921
-0,0524149
-0,1868554
-0,1058244
0,0652108
0,03558364
-0,007328824
-0,04501779
0,06547636
-0,1155484
-0,003311794
-0,01825462
-0,04369912
-0,0166622
-0,006745121
-0,03069308
0,01185393
0,1166231
-0,02023254
-0,008078447
0,04720878
-0,008787798
-0,04095176
-0,06147316
-0,01898215
-0,1244711
-0,08559362
-0,01742975
-0,01137071
0,05318654
-0,02107604
0,03066876
0,0115149
0,01826758
-0,01554052
0,003071969
-0,02057741
0,009415773
0,008367865
-0,0215364
0,01575796
-0,0514685
-0,03486818
0,01044256
-0,02172697
0,02996133
-0,04370662
-0,08339269
-0,01189795
-0,02940302
0,004956925
-0,02147817
0,01371014
-0,0118751
0,005738114
-0,02136467
0,03579364
0,05950073
-0,04930086
0,01946222
-0,001286062
-0,135947
-0,1314694
0,03975521
0,03173923
-0,05073673
-0,01910195
0,09521827
0,02575983
0,01393387
-0,01784668
-0,0264926
-0,009075094
-0,01847527
-0,04873885
0,009873549
-0,007260272
-0,02123168
0,003445602
1,594689E-05
-0,04632587
-0,02532418
-0,01125328
-0,02571871
0,02656457
-0,01912889
0,02901619
-0,003327685
0,004018043
0,007298012
-0,02671089
0,01392955
-0,02113496
0,001847524
-0,01118465
-0,007859845
-0,1000635
-0,02726264
-0,003997318
-0,06134782
-0,1022238
-0,07578792
-0,1152134
-0,0659754
-0,01526682
0,006887966
0,04087714
0,04839505
-0,06866167
-0,1271943
-0,05041706
-0,1695851
-0,133535
-0,06197286
0,07108679
-0,02534165
0,02320668
-0,00336731
0,0378148
-0,004996583
-0,05380755
-0,06215034
-0,05060399
-0,02192984
-0,05506101
-0,03774704
-0,003124137
-0,0052677
0,03291477
-0,01360942
0,03281564
0,02371477
-0,005608573
-0,01866613
-0,02226296
-0,006960257
0,02549255
0,002994387
-0,02758323
0,01366914
-0,03157598
-0,02223527
0,01842795
0,0006398322
-0,008533653
-0,02422125
0,006657438
0,02010413
-0,0583518
0,005274284
0,020225
0,001899501
-0,02653603
0,006868693
0,006484515
0,07328625
0,06150465
-0,002696822
-0,002655338
-0,1066725
-0,04416024
-0,08391672
-0,02242428
-0,0796642
-0,04875667
0,03013347
0,167306
0,05028085
0,01986591
-0,03939581
0,002517974
0,01151774
0,02140136
-0,02288083
-0,01971638
-4,218106E-05
-0,01883586
-0,0002089302
0,01330097
0,03676829
0,02635337
0,003955932
-0,03205045
-0,01697075
-0,02217014
0,001688313
0,01145309
0,0123985
0,02711653
-0,01840916
0,01676561
-0,01871081
0,006934833
-0,001995335
-0,02448573
0,03186432
-0,002414167
-0,001141484
0,01675205
0,05214426
0,01032579
-0,01441059
0,004641016
0,03068243
0,02959786
0,04618838
0,02204188
0,00385353
-0,008265174
-0,05743628
-0,01692887
-0,05439268
-0,0696115
-0,08709259
-0,02509255
0,02616957
0,03310142
0,0503453
-0,01199141
-0,00937759
0,01153659
0,0253693
0,01714196
0,01591263
0,005354517
-0,007629925
0,007359125
-0,003533039
0,04035959
0,00156291
0,000580647
0,01590075
0,004135366
-0,009665625
-0,0183996
0,003084234
0,0297336
-0,008065583
0,002567024
-0,001269823
-0,01154994
0,004662623
-0,01102783
-0,009762768
0,01059177
3,411872E-05
0,02152581
0,01705357
-0,06023557
-0,05127478
0,008564008
0,02646687
0,01004373
0,02331997
-0,02073991
0,0152209
0,07232539
0,0610146
0,009916066
-0,008810068
-0,05089579
-0,01920377
-0,0783601
-0,06127101
-0,00489318
0,07846162
0,03446062
-0,0243748
0,008321835
-0,04243593
0,008907283
0,003867545
-0,02953361
0,01802657
-0,01079466
-0,00839392
0,01644261
-0,01471322
-0,003528911
0,03630641
0,003320263
0,01516901
-0,02053079
0,01272304
-0,001753283
0,02067155
-0,0002012479
-0,009475698
-0,01495943
0,01074752
0,03075944
-0,01551206
-0,01649631
-0,01622504
-0,01515905
-0,01151551
-0,01335823
-0,01055572
-0,007245572
0,02261592
0,01577088
0,02514168
0,04687088
0,04079392
-0,01787112
-0,02117444
-0,005324846
0,005281926
0,01239425
0,006565796
0,02978829
-0,001288913
0,001382157
-0,0167739
0,05840032
0,01335641
0,02061221
0,009139176
-0,00331088
-0,007856015
-0,01236484
-0,01309069
0,007049202
-0,01507246
-0,02019743
0,01828152
0,003949601
0,0250827
0,001858681
0,02473168
0,02925722
-0,007277419
0,02987641
-0,005286959
-0,02160447
0,001746928
0,01996896
-0,01616476
0,009808913
-0,01039034
-0,007271898
0,02825334
-0,006718119
-0,003344547
0,01635344
0,01228267
0,01569614
-0,03093624
-0,005371517
0,02170678
0,0009952284
0,02142295
0,02374386
-0,01204897
0,01181277
-0,009097676
-0,02686534
0,01828212
0,02767236
-0,01257298
0,008204138
0,01901151
-0,01931698
-0,02392116
0,03465891
0,002103578
-0,02370127
-0,02875423
-0,02508518
0,001851379
0,01901293
0,0116975
0,02298141
-0,01346173
0,03228337
-0,01341482
-0,02591832
-0,007320634
-0,009117927
-0,01038326
0,02739202
-0,001437104
0,0006530927
0,008635794
-0,006093448
-0,0155612
0,009112847
0,02638351
0,01484211
0,01173632
-0,00676568
-0,02728175
-0,01027617
-0,01087947
0,01144051
0,02024084
0,02448416
-0,008398485
0,007131708
-0,01099784
-0,004148325
0,0149412
0,03144436
-0,02096917
-0,01119357
-0,02737637
0,0248219
4,314512E-05
-0,01865673
-0,003571765
-0,003484987
0,0234914
-0,0002693839
0,002992516
-0,001664236
-0,01067271
-0,0186612
-0,001123845
0,01374738
0,01455234
0,03169717
-0,002583191
-0,01019892
-0,005500043
0,02869924
0,004268422
-0,0163437
0,003779871
0,004036963
-0,02663569
-0,008773032
0,008081189
0,01528089
-0,02761426
0,02186357
-0,02013547
-0,001867104
-0,004767782
-0,006736313
-0,006470705
-0,007985773
-0,01971751
0,01611737
-0,008541768
-0,01504871
0,007096086
0,007053053
0,01555361
0,02613092
0,001040323
0,01797751
0,003348835
0,01553674
-0,02819929
-0,003064199
-0,02074825
0,00189154
0,009509873
-0,02054828
0,01253778
0,01632529
-0,01109648
0,02593213
-0,02185551
-0,02697781
0,0209955
-0,02715328
-0,006772746
0,01347782
-0,01624056
0,01292532
0,008103773
-0,02963282
-0,01579843
-0,01636032
0,01142858
0,004665699
0,02624435
-0,02360396
-0,01000526
0,02741879
-0,001800303
0,007945655
-0,02725328
-0,01375692
0,01890711
0,02316347
0,01411455
