0,02786774
-0,02246937
-0,02580933
-0,02445598
0,02381215
0,02386118
0,01896653
-0,01674237
-0,007952705
-0,01918521
0,009863096
0,01357091
0,01705895
0,009955265
-0,01600116
0,03042007
-0,006367695
0,02340526
-0,01077522
0,007348481
-0,02776902
-0,002891954
-0,0191416
-0,003091933
0,02110135
-0,01248824
0,02699345
0,008307619
-0,02539041
0,0107161
-0,0243183
0,01633773
0,01698617
0,01001507
-0,002582717
0,01092543
-0,009486362
0,0170508
-0,007471001
0,02364592
-0,01394492
-0,01385425
0,02780635
-0,02279462
-0,01154496
-0,02835811
0,01337682
-0,005144419
-0,02482863
-0,002843967
0,01288981
-0,02774801
-0,004481823
-0,005201936
0,005195917
0,0008306281
0,02743057
0,008106293
-0,01484322
0,006414828
0,02752247
-0,01933508
-0,02134543
0,01204534
-0,02487149
0,02410813
0,02720432
-0,0228592
-0,01732661
0,003716734
0,009864034
0,00719998
0,0007907299
-0,003856287
-0,008659947
0,01674464
-4,079087E-05
-0,02619192
-0,02139395
0,01955132
0,004855339
0,002241181
0,003397386
0,008219209
0,02857561
-0,02639533
-0,009126405
-0,007668018
-0,02517535
0,02718049
0,0142899
0,01329508
0,002070074
0,01688698
0,02686662
-0,02452758
-0,02242232
-0,01414078
-0,02793282
-0,004997007
-0,02493369
0,006260226
-0,01777718
0,002027628
0,01774625
-0,02433745
0,002352104
0,03015803
-0,02636894
0,01906677
-0,02907607
0,023871
-0,0004311963
-0,003662908
-0,02832153
-0,004626694
0,008143278
0,001337574
0,01433382
-0,02822442
0,003197745
0,004920333
-0,02777808
-0,01389009
0,02005272
0,02732612
-0,02458946
0,01486865
0,0001849147
-0,01394813
0,009283427
-0,01551234
-0,02802649
0,01418679
0,01465182
0,02937265
-0,009709226
-0,02854291
0,02098132
0,0229196
0,002204107
-0,008294265
-0,01108552
-0,01332989
0,02638367
0,02130012
-0,01612202
-0,02411895
0,01530038
0,001581398
-0,001977786
0,007040838
0,002568896
-0,02944459
0,02215421
0,0005444684
0,00397731
0,02665926
0,01257994
0,02147947
-0,02954791
0,01794139
0,0001085377
0,01837883
-0,01998444
0,01740351
0,02216911
0,01635269
0,01255798
-0,02651971
-0,02448091
0,007239135
0,01126922
0,02210958
0,0002458679
-0,01833751
-0,01351772
0,01670351
-0,009148149
0,02986337
0,01372365
0,03028764
0,0299188
0,0291115
0,0189873
-0,02731876
0,01289593
-0,02816003
0,02241063
-0,01638913
-0,005040503
-0,006000634
-0,01058785
0,03064693
0,02258553
0,01487513
0,02229206
0,001137
-0,02324148
-0,02109329
0,02978887
-0,001561372
-0,005768029
0,01204476
-0,004078388
0,02157149
0,02666801
0,01095038
0,0008807909
0,01116148
-0,01518132
0,01813842
0,00607314
0,01404621
-0,02159041
-0,02831232
0,01876309
0,002012588
0,03095376
-0,02206598
-0,02454668
0,02115266
0,02477694
-0,0008195537
0,009056121
0,01237739
-0,01131222
0,01223341
0,03074309
0,0166452
-0,00914955
0,0162056
0,009991831
-0,01745104
0,03104337
-0,01465308
0,006684306
-0,01169023
0,002927459
0,02728506
-0,0237136
-0,0282116
0,001632417
-0,01775905
0,03044895
0,007367407
0,01805496
0,00594359
0,02266429
0,02125887
0,02673822
-0,009507385
0,001027439
0,02951044
-0,02612718
-0,02131935
0,004200947
0,02526082
-0,02570324
0,01541649
0,005375742
-0,01335944
0,01174149
0,01556557
-0,009137931
-0,0006771089
-0,02085021
-0,004345337
0,01492818
0,02352465
-0,00384539
0,001717316
0,02979014
-0,02677829
-0,02855794
-0,02637436
-0,009463606
0,01393631
-0,0001016371
-0,0276776
0,02640331
0,01318375
0,02024224
-0,0194098
0,02155965
0,03105326
-0,01544681
0,01089184
-0,02255332
0,02147452
0,01180008
0,01095079
-0,0153764
0,01959281
-0,005498252
0,02174889
-0,00892625
0,0165171
0,02185007
0,0007263438
-0,001749961
-0,007012526
0,02238792
0,02959413
-0,004175212
-0,003590924
-0,008577652
-0,002541086
0,02820064
-0,02991387
0,02048196
0,02476117
-0,002198141
-0,02648854
0,02170336
0,02258009
-0,002740008
0,002963755
0,02629267
-0,009130665
-0,01554401
-0,0004227083
-0,01240044
0,02426361
-0,01688329
0,01722123
-0,01260176
-0,01776115
0,01174745
-0,01902889
0,01484046
0,005032503
0,02183312
0,02987285
0,004665938
0,002505403
0,02325773
0,02256847
0,01564083
-0,00539248
0,009835478
0,01781638
0,0137908
-0,02154292
-0,02737298
0,01915247
-0,01649442
-0,01798768
0,02915833
0,002959096
-0,005216948
0,01934638
0,0211211
0,0003111705
-0,01370016
0,03037086
-0,0255635
0,02744179
0,01616172
0,00762593
-0,02137472
-0,01745948
0,02087033
0,01850387
-0,01175586
-0,01345931
-0,02731028
-0,0009610037
-0,0002773145
-0,01107416
-0,02927844
0,008605921
0,0188694
0,00232595
0,01408893
0,0008966883
0,01824211
-0,01899437
0,02340906
-0,004551609
0,002696271
-0,02499574
-0,01862461
-0,02298747
0,01753288
0,02432622
0,01409965
-0,009779606
0,0136061
0,004330561
-0,002690597
0,0228042
-0,02696685
-0,02493513
-0,01400998
-0,002179847
0,02806223
0,02627501
0,0205191
0,01623162
0,01683232
0,01522527
0,01334535
0,009388273
0,00319907
0,01720093
-0,02978729
-0,01124913
0,01781019
0,01630514
-0,01734151
0,02659175
-0,02260606
-0,006171968
-0,02208659
-0,02554278
0,03012354
0,01342863
-0,02887826
-0,005251949
0,004336865
0,01242339
0,01767513
0,02771975
0,02568794
-0,01803305
0,005801715
0,0147223
-0,01089778
-0,01217462
0,003469837
0,02168371
-0,009697597
-0,02370964
0,009481639
0,01923654
-0,006985621
0,001418053
0,003856816
0,02875475
0,02412718
-0,004603566
0,004395124
0,02686057
-0,00702667
0,001243003
0,01466081
0,01044701
0,02832796
-0,01891323
-0,002069735
-0,01500089
0,02502132
-0,004802874
-0,01815326
-0,02812049
0,02794474
0,01909236
0,01892817
-0,006712711
-0,01631143
-0,01201078
-0,02653643
0,002752621
-0,01273941
-0,006944594
0,007047922
-0,0264373
0,01505847
-0,009579374
0,01444261
-0,0004982867
-0,01973037
-0,02621801
0,001767427
-0,0188868
-0,01848838
0,02311299
0,00786721
-0,00714063
-0,002501734
0,02526178
0,01629188
-0,02362182
0,01945489
-0,01216915
0,02783173
0,02621592
0,02435746
0,004224319
0,01866365
0,005900741
0,01604966
-0,01696383
0,01759559
0,006952216
-0,00763355
-0,02876548
0,01041273
0,0302414
0,02505083
0,01197891
0,02619615
0,007358521
-0,002880985
-0,02892398
-0,02397623
0,0224787
0,02684562
-0,02751669
0,0250824
-0,01904366
-0,01146788
-0,002428357
0,03039044
-0,008024911
0,00390405
0,02768204
0,01290635
0,0304927
0,0002613442
0,01609419
-0,01871932
-0,01705792
0,002452519
-0,01858247
0,01543811
0,02756988
-0,01191219
0,02386087
0,01340296
-0,02533854
-0,02212619
0,0006960817
-0,002939595
0,01524523
0,0304933
-0,02150186
0,008636633
0,01925825
-0,02023177
-0,02463048
0,02950088
0,01919415
0,008065696
0,009784561
-0,01145143
-0,011445
-0,01513579
-0,002377222
-0,0258248
-0,005913787
-0,01262446
0,01065212
0,003602306
-0,01608204
0,001791523
0,01076092
-0,02285556
-0,009569607
-0,01523402
-0,01874807
0,008273026
-0,02701061
-0,01092858
0,022042
0,03147315
0,01581106
0,02895623
-0,01650106
-0,0105048
-0,003485193
-0,009519516
0,02747206
0,02253019
-0,005961447
0,01413818
-0,01016541
0,004062694
0,02055622
0,01479399
-0,006171678
0,0101881
0,02055136
0,02332179
-0,004486763
0,02082004
0,000623354
0,03038402
-0,01320167
-0,01745047
-0,01391197
-0,02932238
-0,0122999
0,002660938
0,02982961
-0,001309366
0,02786412
0,002796943
0,01867506
0,008604277
0,005138277
-0,01075925
-0,02954968
-0,02436571
0,01002659
-0,02583542
-0,00924096
0,02021628
-0,01831242
-0,001396611
-0,02024097
-0,01923358
-0,01676114
-0,001957746
0,0244042
0,001597155
0,01922126
-0,02086703
0,02310241
0,02845698
0,003331609
0,01508187
0,01311102
-0,02836336
-0,02819048
-0,007440508
-0,02646334
-0,005231349
0,02448012
0,02487854
0,0211752
0,02097177
0,01793635
-0,01300286
-0,01548
-0,02547829
0,01134334
0,01343805
-0,01563221
-0,007492866
-0,0002376067
0,01149946
0,02140839
0,01938751
-0,02837658
-0,02275898
0,01810458
0,01965151
0,01122804
-0,001336563
0,01141652
0,0165583
0,007499958
0,02041389
-0,02370931
0,02211539
0,006785488
0,02789436
-0,02761338
-0,0139109
-0,02845547
0,03125373
0,02797327
-0,015312
0,009602979
-0,008404261
-0,007262179
0,02956854
-0,01735414
0,01645114
0,02000137
-0,02463955
0,03206432
0,000615427
-0,002451699
0,01855252
0,02208656
0,02660554
-0,02820508
0,02602433
0,006599142
-0,01249242
0,01248231
-0,007515157
-0,01621591
-0,03169639
-0,01993328
0,02814852
-0,02045622
-0,007295483
0,0004128931
0,01363031
0,007746687
0,02532405
-0,009808806
0,0006051922
0,01368614
0,003757754
-0,02140778
0,009056821
0,01405655
0,01781675
0,004880487
0,02502369
0,008355703
0,004231464
0,01684547
-0,02638138
-0,01109664
-0,01338016
0,02841737
0,01339435
0,02926549
-0,02239238
0,009494485
0,01546667
-0,01175889
0,002723421
-0,02642834
0,009345944
-0,02076398
-0,008607388
0,02189851
0,0203735
-0,01104225
-0,02537867
-0,003456632
-0,02824213
-0,01904238
-0,02888326
-0,02222779
-0,009356249
0,02005811
-0,005317048
-0,01941221
0,01780333
0,01198113
0,02148562
0,01491581
0,008586623
-0,0153873
-0,02176879
0,009999597
0,02143422
-0,003182978
0,02000471
0,01597572
-0,0009467889
-0,01547382
0,005440369
-0,01656728
-0,02221816
-0,000912577
-0,0001939236
-0,003527319
-0,01385444
0,02473922
0,01547604
0,009781367
0,00114369
-0,02781348
0,008630941
0,02130807
-0,01471338
-0,02329173
0,003506453
0,02434301
0,001958864
0,02505635
0,02212555
-0,03336571
-0,004915756
0,01794475
-0,007581533
-0,005639371
-0,02766196
0,01680318
-0,03203131
-0,01010104
-0,00241864
-0,01202923
-0,03349935
0,02189078
0,009733413
0,01298345
-0,0349863
0,02275907
-0,0136851
0,02371639
0,02683391
0,02338698
0,02703319
-0,01858929
-0,01534671
0,005149798
0,006239878
-0,01481792
-0,009192152
0,01297604
0,02270626
0,02510013
-0,02052534
0,003128808
-0,007452004
0,0002684722
0,01520398
-0,01146678
-0,02653095
-0,02361713
-0,01212048
-0,001005989
0,02201845
-0,007008595
-0,01885028
-0,02197574
-0,03008594
0,01766206
-0,01866164
-0,002684313
-0,02709696
0,003586884
-1,641065E-05
0,003783728
0,02858346
0,02319261
-0,02751013
-0,01036926
0,005960655
0,01659563
0,01596501
0,02024531
-0,004056457
-0,01485681
-0,003501921
-0,003591694
-0,02229355
-0,003234702
-0,0013035
-0,02099937
-0,02354811
0,01237278
0,01853754
-0,01736166
0,006247377
-0,004415716
-0,02915771
0,0004953741
0,02547196
-0,0285824
0,002544523
0,017972
-0,02822884
0,01937223
0,003586732
-0,02072152
-0,01302037
0,0009680669
0,003157407
-0,006798724
-0,01215078
-0,008195661
0,01012649
-0,01211527
-0,008840435
-0,001304658
-0,02796952
0,002349219
0,02166956
0,01003611
0,02736208
-0,004073897
-0,02105688
-0,03055396
-0,008629996
-0,01367804
0,01571058
-0,007396772
-0,02812255
-0,002616779
0,02390529
0,009510212
-0,006485508
0,004481077
-0,02116605
0,02236106
0,01580352
0,006905105
0,01879279
-0,01007521
-0,01461325
0,01382893
0,02700932
-0,02262976
0,01920027
0,01088551
-0,02767035
0,0004055515
0,01921381
-0,02575085
-0,007415363
-0,001760061
0,005311579
-0,01722144
-0,02646702
0,03023881
-0,002569129
0,02805239
-0,009228592
-0,02265549
-0,01758509
0,0197189
-0,005844574
0,02584869
-0,003628679
0,006230015
0,02675964
-0,02703365
-0,0321789
-0,00359857
0,01185968
-0,01135367
0,007674678
0,003297619
-0,004260003
-0,02098703
-7,676725E-05
-0,02324669
-0,01788124
0,01299314
-0,01306331
-0,00877958
0,00809258
-0,02958884
-0,02242471
-0,003807725
-0,02966159
-0,01840398
0,001345867
-0,01338806
-0,0003494369
0,02301763
-0,01538257
0,009610464
-0,02708459
-0,003643908
-0,008281647
0,02975222
0,005439603
-0,02323276
0,0134016
0,0290185
-0,001214942
-0,004177821
-0,007613524
0,02845011
0,01075815
0,02868986
0,01749897
0,01960728
-0,006108712
-0,01892368
0,008413938
0,004203656
0,01185874
0,01993753
-0,01993477
-0,009686899
0,01571094
-0,02596154
0,006325311
0,01255246
-0,009464972
0,008556711
0,02140111
0,01425248
-0,02956515
-0,03551675
-0,007956062
-0,03901285
0,01631923
0,006992072
0,0206666
-0,01980926
-0,03269657
-0,01188818
0,02257902
-0,01930019
0,007868307
-0,01620825
0,0140214
-0,02358009
-0,004137402
0,0187416
0,02677089
-0,01500156
-0,01626094
0,01243532
0,02748696
-0,01698139
-0,01522518
0,03053695
-0,01811813
0,001734881
-0,0001122677
-0,03112626
0,0006025824
0,01404593
0,001466203
0,002384268
0,01773025
0,001456857
-0,003256019
0,01411955
0,0260594
0,01315706
-0,0006108758
-0,00777874
0,0002970446
-0,01117356
0,03182788
0,0241836
0,008700848
-0,002332079
-0,01592522
-0,001243243
-0,02502252
-0,007342669
0,009953294
-0,001680434
-0,001057722
-0,006483945
-0,01654903
-0,01016022
0,01427164
0,02018825
-0,004933794
-0,02560106
0,009350955
-0,02596311
0,02185389
-0,02159329
0,01387979
-0,02108149
-0,004436175
-0,01904173
0,01065334
0,01306041
0,02547081
-0,01958267
0,01134381
0,016394
-0,01915001
0,008544052
-0,01241377
-0,0124841
-0,01168756
0,01075023
-0,01458856
-0,03152505
0,01440364
0,020983
0,02593596
0,02820879
0,02797051
-0,011908
-0,008875327
-0,02995738
0,02462359
0,03100771
-0,00609408
-0,006584373
0,006562693
-0,01714954
-0,0185779
0,002172165
-0,03190191
-0,01228689
-0,03233515
-0,03097796
0,0131473
-1,184768E-05
0,01377579
0,006772414
0,02468122
0,01581638
-0,01730767
0,0002440364
-0,02813439
-0,004216735
0,001787909
0,01666068
0,02405708
0,01122725
-0,01113615
-0,02493113
-0,01019316
0,01815516
-0,01884691
0,03086899
0,01753221
0,002784658
0,01139427
0,02490878
0,02131335
-0,01291712
-0,0294462
0,01488564
-0,01086286
0,003646192
-0,02541828
0,01608066
0,001041611
-0,0164881
-0,02595312
-0,02756413
-0,03003744
-0,0171749
0,02669729
-0,02401975
-0,02188877
0,01255544
-0,04069692
-0,007906912
-0,01197885
-0,009427628
-0,0163663
-0,04235217
-0,02861012
-0,01264058
-0,01005349
-0,005673241
-0,009138647
-0,0285026
-0,01749652
-0,01656495
0,01640161
0,02120156
0,02401183
0,01061003
0,01656688
0,001422155
-0,01554462
-0,00393765
-0,007792568
0,01711453
-0,01169409
0,0150355
0,004519594
-0,02131262
0,03041168
-0,0271538
0,01723088
-0,02822979
0,02160394
0,02622819
-0,001993562
-0,02256237
0,0005352215
-0,008209921
0,01611311
0,02891429
0,005571846
0,02792757
-0,0226028
-0,0001700335
-0,01189459
-0,009608766
0,0198389
0,0118544
-0,01690122
-0,02905497
-0,01809119
-0,01846667
-0,01780625
0,001243451
-0,01002413
-0,005594537
-0,0281806
0,006133409
-0,02202893
0,01406062
-0,003536804
-0,03834494
-0,0147192
-0,005504886
0,008971857
-0,006943617
-0,01144901
-0,009298034
0,02204897
0,01510403
-0,01227126
-0,004863592
0,02507206
0,02203089
0,02701416
-0,01092663
-0,01308034
0,01648888
-0,009330971
0,024513
0,0204851
0,01204256
0,01991586
0,01510199
0,005441817
-0,003959748
0,01132898
-0,02023356
-0,01021836
0,01797494
0,02407873
0,01588437
-0,02535071
0,02281222
-0,005890521
0,005121133
0,005791241
0,01317714
0,02130054
-0,03367094
-0,03216887
-0,0100817
-0,04294424
-0,009635903
0,0106624
0,02171099
-0,01395566
-0,007189782
0,004472413
-0,02177606
-0,01127331
-0,01266066
-0,01372166
-0,01129546
0,02591782
0,01911256
-0,02392532
-0,001374087
0,01372483
-0,01654341
0,004868156
-0,0276651
0,02922823
0,02768864
0,01762546
0,004130492
-0,01060268
0,02539726
-0,009280579
-0,01228802
0,007149718
-0,001625098
0,01942006
-0,01367357
0,01760035
-0,01240479
0,01223651
-0,01226864
0,02472109
0,004222434
-0,02963015
-0,01873025
-0,0001617873
-0,03091831
-0,005857327
0,001980451
-0,008583799
0,009417232
-0,03868096
0,001615947
-0,01600583
-0,02729631
-0,0368785
-0,002085756
-0,01219069
-0,03646937
-0,01152977
-0,03741835
0,006284325
-0,02208112
0,006560359
-0,002419738
-0,02331833
-0,01169832
0,001755954
0,01788237
0,002544422
-0,02501273
-0,0001550629
0,006606878
-0,02699813
0,02223833
0,0008564927
-0,02357061
-0,01561352
-0,004981032
-0,001146057
0,02235357
-0,006385162
-0,01914926
-0,02717245
0,003088077
0,0243118
0,008539255
0,01833746
-0,006454478
-0,009699514
-0,02032094
0,01686391
0,01664754
0,0198007
0,007252146
-0,001752886
0,006175117
-0,03881642
-0,01089585
-0,03133325
-0,02923888
-0,01301308
0,0006919449
-0,0354785
-0,01007544
-0,02344764
-0,01816965
0,003501059
-0,004369069
-0,008651987
0,01297926
-0,01343624
-0,03996981
-0,003095571
0,005517278
0,003291684
-0,005915065
-0,02512958
-0,02632068
0,0048308
0,001774559
0,002531993
-0,02165713
-0,006306591
-0,009084244
-0,01961886
0,01091812
0,02255769
-0,00369762
-0,01047884
0,01987096
-0,02368479
0,01378415
-0,008786225
-0,01066372
-0,005317724
0,009985972
-0,02477968
0,00386703
-0,01835095
-0,002444426
0,02666406
-0,01884101
0,01329384
-0,005968236
0,009769367
0,01480476
-0,01972257
-0,03206213
0,02294031
0,01717054
-0,004263512
0,0200435
0,01722409
0,0008533191
0,002552329
-0,02106797
-0,02320947
-0,005511285
-0,0284046
-0,005002449
-0,01073247
-0,028
-0,01853081
0,01224381
0,01200225
0,00503941
0,00585166
-0,0206684
-0,01309326
0,029248
-0,004908653
0,003180343
0,01903389
-0,02393875
-0,0001893191
-0,01078969
-0,006216718
0,02747789
0,003055354
-0,008429616
-0,004716096
0,01622461
-0,001543324
-0,004734473
-0,01037676
-0,02252826
0,01485565
0,01062128
0,01408136
-0,02185952
-0,009628372
-0,00454762
-0,01003738
0,009115793
0,0284736
0,01092862
0,0233819
-0,03248588
0,009993787
-0,03160834
-0,02262298
-0,03310975
0,009884298
0,0229173
-0,009231325
0,00989833
-0,03781421
0,004421691
-0,03342359
-0,01806357
0,01438866
-0,01660295
-0,02826699
0,01542177
-0,02583148
0,009515019
0,01034499
0,01811467
-0,002718959
0,005190391
0,02113355
0,02425626
-0,002667756
-0,02506528
0,006406711
0,02976087
-0,01380879
-0,02044738
-0,02160356
0,01498458
-0,008144984
-0,007212021
-0,01233726
-0,00350522
-0,01835457
-0,01081653
0,02186079
-0,003966248
0,02338073
-0,006534119
-0,0243464
-0,02984151
0,01353646
-0,002769931
-0,01523482
-0,03202166
-0,01440225
-0,005069071
-0,002331253
-0,02254516
-0,02937785
-0,03690923
-0,009840198
-0,04413646
-0,02802031
-0,02685446
-0,009171261
0,0003045622
-0,01894272
-0,01166907
-0,002387283
0,01670759
0,004841752
-0,0134091
0,02078109
-0,001919059
-0,02601551
0,01228957
0,01342127
0,01970782
0,02285133
-0,01390161
0,02582077
-0,02792929
0,0003401175
0,01730522
-0,021127
0,02989832
0,02252225
0,006011046
0,0102138
0,02090127
0,01036631
0,02817208
0,01425119
-0,0156569
0,02026979
-0,01542229
-0,01731857
0,02433792
0,01515492
-0,02440162
-0,02702445
-0,006528084
0,01911686
-0,02159015
-0,003682016
-0,0008595932
-0,005737479
0,008615511
0,01883212
-0,0003887816
0,008948375
0,00608008
-0,01129652
0,006799724
-0,03028502
-0,01328869
-0,01001179
-0,007189674
-0,02770002
0,00413581
0,02096828
0,01985937
0,02055225
0,01260562
-0,01786322
0,009643332
0,001673175
0,009492686
0,008713519
0,01697644
-8,863401E-05
0,02138762
-0,02493717
0,01153758
-0,0191166
0,0009572022
-0,01457548
-0,01081958
-0,01003371
0,01425107
-0,00424966
-0,02470194
0,006131298
-0,03217921
-0,02353916
0,02506167
0,006971688
0,02722853
-0,0269441
-0,01128636
0,01035683
0,01020646
0,01369053
-0,02600343
-0,0143258
-0,01001895
0,004744476
0,02801335
0,0258874
0,01343127
0,01982235
0,02238871
-0,03090888
-0,02899024
-0,02993122
0,009126517
-0,01161443
0,00292292
-0,003745993
0,007724857
-0,016404
-0,01729752
-0,02414178
-0,0109663
-0,01800822
0,01402335
-0,01991115
0,01670257
0,01265005
-0,01229425
-0,0261313
0,008322133
0,001852109
-0,01348949
-0,02872311
0,01307123
-0,02788961
0,02996585
-0,007758355
0,02513062
0,02589295
-0,01597779
-0,009210682
0,002764862
0,02273919
-0,004894191
-0,03117759
-0,006010589
0,01694257
-0,025843
-0,01025623
0,02579186
-0,009078803
-0,003937841
-0,02062858
0,0001802345
0,002757205
-0,01101387
0,0170503
-0,003118995
-0,02528467
0,01235398
-0,0116226
-0,0005479531
-0,0004505825
-0,02804449
-0,01279381
0,01799171
-0,0235074
-0,002847549
0,02303192
0,003669121
-0,01617446
0,009528412
0,01266582
0,02860189
0,0192836
0,001748364
-0,001825363
0,01237061
0,01446493
0,01060862
0,02789444
0,001765794
0,02722473
-0,02403724
-0,01836689
-0,02722001
-0,02459662
-0,003587091
-0,02478297
0,006784461
-0,02796133
0,01290075
0,01002594
-0,02618168
0,02421887
0,00826354
0,01507663
0,005133801
-0,02626177
-0,02261151
-0,008737884
-0,005102857
-0,01702838
0,009854234
0,004840572
0,01005972
0,008974422
-0,03177131
0,006909294
-0,03795126
0,01845642
-0,02146562
0,01204131
-0,005948849
0,01984358
0,01785509
0,006995553
0,006480927
-0,02808142
-0,01258982
0,00841653
0,005951924
-0,01483789
-0,01632323
-0,00058995
-0,003991971
0,02419865
-0,0001406051
0,02802427
-0,02771271
0,01427909
0,02067017
0,008207106
0,001721206
-0,01115636
0,0004531608
-0,01829695
-0,01792007
-0,005203284
-0,007048336
-0,01839477
0,0166397
0,005473158
-0,03131256
0,009839857
0,01458048
0,01452994
-0,02144891
-0,01979646
-0,02344176
-0,02429831
-0,02082718
-0,004293023
0,002977643
-0,01515986
-0,003305114
-0,04076861
-0,04115496
-0,02259198
-0,02643374
0,01976146
-0,01820309
-0,01883123
0,007687727
-0,01718244
-0,03617296
-0,00418603
-0,01211498
-0,02228972
-0,01260874
-4,828802E-05
-0,007047101
-0,02273468
0,006671202
-0,02185632
0,01846904
-0,03269275
-0,01763065
-0,002766246
0,01243599
0,007761928
0,009013049
-0,01394011
0,01872178
0,03024378
0,001985475
-0,0178689
0,02628247
-0,02448408
0,005646667
-0,009643216
-0,02677319
-0,03342111
-0,01888227
-0,001058423
0,02055749
-0,002134859
0,02316719
0,01094156
0,01107023
-0,01522661
0,0007608665
-0,0307472
0,02038127
-0,002174178
-0,001774249
-0,03650791
0,01878576
-0,003614207
-0,007853012
0,004195724
0,02432075
0,002572356
-0,006286607
-0,004921339
-0,026885
0,01980102
-0,005726191
0,00593064
0,01381632
0,01753472
0,009272289
-0,01277015
0,00587713
0,02503287
-0,003352199
-0,004978681
0,02833962
-0,02529898
-0,01959421
-0,01160204
-0,02931171
0,00148938
0,01716476
-0,007217505
-0,02333456
0,006163146
-0,009375283
-0,01824705
-0,008720828
-0,002521659
-0,02111782
-0,009895621
-0,001056208
0,02007041
-0,00644879
-0,009427801
-0,01014513
0,003632059
-0,01336591
-0,03129773
-0,02591853
-0,01779096
0,02226392
0,01236909
0,003746324
-0,02112984
-0,009107408
0,01358504
-0,0368557
-0,02715489
-0,03315021
0,01496529
-0,01505839
-0,02401304
0,001817785
-0,01869013
0,01177392
-0,03050978
-0,007331054
0,005385286
0,007468552
-0,01077505
-0,01007567
-0,01638182
0,005825335
-0,01403542
0,01558106
0,006641845
-0,003905088
0,02859041
0,02583412
-0,01101452
0,01785355
-0,02095502
-0,02032658
0,01376361
0,001550193
0,02399801
0,008545113
0,0222795
-0,02684201
-0,01086089
-0,02689212
-0,02267702
-0,006306217
-0,01666333
0,02030668
-0,02205466
-0,0173506
-0,02081346
0,01028991
-0,01078182
-0,0262517
0,01044498
-0,009223361
0,01974761
0,02197837
0,009145249
-0,02762982
-0,01553554
-0,009114164
0,01085264
-0,008843213
-0,0298862
-0,019991
0,01543713
-0,02412482
-0,01559651
-0,02582504
0,02826892
0,01758223
0,02718692
-0,005954878
0,002473623
-0,002462945
-0,0180988
-0,02238154
-0,02186931
0,02070244
-0,01037497
-0,0103033
0,002314798
-0,006411526
-0,01461703
-0,009821211
0,001852801
-0,02495666
-0,0267273
0,01330805
-0,01360783
0,01452255
0,01809363
0,00857997
-0,01848231
-0,007593837
-0,01934365
0,02201021
0,02909278
0,02217265
0,01031004
-0,01940731
0,01282411
-0,019087
-0,01148175
-0,005154286
0,0105416
0,02382816
0,002115287
-0,03026525
-0,04035487
0,00250784
-0,0007261179
0,01086277
0,01399528
-0,03087719
0,0212396
-0,004894659
-0,01361232
0,01620211
0,01401769
0,009269408
-0,02268751
0,004068192
0,02008886
-0,02340191
0,02763757
-0,0191306
-0,01962651
-0,02220516
-0,01588416
-0,008928361
-0,0172648
-0,01266779
-0,01862578
-0,01952427
0,009678438
-0,007010638
-0,02710173
0,02252526
0,005956226
0,00240939
-0,005821804
0,02060116
0,007239299
0,003149014
-0,03015629
0,0282773
0,01942609
-0,02473534
-0,008110533
0,0180167
0,005412412
-0,02712932
-0,0213124
0,03287676
-0,02520687
-0,03305493
-0,02438597
-0,03709599
-0,01740513
-0,006624571
0,005480855
-0,003719525
0,02422751
0,0100524
-0,002740759
-0,006219168
0,007707201
0,008433231
-0,00696064
0,00602564
-0,002680771
-0,004654857
-0,01614598
-0,02289174
-0,01792993
-0,01837232
0,02321235
-0,01667625
-0,0214043
0,031156
-0,008408293
-0,0247322
0,009488495
-0,002694019
0,0120172
-0,02841552
-0,02386788
-0,01714612
-0,02913771
0,0007444206
-0,03171813
0,0215061
-0,005841822
-0,02740456
0,02218061
0,03355903
0,02745306
0,01987267
-0,02452837
-0,002552044
-0,01965092
-0,02789298
0,004643456
0,02713054
-0,0106185
-0,01823541
0,02283949
-0,04162409
0,006581967
0,01498105
-0,02644823
-0,03547681
-0,04195395
-0,01617371
-0,03288772
-0,003148558
0,0152307
-0,004713749
-0,02775571
0,004585203
-0,002486599
-0,001507319
0,006148243
0,02429361
0,0006997869
0,003286967
0,02661969
-0,02525128
-0,01251613
-0,01344007
-0,01237686
-0,02490653
-0,0206019
0,008297376
0,01142463
-0,02101064
-0,006300827
0,01268356
-0,02588069
-0,00347217
-0,02912736
-0,02473987
-0,009198816
-0,0287885
-0,01881591
0,02752313
0,02583603
-0,02888585
0,02595787
-0,01833542
-0,02856084
-0,0156423
0,004411637
0,004095811
-0,02611944
0,01593566
-0,0006433885
0,006268471
-0,01185241
0,01528652
-0,02366853
0,01237046
0,00477402
-0,007927312
-0,003407794
-0,03278651
0,02402601
-0,01028661
0,0122226
-0,02708402
-0,01364336
-0,01964043
-0,005442548
0,01021932
-0,003916054
-0,01142603
-0,02571728
0,0005133804
0,008556394
2,332903E-05
0,009238634
0,02690805
-0,01956597
-0,02477951
-0,0217797
0,02358749
-0,007751635
0,004823333
-0,0002270152
0,02170897
0,003484374
0,008763019
-0,016969
-0,01836479
-0,02286315
-0,02548535
-0,01115761
0,01437011
-0,009927632
-0,02721511
-0,03405871
-0,008498661
-0,02127788
0,01888465
0,02061193
0,01913059
0,01869002
-0,03521953
-0,03150286
0,007039465
0,001936569
-0,03629368
-0,03391574
0,01591495
-0,02484853
-0,01856918
0,01396956
0,006560487
-0,009918978
0,01389457
0,01751735
-0,01182762
0,02192273
0,02229536
-0,005694228
0,004756317
0,02230764
-0,01975733
-0,001951709
-0,01012053
0,02493617
-0,0191615
-0,02764348
0,001551224
-0,003462872
-0,0204018
0,009351072
-0,01271907
-0,02755543
-0,0198865
0,0237842
-0,01197307
-0,000874733
0,009258431
-0,02313891
0,001363374
0,00550671
-0,01362895
-0,03067017
0,01870552
-0,008182509
0,009435878
-0,001384863
0,01226296
-0,01818594
0,00974027
-0,001440814
-0,0157364
-0,01121699
-0,01706272
-0,0364258
0,009468704
-1,98283E-05
0,004291565
0,01826778
-0,006572049
0,02778569
0,001345649
-0,001179687
-0,0315445
0,01266996
-0,005883658
0,001081297
-0,01667197
0,02011574
-0,005424601
0,01968557
-0,02210171
0,01386958
0,02298516
0,02607102
0,002942326
-0,02362942
0,008397778
0,02733579
-0,01773081
0,01228579
-0,009712333
-0,02185715
0,01305123
0,001575424
-0,01655973
0,0197032
0,009240579
-0,03331267
-0,02618399
0,01575346
0,01276243
0,01677982
-0,003453691
-0,002054682
-0,03067892
0,01321058
-0,03294452
-0,02804805
0,02428034
-0,02382142
-0,02756849
0,008445564
0,01722774
0,009674221
-0,00615267
0,007940715
0,001545299
-0,003076395
-0,001431891
0,009532129
0,0241229
0,0136414
0,009326177
0,02154586
0,008866377
-0,00407847
0,01785099
-0,002026082
-0,005486286
0,00631189
0,01616259
-0,02160477
0,0121381
0,008060253
-0,02321896
-0,008850258
-0,01991929
-0,008453823
0,02371003
0,01497252
-0,03039163
-0,003008264
0,03222104
0,02908967
-0,007802127
-0,002121245
-0,02242446
0,01559405
-0,02913661
0,005173021
-0,01800588
-0,01729354
-0,0008070355
-0,003343391
0,02237276
0,0176889
-0,03309193
0,0030164
0,01014335
0,001588095
-0,04047675
-0,005598928
0,004110887
-0,02217159
-0,008741422
-0,02726644
-0,02226769
-0,01506882
0,01063647
-0,03006954
-0,002099101
-0,0168169
0,005307787
0,01570977
0,006863029
-0,003179545
0,01808057
0,009741897
-0,005352415
-0,02024238
-0,01865828
0,02563785
-0,00799119
0,01971678
-0,008014296
0,001528973
0,01050657
-0,01434397
0,0191597
-0,01884321
-0,01698933
-0,002306008
-0,002486013
-0,01736864
0,01023786
-0,004032693
0,01056002
0,003713342
-0,005667401
-0,02237886
-0,0212583
0,01491585
-0,03209658
0,02432312
-0,02999193
-0,03692873
0,004278149
0,001994762
0,01057143
-0,01467071
-0,03354495
-0,01505422
-0,02475873
-0,0008319431
-0,0128129
-0,0362814
-0,02447009
0,01462774
0,02473108
0,02063827
-0,00772688
0,02295196
-0,002227101
0,0001507937
0,01901925
-0,03286628
0,01197377
-0,01325784
-0,02767333
-0,02231125
0,01329991
-0,01933751
-0,02275194
-0,02078752
0,0225586
-0,01131741
0,0214952
-0,00625192
0,016477
-0,009398531
0,01851771
0,02785647
-0,007958736
-0,005420834
-0,02688496
0,01540072
-0,01869704
0,01734623
0,008516846
0,003294084
-0,01909106
0,01459374
0,0003035371
-0,00640827
0,006966413
-0,01798174
-0,01307215
-0,007539393
-0,03255741
-0,03741439
-0,02563569
-0,02016822
-0,004302242
0,001530954
-0,0002502869
0,02139881
-0,01812233
-0,03464446
0,01917651
-0,02200837
-0,01896433
0,01686426
-0,02399136
0,008614373
-0,03053684
-0,004951538
-0,002263305
-0,02761313
-0,002599185
-0,02665887
0,01836339
0,02489712
0,003131957
-0,004170153
0,02406025
0,0264022
0,005640763
0,0008921564
-0,01028187
-0,002213036
0,02568925
-0,01001795
-0,01433428
0,01000607
-0,02872868
-0,002710511
-0,01059096
0,01075492
0,01380534
-0,02827924
-0,006166492
-0,02344452
0,02550393
0,0004701918
-0,01850409
-0,01666114
-0,000614117
0,02240996
-0,004779201
-0,01899277
0,01738846
-0,02429986
-0,04344065
0,0210193
-0,0252633
-0,01518105
0,007560102
-0,02591869
0,01016906
0,01357648
-0,01101168
0,01749909
0,0132511
-0,01384885
-0,01921561
0,0220199
0,0005083348
-0,007547384
0,004195036
0,006338179
-0,0225485
0,01377015
-0,01417945
-0,007436614
0,01087475
0,01308606
0,02800778
0,02864402
-0,02729623
-0,003024826
-0,01453425
0,004457067
0,02667937
0,0258911
-0,00252
0,003425234
-0,01549754
-0,01744327
0,001089008
0,006573631
0,004910531
-0,02584588
0,01997248
-0,03062579
0,008886387
0,001110027
-0,01839911
0,004085253
-0,01257892
-0,005037436
0,01930164
-0,02102834
-0,02014077
0,02107856
-0,02290235
-0,03357328
-0,03761632
-0,0002194019
-0,01902081
-0,001533217
-0,006388095
0,01807762
-0,02441968
-0,01200484
-0,005790632
0,009487992
0,01891709
0,01638776
0,01895367
0,007932559
0,005184876
-0,01587304
0,02467293
0,02846559
0,02915337
0,02850427
0,01692338
-0,01774403
0,004142725
-0,02807973
-0,01094928
-0,01117398
0,004887675
0,0009598208
0,001621602
0,02835745
-0,01863574
-0,03358575
0,01409945
-0,01594641
0,00379505
0,009434735
0,0284068
-0,03470218
-0,02157716
0,01305089
-0,03292208
0,007414631
0,003972236
-0,03339543
0,01472116
-0,0001197012
0,01408525
0,008868371
0,01528865
0,002574121
-0,01728522
-0,01218841
0,01894456
-0,009894646
-0,007699131
0,01766006
-0,03168483
-0,01652227
-0,02835209
-0,02743121
-0,01933369
0,002037079
0,0155593
-0,003239015
-0,004741186
0,01834599
-0,02208019
0,005126665
-0,0222016
0,0266175
-0,01432217
0,02202634
0,01246109
-0,02258955
0,02478581
-0,02271128
0,002401511
-0,005331114
-0,02052009
0,01277667
-0,00234181
0,01752051
0,007270519
0,0179109
0,005389698
0,02094596
-0,02707459
-0,01368903
0,01495021
0,004248482
-6,200285E-05
0,01036744
0,02232049
-0,02210989
0,002499302
-0,005237403
0,01541859
-0,02856787
0,004080334
-0,03372318
-0,006651174
-0,02359144
0,002348346
0,0279069
-0,007976083
-0,002224888
0,004927155
0,01050949
-0,01186974
-0,01308694
-0,01790235
0,004067731
-0,02387406
-0,007172505
0,0001588698
-0,007692238
0,02788319
0,0294205
0,02109291
0,004656755
0,01371678
0,01219635
0,01436464
-0,004331967
-0,01170736
0,003122435
0,02924781
0,001471164
0,002481837
-0,005298188
-0,01680621
-0,0141407
0,0130781
-0,02306128
-0,01219339
-0,01093238
-0,01890787
0,002767714
-0,01120876
-0,03152484
-0,02482005
-0,01235108
-0,03269716
0,001839374
-0,01295894
0,01666804
-0,006543978
-0,01754318
-0,007217973
-0,02320774
-0,001821354
0,02090032
-0,009902189
-0,02708176
-0,009872415
0,01762046
-0,006817248
-0,02493998
0,007125605
0,01993019
2,054286E-05
-0,02526484
-0,01334351
0,02404403
0,02663003
0,02146556
0,02376238
0,02986959
-0,01965268
-0,01699924
-0,02381838
-0,01236113
0,002688146
0,01101797
-0,00878699
-0,003545034
0,006469247
-0,01687218
-0,02847092
-0,005660587
-0,03200405
-0,003169935
0,01868591
-0,0146787
0,02152384
-6,314842E-06
-0,025573
0,009052432
0,01853364
-0,005590481
0,01936804
-0,02715847
-0,03733429
-0,002766078
-0,0008232723
-0,03463848
0,02307039
-0,03946021
-0,003410236
0,0008661998
-0,02913017
0,005015723
-0,01515112
-0,005416102
-0,02197459
-0,01909488
-0,011443
0,004182821
0,01127496
0,01781455
-0,02697545
-0,01687652
-0,02382906
-0,01576926
0,01854913
0,02673227
-0,01445443
-0,02768354
-0,02969064
8,709972E-05
0,01683528
-0,01713815
-0,02369428
0,009591053
-0,01086027
-0,03054064
-0,01542986
0,02692385
-0,02537022
-0,008201771
0,0003662398
-0,003113703
0,005138791
-0,003064448
-0,01109719
-0,006618409
-0,02049723
-0,00443594
-0,02403192
0,0132267
-0,02259634
-0,005158026
0,02245921
-0,03268831
-0,01339335
0,004927532
0,02527587
0,004992355
0,00744857
0,003886464
0,007499693
0,02095634
-0,02937605
-0,03150186
0,01471842
0,01655844
-0,0003439551
0,006203302
-0,0294204
-0,02624771
0,02399255
-0,01098769
-2,847434E-05
-0,01037313
-0,01090422
0,003470622
0,005396211
0,01080442
0,02829746
-0,007135614
0,01139853
0,0166314
0,02475634
-0,01233483
-0,01140708
-0,01242189
-0,01274806
-0,02501946
-0,01173198
0,01165458
-0,02708968
-0,0004301484
-0,02166547
-0,006672548
0,0006133491
0,004115002
-0,007709336
-0,0002671487
0,003744252
-0,01049824
0,02590721
0,01153452
-0,008065214
0,02890086
0,01103869
0,01510622
0,02021751
-0,008521239
-0,003820636
0,006168845
-0,03443029
-0,02595524
0,006026958
-0,01193639
0,01887532
-0,03466256
-0,02509991
0,02170493
0,01143162
-0,001582049
0,006489452
-0,006192408
-0,01295735
-0,01006271
-0,02668647
-0,007624899
-0,02102081
-0,02521931
0,01835684
0,01733863
-0,02135046
-0,02896499
-0,02914222
0,00210268
-0,006170322
-0,03129899
-0,009516343
0,02358362
0,005952299
0,004825066
-0,006910961
0,009865599
-0,008789306
-0,004573109
0,005211548
0,01515721
0,01320299
0,01859003
0,0005559667
0,002201124
-0,004350626
0,006070741
0,01728427
-0,02703907
0,008845339
-0,004239046
-0,02024315
-0,04505238
0,01414868
-0,01951359
-0,003316909
0,008720109
0,002904217
0,02088893
0,0008402237
0,02764631
-0,01729592
-0,01400254
0,02856572
0,0265091
0,006141205
-0,02511235
-0,01698428
-0,02010725
-0,0274363
0,01994754
0,02917121
0,01907868
0,008322475
-0,01171928
0,01008539
-0,006446934
0,008007577
-0,01555965
-0,01637072
-0,00174833
-0,02464173
0,01706165
0,009005621
0,02507489
0,007967554
-0,01465627
-0,03368294
-0,02141824
0,02382091
0,0001357753
-0,03569788
0,004006224
0,02491345
0,009120693
-0,009122595
-0,006590265
0,01413071
-0,008008569
0,0172007
-0,008126175
-0,01189018
0,004299012
-0,03172984
-0,03712101
-0,004772785
-0,01158552
-0,02293104
-0,009267091
-3,153126E-05
-0,02235613
-0,02356844
-0,003805126
0,006722846
-0,02148106
0,01887733
-0,005512854
0,003267388
-0,02803084
-0,01577154
-0,01241756
-0,02507539
0,02928189
-0,01907646
-0,002301338
0,01978425
-0,002805695
0,02939891
0,02670797
0,01694986
-0,02222851
-0,0001246283
-0,02690747
-0,01422873
0,01727454
-0,02911713
-0,007392482
0,005839343
0,00571465
-0,01212479
-0,02690925
0,0258236
-0,005661647
0,002201932
0,01228463
-0,01106896
-0,003263093
0,02056166
0,0002857057
0,01405081
-0,03330238
0,02008653
0,01097263
-0,02310033
-0,0005698496
-0,01701976
-0,01498002
-0,01647483
0,0007525147
-0,02567557
-0,03013328
-0,001410062
-0,004499611
0,01624328
-0,003950068
0,00932177
-0,02946569
-0,01916117
0,02126112
-0,02902934
-0,00919572
0,01581387
0,02495161
0,01283418
-0,02208889
-0,007997188
0,009901352
-0,005028076
-0,00371407
-0,02898985
-0,01189689
0,002119392
-0,01356925
-0,02925755
0,00932727
-0,0204305
0,01481181
0,02096387
0,005492297
-0,007016738
0,006849339
0,03019968
0,02765281
-0,002060987
-0,02614813
0,002895025
-0,008665142
0,001537961
-0,03249269
-0,0257981
-0,01603544
-0,02138648
-0,04114922
-0,005928298
-0,01277206
-0,02229948
-0,04500964
-0,03890737
-0,03034259
-0,02050725
0,01199558
-0,03279111
-0,02885974
0,006373716
0,01793853
0,001785658
-0,01983751
-0,009228183
-0,02499483
-0,01495557
0,0227578
-0,02137497
0,004865167
-0,002935582
-0,00476288
-0,006769151
0,01730865
-0,003534653
-0,0006263052
0,001831662
0,02253184
-0,02762987
-0,0111028
-0,01355894
0,004708847
-0,03276721
-0,0004242864
0,01261417
0,0039619
-0,00564456
-0,01388489
0,009450602
0,01971304
-0,001516688
0,01044037
0,01221566
0,01993817
-0,01848974
0,003707706
0,007275428
-0,01021664
-0,03221392
-0,01042169
0,007693923
-0,03630754
-0,03203929
-0,001131749
-0,00291015
-0,02430876
-0,02372088
0,001532766
0,00468785
0,003581174
0,001997039
-0,01200384
0,005738988
0,004997623
0,01005554
-0,03288416
0,02005262
0,03038573
0,001220136
0,02116389
0,01622859
-0,02714414
-0,02034947
-0,009889454
-0,02044119
0,01479421
0,01954832
-0,00120084
-0,005971342
0,01867529
0,01154389
-0,02402365
0,01712312
0,00636973
0,004519263
-0,02445022
-0,002075538
-0,007416252
0,02838862
0,00799671
-0,004168633
0,01836458
0,007247734
-0,02981353
-0,02319887
-0,03944653
-0,03690263
0,0230067
-0,02813519
-0,01889723
0,005547625
0,002447315
0,009570675
-0,02488564
0,003321823
0,007472499
-0,0280388
0,0265529
0,003912062
0,01705399
-0,01520961
0,004385471
-0,02759097
0,008901379
0,01753648
-0,003584755
0,005330056
-0,02846552
-0,02831309
0,007401354
0,00455422
-0,0002960102
-0,02995219
0,02765497
-0,004917691
0,02739732
-0,002903342
-0,02895317
-0,02809597
-0,02495072
0,00680832
0,01681056
-0,01457938
-0,02416536
-0,0232028
-0,02746888
-0,01512556
-0,003982567
0,01829345
0,02248341
-0,03304283
-0,005599924
0,007392168
-0,03153208
-0,02946827
0,009165647
0,006187521
0,02483748
-0,02221308
0,01452243
-0,01090292
-0,03742218
0,0162567
-0,002599583
0,009936147
-0,01435617
0,01162245
0,03014526
0,02223229
0,01453084
-0,0165071
-0,02920184
0,01877588
-0,01077744
-0,02662505
0,0003145268
-0,009776669
0,02605385
0,004123077
0,01345728
-0,02229521
-0,02717734
-0,02228077
-0,02290048
0,005897078
-0,02645112
0,01309292
0,01983076
0,01421587
0,007610466
-0,02070768
-0,005939874
0,005521925
-0,01787788
0,01301909
0,009178644
0,02460416
0,0142899
-0,01212858
0,01533875
-0,02058762
-0,0188837
0,01163435
-0,02081106
0,006078299
0,03206526
0,008631658
-0,008728398
-0,03388593
0,003216826
-0,0162048
0,005600451
-0,02173393
0,001416725
0,01072975
-0,01302259
0,01929847
0,02393644
0,03216462
0,005606784
-0,002391608
0,02480945
-0,02067926
-0,02307839
0,001804036
0,01750499
-0,008763744
0,002762743
0,00846103
-0,004143713
0,009870331
0,009488199
0,003574773
0,0122832
-0,008659263
0,01695678
-0,009407814
0,02713953
-0,001385764
0,00573815
-0,009486949
-0,01341266
0,01255201
-0,02833597
-0,01664248
-0,006190755
-0,02583039
-0,03243695
7,342954E-05
-0,01499856
0,009581744
-0,0314109
0,009953106
0,01319167
-0,01104078
9,285113E-05
-0,02778804
-0,003408893
0,004174853
0,01037402
-0,005016343
-0,03144844
0,007423421
0,006023027
-0,03648598
0,000519306
-0,01983483
0,004926947
-0,02009811
0,01844085
-0,03136899
0,02408876
-0,01114708
-0,01273894
-0,01310379
-0,0213624
-0,02452384
-0,02283426
0,02580975
-0,02227333
0,0141839
-0,00838116
-0,02962113
-0,01385097
0,007278633
0,00820028
0,02332535
0,01805135
-0,01435788
0,02059319
0,007932363
0,02095435
-0,01244873
-0,0001600871
-0,03159095
-0,02022981
-0,002043072
-0,0247974
-0,0376652
-0,01066259
-0,02767411
-0,01436086
0,01085962
0,004655486
-0,009955622
0,0172305
-0,003702449
-0,01230345
-0,01130122
-0,03345889
-0,02452213
-0,03162811
0,005836866
-0,00320266
-0,02789524
-0,0205682
-0,02042606
-0,004235704
-0,03349036
-0,01043345
0,02076226
-0,005811185
-0,01221011
-0,008260962
-0,01604561
-0,02110939
0,005128362
0,01291938
-0,01099539
-0,02540392
0,007874911
0,02876497
-0,02318968
-0,006198158
0,02629895
-0,0118235
0,004264439
-0,01043683
0,02144404
0,01144047
0,02459211
-0,003543188
-0,006767972
-0,02508392
-0,004838619
-0,003962265
-0,02844689
0,01395275
-0,005489083
0,01120688
-0,02890003
-0,03387642
-0,02281377
0,001364136
0,001502625
0,01193624
-0,03792287
-0,02034711
-0,0134758
-0,03066593
-0,02973302
0,02122247
-0,0276106
-0,01435141
0,00523334
-0,006880451
0,02916311
-0,02215839
0,0006182101
0,01608918
0,008518179
0,01578689
0,003832182
-0,01779079
-0,005332123
-0,008984455
-0,03074992
-0,01721817
0,02611123
0,01312214
-0,02838476
0,01772547
-0,01617616
0,004325411
0,02905251
0,001386692
0,01875839
-0,001385877
0,01087527
-0,023845
-0,01806727
-0,01831639
0,02535344
0,01327347
-0,007865257
-0,03471477
-0,009134842
-0,02750778
-0,006552732
-0,03368754
0,006807917
0,02834031
-0,02034923
0,005181056
-0,02917496
-0,01807581
-0,009468916
0,01124048
-0,02630628
-0,02480064
0,009932582
0,01328384
-0,005457552
0,00673506
-0,0275314
-0,000312621
0,008478622
0,001092732
-0,009328165
-0,03049484
0,006208549
-0,00524647
-0,0006891361
-0,005797153
0,002440309
-0,009458963
0,02151039
0,02245336
0,02066566
-0,005681803
-0,0264205
0,02946677
0,01108644
0,02357878
-0,02777453
-0,0283596
0,002354272
-0,0005972124
-0,0071225
0,007813582
-0,02928187
0,02394322
-0,01209124
-0,0007354735
-0,009569746
-0,008085244
0,02268351
-0,02029439
0,000135311
0,02404177
-0,008253113
0,0219977
0,0096133
-0,007256997
-0,01209833
-0,0267484
-0,01707779
0,005236172
-0,0368033
0,004216629
-0,003942589
0,00361683
-0,03235389
0,01171439
-0,02787708
0,01487788
-0,02236789
-0,003949462
0,004895724
-0,02617104
0,02815736
-0,02202467
-0,02789519
0,009353998
-0,03067802
0,009450518
-0,02177447
-0,02791667
-0,02569442
-0,01865649
0,002892165
0,009484286
-0,01148446
0,02753691
-0,02575006
-0,01661265
-0,01398344
-0,0221117
-0,004660563
0,01923239
0,003375367
0,01261428
-0,004774264
0,0126424
-0,01635826
-0,006972409
0,02319845
-0,006415556
-0,02104798
0,005421907
-0,01713055
-0,01407439
0,001200706
-0,01721097
0,01541456
-0,03047493
0,007708362
0,021263
-0,01417972
0,009428659
-0,03181514
-0,01125884
0,01131325
0,02129961
-0,024269
0,021836
-0,009182185
-0,02925504
0,008280151
-0,03093717
0,001878948
0,0277964
-0,02929824
0,01825495
-0,0002947492
-0,01593809
0,01337263
-0,006865586
-0,0008144405
0,006479899
0,01698331
0,01125396
0,01754877
0,0005071019
0,02710405
-0,01796824
-0,0271556
0,01965833
-0,02898556
0,02301926
-0,001460913
-0,01024605
0,0089685
0,009679129
0,015096
-0,02407631
-0,02950193
0,0003775113
0,0002663371
-0,00390063
-0,0239046
0,01040807
0,007953274
-0,02372714
-0,0365502
-0,02264004
-0,02236063
0,008322109
0,01309731
-0,0005602002
-0,01122788
-0,0149318
-0,001299754
0,0167417
0,02313871
-0,007318911
0,007904787
-0,02142031
0,02425115
0,03095296
0,01270238
-0,003905706
-0,0318696
0,01541818
0,001712507
-0,02109136
-0,01214953
-0,007221449
-0,02793646
-0,008365067
-0,01563807
-0,01760828
0,02403942
-0,02728271
0,001025637
0,02858773
0,02494091
-0,0009081945
-0,006666994
0,007360852
0,02625732
-0,007196066
0,02959765
-0,007324925
-0,002511411
-0,02609511
0,02107172
0,01692145
0,01128547
-0,008261411
0,0003290582
0,01866957
0,004467451
-0,004948431
0,003521437
0,002728695
0,0100019
0,02381303
0,004520349
0,01437905
0,02310517
0,01843573
0,009010798
-0,004990046
-0,006678089
-0,0179355
-0,002784069
-0,009779854
-0,01161354
-0,03042544
-0,008893694
-0,02894635
0,0138708
-0,01713453
-0,03069253
-0,01245173
-0,001566072
0,005175448
-0,01209643
-0,006155399
-0,01123296
-0,001021861
0,009157073
0,007874241
0,0219543
-0,0009479944
0,009277072
-0,009166905
-0,01333917
0,0212176
-0,02366896
0,02704769
0,01639916
0,003921444
0,0144599
-0,02453417
0,01177161
-0,00648621
-0,02980617
-0,01655244
0,009870695
-0,006354885
-0,002369821
0,01692038
0,02751542
-0,01574217
-0,04243721
-0,02731676
-0,01286773
-0,01780418
-0,0294769
-0,02217533
0,001434462
-0,01785191
-0,001487242
-0,004214871
-0,01886686
-0,03078455
0,008697499
0,02172032
-0,001803073
-0,03101213
-0,02508174
-0,003082889
0,01587038
-0,005094559
-0,01494788
-0,01953935
0,005051332
0,02548366
0,008932
-0,02534313
0,003101629
-0,02783254
0,01465834
0,02560513
-0,02966471
0,02454098
0,007576469
-0,003523997
-0,002429149
-0,00320995
0,02552165
0,02457674
0,01406736
-0,03124836
-0,01014055
-0,0002033004
-0,03002108
-0,01903148
0,02173697
0,008208255
0,01299532
-0,02106345
0,009313416
-0,00437941
-0,02735329
0,009948581
0,0125087
-0,009421246
-0,03333073
0,007200808
-0,006193605
-0,009356601
0,006920011
-0,03098048
0,005433851
0,00208231
0,0009647665
0,006273161
-0,007772839
-0,01676579
-0,007123578
-0,01881507
-0,006249132
-0,02359908
-0,02298174
-0,01939261
0,01525194
0,02020714
-0,02404911
0,01549428
-0,01889373
-0,009055452
-0,02854387
0,02973306
-0,009325431
-0,00549876
-0,01151736
-0,02240366
0,006359465
-0,02189304
-0,02900087
-0,02674732
-0,01381775
0,01325226
0,009725739
-0,01465267
-0,024148
0,004464492
-0,01055785
0,01348913
0,02242892
-0,009772406
0,006665238
-0,01016695
-0,0283198
-0,01609632
-0,001605847
-0,005486233
-0,006652633
-0,03820027
-0,03632118
-0,0324488
-0,01071524
-0,01022793
0,005221346
-0,01511027
0,002729304
0,01238367
0,007908807
-0,01675729
-0,01508137
-0,006655331
-0,0322458
-0,01191387
-0,01582381
-0,01230408
0,0275526
0,01511848
-0,003578031
0,01751365
0,02959016
-0,02669528
-0,002830554
-0,009662221
0,0187044
0,01964413
0,004265363
-0,003050672
0,01635799
0,02149699
0,01261124
0,01911855
0,01160399
0,0006872539
0,02048671
0,02645152
0,00762717
0,01725852
-0,03023698
-0,01373833
0,01436961
-0,004694805
0,02363066
-0,02458109
-0,00537101
-0,006889462
-0,01742752
-0,01300341
-0,01274057
0,02240113
-0,008617111
0,02276911
-0,02756328
0,00979613
-0,02485231
-0,02640513
0,004471111
-0,02455416
0,004702359
0,01817568
0,01532452
-0,02512443
0,02465703
0,02251502
0,004202632
0,0012847
0,01858273
-0,0008921084
-0,005094891
-0,0123429
0,006918775
-0,02421607
0,01100172
-0,02461262
0,02874645
0,002410991
-0,02493294
-0,008083151
0,02466227
-0,01081373
-0,00147067
-0,02216496
-0,02595615
0,01422132
-0,01461155
0,009468386
0,001795716
0,01883813
-0,01162227
0,009745887
-0,01597964
0,003073748
-0,01961262
-0,01891928
-0,004730537
0,005794766
-0,009540247
-0,03328652
-0,003790567
0,02350584
-0,002381802
0,007854175
-0,03774595
-0,02764839
-0,01457406
-0,007329265
-0,01216704
-0,02847161
0,01129049
0,006281269
-0,02521615
-0,01543051
-0,01661961
-0,01407853
-0,008397154
0,01086076
-0,02909805
-0,02050291
0,003576761
0,02355208
0,02353973
0,02033349
-0,02554671
0,008444566
0,02888576
-0,02883146
0,02046117
-0,00162259
0,004483971
-0,01039983
-0,02431386
0,03295561
0,01653184
0,02042791
0,004621021
-0,001060368
-0,02916932
-0,03984786
-0,01561679
0,01602441
-0,01627964
0,003086457
-0,01756427
0,01383982
0,003656126
-0,03782305
-0,02292812
-0,0382414
0,01586918
0,01710929
-0,000408262
-0,02241112
-0,003716884
0,007681539
-0,02933702
0,02091663
0,01974304
-0,007793065
-0,027315
-0,01187174
0,005621208
0,02172584
0,002136202
-0,003197869
0,0004392752
-0,02513188
0,001938355
-0,008304771
0,008526176
0,01988251
0,003619751
0,02666715
0,01156844
0,01116103
0,0007521489
-0,01310802
0,006374989
-0,008992041
0,02800511
0,02614716
0,0133993
0,01658337
-0,002354469
0,0005680539
0,005371128
0,01648113
-0,005016227
-0,02877369
0,01108357
0,01394952
0,01835048
0,01832493
0,02655533
-0,02972897
-0,03202987
-0,0166553
-0,03302498
0,01750714
-0,01419036
0,001818952
-0,008640248
0,01500385
-0,01303216
-0,0313721
-0,01364083
0,01458317
0,01044968
0,02561132
-0,02053507
0,01716185
-0,01011107
0,003826877
-0,0007843979
-0,0189384
0,005188171
0,01994811
-0,006157262
-0,0295823
0,02419982
0,01690164
0,008686979
-0,002953123
0,004038318
0,02311353
-0,02453328
0,02099935
0,03110059
0,003611427
-0,005111279
-0,0267142
-0,01524147
0,01376603
0,0214642
-0,01938279
-0,009980102
0,01592159
-0,005396287
-0,005616511
-0,02337273
0,0144102
-0,02250492
0,008757045
0,02380357
-0,03576912
-0,01054803
-0,02741954
-0,0221377
0,01451157
0,006532197
-0,008233354
-0,03221944
-0,04049844
0,02125166
-0,005091708
0,02377641
-0,03154211
-0,008320937
0,002936571
0,030487
0,003327241
0,02207812
-0,02136145
-0,002477891
-0,02188467
0,002194692
0,003274099
0,007095996
-0,01925552
0,01715713
0,01972393
-0,0057993
0,0286155
0,02060661
-0,02307266
0,01120063
-0,0265308
0,0004759171
0,002547537
-0,003546563
0,02611593
0,002673805
-0,02401863
0,02378409
0,02824663
0,02946999
-0,01661462
0,01699761
-0,01095037
-0,0215854
-0,01133978
-0,007979781
0,02839313
-0,001270004
0,003131484
0,02421138
0,02363175
-0,03298036
0,01270591
-0,004511138
0,02609496
-0,0008340885
-0,03237793
-0,03189889
0,01255486
-0,03339203
-0,02805848
-0,01631497
0,02387927
0,02342937
0,0304011
0,007484579
0,02689262
-0,02154028
-0,02322613
0,02844732
0,01314342
-0,01388694
0,0004018056
-0,02041914
-0,01358681
0,01274179
-0,01916184
0,02397423
-0,004493863
-0,002850675
0,0002881219
0,0008049417
-0,01778316
-0,01876532
0,01231862
0,02520431
0,009962745
-0,03222291
-0,007928721
-0,009832744
0,001130339
-0,03298309
-0,02956623
0,02181563
0,01333138
-0,03340815
-0,03416852
-0,001986371
-0,02153142
0,008380595
-0,002597114
0,00968532
-0,01783567
0,00152984
-0,01772807
0,00651716
-0,004568635
0,003793317
-0,01400787
-0,0190235
-0,009140526
-0,01894938
0,008148142
-0,005905799
0,004352081
0,008284704
0,03127921
0,01267609
-0,01549427
0,02990507
0,02245784
0,02076133
0,01173005
0,01476565
-0,001464401
0,01004623
-0,01933698
0,004311285
-0,01215193
-0,01543768
0,01396094
0,007060837
-0,0001314387
0,008100451
0,02256123
0,01144648
-0,02042049
-0,0006928401
0,01977788
0,02535296
-0,009359772
-0,03263626
0,01778745
-0,01498926
0,02711974
-0,01454176
-0,009093654
-0,0002472656
-0,02139501
-0,02905528
-0,03401699
-0,01927367
-0,01587729
-0,01487554
0,02555594
0,01167578
-0,02537267
0,006304932
-0,01616146
0,003912619
0,00385285
-0,02551817
-0,001931023
-0,02366626
0,001815699
0,01599517
0,009494905
0,02887766
-0,00145427
0,02346431
-0,003235196
0,0007010444
0,01767333
-0,01211479
0,01212748
0,02052842
-0,02556598
-0,0005861847
0,01820229
-0,01706338
-0,0156333
-0,005198379
-0,01849717
0,02924149
-0,02352885
-0,01010667
-0,01394583
-0,02171212
0,0119222
-0,01673756
0,005805968
-0,0007175992
-0,01332936
-0,009495586
-0,007565944
-0,01380205
0,005285974
0,01009909
0,007016355
-0,02359699
0,002308088
-0,008565034
-0,02177008
-0,01022929
0,01960085
0,002906373
0,002537695
-0,02934712
0,01038428
-0,0226713
0,00939727
0,00879708
0,02471433
-0,02711536
-0,008008783
-0,02450623
0,02399181
-0,005346998
0,0240951
-0,02109886
-0,00427736
0,0009941751
-0,01336551
-0,01243252
-0,01199398
0,02487406
-0,01661628
-0,002503891
0,02313318
0,0004066155
-0,01611619
-0,01004468
0,02184035
0,002384431
0,001648763
0,01609096
-0,01973398
0,01077242
-0,02451838
0,004863661
0,01888921
-0,01476516
-0,003153892
0,003834777
-0,0003718846
0,02648809
0,004978636
-0,01982724
0,0273029
-0,01508946
-0,01550437
-0,02154404
0,01534128
-0,006029599
0,01433401
-0,02521341
-0,02339214
0,02667613
-0,01907684
0,03157935
-0,006122367
-0,02549343
-0,01916754
-0,01608302
0,0254648
-0,01118263
0,02012009
-0,01057907
-0,001397741
0,001624897
0,02386082
-0,0181278
-0,0126929
-0,01077653
-0,01087076
-0,02004547
-0,02906633
0,008646213
0,01332374
-0,007572892
-0,01194652
0,02986129
2,931496E-05
0,004340058
-0,02405911
-0,03037192
0,004227773
-0,01169834
0,01519495
-0,007317022
0,004534925
-0,02392243
-0,007728091
-0,02642527
-0,02092526
0,01134146
-0,03045887
-0,01932221
0,01188419
-0,01450507
-0,02433639
-0,01254064
0,00866769
-0,001894623
-0,001710833
-0,01756803
0,02991663
0,001172968
-0,01650723
0,005729034
-0,02394673
-0,0005954191
-0,0140433
0,02153019
0,01148032
-0,005884955
0,009555907
0,007162552
-0,02252294
0,02205018
0,01447715
-0,0009923964
0,003039438
-0,02711143
0,0241142
0,01006076
0,01264348
-0,02404654
-0,02573699
0,005059933
-0,02620457
0,01464236
0,02248911
-0,006435487
-0,01838652
0,02840212
-0,01584834
-0,02606905
-0,02016336
0,0272428
-0,02562299
-0,03433961
-0,03065621
-0,024621
-0,01494412
-0,02874008
0,02382451
0,006729669
-0,003830662
0,0220776
-0,02310265
0,000510807
-0,02190038
0,0233022
0,006482658
0,01543135
0,02110975
0,01144048
0,003297435
0,01808457
-0,002260438
0,02102155
-0,001370167
0,009516243
0,00627883
-0,007144146
0,01017082
0,02103679
0,00998615
0,01282985
-0,02277243
0,005659326
-0,003471666
-0,02000232
0,01662835
0,01279298
-0,009822648
-0,008317132
0,01285795
0,01728429
0,01117148
-0,0249864
0,006464861
-0,01899182
-0,004366602
0,001673159
0,003609668
0,03335828
0,02460595
0,001401515
-0,02208582
-0,004736322
-0,009263603
-0,01255651
-0,005389299
-0,02189717
0,00177933
-0,003483332
0,003094324
0,02660717
-0,001319034
-0,02296795
0,0294487
0,01537838
0,01675058
0,007129478
-0,02518922
-0,02968574
-0,02260264
0,02209503
-0,007735397
-0,001687702
-0,02777493
0,01702596
-0,022927
-0,004873296
-0,01404177
-0,01305969
-0,0157524
-0,02834694
0,01913817
0,01024066
0,02886078
-0,02394614
0,0004564129
0,005400616
-0,02411239
-0,02805846
0,01217663
0,001593908
-0,02189671
0,02106921
0,0142869
0,01440991
-0,01153775
0,001459487
-0,02481081
0,02071772
-0,004984688
0,02231085
-0,002050278
-0,001339772
0,01473374
-0,03574194
-0,02174653
0,01617954
-0,00438813
0,007724673
-0,01587081
-0,0263525
-0,02836851
-0,01080722
-0,01190566
0,007240494
-0,02119319
0,01981037
-0,02259802
0,02312053
-0,01208319
-0,01689021
-0,001051189
-0,02702939
-0,008903268
0,009762907
0,01670633
0,002170388
0,01305083
-0,01227098
-0,002127082
0,001046338
-0,01253623
-0,004298287
0,02264923
-0,009187853
0,003041134
-0,01468413
0,0179994
0,0275708
0,02399077
0,01303804
-0,0258329
-0,004844922
0,01366515
0,009372573
0,00120701
0,01897806
0,0007023587
-0,02207525
0,006885028
0,003245761
-0,007358301
-0,02087853
-0,006162473
-0,02413383
-0,01098516
-0,01120845
-0,02176743
-0,01795463
-0,01377335
0,01452691
-0,02078401
-0,01637166
-0,01623816
0,01860341
0,01583582
0,008815531
-0,002033278
0,0296127
-0,0233558
0,02857331
-0,02918502
-0,0153532
0,03293734
0,006920008
-0,02018474
-0,02478208
-0,008084293
0,01356669
-0,02188915
0,02812518
-0,02880064
0,00449669
0,01438912
0,02727732
-0,02175907
-0,02517278
0,02494564
0,009294439
0,0272027
-0,0219198
-0,0278528
0,003138141
0,01129077
-0,01764521
0,006152297
0,01755547
-0,02350309
0,02383421
0,02304969
0,02513785
-0,00839681
0,003328157
-0,02997782
0,004312404
-0,003470955
-0,02500175
-0,02324153
0,02648616
-0,02584565
-0,008936242
-0,02521444
-0,003256572
-0,02830325
-0,01028666
0,01046277
0,003555001
6,782043E-05
-0,008544106
0,01364179
0,01564096
0,01243647
0,0203388
-0,02606905
0,02800307
0,02427486
-0,001498891
0,003299153
0,01853271
0,03084393
-0,008507021
0,02730489
-0,00143942
0,02433775
-0,01371719
0,007993575
-0,001027997
0,003000281
-0,0237292
-0,002308088
0,02990859
0,02351076
0,02963755
0,005040319
0,009294554
-0,0249021
0,0009233989
-0,003319019
-0,00944038
0,0007817114
-0,02807184
-0,01340146
0,01891494
-0,02109621
-0,0256054
-0,02184066
-0,0009569735
-0,00122475
-0,02597054
0,0141701
-0,02881752
0,005760669
-0,007132672
0,02514708
0,01351566
-0,006922546
0,0059939
0,009291731
0,02186974
0,0132131
-0,01606435
-0,0289235
-0,002100594
0,02271623
0,01318707
0,02171009
0,01463632
-0,01411736
-0,004940912
0,0233771
-0,00637073
-0,02901173
-0,01692319
-0,0124407
0,02830642
-0,02538675
-0,02244879
-0,01276396
0,01793161
-0,02423701
-0,02250692
0,02925976
-0,00165338
-0,007142645
-0,003213554
-0,006208384
-0,002375669
-0,02765821
0,02124469
-0,01513303
-0,0003379028
0,02460516
0,00752097
0,008816101
-0,01157681
-0,0295983
0,02024611
0,02614148
-0,001678455
-0,01479438
-0,003746266
-0,01514117
-0,02440851
-0,01673088
-0,009215415
-0,02886594
-0,00510613
-0,0224158
0,02952733
0,01133923
-0,01296436
-0,01137824
0,02128839
0,01495998
0,00553957
-0,01607408
0,003123235
-0,02660278
-0,003683033
-0,009763524
-0,006273207
0,01110855
-0,005875189
-0,02087878
-0,00675437
0,0002564962
-0,005748013
0,005222539
0,02906901
0,02612079
-0,0159116
-0,01986395
0,01852984
0,002669087
0,00947813
0,02317653
0,02354125
-0,01448877
-0,02666546
-0,002981631
0,02985339
-0,01016854
-0,02556066
-0,01918864
-0,03140534
-0,02032933
-0,02799269
0,02328457
-0,0261107
-0,02495533
-0,0002036669
0,0175584
0,001698407
-0,01880652
0,02357445
0,01761716
0,02407944
0,02834886
0,02177532
0,02249832
0,00694271
0,01971344
-0,02037538
-0,02693555
-0,004301738
-0,02421198
0,00123967
-0,0117315
-0,02442133
0,01349736
-0,009070032
-0,01235329
-0,02916146
0,03014293
-0,009965069
-0,02646657
0,006953754
-0,01720783
-0,0214246
-0,01807767
-0,003350135
0,001523544
0,001919879
0,02380874
-0,00374066
-0,00299026
0,008555498
0,008981078
0,01030895
0,02305579
-0,02892682
0,02665497
-0,004415785
-0,01856482
0,01975203
-0,01954222
-0,02006234
-0,02862625
0,01653878
0,02557754
0,01225154
0,01779911
0,01887522
-0,006876611
0,01646033
-0,0165256
0,01826032
0,004120405
0,02135597
0,01934191
-0,02055389
0,009484431
0,01910131
0,008529775
-0,00538163
-0,02455531
-0,01260727
-0,01405766
0,007558355
0,02937372
-0,002327208
0,02266683
0,008508238
-0,01723524
0,01248929
-0,00471212
0,02280464
0,01951681
-0,02013339
-0,02125065
0,02333405
0,005411738
-0,003241839
-0,01673212
0,001278031
0,0111599
0,01422414
-0,0189058
-0,02123803
-0,01631678
0,01065402
-0,02464072
0,01896877
0,02143904
0,01331909
-0,007966846
-0,02291058
0,01765949
0,01871216
0,01596466
0,02580721
0,02694475
-0,003826066
0,01976699
-0,0002132568
0,02010929
-0,02125267
0,005977422
0,009500941
-0,01017735
-0,009225531
0,02853967
-0,006890244
0,01166279
0,02644857
0,00488046
-0,01740946
0,005957167
-0,02267432
0,01429205
-0,008193301
-0,02384297
-0,02296986
-0,006546932
-0,01115019
-0,007353824
-0,02600504
0,01748749
-0,0004224228
-0,009478848
-0,0119591
-0,02497151
-0,0286973
-0,00467466
-0,01554414
0,0283166
-0,01945506
0,009255806
0,01539109
0,01230041
0,00290362
-0,02141806
0,002774117
0,01976501
0,02453657
0,0128088
0,01283554
-0,02252268
0,02600371
-0,02058052
-0,01968304
0,002586556
0,0110924
-0,02569286
-0,006012942
0,01927206
0,01876356
-0,02836774
-0,0004956331
-0,0242611
0,01545592
-0,008904578
-0,02417753
-0,01155178
-0,02843223
-0,01497976
0,02693754
0,0286068
-0,002625874
0,02890403
-0,005736184
0,004027777
0,02110605
-0,004458756
-0,01891208
-0,016983
0,004150795
-0,01236166
-0,0004140581
0,006793022
0,0108009
0,02749061
0,02236183
-0,009402634
-0,01895254
0,01655203
-0,004905401
0,02794223
-0,02830052
-0,004004906
-0,02036832
-0,02097873
-0,02037705
0,009716735
0,02791888
-0,0176242
-0,02690685
-0,01592129
0,01817604
0,009162445
0,01611465
0,01455133
0,01062344
0,02745953
0,01539724
0,006271477
0,01161081
-0,01468568
0,02376864
-0,01959098
-0,01511458
0,001213803
0,002589355
0,02322693
-0,004493492
0,0185344
-0,0007207436
0,01574796
-0,02248142
-0,01436894
0,02064896
0,02973314
0,02671262
-0,0286831
0,01928318
-0,01484523
-0,005677673
-0,01852772
-0,001442317
0,02964923
-0,01993929
-0,009885622
-0,0001460711
0,02078662
0,02106649
0,02682628
-0,01296652
0,02546979
0,005810787
0,005477961
-0,02503116
-0,02007714
-0,02589487
0,0218163
-0,01884087
0,009103472
0,007065355
-0,0130823
-0,01607943
-0,02099668
0,01347024
-0,01209773
-0,02351891
0,002858877
0,01949741
0,01731015
0,01844076
0,009143399
-0,02177261
0,0002040994
-0,01815774
0,0001516828
0,01711897
0,02458155
-0,02957511
0,02527786
-0,02883177
0,01229383
-0,02788264
-0,0006694848
0,001452212
0,004379197
-0,02002036
0,002668875
-0,01943039
0,01067733
0,02557687
-0,02517765
0,02074644
-0,019851
0,008568863
-0,02280693
0,02800461
-0,01055411
-0,01377996
0,02285519
-0,01642331
0,02764666
-0,02859464
-0,02614256
-0,02164119
0,008460691
0,0171994
-0,02446307
-0,00635777
0,00554391
-0,006557216
-0,01985819
0,02145416
-0,01351154
0,007979237
0,02556274
-0,01499323
0,01534463
0,008309082
-0,02093591
-0,02217151
0,004459545
-0,007754838
-0,02129537
0,02225158
0,01366707
0,01903218
0,02869349
0,02227169
-0,02540111
0,002684939
-0,002340511
0,008376376
-0,02183584
0,01170683
-0,02586653
0,01088946
0,02886837
-0,009019672
0,02359421
0,01777305
