-0,029662
0,01161349
-0,005853403
0,008703394
-0,02582217
0,02081388
0,01973843
0,02440749
0,01278753
0,02974427
0,01786533
0,01225476
-0,009267168
-0,02208833
-0,01340614
0,0003051251
0,01735272
0,03000457
-0,01136754
0,007837696
0,009352724
-0,01968988
0,006536204
0,001066477
0,00107833
-0,01512047
-0,002802931
0,007575044
0,02452465
0,01923198
0,03052489
0,02125088
0,0176499
0,02122054
-0,01470897
-0,02336838
0,005653118
-0,005742555
0,02825207
0,01363061
0,01300009
0,02080954
-0,01243098
0,01185879
0,01181819
-0,007460088
0,01164909
0,004623163
-0,01340028
-0,008964928
-0,02062651
-0,008341207
-0,01980747
0,0132711
-0,001032081
0,02071309
-0,02491044
0,02374582
-0,02237499
0,01988097
-0,00638577
-0,01779894
0,03044999
0,02425621
0,02990395
0,02726613
0,02526603
0,000131536
0,02325381
-0,02003479
0,02524837
-0,00689169
-0,02825376
0,005620169
0,02547034
0,01919841
0,02342673
0,02537876
0,01992415
-0,02141647
0,00388139
0,02325964
-0,008945018
0,003483408
0,009785682
0,008843306
0,01102865
-0,02559154
-0,00768146
-0,004744148
-0,02839848
0,01259362
-0,01340139
-0,0216492
-0,009951295
0,0007996568
0,02097184
-0,006004628
0,01256392
0,01512651
-0,002099135
-0,01842838
0,01192618
-0,02338112
-0,003541069
0,01693376
-0,01003431
0,005195274
0,01838089
0,01042646
0,02800801
-0,01953921
-0,02610648
0,02988739
-0,01386037
0,0009868677
0,02181166
-0,003035903
-0,0155976
-0,008912975
-0,01376675
0,0208914
-0,02219391
-0,00194514
-0,02153397
-0,01713855
-0,0232759
0,02430352
-0,01427352
-0,005332005
0,02891052
-0,0002924397
-0,01715744
-0,02540958
0,01112555
-0,007892837
-0,01889729
-0,01571431
-0,02288944
0,02359635
-0,01115766
-0,02414178
-0,01347207
0,01253187
-0,00202137
0,02180912
0,008779237
-0,01249864
0,0228877
0,01964777
0,009584414
-0,005993671
-0,02040557
-0,008529603
-0,001136996
0,007627189
-0,02617124
-0,0161344
0,02864678
-0,016361
0,010318
-0,003489781
-0,0103086
-0,005915748
0,01231475
-0,00155211
0,02812365
0,02976451
-0,01156332
0,02442252
-0,01014182
0,007579297
-0,01008472
-0,008363952
-0,02765517
-0,01935155
0,004636618
-0,003800343
-0,02971194
-0,0126772
0,004430236
0,01951359
-0,02931858
-0,003792544
0,01552957
0,004769504
-0,01032252
0,02197712
0,006449264
-0,0264249
-0,01173714
0,02768498
-0,01395926
0,02411941
-0,01664664
0,02311441
0,01702653
0,02339024
-0,02970017
0,03000528
0,02412291
0,009681554
0,02970557
0,02903677
-0,0002247611
-0,0280735
-0,02605292
0,01832123
-0,01115255
-0,01166922
-0,02678976
0,00852621
-0,01595576
0,01189929
0,009890154
0,02106273
-0,004559098
0,02379654
0,008767093
-0,0224345
-0,02093921
-0,02336928
-0,00654539
-0,01472153
0,006349965
-0,007246108
-0,008147418
-0,003146201
-0,02171291
-0,01998762
-0,005958304
0,01135681
-0,004811342
-0,02990461
-0,006843728
0,0251435
0,02022652
-0,02772155
0,02692765
0,01333527
0,0003840289
0,001213413
0,002419125
-0,01204113
-0,02947635
0,01066479
0,01382537
0,004913567
-0,01581829
-0,007480686
-0,002317489
0,02397817
-0,01567035
0,02311685
0,0209683
0,01734058
-0,01359384
0,01435774
-0,007453302
-0,02311203
0,01129717
0,008250688
0,01039853
-0,02004384
0,02536685
-0,007929159
-0,01712389
-0,01630637
-0,01143747
0,01507384
-0,02903688
-0,006776852
0,02726399
0,02598649
0,007971484
0,008618508
0,005448754
-0,02374358
-0,01478111
0,02660349
0,0098016
0,01739464
-0,01782287
0,01590124
0,01200147
-9,182546E-05
-0,004233535
0,001623103
-0,02062587
0,005957334
0,008796814
-0,02431233
0,00994925
0,0201591
-0,02731406
0,02311234
0,02149602
-0,007188838
-0,006888967
0,008625788
-0,002379962
0,0005094589
-0,01349256
-0,0004169208
-0,008368451
-0,02483886
0,02741899
-0,01053445
-0,01499448
-0,01752611
-0,01763596
-0,01928899
-0,0001312152
-0,002147313
-0,001486436
0,02422261
-0,004439456
0,02485825
-0,002173412
-0,005141077
0,02595483
0,01054145
-0,02655239
0,01287861
-0,02316638
0,02614681
0,01379097
-0,02277086
0,02350861
0,01494323
0,01715245
-0,01813631
0,01312989
0,005989988
-0,002440823
-0,02161681
8,108513E-05
0,01233064
-0,006635637
0,006845322
0,003322384
-0,02279428
-0,01356004
0,02747992
-0,006342118
-0,001720121
0,006205956
-0,01775746
-0,008341133
-0,02159788
-0,0031169
0,02709636
0,02540607
0,02864439
0,01312691
0,01733462
-0,003380009
0,004732811
-0,007558877
-0,004056933
-0,008550414
0,02051861
-0,003021589
0,001040887
-0,003307235
-0,0289356
-0,00147092
0,02394024
0,03005064
-0,01061954
-0,006306733
0,01342616
0,0003252992
0,02054789
0,0215283
0,0179196
-0,00615312
-0,02350235
-0,01175695
0,008034959
-0,01157412
1,993538E-05
0,01538593
0,01500605
-0,01228934
0,02022242
-0,01436001
0,0141005
0,02278233
0,01067628
0,01176648
0,02542062
-0,0109803
0,02803527
-0,01452111
0,01350449
0,01108739
0,01585789
0,0007377756
-0,007843668
0,02997672
0,01230321
-0,01755727
-0,02824532
0,01468817
0,01267931
-0,0043143
-0,02562885
-0,02431202
0,02378595
-0,006927546
-0,009272359
-0,01374255
0,0160025
-0,0225183
0,02213437
-0,02539116
0,01152869
-0,01740869
0,005891126
0,01413937
0,01330355
-0,03031828
-0,01270781
0,006683005
-0,001995217
-0,005881543
0,001917768
0,004032573
-0,02194293
-0,02294599
0,007993655
0,005597601
0,0266222
0,008161858
0,006903943
-0,01261917
0,01338264
-0,0308653
0,003172143
-0,006816073
-0,01873404
0,007461105
0,02929838
-0,01174881
-0,008293288
0,00897071
0,003807676
0,02059118
-0,005973665
0,00835401
0,02906792
0,002207885
0,02456804
0,007114063
-0,01589052
0,01048467
0,02434637
-0,005271385
-0,01600311
-0,01121898
0,02407125
0,0008615639
0,02836195
0,01687662
0,01517
0,01419564
-0,01098601
-0,02438704
-0,001029224
0,002327976
-0,01024797
0,01096279
0,008242202
-0,01768128
0,00299671
-0,02417157
-0,02901891
-0,03137862
-0,01508197
0,02138789
0,02038817
0,012506
-0,01874474
-0,0004347166
-0,02081422
-0,02466386
0,01111866
-0,01108572
-0,007197482
0,02556454
-0,006179417
-0,01146622
0,01488266
-0,01481862
0,000454289
0,01153028
0,009496944
-0,01768794
0,003943746
0,007164767
-0,01159281
-0,003475957
-0,01028125
0,01986561
-0,01406844
-0,01486803
0,02327653
0,01234043
-0,02684934
-0,02234049
0,0102709
0,0241874
-0,02170336
-0,00518884
-0,001601786
-0,01955521
-0,01246913
-0,003519224
0,005774768
0,00733894
-0,02868733
-0,02966212
0,01267313
0,0053328
-0,0218151
-0,02761726
0,02684434
-0,007449433
0,01188077
0,02325398
-0,003156505
0,01933115
-0,001556416
0,008688553
0,003936254
-0,005436096
-0,009615115
-0,01075419
-0,01621
0,02284806
-0,01740876
-0,02962985
-0,01408348
-0,01488678
-0,01408094
0,0003477747
-0,02010237
-0,009519798
0,01727282
-0,01080869
-0,008037082
-0,01908904
0,004115048
0,02524048
0,002996723
-0,01464104
0,01234467
0,01493169
0,01131653
-0,01733114
-0,009583695
0,00137899
0,02939716
-0,01980599
0,01004444
0,0192719
-0,00501801
-0,00141237
0,02156713
-0,02718171
0,0169397
0,02638199
-0,01903544
0,01269452
-0,00525481
-0,02993296
0,01405295
-0,001841382
-0,01302048
0,01057664
0,02345662
0,0065919
0,00832263
-0,006099791
0,001510263
-0,01447702
-0,01771257
0,0006339785
-0,02636495
-0,01624965
0,01038077
0,006450133
0,01020417
-0,02862691
0,004047788
0,01186718
-0,02849345
-0,0240713
0,005545589
-0,004031389
-0,02746267
0,009938902
-0,003349737
0,01139631
-0,0006394023
-0,007915274
0,02635329
0,01783006
-0,0007441739
0,001849366
0,003794595
-0,01287795
-0,003831573
-0,02906176
-0,01202244
0,01051964
0,02175103
0,003503547
0,008930088
-0,008221313
0,003946998
0,02475788
-0,006738052
0,003949679
-0,008664998
-0,02142863
-0,0113964
-0,01924106
-0,01916232
0,01487995
-0,029701
0,007986574
0,02408492
0,02345708
0,00613531
-0,01858796
-0,02243892
0,02242666
0,02243282
-0,02288729
-0,01115806
-0,00515073
-0,02765441
0,004625907
0,01221715
-0,00485722
-0,01959446
0,009261661
0,01223361
0,02215783
0,01756883
-0,004209867
-0,004099535
-0,01927468
0,01942353
-0,02415162
-0,01576982
0,01762796
-0,01449145
-0,0123981
-0,02584598
0,01725813
0,009760778
0,01489253
-0,000931009
0,02268397
-0,008774106
0,003892368
-0,007840202
-0,02543614
0,003529358
-0,03061581
0,01194151
-0,00120306
-0,02871977
-0,0224284
0,02168099
0,01768013
0,0244302
0,02826084
-0,03304313
0,008126202
-0,0002596076
-0,0115613
0,02836965
0,002679356
-0,02052619
0,009256136
-0,02948847
-0,001604705
0,02865463
-0,009975163
0,006137799
0,003915743
-0,02669732
0,003420499
0,01663198
-0,01178462
-0,02658642
0,01757567
-0,02804247
0,006340951
-0,01584588
0,00544184
-0,0122706
0,01608676
0,01202791
0,02340288
-0,02543432
0,0094913
-0,01739603
-0,005773879
0,02111573
-0,01232123
-0,01442974
-0,007750332
-0,01775576
-0,0121778
0,01769848
0,02377009
0,01036429
0,008838998
-0,0002911843
0,02110358
-0,02330454
-0,02096598
-0,009897592
-0,02838625
-0,008416285
-0,002835973
-0,009111978
0,004016481
0,01630323
-0,01936022
0,02690627
-0,007236591
-0,007296103
0,02095181
-0,03254743
-0,02059213
0,02327864
-0,01073718
0,004160432
-0,007939612
-0,01283869
0,003288497
-0,002407432
-0,01252512
-0,01407207
0,009457633
-0,01132897
-0,003157781
0,0001587031
-0,02216466
-0,02515091
-0,01181482
-0,02723935
-0,009228485
-0,002670252
-0,02442264
-0,007864304
0,00282562
-0,007579355
0,002763647
-0,01709918
0,004121544
0,003185163
0,01161695
-0,008057994
0,02139466
0,02432915
-0,0118328
-0,01364485
0,003280193
-0,03130429
-0,01379758
-0,02717348
-0,02761164
-0,0006737492
-0,0006012892
0,01118575
-0,0255058
0,02163525
0,01973302
-0,02056253
0,02477002
-0,02774622
0,006251592
-0,03103435
0,007683825
-0,007916375
-0,02493741
-0,003706818
0,02335932
0,01766937
-0,01155169
0,02486867
0,0284057
-0,02351518
0,01111998
0,02735499
0,01446885
0,02601445
-0,00698652
0,0112565
0,02767869
-0,02256162
0,0247418
-0,02443357
0,01275171
-0,01981901
0,02165882
0,01237429
0,02238917
-0,01041326
-0,01847368
0,005395324
0,003306018
-0,004486173
-0,0129
-0,001532868
0,02326975
0,007222385
0,01005498
-0,003546419
0,0175254
0,01931455
-0,009722843
0,01113517
0,008496615
-0,008123424
-0,02407251
-0,02971411
0,02337409
0,0003617292
-0,0341062
-0,0200232
-0,002325051
-0,02393837
-0,01669193
0,01911808
-0,01979844
0,002138157
-0,009894924
-0,004657129
-0,002883879
-0,01032739
0,001373235
0,00115461
0,001748796
0,008134637
-0,01079176
0,003917662
0,0174997
-0,02206114
0,02901418
-0,02484891
-0,01737773
0,02125991
0,0180057
-0,02913375
0,009186986
-0,02745992
-0,008607529
-0,01578024
-0,03088115
0,01756444
0,01866513
-0,01322066
-0,008937556
-0,02970096
-0,02279246
-0,007588231
-0,02495098
-0,009933655
-0,01634146
-0,009400461
-0,01384889
-0,01561176
-0,03230045
-0,0006031542
-0,0118282
0,0208587
-0,01566821
-0,02924078
-0,02608526
0,005003888
-0,01726727
0,01409683
0,005129228
0,02437915
0,02854325
0,00785959
-0,009163418
-0,01771141
-0,02068723
-0,0236408
-0,01997548
-0,02550646
-0,005080386
0,007185659
-0,001000088
-0,01750068
-0,02070219
-0,003936789
-0,002913044
0,02372466
-0,003289499
-0,009635028
0,01653727
0,001766579
0,01313998
0,02155372
0,01724568
-0,01888681
0,00630764
0,0123389
0,01538912
-0,01380589
-0,02461978
-0,006441912
0,003860269
-0,03039968
0,004310731
-0,01127801
-0,03017531
-0,005908879
-0,03338416
0,02078418
-0,01948796
-0,02201382
-0,02217114
-0,01929575
0,01943413
-0,008254695
-0,02920562
-0,02265822
0,01491411
0,01802524
0,00795876
-0,01489575
-0,01954902
0,02491625
0,0272031
-0,02430133
-0,01790106
-0,02342614
0,02022481
-0,02204077
0,003961942
-0,004966009
-0,01109461
0,02274301
0,02750973
0,02977518
-0,02962653
-0,004769339
0,002715348
0,01363308
-0,009964156
0,02288117
0,01607145
-0,003230734
-0,02973715
0,001763453
-0,01560383
-0,0008601659
0,02856581
-0,01034328
-0,02645013
-0,006348936
0,02721595
0,01930787
-0,0006124661
0,0130635
-0,02219641
0,0009139102
-0,03194084
-0,003062211
-0,02488919
0,02393568
0,01114201
0,02155187
-0,01171805
0,01946207
0,02328257
-0,009950636
-0,01417572
0,02302663
-0,005958773
0,008907967
0,006055237
-0,03074731
-0,0008198107
0,01559061
-0,001385968
0,01227234
0,02469001
-0,005738835
0,01834795
0,01267197
-0,02376192
-0,002797154
0,02929335
-0,02476669
-0,003439538
-0,007765877
-0,01677952
-0,02595675
0,01492777
-0,01025107
-0,01339963
0,02839303
-0,000376071
-0,009904494
-0,02328011
0,01789536
-0,02793308
-0,02492648
0,00651398
0,02337758
-0,02234573
-0,03268318
0,01770632
-0,01222725
0,01004549
0,01786462
-0,01081254
0,0179663
-0,01154542
-0,001193513
0,01272095
0,009168766
0,01125484
-0,002801243
0,02087964
-0,01548517
0,0279287
-0,01436123
-0,003237152
0,00229297
-0,02261995
-0,01994844
-0,02248945
-0,02673231
-0,006684706
0,01137686
0,001699834
-0,02212578
0,004768281
0,008093788
0,006082823
0,01604944
0,0162801
0,02373333
0,0003310315
0,02973375
0,001220684
0,001081563
-0,01290719
-0,00321902
0,02492612
-0,009288686
0,01159206
-0,01934284
0,002520894
0,002213803
-0,02612168
-0,03576372
-0,006047674
0,01929128
0,01662182
0,01351939
0,003584937
-0,0364687
0,00104374
-0,04236593
0,019048
0,01663136
-0,02965663
-0,02849465
-0,008099833
-0,01453688
-0,0134907
0,01094706
0,02409617
-0,02825573
0,02985505
0,02330955
-0,02926536
0,02199969
0,01673305
-0,003484783
0,02742646
0,02834889
0,007406202
0,01876336
-0,002323865
0,02514109
-0,00100697
0,01996897
0,0004359974
0,001029179
0,008773559
0,01177322
0,01686718
0,01397374
-0,02446189
0,01011614
-0,02142408
-0,002460241
-0,03208961
0,0061756
-0,00620409
-0,02359825
-0,02910295
0,001887159
-0,03444874
0,02609479
-0,01940678
-0,003417638
-0,004848666
-0,02360167
0,01857063
-0,003495629
-0,03829238
-0,01848539
0,01024577
0,006803075
-0,006466811
0,02374663
-0,0009351724
-0,02798868
-0,005853003
-0,01653162
0,007185484
0,02793682
0,01398077
0,008167936
0,02778844
-0,02086266
0,02752241
-0,01260355
0,01319386
-0,0002844195
0,02165233
-0,02045053
-0,02955056
0,01749967
0,02501282
-0,02937211
0,01703335
-0,002267849
0,007627151
0,02499809
-0,01810162
-0,01839538
0,0004011163
-0,03027426
0,003614478
-0,01135226
0,02262806
-0,0117386
-0,02202508
-0,02070099
0,02636853
0,02363839
-0,02355374
-0,02275836
-0,003878627
-0,03194555
0,01621376
-0,01449709
-0,03946
-0,03369013
-0,005707427
-0,02621895
-0,007872959
-0,009824082
0,0108089
0,02652947
-0,009297434
-0,02764693
0,01745126
-0,002358247
-0,02111828
-0,02239998
-0,002253087
-0,0009450905
-0,02863617
-0,006125998
-0,006131394
0,009424437
-0,02598573
0,008112052
-0,01280146
0,0058613
-0,02472636
0,0002641826
0,003987251
0,02469882
0,02775807
0,01928058
-0,01646997
0,01705796
-0,02571828
-0,008298579
-0,002963957
-0,0007118913
-0,01391317
0,02334198
0,007268882
-0,03067572
-0,01815502
0,001899427
0,02489799
0,01525205
-0,001876871
0,00662962
-0,03619336
0,0108055
-0,007774293
0,004792769
-0,03269314
-0,03456397
-0,001485576
-0,0300289
-0,02220217
-0,01690345
0,01380897
-0,03249218
-0,01831643
-0,02405858
0,0254298
0,0224495
-0,03024673
0,008501254
0,02341469
-0,02798825
-0,009138397
0,01660525
0,008303716
0,02743183
-0,0179324
-0,02275186
0,01749588
-0,005489361
-0,004367051
-0,0009553555
0,01395263
-0,0009443986
-0,02641856
-0,008878285
-0,002284779
0,01439791
-0,006994877
-0,0170469
0,006610737
-0,02799747
-0,02783618
0,01979712
-0,02866069
-0,0248979
0,007064092
-0,01631574
0,009204462
-0,001904221
-0,03080375
-0,0161674
-0,003932496
-0,02132601
0,01916189
-0,0075874
-0,01807241
-0,02398544
-0,0324663
-0,01071901
-0,01101522
-0,03818525
-0,01358954
-0,0125826
0,02148326
0,01798252
0,002480728
-0,01276233
0,02627039
0,02369774
0,01045144
-0,01589698
-0,004205944
0,01405204
0,02895154
0,01924323
0,02754565
-0,001020175
0,01187987
0,005214573
-0,01293777
0,02662244
-0,003604945
-0,0152918
-0,009839911
-0,02717357
0,02444654
-0,004853578
0,002045796
0,00185666
0,0296819
-0,01990207
0,003074455
0,02011235
0,01165563
0,001765267
0,009205047
0,01360193
-0,03262177
-0,02261926
-0,007362215
-0,01651658
-0,018132
0,01105135
0,01690878
0,01415297
0,01690443
0,009118672
-0,02093221
-0,03455678
-0,008546556
0,01480174
-0,0004321555
0,005515531
-0,01811226
-0,001724856
0,001837802
-0,02533055
0,02776438
0,01554235
0,02835953
-0,01689831
0,0174043
-0,006361233
0,02410376
-0,0002049057
0,006780614
0,004207817
-0,02749276
-0,005637282
-0,02058478
-0,01813898
-0,002860535
-0,001293719
-0,02123557
0,02798909
0,008360572
0,009428446
-0,009019562
-0,003274214
-0,02471919
-0,02699875
-0,02779881
-0,005776605
-0,03066669
-0,02896154
0,0003613278
0,0273172
0,002858134
-0,02738569
0,02656894
-0,003386716
0,01040466
-0,02419673
-0,02166655
-0,02579618
-0,008749084
0,01833094
0,01167773
-0,02091797
-0,02759576
-0,01388596
0,01149667
0,01912463
0,01961844
-0,01485473
-0,01009719
-0,02903679
-0,005963365
-0,01150935
0,02791893
0,02919859
0,01384454
-0,00157125
0,01117674
0,02263817
-0,02300576
-0,0120856
-0,006173963
0,02133711
0,02747538
0,009031116
0,02963533
0,02540634
-0,003398691
0,005786304
-0,007192568
-0,01877223
-0,01972263
0,02377073
-0,004315553
0,01404018
0,01227287
0,02647266
-0,02004653
0,01149399
-0,01452132
-0,02335595
0,0004602332
0,005159655
0,005103642
-0,009124723
-0,005299896
-0,02256583
-0,02759322
0,02195676
0,008468638
-0,02200097
-0,007995197
-0,01695517
-0,03355846
-0,02507832
-0,01252669
-0,03621393
-0,008561267
-0,002949278
-0,01330478
0,02013698
-0,003046902
-0,01013383
0,02849815
-0,01622305
0,02237515
-0,000541136
0,02225063
-0,01769314
-0,01460378
0,01838458
-0,01544025
0,02948652
0,004884591
0,02891138
0,01805798
0,01545335
-0,01656901
-0,000953368
-0,02507673
0,01238569
0,01409878
-0,00312863
0,01851524
-0,02848823
0,006401073
0,0142772
0,0161739
-0,0203583
-0,01920147
0,006392271
-0,0008726718
0,006823481
-0,01420281
-0,007756053
0,0008807246
-0,02836928
0,002089481
-0,01669298
-0,009355826
-0,04113578
-0,01823365
0,01942714
0,002294313
0,01984481
-0,03503026
-0,00185762
0,01398925
-0,02618035
-0,01171146
0,01304156
0,02058941
0,02953455
0,001553361
0,0098453
-0,0241889
-0,03002706
-2,794733E-05
0,02408859
0,009818128
-0,02273714
0,0131109
0,01182153
0,02912973
0,006271455
-0,01256528
0,006947738
0,008759441
-0,02264607
-0,01108529
0,006015971
-0,02699095
0,02057233
0,02580688
-0,02887289
-0,01631597
0,01065419
0,009510506
0,01726555
0,02630546
-0,03572998
0,02320068
0,008427332
0,007824663
-0,01072596
0,01060157
-0,002377455
-0,0308283
0,002024479
-0,01972299
-0,006334257
-0,003454469
0,00765682
-6,523815E-05
-0,0149398
-0,01931421
0,008263602
0,02511014
-0,03146405
0,006493383
-0,004988873
0,0284975
0,01436302
0,0191109
0,01733582
0,01000755
-0,03027287
-0,02940458
-0,001825575
-0,007273346
-0,007436351
-0,01413364
0,01148526
0,02577789
0,009994775
-0,01842822
-0,02655195
0,02619324
-0,0002751645
0,01858098
0,01305863
-0,001862261
0,02928895
0,01728814
0,008089849
0,02742976
-0,01761135
-0,0268344
-0,0008621587
0,01314422
0,002062946
0,01268735
0,003456954
-0,02886556
-0,00683374
-0,03806211
-0,02461974
0,0107912
0,01671306
0,008471352
0,005840548
-0,004023688
0,003523547
-0,02269959
0,01776415
-0,01685084
0,02243893
0,0166416
-0,03355047
-0,0235762
-0,0161842
0,01874258
0,001457079
-0,01109668
0,02587518
0,02619107
0,02844865
0,02645974
-0,01700943
0,02134523
-0,005833303
0,0234579
-0,001182256
0,01258752
0,01662874
0,008189074
0,008435888
0,004058997
-0,005716572
0,008495128
0,02917305
-0,01798641
0,02688816
0,009966881
0,0281391
-0,02282879
0,01508365
0,00864069
0,01876575
-0,01639847
0,02679359
-0,007721395
-0,03017195
-0,0174263
-0,008771323
0,01419886
-0,02468726
-0,0225326
-0,03129039
-0,01065734
-0,04084924
-0,02678237
-0,004030034
-0,03425614
-0,01590425
0,01963814
-0,03432137
0,02429218
-0,003942661
-0,0143538
0,01660061
-0,002496032
-0,002090285
-0,006207156
-0,01624655
-0,02978821
0,02086413
0,02289602
-0,00764622
0,01725396
-0,01894902
-0,01251432
-0,02588839
0,02718524
0,02180701
0,02925292
0,01895886
-0,0199613
-0,01787902
0,02625448
-0,006192358
-0,01115532
-0,008671037
0,02303891
0,005027263
0,007972954
0,003885589
0,01793783
-0,01741582
-0,02997252
-0,0257281
0,01652966
-0,02575897
-0,00551791
-0,008910774
-0,003088392
0,0174553
-0,0002904245
-0,03776113
-0,01104091
0,01852008
-0,02121294
0,01903751
-0,0107832
-0,01395033
0,008304451
-0,0235163
0,006108048
-0,01880484
-0,006840642
-0,02356991
0,02508546
0,01620327
0,002789613
0,02285749
-0,00511454
-0,02666306
0,006376578
0,02156088
0,003548254
-0,003927709
-0,0294388
0,005933338
-0,01163438
0,01072656
-0,008635968
-0,02280051
0,001238132
-0,004501147
-0,01381265
-0,0300028
-0,02325669
-0,02602276
0,01221938
0,0266788
-0,0308736
-0,0105671
0,02677415
1,592825E-05
0,01901451
-0,002886046
0,02231667
-0,003217897
0,01380744
0,02036547
-0,0295188
-0,03976565
-0,002284401
-0,004650179
-0,03549162
-0,01110907
-0,01924073
0,005953391
-0,009441136
-0,03970576
0,01845056
0,009650161
0,004916274
0,01203912
-0,03184575
0,008317311
0,01351031
-0,01415764
0,02924279
-0,005702978
0,02736198
0,0184343
-0,02646656
0,006043017
0,02353675
-0,02520931
-0,02119632
-0,02235363
-0,02855045
-0,02476476
0,0001414859
-0,001659622
0,01650809
-0,008147002
-0,002451005
-0,01129702
-0,001362449
0,02053039
-0,009376911
0,0162362
0,00530345
-0,01246957
0,001873822
0,005550733
-0,03345228
-0,0191878
0,00970012
-0,02260821
-0,008488038
-0,02440633
0,004969721
-0,00119357
-0,01077601
-0,02094197
0,01771179
-0,01717472
0,01895424
-0,03862319
0,005287623
-0,03918564
-0,01247369
-0,02039166
0,01421244
-0,007277758
0,001805862
0,0001616139
-0,03059506
-0,0106816
-0,01410372
0,01243967
-0,02412803
0,01970706
0,02501486
-0,01783491
0,0176654
0,008038028
-0,0155892
-0,005163807
0,006001307
0,009407124
-0,007337629
0,02895814
0,009676685
0,01906181
-0,01151089
0,0189561
0,02173556
-0,01079798
-0,01279051
-0,02968139
-0,01535382
-0,004143817
-0,02802037
-0,01824255
-0,009389719
-0,01317653
-0,002154922
-0,02852639
-0,03350923
-0,01016069
-0,02721815
-0,01685636
0,01146927
0,002243352
-0,03479392
0,01848435
0,005424238
-0,01737021
-0,002974961
-0,01818699
-0,02521086
-0,0004103306
-0,01002151
-0,02853494
0,004564039
-0,009620387
0,00645923
0,02901162
-0,02315416
0,01414259
0,006997309
0,01036192
0,02691809
-0,01639046
-0,005660675
0,008929363
0,01460064
0,007301654
0,01895792
-0,005192764
-0,02459358
-0,02399741
-0,01070257
-0,0251877
-0,00365376
0,03116328
-0,02823001
0,02057248
0,01273848
-0,009529039
-0,02974166
-0,000599482
0,009341238
0,02430225
0,01899521
0,009520736
-0,03243195
-0,03739173
0,004471135
-0,0364251
0,006321145
-0,006338775
-0,04084501
-0,02144835
0,01589727
-0,007582885
-0,01340591
-0,001325295
-0,02047793
-0,01277591
-0,01867801
-0,02571096
-0,002640408
-0,02299937
-0,01688598
-0,02779486
-0,0120134
-0,008923274
0,01061764
0,009012331
-0,01071571
0,0116937
-0,01772031
0,01517577
0,008678692
-0,0276708
0,0280333
0,03056104
-0,007524137
0,0125885
0,004834529
0,01402249
0,02728043
0,01708744
0,007707075
0,0001217707
-0,02658329
0,02592424
-0,0230186
0,02191657
0,001590711
-0,01025891
-0,002280201
-0,0148091
-0,02578095
0,022291
-0,03623711
-0,006825198
0,00557369
0,01442514
-0,008552491
0,007331662
-0,0215217
-0,04276283
0,0003500516
-0,03571784
-0,01874561
-0,02657191
0,00460386
0,01648446
0,002801811
-0,01122979
-0,01718873
0,004092728
0,0153571
-0,003250818
-0,02036034
0,01511886
0,005073002
0,01232908
0,02820601
-0,01164558
-0,01934982
0,0176183
-0,0266565
0,02369457
-0,01999413
0,02340545
0,006212338
0,01184772
-0,0278944
-0,002971283
-0,01118821
0,003601355
-0,01435046
0,01931153
-0,006594287
0,02592415
-0,02585064
0,002260764
-0,02161319
0,01518815
-0,01813699
-0,01924505
-0,0165174
-0,02497862
-0,02561716
0,01581309
-0,00974984
0,005754972
0,01067364
-0,02331853
0,01262959
0,01328436
0,007624346
-0,03534763
-0,008892447
-0,008314466
0,01702529
0,01178757
0,02124827
-0,008158791
0,004553727
-0,03361434
0,01578278
-0,02428103
-0,02423149
0,01380684
-0,009047979
0,02700339
-0,02635014
-0,01404297
0,01098951
-0,02770603
0,00428869
-0,02000234
-0,02478265
0,02499271
0,0001596466
0,02464218
0,0159057
-0,01394752
-0,007526734
0,02450516
0,0240741
0,01799
0,0006650392
-0,008603153
0,01425807
-0,02147511
-0,01266445
0,02214895
0,02423273
-0,0202
0,002947182
0,009624084
-0,02429462
-0,02345259
-0,01054912
-0,02800288
-0,03377706
-0,01528727
-0,01125985
-0,0115699
-0,00795396
-0,009822628
-0,004690122
0,01279135
-0,01717932
-0,0007205535
-0,03550706
0,002117029
-0,03435991
-0,03208289
-0,03142535
0,006889665
-0,02555455
0,01531026
-0,02462768
-0,02904563
0,006488941
0,01415281
0,02822716
-0,01736837
0,01098439
-0,0164729
-0,01199431
-0,004715414
-0,004490726
0,02260868
-0,02911481
0,02243754
-0,002601755
-0,01086851
0,01815561
-0,01208066
0,01311292
0,02217055
-0,01156676
-0,008509923
-0,01804599
0,01047982
-0,03205719
-0,02773029
-0,02626289
0,007020251
0,01476006
0,0184455
-0,02202265
0,02217684
0,002262678
-0,0178381
-0,03564712
-0,01716433
-0,008659442
-0,0258213
-0,01577654
-0,02074742
0,01114353
-0,01746364
-0,02351679
-0,02582617
-0,00813346
-0,004966432
0,002468725
-0,02243527
-0,02182968
0,01163122
-0,02083815
0,01244623
0,02273347
-0,02025507
-0,00756555
0,009932741
0,01971153
0,0257669
0,01444508
0,02254334
-0,02369098
0,03034313
-0,006623188
-0,007809794
-0,01797452
-0,004508595
-0,01791538
0,004125036
0,01155245
-0,0289473
0,01685774
0,0002156016
0,02075745
-0,003346258
-0,02567481
0,02745176
-0,02110901
-0,02980722
-0,02230421
-0,005563681
-0,009146651
0,02379881
-0,00673965
-0,03343098
0,001993102
-0,009551479
-0,03791648
-0,01714886
-0,04254726
-0,01559293
-0,004066406
0,002078326
-0,0004063275
0,002261918
-0,02155863
0,01535407
0,02449389
0,01837866
0,02518006
0,02718578
-0,01847745
-0,02871289
-0,005506605
-0,02489906
0,02305299
0,008686042
0,01901094
-0,005297032
-0,02452065
-0,006780957
-0,002825608
0,01579664
0,0112246
-0,01705366
-0,006155646
-0,02250757
-0,003128814
-0,01601202
0,006172746
0,009589989
-0,01273757
0,01707646
0,004890193
-0,01139974
-0,0004571656
-0,02141755
0,02385827
-0,01730587
-0,01919647
-0,02200724
-0,03545462
-0,01111193
-0,02999992
-0,02634416
-0,02572991
-0,01276343
-0,006885473
-0,01439673
-0,02698832
-0,03991741
0,0002153478
0,004059579
-0,01341302
0,005183698
0,02842335
0,0147074
0,02342204
-0,008652826
-0,0215137
-0,03043033
-0,01191145
0,01309601
-0,0195899
-0,01525302
0,007914301
-0,004663915
-0,003814285
-0,02567322
0,005026483
0,01239322
0,01202873
0,001025473
-0,02264958
0,02043303
-0,008032577
-0,02810267
0,006492164
-0,006235501
0,02606769
0,02586826
0,003373593
-0,02619563
0,02831565
0,003017356
-0,03173713
0,008778312
-0,005353025
0,02029211
-0,01731974
0,005046646
-0,022518
-0,001082573
-0,03500085
-0,02524937
0,01861927
-0,01991061
-0,0276709
0,01494035
-0,003269872
0,007372292
0,02299158
-0,007189439
0,01945541
-0,0002853985
-0,01096932
-0,02407983
0,0001758374
-0,001611067
-0,01946059
0,02320419
-0,02150049
-0,0006243045
-0,00653053
-0,01682891
-0,004042028
-0,01499976
0,0139068
0,006060307
-0,01594221
0,02889937
0,0293291
-0,00022285
0,01482097
0,02274326
-0,002300347
-0,02598882
-0,01058883
0,01850323
0,02155216
-0,02761402
0,01911614
0,01459011
0,01944776
-0,02382396
0,02722739
-0,02492738
-0,02011825
-0,01165132
-0,02312244
0,01280185
-0,02921186
0,01893603
0,00100788
-0,0156745
-0,005448638
0,009328615
-0,02536987
0,01446146
0,006604241
0,000469694
-0,004309339
-0,002069106
0,006855072
0,003641097
0,01845613
-0,002753535
0,01123038
0,02446852
-0,02937641
-0,01675374
0,01730151
0,01183211
0,005820247
-0,01899508
-0,02657442
-0,005276587
0,009703808
-0,01449952
-0,01578679
-0,01195919
-0,02979695
-0,0118568
-0,006312042
-0,005496371
0,02278567
-0,03129521
0,01551127
-0,01388748
-0,01176885
0,01421256
0,02046368
-0,003450979
-0,02724396
-0,01627133
-0,0001913114
-0,01768037
-0,02733181
-0,02579921
-0,01977579
-0,009664719
-0,01017456
-0,01913352
-0,0190583
0,01352367
-0,03680507
-0,01367288
-0,01530159
-0,01188669
-0,02545676
-0,0360582
-0,03535861
0,01982699
0,00616177
-0,003186318
0,008714458
-0,01752581
-0,02187723
-0,02028904
0,01229354
0,01647965
0,01031191
-0,007080094
0,005836225
-0,01191579
-0,004565867
-0,0112127
0,008127863
-0,00841229
0,01103177
0,02127593
-0,01160181
-0,002723849
0,02975096
0,01744969
0,02493755
0,01063078
0,02341696
-0,004929344
-0,01069187
-0,003542581
0,008958753
-0,01264956
0,0287874
-0,01804423
0,0105705
0,02234027
0,01511239
-0,004747912
-0,00143271
-0,02051785
-0,03585204
0,01540964
-0,01196129
-0,01518285
0,007380151
-0,03894085
0,003900399
-0,03892087
-0,01134604
-0,0003211425
0,007996887
0,02505454
0,01576797
-0,004274115
0,01829526
0,003104845
0,0266476
0,02159059
0,003473303
0,0262586
-0,01134669
0,0127226
0,02184592
-0,01326161
-0,01998754
-0,006704079
-0,007451947
-0,008777179
0,007476205
0,003453003
0,003683661
-0,02135242
0,01987736
-0,003629693
0,02011785
-0,005337839
0,02733318
-0,00220829
-0,03310385
0,02198362
-0,03123738
0,01983519
0,02769893
0,00551377
0,01061258
0,007100677
-0,001560859
-0,00240121
-0,008063999
-0,0293292
0,01939584
0,01682647
0,01669632
-0,002763669
0,01854599
-0,02158123
0,02062893
-0,03213336
-0,02638087
-0,0208897
-0,0009316221
-0,01684546
-0,008148966
0,01981578
-0,02508903
0,003106085
-0,02145098
-0,009550365
0,005777101
-0,007254797
0,007358508
-0,003441885
0,02302129
0,01248048
0,02763364
-0,004231017
0,01437704
-0,0157442
0,006004552
0,002050999
0,02508231
0,0228789
0,02835653
0,003222088
0,009042358
0,01027797
-0,0165383
-0,01786668
-0,003069995
3,520258E-05
-0,005275841
0,01536762
-0,015815
0,007992553
-0,01212996
0,009110695
-0,005637719
-0,02785222
-0,004028295
-0,02847841
-0,01012187
-0,02952129
0,0158181
-0,03661462
-0,01038558
-0,01290203
0,01903123
-0,02948027
-0,006146575
-0,01399401
-0,00701695
0,006982726
0,0006417151
0,007200507
-0,008223738
0,0136812
-0,01029394
0,02189045
-0,01797687
-0,002715815
-0,008038631
0,02503339
0,0224364
-0,02444249
0,02674557
0,0189804
-0,01944477
-0,01586682
-0,005346341
-0,0130535
0,02986185
0,01036291
0,01621782
0,00146602
-0,0262779
0,01724353
0,02898931
0,02435662
-0,02683066
-0,02301385
0,008908101
-0,03101977
0,004638113
-0,03133284
-0,03169956
0,007818459
-0,021389
-0,001671934
-0,02201138
0,001083295
-0,01754851
-0,004671512
0,00818123
-0,03970579
0,001017081
-0,008097
-0,02821682
0,007562496
-0,03477579
-0,00245688
-0,02268267
0,00639686
0,01151062
-0,0141446
-0,005765063
0,01842104
0,02810081
-0,02744236
0,006437414
0,007103962
0,01401682
-0,002906544
0,01725295
-0,02631632
0,0166421
-0,01140123
-0,01244037
0,02105179
-0,0255683
-0,01536809
0,005284801
0,009330461
-0,02790159
0,02132964
0,02767452
-0,006887192
0,01895337
0,0139184
0,0167481
-7,101002E-05
0,002358296
-0,02092835
0,01463693
-0,00507017
0,0201305
0,02303916
-0,01547373
-0,01446095
-0,0004916687
-0,02450752
0,006464588
-0,02739561
0,01406964
-0,003482291
0,0117947
0,01058825
0,006397609
0,004807921
-0,02496396
-0,01719971
-0,02433199
-0,01624853
0,004296041
0,01677629
-0,03195965
0,004335202
0,01203728
0,0250428
-0,01022986
-0,02541522
-0,02881289
-0,01652637
-0,01671064
-0,02407983
-0,02768921
0,0002988221
0,006338646
-0,01105855
-0,01863446
0,02148932
-0,02901189
0,02953898
-0,01200951
0,02546728
0,001820866
-0,006016102
0,01588955
-0,001111023
-0,03101937
-0,02908213
0,002430435
-0,02649638
-0,00400132
-0,00773257
-0,01559379
-0,0214895
-0,0007346352
0,02768479
-0,009158165
-0,02073825
-0,02322659
-0,01420222
0,02103035
-0,009220512
-0,02766106
-0,01007709
0,01197145
0,0049833
-0,00825871
-0,02069368
-0,02239769
-0,00706108
-0,004152022
-0,01422617
-0,01393433
-0,01849739
-0,02674862
0,01617047
-0,01239071
0,007131656
0,02045803
-0,01681817
0,02275275
-0,01335961
-0,002026215
0,02270651
0,01184552
0,01964742
0,01998401
0,02199487
-0,02953499
0,008580887
0,02556951
0,02663551
0,009222332
0,009339365
-0,02867296
0,01855141
0,01404372
-0,03095776
-0,004569252
-0,03158017
0,02632922
0,008897829
0,01343809
-0,02951207
0,002065288
-0,02307915
-0,03292081
-0,0333794
-0,02631894
0,00732429
0,0003454836
0,006781062
-0,01698954
0,01938158
-0,01380684
-0,001314834
0,01963586
-0,02293193
0,009552739
-0,02844282
0,01592759
0,001145533
-0,01517643
0,005684279
0,00297644
0,004577537
0,01206334
0,0104644
-0,0217395
-0,01705983
-0,0300588
-0,01598068
-0,02317275
0,01676138
-0,01622331
-0,01871716
-0,0007735772
-0,00660374
-0,01146644
0,005537751
0,0178706
0,01750266
0,01582231
-0,01236386
-0,03038581
-0,0229182
0,0007929864
0,007619725
-0,02216391
-0,007471253
0,01819099
-0,003494436
-0,01694013
-0,009795985
-0,02386078
-0,01078036
-0,01007046
-0,02587803
-0,002491888
0,02246358
-0,01524424
-0,01899561
0,008915602
0,01270192
0,002221974
-0,01807286
-0,002453276
-0,004634149
0,005313443
-0,02488604
-0,02569899
7,99748E-05
0,02442887
-0,02301436
-0,01381919
-0,02759958
0,0204451
-0,03246077
0,004882102
-0,00475022
-0,02516947
-0,02911884
-0,00053755
0,01755018
-0,006938921
0,000597916
-0,03149438
0,01640491
0,008971977
0,02424259
0,01939365
-0,008349075
0,02311109
-0,01061218
-0,01935889
-0,002615414
0,02617979
0,02106461
0,004770906
0,00652764
-0,001953108
0,02384101
0,02725274
0,02614322
-0,01769816
-0,01773382
-0,00579708
-0,03011709
-0,0317203
-0,0346185
-0,005737955
-0,01654432
-0,01009063
-0,03419917
0,01660964
-0,02073798
0,009983373
-0,03840814
-0,01145875
-0,03285975
-0,01706975
0,01711358
0,0239134
0,01254959
-0,008270388
0,01401919
0,00753427
0,001517567
0,02485217
0,01974596
-0,01992057
0,02605489
-0,008628692
0,02678793
0,02564225
-0,02078359
-0,0290519
0,003516588
0,003079444
-0,02287123
0,02978351
0,02392295
0,01480539
0,006429741
-0,006905416
-0,00767079
0,0182159
0,01672945
-0,004916109
0,01844969
0,00572369
0,02591492
-0,006365986
-0,006302717
-0,01580822
0,003763195
0,02152219
-0,0239192
-0,002883234
-0,006023124
-0,001964434
0,01807648
-0,03311331
-0,03171466
0,01244203
-0,00955105
-0,03849008
-0,004331357
-0,03177108
0,002462572
-0,0195974
-0,02200147
-0,006104514
-0,01478558
-0,02525716
-0,006532221
-0,02736633
-0,01313157
-0,0111989
-0,03174918
0,02645401
0,02188332
-0,0222446
-0,02317943
-0,01812525
-0,01633995
-0,0002067866
0,02540757
0,010086
-0,0144259
-0,01480808
0,02088542
-0,02724391
-0,02621812
0,0007477712
-0,02918121
0,01310384
0,000143452
0,01267541
0,02129434
-0,006520785
-0,01287439
0,006281646
0,01203531
-0,002840537
-0,01145392
-0,009437247
-0,02717819
-0,01624705
0,01593797
-0,005546513
-0,005085096
0,01040314
-0,01113746
-0,01013947
0,0007436308
0,007776509
-0,03750857
0,02097813
0,002398834
-0,03608015
-0,03395217
0,01513536
0,01886042
-0,00813594
-0,006771456
-0,02402859
-0,01082843
0,01662412
-0,0249226
0,009953763
0,00370674
0,006074715
-0,001077746
0,005101785
0,008422065
-0,01691522
-0,006936869
0,007645368
0,01916616
0,01819556
-0,006992434
0,007563748
0,01848556
0,01082644
0,009359444
-0,0310432
-0,001158046
0,000205059
0,01502284
-0,02126458
0,01014296
0,0007082323
-0,02831847
0,0148418
-0,01687188
-0,01196854
0,009477682
-0,01709566
-0,03338945
-0,02720211
-0,03770405
-0,0225694
-0,03489915
-0,0332793
0,01970354
0,01544329
-0,0230679
0,0144452
0,01578135
-0,005082006
-0,01455445
-0,01182541
-0,02362677
0,01673583
0,004147646
-0,006120543
-0,02876257
-0,01862701
0,0154134
-0,003039556
0,008804505
0,02137931
-0,02975353
0,02380786
0,02868829
-0,02873061
0,001630251
0,01024527
-0,01313453
-0,01649423
-0,001517333
-0,02578826
0,003835997
0,005739482
0,01393598
-0,03057681
-0,007468177
0,006182448
0,0103679
0,00866321
0,01113725
0,006046675
0,005944876
-0,01753424
0,01334054
-0,0153502
-0,01404681
-0,02220981
-0,02362609
0,01514673
-0,01803154
-0,00631887
-0,008178828
-0,00366049
-0,007046997
-0,0307518
-0,02408315
-0,02203247
-0,02729405
0,02150584
-0,0110997
0,004669009
0,00377372
0,006486068
-0,03033162
-0,01207809
0,01861933
0,006789442
-0,02528225
0,00423115
-0,02843281
-0,007048769
-0,002026457
-0,02442406
0,0146848
-0,02997741
-0,01707149
0,01366497
-0,02579822
0,008154513
0,01004326
-0,01370861
-0,004615254
-0,006881991
0,02120054
0,02391079
0,001391675
0,02650735
-0,0295374
0,003564173
0,01309142
-0,02176648
-0,00250603
0,01398231
-0,01955689
-0,03529371
-0,0334176
0,02302534
-0,02016787
-0,01088011
-0,005838026
0,01299874
-0,03035239
-0,0006917482
0,01052984
0,01564883
-0,03719218
-0,01490042
0,01302969
-0,003294832
0,02364972
0,004954595
-0,01958403
0,001226955
-0,01182708
-0,02060525
-0,01834319
-0,01639461
0,01764321
-0,02454037
0,01614997
0,02161862
0,0003920756
0,002657779
0,02211108
0,02255401
0,02642459
0,01213881
0,02028782
0,01032643
0,02928185
-0,01623066
-0,003382317
0,004773605
-0,02436902
0,021639
-0,02344247
0,01802045
0,00152855
0,02560456
0,01723829
-0,02685598
-0,02812051
-0,003903544
0,002118124
-0,02910076
0,02151194
0,02440296
-0,00548011
-0,03502203
0,01243295
0,01177807
-0,0301936
-0,03338009
0,0009693854
-0,003402714
-0,02554429
-0,001881183
0,008708985
0,02753573
-0,03290327
-0,00924478
0,005483819
-0,02094866
0,002807141
0,01517499
-0,02179948
0,00963271
-0,004829912
-0,007735485
-0,02891307
-0,006843225
0,009970965
0,02251579
-0,01080478
0,01067415
0,01797112
-0,02942774
0,02831423
0,01534555
0,02667747
0,02779474
-0,01893705
0,01595775
0,01828109
-0,0202245
-0,03035462
-0,0135814
0,02194152
2,514359E-05
0,004003804
-0,004046372
-0,02976573
-5,613669E-06
0,02079925
-0,009450391
-0,003841923
0,02078363
0,02439837
0,01616326
0,02042035
-0,01946142
-0,008443891
-0,03930254
-0,03883633
-0,01181206
-0,03186926
-0,01893924
0,01308728
-0,03138266
0,01797085
-0,01504343
0,007966022
-0,03403475
-0,02609275
-0,02618796
-0,02042069
0,02303712
-0,006145938
-0,00672042
0,01047993
0,02112549
0,0168665
0,02709982
0,01909811
0,003398693
-0,01054438
-0,02444376
0,02700111
0,02464326
-0,02003712
0,02370377
-0,02717987
-0,02170238
0,01777112
0,008947578
-0,004595653
-0,02440591
0,01190607
-0,01334675
-0,03051586
0,01101363
-0,004253196
0,01798869
0,004874418
-0,01328686
0,01675978
-0,03092222
-0,003533879
0,01983438
-0,0220918
0,002927746
-0,007396357
-0,007876036
-0,03500611
-0,03865211
-0,01153769
-0,007815629
-0,02565931
-0,007276406
-0,02630694
-0,03154976
-0,01063442
0,02296637
0,02290637
0,02805969
-0,01855586
0,0009480865
-0,01862667
-0,007115162
0,005019268
-0,02574662
-0,02059754
-0,02829456
-0,009710317
0,02797727
-0,004579064
0,02780201
-0,01170963
-0,001824444
0,01193211
-0,01433312
0,003808858
-0,02734781
0,01195566
0,002194103
-0,006633785
-0,001449633
-0,0303266
0,01217176
-0,02269391
0,01928333
0,02016475
-0,0208738
-0,02224819
0,02313549
-0,01378205
-0,005244423
0,02120971
0,001565824
-0,03141633
-0,01832521
0,01332297
-0,0326378
-0,0267796
-0,03684406
-0,0149749
-0,0144655
-0,02851306
-0,02994589
0,00338042
-0,004437877
-0,01931432
0,01236809
0,01378081
0,02353462
-0,00021782
-0,01121331
-0,01615721
-0,01081152
0,00191153
0,01013482
0,0009173144
-0,00267509
-0,0178782
0,01474501
-0,01634737
0,02735142
0,02156107
-0,008780001
0,007383
0,02602549
-0,02939033
0,007672446
-0,01274017
-0,009283207
-0,006288297
-0,003419461
0,01862766
0,005659856
-0,02541797
0,02486269
-0,01607855
0,01743803
-0,02848128
0,001815875
-0,001734367
-0,0333079
-0,01249912
-0,02382374
-0,01016918
-0,03526537
-0,02277674
-0,002652302
-0,03390156
-0,01717349
0,008161946
-0,01587385
0,01846385
-0,005452302
0,01696801
-0,005836572
-0,001431967
0,01762592
-0,001998844
0,01276938
0,001858883
0,01015041
-0,001826638
-0,005095593
-0,001363516
-0,02772136
-0,001780867
0,006355973
-0,01647019
0,005572742
-0,005619347
0,01018412
-0,006031581
0,005293978
-0,01886717
-0,01906019
0,001532186
0,003478474
0,02048521
0,004510053
0,007043738
-0,006846649
-0,0002197096
0,02156873
0,00303008
-0,03056859
-0,001959472
-0,01414735
0,01076326
8,458275E-05
-0,01502408
-0,01345434
-0,01895125
-0,02045825
-0,03486499
0,01608837
-0,005128717
0,01846145
0,005478716
-0,01604982
-0,009189886
0,002670685
-0,01088129
-0,004479948
-0,035322
-0,02963998
0,02286021
-0,01501782
-0,01301178
0,00965434
0,02904358
-0,02789033
-0,02927438
0,02802374
-0,02285756
-0,02133136
-0,02396419
0,006568325
0,02136764
-0,001951038
0,003548397
-0,01785183
0,02384261
0,009377081
-0,0160462
0,03008079
-0,008287705
-0,02628255
-0,001283316
-0,01440289
0,00533727
0,0004199971
0,01337571
-0,007022572
-0,03078574
0,02669064
0,02727012
-0,03305
0,01682059
-0,007398903
-0,03428453
-0,02465058
0,01837679
-0,03770906
-0,00103466
-0,01658617
-0,01358599
-0,02264869
-0,03051704
0,01511045
0,008537685
0,0226713
-0,02629784
-0,01515143
0,01704776
-0,01504028
0,01037446
0,01075807
-0,01379695
-0,02967813
0,01787683
0,02523492
0,02110683
-0,02685805
-0,02508009
-0,004353909
-0,01288915
0,008352259
0,02675024
-0,02110226
-0,02055365
-0,02252113
0,01754326
-0,002392487
-0,004225932
-0,005435902
-0,01504177
0,02129706
-0,02807908
0,02189693
0,005421062
-0,03028353
0,0221956
0,0004720571
-0,003016042
0,005599066
-0,009902845
-0,0115526
-0,004147367
0,009567859
-0,02388262
-0,02046966
0,005354027
0,008934692
-0,003598621
-0,0316617
-0,02319819
0,01197063
0,01572085
-0,03486707
-0,03987538
0,01057294
-0,01421594
-0,03567717
0,0104059
0,003370951
-0,02587591
0,007139201
0,02446643
-3,207432E-05
-0,02306015
0,02563863
0,01217091
-0,005890639
-0,003987725
0,01476914
-0,027307
-0,01048181
0,00630812
-0,002613117
-0,02678199
0,02509677
-0,02122424
-0,01414527
0,02753727
0,02472467
-0,006217015
-0,02858316
0,0204889
-0,0136932
-0,02460822
-0,009593609
0,0229637
0,01804476
0,01949218
0,01979799
0,004116539
0,01394812
0,01081624
0,01499382
-0,006796542
0,004530074
-0,01115203
0,01875222
-0,005730827
-0,02391795
-0,003563911
-0,02063112
-0,02386107
0,00974091
-0,0377365
0,02244768
-0,02047409
-0,01068494
-0,02915172
-0,02865923
0,0008501064
-0,02576644
-0,02883437
0,02484309
-0,01378111
-0,02066187
0,02020071
0,008870371
-0,007840889
0,01392721
-0,0309271
0,02056792
0,002507149
0,006269335
-0,02122411
-0,01274279
0,004121302
0,01797584
0,02975312
-0,01029884
-0,003518012
-0,02211184
0,01045201
0,01108101
-0,01083313
-0,02822871
0,005698522
0,02568639
-0,02164899
-0,02744163
-0,0315306
-0,007442255
0,01361149
0,008706334
-0,0213294
-0,005834452
0,0005873505
0,01392053
-0,002969974
-0,01766535
0,02035129
0,01420633
-0,00236835
0,0106592
-0,02271613
0,006697935
0,006229749
0,006564011
0,00693262
0,01140725
-0,01160409
-0,002897721
-7,881049E-05
0,01947021
0,01268598
-0,003029494
-0,004381659
-0,005029741
0,003030478
-0,01952465
-0,001470972
0,02012775
-0,004770608
-0,01325855
0,01238171
0,005770688
-0,02210543
0,02190624
-0,00888195
0,007485951
0,006474366
0,01211751
-0,01535875
0,008989098
-0,003028748
0,006207302
0,0005434811
0,01907364
-0,009810713
0,006687349
-0,01261542
0,02506443
-0,01440783
-0,0101226
0,009492775
0,001400137
0,01923211
0,01891484
0,02684123
0,01411406
-0,02773322
-0,02468825
-0,02364517
-0,02097647
0,007894329
-0,03725449
-0,01713593
-0,01799194
-0,02625332
0,007951253
-0,000629043
0,02139344
-0,007536751
-0,02561786
-0,02043171
0,01004207
-0,01720462
0,01803362
-0,009332676
-0,02587429
0,02474023
0,004854479
-0,02577842
0,02711821
0,0237993
0,004442796
0,005420877
-0,02778617
0,004190498
-0,02314351
0,01143812
-0,01727059
0,0225761
0,001883369
0,0007404581
-0,008340496
-0,005825228
0,02253872
0,02143661
-0,004628422
-0,01928459
-0,02121246
0,009675355
0,006214205
-0,03076969
-0,01142635
-0,006332729
-0,02858769
-0,02371656
-0,0371782
-0,01769921
-0,0348949
-0,004547424
0,01475747
0,01125067
-0,01339486
-0,03113117
-0,01661538
-0,00480528
-0,02096465
-0,009419987
-0,01376483
0,01615728
-0,02845427
-0,0295486
-0,01119132
-0,02974539
0,01905155
0,0009625386
0,0182114
-0,012901
-0,008631825
0,02964801
0,02547358
0,02291411
0,01374891
0,02308705
-0,004959423
0,02433498
-0,001299751
-0,02946402
-0,005407539
0,01921098
0,003338406
0,01665677
0,005842853
0,008343239
0,02699656
0,01186151
-0,02735679
-0,01586445
-0,02765716
-0,009214344
0,005583038
-0,03208628
0,01981246
-0,01194426
0,001086844
0,003283357
0,0071904
-0,01596295
0,002685576
-0,003621825
-0,01731971
0,003152694
0,01954795
-0,03569079
0,0006011222
-0,03315598
-0,02816501
-0,002607503
0,009617276
-0,004323669
0,02983719
-0,01776364
-0,03113133
-0,0004357127
-0,01772775
-0,01560116
-0,004928841
0,01093772
-0,02604922
-0,02159333
-0,001341803
0,003223286
-0,01747744
0,02779528
-0,006581305
0,02494709
0,02871206
-0,01249347
-0,01882969
0,01664365
-0,0178258
-0,02078317
-0,01076918
0,01700555
-0,005809316
0,02150878
0,01858534
-1,419287E-05
-0,02891659
0,02344797
0,0005084768
-0,003391438
-0,001929265
0,0008000485
-0,01453693
-0,0140475
0,02093837
-0,01504324
-0,02631193
-0,01390254
-0,03087649
-0,0402803
-0,02453429
-0,004036065
-0,02535016
0,01676762
-0,001784332
-0,03410282
0,009514879
0,01202989
-0,02915219
0,01921835
-0,007845593
0,02568741
-0,01509436
0,02078122
0,02298574
-0,01736793
-0,02634993
-0,006882985
-0,002833767
0,02742718
0,0115652
-0,02169902
0,00603547
0,03060646
0,02993723
0,00362415
0,002483676
-0,02994969
0,02558121
0,006178743
-0,02416457
0,01820451
0,008318545
-0,01873033
0,01977811
0,01662099
0,008634004
0,0009611191
-0,01455115
0,01690108
0,01388964
-0,02311219
0,013214
0,001572773
-0,03500671
-0,004483508
-0,01713478
-0,00591891
-0,008318733
0,009470319
-0,02197065
0,01190286
0,02526796
-0,01831377
-0,01074812
-0,02320122
0,02610799
-0,02282571
0,02043216
0,02627833
-0,001790472
0,01143652
0,02019219
-0,004577568
0,01495244
0,00543346
-0,01103942
-0,02755706
0,03023423
-0,02471609
0,004861197
-0,0002103165
-0,02484204
0,008690604
-0,02157193
-0,005336335
-0,01532464
0,02363561
0,02402083
-0,007625691
-0,01985821
0,02906578
0,002445765
-0,02202854
-0,0145193
-0,01523631
0,01830961
-0,009705445
0,01813711
0,007545081
0,01247019
-0,007153738
0,001388398
-0,01961139
-0,02234192
-0,03796571
-0,01492282
-0,01221454
0,01775532
-0,008945289
-0,0241861
-0,01728433
-0,00124352
-0,009166588
-0,02085779
0,01682369
0,01239385
-0,01278867
-0,02582664
0,02581172
0,02411863
-0,0273746
-0,01852461
-0,001678682
0,01675575
-0,001196156
-0,01972567
0,01038396
-0,02212018
-0,001018669
0,01682898
0,02829008
-0,01824689
-0,01380539
-0,01560648
-0,02649494
0,0161862
0,01644914
-0,0101654
-0,02862213
0,02692102
0,02012716
0,0279869
-0,003175008
-0,02379522
0,01904113
-0,008907066
-0,02688014
0,02416859
-0,00491306
-0,002352967
-0,005291562
-0,02010911
0,01726062
0,01029564
0,005666321
-0,02402757
-0,0243601
-0,005308853
0,01184827
0,01586015
0,009101607
-0,02141962
-0,01020566
0,007453931
-0,01405164
-0,02302919
-0,01525325
-0,02044343
-0,02027619
-0,02970637
0,02826448
0,02714103
-0,02857439
0,02763933
-0,02511468
-0,02370119
0,01657815
-0,006713541
0,02811458
-0,02420073
-0,02432926
0,01418323
0,008286849
0,0273572
-0,01453025
0,01167555
-0,01387639
-0,003878602
-0,002295014
0,01661527
0,000135289
-0,01835616
3,956991E-05
-0,02155556
-0,01899165
-0,002372302
-0,005868851
0,01176222
0,01379636
0,007646298
-0,02573275
0,0248447
0,01260804
-0,01173247
-0,008084707
-0,0104301
-0,02977107
0,02136031
0,009333257
-0,0004003218
-0,01285696
0,01409691
0,0008267024
0,01122575
0,01638679
-0,03085283
0,008976985
0,002342311
-0,003751383
0,006017697
0,02122704
0,02098024
0,01112797
-0,01111723
0,0001906671
0,01757721
-0,001494646
0,0268408
0,01804813
0,006775926
0,008727702
-0,02819188
0,007927435
-0,01396695
0,03015081
-0,01878817
0,02563149
-0,02018155
-0,007794959
0,01243189
-0,003554893
-0,0140142
0,01057748
0,01773269
-0,01302391
0,008013548
0,002094091
0,01456597
-0,01651489
-0,02539378
0,01805201
0,02562152
-0,02156538
-0,03276619
0,007145447
-0,02592243
-0,0291704
-0,01127647
0,01905767
0,004251704
-0,03838704
-0,02143716
-0,02469767
-0,02670072
-0,03508376
-0,004491233
-0,01858658
-0,009707073
0,01597913
0,009174552
-0,02399433
-0,001810708
-0,0232732
0,01296047
-0,02146563
0,003697961
-0,02011299
0,02315955
-0,02694584
0,01999284
-0,01808006
0,01309032
0,00970593
0,009064212
0,01815559
0,01142637
0,01470373
-0,0008126357
-0,003301871
0,01295763
0,02481581
-0,005784625
-0,01872486
0,008083228
0,01145742
-0,01944639
-0,02480876
0,0001711383
0,01313986
0,01521836
-0,006444663
-0,02015444
-0,03601202
-0,001907581
-0,03848543
-0,01840745
0,01458195
-0,00432665
0,02065945
-0,02321011
-0,03491898
-0,01270116
-0,00970107
-0,02540455
0,001949418
-0,01240763
0,008174383
0,002062522
-0,007808481
-0,01002273
0,01479052
0,0140798
0,02170341
-0,03023777
0,01244843
0,01213064
-0,01343682
3,687546E-06
-0,02695262
0,02700044
-0,00469579
0,007780805
-0,02490654
-0,01758835
-0,008621886
0,02632021
0,01063184
-0,02998907
0,007850767
-0,001483268
0,02130662
-0,01956736
0,0002558599
-0,02009781
0,009159288
0,002900485
-0,03427498
-0,03015732
-0,03106054
-0,01328139
0,00129371
0,002005314
-0,02625483
-0,01106832
-0,03620705
0,009035237
-0,008881554
-0,03550975
0,01766346
-0,01674703
-0,03448073
-0,01502806
-0,002232647
-0,02962449
0,01907314
-0,001751093
-0,01470976
-0,01794732
0,01703808
0,006166209
0,008734658
0,006703398
0,02442464
0,02244379
-0,002028367
0,003982035
-0,01873624
0,009727088
-0,01010514
-0,02195696
0,01097034
-0,01893395
-0,004566526
0,01127579
-0,0087176
0,0183349
-0,004218767
0,007291505
-0,02374549
0,004757911
0,001890198
0,009993414
-0,02381168
-0,01455937
-0,00598263
0,0005798888
0,004731362
-0,004269124
-0,01067663
-0,02252791
-0,01433231
0,01411984
-0,01791321
-0,01020666
0,004831947
-0,03401516
0,007137406
-0,01888908
0,02161825
-0,00230247
0,0005078308
0,01029245
0,01082998
0,01590699
0,009450929
0,02305384
0,02451755
0,02259892
0,01359128
-0,02884114
-0,02879477
0,009229857
-0,02468312
-0,01896035
-0,02385182
-0,02968834
-0,0001880522
0,007164126
-0,003854425
0,02633927
0,02551211
0,01195689
-0,01360255
-0,02416178
0,01970308
0,0235932
0,0232922
0,02984514
0,02995124
-0,01269004
-0,02734018
-0,0264034
0,0085144
0,00386564
-0,03190302
0,01669553
0,02516068
-0,01504197
0,003948125
0,0001065772
0,004173822
0,0155032
0,01521441
-0,01335397
-0,02169575
0,006613358
0,007806872
-0,02838844
-0,01492286
0,007567625
0,0008001831
-0,02632013
0,02156571
-0,02767338
0,006368637
0,0266639
0,001134951
0,009862247
0,02990339
0,01597787
0,02989502
0,02523033
0,02061455
-0,008332061
0,02690808
0,02545082
-0,02906192
-0,000692046
-0,01988119
-0,01023824
-0,02645073
-0,01959001
0,0289842
0,02043626
-0,01129408
-0,02307673
0,0250429
0,02730757
0,02527994
-0,02269668
-0,02120942
0,01463504
0,009221285
-0,01304809
0,01656301
0,02806716
-0,01832156
0,003722326
0,02441958
-0,02730363
-0,01442348
-0,01351319
-0,01311313
0,01995639
0,002758573
0,007601277
0,02595602
-0,009389928
-0,00947002
-0,01783409
0,01039072
-0,01747618
0,02580364
-0,0312618
0,0081033
-0,00813784
-0,01917314
-0,02445056
0,01656887
0,0002442772
0,03068827
0,0047062
0,01252669
0,01979523
0,005161446
-0,01628228
-0,0131783
0,001602176
0,003852999
0,02890515
0,01316433
-0,003286777
-0,0007148104
-0,02860217
-0,02898225
0,0147496
0,02117619
-0,02359867
-0,01540105
0,005695359
-0,02434262
-0,001365773
0,001513977
0,006299095
-0,002851822
0,02607578
0,01724303
0,006097144
0,007498914
-0,005223044
0,01747938
-0,02480104
0,01384305
-0,001036817
-0,02459911
0,01260017
0,003167793
-0,004972111
-0,01821333
-0,01188216
-0,004100071
-0,002375778
0,02033913
-0,007112771
0,004730066
-0,01510563
0,01541426
0,0272206
0,0298422
0,02553179
0,002015316
-0,02837052
0,01937119
-0,01963906
-0,006451542
0,0007128798
-0,02751519
-0,02392133
-0,006729826
0,008645131
-0,003848248
0,008611185
0,02135083
-0,02369373
-0,02123111
0,004073741
0,00843059
0,02912725
0,02140245
-0,01410975
-0,02373321
-0,01157818
0,02094617
0,02180256
-0,02167687
0,009101194
0,006588566
-0,02772973
-0,03128852
-0,0180927
-0,01876751
0,02093643
0,0098114
0,01451227
0,02410385
0,0156255
-0,01491487
0,001252136
-0,02823052
0,006950192
0,01422775
0,0003251005
-0,02386334
0,006687282
0,02621937
0,01903136
0,008675494
0,01748178
-0,01240305
-0,02938556
0,006532982
0,014314
-0,02728081
0,01222613
0,01891943
-0,01868512
-0,01869188
0,02865293
-0,02792352
0,01457676
0,02480378
0,02860662
-0,02600074
-0,02032779
-0,00453271
0,0039354
0,02889011
-0,02558271
-0,02037392
-0,01230028
-0,01754779
-0,02947057
0,02447139
-0,01553836
0,004608082
0,004526911
-0,01857402
-0,02229671
0,02207533
-0,01084525
-0,03060044
0,0157073
0,01341301
-0,03250982
0,002791031
-0,005515445
0,01648197
0,02534997
0,02532507
0,0128214
0,006108643
-0,01027075
0,004560237
-0,008791153
0,0131859
0,01483281
0,0003126448
0,02886419
-0,0161307
-0,005845537
0,01935196
0,001005025
0,004651099
0,0293675
0,01645771
0,004809883
0,02281237
0,02035022
-0,02225786
-0,01579498
0,02936412
0,02998279
-0,02670863
0,01212672
0,01252184
-0,0268002
-0,01970742
-0,02820549
0,00126632
0,02724385
0,01428284
-0,02830231
-0,02240157
-0,004559163
0,0122386
0,02341539
-0,005918587
-0,00284775
-0,004684507
0,01716219
-0,02627762
-0,01796589
0,02616421
-0,000558193
-3,046767E-05
-0,003747352
-0,01625152
0,01844992
-0,01648077
-0,03019996
0,001720536
0,02707343
0,01848907
0,01337465
0,01581682
0,009062015
-0,01221129
0,0238753
0,01132588
0,01151153
0,002770752
-0,005735121
-0,005589393
-0,01557656
0,008307557
0,01857794
-0,005005861
-0,02024661
-0,01200048
0,02443681
-0,0205747
-0,008125124
-0,009018442
-0,01227127
-0,02259463
0,01377251
0,03047052
0,0008175148
-0,01978502
-0,01872679
0,01697925
-0,007434789
0,01752919
-0,001110093
-0,006852843
0,01565759
-0,01962854
-0,008398103
0,006801811
-0,0319162
0,001116274
-0,002069273
0,01701377
0,0162632
-0,0157346
0,008921512
0,01926203
0,01335603
0,02264655
0,01114209
-0,02767094
-0,02539275
-0,001541822
-0,01057525
0,02361807
-0,01721513
0,00763325
0,001806199
0,005842747
-0,02735942
0,009076248
0,01695362
0,01187297
-0,00302561
0,02397427
-0,01989753
0,008396166
0,02668041
0,02291296
0,02342208
0,006242348
-0,02938967
0,0005130428
-0,01427068
-0,00969092
0,007333357
0,0009882707
0,00252915
-0,03005781
-0,003371113
0,0232719
-0,01495056
0,00797515
-0,002040178
-0,02280183
0,01156558
0,02311548
-0,004136536
0,002918617
-0,02502957
-0,02565386
0,008405792
0,01780242
0,004534638
-0,008228689
0,01590109
0,0186063
-0,009514063
0,02393104
-0,02587214
-0,02986446
0,02518287
0,0217262
-0,03063488
-0,02333647
-0,02750867
0,005469613
-0,01647896
-0,03035704
-0,01398394
0,01301399
-0,02456944
0,001632547
-0,02026216
-0,01939376
-0,006131503
-0,0203742
-0,0150316
-0,01013513
-0,01756509
-0,01287274
-0,01820355
-0,009327157
0,01449389
0,0167097
0,02602974
-0,01807755
0,0233146
0,02227562
0,003058367
0,01702337
-0,02350154
0,008134617
0,02374508
-0,007412324
0,02834917
-0,007570614
0,00607514
-0,01178762
-0,03043334
-0,02673791
0,008205197
-0,004871831
-0,01186829
-0,006487158
-0,03127287
-0,02279765
0,006223571
-0,005960434
-0,03269024
0,004997585
0,004662943
-0,02658551
0,0120293
0,02001012
0,02187234
0,003544535
-0,02231378
-0,01598152
-0,01884638
0,02266603
0,01372326
-0,007220524
-0,001660884
-0,0001644727
0,006484559
-0,001242024
0,008087222
0,0181601
-0,01697504
-0,02942155
0,002765202
0,0249457
-0,01349174
-0,02316938
0,0083868
0,01665766
-0,02892914
-0,01105428
0,01576971
0,01666201
0,003027015
-0,003404539
0,02140133
0,02617081
-0,01802589
-0,02739793
0,02484712
-0,02860608
-0,002369887
-0,007316287
-0,016522
-0,008639408
-0,02282328
-0,02123064
-0,009524497
-0,01634144
0,02658709
0,01985711
0,01807132
0,001694784
0,001372425
0,02173846
-0,01641667
0,02990041
-0,02570326
0,01065992
0,01796405
0,005127028
-0,01808414
-0,02413804
0,00319132
0,01997289
-0,0006284064
-0,004413919
-0,01046591
-0,01369443
0,001273541
0,002222973
-0,0126112
0,003081728
0,003245302
0,004581952
-0,01227994
0,01997266
0,01642162
-0,02015018
0,01590821
-0,02444169
0,01474562
-0,007997378
0,01888689
-0,01875052
-0,0004329256
-0,01705076
-0,0152818
0,01184697
-0,01777798
0,02141912
0,02043743
0,0013282
-0,01475013
-0,01031088
0,02121181
-0,006867351
0,01952437
-0,00583969
0,02458416
0,0141224
0,02230743
-0,02337183
0,01551891
-0,004522752
0,002482067
-0,01386662
0,02987975
0,02745705
0,003743584
-0,005728781
-0,01597747
0,02581591
0,02562443
0,01279431
0,02197511
0,02068467
-0,01249546
-0,008168036
-0,009399849
-0,01393429
-0,01960965
0,007699952
-0,02702098
0,009621869
0,01168255
0,01616628
-0,01251353
-0,01692782
0,01293718
0,02371613
0,02959343
-0,008729503
-0,01376751
-0,0285557
-0,01598118
0,007950949
0,006649149
-0,007559252
0,008435559
-0,01795506
-0,01677074
-0,01255062
-0,02178797
0,01879836
0,007502486
0,02526431
0,006310342
0,003212023
-0,0006007765
-0,02889909
-0,02336725
-0,001091757
-0,02543774
0,007711493
0,003556677
-0,01593563
-0,02660697
-0,02405246
0,01474211
0,01754069
0,03008465
0,01717754
-0,01521267
0,01100635
-0,004661781
0,02316335
0,00933599
0,02404144
-0,001393427
-0,01629585
-0,01604467
0,02536126
0,01346907
-0,02211522
-0,02759088
0,02321407
-0,0007195753
-0,01598852
-0,02875763
0,01638087
-0,02074879
0,01431804
0,01448866
0,01146544
0,01663396
0,0004642982
-0,01323437
0,008838682
-0,001701125
0,02992888
0,004246516
0,0004342074
0,008106343
0,02178531
-0,01723459
-0,003191294
-0,02704363
-0,001734637
-0,005626841
0,01572337
-0,01330349
0,0134266
-0,02503644
-0,01472763
0,0181372
-0,01784958
0,0159706
0,02698029
0,005391781
0,01131971
0,0159284
0,02030319
-0,02497657
0,02931915
0,008165217
-0,01462232
-0,0276959
0,003718419
0,02471761
0,02530407
0,006425342
-0,02956654
-0,004242395
-0,0009285497
0,009951757
0,01415853
-0,01304439
0,02206431
0,02519173
0,005768124
0,02020829
-0,02878069
0,02029017
-0,01403693
-0,0003883693
-0,003324812
0,009707159
-0,0008395155
0,02387055
0,004294031
0,0147244
-0,009966116
-0,02671951
0,01743726
-0,01567524
0,01478796
-0,004546682
0,009806121
-0,01592551
0,02875097
-0,004961583
-5,865888E-05
0,004057762
-0,000505016
-0,02065547
-0,01381678
-0,01260217
0,006345551
0,005968857
-0,02601261
0,02594751
0,02485427
-0,02789245
0,03052336
0,02171719
0,01447017
0,03051602
0,01960378
-0,0002702379
-0,01862009
0,006440327
0,003597559
0,01030494
-0,009693668
-0,01955782
-0,01360117
0,02775946
0,008765267
-0,01537526
0,02590167
-0,0111569
0,007896816
0,008154935
0,02721086
-0,01925498
-0,00976107
-0,002138321
-0,0094285
-0,02350794
-0,01677158
-0,02094135
-0,02701346
0,02378258
0,0198045
0,008896094
0,02054273
-0,01216958
-0,02674798
0,02646656
0,0004936961
0,01489266
0,006440427
-0,0200259
-0,02750088
-0,008000052
0,02191517
0,02022197
-0,01635947
-0,0107718
0,02362332
-0,01091587
0,009309645
-0,008225942
0,010685
0,01580007
-0,01198852
-0,0133251
-0,02453145
0,01972814
0,001439562
-0,01342295
0,009819831
0,01298479
-0,0136229
-0,02786507
0,003300773
0,01024347
0,02088975
0,01179769
-0,009581109
0,02913401
0,02443802
0,01291861
0,01472596
-0,018858
0,01311767
-0,001981606
0,005631495
0,00516182
-0,01060186
0,0007311495
-0,01569258
-0,02849525
-0,01642083
0,02479631
0,0004838412
0,01190289
-0,01685658
-0,02582518
-0,008870553
0,004014353
-0,01761128
-0,0157895
-0,005004828
-0,01605965
-0,0250528
0,02394432
0,02413626
-0,02963351
0,01934624
-0,01831648
0,0298791
0,002430674
0,02936398
0,02508094
-0,004739594
0,02700899
0,007691391
-0,0003708559
-0,02731836
0,02055059
0,01164448
0,0008312764
0,0002625778
-0,02929969
-0,02770636
0,008278166
-0,0006368519
-0,007878638
0,002236155
0,02197647
-0,002982323
0,01667461
-0,009331886
0,01706698
0,016746
0,01023135
-0,01208852
0,0007537109
-0,023861
0,01976635
0,004499182
0,005240455
0,01648653
-0,02227203
0,001418868
0,01244868
-0,02721216
-0,01083415
-0,0003758196
0,004112319
-0,02576916
0,01419788
-0,02846072
0,001181285
0,02291609
0,01217754
0,01454098
-0,0056958
-0,01833795
-0,002722084
-0,005430444
0,002006436
-0,001243507
0,02798436
0,01529383
-0,01678435
-0,01822972
-0,01769535
-0,02166162
0,01561639
0,009077962
