-0,02855988
0,003960877
0,002474175
-0,005010107
-0,01235477
0,007955727
0,02679304
-0,02867524
0,003605988
0,01950635
0,01139464
0,01073838
0,02228308
-0,009043491
0,003585547
-0,01497766
0,00602707
0,02665386
-0,01470882
0,01453386
-0,03006216
0,03038154
-0,01045516
0,0088029
0,00644721
0,02512432
-0,0114287
0,01713677
-0,01137727
0,01708795
0,008621363
0,02635488
0,01648846
-0,0004142031
0,004848903
0,01928245
-0,02003912
-0,002161996
0,02804584
-0,02829489
0,02065853
0,01682669
-0,01215272
-0,02840332
-0,0007269686
-0,01660249
0,004694475
0,009867428
7,527067E-05
-0,01533472
-0,01543719
-0,0214326
0,02020071
-0,02593486
-0,01304491
-0,02877005
-0,01738241
0,02608895
0,02205364
-0,007043829
-0,009556542
-0,01979996
0,0123868
0,01417383
-0,02246464
0,0101176
0,02207393
-0,008564113
0,01510349
0,01322191
-0,02681999
-0,02148952
0,02948348
-0,01505014
0,02424224
-0,01958909
0,009282783
-0,01546732
-0,02442475
-0,009819156
-0,01269091
0,008285611
-0,01449052
-0,02525509
0,001831191
0,001575111
-0,02821505
0,01143207
-0,01608071
0,004658953
0,007219707
-0,01297749
0,009241984
0,006752862
0,01314391
0,01340423
-0,02558833
0,004603728
0,02332061
0,01745913
-0,008930141
-0,01541736
0,02610705
0,02094812
-0,01178053
-0,01572497
-0,02450454
0,004138226
-0,01888436
-0,0244405
-0,01115246
0,0332692
0,01994393
-0,00270532
-0,0246289
0,01034683
0,02124763
0,008157643
-0,01994519
0,005999896
0,007687476
-0,02216595
-0,02407548
-0,02286481
-0,02883495
0,01182244
-0,01100906
-0,01686316
-0,007869156
-0,02133517
-0,02629228
-0,02466514
-0,001487952
-0,01114321
-0,03104589
-0,02587097
0,01252979
-0,003959423
0,02514307
-0,001954011
-0,006278616
-0,004248565
0,0009712992
-0,01742668
-0,01601816
0,01052856
0,003246998
-0,01690391
0,005214329
-0,02608038
0,02419095
-0,003970178
-0,006278018
-0,01145704
-0,03448948
-0,02359443
-0,02390651
0,0007666455
-0,01090662
-0,01074522
0,01121672
0,02571822
-0,009827107
0,05295544
0,03023106
-0,00732636
0,007374982
-0,001172079
-0,002000583
0,02736857
0,02601939
-0,01850897
0,008226222
-0,002018942
-0,03745406
-0,03779956
-0,01229225
0,001664768
-0,004031413
-0,02864992
-0,02693848
-0,01449617
0,02244059
-0,01352195
-0,01991623
0,01793933
0,01170193
-0,02301878
-0,02402773
0,01843916
-0,03060179
-0,02617383
0,02281205
0,002619749
0,0213318
0,008632191
-0,009385144
0,001631895
-0,009673741
-0,02780286
-0,02063238
-0,0186097
0,01532158
0,001267657
-0,02477672
-0,004969532
0,01022663
0,0001424794
-0,0387539
0,01729023
0,01685811
-0,00379854
0,02620502
-0,006318788
0,002900904
-0,004238934
0,03487989
0,019735
0,02210009
-0,01617996
-0,01145791
-0,02545989
-0,04306655
-0,02193669
-0,002263193
-0,003827825
-0,02646676
-0,04126431
-0,008825839
-0,03195864
0,01174429
-0,02245291
0,002042347
0,009334454
-0,02438832
-0,02136482
-0,005046174
-0,03835183
-0,01285385
0,01172921
0,03558797
-0,02761235
-0,02290653
-0,01563774
-0,01076011
0,02333151
-0,009908072
0,012458
-0,003853887
0,00299415
0,01243771
0,02422604
0,02500507
-0,01791589
-0,01148999
0,03262831
-0,01265682
0,001485835
0,03085506
0,0006773586
0,003319484
0,02237697
0,03314368
0,0116344
-0,003971322
-0,003477119
0,0309832
0,03303744
0,03339371
-0,0279257
-0,01026021
4,759338E-05
-0,03551205
0,002482433
-0,04619864
-0,02344344
-0,03155072
0,02300393
-0,05245293
-4,859454E-05
-0,03561622
0,008879757
0,01735198
-0,04037058
0,002691168
-0,01921175
-0,002333837
-0,02680528
-0,008135642
-0,00192061
-0,03711019
-0,02129404
-0,01298172
0,02228559
-0,003776703
-0,005435563
-0,01467046
0,01297084
-0,02142311
0,02966601
-0,01051627
0,01013701
0,005952842
-0,0298967
-0,007264122
0,01933435
-0,003126418
0,02896821
-0,01994491
-0,02711592
0,01129389
-0,025976
-0,0183681
0,02387279
0,05632911
0,01507835
0,02299768
0,004043995
0,007065033
0,02787682
0,001140966
-0,009960075
-0,0009012023
-0,02762352
-0,04633732
0,01433558
0,001417048
-0,01106837
-0,02428663
-0,02110932
-0,03347595
-0,01420483
0,02868416
-0,0178459
-0,00127972
-0,01448121
0,014568
0,0002718496
0,008551681
-0,02121261
0,01050693
0,0003522117
-0,01534319
-0,0279522
0,01862764
0,02062581
-0,02552417
-0,005597991
-0,02735841
0,02895168
0,00729849
0,01552471
-0,03992127
-0,05467321
-0,007593757
-0,02361634
-0,04807141
0,01158019
0,0006314112
-0,02641741
-0,04874949
-0,02161119
-0,04046899
-0,006320175
-0,001235175
0,01253194
0,02296139
0,01442055
-0,05222769
-0,002469457
0,009251845
0,008760263
0,005807515
-0,04823076
-0,07081802
-0,07046889
-0,03645051
-0,06123573
-0,029979
-0,01806424
-0,02116278
-0,0196793
0,002035738
-0,00433659
-0,02270661
-0,02189817
-0,03023804
0,002508941
-0,01488094
0,03269289
0,0137887
0,001121979
-0,02960843
0,003139223
0,006714906
0,01521202
-0,02244993
-0,02239125
-0,02459801
0,02055682
-0,004211225
-0,0327201
-0,03395556
-0,07090214
-0,04663306
0,009932786
-0,0006736878
0,0008300292
0,01428344
0,03322701
-0,004829708
-0,004917846
-0,01037886
-0,02291893
-0,0176486
0,01702274
0,04631229
0,0070859
-0,05563068
-0,02193908
-0,02010567
-0,03184227
-0,06286249
-0,124393
-0,1248938
-0,1022716
-0,0458397
-0,04090233
0,0238027
0,006721639
-0,0190887
0,03493552
0,01159927
0,007102358
-0,003474194
0,02708541
0,02959221
-0,02997554
-0,007101481
0,100126
0,003179587
0,0221607
0,0002668453
-0,00390615
-0,02739385
-0,03348919
-0,001431795
0,0205278
-0,02239905
-0,004123563
-0,02509194
-0,0008209219
0,02122615
-0,009739535
-0,01666103
0,02984698
0,02897686
-0,02986592
-0,05147209
0,02577518
0,01710605
0,002197869
0,008385007
-0,01156462
0,0001834493
0,04106872
0,06350704
0,003493329
0,04040049
0,02814897
-0,0006881674
-0,04313131
-0,09923129
-0,114223
-0,02515351
0,03146515
-0,00877839
0,09295449
-0,0005493847
0,01154482
-0,02987195
0,02268139
-0,07323791
-0,07825848
-0,05349617
-0,03255819
0,04149138
0,06604071
0,04816828
0,06543557
0,05942525
-0,002891302
-0,03631125
0,01356823
-0,02544271
0,008831784
0,01680449
-0,01592968
-0,03280399
-0,01405065
-0,00773918
-0,01369239
-0,02265104
-0,04476899
-0,02140366
-0,002910258
0,03154152
-0,035622
0,02538118
-0,01877603
0,02306092
-0,01533884
-0,05338861
-0,009735063
0,05290397
0,03848376
0,06502233
0,1504171
0,1340841
0,1441496
0,08514711
0,05607063
-0,00835629
-0,04633808
-0,02398082
0,01456324
-0,04920198
0,05730177
-0,03765137
-0,05061901
0,01212696
-0,02167811
-0,0646062
-0,1226068
-0,05585111
-0,07454582
-0,03900513
0,04632732
-0,0391021
0,02106708
0,01743328
0,03645637
0,03255005
-0,008655576
0,002659246
0,01298641
0,01963801
-0,01487391
-0,009479082
-0,02727107
-0,02056037
-2,060219E-05
-0,03971586
-0,07828952
-0,06904186
-0,001929137
-0,04747135
-0,01726434
0,0547813
0,01361647
-0,0227358
-0,01435595
-0,001173907
-0,02191155
0,006958056
0,1018426
0,01505626
0,008314456
0,005616099
0,03848652
0,1322807
0,05839282
-0,008352396
-0,1302742
0,007748217
-0,07873625
-0,1015865
0,04265065
0,01244763
-0,1071588
-0,003412408
-0,01915137
0,01158322
-0,06135049
0,01838218
0,04178938
0,04557469
-0,0532855
0,01588219
-0,02844678
0,08508009
0,043972
0,02723214
0,03271013
-0,004331168
-0,02876046
0,02214194
-0,0154991
0,00864068
-0,02288894
0,0124416
-0,004971213
-0,03342642
-0,05042092
-0,09428584
0,05630363
-0,04776322
-0,01895035
-0,005951037
0,05840179
0,04685269
0,01382671
0,03696702
-0,0307762
-0,07184045
0,003083515
0,07902664
0,05587358
0,0170747
-0,01961685
0,02829089
0,04079781
-0,0760245
-0,07102352
-0,03667022
-0,08410367
-0,0855552
-0,02182665
-0,04005846
-0,06837349
0,002311998
-0,04024127
-0,004039731
-0,06680264
-0,02109236
0,1516014
0,0139082
-0,04057007
-0,02102173
0,009384279
-0,06440572
-0,03385701
0,04203105
0,02020988
0,02061203
0,004796865
-0,04007976
-0,0004537883
-0,02531038
0,0147897
-0,02028001
-0,02167094
-0,01204013
-0,02944212
-0,04639618
0,06461765
0,02953278
0,003826821
0,03993541
0,04320113
0,001653322
0,07527333
0,0283821
-0,0421362
-0,01783684
0,01082278
0,08129606
-0,03175829
0,0188024
0,0251708
-0,009848982
0,1420821
0,01931462
-0,09298728
-0,1221235
-0,08492183
-0,004304618
-0,01999064
0,01080263
-0,07293047
-0,09083146
-0,003563194
-0,05284839
-0,06850136
0,01789314
0,04932583
-0,04542109
-0,01620618
-0,07095163
-0,04608171
-0,1071098
-0,06237939
-0,06745782
0,04433947
0,02843091
-0,01534569
0,009191057
0,01339283
0,02344965
-0,02437963
-0,02689361
0,02165475
0,02014136
-0,01454786
-0,06783701
-0,004427221
0,08541806
0,02843496
0,07325744
0,0583307
0,05228341
0,09487423
0,1290681
0,06558559
0,0001395142
-0,02874177
0,1003701
0,02365856
0,04437662
0,02180729
0,00198262
0,1845735
-0,0347045
-0,05072202
-0,09161747
-0,07736858
-0,04237047
0,06433909
-0,01517724
-0,09668705
-0,09468656
0,002699932
0,009519431
-0,131487
0,09395893
0,006430093
-0,08765117
-0,01086111
-0,1170524
-0,03019011
-0,02922521
-0,03622745
-0,04258488
-0,01839738
0,02963733
-0,008129693
0,01260242
0,007083993
-0,01659605
0,0073982
0,02534959
-0,002679582
0,04356978
-0,03062365
-0,0332776
-0,02956462
0,03668164
0,1004416
0,1171432
0,09524334
-0,03629811
0,01403555
0,1544635
0,06958385
-0,003873801
0,07165943
0,04789634
-0,02174581
0,08946347
0,1572158
0,07253876
0,07179419
0,05679817
0,02905802
0,02610659
-0,05611047
-0,02397658
0,02459209
-0,07174075
-0,01898582
-0,0940022
-0,1053429
0,006867918
-0,0253128
-0,008229811
0,03371916
-0,03180933
-0,04580053
-0,0309378
-0,07633164
-0,04702877
-0,1011501
0,003579512
-0,02700018
0,04463333
0,01977562
0,007156631
0,0054471
0,02620401
0,020276
0,0130234
-0,01496615
0,01630865
-0,02764334
-0,03934278
0,05220941
0,009710417
0,0750969
0,178132
-0,013695
0,03641826
0,01050575
-0,008722276
0,03178018
-0,03988595
-0,005799271
0,08692249
-0,08328448
0,01149812
0,1727379
0,08438194
-0,0775378
-0,1295442
-0,1006069
-0,06651018
-0,1896575
8,563734E-05
-0,01925778
0,007175016
-0,0359088
-0,1475309
-0,08348945
-0,06485463
-0,01560539
-0,1088217
-0,07130237
-0,003902711
-0,04753706
0,02959456
0,002305945
0,09312952
-0,02664234
-0,05455744
-0,00794367
-0,02080856
0,02738043
0,01674068
-0,0008841214
-0,02338749
0,01871396
0,02206935
0,006041057
0,009840515
-0,03548082
-0,08154024
-0,02633895
0,03823292
0,08339985
0,05042176
-0,009291729
-0,1252095
-0,0938454
-0,1661642
-0,001983413
0,01772933
0,06312688
0,1596313
0,02190858
0,02597168
0,08163913
0,02700409
-0,02223347
-0,1622488
0,0214292
-0,1026193
-0,02616689
0,0810826
0,01447882
0,1177594
-0,06206559
0,02070314
0,008080689
-0,0803868
-0,1460318
-0,1281651
-0,06377216
-0,0495998
0,03391344
0,04166747
0,02233746
0,01477318
-0,08618975
-0,01818172
0,04519848
-0,01434267
0,01749103
-0,01903076
-0,008656687
0,01925733
-0,007797362
0,02694901
-0,003764506
0,02774381
-0,03923271
-0,06502894
-0,06279426
0,01567368
0,01617393
0,1005003
-0,01094969
-0,007774217
-0,06431071
0,04774942
0,09736646
-0,008383062
0,08646221
0,08296876
0,08507199
0,1682881
0,1731551
0,04909497
0,09112021
-0,01183001
0,08091048
0,08674085
-0,0451679
0,006774453
0,00324449
-0,09490003
-0,00202494
0,07746173
0,01857323
-0,06428108
-0,1919712
-0,1328047
-0,004828055
-0,08112006
0,0643006
-0,005894187
0,003948069
-0,06782995
-0,06936204
-0,02229244
-0,02818139
-0,002780156
0,01004848
0,01669004
-0,04445894
0,01819715
0,01210489
-0,02438711
0,02623207
-0,002328801
-0,03160864
0,02094685
-0,01299756
-0,009186448
0,00906861
0,1990383
0,02347229
0,0391837
0,0486211
0,138461
0,1214842
0,001408038
-0,09944075
0,1169017
-0,01214822
-0,02244784
-0,03737846
0,01166781
-0,1608503
-0,2406426
-0,07421557
-0,04347602
0,1025858
0,02475561
0,04524857
-0,1080817
0,02428297
-0,01292884
-0,1773827
-0,01746851
-0,03174939
-0,05411669
0,01147439
0,0120619
0,08088699
-0,008724032
0,02290365
-0,04158948
0,02880424
0,02279861
-0,05119482
-0,02038651
-0,003044831
-0,0355612
-0,04482839
-0,03640576
-0,02001183
-0,02960487
0,004939515
0,02079032
-0,02782799
0,02151959
-0,03960963
-0,01652407
0,02315938
0,2334209
0,09441011
-0,0326802
0,009822716
0,05158078
0,09687538
-0,07389716
0,06479771
0,02956418
0,08454536
-0,06119172
-0,1123128
0,02257556
0,09012534
-0,1031338
-0,1604993
-0,06813337
0,02207045
0,02069607
-0,1311532
0,2498252
-0,04537068
-0,160046
-0,09929107
0,1165757
-0,0852539
-0,01734616
0,05789415
0,1189662
0,0292987
-0,01754517
0,02835887
0,04205849
-0,03577454
0,04315108
-0,03477367
-0,09097264
-0,009706398
-0,01479796
0,01484879
0,0164531
0,008562703
-0,01039459
-0,02838476
-0,01131034
-0,01601516
-0,0001427503
0,03833985
-0,006278757
-0,000309784
0,04300565
-0,1045583
-0,1289381
-0,0472385
0,03803109
0,007494582
0,01099523
0,01996165
0,02709613
0,06809644
0,01872322
0,1221944
0,1915006
0,03387897
0,02193717
-0,1715659
-0,1134741
-0,1309655
-0,04173476
0,02274871
0,1261002
0,1739314
-0,02819122
-0,02071157
-0,0760856
-0,1348017
0,1044767
0,01622868
0,02658666
-0,02570358
0,01549227
0,00888686
-0,01617222
0,01250811
0,0355385
0,001140338
-0,03906525
0,006506668
-0,02322022
-0,04637891
-0,03314213
0,02182837
-0,028906
0,02030554
0,01839991
-0,01523907
-0,03911414
-0,02835697
0,02793313
0,01593964
0,05308499
-0,1241487
-0,07819787
-0,2181803
0,02377611
0,003409313
0,01351645
-0,1341725
0,1350334
0,000255017
0,1393782
-0,03378232
0,0005583431
-0,1135315
-0,06320701
-0,1608553
0,04002706
-0,07037868
0,01224225
-0,07418607
-0,09246404
0,01207679
-0,1232426
-0,03468833
-0,03786925
0,05851893
0,08333566
0,06620862
-0,1510055
0,00953125
0,03350932
0,01750917
-0,0139842
-0,04403886
-0,02828062
0,023859
-0,02692761
-0,041129
-0,0149791
-0,01630028
0,001261212
-0,003473266
0,02811777
-0,01629863
0,0202836
-0,006110004
-0,0241039
0,03931158
-0,01111667
-0,01086909
-0,02657013
-0,03376157
-0,05414319
0,005835835
0,08655903
-0,09883927
0,08426646
0,09622195
0,1123499
0,06924338
0,03394293
-0,09648581
0,006093685
-0,08281247
0,009320593
0,008474814
-0,07723428
0,08315267
-0,04564438
-0,07206026
0,0573156
0,06773808
0,06655871
0,02588932
-0,009368978
-0,06947907
0,003944922
-0,007192086
-0,1624237
-0,09557444
-0,1069941
0,00658914
-0,01652101
-0,009350792
0,01543184
0,01944758
-0,009142285
0,0147506
0,02986193
0,02171551
-0,02276525
-0,007906735
0,007509642
-0,02300646
-0,002522183
-0,06403089
-0,02617699
0,03283779
-0,06701237
0,0154786
-0,07546786
-0,1678199
-0,02687878
0,09928654
0,1365376
-0,04825139
0,05411096
0,04678093
0,03113894
0,04914334
0,01087352
-0,0734484
0,06262166
0,04128697
0,07700513
-0,02879583
-0,06425422
0,05567221
-0,02810606
0,07666537
0,02269068
-0,03076038
-0,01218405
0,05700548
-0,08612602
-0,08347048
-0,05533721
-0,08848952
0,02089235
0,002619716
0,001976275
0,02267391
0,02771872
0,0196797
0,07736661
0,07467077
0,01824276
0,05864892
0,03069174
0,02149279
0,02142124
-0,00481928
-0,01867018
0,004050961
-0,01273618
0,002694642
-0,033409
0,05208635
0,01586105
0,01512179
-0,01631129
-0,1656809
0,09357107
0,1080996
-0,04145978
0,08807899
0,1336715
-0,08280751
-0,0605593
-0,006345158
-0,0464532
-0,04176763
-0,002975037
-0,08142422
-0,09850458
0,02178772
0,06032689
0,05497201
-0,09374053
0,09707019
0,106204
0,02568562
0,2350195
-0,02769206
0,03452269
-0,1228583
-0,1204606
-0,05274192
0,08845478
-0,01904294
-0,01484083
0,08104805
0,04592026
-0,01569303
0,03877812
0,02277206
-0,01086652
-0,0006281425
-0,03202283
-0,03453428
0,01141605
-0,0003937262
-0,006018479
-0,03949563
0,02141753
0,0524854
-0,06149104
-0,01982886
0,006789314
-0,008145546
0,01262014
0,004244017
0,0708664
0,03763268
-0,05036962
-0,00656207
0,01355074
-0,2050742
-0,02555815
-0,04865814
0,1345006
-0,07864758
0,03330106
0,05944178
0,06819965
-0,06887058
0,05367817
-0,1000078
0,002615003
0,05047102
-0,1178447
-0,05658317
-0,0759365
-0,03500253
0,05903504
-0,1073264
0,03469831
-0,01915091
0,02177009
0,1256591
0,08138181
0,002009123
0,0121654
-0,02783077
-0,02074196
0,0109984
0,03447584
0,01413633
0,04504536
0,005068853
0,01061431
-0,01819888
-0,00768767
0,005837729
-0,006273555
0,06318697
-0,03897862
-0,05269828
0,06910832
-0,03841819
0,02276925
0,1183725
0,1165896
0,0688157
0,02367928
0,08755468
-0,01670916
-0,09557548
-0,1330468
0,04533422
0,1603478
-0,07667315
-0,1321321
0,006184718
0,06694244
0,06951043
0,1455269
0,1431258
0,04290696
0,1210556
0,08579452
0,04045369
0,03549837
0,1198976
0,1952687
-0,003128166
0,06130606
0,1499215
0,06901824
0,09292948
0,1320816
0,1144153
-0,0558741
0,01863489
-0,03311977
0,03531809
0,0173474
0,00911976
0,0192509
-0,02100619
-0,005182341
0,008110355
0,01406337
0,03843071
0,04689347
0,01411807
0,01215712
0,03179277
0,1531647
0,06133287
0,027604
-0,02416495
-0,03187561
-0,03996638
0,0127269
-0,04410911
-0,002935766
0,1002352
-0,01741112
-0,01765822
0,06498105
-0,1028059
0,009940387
-0,03912718
0,05663593
-0,01839142
0,1120382
0,02431968
0,09727641
0,007839028
-0,07939579
-0,01589493
0,001290887
-0,1177706
0,1443199
0,07319618
-0,01028801
0,03394429
-0,02254374
0,008033832
0,002876855
-0,08297376
0,04864293
-0,003034408
0,03069434
0,0310719
0,08565792
0,02978427
-0,02420343
-0,04124555
-0,005896341
-0,01687345
-0,02470142
-0,01505018
-0,02526497
0,03370168
0,03845684
0,05002067
0,04492825
0,04118351
0,01638523
-0,09525945
0,04356548
0,04387194
0,06566264
0,1065496
0,1080568
-0,05225898
0,02169664
0,02366218
-0,01871563
0,02475348
-0,0006321791
-0,1885843
-0,01858444
0,02938092
0,04273248
-0,05317991
0,02512929
0,08872145
-0,05920376
-0,01959003
0,07013521
-0,07057715
-0,02131871
-0,05770747
0,003537493
0,06893349
0,1273956
0,02238678
-0,03927505
-0,01218889
-0,07020404
-0,02117335
0,04935893
-0,009072457
0,005019253
0,1023844
-0,006495838
0,0003605232
0,001572242
0,03002866
0,02756201
0,01590224
0,02135465
-0,0152114
-0,03004806
0,0446573
0,05305043
0,1277729
0,02011242
-0,06810632
-0,09311141
-0,1496267
-0,1520558
-0,1079024
0,02479796
-0,07594506
-0,1091278
-0,05344215
-0,04558608
0,05933848
-0,06876004
-0,06586079
-0,07528176
-0,2142411
-0,06723083
0,01990406
-0,0149104
-0,004505481
0,05564174
0,03180273
-0,1355073
-0,033159
-0,006829643
-0,0410012
0,0300345
0,1569141
0,02573936
-0,05586769
-0,03201155
-0,03455539
-0,04564384
-0,06045469
-0,03011886
-0,04829673
0,003952136
0,02936234
-0,03121233
-0,05115871
-0,007037896
-0,02338937
-0,003845534
-0,02893806
-0,00494563
-0,03715664
-0,07123778
0,02987243
0,09488043
0,07975078
-0,02803626
-0,02786128
0,02941514
-0,02788708
0,05122389
-0,08145505
-0,05200449
-0,03807198
0,08129805
-0,0259015
-0,04872162
-0,01209361
-0,04539425
-0,09701735
-0,2231123
-0,1666569
-0,09663336
-0,1133488
-0,09500849
0,09802549
0,00639098
-0,07775744
-0,07005021
-0,08280355
0,04609855
0,08676291
0,001928178
0,0117389
-0,02807821
0,07943764
-0,05514802
-0,1036633
0,02678443
-0,01199842
-0,0506615
-0,02324069
0,006806237
0,05312233
0,03348244
-0,006132744
-0,01524205
0,01406167
-0,01981004
-0,03225957
0,006658144
-0,03803812
-0,008052335
0,02436315
0,07158342
0,04195335
0,03821849
0,04567666
0,2447477
0,05241715
0,07174106
0,08762756
0,05460223
-0,09495667
-0,05407001
-0,03464971
-0,08913688
0,01130324
-0,03772687
0,01316204
-0,09106772
0,08672252
0,05218093
-0,05979854
-0,0663828
-0,02321459
-0,09143335
-0,02343303
0,06644548
0,06843824
-0,006039957
0,07393483
-0,038822
0,06006725
0,02938902
0,02925364
0,1102833
0,08574507
0,1044223
-0,004073281
-0,02112308
0,01240123
0,00228319
0,0595966
0,01703558
-0,02171147
-0,03963131
0,01022474
0,01775791
0,001587671
0,00321138
0,0479155
0,0473955
-0,04610407
0,006172505
0,03494747
0,004304671
0,02008883
0,1678722
-0,03349473
0,08180482
0,004362004
0,005429749
0,001665201
0,00397835
-0,1853686
-0,1264299
-0,07671668
-0,195329
-0,2086717
-0,1608662
-0,04560951
0,1578398
-0,01877168
-0,1423881
-0,1443183
-0,1355343
-0,04426422
-0,03424134
0,1232262
-0,0002560844
0,1060244
0,1258741
-0,005924691
0,0620635
0,07465149
0,02742356
0,01863376
0,05125095
0,001156878
-0,04085971
-0,005204962
-0,003936647
0,0291216
-0,006470108
0,01938497
0,02378407
0,02352624
0,02149036
-0,002278918
0,04645114
-0,01586873
-0,06461927
0,005987176
0,07577121
0,01255457
-0,01188176
0,005478741
0,03618527
0,006868173
0,0708055
-0,08644245
-0,04645817
-0,0274971
0,003621917
-0,0543726
-0,02501279
-0,03600692
0,002875085
0,008563242
0,08963625
0,1406446
0,05591904
-0,1260167
-0,002755367
-0,1388246
0,02784968
-0,09284368
0,1060962
0,006942804
0,08354894
0,04383806
0,05876392
0,1371473
0,1367458
0,07571907
0,05713889
0,09281944
0,004220515
0,008966614
0,03554805
-0,03200421
-0,009227858
-0,006437144
-0,02821101
0,01236387
0,03279753
-0,006803813
-0,02582689
0,01316751
0,02556498
0,07614064
-0,01570946
-0,1103935
0,001223649
0,04768174
0,01136462
-0,008142634
0,05555205
0,01042843
0,05139492
0,08026094
-0,03402463
0,008812627
-0,03374374
0,1465696
0,08463044
0,1543695
-0,002306478
-0,0005836111
0,05998712
0,03990163
-0,006050452
-0,03021786
-0,1201985
-0,05262744
0,04682536
-0,1354787
0,1050941
0,09749978
-0,03599678
0,1054498
0,1557681
0,04713336
0,02798738
-0,09064965
0,0101165
-0,09662109
-0,003233895
0,006441028
0,05319503
-0,01377273
-0,005177399
0,04941807
-0,02233835
-0,03735512
0,00723512
-0,03072266
-0,02744289
0,0167688
-0,008688885
0,001132682
0,04073315
-0,03343202
0,03119287
-0,009668963
0,0008470718
0,04507055
0,03179035
0,03625224
-0,04778147
0,01396342
0,03860318
-0,03384449
-0,1376273
-0,1470984
0,1774638
0,07691248
0,05485529
-0,1094953
-0,08814897
-0,02306215
-0,04336493
0,02308939
-0,09369753
0,03628339
0,02241701
0,01061352
-0,08048704
0,03124125
0,03273063
0,04212292
0,08110662
0,08449458
0,05196546
-0,03013621
-0,02495203
-0,08503047
-0,105887
0,02182715
-0,02634977
0,01026378
0,0294718
-0,0372456
0,01004203
-0,0296668
-0,001228753
-0,006393271
0,01185098
-0,03288335
-0,04374858
-0,002921996
0,07612442
-0,004613135
-0,01330881
0,05085045
0,09206999
0,05887204
-0,07520064
0,1190527
0,07411893
-0,009881857
-0,1473622
-0,01393956
0,02062386
-0,05106763
-0,001829305
0,001740308
0,0476134
0,01003395
0,02956641
-0,09070608
0,09207307
0,05037596
-0,03189321
0,005252569
-0,2105849
0,142162
-0,08750095
0,1225803
0,1404358
0,01652879
-0,04930891
-0,002980067
-0,07046593
-0,1217026
-0,09551569
-0,06993836
-0,04136148
-0,07619213
-0,05792062
-0,02579269
0,01781343
0,003337652
-0,004866115
0,006780151
-0,03143271
-0,01102479
0,008157788
-0,01707147
-0,03389492
0,005003528
0,1092018
0,04289556
0,09308067
0,1143345
0,05829461
0,1387556
-0,01304298
-0,05484601
-0,004650169
0,01767414
-0,01232494
-0,003563884
-0,08448133
-0,07271465
0,1029838
-0,06423631
0,1240521
0,1204033
-0,03098689
0,0248336
0,004449788
0,1204514
-0,01509636
0,08938973
0,1044888
0,04865654
0,01462336
0,1214191
0,0743701
0,07042051
0,1014528
0,04963135
0,03509436
-0,06395648
0,07135402
-0,06428008
0,04766604
-0,07356054
-0,0805738
-0,0004794097
-0,04541232
-0,02165188
-0,02720596
-0,02680468
-0,02206328
0,02477702
-0,006007978
-0,01313893
-0,03219227
-0,007009726
0,04388674
-0,03976414
0,1647486
0,02703734
-0,01979185
0,07368503
-0,04328236
0,06871233
0,003354537
-0,1118744
-0,02478916
0,02422591
-0,02779343
-0,05405843
0,0756919
0,03896964
-0,1646125
0,02365208
0,09953789
0,0774317
0,04194839
-0,004876089
0,1122401
0,0290882
0,003524461
-0,05124119
-0,1654912
-0,07903887
-0,06402942
0,1188974
-0,004308318
0,08407187
-0,02730153
-0,06928086
-0,06823464
-0,1304859
0,02051146
-0,008741328
-0,07246533
-0,01634896
-0,03444265
-0,01843862
-0,01795973
-0,03418851
0,01513425
-0,009540661
0,01873621
0,00805888
-0,0330934
0,1100178
0,03278706
0,1622127
0,08805455
0,1311923
0,05906484
0,01179165
0,01449844
0,1401518
0,2130686
-0,06243144
-0,04557811
-0,02066578
-0,03194853
0,05081131
-0,05280391
-0,007664181
-0,04921996
-0,0180294
-0,0527679
-0,05755577
0,1704964
-0,01580955
-0,02357217
0,1312486
-0,0498804
0,0450235
-0,007813239
-0,1906113
0,01275053
-0,06909976
-0,07033911
-0,1264066
0,1031392
0,01007641
0,04037242
-0,03448292
-0,05091871
-0,07819594
-0,01446632
-0,0102699
0,003175058
-0,007306118
0,02753779
-0,02075334
0,01033368
0,0130648
0,02524724
-0,02776199
-0,06725176
0,01017223
-0,0009804108
0,02267805
0,09870012
0,08280103
0,1048509
0,02586251
0,01479714
-0,001833776
-0,02207515
0,07253404
-0,07567284
0,114312
0,1587642
0,2114526
-0,009885566
-0,1005748
-0,07715864
-0,02639244
0,09174968
-0,02900625
-0,04989536
-0,06082707
0,04919787
-0,06011912
-0,03195839
-0,08308066
-0,04924295
-0,1740655
0,09022543
-0,02664513
-0,00842112
0,007961825
0,1484231
0,1206886
-0,02468465
0,004970361
-0,01377939
0,02082453
2,656016E-05
0,05067422
0,02533443
-0,02887331
0,03322406
0,01576424
0,001617716
-0,01508205
0,0130828
0,03338998
0,05570838
0,0270186
0,03035376
-0,0349697
0,1138061
0,2057509
0,0787926
0,1164054
0,1540634
0,07517364
0,1173307
0,02555944
-0,0205628
-0,01601723
0,01372757
0,03816577
-0,04408446
0,07344788
0,03175637
-0,0205697
-0,08137782
-0,002675326
0,1578698
0,01868671
-0,05954621
-0,1198451
-0,05877835
-0,02699741
-0,02582539
-0,02039186
-0,06546579
0,1105751
-0,01731127
0,001969883
0,1089767
0,04210671
0,09590105
0,08673216
0,05938557
0,03702338
0,02221902
0,06053657
0,01849305
-0,009526175
0,02582035
0,006649059
0,01849712
0,007642002
0,01756076
0,02300382
0,06120598
0,09526052
0,0923213
0,02489485
0,08514901
0,153692
0,07538718
0,1560659
-0,01362867
0,09820873
0,02453768
0,104092
0,1733837
0,0004513656
0,105608
0,09641823
-0,06153874
0,01328221
-0,06811006
-0,1717039
0,06429804
-0,03341243
0,0525607
-0,07741224
-0,06067776
-0,132791
-0,08237039
-0,08568195
-0,1291389
-0,05343795
-0,03444963
-0,04710774
-0,078039
-0,03510003
0,08061405
0,1240539
0,07969622
0,2254889
-0,01753198
0,02604285
0,040701
0,09438721
0,0335286
-0,01641859
0,002212249
0,001348083
0,03207954
-0,009124317
-0,02100417
-2,189975E-06
0,05929068
0,1000424
0,04486359
-0,01028152
0,01840477
0,02266196
0,1094106
0,1161389
0,143494
0,06417587
-0,03755679
-0,01631669
0,132184
0,1629995
0,02304402
-0,07035455
-0,03395142
0,08141518
0,1304665
0,02641726
0,1229212
0,1552651
-0,08746853
0,04359255
0,06678822
-0,08464931
-0,02917052
-0,02457805
-0,01239076
-0,09537602
-0,1795753
-0,1974102
-0,08837098
0,0001904051
-0,006763724
0,1253168
0,2406957
0,1241175
0,02468359
0,04956879
-0,01145487
0,03519079
0,1034267
0,1223435
0,03122817
0,0261654
0,04334125
0,04754488
-0,01612546
-0,002009154
0,0173038
0,04897305
0,08278551
0,05887188
-0,05292824
0,06308962
0,1698155
0,04975315
0,1055909
-0,0575996
-0,04031038
-0,02391776
-0,04362826
-0,0735596
0,05772231
0,08860115
0,1145732
0,07830379
0,07417659
-0,02594506
-0,001219788
0,09914968
0,08774669
-0,04903617
0,03148261
-0,01899712
-0,07522421
-0,004635021
0,07029716
-0,1162652
-0,07827306
-0,308731
-0,1240373
0,0969137
0,04223331
0,2015639
0,09219623
0,0697913
0,1038639
0,03078322
0,05264768
0,0550954
0,05772072
0,08198281
0,03912269
0,0296625
0,02574701
0,008243379
-0,0001901848
0,03931887
0,03106
-0,01927155
0,04737188
-0,07029035
-0,06737725
-0,03222845
-0,0002517127
0,09815062
0,09534753
0,06782239
0,1537169
0,2168791
0,08354051
-0,004320104
-0,02361203
-0,003093251
0,02179751
0,03091568
0,04211452
0,04605561
0,125973
-0,01799504
-0,003235251
-0,06606952
-0,1125978
-0,1021926
-0,03813633
0,03019111
-0,08927736
-0,2057986
-0,07440621
-0,1038658
-0,09628396
0,05881912
0,106041
0,1968834
0,2487605
0,1377759
0,09435119
0,01390768
0,06348485
-0,03996199
0,02203584
0,01217753
0,01731247
-0,00334184
0,02708383
0,03008304
0,02586882
0,01276068
-0,006761855
-0,0004904005
0,03025433
0,008793152
-0,06064273
-0,1243132
-0,1088768
-0,0460689
-0,0268427
-0,02174454
0,01304307
0,1500567
-0,06490358
0,02185773
0,07837708
0,2290984
0,0532845
0,03706526
-0,04736244
0,0699828
-0,06873921
0,09393083
0,07040899
0,1405113
0,1535519
-0,007279957
-0,1602322
-0,002327958
-0,1040903
-0,1013594
0,02982169
0,06310724
0,07886335
0,04566028
0,1066229
0,1061865
0,04171946
0,007563146
0,09458695
0,02952934
0,08123233
0,06430232
0,04614051
0,05562919
0,04120674
0,02424446
0,06933807
-0,01508922
0,02965196
0,03133781
0,03497944
-0,07856528
-0,06982194
-0,03225304
-0,1065994
-0,09146582
-0,001924714
0,07997057
0,2401928
-0,01274197
0,003731884
0,1039358
0,1397022
0,05587034
0,06404509
0,1104042
0,1458759
0,007094079
-0,01175398
0,03728864
0,06155082
0,1556528
-0,07273203
0,1301087
0,04559325
0,06252625
0,01887849
-0,03898381
-0,2182983
-0,1273748
-0,05261083
0,07569279
0,085844
0,1280319
-0,01764156
0,01847514
0,1064062
0,007438478
0,1769224
0,09329719
0,05708611
0,02347711
0,02908579
0,03603433
0,07659873
0,01557174
0,04004757
0,001883081
-0,02695128
0,02533934
-0,01108341
-0,04323034
-0,06393147
0,05020884
-0,0708483
-0,09346443
-0,03418336
-0,07583871
0,03311971
-0,0425215
-0,1172966
-0,06735107
-0,1174316
0,02029384
0,07715936
0,04818495
-0,03528753
0,02116932
0,001493383
0,004405485
0,1171629
0,04958905
-0,1307363
0,04215127
0,02471825
0,0214385
0,01169354
0,07463825
-0,05052406
-0,08055452
-0,1008681
0,06818845
-0,1041861
0,00393341
0,08832736
0,0634004
0,1385079
0,06274086
0,1199445
0,1298085
0,08697236
-0,001661857
0,001631281
0,01780168
-0,00102438
0,04494604
-0,02692284
-0,02754308
-0,01828532
0,004328776
0,02221388
-0,08729194
-0,02109555
-0,01980617
-0,04823878
-0,06641217
-0,1324918
-0,1882678
-0,06306524
-0,02553073
-0,1431265
-0,1217596
-0,02566006
-0,1419785
-0,1311074
-0,1403179
-0,07919348
-0,004672801
-0,004120822
0,1084007
0,07033764
0,003139722
0,008206341
-0,09143708
0,1058996
-0,054403
0,1002967
0,1447054
0,01135208
-0,02310009
-0,05598478
0,1117815
-0,05149028
0,01921515
0,001172028
0,08794531
0,241744
0,04843302
0,1863921
0,1638961
0,06614672
-0,04202938
-0,03017109
-0,02946489
-0,03134522
-0,02000381
-0,008814473
0,02331655
0,003287425
0,02625303
-0,03419328
-0,01178247
-0,01085217
-0,1055515
-0,0767938
0,02021878
-0,0414094
-0,09812121
-0,1201352
-0,09036513
-0,05312597
-0,005285619
0,02804131
-0,09292131
-0,2105778
-0,195909
-0,1377635
-0,05984516
0,002377991
-0,001417203
0,014216
-0,1867061
-0,07271693
-0,124999
-0,1271855
-0,1310832
0,002415548
0,1074583
0,1524479
-0,04639424
0,1578659
0,07125127
-0,04440536
0,1379047
0,1200823
0,09721688
0,1225125
0,04303811
0,1266995
0,07269099
-0,02464654
-0,03285336
-0,08736404
-0,08693341
-0,01848223
0,004388863
0,0106491
-0,01683855
0,0159895
-0,01609745
-0,02202985
0,04025655
-0,02477304
0,03056451
-0,07222823
0,03017835
0,09658979
-0,04871295
-0,1552214
-0,1289348
0,01076066
-0,113414
-0,1959208
0,04247162
-0,1827693
-0,121079
-0,03017536
-0,156338
0,03371252
-0,09909225
-0,04266711
-0,04392818
0,04111727
0,01315828
0,02499471
-0,06481841
0,09070057
0,04957953
0,01699232
0,01002914
0,02714782
-0,2033053
-0,1614795
0,1499963
0,1232936
0,2134528
0,1248205
0,08792903
0,1185146
0,08367811
-0,07252431
-0,06215452
-0,1000271
-0,01075411
-0,04037967
-0,05941486
-0,0281069
0,01224643
-0,003394583
-0,01828821
-0,04758301
0,01050304
0,004766218
0,041283
-0,04487991
-0,09666015
-0,01757128
-0,09879139
-0,09490424
-0,1194268
-0,08028173
-0,09187709
-0,177949
-0,03629794
-0,1315759
-0,2175656
-0,1547448
-0,06306612
0,005876635
-0,07916585
-0,09003817
-0,04694264
-0,1702606
-0,03196633
-0,04297294
-0,08339554
-0,02734521
0,1553238
-0,0775658
0,03572911
-0,1044953
-0,1913386
-0,07160231
-0,02342504
0,06240868
0,07406207
0,09789087
0,03509312
0,1250561
-0,0340849
-0,06152206
-0,09984417
-0,08268017
0,01139341
-0,0675114
-0,03260523
0,003863347
-0,03749384
0,01899319
0,04029667
0,03473755
0,03657347
-0,001085807
0,05032481
-0,02820132
-0,03007517
-0,008624686
-0,02812839
-0,1027101
-0,1587151
-0,1085753
-0,1179144
-0,1633389
-0,2842812
-0,2620704
-0,273367
-0,1384548
-0,2638991
-0,2445399
-0,1973901
-0,08323547
-0,01805481
-0,09932713
0,09259341
-0,009312616
0,1634143
-0,1530087
0,07286914
0,1331985
0,04197159
-0,09863157
-0,05962587
0,06278145
0,06800397
-0,01331266
0,03107992
0,08614403
-0,07739735
0,008342017
-0,06691881
-0,1178793
-0,1920774
-0,09983361
-0,02454615
-0,0661113
-0,03159741
-0,02580983
-0,006295787
0,0008495815
-0,04243486
-0,01796683
0,0196953
0,06251126
0,05798712
-0,05620797
0,01746917
-0,04189794
-0,07485224
0,01715378
-0,07387995
-0,03660424
-0,1099549
-0,1860648
-0,1026074
-0,2561703
-0,2127471
-0,05648421
-0,1163783
-0,09168179
-0,2011091
-0,009286932
0,004988128
-0,06521101
0,07918504
-0,1437495
-0,04344083
0,09521444
-0,03856464
0,09081592
0,001761535
0,09739203
0,03009674
-0,1609854
-0,05717722
-0,03627885
0,0403328
0,05368306
-0,1184672
0,006981907
-0,1078121
-0,2263356
-0,2055763
-0,09063556
-0,1049564
-0,01556137
-0,05164865
-0,02039939
0,00977209
-0,006151537
0,006773799
-0,01313612
0,02682399
-0,02442019
0,0008989418
-0,02618423
0,07385399
0,08502556
0,01553283
0,08121392
-0,05995579
0,04040051
-0,09126662
-0,1816064
-0,2192037
-0,187159
-0,1987811
-0,2328435
-0,2454599
-0,2125801
-0,2178389
-0,1253574
-0,07905253
0,01616053
-0,07885255
-0,1386799
-0,07651044
0,04673909
0,04056677
0,1276344
0,1580714
-0,05736507
0,0381637
-0,06100884
-0,1720899
-0,1349147
-0,1285394
-0,07677317
-0,06892323
-0,2251441
-0,1981274
-0,1353903
-0,1522445
-0,08154414
-0,095163
-0,06734462
-0,01934495
-0,03420174
0,007543538
0,02453298
0,008656345
-0,01749266
0,05418658
-0,03070198
0,0548767
0,0153877
0,007862031
0,06625034
0,01912644
0,017154
0,1247463
0,1089503
0,0228129
-0,1278089
-0,008138597
-0,09754875
-0,2219744
-0,180214
-0,2199725
-0,1610322
-0,02589479
0,1065245
-0,09051803
-0,09284864
-0,02954538
0,001408607
-0,0348287
-0,1736632
0,1696046
0,01268789
-0,02645265
-0,04722599
-0,1291592
-0,06764048
-0,1689952
-0,1934453
-0,3042699
-0,1707638
-0,1480483
-0,2251339
-0,1574079
-0,1662697
-0,096682
-0,09902921
-0,05077709
-0,01881171
-0,04015734
-0,03727364
-0,05298086
-0,02823637
0,01071158
0,0178454
-0,02812545
-0,06245064
-0,01532424
-0,03198004
0,060119
0,066935
0,1039476
0,06723984
0,1230745
0,1092013
-0,01631266
-0,04811246
0,06495197
-0,0533866
-0,1270599
-0,1040297
-0,07807425
-0,06740595
-0,1090002
0,01564948
-0,1316644
-0,1125151
0,009903762
0,1037702
0,01425108
0,07423212
0,1149218
0,1280221
-0,08554167
0,03471553
-0,1117277
-0,1369232
-0,06081379
-0,1307806
-0,1038123
-0,1452953
-0,2254053
-0,1095334
-0,1021785
-0,03322931
-0,101004
-0,1032164
-0,05166245
-0,05010362
0,01260698
-0,03063452
-0,03381945
-0,001778764
-0,002878159
0,05274422
0,004266006
-0,01050541
-0,01894209
0,02702662
0,05189914
-0,02592093
0,2147761
0,03368543
0,1231638
0,1882249
0,03687272
0,09856672
0,0002502247
0,03513607
0,1676651
0,09463374
-0,06282949
-0,003824246
-0,1347844
0,05453166
0,01443596
-0,07511499
0,006614948
0,008699028
-0,01990872
0,0404087
-0,0144881
-0,04097582
-0,09322961
-0,1629694
-0,1677787
-0,1448761
-0,1320471
-0,01115927
-0,123788
-0,2208028
-0,08628078
-0,03377144
-0,04106
-0,1003452
-0,06953552
-0,09028225
-0,03132695
0,007576247
-0,02708061
-0,04886656
-0,02186393
-0,007707924
0,01090633
-0,01282775
-0,07757629
-0,01900747
0,03537429
0,07842162
-0,01225181
0,01569492
-0,1040677
0,0513319
0,06647788
0,04624063
0,1275773
0,08550678
0,1366643
0,07952654
0,0686192
0,1045394
0,1523738
-0,1052213
-0,009591903
-0,005813663
0,2201575
0,09565584
0,02368209
-0,01358123
0,07947071
-0,07023412
-0,005139251
0,1259673
0,04091581
-0,04036263
-0,04571398
-0,05737798
0,002545705
-0,06728573
-0,07844532
-0,06369925
-0,06720423
-0,08525188
-0,1011482
-0,1065711
-0,05496528
-0,06807888
-0,05483619
-0,04810663
-0,0007798179
-0,009643008
-0,02401756
0,009172144
0,04602915
-0,009830171
0,05937435
0,007541389
0,06812189
0,05550704
0,1363255
0,004740874
-0,01467187
0,1270288
0,04877745
0,1248257
0,07100922
0,08839508
0,1739674
0,186098
-0,002017784
0,1000801
-0,04865734
0,06664973
-0,04441532
0,1295261
0,2466554
0,2555961
-0,02175806
-0,108398
-0,006797554
-0,02447604
-0,02990704
-0,096132
0,129535
-0,06672476
-0,05403714
-0,03549404
-0,1018247
-0,208643
-0,08651498
-0,02343876
0,04792682
-0,02919944
0,01639738
-0,03221231
-0,04883267
-0,08454745
-0,03065242
-0,01926869
-0,05576941
-0,01288631
-0,007565275
-0,008805608
0,06814108
0,007938182
-0,03468292
-0,01468607
-0,03642953
0,06678453
0,1265058
0,03998849
0,05428492
0,1321112
0,09982142
0,04580008
0,09227
0,05411585
0,1638927
0,03763049
0,05774216
-0,02659443
0,02902481
0,129911
0,1375042
0,1260856
0,2030905
0,1854782
-0,06653962
-0,1427819
-0,3005709
-0,07380483
-0,06081918
-0,08989251
-0,03049957
0,1016759
0,007478015
0,01769122
-0,0242748
-0,04566556
-0,007299507
0,03786902
-0,0004736204
0,05278839
0,009789354
-0,04836223
0,0115337
-0,04922276
-0,02183271
-0,03777012
-0,001163827
-0,02021966
-0,02347331
-0,01033213
0,007466691
-0,02222914
0,01476512
-0,03975612
-0,02213192
0,06238735
0,1433094
0,06959687
0,07419868
0,04503364
0,05516003
0,1204241
0,05309963
0,07839309
0,08914393
0,01442084
-0,009533782
0,1031227
0,06947727
0,1152998
-0,02971779
0,112815
0,2274796
0,0412889
0,07613469
-0,112846
-0,2392333
-0,01075783
-0,0579401
0,1204585
-0,001846822
-0,1280074
-0,03899059
0,06131894
0,0408795
0,04116613
-0,02475706
-0,01794526
-0,0667091
0,003725937
0,04245559
0,01151317
-0,05503146
0,01737089
-0,006631906
-0,03049946
-0,02998886
0,02752831
0,01149606
-0,01616242
0,01149457
0,02350053
-0,04518951
0,02781211
0,1097429
0,01135725
0,08429812
0,05612712
-0,01158113
0,03828588
0,1151353
-0,0856394
-0,06725843
0,02291514
0,1053953
-0,06732346
-0,04788895
-0,0603653
0,1169738
0,2847327
0,2389761
0,1446043
-0,04141871
-0,1351381
-0,07744504
-0,1441499
-0,04830346
0,03932184
-0,006243017
0,07725815
-0,03471747
-0,09580313
-0,1853195
-0,06177153
0,07211763
-0,1595518
0,0004034934
-0,004277627
0,03726905
0,02888104
-0,01212999
-0,003021833
-0,01327956
-0,02668636
-0,005436056
-0,03435911
-0,005037747
0,01719979
-0,02484301
-0,02861409
-0,001486976
-0,03564565
0,01113864
0,01206532
-0,01890617
-0,01701489
-0,01351355
-0,02593667
-0,06344612
-0,04093387
0,03031326
0,06362917
-0,04788546
0,06659192
0,1015348
0,05991133
0,08951247
-0,08401948
-0,03180078
0,1213974
-0,001582594
0,03433456
0,01774224
-0,1792708
-0,04958971
-0,1744473
-0,1020683
0,04032255
-0,05568331
0,006687867
0,1214493
-0,09441181
-0,2009589
-0,1073545
-0,06650109
-0,0484154
-0,1156083
-0,0217763
0,04738123
0,07405345
0,04847112
-0,006419884
0,03176814
-0,03890116
-0,006977079
-0,01161246
-0,00971521
0,02237497
-0,009227145
-0,002838074
-0,02246233
-0,03317447
-0,007063077
-0,01518279
0,0199448
-0,02365072
-0,05514413
0,06802375
0,02286128
-0,0164404
-0,04406908
-0,05555522
-0,08221912
-0,004715022
0,06726346
0,01641525
0,03316803
-0,05895239
0,1091036
0,2537868
0,02079457
-0,0500466
0,02670045
-0,1770443
-0,1483939
-0,1079426
-0,0148419
-0,07543624
-0,008722655
-0,01741138
0,02668473
-0,08849961
-0,08060478
-0,09107462
-0,1400301
-0,05548615
-0,05070557
0,01402922
-0,06577539
0,04355709
0,0412465
0,03937466
-0,03766212
-0,01397318
-0,009661472
-0,01676269
-0,02820634
-0,009736453
-0,02073968
0,0230233
0,003948815
-0,009463089
0,00984963
-0,01186167
-0,02048405
-0,1121679
-0,04046556
-0,08316264
-0,02734721
0,00242909
0,04373216
0,08549571
-0,01653724
-0,2255401
0,04621485
0,006119933
-0,1468116
0,07969245
0,02339816
0,05161147
-0,07316291
-0,06835686
-0,1361236
-0,0294142
-0,1270647
-0,07921883
0,06055481
-0,07912854
0,128344
0,1457017
0,0733605
-0,06610968
-0,0563238
-0,0882795
-0,08345632
-0,1431083
-0,01058193
0,09733061
0,07660824
-0,03298522
0,06480861
0,02618506
-0,06558517
-0,02704435
0,02056934
-0,01917748
0,01236491
-0,0009527744
-0,00708492
-0,01348099
0,0008499577
-0,06196227
-0,07259948
-0,02809347
-0,02503274
0,01017393
0,06761205
-0,02455484
0,0592793
0,06058525
-0,01561253
0,04186759
0,08788692
0,04269914
0,03637879
0,02826987
-0,07537464
-0,1062092
-0,05483207
-0,00710495
-0,02790107
0,0172504
-0,03440544
0,01813321
-0,1129239
0,1051107
0,0258525
-0,02533613
0,1703314
0,2204934
-0,02398833
0,02349172
-0,1074055
0,04847437
-0,09705044
-0,09712413
-0,06395522
0,05912637
0,04457302
0,09235533
-0,03928568
0,05489755
-0,0048877
-0,0449311
-0,02198286
-0,02846033
-0,02775031
-0,004862495
0,01713438
-0,01702573
0,02613044
-0,01295275
-0,02297691
-0,04437752
-0,1201008
-0,06206717
-0,1404092
0,009213368
0,06106213
0,1622676
0,1569545
0,1385159
0,180393
0,03316008
0,01748956
0,03833447
-0,04124298
-0,01875493
0,09664861
0,1774734
0,01828531
-0,01103859
-0,08619598
0,0228321
0,02195279
-0,07586251
-0,09915945
-0,04775017
-0,01192056
-0,03518263
-0,02195621
0,1229455
-0,05665019
0,07971615
-0,1226879
-0,0876133
-0,03285558
-0,01450506
0,01970486
0,02171337
-0,0303058
0,03504046
0,02100054
0,01411476
-0,02772592
0,002118508
-0,03859993
-0,02432806
-0,01996782
0,02995433
-0,02959772
-0,04397229
-0,08709385
0,03688012
-0,009341889
-0,01378496
-0,03151646
-0,1653759
-0,08219654
-0,07851807
0,007874307
-0,09062383
-0,04370376
0,1090713
0,06301219
-0,03911579
0,027576
-0,08044832
-0,1596397
0,01567749
-0,0225714
-0,03756133
-0,01784423
0,02167733
0,04357772
-0,05352267
-0,1634331
-0,009378467
-0,05227947
-0,102512
-0,07080591
0,007576163
-0,01806007
0,04417159
-0,1008689
-0,03804277
-0,007934837
0,04415533
0,06473548
-0,02061424
-0,04366098
0,02859836
0,03627664
0,03451433
0,00288366
-0,007500427
-0,006090709
-0,008238592
-0,0236062
0,02844601
0,03801611
0,0002908745
-0,08077069
-0,04261632
0,01086459
0,062181
0,03227497
-0,1284533
-0,09042849
-0,1307127
-0,00584448
-0,03237084
-0,07236899
-0,07636297
0,02593591
-0,1035402
-0,05467769
-0,1317918
-0,07689328
-0,07184541
0,01224128
0,02112919
-0,03300117
-0,1707561
-0,05223268
0,06268658
0,02053026
-0,08003287
0,03312774
-0,186554
0,03664369
0,07405292
-0,1006488
-0,0682691
0,03963818
-0,03990956
-0,02943248
0,08818509
-0,01660328
0,07147495
0,02920954
-0,003276622
0,03125586
0,04513943
0,04626308
-0,003191164
-0,008938749
-0,01657654
0,004013841
0,02212089
-0,001385138
-0,0367243
-0,02156306
-0,06975586
0,03562257
0,03987352
-0,02493397
-0,04735393
-0,06648896
-0,09371198
-0,1857375
-0,036339
0,1040982
-0,04018483
0,04556837
-0,1128747
-0,03901784
0,01015459
-0,0595005
0,01986135
-0,06243372
-0,06412198
-0,02911149
-0,08507743
-0,0277719
-0,1072783
-0,1502746
-0,04998072
-0,0511956
-0,01250345
0,05440687
-0,04719606
-0,1110893
-0,02043324
-0,02210981
0,04403209
0,0279221
0,1203824
-0,02803483
0,0410529
0,006110909
0,01985211
-0,00108394
0,07961559
0,03389896
0,01623921
0,0009964078
-0,0267913
0,00144427
-0,0115079
-0,00530435
-0,001765844
0,05076146
-0,04436269
-0,0178127
-0,03227647
0,02951517
0,004090854
-0,06483397
0,108754
-0,07322438
0,01995267
-0,05947056
0,02088054
0,1965999
0,01692206
-0,08345147
-0,0355327
-0,0138832
-0,1364274
0,0583551
-0,06608586
-0,1803931
-0,126412
-0,06003419
-0,03677712
-0,108232
0,008842415
-0,01292726
-0,01678923
0,01183136
-0,02406813
-0,06153836
0,106735
0,1180866
-0,02895777
0,1203476
-0,04344393
-0,07415845
0,0123046
-0,05281811
0,002097211
0,05683709
-0,003698529
-0,004530397
-0,01082668
-0,03644587
-0,03397551
-0,03373993
-0,0007276586
0,01801176
0,006949927
-0,02824651
-0,107874
-0,06270098
-0,07055638
0,003225982
-0,02981269
0,004612837
-0,02406756
-0,02353998
0,03937815
-0,08639781
-0,0400485
0,01807857
-0,13859
-0,2467554
0,02103009
0,00957041
0,006764954
-0,02652928
-0,08375327
-0,0169109
0,1300932
0,03403831
0,00439272
-0,1713882
-0,07812664
0,07883906
-0,0618583
-0,02199917
-0,03039214
-0,1224454
0,06609491
-0,1738445
-0,002911877
-0,03851159
0,01487416
-0,02627011
-0,0008675921
-0,0325899
0,01969307
0,02177018
-0,03656643
0,01276046
0,02431255
-0,01751955
-0,01677608
0,000956545
-0,01292465
0,01298485
-0,01821061
0,01584454
-0,01215371
-0,06138434
0,05946858
-0,07940882
-0,0201434
-0,0192675
-0,0007508644
0,104227
0,01522867
0,02055214
0,03811565
-0,1228401
0,0144853
-0,09826455
-0,1141902
-0,1071421
-0,06513563
0,1318307
0,04143439
-0,01870969
0,08570661
0,003219913
-0,01468336
-0,06935336
0,04367908
-0,05268593
-0,06609771
0,06205901
0,04914926
0,03196835
-0,0438699
0,01356159
0,1144131
0,02542854
-0,04064655
0,01615775
0,1003627
0,007750977
-0,003269513
0,04968902
-0,003113983
0,01175224
-0,01589142
0,007967475
-0,001191332
0,005225826
-0,004382444
0,005681691
-0,05031095
0,01370774
-0,05237355
-0,101283
-0,1331822
-0,006283246
-0,09735699
-0,0676415
-0,1061933
0,09952892
0,07715377
0,08826633
-0,02757864
-0,1172333
0,06203064
0,007459109
-0,02982397
-0,01576797
0,02704959
0,06855708
0,09000238
0,08655766
0,05251539
0,05280198
-0,1389597
-0,06379047
0,02425734
-0,03292694
0,01898082
0,03979727
-0,02189804
-0,01066443
0,01485659
-0,02732037
-0,1421994
0,02082849
0,2102158
0,1066051
-0,09457658
-0,02134106
-0,06496157
0,03300754
-0,00909485
0,001128283
-0,02001239
-0,02524559
-0,03811165
-0,002852259
-0,01950468
0,01998684
0,015767
-0,06104774
-0,07388757
-0,1118464
-0,1390228
-0,06789821
0,02381097
-0,01557674
-0,009572724
-0,03711194
-0,01525445
0,03988653
0,0003647532
-0,06906649
-0,05898656
-0,02821969
0,04498017
-0,04098456
0,04616001
0,1331885
-0,159977
-0,01047593
0,1072533
0,03928405
-0,08939821
-0,03988928
0,03007674
-0,009394589
0,07544322
-0,007552464
0,06394302
-0,004568235
0,08730226
-0,08954397
-0,03940789
0,05006241
0,04271341
0,04902022
-0,01252679
0,01438103
-0,09698909
0,01430602
-0,02324042
-0,04935923
0,02658457
0,005242153
0,009347957
-0,0146158
0,01878151
0,01120896
6,351286E-05
-0,08959083
-0,05080936
-0,04835213
-0,01930388
0,004211815
-0,02254276
0,07087138
0,01226737
0,02800241
-0,04520272
-0,1197041
-0,0532102
0,008837667
-0,1270755
-0,07675394
-0,04279222
-0,1014692
0,01577793
0,01909614
-0,1286809
-0,004983478
-0,01397402
0,03750039
-0,09790982
-0,00080786
-0,006813143
0,002893792
0,009639245
0,22876
0,01184381
-0,1010592
-0,01389855
0,01420326
-0,008073161
0,01036667
0,006119922
0,06356961
0,03821578
0,04561879
-0,01401383
0,01150607
-0,04380776
0,001551591
-0,02466324
0,02565217
0,01113018
-0,02368195
0,02218154
-0,02478877
-0,005907224
-0,01608832
-0,03854403
-0,1275494
-0,1332375
-0,1297371
0,02725562
0,04797495
0,0152577
-0,06706329
0,0386594
-0,04557288
-0,06308267
-0,05820294
-0,1019321
0,06675146
-0,1393355
0,007663434
-0,02400423
-0,1465544
0,006187973
0,01376366
-0,0004354587
-0,06794485
-0,1429451
0,06604644
-0,03801925
-0,002902906
-0,06231738
0,07404021
0,02643364
0,07819115
0,04638808
0,04405442
-0,05871395
-0,03468138
0,1277571
0,05795659
0,06524152
-0,02427164
-0,01513611
-0,002488941
0,0529712
0,0211069
0,0241438
0,01066829
0,004289967
-0,03402511
-0,001325405
-0,001456178
0,005090974
-0,06850258
-0,04003209
-0,1547514
-0,03479081
-0,1241023
0,01297416
0,09222837
0,0267136
0,04870794
0,0356501
0,1502331
-0,006643166
-0,03117519
-0,1387455
-0,04810333
-0,1796947
0,1100739
0,1065272
-0,127009
-0,001371537
0,1141045
0,05383736
-0,06783318
-0,07231596
0,1229488
0,07893234
0,05852533
0,06705358
0,1254664
0,200443
0,1249444
-0,04245251
-0,004942325
-0,03969784
0,05891756
0,02501507
0,0008565509
-0,04201767
-0,03557392
0,04095397
0,03748256
0,01959199
0,04013135
0,05841134
-0,01271362
0,002719859
-0,003232015
-0,008128029
-0,017735
-0,01072001
0,03194049
0,0460037
-0,1140931
-0,09495459
-0,08667936
0,01950772
0,09161581
-0,09605234
-0,06803942
-0,08766735
0,09291153
0,1283481
-0,03424989
0,03362262
0,008970869
-0,1613385
0,03103116
0,206948
0,008532758
-0,009837338
-0,04381584
0,1701337
0,02164233
0,02542851
0,09526194
0,123196
-0,1212626
-0,1437945
-0,06487664
0,06531785
-0,02563651
0,000193264
0,02733348
-0,08133275
0,04700844
-0,04763502
0,02640537
-0,006219298
-0,02735136
0,04783249
0,03615922
0,0242503
0,04577365
0,003814979
0,004733002
0,006780197
-0,04583133
0,02048294
0,003502988
0,0001273361
0,01597137
0,05605184
0,0439593
-0,03141249
-0,01290845
0,01289876
-0,0006556732
-0,07436153
-0,02762437
0,02989449
-0,008222364
0,06731472
0,01474715
-0,06558914
-0,0307059
-0,08154275
-0,03379546
-0,04879872
0,06483795
0,06135895
-0,1352034
0,1128204
-0,123412
-0,06332019
0,03787158
0,2361045
0,01898387
-0,02693516
0,09492273
0,01801894
0,1293689
0,03107209
0,02162831
-0,07276072
0,01151471
0,07868314
0,07724605
0,0192193
0,03018553
0,02778536
-0,008322083
0,00334547
-0,01962682
-0,01059514
-0,01197962
0,01557278
-0,004884579
-0,0004772832
0,01726562
-0,005679083
-0,03574974
0,0198395
-0,005993457
-0,001229625
0,05423572
-0,04110609
-0,00721037
0,06415938
0,08065214
-0,004197325
-0,1235194
0,03299627
0,09008788
0,03009037
-0,05586097
-0,00337952
0,03700833
-0,04787327
0,06818283
0,2253435
0,03038473
-0,1252695
-0,05429194
-0,1101167
-0,08688752
-0,143693
-0,02661118
0,03170319
0,06384415
0,1066089
-0,01337959
-0,05743406
0,05474325
-0,002325228
0,1746733
-0,03150883
-0,04889934
0,01258955
0,009350222
-0,05062449
0,004256471
0,02123668
0,01147016
0,005106461
-0,01310543
-0,01356086
-0,03473876
0,005792864
0,01183012
0,02476895
0,03024578
0,009760792
-0,02352459
0,07348631
0,007669408
-0,03435222
-0,00329732
-0,00378362
-0,03524089
-0,002173686
-0,1682303
0,01723966
0,03639527
0,0440753
-0,07522148
-0,0165251
0,01844575
-0,097566
0,04368299
-0,08684769
-0,05077185
0,03347816
-0,05932314
-0,06400334
0,0786012
-0,004180597
-0,01077626
-0,04308216
-0,01301991
0,02042511
-0,00382817
-0,007766908
-0,04297157
0,0528328
0,01645043
-0,08669466
-0,03477361
0,03609856
0,01325623
0,02464489
0,03820213
-0,01539625
-0,02545537
-0,03168255
0,01133488
0,008068874
0,00426173
0,02098438
0,002430586
0,03000085
-0,02600796
0,06346825
0,001548303
-0,01075576
-0,03351434
-0,0124499
-0,01666357
0,02130118
-0,05444653
-0,1206871
-0,08350728
-0,0197006
0,0150779
-0,13842
-0,2520272
-0,1006048
0,1625329
-0,02303335
-0,08456552
-0,03054662
0,007497224
0,0702004
0,005256243
-0,1549713
-0,01720006
-0,06106905
0,03519296
0,1320203
0,1444594
0,02610644
-0,04280691
0,06826584
-0,06889154
-0,1163605
-0,04533032
-0,004073617
-0,0244542
-0,08213025
-0,01307177
-0,0113629
-0,01383646
-0,009757917
-0,01432137
-0,0163895
-0,02095841
-0,00324399
-0,01241575
0,0257952
0,02299803
-0,001681564
0,01255013
-0,004429814
-0,03387812
0,03085453
0,02381894
-0,06818706
-0,0617688
-0,08745468
-0,009135173
-0,05607203
-0,06195483
-0,08804398
-0,0251381
-0,02246504
0,04472421
-0,02815684
0,05205701
0,03056823
-0,1127363
-0,06057829
-0,09947673
-0,09236852
0,03635398
0,008715276
0,07102634
0,1071438
0,1022508
0,02716143
-0,1106317
-0,04757277
0,007845196
0,01690403
-0,03473494
0,006508556
-0,03059035
0,03473963
0,03809486
-0,05844115
-0,05351818
-0,009374378
-0,02485537
-0,01973817
0,00480201
0,006821048
0,01571091
0,005797271
0,008138998
0,002610198
-0,008669553
-0,01201203
0,002616832
-0,0032291
-0,08164379
-0,038642
0,02258469
-0,003730529
-0,03927281
-0,02989329
-0,1065817
-0,0371023
0,04727994
-0,06171239
-0,01653605
-0,03588006
0,07352915
0,007140687
-0,1073112
0,005875647
-0,01312911
-0,02662816
-0,07139058
-0,1235662
-0,05155966
-0,02770092
0,01743447
0,05784015
-0,08974317
0,08276322
-0,01088936
0,005104441
0,1308043
0,1398035
0,03132943
-0,1239819
0,007564633
0,07254072
0,03293992
0,001061487
-0,04733498
-0,03142598
-0,01256644
-0,0274575
-0,04187563
-0,01520885
-0,02925227
-0,02731027
0,01742775
0,02116962
-0,01642314
0,0001833551
-0,005610461
-0,01832005
-0,05363909
-0,03347788
0,04316938
-0,001840683
-0,04338398
-0,01605308
-0,07660256
0,02001882
0,008523124
-0,03491998
-0,01976156
-0,1540803
-0,1649477
-0,2001521
-0,10552
0,008065151
0,08810366
-0,05033537
-0,1201103
-0,05433425
-0,09624691
-0,0576805
-0,08751769
0,03500389
0,01256947
-0,0397204
-0,01198697
-0,08835716
-0,005877852
0,04257276
0,08162214
0,03232214
-0,04134601
-0,04666425
0,01026209
-0,001971845
-0,002824354
0,03547278
0,02495645
0,05017154
-0,01037801
-0,04391395
0,00587205
0,02055257
0,01840207
-0,0218904
0,02912226
-0,001210518
-0,01062629
-0,02706615
-0,0316775
-0,02466933
-0,0268003
-0,04720845
-0,01206091
-0,05139054
-0,01678455
0,02073562
0,04277389
-0,0884151
-0,007855774
-0,006501457
-0,07092183
-0,1515851
-0,05847574
0,001056629
0,07064571
-0,03113418
0,1270269
0,04575512
0,05931833
0,04115832
-0,01894759
0,1117887
-0,04882922
-0,05151742
0,01002587
0,005116267
0,02916922
0,03687587
0,06935085
-0,02149215
-0,03629275
0,01469998
-0,05674911
-0,05239006
-0,06088036
-0,01746049
0,01544107
-0,02047924
-0,01052699
-0,03102877
-0,002602629
0,01322421
0,001013599
0,01327621
0,02558763
0,01130342
-0,0001224548
0,01276032
0,009265065
0,008981699
0,005047295
-0,02107751
-0,02256673
-0,02614598
-0,03587837
-0,004526685
-0,03621089
-0,06462657
-0,0171006
-0,03041196
-0,02750317
-0,1067595
-0,1224
-0,07541614
-0,03169364
-0,02477867
-0,03172225
0,01825298
0,03936562
-0,07892528
0,01825838
0,0474515
-0,05383681
-0,04478281
-0,07114724
-0,03693526
0,001157605
0,01203439
0,001238059
0,01828028
-0,07592832
-0,03395793
0,021201
-0,04786102
-0,04826656
-0,04127382
-0,04943035
-0,01112854
0,01767787
-0,01655644
0,02124321
0,008727122
0,01102257
0,02816975
-0,01970482
0,02989394
0,01753677
-0,02098223
-0,03345816
-0,01602913
-0,01154714
-0,03300028
-0,02564929
0,01147719
-0,02383545
0,006872413
-0,001310368
-0,06812983
-0,08475518
-0,00863278
-0,01520387
-0,01433146
-0,1029281
-0,0687572
-0,06459585
-0,07365865
-0,05013747
0,008319997
0,02631222
-0,09510102
-0,0940284
-0,05777723
-0,04182089
-0,02517502
-0,009282627
0,02986068
-0,05052375
-0,0431054
-0,008770185
-0,01950915
0,01595903
0,04599796
0,04269476
-0,001495
0,008202646
0,02336879
0,0158967
-0,02141458
0,01093805
-0,001897841
-0,01356711
-0,02678569
0,02019048
-0,02247952
-0,008239401
-0,01438909
0,02708289
-0,02300931
0,004708186
0,009677946
0,01823224
-0,04344775
-0,0297753
-0,0173315
0,02066985
0,01867987
0,01134869
-0,03987809
0,004859135
-0,04781383
-0,04360965
-0,03101635
-0,07170434
-0,03381988
-0,0491598
-0,137273
-0,0598575
-0,0267621
-0,005283227
-0,07837305
-0,04695351
0,004180281
-0,002087227
-0,04951734
-0,05173508
-0,0143415
-0,008980492
-0,02305428
-0,02258027
-0,00434837
0,0383796
0,03278626
-0,008104102
-0,0127477
0,004175566
0,01178541
-0,007755515
-0,02264639
-0,02169763
-0,02686424
0,01848952
0,0266826
0,02867049
-0,01008181
0,01250669
0,003960446
-0,01545603
-0,02875527
-0,02330296
-0,0282414
-0,0006750519
-0,01719197
-0,03567786
-0,02619504
-0,0117752
-0,04684287
-0,04299765
-0,0001399757
-0,02767064
-0,04817577
-0,02166177
-0,03366812
-0,04090698
-0,02634493
-0,02041738
-0,04179248
-0,02276965
-0,02231514
0,03575618
-0,03649964
-0,0347504
-0,02406473
-0,03421558
-0,003246906
-0,004163514
-0,01249272
-0,005864713
-0,01177681
-0,006827994
-0,009430398
-0,01656775
-0,002965727
-0,01037272
-0,02023195
0,0225966
0,005507835
0,005125241
-0,0231834
-0,02658387
-0,001690109
-0,006771092
0,01276224
0,02074313
0,02196409
-0,01615254
-0,01237507
-0,01888701
0,01993302
0,01512632
0,01681205
-0,01853127
0,02442026
0,02258071
0,01106452
-0,01216359
0,01959833
0,02510051
-0,02414997
-0,002223958
0,009103369
-0,01486246
-0,003609287
-0,04963157
0,00307008
-0,05474984
-0,02680351
-0,01082886
-0,0092534
-0,02012276
-0,04172382
-0,04782331
-0,04095899
-0,02992663
0,00305066
-0,04583295
-0,05206264
0,007091696
-0,01022377
0,003419301
-0,02010477
-0,01276865
0,02260214
0,02874012
0,02996635
-0,004496513
-0,01176225
-0,009783817
-0,009552996
0,01617822
0,02634325
0,005142224
0,01231606
0,008742983
-0,01753167
-0,01634328
0,01908208
0,001444922
0,02820416
0,007783996
0,008613979
0,02122771
0,003507518
-0,005291531
0,01140578
0,0066628
0,03066567
0,01222068
-0,02245993
0,01427978
-0,01340573
-0,0115347
-0,01363286
-0,02313904
-0,01986111
-0,01376773
-0,02315185
0,0256153
-0,02088915
0,0008639287
0,03543419
-0,03131435
-0,03574263
0,02313243
-0,00732819
-0,001564346
-0,01753565
-0,0001426817
-0,0281032
-0,005385126
-0,02660834
-0,002383291
0,01228799
0,01898297
-0,02480049
-0,003937235
0,01564897
-0,000369878
-0,01852123
-0,01117068
-0,003400567
0,001441007
-0,007325515
0,009028559
-0,008411367
0,009068324
-0,02686164
-0,008903083
-0,006747376
0,0113491
0,0275109
-0,02312871
-0,009812409
8,160069E-05
0,005809869
-0,002174869
0,01446368
0,01067274
-0,02677771
-0,0199443
-0,02386126
-0,004428532
0,0006575791
0,00546318
0,006036647
0,02217361
-0,003326825
0,0101063
-0,02088047
0,007941122
0,01051075
0,005724041
-0,01316804
0,02403104
-0,02521506
0,001698572
0,01571758
-0,003651846
-0,0009668541
0,01243193
-0,006608231
-0,02527265
-0,02281512
-0,01151899
0,002497168
-0,02921967
-0,0203569
-0,01750375
-0,0174492
0,004311212
0,01011056
-0,02491099
-0,003269803
-0,02572587
-0,02135931
0,02957849
0,0201389
0,01960638
-0,02585924
0,0001614357
-0,02466972
-0,006948722
-0,0236231
0,005585209
0,02433281
-0,01637779
0,01221603
-0,004298088
0,0003225423
-0,024683
0,01488004
-0,01023092
-0,02434634
-0,01601928
0,01137973
-0,02392947
-0,008070128
-0,01166409
0,02853495
0,001523649
0,009103575
-0,0122315
-0,005490394
0,01150278
-0,02098574
0,01458224
-0,0101557
-0,007748324
0,01557249
-0,02992868
0,009659028
0,02532281
-0,01132907
-0,02903893
0,01014384
-0,02763698
0,03125888
0,003586086
-0,003571192
-0,009630409
-0,01131507
0,01479173
0,01260493
-0,02599139
0,01549979
-0,01490731
0,02585063
-0,02294167
-0,01019533
-0,02471439
0,01107078
-0,0001475334
0,02012952
0,001454922
0,01772724
0,01465692
0,02627942
-0,003334812
-0,0006296968
-0,01551406
0,023957
-0,01037707
0,009705889
-0,001944978
-0,0004396426
0,02422658
-0,02561565
-0,02167453
0,01004521
0,0124181
-0,02628654
0,0160197
0,02561994
0,0097192
-0,01600508
0,0289664
0,009172133
-0,007190168
0,02484688
0,02224402
0,01510547
-0,01916264
-0,02819151
0,01073467
-0,008976277
-0,02003845
-0,02440667
0,01904922
-0,01465636
0,02589255
-0,02365776
0,003604688
-0,02636966
-0,01871254
-0,005445535
0,02783157
-0,02543142
-0,01642977
0,004628904
0,02170395
-0,02002545
0,01822546
-0,002270174
0,007698492
-0,02829598
0,02527614
0,005381832
-0,01991899
-0,0130704
0,0193183
-0,02478258
0,003070134
0,00156991
0,007563408
-0,000420921
0,01536504
-0,010378
0,02984771
-0,02185081
-0,009539727
0,01944863
-0,01287184
0,02317611
0,01484597
0,006495351
0,0006573705
0,01239361
0,01347979
-0,01482369
-0,01277332
0,02377307
-0,004465606
0,01937664
-0,02595206
0,01260088
0,0278546
0,01402739
-0,004914686
0,009165352
-0,003991676
0,005116238
0,02618591
0,002030842
-0,003830639
