0,01536967
0,01261868
0,01862182
0,008410304
-0,01760573
-0,02372929
0,0005144525
0,02505578
-0,005176451
-0,008993796
0,00720976
-0,01304254
-0,00534655
-0,007846215
-0,01632663
0,005946345
-0,007572365
0,01334579
0,02740669
0,004805967
0,02280477
-0,01129219
-0,01639089
0,02742762
-0,008101773
-0,0006064402
-0,01534685
-0,0007266061
0,001556669
0,02379994
-0,01395497
0,00689755
-0,01638213
-0,01749336
0,0130314
-0,007067688
-0,002478242
-0,01311388
-0,01646307
0,008148419
-0,01751623
-0,003214529
-0,0229743
0,01024396
0,01123419
0,01920254
0,001902319
0,01465219
0,01458352
-0,01523269
-0,004210197
0,02251211
-0,001485133
-0,008500084
-0,0208523
-0,002242616
-0,001059877
0,02335346
-0,01305739
0,01369225
0,02036678
-0,02674816
-0,004101783
0,001626588
-0,02641802
0,02817924
-0,0269486
-0,01792135
0,008859017
0,02019677
-0,02291391
-0,02533169
-0,0005012967
-0,01079544
-0,007517517
-0,003408924
-0,01774552
0,005326973
-0,011654
0,00542113
0,02936559
0,0007461381
0,01696134
-0,01291531
-0,001895356
-0,005056767
-0,02304908
0,02099206
-0,02657325
-0,01312916
0,02585792
0,007659263
-0,02848275
0,002648087
0,01718318
-0,02032899
-0,02796112
0,006023177
0,00602092
0,01258924
0,01558941
-0,01016545
-0,02442454
0,02727593
-0,0216924
-0,01089056
-0,007840778
-0,02205112
0,02896477
0,01325136
-0,0161951
0,02561532
0,006700989
0,01373977
0,01242829
-0,01245428
-0,01354896
-0,02183202
-0,02598326
0,01024507
0,02052741
-0,0175959
-0,02205998
-0,007216454
0,02534916
0,0007576332
-0,0277005
0,0262717
0,002943573
-0,01526788
-0,005480656
0,005114985
0,03106221
0,003553284
0,01916314
0,0101643
-0,007298004
0,01840362
-0,02042564
-0,02257862
-0,02972604
0,0296941
0,02232848
-0,01055078
-0,02765769
-0,02901344
-0,02767086
-0,01175753
0,02031585
-0,004237837
0,0217279
0,02303297
0,002294851
0,02861806
0,02396295
0,002599669
-0,02315476
0,01493233
-0,03126994
0,002680667
-0,01325713
-0,004400636
0,005917229
0,01934253
-0,01003649
0,004243184
0,02278054
-0,03226849
0,02492911
-0,02693564
0,02649509
-0,0007039727
-0,02981136
0,02670609
0,00517622
0,0213396
-0,01257587
0,01623709
-0,01217545
0,0261773
-0,001452733
0,01203779
-0,02355232
-0,02503127
-0,01041322
-0,004782423
-0,02601903
-0,03300946
0,01364057
-0,01828537
-0,007792561
0,008463231
0,01929059
-0,0006407452
0,0185511
0,005710736
-0,007068954
-0,02423603
0,03030856
-0,006806777
-0,02682434
-0,02981127
-0,007489257
0,0134969
0,0006193446
-0,00138685
0,02212127
-0,002431745
-0,0122098
-0,03203026
-0,02341842
-0,01460679
-0,01189308
-0,02946258
-0,0231137
-0,001415882
-0,01419878
-0,004775493
-0,008483172
0,01970791
0,004478903
0,02160344
-0,01156319
0,004101812
-0,0001259236
-0,01239102
0,00743817
0,002062145
-0,01840288
-0,01932656
0,0007410946
-0,02263778
0,01182663
0,02550732
0,01798081
-0,001238216
-0,009379449
-0,007629971
0,009715978
0,02517144
0,004658167
-0,006602278
0,01349787
0,007356185
-0,03238618
-0,02569395
-0,01299985
0,01508748
-0,007882471
-0,01403431
-0,01571449
0,02226981
0,01802278
-0,02539317
0,02169086
-0,004152881
0,01005996
-0,002803153
-0,02534094
-0,0234217
-0,0005018533
-0,01769651
-0,01383972
-0,02697638
0,0003100046
0,02438532
-0,0008973564
-0,009223194
-0,02216855
0,005285694
-0,02083017
0,02147943
0,0087611
-0,01619912
-0,0371324
-0,02793528
-0,03895327
0,007929619
0,02152049
-0,002766007
0,03414602
0,009788289
-0,03200003
0,01110615
-0,004081293
-0,007623109
-0,001785842
0,004607154
-0,02095077
0,002939616
0,003776824
0,001115861
-0,02597152
-0,008526359
-0,02215773
-0,01902759
-0,02564166
0,009037912
-0,01926738
-0,02906447
0,001037362
0,01914367
0,0003171447
0,001662873
-0,02561738
-0,008957654
0,01369227
-0,01517767
0,02047166
-0,001672695
-0,05552012
-0,03431921
-0,03156974
0,001496243
-0,02048668
0,01628332
-0,03128757
-0,004407436
-0,01080217
0,007687581
-0,01746072
0,007973173
-0,03558887
-0,01351376
0,004879082
-0,02663078
-0,006842439
-0,01716971
-0,01450198
0,0572562
0,0021188
0,0188558
-0,0102836
-0,01267582
-0,03888961
-0,01755746
0,001823697
0,01077155
0,02519601
-0,001232616
0,005848738
-0,01766021
0,007395186
-0,002365858
0,004724154
0,007110937
0,007774332
0,002990361
-0,01943392
-0,008567918
0,02761026
0,001027048
-0,007144174
-0,01331377
0,001550169
-0,003896461
-0,01522804
0,008690647
-0,0009532503
-0,0195547
-0,02417908
-0,02022308
0,03631617
-0,02578783
-0,003081131
-0,0143238
-0,01559293
-0,03489549
-0,009259461
-0,05617509
-0,02498866
-0,008820799
-0,0250563
-0,0315293
-0,07062602
-0,06794605
-0,0372671
0,03044326
0,02302946
-0,02159051
0,03886767
0,02583083
0,01012489
0,01768534
-0,02990368
-0,01547469
-0,04478016
-0,03491937
-0,0227304
-0,002505028
0,02106758
-0,004288654
0,004015306
-0,02301313
-0,02506264
-0,03243852
-0,01727907
0,003486039
0,009565306
-0,02661668
-0,02333231
-0,01223444
0,03181132
-0,02776396
0,00706716
-0,03467945
-0,01142587
-0,00648058
-0,0503903
0,002335557
-0,02033856
-0,00369415
-0,003646337
0,02870799
0,01688541
-0,02042524
-0,04211193
-0,04633754
0,003637135
-0,04600758
-0,0333551
-0,04257062
-0,06733493
-0,05899089
-0,06229758
-0,09396609
-0,0409865
0,00107009
0,00527487
-0,01143956
0,0006289403
0,007341239
-0,01721354
-0,01637653
-0,01534028
-0,01650472
-0,04391216
-0,02183144
0,0386447
0,02951317
0,02258721
-0,001640606
-0,04805228
-0,001861759
-0,03019984
-0,04461266
-0,0228947
-0,03434434
-0,01756943
0,02581851
0,02752214
-0,01410733
0,01244891
0,008684232
0,01085554
-0,003069282
0,02930651
-0,001244881
-0,003432881
0,04365922
0,06746218
-0,009239147
-0,02344495
-0,003872206
0,01717379
-0,01063602
-0,03491191
-0,05941847
-0,06213612
-0,06397226
-0,01743326
-0,07983933
-0,0915103
-0,08293696
-0,04174416
-0,01689025
-0,03548198
0,01216107
0,006427235
0,04692104
0,05925525
0,03270487
-0,004672749
-0,006609265
-0,004881647
-0,007044778
-0,002568933
-0,01365517
-0,02154615
-0,02662686
4,074321E-06
0,009752128
-0,03879245
-0,05142419
0,02396538
-0,004986424
-0,02957981
-0,04648878
0,002597785
-0,01605096
0,00525085
-0,0253436
-0,01326045
-0,02957098
-0,0138659
0,05895967
0,02436737
0,04914584
-0,03799111
-0,01344532
0,01223297
-0,0100689
0,04112309
0,01526109
-0,02366395
-0,005818595
-0,02492757
-0,03738591
-0,0175949
-0,06431442
-0,02945244
-0,045289
-0,06633695
-0,1021072
-0,01784015
-0,03345079
0,003216415
-0,03445257
0,02699095
0,09028418
0,07256166
0,00956465
-0,03357372
0,0479623
0,02883104
-0,08689941
-0,050333
-0,01060741
0,02444964
-0,02217337
-0,01987099
-0,001945472
-0,01529832
-0,01775265
-0,02666398
-0,0100727
0,01203603
-0,005980373
0,004442832
0,02269672
0,004844024
0,01144157
-0,03211815
-0,00310131
-0,001866599
0,03555671
0,03741341
0,02759364
0,01105107
0,04469533
0,03321389
-0,01870186
0,005625273
-0,01533009
-0,01407282
0,0150089
-0,06225465
-0,01359103
-0,02241402
-0,02573661
-0,02626777
-0,02948182
-0,04232182
-0,03854633
-0,05192314
-0,0634293
-0,01277058
-0,002610048
0,04210851
0,0296814
0,009213913
0,008881567
-0,07897519
-0,02498564
-0,03324196
-0,001642228
-0,02696255
0,009792767
0,009971133
-0,03098862
-0,01430938
0,03717328
0,0177935
0,01482951
-0,01212152
-0,01646096
0,008954137
-0,01543931
-0,01391978
-0,01913369
-0,02962445
-0,02734995
0,02633075
-0,00662922
0,01817506
0,03264161
-0,009154071
-0,03776113
-0,02040319
0,006354594
0,01183975
0,005028015
0,02824808
0,03104993
0,001913266
-0,01772113
-0,03231413
-0,1009931
-0,01624856
-0,07032157
-0,03204064
-0,0008826765
-0,01978617
0,005683915
-0,05390528
0,02126512
0,05319855
0,05825192
-0,008836177
0,01969788
-0,01297619
0,06755775
-0,04594117
-0,0255368
-0,04078748
-0,03788168
-0,0749704
-0,04217849
-0,01082317
0,03939877
0,008434701
0,01476599
0,03184008
-0,005723589
-0,00686328
-0,01925923
0,007060806
-0,03430358
-0,02448061
-0,002093986
-0,009532728
0,003760981
0,0198547
0,001863783
0,0411205
0,03859919
0,03614353
-0,0156808
0,03782866
-0,004261405
0,05396579
0,054271
0,04628541
-0,01502735
-0,03549473
-0,0432651
-0,01411664
-0,0663396
-0,04691608
-0,05110287
-0,01275001
-0,0221942
-0,02039272
-0,002204438
0,01299333
0,04954099
0,0746023
-0,04197862
-0,01191564
0,102407
0,05328758
0,05132137
-0,008399594
0,02982798
0,06295829
-0,01564586
-0,01910611
-0,01091528
-0,04208017
-0,0006805613
0,05199437
-0,02258828
-0,04686138
-0,02470645
0,005654766
0,01446351
-0,04178227
-0,006769267
-0,02132378
-0,02009683
-0,01258425
0,01635191
0,01695576
0,01210254
0,01195826
0,06368474
-0,0129266
0,01520366
0,02029795
0,03037066
0,05469259
0,03163795
0,04857722
-0,06181096
0,0279108
0,01635833
-0,03320428
-0,05443386
-0,05485447
-0,05959488
-0,04020374
-0,01818131
-0,01413555
-0,03945914
0,003955119
0,03184909
0,01348986
0,02344796
0,04910282
0,08437585
0,01083275
-0,02269631
0,008373264
-0,02641094
0,06420588
0,01158654
-0,03247555
0,03265036
-0,005402641
0,06712408
-0,05264078
-0,01077809
-0,05638881
-0,01104494
-0,00262439
0,001477901
0,0007450268
-0,01953239
-0,00270144
0,0301616
0,003301935
0,02029826
-0,01327187
-0,01021283
0,07372613
0,07151698
0,0228139
0,02386734
-0,0112573
-0,02184422
0,01326273
-0,002719688
-0,0238771
0,004024553
0,02690985
-0,02657806
-0,03156979
-0,05691433
-0,1406938
-0,07161252
-0,002758498
-0,0564203
-0,08758591
-0,06436472
-0,008215866
-0,05550017
0,01867908
0,1596051
0,1160055
-0,01477563
0,1123311
0,02325278
-0,0185671
-0,1011566
-0,01758136
0,08733907
-0,001276039
0,03198483
0,02704689
0,03659937
0,04900509
-0,02895687
-0,06876636
-0,0124735
-0,01194568
-0,02435871
0,007271959
0,004386179
0,005454
-0,006449017
-0,02208076
-0,0002021121
0,01458164
0,03640319
0,01263868
0,08155938
0,03215794
0,05912909
0,01296147
0,005528173
0,0126393
0,02638134
0,06094426
-0,01455771
0,04154962
-0,02082058
-0,009873429
0,04190664
-0,0893811
-0,1208168
-0,1039864
-0,09539439
-0,06302185
-0,04729924
0,01017985
0,001105613
0,1017153
0,1537065
0,1312975
0,06349594
0,09387539
-0,01303499
0,01053494
-0,0260366
0,03514777
-0,01088427
-0,04267905
-0,03073937
-0,0131249
0,01610686
-0,02727656
0,02923903
-0,006292132
0,005367919
0,02370891
-0,01550756
0,01712777
0,02327911
-0,03319783
0,02223114
-0,02236536
0,005966063
-0,02222773
0,004341212
0,02281212
0,04940169
0,07301957
0,04287949
0,03438144
0,02703528
-0,01511661
0,04435232
-0,08657958
-0,05103326
-0,01172041
0,01754474
-0,05997828
0,03890615
0,01615845
-0,0572109
-0,01300054
0,008834885
0,04774134
-0,01104038
0,004917573
-0,01177141
0,01634497
0,000305663
0,1227119
0,02948947
-0,001961581
0,007767207
-0,02575412
-0,1222301
0,08590996
-0,02044917
-0,06496104
0,001116539
0,02263276
0,07147226
0,08837669
-0,01873341
-0,003251628
-0,004398224
-0,02443531
0,01032065
-0,03067802
-0,01395308
-0,04132405
0,01260975
-0,0176993
-0,01028728
0,02960806
0,01681722
0,03830627
0,02829259
0,06749327
0,02370886
0,01877273
0,001075765
-0,05536407
0,007811656
-0,0544705
-0,03001086
0,01021349
-0,01033152
-0,01535199
-0,04668108
-0,0838639
-0,0862302
0,09058652
0,0803174
0,03226158
-0,06560493
0,06281758
-0,06642121
0,08771108
0,01311885
0,0332214
-0,04200903
0,04818022
0,03196716
0,0556665
0,06129603
0,04259143
0,05474728
-0,01010912
0,03512081
-0,02222915
0,05690119
0,04640056
-0,01955691
-0,003604756
-0,03296665
0,02772211
0,007726784
-0,0007753166
0,03562227
0,01455079
-0,01697292
0,02144787
-0,02766562
0,00553091
0,02533066
0,04746995
0,07638481
0,09977683
0,110227
0,02974618
0,009543935
-0,03230828
0,04242739
0,0363238
-0,04010827
-0,02222314
0,002663905
-0,02747334
-0,0543845
-0,06385491
-0,08558076
-0,003525071
0,09595373
-0,04760548
0,02624828
0,02565534
-0,0595001
-0,003488358
0,05665324
0,01465676
-0,06496359
-0,01255591
-0,06939806
-0,02902449
0,0476348
-0,02481274
0,02005968
-0,090604
-0,03047368
-0,005789872
-0,01365466
0,01329655
0,02568501
-0,02157661
-0,02554411
0,04204759
-0,01712941
-0,0008249427
0,03105168
-0,02670984
0,01474815
-0,002985451
-0,01539195
-0,002588311
0,01212317
-0,02887334
0,04866285
0,09291104
0,1191448
0,06631821
0,06826375
0,01420171
0,04430679
-0,008398151
-0,00947747
0,04599356
-0,1572092
-0,09404046
-0,04591591
-0,0447412
0,006551804
-0,0323708
0,003191436
-0,03181165
0,008962893
-0,1247943
-0,03236147
-0,05265218
-0,03084969
-0,02207166
-0,1033288
0,01698052
0,07935547
0,01319952
0,03834373
-0,04920229
-0,0002752338
-0,01492568
0,008308767
-0,004246134
0,0434747
-0,0159381
0,0270799
-0,01400823
-0,06172132
-0,05100936
0,009175189
-0,004031427
0,02672666
-0,02919546
0,01386869
0,01346985
0,01992362
-0,01972565
-0,007456896
-0,01007398
0,03346314
0,04524435
0,032389
0,02621415
0,05973661
0,04386051
0,04094083
0,08788945
0,00496714
0,07098757
-0,03101849
0,02364042
-0,03579675
-0,04714591
0,06850567
0,01127526
0,006829415
-0,009054853
0,08596514
-0,06094578
-0,02576273
-0,01858282
-0,007981693
-0,03988553
-0,0444319
-0,06283083
0,01107279
0,02199014
0,02317221
0,03821812
-0,01228485
0,06018487
-0,008993527
-0,02759868
0,1243101
0,05284833
0,07337541
-0,01496638
-0,01903135
-0,004471339
0,005235965
0,03646883
0,03176132
-0,02840485
-0,03215767
-0,01266641
-0,019007
0,001529006
-0,004791741
-0,02756183
0,05262372
0,0337429
0,008989859
0,06180744
0,01265502
-0,03419535
0,06500691
0,03539998
0,01473449
0,09776658
0,02678362
0,04843534
0,09569394
-0,05143781
-0,03758585
-0,0110077
-0,03484077
-0,001188671
-0,01662413
-0,0226371
0,08896982
0,02896275
0,01031475
-0,03685472
-0,01844998
0,01193265
0,01641979
0,1527378
0,02503484
0,0636768
0,05048801
-0,02989484
-0,06275248
0,02891754
-0,02497501
0,03355929
0,01258952
-0,03641297
-0,04050407
0,006738448
0,03427985
0,04655629
-0,004908217
-0,03762262
-0,02142419
-0,009702533
0,01237817
-0,03585551
-0,02072955
-0,02625597
0,008888715
0,0114544
0,002547746
-0,00437566
0,03877251
0,00445916
0,01151372
0,02658429
0,04201609
-0,03138656
0,05450981
0,03756795
0,001162789
-0,01694812
-0,08865552
-0,06900808
-0,05046934
0,03186122
0,00899846
0,1259167
0,08977441
0,03982002
0,0429371
-0,0542803
0,046725
-0,05664653
-0,006212405
0,08627407
0,01687135
0,02395055
0,025361
-0,04473648
0,04645158
0,04934596
-0,01144344
0,0005497089
-0,02510113
-0,01653801
-0,02266904
-0,00699162
0,0171808
0,03969023
-0,004721233
-0,009534339
0,01081519
-0,01099556
-0,01693199
-0,01763129
-0,01116148
-0,01907121
0,03344087
-0,005249643
-0,08185589
0,005825186
-0,05100331
-0,02360595
0,009608323
0,05447306
-0,06933182
-0,1045497
0,1119122
0,09108824
0,03799368
0,01996685
-0,02321798
-0,007988021
0,0691699
0,005265355
0,1257089
-0,06376428
-0,002374866
-0,0007285069
0,003846053
-0,03352643
0,0764977
-0,110517
-0,1134812
-0,02797272
-0,02707443
-0,01835601
0,001193208
-0,02614179
-0,05902996
-0,02211918
0,008533908
-0,07331768
0,01009057
-0,05247482
0,003036167
0,04009039
0,01227842
0,04918702
0,007850774
-0,01474746
-0,001171926
-0,00725569
-0,02474713
0,007340101
-0,04096166
-0,0247058
0,0311015
0,003627913
-0,07063197
-0,03854186
0,0513282
-0,003169618
0,003400123
0,08830231
0,03898044
0,01734103
0,01461521
0,08482585
0,06915765
-0,006092985
-0,03078675
0,09364615
-0,009211752
0,01457716
0,09691845
0,001811102
-0,06810714
-0,04872583
-0,09983343
-0,1047665
-0,03736072
0,08151285
-0,05778576
-0,02155251
-0,09037606
-0,06870355
-0,09879766
-0,06412464
-0,06089489
-0,0004427235
-0,00532139
-0,02696177
-0,02998563
-0,05936245
0,01762698
0,04896323
0,05637968
0,02147979
0,01526786
-0,01026589
0,005389567
-0,01380857
0,01696324
-0,03126713
-0,002853353
0,01895854
-0,05415803
-0,01802925
0,01000088
-0,03794457
-0,01634996
0,04460712
0,01677218
0,0663673
0,1113842
0,06348953
0,01100372
0,0317328
-0,07281087
0,02119719
-0,01979418
0,02987492
-0,02810781
0,0005827608
0,03520632
-0,04283216
0,03480847
-0,1037565
-0,07352677
-0,03864606
0,08899563
0,05814813
-0,026166
0,03896199
-0,04069057
-0,09798834
-0,05087899
0,03737661
-0,01855688
0,009351679
-0,0490464
0,002311345
-0,05290684
0,006838583
-0,03342606
0,02129371
0,03642733
-0,007011849
-0,003656374
0,01641511
-0,02549352
0,02409719
-0,02225068
0,006440326
0,03625663
-0,01609401
-0,06566491
0,003944346
-0,06592527
-0,04656792
0,01374403
0,04113887
0,005565569
-0,001674527
0,02792268
0,007952966
-0,04065031
-0,01316535
0,005721656
0,03283604
-0,03198946
-0,02842261
-0,05639839
0,08552341
-0,002803831
-0,117984
-0,007247204
-0,06511639
0,07541853
-0,03506394
0,05328337
-0,006739065
-0,06539137
-0,09295274
-0,095061
-0,05581502
0,03933118
-0,03869583
0,01388677
0,0341104
0,01012063
0,02343341
0,05963924
0,01448245
0,00104689
0,01278086
0,01902966
0,04702321
-9,21154E-05
0,01309893
0,003830227
0,02356486
0,0172816
-0,01353936
0,006729013
3,129253E-05
-0,01352251
0,0002411177
0,04487479
-0,003163675
-0,02489661
-0,01486673
0,08021166
0,0402986
0,03491047
-0,03300225
-0,1306562
-0,01479047
0,01778385
-0,07268378
0,06252248
0,05930822
0,09032956
-0,005258953
-0,06473204
-0,08219769
-0,1577799
-0,06392767
-0,04553127
-0,07354385
-0,04584745
0,04354788
0,04317245
-0,0921744
-0,06359356
-0,03520487
-0,04581117
-0,01976553
-0,03521418
-0,05335403
-0,02438375
0,02276534
0,004846059
-0,04147066
-0,01998404
0,03196625
-0,0005359969
0,03174726
0,05672754
0,03511787
-0,005067232
0,008283587
-0,003735102
-0,02447924
0,01163791
0,0442578
0,036385
0,01011129
0,01736743
-0,04668764
0,02029045
-0,007738438
0,01637019
-0,05701818
-0,03021347
-0,04768846
0,0823243
0,08460522
0,03983441
-0,009920636
0,02752675
0,09668852
0,03486318
0,05716828
0,02514464
0,08863165
-0,08471324
-0,1280509
-0,131274
-0,07139231
-0,001606213
0,01289726
-0,02660702
-0,07251196
-0,1285556
-0,05130749
0,01802812
-0,004593245
0,008569223
0,003106645
0,01448308
-0,01185801
-0,07209397
0,01221808
-0,02388306
0,007074726
0,01966497
0,03263168
0,02332047
-0,01299232
0,02862135
0,01569011
0,01528605
0,001255433
-0,01339257
0,04964629
0,05141483
0,0213225
-0,02884123
-0,07511585
-0,04655979
0,03496538
-0,03670949
0,02178058
-0,03696982
0,08163974
0,081513
0,1043105
0,069531
-0,02258982
0,1067729
0,1129422
-0,01829095
-0,03100739
-0,08111994
-0,06956698
0,05251171
-0,04042026
-0,1370425
-0,1271822
-0,1602296
-0,113268
-0,02734743
-0,009892564
-0,03466717
-0,004941758
0,07598258
0,0660034
-0,1180089
-0,04959018
-0,004421118
0,01353772
-0,01597178
-0,009767829
0,01831476
-0,02215705
7,913743E-05
0,04354258
0,02727163
0,02501377
-0,03031664
0,02664805
-0,01368521
0,03490209
0,03502179
0,05189244
0,02741707
-0,02024918
0,01448455
-0,05844816
-0,02707896
0,0678816
0,00617956
-0,04085819
0,01607393
0,03052748
0,04212151
0,04394554
0,02527023
-0,05859639
0,03851401
-0,004137234
-0,07267008
0,01400345
-0,09000261
0,01935824
0,1402199
0,08589944
0,0423878
-0,03181737
0,01993535
0,04219183
-0,09766529
-0,01445997
-0,1017845
-0,02500227
-0,06963927
-0,03416296
-0,03830849
-0,02514236
-0,07052419
0,03546454
-0,003225957
-0,03394274
0,009500223
0,03659958
0,005094835
0,0266226
0,004718585
0,02767594
-0,01162573
0,01906645
0,02967211
-0,03441453
-0,00461263
-0,02174764
0,02737606
0,02013856
-0,04834566
0,04950517
-0,01363745
0,03660928
-0,1072419
-0,03829633
0,02807871
-0,07820898
0,02743849
-0,008844276
-0,001657906
0,04716783
0,06700613
-0,05802363
-0,02664362
-0,07783916
-0,03814253
-0,04571613
0,04600766
-0,02100098
0,01978926
-0,04463273
-0,03852405
-0,08950308
-0,05961246
-0,09948754
0,03842963
-0,07347896
-0,03092067
-0,09222095
-0,1174321
-0,03172716
-0,01606476
0,001669299
0,01699474
-0,04021786
-0,02046724
-0,008876137
0,02657238
0,007410619
0,01306125
-0,001571464
-0,01918968
0,02180955
0,006144114
0,01974082
0,05185812
0,01245553
0,009748123
-0,005991091
0,001129965
0,03294346
-0,02759754
0,02139563
-0,07698643
-0,03756554
0,04443871
-0,03259161
-0,09978872
-0,0893137
-0,006038347
0,06677347
-0,008827614
-0,009857713
-0,1282645
0,008801004
-0,063674
-0,0329497
-0,02639835
0,06865423
0,07120003
-0,01373848
-0,07778478
-0,1584276
-0,1243953
-0,06012363
-0,02717434
-0,09142468
-0,02216606
-0,0945432
-0,02758817
-0,037193
-0,05733521
-0,01690197
0,001674423
-0,02374625
-0,02180947
0,01285262
0,03038579
-0,007341178
-0,001075008
-0,02085465
0,02092374
0,01080448
-0,003319912
-0,02966505
0,01453566
0,03164485
0,02374765
0,009735377
-0,02951014
-0,02467943
0,01934481
-0,001065946
0,06409777
0,01666659
-0,01034821
0,0267492
0,01139167
0,05648037
0,09166497
0,08141038
0,02726948
-0,01792156
-0,03841953
-0,05856989
-0,01018483
0,006950017
0,08923206
0,01886136
0,005485273
0,0674493
-0,05388528
0,06593928
0,09571056
-0,04345671
0,002988494
-0,01254348
-0,0565381
-0,09644119
-0,03733944
-0,02803328
-0,02318585
-0,02156943
-0,03802049
0,01349988
0,006859161
0,01690195
-0,0007158154
0,01944804
-0,0227442
0,00812052
0,00929518
0,01485274
0,02763166
-0,001147252
-0,001329158
-0,02283262
-0,04232242
-0,06499355
-0,0005260464
0,03405927
0,06955414
0,05135281
0,01475941
0,03912811
-0,06822681
0,06683997
0,1214582
0,1200147
0,09229553
0,02687291
0,002014535
0,0638532
-0,04532549
-0,04829978
-0,005156727
-0,06082968
-0,08715418
0,007616024
-0,09159046
-0,04218945
-0,05877111
-0,001399829
0,02944126
0,1326453
0,08312329
-0,02047797
0,01437466
-0,1061383
-0,01111603
-0,06780536
-0,01703526
-0,006733349
0,003694358
0,03062043
-0,01178379
0,01779297
-0,02406694
0,006459941
-0,02988716
0,001364506
-0,02240575
0,008934687
0,002815148
-0,04110538
-0,039064
-0,04445667
-0,05445912
-0,07465605
-0,02686279
-0,05945956
-0,03338781
0,007162469
0,05368086
0,01242699
-0,006782956
-0,000288914
0,001858216
0,08110654
0,01243681
0,03628024
0,08785436
0,07788943
-0,00905488
-0,01389035
-0,08239488
-0,004725213
0,05082992
0,02356323
0,0114787
0,03923491
0,03108419
0,02952845
0,2151152
0,05566443
0,04994784
-0,001890462
-0,07895419
-0,07318532
-0,06119362
-0,0365124
0,01387862
0,01934445
-0,02171752
0,0239736
0,007859217
-0,00777844
-0,002592143
0,01854614
-0,02863888
0,004283738
0,004862216
-0,01131962
0,003318807
-0,01740802
-0,006572342
0,003165345
-7,804029E-05
-0,01437847
-0,008980051
0,009083242
-0,1104226
-0,0959679
-0,01561789
-0,004319966
-0,002026013
0,001105147
-0,06562798
-0,03182056
0,004472992
0,09186573
0,09710711
0,1067981
0,02619502
-0,03258923
0,05554976
0,01060481
-0,08676384
-0,06033881
-0,07260622
0,09436608
0,08709846
0,04738701
0,1557763
0,0501142
-0,04332834
-0,139433
-0,1262338
-0,09207901
-0,005539684
-0,03755902
-0,04677549
-0,003384449
-0,03431652
-0,02032158
-0,0245624
0,02414307
-0,01170416
-0,01256827
-0,004024096
-0,005919266
0,01416523
0,02142402
-0,008369589
0,009989589
0,005351554
0,03799117
-0,008333747
-0,0499246
-0,03952554
0,05671153
-0,02899821
-0,0152393
-0,00562648
-0,03449354
0,0009160785
0,03817465
-0,03986946
0,02738395
0,03091732
0,09872413
0,1601431
0,1247657
0,181362
0,1091692
-0,06595626
-0,1033224
-0,07251535
-0,1900269
-0,06967291
0,1350375
0,1663866
0,03039906
-0,04460835
-0,008740737
-0,1152618
-0,0566374
-0,0266257
-0,08772278
-0,03125682
-0,0253842
-0,01800727
0,01705907
-0,01859436
0,03435146
0,0146111
0,00618738
0,007045699
0,01669734
0,00694952
0,0008872613
0,0209668
0,01123036
0,01517804
-0,02387669
-0,01581602
-0,06702751
-0,06549077
-0,06602688
0,01770131
0,02593803
-0,02107005
-0,01511427
-0,02409962
0,03359377
0,05233362
-0,04283346
-0,06860327
-0,01382909
0,001916058
0,04853715
0,02567709
0,1456282
0,0778848
0,05198861
-0,09971417
-0,1693444
-0,09422985
0,02125838
0,1647358
0,177433
0,09335899
-0,006393475
9,052247E-06
-0,02426446
-0,1533893
-0,1277599
-0,06548741
-0,09209745
-0,01190863
-0,01810968
-0,02049216
-0,08751253
-0,02595248
0,005548345
-0,01601907
0,02447597
-0,01473467
0,01310784
0,02054751
0,004660613
-0,004931512
-0,01568303
0,002386705
-0,006843329
-0,02211953
-0,0273205
-0,01992822
-0,07925273
-0,01762431
0,004645814
-0,07181671
-0,04950524
-0,002730231
-0,01673789
0,02746922
-0,0288449
-0,1206599
-0,1884242
-0,08183071
0,003354878
0,02753088
0,1865225
-0,05681578
-0,06978861
-0,1420549
-0,2115853
-0,05272535
0,1113543
0,1257287
-0,01181418
0,0465028
-0,03047999
-0,05854922
-0,1319877
-0,1501997
-0,135394
-0,1648151
-0,076956
-0,01540234
-0,006449718
0,005545254
-0,007016046
-0,01988894
-0,02562215
-0,03608746
-0,01303292
0,006686242
-0,0069244
-0,03177075
-0,01405506
0,01687098
0,02210253
-0,007101853
0,02647599
-0,005904171
0,01811819
0,02061656
-0,0009738443
0,05193562
0,02959111
-0,04455602
-0,02331816
-0,03563965
-0,005952443
-0,04188505
-0,09523758
-0,1269392
-0,06812292
-0,001799949
-0,05442334
0,03135071
-0,06004631
-0,1146366
-0,1247452
-0,1639484
-0,1921564
0,01314875
-0,004165352
0,0008620939
0,04494891
0,09578273
0,03140147
-0,09218992
-0,09850763
-0,151182
-0,1750989
-0,07585178
-0,02966736
0,02493999
-0,02858962
-0,04834306
-0,01597125
-0,04032356
-0,02613818
-0,01636017
0,02517418
-0,008026497
-0,02669099
-0,01254541
0,03206
-0,01387754
-0,005232136
-0,02702972
-0,02105029
-0,0139161
0,04508194
-0,01960971
0,004628743
0,04722419
0,009152208
-0,01999144
0,0212407
0,02750236
-0,02514902
-0,1046484
-0,06277992
-0,1043756
-0,0565003
-0,02927492
0,07544959
-0,03937944
-0,1478066
-0,2206855
-0,1299031
-0,07148039
-0,0620193
0,06062626
-0,09031522
0,02854441
0,02720301
-0,0456838
-0,04810206
0,0164703
-0,01918888
-0,06575972
-0,1479327
-0,1045349
-0,0253731
-0,07751428
-0,006350445
-0,02080957
-0,03766736
0,02724097
-0,005985289
0,002863724
0,0002907419
0,02422998
-0,0233585
-0,02802398
0,01409712
0,03001207
0,01511316
-0,002729327
0,01036803
-0,05021964
-0,007091497
0,05036132
0,03017925
0,01982334
-0,04833564
0,03943819
-0,08260779
0,01284754
-0,021044
0,007435002
-0,02206294
-0,1400218
-0,07742079
-0,0300521
0,01870967
-0,07059068
-0,1443159
-0,1563953
-0,05011022
0,08471328
0,05506714
-0,022461
-0,07986517
0,1139237
-0,1031242
-0,08691124
-0,009171754
-0,05848428
-0,07557312
-0,1074078
-0,1535689
-0,1176436
0,008794398
-0,0525783
-0,03460592
-0,0688426
-0,05806296
-0,03301939
0,002026834
-0,01331161
0,01426714
0,0002195244
-0,01992032
0,003012108
0,006114934
-0,0007273374
-0,01456276
-0,02863394
-0,03038007
-0,01366139
-0,003787002
-0,005426367
0,05681611
0,008041796
-0,0759475
0,01661308
0,04123538
-0,06113497
-0,06820601
-0,07784189
-0,006881209
-0,02340843
-0,04156815
-0,0509893
-0,1161831
-0,0692481
-0,08875938
-0,1029695
-0,03499614
0,03650301
-0,02117691
-0,04295046
0,1048215
0,1682479
-0,1135892
-0,111391
-0,05292991
0,01364026
-0,03594273
-0,08582317
-0,06975257
-0,07463802
0,02124548
-0,02405965
-0,05092274
-0,04788515
-0,03942215
0,007889768
-0,02636636
0,02199892
-0,007552629
-0,02217823
0,008682229
0,002885765
-0,02780642
0,01591227
-0,01511764
0,02869099
0,0007673239
-0,007544282
-0,008000482
-0,01583917
0,005075644
0,02396817
-0,07825942
-0,07761551
-0,01576204
0,008868471
0,04572977
-0,06118355
-0,0683051
-0,03686958
-0,05910663
-0,103016
0,03455134
-0,03415761
-0,07723977
-0,02619414
0,1366555
0,105221
-0,0794057
0,1027555
0,03362629
-0,0904689
-0,04182902
0,06821375
0,1597759
-0,04430358
-0,09819097
-0,08568008
-0,03248812
-0,07259626
-0,04996527
-0,03580466
-0,02058619
-0,04928244
-0,004703665
-0,01949196
-0,02424664
0,01007162
0,01950108
-0,03197299
-0,01406
0,03302025
0,02010762
0,005940334
0,007613397
-0,01248312
-0,02200433
-0,04691298
-0,0004574551
0,05434972
-0,02714383
0,05174331
0,03379117
-0,01356028
-0,05441516
-0,03925575
0,04212584
0,02562872
0,05274769
-0,0306652
-0,1023719
-0,06496432
-0,09820886
-0,1150194
-0,02321775
0,01290569
0,06486119
0,03718756
0,06796071
0,1093047
-0,2093746
-0,2381523
-0,1025895
0,04881213
0,1041768
0,005636078
-0,04215619
-0,09947609
0,005285889
-0,05021347
-0,02602736
-0,04826015
-0,03129109
-0,08261539
-0,03439208
-0,008722694
0,02921977
-0,00718924
-0,01221419
0,007862016
0,003593534
0,02094278
0,03118898
0,01124333
-0,02524172
-0,02032972
0,001511492
0,01684442
0,0592056
0,01753403
0,01894509
-0,01294374
0,01186067
0,02776919
0,02638632
-0,1149901
0,04515003
-0,02613238
-0,008223022
0,04231995
-0,04772038
-0,04936719
0,0007099755
-0,1173727
-0,008574098
0,1507981
0,07677531
0,09766555
0,1524735
-0,05261609
-0,2807381
-0,2166033
-0,05615605
0,03889526
0,02029357
-0,01858504
-0,1942159
-0,1566172
-0,1324824
-0,1017688
-0,04672611
-0,08848004
-0,02209745
-0,01637185
-0,06550351
-0,02624408
0,03375213
0,01545483
-0,02096536
-0,00869327
-0,02631996
0,008395769
0,006130322
-0,0001671407
-0,01948374
0,01655905
0,01678065
0,03764952
0,02984293
-0,02277113
0,0005516559
0,01764481
-0,05067912
0,007828551
0,04220371
0,0300992
-0,02175283
-0,04265552
-0,1012193
-0,004785655
0,04351274
-0,03616937
0,001249756
0,001973481
0,103158
0,09789015
0,1465864
0,2087467
-0,00301889
-0,1693457
-0,1737274
-0,01555537
0,08540388
0,09274424
-0,01539516
-0,09287306
-0,1785952
-0,209403
-0,1237062
-0,02976472
-0,09669048
-0,09147716
-0,01068264
-0,0419035
0,03733237
0,04876617
0,04770961
-0,008274324
0,02562288
-0,03352859
0,02681444
-0,002092031
0,009233436
0,01722844
0,00946124
-0,01766566
0,001367359
0,05130333
0,03426211
0,03061267
-0,02803696
-0,0191462
-0,05171712
0,0232722
0,0191393
-0,008499816
0,0365217
0,02733376
-0,09917577
-0,06990415
-0,07347886
0,0215128
-0,03258387
0,02283687
0,03023181
0,1167249
0,1559366
0,07154275
-0,1500324
-0,282239
-0,1567869
0,02049808
0,1321558
0,06588349
-0,01691622
-0,02051964
-0,1513185
-0,05507005
-0,08654578
-0,00570472
-0,1188166
-0,09704401
-0,03378299
-0,03924032
0,02884969
0,02912947
0,06253649
0,04233921
-0,002880249
-0,001954558
-0,01337843
-0,01485327
0,007499953
-0,005427409
-0,02523636
-0,01608812
0,001150478
0,02651266
0,001837507
-0,03016291
-0,07695968
0,01248576
-0,002122009
-0,03392529
-0,0002801749
0,07298668
-0,009849017
-0,009244383
-0,09928208
-0,09917162
0,01494163
0,04136241
0,1335948
0,05929979
0,07045596
0,1903681
0,07323291
-0,01184549
-0,1232147
-0,1751645
-0,04845559
0,02715377
-0,06634524
0,09040771
0,03455527
0,01325139
-0,08491055
-0,08897544
-0,09523593
-0,04368219
-0,0006476732
0,002505121
-0,01359542
-0,02096558
0,02126918
-0,01582418
-0,04138239
0,01486965
-0,03403753
-0,01253427
-0,005818927
0,0003088465
0,01402581
-0,01361222
-0,0254025
0,04142456
0,004311621
0,05885593
0,04229617
-0,008532229
0,02108222
0,005358037
-0,08352102
-0,03083391
0,1283762
0,08732778
-0,0157928
0,0005848748
-0,03925004
-0,09323864
-0,0004900523
0,01873777
0,08116789
0,05610567
0,01782049
0,06845821
0,03937081
-0,02830023
-0,06720316
-0,09301225
0,004076398
0,09546568
-0,09505244
-0,08110713
-0,05890442
-0,1511075
-0,06400336
-0,05439814
-0,04974657
0,0409746
-0,06306574
-0,008017107
-0,0414572
-0,005070131
-0,0002475056
-0,01556091
-0,05062708
-0,01856636
-0,02734699
0,00502836
-0,02596046
-0,02416939
0,02674606
0,02515739
-0,005094131
0,04068423
0,0460669
0,04634539
0,06607455
-0,0225226
-0,03714977
-0,02275242
-0,03146277
-0,02888775
0,008734843
0,03761517
0,04146108
-0,03620373
-9,319867E-05
-0,04960254
0,01674303
0,04613527
0,04703859
0,01230876
0,09629446
-0,01455178
-0,0214043
-0,02645656
-0,004538058
0,04248016
0,01476358
0,1095101
0,02155403
-0,03715089
0,02038993
0,03326096
-0,06388181
-0,1287629
-0,04120662
-0,162505
-0,1105399
-0,05053859
-0,005726661
-0,03257321
0,02200819
-0,00461335
-0,05911785
0,0007547882
-0,03463896
-0,05447513
0,01588849
0,0001900781
0,0268684
-0,02526194
0,01923472
-0,0055267
0,01278091
0,0685408
0,06024459
0,0447569
-0,05918788
-0,06992081
0,03040104
-0,01165044
-0,01946544
0,02491061
0,01561285
0,02728865
-0,0459575
-0,01890615
0,1036303
0,08479713
0,04003335
0,1073141
0,2032373
0,01356253
-0,03633947
-0,03396166
-0,06321515
0,05912534
0,03272753
0,01854984
-0,01990394
-0,004662946
0,0763379
0,04506209
-0,06091382
-0,05107902
0,04574025
-0,0457553
-0,007426464
-0,04771273
-0,08349667
-0,06966411
-0,04463359
0,03160588
0,02798024
-0,01229521
0,001178453
0,009691391
-0,01382671
-0,007132547
-0,0233372
-0,03043873
-0,005214567
-0,01893555
0,01362473
0,005202253
0,02793557
-0,02947983
-0,04439526
0,01613426
-0,01691953
-0,04587542
-0,006540761
0,07456539
0,00913205
-0,129868
-0,0529955
0,009563878
-0,04881642
0,0650988
0,06524139
0,08962691
-0,02923667
-0,01220389
0,03569299
0,02248851
0,02985341
0,003432882
0,06886816
0,1233128
-0,04404075
-0,03952644
0,07837707
-0,003840673
0,01888423
0,02671844
-0,03763162
-0,01589298
0,05690992
-0,08362813
-0,04602978
-0,05589272
-0,0572279
0,02017588
0,01665822
-0,01944189
0,01695439
0,01106627
0,005098131
-0,0004818426
0,02577482
-0,02608472
-0,01083827
-0,01328279
0,06723201
0,0734745
-0,0190939
0,01794214
-0,003845829
-0,05502416
0,04250344
0,04775542
-0,05040908
0,01536516
-0,02275976
-0,05647333
-0,0242877
-0,002007288
-0,003341367
0,03294158
-0,02741859
0,09953043
0,09274021
0,06804435
-0,1358582
-0,01226084
0,01700104
-0,001733619
0,04672875
0,03598352
-0,07609969
-0,05219452
0,1210602
0,08562375
0,03916507
0,1108275
-0,003508029
0,02633308
-0,02525803
0,04132985
-0,0757912
0,09416226
0,03022185
0,03176559
-0,00387889
-0,004537208
-0,01843328
0,03201479
0,0186281
-0,0002217073
0,02090609
-0,01867479
0,01983239
0,02954011
0,04992599
0,01100724
-0,009009254
0,008414235
0,01628059
0,00600106
0,07656875
0,06855962
-0,0453702
-0,06411285
0,01668007
-0,03517034
-0,06282105
0,01158026
-0,03589007
-0,005616089
0,03213712
0,04653384
0,1070178
0,005504772
0,04591283
0,04439048
0,07685688
0,0517529
0,05841748
0,01873108
-0,01725125
-0,04475929
0,06365682
-0,01511241
0,03265267
0,1007839
0,02219439
0,01065636
-0,007968591
0,02218322
-0,02438797
-0,01049809
0,03713064
0,03625505
0,009778462
0,02234393
0,01252773
0,0157527
-0,009752304
-0,0005095266
0,004959
0,01668634
-0,02221863
-0,01785478
0,005048045
0,002645164
-0,005753428
0,01182883
0,01771224
0,008525891
0,03211509
0,05451563
0,04683494
-0,04106338
0,06572874
-0,0733989
-0,04547336
-0,08239326
-0,01002834
0,07101512
0,09681237
0,03466246
0,08345229
0,05070109
0,03064621
0,1409135
0,1030082
-0,0775795
0,05456466
-0,02414179
-0,1008093
-0,07582223
0,02983239
-0,01771037
0,006398618
0,01488183
0,02179982
-0,009233647
0,001867465
-0,04179297
-0,0155913
-0,02034577
0,09767482
-0,02243466
-0,01697985
0,01417073
0,002754033
0,03834045
-0,007118483
0,02414703
0,01984555
-0,006081801
-0,01107668
0,03575463
0,02120569
0,02818778
-0,03380362
-0,003664957
0,02769031
-0,02382863
0,01264683
-0,007943098
0,09689566
0,01007422
0,03115708
-0,05913493
-0,0950061
-0,06153868
-0,04363228
0,01096291
0,02474184
-0,05289203
-0,03528403
0,05931386
-0,04363066
-0,08511641
-0,03246382
-0,06326351
-0,06356766
-0,03665954
0,07613098
0,08381038
0,06305081
0,05595225
0,036231
0,07460934
0,08857407
0,04154864
0,02293449
0,02269801
0,03460393
-0,03908669
-0,00774619
0,0298345
0,04760716
0,009504716
0,01468798
0,001254032
0,01904751
0,003029628
0,0182071
0,01238057
0,01761407
0,007911499
0,003470917
0,001897742
-0,07623772
-0,02245834
-0,0001669089
-0,07096889
0,03624682
0,0724019
0,03043777
0,03546616
-0,0140636
-0,1302604
-0,1102095
-0,07245929
-0,07286123
-0,06029395
-0,1339144
-0,08235822
-0,08779692
-0,06357601
-0,1503418
-0,1295619
-0,04071389
-0,01356668
-0,04343172
-0,02261509
-0,04274227
0,04733862
0,04000116
-0,01783069
0,008785674
0,00107994
0,05672372
0,06276162
0,006240084
0,02477497
0,09968016
-0,02026206
0,01357382
0,003830103
0,01852411
0,02862356
0,007496851
0,01428196
0,02194178
-0,01435662
-0,007284891
0,007107602
-0,004933827
-0,005938328
0,01429972
0,009922155
-0,003747674
0,05005267
-0,02721541
-0,01432878
0,0580079
-0,04386816
0,08293085
0,02306793
-0,02703399
-0,08283459
-0,04162157
-0,110435
-0,006524979
-0,07628523
-0,07198554
-0,004810776
-0,07244681
-0,08960357
-0,04633381
-0,08005645
0,008923867
0,05999222
0,0743987
-0,0346005
-0,09593344
0,01007146
0,0289175
-0,01458956
-0,0531477
-0,04721929
0,01967511
-0,004255335
-0,02472973
-0,01880989
0,0135393
0,02032076
0,09529327
-0,03438356
0,05456572
0,0008515774
0,01441764
-0,006441557
0,02161197
0,03753481
0,02558206
0,0004764746
0,01129361
0,005308625
0,02463663
0,01697214
0,03508928
-0,01687968
0,003166464
0,001969709
0,02661957
0,01364382
0,07754956
0,1181318
0,007642464
-0,0338631
-0,01021985
-0,05552906
-0,1095154
-0,07977033
-0,008059377
0,02250959
-0,0649049
0,02191082
-0,1625171
-0,1195159
-0,03049676
-0,02008449
-0,01064432
-0,005861856
-0,1380555
0,05549584
0,1373603
0,02338483
0,006056092
-0,04983021
-9,03537E-05
0,01801685
-0,02265928
-0,06841258
0,03285583
0,02192151
0,02042098
0,02421216
0,009181069
0,05328797
0,02417418
0,0020522
0,03912973
-0,0121744
0,03855932
-0,02222314
-0,02731946
-0,02227189
0,02365412
0,002931349
-0,019824
-0,02653913
-0,03916398
-0,00594518
0,01432385
0,001917637
0,05635289
0,06462415
-0,001853675
-0,05100564
-0,03613841
-0,08225203
-0,08216071
-0,02791345
0,01535315
0,00550492
0,08108032
-0,05974048
-0,01340619
-0,05239126
0,07923942
0,08871016
0,04488009
-0,06452838
-0,1442455
-0,0730094
-0,0446061
0,0001763165
-0,001005165
-0,06758649
-0,03838796
-0,06083831
-0,05164474
0,001574471
-0,0455967
-0,03578958
-0,04510691
-0,02756675
-0,004141109
0,01171486
0,0116385
0,05131458
-0,005061787
0,03771959
-0,00880008
-0,02705485
-0,0214576
-0,017142
0,001279845
0,02537426
0,0354284
0,03559592
-0,03186404
-0,003494982
0,006736828
-0,03414983
0,03652768
0,06162305
-0,003687906
-0,01650508
0,07948802
0,006476914
0,05561729
0,02674826
0,09573751
0,06280758
-0,06929191
-0,05996595
-0,09261109
-0,03856424
0,05469715
-0,03756037
-0,01213607
-0,05378244
-0,07913746
-0,01728898
0,02199117
0,1064283
0,07593764
-0,02044448
-0,114152
-0,07236308
0,03448638
-0,01457523
-0,002599931
0,001148086
-0,03382806
0,006843558
-0,06698172
-0,006644816
-0,0200163
-0,001410597
0,01122352
0,03554367
-0,01437148
0,002790494
0,02669069
0,008603293
0,03066436
-0,000395975
0,02585828
-0,0356603
-0,002598564
0,04299157
0,05323817
0,04214997
-0,002285127
0,05225858
-0,03013903
-0,01287176
0,05809587
-0,03315211
-0,008318368
-0,02829665
0,09053761
0,08577554
0,05240473
0,1171451
-0,01289946
0,005217169
0,05047065
-0,033281
0,0469777
-0,03329131
-0,03188195
0,03911135
0,09245511
0,06154434
0,09664223
0,128102
0,01768725
0,05659245
0,0460647
0,07541263
-0,05290511
-0,02997055
0,0007130256
0,04319043
-0,05287813
0,005249162
-0,009048768
-0,004060083
0,01857638
0,01686684
0,0176411
-0,04243841
0,01011683
0,02057427
-0,05096276
0,01899832
-0,002274447
-0,01370881
-0,004706722
-0,05209952
0,004251066
0,06406532
0,08495909
0,07643392
0,06332799
0,1506941
0,0407179
0,01378521
0,07665353
-0,08273495
-0,01193932
0,08141535
0,09072921
0,09618035
-0,042772
-0,001250959
0,08544353
0,09713954
0,04228189
-0,01368403
0,05814222
-0,006976061
-0,03006132
0,01365763
0,04955968
0,1280558
0,08680824
0,01155939
-0,03450225
0,07636112
-0,05255451
-0,009154279
-0,02641108
-0,02360952
-0,03532883
-0,00527624
0,0149347
-0,01182631
-0,02060451
0,001834941
-0,02744393
-0,04242223
-0,02807497
0,001104614
-0,01573283
0,03498376
0,0009039525
0,01827748
0,004162067
0,04643776
-0,01421364
0,07990374
0,009030465
-0,05787328
0,02964367
-0,04513921
0,006976431
0,01843322
0,02262506
-0,06935962
0,001630154
0,03071569
0,1107886
0,06504319
-0,02118175
0,02438746
0,08320808
-0,0155929
-0,01731793
-0,005667649
0,02323759
-0,02861247
-0,05505431
0,03218938
0,06968271
-0,04484297
-0,01782945
-0,07232791
-0,004855642
-0,009655388
-0,007900537
-0,004362347
0,008567533
-0,05543307
-0,01651766
-0,01541939
0,002396719
-0,04281337
-0,02046931
0,01345943
-0,003368262
-0,01381603
-0,02223345
0,02723195
0,01024755
0,002975945
-0,02392331
-0,02656886
0,01445181
0,007073908
-0,02463474
0,0388739
0,1126225
-0,02394486
-0,07798672
-0,005246813
0,008500249
-0,01458952
0,07298714
0,03511766
0,0001830288
0,04396652
0,05884605
0,1470139
-0,06410989
0,03012211
0,1147144
-0,009442846
0,1020443
0,07207377
0,01440603
0,02654404
0,02003803
0,08723416
0,0815791
-0,03198807
-0,009035333
0,02944186
-0,001027278
0,04928831
-0,01069243
0,02013164
-0,02542127
-0,006577641
-0,01152968
0,0008875412
0,05256669
-0,03082586
-0,01644178
-0,02490154
-0,03145226
-0,01757904
-0,02130818
0,0145607
0,01862764
0,02155471
-0,0221922
-0,05568402
0,0209366
0,007825284
0,06358154
0,01185387
0,01697508
-0,004592646
-0,02617618
0,01002095
-0,0329967
-0,1169742
0,1075348
0,06553105
0,07055363
0,08138242
0,007405866
0,02244984
-0,08350822
0,008416016
-0,007761164
-0,0001523714
0,007033193
0,08932555
-0,002851276
0,07907528
0,1333497
0,022628
0,01099604
-0,0166219
0,01724169
0,02547692
0,03733023
0,04357263
-0,03509858
-0,0256982
0,04178001
-0,01115579
-0,002564814
0,07732426
0,01109837
-0,04400551
-0,00908134
0,02657782
-0,02922703
-0,01468557
0,002748822
-0,0007121479
0,007338624
-0,0182876
-0,004012601
-0,02000506
-0,08683868
0,01907592
0,06140185
-0,03667042
-0,09776813
-0,002228458
0,04938237
-0,06676389
-0,03475313
-0,05384074
-0,005396544
0,06548202
0,02220417
-0,01069378
0,02320429
0,02358107
-0,08436956
0,02072073
0,01452062
0,0832823
0,05067366
-0,03522845
-0,005155698
0,009820457
-0,04733627
0,01220318
0,07038262
0,02442862
-0,03357634
-0,02758178
0,01576115
0,04625851
0,05700871
0,05193648
0,1139752
0,06945571
0,02883588
0,0631587
-0,03093259
0,004444842
0,0259357
0,0176366
-0,02084913
0,01672056
-0,01664443
-0,02322207
-0,04868734
-0,01876733
-0,03763312
-0,01320646
-0,03999001
-0,01425985
0,06868546
0,02082054
-0,01635814
-0,01058764
0,03671712
0,0148911
-0,02138129
-0,05845907
-0,07376473
-0,004596617
0,008761974
-0,03998422
-0,003595982
-0,001839595
-0,07661332
-0,05080468
0,03646984
-0,04531638
-0,05894454
0,07038365
0,06379088
0,001040514
-0,05224892
-0,01251349
-0,03664015
-0,01981354
-0,03243886
-0,07719135
0,1118334
0,05659778
-0,01723368
0,08769839
0,04331066
0,04733836
0,0233754
0,06932326
0,03389418
-0,005419334
0,005385191
0,0003807471
0,03623498
-0,03454314
0,01328811
0,003163988
0,01025578
-0,02493248
-0,03917962
-0,03193643
0,0002972988
0,01671382
-0,1108132
-0,01737786
-0,03429323
-0,005824809
-0,05169201
-0,04427309
-0,02071951
-0,03692722
-0,0006652758
-0,03775061
-0,0980392
-0,1082068
-0,05525739
0,09978715
0,005441031
-0,02542219
0,01762266
-0,004941362
-0,008265779
-0,02088065
0,02813716
0,09715153
0,09265164
-0,02143439
0,1165834
-0,06397511
0,04972067
0,01514405
0,04900872
0,0493555
0,01405333
0,03364921
0,03049864
0,00486763
-0,00764695
-0,01531424
0,008479291
-0,02861793
0,0008078327
0,03710313
-0,01860258
0,01206592
-0,01025799
-0,01909246
-0,02044683
-0,003458007
-0,03832113
0,07454115
0,07284568
0,01328274
0,01598288
-0,01171845
0,04559517
-0,02265179
0,00491841
0,01607911
0,0154688
0,04759384
0,07381566
-0,02337988
0,001071044
0,04352679
-0,008416802
0,0313934
-0,07260497
-0,02400098
-0,04839403
0,07990127
-0,1026826
0,01629378
0,04046273
0,06639506
0,05752246
0,07775985
-0,0772021
-0,002361876
-0,008420687
0,005860821
0,1105575
0,06226271
0,06500888
0,0730238
0,0280721
0,0251468
-0,02406339
0,02417655
0,02403811
-0,01225847
0,0007727979
0,02650969
0,03691974
0,0198436
0,01366518
0,03134229
0,02389695
0,05463831
0,006364733
0,03627247
0,01650082
-0,07047325
-0,04830232
-0,0582012
-0,004293109
-0,05440143
-0,07399024
0,01128217
0,04331116
0,009785806
0,02870362
-0,04545414
0,01324914
0,006821316
-0,05830715
-0,1457152
-0,04946887
-0,05449988
-0,1391293
-0,09767982
-0,1237238
-0,05481225
-0,0641672
-0,03269192
-0,08778058
-0,08675746
-0,01706198
-0,01597182
0,003367729
-0,02800595
0,04378387
0,03287487
-0,0203396
-0,001636321
-0,01995355
-0,01195899
0,01775954
0,009465944
0,005452216
0,004086254
-0,02036324
0,02475654
-0,00103299
-0,01415765
0,02385596
-0,005374967
0,01746267
0,003871102
0,01146351
-0,01918538
-0,02604383
-0,09687936
-0,04522007
0,03358513
0,02547312
0,0279731
0,007627605
0,04228403
0,05996509
0,1763445
0,09396239
-0,073131
0,005068829
-0,0007125677
-0,09394152
0,01023492
-0,06763112
0,008136534
0,01267515
-0,09039792
-0,07853448
-0,09859745
0,04323373
-0,03757987
-0,02819198
-0,01119928
0,03351878
-0,02206701
-0,01230928
-0,08231863
0,007981925
0,06105623
0,0453182
0,0223965
0,0234713
-0,00640558
0,04946173
-0,02798345
-0,01201931
-0,02780025
-0,0021999
-0,03786799
-0,01393725
-0,02410379
-0,02749087
-0,003889122
-0,008226627
-0,01902731
0,004730782
-0,01377285
-0,01296517
0,01837283
-0,04475251
-0,02974733
-0,01441763
-0,03548456
-0,05483091
0,1213389
0,1160531
0,0752119
-0,05396457
-0,02377116
-0,004695101
-0,1243091
-0,009144044
-0,06265723
-0,1237182
-0,01951369
-0,01055849
-0,01966713
-0,1236976
-0,0607182
-0,03409902
-0,03770417
-0,005881069
-0,1225495
-0,02812897
-0,0490619
-0,07443891
-0,05799311
-0,02251391
-0,08209878
-0,05336776
-0,001313844
0,02664434
0,004638263
-0,03172833
-0,06564072
0,006903759
0,01804283
-0,03948226
0,02129212
-0,01755288
-0,002654766
-0,02170804
0,01428207
0,05659615
-0,003637304
-0,002881662
0,0201098
-0,006117634
0,00536321
0,02897208
0,01713804
0,04965782
-0,04206406
0,02579815
-0,0665454
-0,01078511
0,03157151
-0,1248993
-0,05964294
-0,04245902
0,006920622
0,03718233
0,005552333
-0,006614301
0,00352007
-0,0738919
-0,03117253
0,0006449173
-0,1695851
-0,1027625
-0,04798624
-0,09683313
-0,1159611
-0,04892027
-0,08308373
-0,01022669
-0,006209372
0,03426164
-0,005517343
-0,10248
-0,04723387
-0,03433853
-0,03922231
-0,03375008
-0,01349271
0,02875155
-0,01637737
-0,002509155
-0,03733858
0,0137487
-0,02203737
0,01385076
0,02521426
0,007451077
0,02986979
0,03095439
-0,00861013
-0,003205762
0,0351711
-0,02648821
-0,028738
0,03496643
0,06841714
0,1207484
0,1019139
0,07940642
-0,01082022
0,02548533
0,003868201
-0,03468259
-0,05187335
0,02681802
0,0108351
0,0005555393
0,0302312
0,1546203
0,04855338
0,07471851
0,09030531
-0,0239307
-0,02398499
-0,01800414
-0,02452158
-0,02944817
-0,01189213
0,08109076
-0,0001652642
0,02241795
-0,009731966
-0,09266102
-0,05324981
-0,03620497
-0,009386589
0,03375309
-0,023086
0,01921279
-0,01722594
-0,02684049
0,02601256
-0,03417049
0,02435668
-0,01233729
-0,02094869
0,01571948
-0,01421394
-0,05781156
0,01048395
0,03508696
0,02462932
-0,03007214
-0,005318402
-0,03690387
-0,04653618
0,01478157
0,1164945
0,04163712
-0,006443057
-0,07045235
-0,04589702
-0,003953895
-0,03283211
0,02772231
0,05165697
0,07465003
-0,04629964
0,01910008
0,03354631
-0,002254994
-0,1165189
0,01747293
0,1019326
0,0707537
-0,06360625
-0,05000009
0,0538804
0,05642916
-0,00988696
0,05835906
-0,01505913
0,008385267
0,00971613
0,01069153
0,03211919
0,0143953
-0,01607039
0,04532481
0,008353044
0,01086035
0,01722078
0,006871591
0,0002229094
0,02245438
0,004832819
-0,002190268
0,006393825
-0,007743707
0,02617111
0,01690431
0,01401907
0,003092928
0,008043245
-0,01180857
0,01026444
0,04436462
0,02961383
-0,04577572
0,09092846
0,03970988
0,0229553
-0,05981997
0,0724472
0,03400057
0,1011263
0,0002841715
0,07963371
0,07417029
0,02641023
0,05729212
-0,005645887
-0,07392173
-0,008805742
-0,08381776
-0,193867
-0,007320274
0,06075093
0,03239311
0,01688714
0,003719631
0,01429092
0,03117544
0,03615947
0,07501056
-0,0193892
0,01541025
-0,00718689
0,02536776
0,0008618417
-0,0020717
-0,01676863
-0,03133014
-0,03052958
-0,02819944
-0,02393685
-0,004171851
-0,03927692
0,009110353
-0,01185443
0,06604566
0,01479649
-0,0535261
0,01710035
0,06005526
0,03139338
0,1045529
-0,009390763
-0,02208477
0,03197038
0,0326779
0,01655956
0,03119897
-0,03119856
0,03369454
0,03551671
-0,04290543
-0,0759644
-0,03830661
0,1254939
-0,001068646
-0,02240902
-0,1184459
-0,09665508
-0,1086829
-0,104339
0,001902531
0,06348323
0,009297846
-0,02077178
0,01138438
0,0220759
0,0006293636
0,03528053
0,03487413
-0,01203666
-0,009186302
0,02491035
0,02167606
-0,01557911
-0,003461321
-0,01576659
-0,01369627
-0,02735165
0,02711121
-0,019661
-0,02320963
0,01231441
-0,0103118
-0,01869616
0,04081849
0,07510275
0,007921182
-0,04405789
0,06201322
0,03553004
0,05581987
0,04695858
0,007605161
-0,1205699
-0,04406999
0,02779138
0,09765796
-0,03374679
-0,06447938
-0,04209547
-0,04280341
-0,07524089
-0,05900742
0,07466418
0,03576187
-0,0342531
-0,04866809
0,02362667
-0,04276363
-0,05482998
-0,05333431
-0,03964259
-0,0187738
-0,07856274
-0,009087075
-0,02420101
-0,0274275
-0,02391374
0,01311732
0,003801315
-0,01582976
0,04254674
0,02358998
0,03277002
0,03306688
-0,01556572
0,01239252
-0,0125216
-0,01200845
0,02372942
-0,01088307
0,01984148
0,03903247
-0,004934072
-0,04332256
0,01140435
0,1206612
-0,05187013
0,01821028
-0,01152478
0,05710099
0,1014615
0,09851453
0,05189425
0,0334852
0,09928667
0,1259615
0,03956794
-0,03865904
-0,02456492
0,02861834
-0,01168694
-0,1118136
-0,07295756
-0,05622012
-0,05210921
-0,04442387
-0,02713561
0,0511637
-0,06152151
-0,0687955
-0,04537145
0,004050793
0,01660218
0,02971454
-0,07328061
-0,06176139
0,003240373
0,0481759
0,006824463
0,00175512
0,01536716
0,01526826
-0,02739256
0,02547609
0,01912341
-0,04200045
-0,002083154
-0,0236422
0,009574451
-0,03709065
-0,04304535
-0,06575648
-0,03712091
-0,008046032
-0,01059186
0,0147112
0,01168812
0,01236247
-0,03319061
0,02915311
-0,04085443
-0,06244606
0,0396991
-0,006635003
0,0167881
0,04622446
0,001543175
-0,02776196
-0,1174789
0,009103963
0,02920172
0,04975319
0,05615222
0,02705832
0,04760537
-0,007443907
-0,009541299
0,05058828
-0,0009781165
0,02029638
0,02466637
0,04144279
0,009018938
0,05711571
0,009275393
-0,007790906
-0,03738918
-0,08075508
0,002779304
-0,006566989
0,004670874
-0,02455725
0,01443128
-0,02423824
-0,03296022
0,01595392
-0,01070397
-0,01322334
-0,01870793
0,003145583
-0,01294851
-0,0641849
0,01161178
-0,01966773
0,03034545
-0,03534878
0,0307794
0,01322135
0,01129011
-0,02494929
0,06313169
0,02293317
0,03099864
-0,08208539
0,01481962
0,0226912
-0,1000081
-0,08793098
-0,0493672
-0,1171335
-0,05586161
-0,09247663
0,09511685
-0,01973112
0,014154
-0,1056693
-0,1519521
-0,05856239
0,01800761
0,01627345
0,005461245
0,01854224
-0,01228288
0,04381869
-0,03846721
0,02941547
-0,04555424
-0,01070296
0,01710451
-0,02615927
0,002899253
-0,0257639
-0,03349016
0,003653956
0,003759029
-0,02807669
-0,01718523
0,0004530579
0,001442121
-0,004562632
-0,004865598
-0,01418588
0,004652487
0,0393136
-0,04121619
-0,008451555
-0,01106623
-0,01705301
0,01361033
-0,005347876
-0,02872746
0,01100234
0,04007728
0,0235054
0,1350919
0,01417297
0,1069092
-0,01812427
0,02268591
-0,0416833
-0,1022227
-0,02589288
-0,04797871
-0,04189347
-6,20411E-05
-0,02745198
0,02785478
-0,0003347025
0,04072278
0,0006759365
-0,1045993
-0,01789706
0,02960034
-0,005758503
-0,006391522
0,03516552
0,01455453
0,02778012
0,004356856
-0,0103556
0,01481443
0,02413219
-0,01999409
-0,0009176604
0,03248541
-0,01929902
0,01941291
0,007898527
-0,002706433
-0,01196015
-0,01822594
-0,0231593
-0,01979676
0,06543396
0,0144509
-0,01594857
0,01123987
0,007208867
0,04043693
0,04736345
0,01204621
-0,02040692
0,03506221
0,01196716
0,009873591
0,02421274
-0,007522241
0,0564377
0,02884026
-0,0602206
0,006068591
-0,02195525
-0,02731059
-0,045036
-0,05437651
-0,05417379
-0,05402742
0,04320127
0,004205796
-0,03685775
-9,013803E-05
0,0185814
0,02771282
-0,06815803
0,01129074
0,01409695
-0,04201272
0,04074624
-0,01336745
0,01073695
0,0342545
0,001114122
0,001544849
0,01095779
-0,01539843
0,001770504
-0,005988108
0,0007578811
-0,03151612
-0,01833955
0,005035473
-0,01633557
-0,03016993
0,006291104
0,07645444
0,01912838
0,03712196
0,03419412
0,01506014
-0,02065026
-0,02696839
-0,02262457
0,08601428
0,003711686
0,03277636
0,0275244
-0,07264616
-0,1049481
-0,03738238
-0,04280405
-0,0372312
-0,0169287
0,05203274
-0,04974568
-0,06929673
0,008133031
0,0206368
0,06467339
0,03527202
0,03996793
0,08475892
0,07031433
0,03023547
-0,02613533
-0,009239349
0,03247809
0,002533163
-0,02848641
-0,007337905
0,01115279
0,003972386
-0,01727133
-0,02347617
0,003804642
0,004994242
0,02529602
0,01866945
-0,008759812
-0,01920163
-0,0006522031
-0,04278183
-0,02254249
-0,0004549226
-0,001482648
0,01459955
0,009063368
0,0475578
0,009951676
0,05778239
-0,008661876
0,00406445
0,02231851
0,02527809
-0,04017229
0,02083572
0,006474661
-0,009195125
-0,04624681
0,02541553
-0,01016927
-0,02383453
0,01733477
0,01529364
-0,005800358
0,03777922
0,03617036
-0,004546397
0,03447603
0,005696087
-0,0279157
0,05790455
-0,02750328
-0,01339269
0,007584434
-0,02041951
0,01187916
-0,001999497
-0,01464195
0,01973261
0,03715788
-0,007109671
-0,01488969
0,009985612
-0,01958797
-0,02454749
0,01056042
0,02152676
0,01896644
-0,001497274
-0,01667491
0,006509267
-0,0103733
-0,003722905
0,006405134
0,01033613
0,02650666
0,01191322
0,02105373
0,02423179
-0,001109034
0,05872894
0,01172583
0,08065406
-0,008590372
-0,02927569
0,001907068
-0,03396077
-0,04428954
0,005441695
-0,08463743
-0,03299385
-0,03376411
-0,02124131
0,02858582
-0,003956476
0,07317283
0,03420863
0,05035025
0,004364406
0,005556332
0,009389398
0,003626421
0,001019395
0,0348069
-0,01364035
-0,01045643
0,01955813
-0,01854749
0,007998409
0,01225694
-0,02078163
-0,00785461
0,01713084
-0,001462055
-0,02730987
-0,02211683
-0,008990882
-0,01254923
-0,03209903
0,02234021
0,01452079
-0,01428433
0,02860917
-0,008253507
0,005264323
-0,02025914
0,0245222
-0,01550019
-0,01603801
0,006247302
0,008547205
0,02766083
-0,02334493
-0,02077268
0,08002784
0,05068361
0,04489312
-0,03115644
-0,0157369
-0,01206647
0,01319748
0,04316657
0,01635346
-0,01154772
-0,02523972
-0,01638181
-0,04946936
-0,02654054
-0,003674818
-0,01533809
-0,02027704
-0,02417485
0,005249541
-0,00234495
0,01470971
-0,00665007
0,02018839
0,01828123
0,01061759
-0,004144475
0,01773654
-0,008910225
-0,02225701
-0,02089745
-0,001695817
-0,01989168
0,028632
0,008582199
0,007845358
0,006828452
0,006383441
-0,01302803
-0,02198797
0,0008179274
0,005331036
-0,01750756
-0,004987516
0,008704382
0,02073854
-0,001534965
0,03257425
-0,005805502
0,01193403
0,0530418
0,05548491
0,01923792
-0,0009848732
0,08181763
0,06452867
0,05480612
0,06419848
0,03656381
-0,00883815
-0,02749522
-0,02179213
-0,08294155
-0,02687389
0,00782508
0,03058786
-0,0254112
-0,01348599
-0,04376856
-0,001892398
-0,008642331
0,006019396
-0,0232103
-0,0108945
-0,02449614
-0,02948199
0,007837744
0,01882304
0,03270947
0,02047513
-1,852346E-05
-0,01452081
-0,0185907
0,01981869
-0,02049234
-0,0137229
0,009046565
0,005135037
0,02810218
-0,02981785
0,02942624
0,03577591
0,03218803
0,0167046
-0,00751616
0,006549329
0,02380879
0,009335068
0,009515383
0,03213691
0,03407616
0,02368717
0,04062172
-0,007647218
0,003277595
0,008674366
0,03487802
0,02315396
0,003237175
0,04546858
0,02941774
0,001220554
-0,007009558
-0,0490138
0,0003861414
-0,01465515
-0,02118554
-0,03893257
-0,02410793
-0,009293049
-0,01964122
0,003792443
-0,00497177
-0,0120201
0,006056116
-0,01386014
0,01259009
-0,01380051
0,02217823
0,001732978
0,008987539
-0,01748157
-0,01518288
-0,02336831
-0,02879882
0,02977338
0,01246193
-0,02946554
-0,001829654
0,01497542
0,00651268
-0,02672855
-0,008241646
-0,02798953
-0,01820291
-0,03623611
-0,01377324
0,03135007
0,03236165
0,01884375
0,03322109
-0,02347999
0,03350947
0,003321392
0,02627657
0,0003343022
-0,02637691
-0,01022725
0,002687586
0,02710351
0,006723447
-0,04712983
-0,01049976
0,00946169
-0,03293987
-0,008786365
-0,007978136
0,006999603
-0,02655419
0,02595586
0,01989842
0,008745757
0,01349758
0,0146378
0,02412467
-0,01936867
-0,01960641
-0,008203516
0,02791502
-0,005569567
-0,01574939
0,01949116
-0,002788863
-0,02361456
0,003514161
-0,0001619553
-0,01420376
-0,02375139
-0,007692007
0,01098558
0,02716342
-0,007683818
-0,002732636
-0,0003271897
0,02882862
-0,02093631
-0,01817121
-0,002503985
0,01932452
0,0003866098
-0,007183373
-0,01262585
0,02415538
0,04109539
0,02559084
-0,003516421
-0,004667631
-0,01997517
-0,02629082
0,01515084
-0,03194074
-0,004180656
-0,01342001
0,0005730675
0,01971095
0,02746526
0,03479041
0,01219269
-0,01031485
0,01258427
-0,006680187
0,0008343552
-0,009567416
-0,009946812
-0,03035758
0,0003670432
-0,01995419
-0,01634842
0,01632095
0,01516439
0,02286024
0,01210223
-0,003251919
-0,01161718
0,02742139
0,02131212
0,03027548
0,001652843
-0,01710087
-0,01891944
-0,02627075
-0,02939321
0,02559383
0,0111205
0,003187564
-0,01266439
-0,0277961
-0,01314044
0,01614241
-0,02630805
-0,01520475
0,007058783
-0,01501145
-0,006414053
-0,000485027
0,03490308
-0,03322981
0,003692279
0,02047299
-0,0004254368
-0,0153975
-0,01398158
0,006362366
0,01421554
0,02519627
0,002789837
-0,01578913
-0,02545402
-0,02052676
0,01976692
0,02522433
-0,007534258
-0,001847069
-0,02306482
0,009581064
-0,008363179
0,007623572
0,006863882
0,01931648
0,013963
-0,003323848
0,02489636
-0,006086784
0,0160755
-3,24916E-05
-0,008362165
0,003706077
-0,0154725
0,03060227
0,02886043
0,0174033
0,0002521662
0,008517927
0,01766139
0,02681421
0,01900489
0,003122285
-0,004192273
0,02657112
-0,0293711
-0,02634157
0,03751985
-0,0220731
0,03126237
-0,02579679
0,0280513
-0,02123588
-0,02136787
0,007737194
0,03836897
-0,004792448
-0,0004148916
0,01277795
-0,02018365
0,03156729
-0,0120782
0,02035946
0,01447461
0,02789654
-0,005833575
0,02490569
0,02863895
-0,02731249
-0,01417238
-0,02425383
-0,001263734
0,01811475
0,009226726
-0,02064169
0,02104395
0,01979928
-0,01763112
0,01035456
0,01917045
0,01184763
-0,002082812
0,02281405
-0,00193707
0,0130127
0,01061279
-0,01166337
0,003305395
0,0126869
-0,02826382
0,008140467
-0,0105748
0,01708841
-0,003010507
0,02271747
0,01002809
0,03071596
0,02079127
-0,002212895
0,005404942
-0,02432734
-0,02882024
0,02896906
0,0173124
0,02199486
0,008956555
-0,02743572
-0,00453799
0,02065289
0,01044429
-0,02240558
-0,02213717
0,01689681
0,02361306
-0,0017858
-0,0002950749
-0,004166649
-0,007146724
-0,02907608
-0,01102804
-0,02428463
-0,006408714
-0,01232511
-0,02891391
0,007927452
0,01629139
0,0117259
-0,009177336
0,01740338
0,0001396203
0,02293342
-0,02848673
0,01673648
-0,02315339
0,01472159
0,008501695
0,001668923
-0,02477388
0,007107383
-0,02250536
0,008428449
0,0243354
0,01151192
-0,02914021
0,02394491
-0,001824192
0,003530399
0,02539421
0,03011617
-0,005676561
-0,01518749
0,005604138
0,01654999
-0,0232967
-0,002201311
0,01319747
0,0167591
0,02516676
-0,02125265
-0,02648621
0,02372133
0,01120562
0,007667257
-0,00790738
0,01981023
-0,02296809
-0,007216714
0,01044048
-0,02115266
0,02112844
0,02863355
-0,008868998
0,01687397
0,02426979
0,01142558
-0,01760439
0,01357408
-0,01241801
-0,02232856
-0,02073002
-0,01697518
0,0177226
-0,007449392
-0,005300227
-0,01358132
-0,01272582
-0,01505727
0,009549133
0,009848922
-0,02665658
0,02263188
0,006943037
0,02598376
0,00217492
-0,01594914
0,02689222
-0,01347425
-0,0109466
-0,01911889
0,01710123
-0,02420945
0,0233288
0,01517876
-0,02283901
-0,005688051
0,02321307
0,01925795
0,02337841
-0,003855153
-0,01515805
0,02800367
-0,001500658
0,01787772
-0,02956802
0,02244435
-0,02351157
-0,01075635
-0,01691062
-0,02429649
0,002602565
0,02260618
0,01381523
-0,02949406
-0,02471177
0,02896341
-0,008303238
-0,004235563
-0,0152473
0,01035194
0,01497104
