-0,02390926
-0,01488801
-0,004641094
-0,005629004
0,01589812
0,0223476
0,02361149
0,02683461
-0,02652582
-0,0183361
0,004355722
-0,0223488
-0,01037537
-0,02990116
0,0249993
0,02240701
0,02491965
0,01289022
0,005037254
-0,02025663
0,01910122
0,00627782
-0,02799033
-0,00640241
0,001076974
-0,02036422
-0,02892894
0,001636868
-0,02436578
0,02666052
-0,007152221
-0,02540334
0,0002307327
0,0007091922
0,006147897
0,0157237
-0,002675561
-0,02630098
0,02171358
-0,02932207
-0,01052773
-0,02895788
-0,0048816
0,02641083
-0,02720852
0,02768622
-0,02290168
0,02152077
-0,008466528
-0,003869684
0,01220455
-0,02753936
-0,02995249
0,00798415
-0,01023104
0,0003934125
-0,01694044
-0,02828054
0,02389907
0,006237526
0,02127616
-0,007974188
0,02123811
-0,02247836
0,01953527
-0,0002482931
0,008055416
0,01958917
-0,005416193
-0,02069806
-0,004890088
0,02119731
0,02177036
0,004368624
0,02094754
0,0181223
-0,01877852
-0,02381093
-0,009186075
0,003969625
-0,02750311
-0,01977427
-0,01983374
0,01015577
-0,01556805
-0,009593529
-0,02550104
0,0228235
-0,01903864
-0,02424713
0,00267462
-0,004459728
-0,0196009
-0,01453228
-0,01996015
0,02805138
-0,01956463
-0,01234193
-0,02309102
0,00365907
-0,01034242
-0,01186655
-0,003069751
-0,01772381
-0,02902239
0,02156295
-0,0187294
-0,003825083
0,01760708
0,002298356
-0,01075393
-0,02313377
0,01159565
-0,009930235
0,003786435
0,01114876
-0,01810335
-0,01885984
0,02369443
-0,0007867728
-0,004789387
0,01580319
0,008612413
-0,01116408
0,007239054
0,03021738
0,01075121
0,006299054
-0,005627236
0,023423
0,00760141
0,02427192
0,03004858
0,01773703
-0,01558011
0,01504327
0,01386755
0,02847057
0,00918451
-0,006452096
-0,02087788
0,008841434
-0,02485377
0,009232455
0,01706998
-0,004250794
0,01457722
0,02104575
0,01233515
-0,0004597157
0,01615265
0,02995265
-0,005403385
0,008453731
-0,02158128
0,004204376
0,009995597
-0,02214722
0,00531302
-0,02874462
-0,01934607
0,005642461
-0,02796544
0,02502463
0,02544514
-0,004286957
-0,02243354
0,02445612
-0,02423398
0,01939836
0,02795765
-0,01589035
0,002629922
0,0002648139
-0,009957735
0,01705395
0,01068319
0,0301105
0,002411519
-0,01846701
-0,01433945
0,02035102
0,02452815
0,02513856
-0,0226293
0,008534957
-0,0004060935
-0,008313163
0,009465481
0,01052414
-0,02505449
0,005788821
-0,007098328
0,007630715
-0,01736987
0,004046968
0,006814762
-0,01909164
0,01453828
-0,008723577
-0,01186464
0,02082603
0,01554211
0,02358883
0,002084393
0,001562735
-0,003220616
0,02435398
-0,01215239
-0,007989787
0,02455986
0,01052181
0,006237695
-0,005787445
0,01655802
-0,009040941
0,0117099
-0,02259335
0,01774852
-0,01279948
0,02713239
0,01677481
-0,0147174
-0,004032498
0,01456812
-0,007827485
0,0219431
0,02564297
-0,01217469
0,01661606
-0,01995829
-0,0002127404
-0,01478478
-0,01915248
0,02404212
-0,004492095
-0,02495906
-0,02879109
-0,006783113
0,005936177
-0,01895145
0,005110241
-0,02659583
-0,01280252
0,01663327
-0,005292604
0,03000182
0,02940871
0,02176899
0,02219749
0,02299907
-0,0004290137
-0,005945206
-0,002577181
-0,005041365
0,001921456
0,005470797
-0,01117985
-0,02133196
-0,01998645
0,01090706
0,002020029
0,006952308
0,002321562
-0,01813509
-0,005737709
-0,004630776
-0,004664316
0,0008691665
-0,00895852
-0,01361012
0,01103441
0,01499627
-0,01843013
-0,02413284
-0,007899542
0,0135538
0,02856942
0,009480139
-0,01010926
-0,007302097
0,0234143
-0,0257588
-0,003667743
0,02444446
0,01148045
-0,02430449
0,01838794
0,01649024
-0,008169299
0,0205836
0,01591875
0,02239752
-0,01705454
0,02543522
0,009254803
0,02831968
0,001826739
-0,02467545
-0,008030256
0,03011832
0,004940185
-0,001319489
0,0006602267
0,005738231
-0,0175839
0,01468333
-0,01825491
-0,008946729
-0,02716461
0,01884273
0,007400287
0,01004085
0,02003778
0,01815879
0,01839492
-0,001815358
-0,01867537
0,008465617
0,001298648
-0,01095522
0,007258009
0,008938805
-0,02135613
0,001483132
0,0006566424
0,01882481
0,001707573
-0,01335295
-0,002613531
-0,005165818
-0,01777938
0,02379518
-0,01174428
-0,009926756
0,01807605
-0,005493435
0,003831992
0,0201296
0,01177772
0,02618789
0,02384531
-0,003326091
0,0134018
0,003024234
-0,01743435
-0,02463642
-0,02745488
-0,004244952
-0,02297654
-0,01901822
0,01712021
0,02419084
0,004805498
-0,02719568
-0,007618252
0,02544047
-0,01037931
0,02927718
-0,02532987
-0,006871099
-0,0169336
0,02594721
0,02500357
0,009718218
0,007750507
0,01517748
-0,007155771
2,770949E-06
0,03021053
-0,00599133
0,02491224
-0,008467377
0,02708591
0,004992416
-0,004935504
-0,02006949
0,02542296
0,005877537
-0,01102502
-0,003980247
0,01678951
-0,02439495
-0,01924886
-0,01372174
0,00740229
-0,01243407
-0,01137729
-0,01553401
0,02756342
0,02194095
-0,02618628
0,003768813
0,01492029
-0,01223795
0,0126365
0,02871033
0,00266297
-0,0262855
0,02585583
-0,001873968
0,0134942
0,003512702
-0,003911967
0,01374296
-0,0138854
-0,004832691
0,02688315
0,02920682
0,007721546
-0,01802438
-0,02996457
0,01426085
0,0125877
0,01141265
0,008459413
-0,02195938
0,01652471
0,008812687
-0,02804457
-0,01053106
-0,003982613
-0,02252117
0,001843073
-0,02238549
-0,009783396
-0,00865399
0,006215889
0,008399865
0,02297534
-0,002951185
0,007671291
0,02133087
0,01068076
0,02006068
0,01250832
-0,01802317
0,010362
-0,003133987
0,02997746
-0,01872107
-0,009357608
-0,01116561
0,006889203
0,01562038
0,02227456
-0,009646859
0,02314952
-0,02574441
0,009810901
0,005004188
-0,01724271
0,02485061
-0,02884492
0,005822912
-0,02888419
0,004632834
-0,029465
-0,0114263
-0,007036824
0,0256241
0,01864897
-0,01176747
-0,02348968
-0,01857116
0,00482426
-0,02159668
-0,02570786
0,02159584
0,02890537
-0,00469557
-0,002946954
-0,01194761
0,00807824
0,02133683
0,03058465
-0,02291448
0,002114965
0,01758124
-0,01450311
0,03005305
-0,002544904
-4,982308E-05
0,02956055
-0,01273082
-0,01605032
0,01355938
0,0207889
-0,02511527
0,01886711
-0,02409203
-0,01890552
-0,008831302
-0,02649848
-0,02543616
-0,007022439
-0,02747099
-0,01709255
-0,004413323
-0,0194053
0,01368432
-0,01295002
-0,02799926
-0,02389614
-0,01602179
-0,02327814
0,0235596
-0,01476106
-0,01925102
0,007425349
0,0246348
-0,02671043
-0,01537517
-0,02655352
-0,00660052
-0,002806288
-0,01358755
-0,0120026
0,01916986
0,02706053
0,01959693
-0,01318681
0,0274126
-0,02921145
0,0213379
-0,01623237
-0,02460172
-0,01632227
0,003433544
-0,002680448
0,02526848
0,02291337
-0,02603689
0,005924277
0,0007489709
0,01129606
-0,0043588
-0,004154647
0,01485852
-0,01962287
-0,009922995
-0,002332147
0,01052916
-0,001473306
0,02517169
-0,02691597
0,0276979
-0,01157143
0,01058822
0,007733597
-0,02367767
0,01439264
-0,005211744
-0,001571004
-0,01059347
-0,004974438
-0,01214561
-0,02952465
-0,01602738
0,03007516
-0,02904287
0,009794924
0,01263318
0,01253242
0,009968312
-0,0300355
0,0282033
0,007597245
-0,0009438449
0,0102573
-0,03091751
0,01954168
0,001130267
0,005482447
0,005864719
-0,009347683
0,005274252
-0,003196474
-0,02566523
0,01606644
-0,01404792
0,0159775
0,002452343
0,0256561
-0,009718077
-0,01925582
-0,00114396
0,006536104
-0,01409073
-0,02420402
-0,006715459
-0,005206646
-0,01866564
0,01656768
-0,01935039
0,01216527
0,01616981
0,02805617
0,01831615
0,02489628
-0,02432363
-0,0102409
0,01850274
0,02972024
0,006046693
-0,01390108
-0,01933492
0,01728868
0,0220985
0,02670454
0,01863123
0,01988099
0,02389227
-0,004367962
0,01266313
-0,01842208
-0,02659672
0,01542845
-0,01135301
-0,0030357
-0,0008683113
-0,01067084
-0,01066807
-0,008876711
-0,01632521
0,002344012
0,005168946
0,01643861
-0,006623049
0,02319473
0,003502273
0,007031108
0,008113199
-0,02011286
0,01110491
0,02654788
0,02924813
0,005612177
-0,01075518
-0,02573282
-0,02920149
0,01082634
0,01594921
-0,009132037
-0,01051828
0,005963672
0,00267531
0,01651008
-0,0266643
0,02852626
0,008080156
-0,02992272
0,007125885
-0,01055826
-0,006669724
0,01586082
0,02871808
-0,005536109
0,01207314
-0,02982139
0,008841359
-0,005652303
-0,009168033
0,02650031
-0,01148105
-0,02387497
-0,02455602
0,01004099
0,01200026
0,01497106
-0,01808336
-0,002302143
-0,005698776
-0,01547327
-0,00628606
0,0145786
-0,0004565062
-0,03271803
-0,02919343
0,007053026
-0,03077662
0,01791024
0,009807927
-0,0060437
-0,01509861
0,005180677
-0,02971478
-0,008195178
0,01916166
0,02707113
0,02755536
0,004364339
0,02315873
-0,01028883
-0,002863096
0,007559269
-0,009788461
0,02046709
-0,02880083
-0,01885664
-0,0007425573
0,02183595
-0,02767076
-0,01257001
0,01500828
-0,02057598
0,004261228
-0,009470091
0,02254264
0,003231208
-0,02011133
0,02764686
-0,00930351
-0,02857496
0,02783027
0,01676737
0,008967
0,02230307
0,006456466
0,01146993
-0,02593444
0,01228496
0,01961801
0,01502621
0,01396177
0,002804456
0,001683541
-0,03117322
0,01291723
0,01626216
-0,003122417
0,01159037
0,02569167
0,01972378
-0,01885692
-0,01970386
0,01644578
-0,005949953
0,01276033
-0,02290926
-0,02956511
0,01074697
-0,0003613436
-0,01557541
0,01521292
0,030666
-0,01491721
0,02267869
-0,006790183
0,01006586
0,02700499
-0,003472343
-0,01924002
-0,01152677
-0,02416631
0,01535683
0,03026349
-0,01481547
0,0004943964
-0,0234394
0,002263021
-0,0009718111
0,002805966
-0,02696101
-0,02585615
-0,001454127
0,02800583
-0,004889828
0,01685042
0,01563652
0,02834625
-0,01764597
-0,02235058
-0,003022118
0,008693383
-0,01040225
-0,02082293
0,00339003
-0,03340195
0,01468028
-0,01056919
0,0105588
0,006719296
-0,02541765
0,02262395
-0,02818492
0,0006319093
0,008032487
0,01658511
-0,004505008
-0,01815074
0,002700859
0,02523546
0,006006931
0,004568237
0,002718727
-0,02100439
-0,001864383
-0,01929026
-0,01376751
-0,02941504
0,01791755
-0,02702257
0,008092702
0,01213329
0,01226484
-0,01409475
0,01050564
0,00772144
0,0129677
-6,86342E-05
-0,009667058
-0,01917156
0,01309749
0,01202783
0,02108383
0,01640907
-0,008287564
-0,02347584
-0,02859912
0,02422725
-0,01282484
0,006828282
-0,01294024
-0,001265448
-0,0109214
-0,01706563
0,0006085957
0,02257637
-0,02644475
-0,02046136
0,01177174
-0,009757502
0,0117249
0,01493498
0,002840585
0,00669584
-0,02711547
-0,003424928
-0,01950224
0,01672286
0,02238602
-0,0285389
-0,02609144
0,02681628
0,01985518
-0,01072738
-0,01786601
0,02316742
0,01430814
0,01539329
0,01498449
-0,0110596
-0,02068586
-0,008590155
0,01261447
-0,02244851
0,0122696
-0,02422612
-0,01376122
-0,00855532
0,0109881
0,01082661
-0,0002635947
-0,002115621
0,01443049
0,02590712
-0,004074554
0,02611911
-0,02370817
-0,02269771
0,009657396
0,02265817
0,0220648
-0,02115259
-0,03492855
-0,01995462
0,002333997
-0,009383021
0,008123554
-0,02810312
-0,02744482
0,007282207
-0,02133996
-0,008841643
-0,002128834
-0,005288469
-0,01420678
-0,005513773
-0,02513834
-0,002059292
0,02710383
0,02747965
-0,01963158
0,01991625
-0,02415281
-0,01945874
0,003472438
0,007774585
-0,01800753
0,02347494
0,02181741
-0,01509617
0,01483294
0,004769254
-0,0276625
0,01793407
-0,007666154
0,02562743
-0,01093296
-0,006335706
0,001669241
-0,01529712
-0,00799877
-0,01867351
-0,01546521
0,03036429
0,0009075632
-0,02346927
0,02656068
-0,01434947
0,00577787
-0,03127437
0,01717613
0,002981545
-0,02428542
0,007999263
0,009966939
-0,02866586
-0,02761101
0,01681399
0,007068257
0,0237906
-0,02032897
0,01622514
-0,01701764
0,02171627
0,02451753
0,008193484
-0,008983665
0,01289921
-0,02671145
-0,009427614
-0,02390224
0,009645765
0,02690816
0,01282097
0,006542746
0,03104888
0,004814032
-0,02435867
0,01053503
-0,003030071
0,009988783
0,02556114
-0,01696594
0,01878934
-0,006861739
-0,02618464
-0,006858191
-0,01399797
-0,03039224
-0,01752639
0,01687939
-0,002281466
0,01253593
0,00490597
-0,02598587
0,003572975
0,02383252
-0,01218943
-0,0327867
0,01695913
0,007435699
-0,02605373
-0,02688541
-0,02184375
0,01861272
-0,02551706
0,007314826
-0,009143376
-0,02918548
0,01091785
-0,001804089
-0,03226302
-0,02006129
-0,01611765
-0,01564045
-0,01372233
0,006047725
-0,005083514
-0,001009617
0,02242432
-0,01452983
-0,02671889
0,01195127
0,02226333
0,004757918
0,01075753
0,02832252
-0,007536853
0,008668153
-0,02725125
-0,02646904
-0,01741595
-0,02730633
0,01931521
0,01207303
-0,006489105
0,01150507
0,02363239
0,02175588
-0,02144385
-0,007717715
0,02649463
-0,01871002
-0,01405536
0,01008936
0,01504582
-0,01894262
-0,00939258
-0,02167161
0,009483007
0,0188157
-0,009152261
0,01627096
-0,03021184
-0,002271256
0,001517757
-0,002676907
-0,0169597
0,006999166
-0,02021563
-0,02130912
-0,01398037
0,01794229
-0,02706386
0,008640205
-0,01126808
0,02838838
-0,008149653
0,004503853
0,02203209
0,003554533
0,01139164
0,003243719
-0,01001746
0,002065259
-0,008277575
0,02395358
-0,003525458
-0,01935037
0,01984514
-0,005133804
0,003186829
-0,02293668
0,02280579
-0,02340383
0,003181354
-0,01020235
0,02243111
-0,01817458
-0,03023351
0,02047133
-0,007027208
-0,02129024
0,003315847
0,0227508
0,02715109
-0,03194155
-0,03188649
-0,004813198
-0,01795998
0,00650124
0,01417014
0,01304303
-0,01662244
-0,02656081
-0,02366691
0,02013439
-0,005463659
-0,000901542
-0,0229798
0,01128549
-0,02802652
-0,02322736
0,02296109
0,02058113
0,01148717
-0,0161705
0,02824732
0,02809181
-0,02125187
-0,03057784
-0,02461237
-0,01987964
0,004287495
-0,02800561
-0,02061502
0,0003356005
0,02828504
-0,004487917
0,001888326
-0,01238504
0,01991973
0,02450876
0,02044151
-0,0280745
0,002768459
0,01227558
0,01403379
0,009420848
0,0192637
0,004621091
0,01627329
-0,01705533
0,0241626
-0,02110172
0,01123094
-0,02006667
-0,02120426
0,007529325
-0,02688488
0,006313135
-0,03486544
-0,03505094
-0,01605945
-0,01937164
-0,0009679454
0,003920644
-0,02211486
-0,01787086
-0,03517483
0,009308656
0,02583232
-0,02548325
-0,02479632
0,02741051
0,02960161
-0,01659148
-0,01138777
0,0188532
-0,01172835
0,0293201
-0,0009930775
-0,01310372
-0,02188924
0,002469063
-0,01858963
0,02101442
-0,01642334
-0,008370436
-0,01247684
0,02372457
-0,01634092
-0,01711744
-0,0192637
0,01391153
-0,02041801
0,01435716
-0,0008878927
-0,001516135
-0,006979426
0,01812989
-0,006913428
-0,008166557
0,006491137
-0,02646783
0,006194388
0,008739713
-0,02763031
0,02440345
-0,02468997
-0,008138506
0,01934706
-0,01288122
-0,01664822
-0,02857564
-0,02453772
0,009202993
0,01781984
0,01324957
-0,02832645
0,01276869
-0,005158174
0,02637344
-0,02936473
-0,02054203
-0,0002418689
0,01430885
0,02274924
-0,01140453
0,01562256
-0,01577493
0,01226973
0,01775946
-0,004761629
-0,002364319
0,002968118
-0,0260368
0,01028294
-0,02730914
0,02444285
-0,001268654
0,01208264
-0,01669259
-0,02397573
0,01453675
0,02524131
0,01739975
0,01677676
0,02592507
-0,001601962
-0,009181534
0,01573609
0,007706263
-0,01002148
0,003281984
-0,01010823
-0,002732843
-0,01280499
-0,007345999
-0,002895857
0,0140354
0,00790218
0,006140504
-0,02805643
0,0160825
0,007143421
-0,02982343
-0,03757979
0,02018258
0,004113722
-0,02135864
-0,02427096
0,02485193
0,02693302
0,009826005
-0,02540333
-0,01682268
0,01663205
-0,0144195
-0,0167838
0,01312956
0,02639131
0,0246423
0,02062135
-0,007885747
-0,002809694
-0,02732279
-0,002479361
0,01975606
-0,02611709
-0,02939618
0,01159522
-0,01863673
-0,002203095
-0,02934466
0,009502745
0,02186601
-0,03150267
-0,02333921
0,02725339
0,01500832
0,01582028
0,01925907
-0,01479124
-0,01585964
-0,018891
0,02028469
0,008031349
0,005857907
-0,00690168
-0,02996886
0,002812659
-0,03493949
-0,02683807
0,009696085
0,01704164
0,01452504
0,01974076
0,01469501
-0,003195367
0,01449565
0,01000244
-0,01659256
0,02270677
0,008679936
-0,0008849344
0,02413349
-0,006861304
0,02554378
-0,03066778
-0,01794833
-0,01868716
0,007522674
-0,01110939
-0,001295034
0,02762889
-0,02449233
0,007083849
0,003525542
-0,02309587
0,004244751
-0,01001493
0,0161056
-0,01093421
0,02505077
-0,01361526
0,003848664
0,02836397
0,005913045
-0,02690353
0,01430687
0,02235549
-0,02372595
0,003273428
-0,02458558
-0,03035208
0,002449426
0,02369909
0,003613616
0,00790963
-0,0213731
-0,01216039
0,004329327
7,776664E-05
-0,02515033
0,015615
-0,03184131
0,01139962
0,00906648
0,01634422
0,01613633
-0,01607598
-0,00726815
0,01275912
0,02652112
-0,003908111
0,02425913
0,02110811
0,02731952
-0,008188289
0,02376058
0,02494284
0,01576336
0,02099044
-0,01679389
-0,01174724
-0,02668362
0,03058554
-0,02299099
-0,004930125
-0,008460508
-0,02405315
0,02673152
0,01714342
0,01728554
-0,02446648
0,003632739
-0,02689419
-0,0307343
0,02435264
-0,0245641
0,01475482
-0,01739468
0,0114848
-0,02149198
-0,004995262
-0,005462219
-0,009921782
0,001873714
0,006889762
-0,03499275
-0,0004395697
0,01586103
-0,02538147
0,01072676
-0,01585098
0,004147894
0,01988086
-0,0092738
0,01956874
0,01868511
-0,02604662
0,007168684
-0,01098883
0,0003712381
0,01193098
-0,01246197
0,005921064
0,02578138
0,02046829
0,02091728
0,02006528
0,01746902
-0,02978648
-0,01715678
-0,02320961
0,01036558
0,03023674
0,006923552
0,01304211
0,01710553
0,006272874
-0,01179726
-0,01215953
-0,0151949
0,00684116
-0,02270125
0,009792548
0,02337763
-0,008150273
-0,008402936
0,005206508
0,002024933
-0,02797112
-0,03240696
-0,03131592
-0,02614338
0,01842624
-0,02546657
-0,01062296
-0,0301891
0,01179072
-0,01079296
0,01123983
0,01533064
-0,0210086
0,02109897
0,02336192
-0,03315317
0,007565966
0,0101028
0,01002432
-0,01186061
0,0119833
-0,02221702
-0,0149557
0,01756973
-0,01144678
-0,02742894
0,02258046
0,003437261
0,008375584
0,01293923
0,001907731
-0,003616973
-0,01549554
-0,01644976
0,0112148
0,02589783
-0,01981912
0,02813102
0,01188534
0,01321295
-0,02643816
0,002216048
0,02545985
-0,02291352
-0,001134551
-0,007519997
0,02627985
0,006264418
-0,02589313
0,002656702
-0,02427894
0,006187262
0,008303593
-0,01698499
0,01656519
0,01632636
0,0102805
-0,02332725
0,01198506
0,01694113
-0,01474344
0,0184862
-0,005899649
-0,02781446
0,01990606
-0,01434341
0,006255649
-0,02878582
-0,01881745
-0,03010114
0,02233429
0,01572916
-0,02963311
0,02890975
-0,01565991
-0,01935997
-0,01605646
-0,023266
-0,01183204
0,02446139
-0,02609463
-0,01728842
-0,003572005
-0,02718514
0,002753987
0,02199664
0,01381161
0,02533239
-0,009869698
0,0138677
-0,02518601
0,0239761
-0,01981496
0,01840389
-0,01161261
-0,0253886
-0,03069079
0,0123765
-0,02567
-0,0284292
0,008404336
0,02050374
-0,01042167
-0,0311217
0,005981666
-0,01696026
-0,001133679
0,003520351
-0,03437652
0,001904251
0,004497111
0,0003040588
0,01920769
0,0174892
0,01210142
-0,02723082
-0,003933994
-0,006016642
0,005000087
-0,02720363
0,008426181
0,01284937
0,01177216
0,001297464
0,02744344
0,02694636
0,004485902
-0,01898031
0,007689418
-0,02340768
-0,02017272
-0,0003147377
0,02815417
-0,01739962
-0,0208375
-0,01926974
0,01965502
-0,009201222
-0,01010503
-0,0215921
-0,01867731
-0,03109005
0,02174345
0,008493986
-0,02901706
-0,00818837
0,02849354
-0,01488735
0,02861328
-0,02045462
0,004392
4,873406E-05
-0,02490388
-0,02869991
-0,008956711
-0,03903502
-0,0306961
0,009512342
-0,03522403
0,00443521
0,01001026
-0,01290601
-0,03364642
0,01611544
-0,007599603
-0,02397106
0,008853378
0,008847629
0,01152884
0,004735121
-0,01232581
-0,02101698
-0,0237863
-0,001519855
0,02179535
0,008898254
0,0205323
-0,02677082
-0,0003864143
0,004622167
0,02817613
-0,01324909
-0,01871585
-0,0032476
-0,0001389475
0,007350406
-0,006865307
0,02310752
0,0162443
-0,02270359
-0,03140955
0,02721006
-0,01519701
0,004151016
-0,01400041
0,01050613
0,022157
0,0251003
-0,0229041
0,01986962
0,007540091
-0,01744989
-0,001568283
-0,01535901
0,01457178
-0,01166001
-0,01633504
-0,005688549
-0,03242398
0,006360092
-0,03129769
-0,03563067
-0,01779136
-0,003769705
0,01104937
-0,003865945
-0,01858
0,004557144
-0,005833437
0,02198295
0,0175147
0,01893233
0,02598983
0,005098909
0,00690024
-0,007891945
0,02368869
0,002048783
-0,01871454
-0,01818075
0,01511243
0,02482773
0,02690514
0,01035054
0,02519307
0,01208816
0,01372557
0,01917523
0,004555755
-0,03022514
-0,01996229
0,01410386
0,01227228
0,02859391
0,02804317
0,0227813
0,004660994
0,01242754
0,01717926
0,01315648
-0,007757216
-0,02335129
-0,007618078
-0,02483342
-0,03671721
0,009124975
-0,02172468
0,01570496
0,001206419
-0,01410286
-0,005983806
0,01310529
-0,01335995
0,02049661
-0,0361932
-0,02281621
-0,02763251
0,007056855
0,001575664
-0,02773537
0,01825638
-0,004311684
-0,02850403
-0,00542246
0,01227382
-0,02710692
-0,02321355
0,02807573
0,00840617
0,01480702
0,01645986
-0,01971832
0,01413595
-0,002527258
0,01673203
0,0001750624
-0,00532699
0,0118714
0,007806848
-0,02633243
-0,008322361
0,01569358
-0,02443757
-0,02274276
-0,004444062
-0,01223032
-0,01161801
0,01372709
0,02504177
0,0107306
0,01021419
0,01725503
-0,03079106
0,006950964
0,01631454
0,0180776
-0,02751017
-0,03725113
-0,008384665
0,01638136
-0,0008495641
-0,0222751
-0,02405925
0,01828541
0,0004011847
-0,01338556
-0,02725611
0,02351673
-0,02178204
-0,002930863
0,01901987
-0,004039628
-0,02786697
0,0001640296
0,01192694
-0,02911609
-0,01141008
0,02556937
0,02915454
-0,006894916
0,01376566
-0,007251881
-0,02804304
0,02635593
0,02941073
0,02196231
-0,02626633
-0,03042903
0,0002741221
0,0191295
-0,01090057
-0,01101573
-0,02099236
0,009402122
-0,00786123
-0,03020471
-0,003908638
-0,02330571
-0,006558528
-0,03059804
-0,0250584
-0,01448455
-0,002753541
-0,01321904
0,01499034
-0,02117521
0,01200068
-0,00733438
-0,04277452
0,01366517
-0,003360135
-0,02425632
-0,03489804
-0,0309148
-0,02867684
-0,01888912
-0,01587225
-0,01329995
0,02755466
0,01800727
-0,01067019
-0,02300266
-0,00555867
-0,007494222
-0,01793397
-0,0002653396
-0,01364884
-0,008763919
-0,02157926
0,01123646
0,00275197
-0,01984154
0,0002509403
0,02770837
-0,01655638
-0,007359853
0,01999609
0,00695825
-0,02671427
0,01022733
0,02799889
-0,001171033
0,02903359
0,005608072
-0,02331022
-0,02849409
-0,01634129
-0,03253691
-0,006948004
-0,0299383
0,008758088
-0,0297815
-0,02754082
0,0002472046
0,006406951
-0,03667935
0,01307545
-0,03177598
-0,02958684
-0,01874413
-0,03996509
-0,005707231
-0,01252159
-0,01826327
-0,01604129
-0,007696618
0,01080727
-0,02651684
0,02207219
0,01936347
-0,001547416
0,0105613
-0,01265259
-0,01098762
0,02119894
0,02035737
-0,02093006
0,01942387
-0,01593921
-0,02014298
-0,01558616
-0,01564222
0,02399486
-0,02538662
0,02987496
-0,003546409
-0,0306306
0,02432046
-0,01533053
-0,01718921
-0,003628025
0,01092981
-0,003954937
0,0102583
0,005470094
-0,003782619
-0,02787467
0,008879731
-0,01674788
0,01046738
-0,01683379
-0,02984272
-0,0304847
0,0003489331
-0,002591102
-0,03613788
0,007814339
0,01111133
0,004036491
0,01056997
0,01269958
-0,03295677
0,01748332
-0,03760995
-0,02877497
0,01257819
0,003796182
-0,01355789
-0,01361526
0,02332242
-0,003697135
0,02001381
0,02121822
0,01202939
-0,006665849
0,01676226
-0,01523983
0,007594478
0,01082587
-0,006875894
0,01637651
-0,001244464
0,004053853
0,003804684
0,02346719
-0,02328265
-0,02215833
-0,0128417
-0,0007551564
0,02911229
0,008243551
-0,02075944
-0,02170005
-0,009946866
-0,01191684
-0,009146375
0,01518862
-0,008401624
-0,0008699746
0,0174826
0,01581465
0,007128756
-0,01668075
-0,01634521
-0,0231999
-0,01246924
-0,02530886
-0,01920849
-0,02983067
0,009717036
0,01001803
-0,02791097
-0,02828556
-0,01787876
-0,0305487
-0,01273639
-0,003389956
-0,01450564
-0,02699623
-0,03096902
0,008381655
-0,01179866
0,02020631
-0,01107654
-0,01428758
-0,01170625
0,01149109
0,0001349005
-0,008302199
-0,0283616
0,02974163
0,01950864
-0,02455452
0,02202265
0,004455036
-0,02653461
-0,0223165
-0,01758844
-0,01009646
-0,004425636
0,02208943
0,01447834
-0,0262008
0,0106459
-0,01885086
-0,002467053
-0,03147684
0,01525502
-0,01564511
0,0262116
0,01675933
-0,00931148
-0,01974449
-0,005787195
-0,02794151
-0,01017645
0,0100938
0,02039766
-0,03298903
0,01835284
0,005330624
0,005961536
-0,03732201
-0,02927897
0,008897148
0,01896768
-0,03218891
-0,016305
0,01357782
-0,02995807
-0,01812104
-0,01317418
0,02851042
0,008361478
-0,02146387
0,0257956
-0,01583812
-0,02176234
-0,02260389
0,01656758
-0,01250862
0,0227307
-0,01680253
-0,006471955
-0,01945462
0,001887639
0,0009949716
0,003565348
0,01136827
-0,02675027
-0,02070316
-0,02342482
-0,02574198
-0,004661956
0,01115431
-0,02631904
0,008532459
0,02212051
0,02177379
-0,0163654
-0,008656546
0,008087135
-0,03360156
-0,02231297
0,007196658
-0,007057725
-0,01154236
-0,001250633
-0,0167961
-0,02495053
-0,02674691
0,003007052
0,01270619
-0,01854084
0,001200773
0,01520983
-0,004091422
0,003256535
0,02725857
-0,01512631
-0,007769851
-0,001279646
0,004691747
0,01022308
0,02018205
-0,02379695
-0,01879876
0,003304362
0,0287461
-0,02786472
-0,01742347
-0,01180795
-0,0167436
0,02037624
-0,01016453
0,004193369
0,02071337
0,0281296
0,00830079
0,006960086
-0,02911584
0,02280178
-0,01873801
-0,002566567
0,02009663
-0,001683242
-0,0163541
0,01302592
0,01486836
0,01628468
0,003641407
-0,02906946
0,02096818
0,001106345
0,01652392
0,01776483
-0,02968109
-0,01976085
-0,01617198
-0,00550145
-0,02047479
0,0156276
0,000957727
-0,0174789
-0,03329479
0,02172891
-0,004075169
-0,03370548
0,02711458
-0,02993445
-0,03033213
0,001898369
0,02759837
-0,009044837
-0,01833659
0,0004835979
-0,01278419
-0,02292209
0,02129346
-0,008837444
0,02166153
-0,005796525
0,01451294
-0,02318947
-0,004210824
-0,02286538
-0,008740567
0,00400575
0,02613171
-0,008151641
-0,006737965
-0,00419039
0,003953039
-0,02771242
-0,0145309
-0,02254017
-0,01693326
0,01834103
-0,00914793
0,02015131
-0,03480532
-0,02004928
0,01254711
0,01028882
0,01051875
-0,03595613
-0,02976045
-0,002469722
-0,01478432
-0,01935247
-0,000637371
-0,04052981
-0,005631814
-0,03421881
0,009984201
0,02068627
-0,02393461
-0,001467407
0,0215657
0,02168676
0,002903283
0,02450019
-0,02642907
0,006115272
0,007867355
0,002112146
0,02676774
0,02430664
-0,02702873
-0,02550528
-0,01384414
-0,004916018
0,01094883
0,02765077
-0,008812109
0,008300588
0,005966351
0,02851786
-0,01424523
-0,008137596
-0,03093621
0,01469555
-0,02211761
0,00410179
0,01476349
-0,004787199
0,02964917
-0,001333605
-0,01580143
-0,01373595
0,02301564
0,007506844
0,01981872
-0,005039737
-0,0213614
-0,03566681
-0,03188189
-0,02879015
-0,03187978
-0,02485848
-0,03449139
-0,02869343
-0,005188783
-0,01655246
-0,03096441
-0,02186588
-0,01485659
-0,0007909406
0,008405915
-0,02640116
-0,01347833
-0,01932072
-0,01584888
0,003222259
0,02411154
0,01786949
0,0150162
-0,0005417398
0,02345651
-0,01744439
0,002437383
-0,006154037
0,006457704
0,01278882
-0,02264559
0,00523278
-0,002318808
-0,0233979
0,006656892
-0,01631846
-0,001879711
-0,005944146
0,01861291
-0,03164161
-0,01800719
0,01821388
-0,01596653
0,01659202
-0,002952711
-0,004078074
-0,03028296
-0,005294227
0,0157397
-0,02653275
-0,03822248
0,006365742
-0,01080812
-0,01674603
-0,002600126
-0,01150183
-0,02161889
-0,003630622
-0,02090491
0,01873184
0,009732732
0,007053916
0,003523457
0,01616364
-0,01983014
-0,002559724
0,01483371
-0,01883093
0,02478395
-0,003081277
0,006263781
0,02368541
-0,008496502
-0,01520052
-0,0110562
-0,02415826
0,003587712
0,02647245
-0,03019966
-0,006516339
-0,02233961
-0,02482177
0,003289129
-0,005705266
0,009489778
-0,01116707
-0,02395863
-0,02935313
-0,004346267
-0,02704087
0,02158733
0,02237998
-0,0237113
0,02377802
-0,0169629
-0,002017582
-0,02341637
-0,009029411
0,0004439713
0,0240172
0,006119091
0,01359895
-0,006907583
-0,01466644
-0,007778171
-0,03699466
-0,01800568
-0,02983201
-0,03312423
-0,002346364
0,0214628
-0,01080422
0,005765264
0,0216577
0,01436582
0,005983635
-0,0226093
-0,01936909
-0,02206782
0,02119845
-0,008544722
0,01159859
0,01188241
0,0180569
0,001977533
0,01516524
0,01627455
-0,003371444
0,029761
0,01864299
0,02403997
-0,02214205
-0,009415859
-0,03051245
0,008662798
-0,01748536
3,188248E-05
-0,02493154
0,01854878
0,0005649104
0,02545935
0,02519444
0,02758339
0,02250458
-0,02484412
-0,003836011
-0,01816282
-0,02178874
-0,03000343
-0,001436474
-0,01816566
-0,0405748
-0,02150103
0,006181206
-0,003117187
-0,03803642
-0,03168446
0,003553991
0,01197914
0,01320652
-0,01565048
0,0198286
-0,02395477
-0,01577353
0,00701415
0,01878475
-0,02791834
0,005032993
-0,0166378
0,001422264
-0,02407373
-0,02995046
-0,009798356
0,00547541
0,02471998
-0,004472833
0,01406477
0,01721638
0,009908457
-0,02859052
0,001479516
0,002980131
-0,009776832
-0,006893017
-0,00381484
0,02178894
0,01796203
0,004745248
-0,008389612
0,005274729
-0,02709569
0,01800231
-0,01517824
0,02995781
-0,02098013
0,02659826
0,01290092
0,007835117
-0,01914034
-0,01980242
-0,01264104
-0,004661886
0,01895039
-0,005922419
-0,009172391
-0,02121596
-0,000637587
0,0005567829
0,009334645
-0,02638987
-0,02026968
-0,01620926
-0,03258346
0,01882519
-0,01234271
0,01975943
0,006554923
0,01699285
0,0192786
0,01613979
-0,03072822
-0,00353331
-0,01739926
0,00748846
-0,0003227971
-0,01152707
0,015617
-0,009146239
-0,005369496
0,02577909
0,0119504
-0,0269113
0,002154471
-0,008241561
0,004869154
0,02412647
0,001572862
0,01571286
0,02195649
-0,02611557
-0,02009244
-0,02473623
0,01522715
-0,01942877
-0,01152219
0,007377379
0,01193113
-0,01021484
0,005150578
-0,01672008
-0,0170985
0,01746549
0,0119152
-0,01068757
-0,02042354
0,01967402
-0,01679845
-0,0197841
-0,03933438
-0,02945307
-0,003145292
-0,02002086
-0,02089364
0,02237074
-0,0003022413
-0,01527492
0,01961598
0,01183398
-0,01460944
-0,006888792
-0,01601242
0,01981999
0,02458425
0,01131801
0,00408201
0,0217035
0,01036833
-0,03016611
-0,01339812
0,01890488
0,005645881
-0,007980568
0,01088892
-0,02703004
0,003247032
0,01486365
-0,02080993
-0,02916909
-0,02899943
0,002970199
-0,001998524
-0,02059596
0,009947961
0,01051717
-0,0009597146
0,02060265
0,01917383
0,01880281
0,00673258
-0,03242327
0,01099602
-0,03730695
-0,02934537
-0,02308629
-0,03467558
-0,006935962
-0,0406315
-0,03255899
0,01271389
-0,01440112
-0,01917771
-0,0158978
-0,03243684
-0,01689688
0,004404573
-0,01752273
0,005264739
-0,01951694
-0,01096398
0,01124534
-0,02800363
0,01594668
0,006991171
0,009772059
0,02163445
-0,02804288
-0,02281892
-0,01963759
-0,02166748
0,009869122
0,03015811
0,01685846
-0,01403815
-0,01934013
0,02867435
0,003046132
-0,01759934
-0,009475417
0,02520691
-0,03235186
0,01076633
-0,03047074
-0,02361694
0,005922085
-0,01692789
-0,02524393
-0,02550691
-0,006567467
-0,02868098
-0,01699685
-0,02171234
1,303655E-06
-0,006509258
-0,03740667
-0,03658408
-0,03650261
-0,01656138
-0,01139898
-0,01439665
-0,03693704
-0,01317518
0,01297999
-0,03680941
-0,02062416
-0,004485533
0,002145869
-0,0267556
0,02082233
-0,01549609
-0,03094388
0,02685097
-0,01787261
-0,01630051
-0,01251184
0,02784272
-0,0308063
0,007036985
0,03005645
-0,006495636
0,01327666
0,02408468
0,00928128
-0,02842081
0,0166657
-0,008460368
-0,01059326
-0,01796974
-0,01572327
-0,02488823
0,02424027
-0,0227148
0,01448334
0,02692621
0,02095608
0,004866912
0,02101199
-0,03360336
0,02096613
-0,02549907
0,006806037
-0,03247111
-0,02228798
-0,02892146
-0,03091513
-0,01483325
-0,03763866
-0,01850358
-0,02690471
-0,03838862
-0,03454683
-0,010764
-0,01334982
-0,03300886
0,006967189
-0,02216904
0,01555487
0,01852858
-0,01788854
0,01997051
-0,02586499
-0,01196084
0,01846705
0,01368352
-0,01106224
0,01961014
-0,02026681
-0,01526557
-0,008812649
0,009632236
-0,02723078
0,02825417
0,01133184
0,0184175
0,009283404
0,009068397
0,008139128
-0,003498026
0,02230733
-0,01054783
-0,01306797
0,02345699
0,02591544
-0,02101985
-0,02925671
-0,001913392
0,01623523
0,009569684
-0,01790879
0,01026261
0,02086943
-0,03009255
0,009814828
-0,03570112
-0,03507455
-0,01573707
-0,02758743
-0,01227471
0,01110447
-0,02121872
-0,02237193
0,01440315
-0,03250608
0,0007021876
0,02487365
-0,02763382
0,01391035
0,003643855
-0,007101429
-0,03138927
0,0005205633
-0,01309053
0,02715634
0,02148366
0,001681951
-0,02177446
-0,01093324
0,005611537
0,01072147
0,01979089
-0,0281374
-0,003218425
0,02848271
0,008175079
0,01677148
0,02714791
-0,02254686
0,00544968
0,0109059
-0,01903003
-0,008172733
-0,02703856
0,001709815
-0,000492893
-0,02506508
-0,001797226
0,02208639
-0,009176379
-0,01927071
0,02592149
0,01248408
-0,02395591
-0,01941836
-0,02417882
-0,02718933
-0,004546269
-0,02681628
0,01703711
-0,007769213
0,01779502
-0,03227988
0,002388163
0,0150105
-0,02935351
-0,01564106
0,01436007
0,01859032
-0,00664493
0,01681143
-0,03026223
0,02407007
-0,02341653
0,02295526
-0,01916798
0,004724666
-0,007041898
0,01370739
-0,007733628
0,01384083
-0,02893059
-0,01445819
0,02596574
-0,009264705
0,01199867
-0,0265199
0,02051716
-0,02424087
0,01256282
-0,005819568
-0,02164887
0,01435661
-0,02103168
-0,0302065
0,01231089
-0,02765175
0,01270665
-0,01628367
-0,0004660081
-0,0153306
-0,01350843
0,00519682
-0,008844577
-0,004583452
-0,02734139
-0,03766019
-0,002714475
-0,01798233
-0,03226397
-0,00179498
0,01215007
0,01579278
0,01412907
-0,0214928
-0,004068611
0,005204552
-0,02533036
-0,01601877
-0,02560076
0,02741228
-0,004404631
0,009679232
-0,02389507
0,0286244
0,00742445
-0,01543722
0,01259068
-0,02645671
-0,0227031
-0,02501066
0,01931021
-0,0248687
-0,01925755
-0,02499796
-0,006796788
-0,01035984
0,01818207
-0,00976956
-0,02299848
0,007365455
-0,004173941
-0,0013401
0,02560451
-0,03066993
0,005063273
-0,01481144
0,02537028
0,02640345
0,001838945
-0,02904465
0,02068149
-0,007696032
-0,02878712
-0,003951091
0,01345437
0,0006284434
-0,006526872
-0,01178534
0,01674437
0,01756746
-0,01656786
-0,003538379
-0,02648021
-0,03399922
0,01395812
0,004932507
0,00542345
0,008146293
0,01695299
-0,02208851
0,02198515
0,01962774
-0,02311585
-0,0002755223
0,001779718
0,02493839
0,0115055
-0,02691489
-0,008350208
-0,01004658
-0,01307869
0,01392667
-0,0001123772
-0,02781723
-0,01874754
-0,01033011
0,02479819
0,005467703
-0,01663411
0,01282072
0,01643854
-0,0133245
-0,008819794
-0,02134315
-0,01581342
0,01743003
-0,01543574
0,02045482
-0,0182913
0,02469018
0,005191291
-0,01783209
-0,02794165
-0,01510924
-0,02775034
-0,03591438
-0,02063895
-0,001671021
-0,04016301
0,01648679
0,01935359
-0,008072187
-0,03194865
-0,001291736
0,003608159
-0,0002529496
-0,0318544
-0,02476551
0,02145608
-0,0007847808
0,0168126
-0,02565656
-0,003347074
-0,02345516
-0,007122319
0,004908341
-0,00312711
0,02675822
-0,01808674
0,01098829
0,006979968
0,01682743
0,01956092
-0,003910845
0,01311199
-0,02971396
0,003755979
-0,02409012
0,02023459
-0,02430068
0,02922208
-0,01650395
0,004944307
-0,01292619
0,01066961
-0,01684537
-0,02399724
0,01067959
-0,000831237
0,0101033
0,01700327
-0,023297
-0,03530969
0,007638598
-0,02879785
-0,007008141
0,009372164
-0,03874713
-0,04236689
-0,003933918
-0,00171334
-0,01401248
-0,01196283
-0,01860093
-0,01805142
-0,02373368
0,00622805
0,007314765
0,02363542
0,008465258
-0,02820188
0,02909885
-0,01358968
0,01538379
0,0006311368
0,002305416
-0,00104121
-0,02248199
-0,00825557
-0,02328048
-0,005523829
0,01010272
-0,006594211
-0,0001277936
0,02367461
-0,003219348
0,01391033
-0,02625089
-0,01353428
-0,02218018
-0,01906734
-0,001198372
-0,02856268
-0,02047172
-0,003198277
-0,002246119
0,009247384
-0,02124027
-0,03336975
-0,001149713
7,781244E-05
-0,004981865
0,01603666
0,0179118
0,00461639
0,009851092
0,01191353
-0,02262167
-0,03020424
-0,005730391
-0,03822514
-0,0006785695
0,003140063
0,01558694
-0,02449044
0,02364994
-0,03498815
0,02502601
-0,004202309
0,02055976
-0,002722087
0,005109547
-0,007530454
0,01253061
-0,004214094
0,001604956
0,02313727
-0,0257806
-0,01424308
0,02692031
0,01766708
-0,01453375
-0,02424441
0,01870663
0,000775167
0,0249247
0,01692881
-0,002254639
0,01783086
-0,02873356
0,003919038
-0,0043338
0,0188967
0,008718639
-0,0277562
-0,004454092
0,01224879
-0,02626319
-0,03518048
-0,00160119
-0,0003032167
0,01375403
0,01151584
-0,02792118
-0,03191203
0,02186421
-0,03584204
-0,03337891
-0,01534993
-0,03476819
0,01599801
0,006806202
-0,03668386
-0,01902335
0,01573245
0,01460754
-0,0006485555
0,01823703
-0,008684098
-0,01327708
-0,02078282
0,0007996004
-0,02336451
-0,007320988
-0,01382511
-0,02875471
0,01363957
0,01126375
0,00512579
0,02529177
0,0131417
0,01291801
-0,02577477
0,01373165
-0,008230813
0,03062217
-0,0003931481
0,0238399
0,01072258
-0,0006413665
0,01734187
0,005365937
-0,03232949
0,007968239
-0,02567034
0,01434522
-0,01081298
6,39928E-05
0,01591887
-0,01455934
0,01965385
0,02024242
0,01251032
0,006122531
-0,0151483
-0,0355331
-0,001135681
-0,01953687
0,01147792
-0,03765309
-0,02454519
-0,01323987
-0,002784013
-6,821039E-05
-0,007707344
-0,02083202
0,008822213
-0,01430773
0,02540851
0,01935649
-0,01236983
0,007731351
-0,02395252
0,02041606
-0,0003234301
0,00210195
0,0007246837
-0,003452168
-0,01528004
-0,001143692
0,006375412
-0,02113607
0,01861965
-0,01471142
0,02751642
0,01690537
0,0245691
-0,009282257
-0,01088249
-0,01206929
-0,008873736
-0,02549419
-0,03229424
0,004555532
-0,01881208
-0,01131977
-0,03251154
-0,009049402
-0,02101925
0,01893549
-0,03307451
-0,03097577
0,004318068
-0,03303521
-0,03628938
-0,02197923
0,0074609
0,01530911
-0,02729183
0,01224438
-0,005996773
-0,02820362
-0,03104128
-0,01108974
-0,005468806
-0,0258145
0,003019331
-0,01438496
0,005047186
0,008223441
-0,01206311
-0,009524124
0,02548196
0,003726938
-0,004369822
-0,01949347
0,007868949
0,001114235
0,006329495
-0,02367025
-0,0004751244
-0,02444847
-0,01706425
-0,009444743
-0,007047478
-0,001174922
-0,001504178
0,0130992
-0,01727433
0,008578813
-0,03046669
0,02742907
-0,02322855
-0,0003221463
0,01735061
-0,02141121
-0,03583217
0,0002320217
-0,02482138
-0,02917168
0,009966369
0,009240822
0,01726236
0,0003048767
0,001258701
0,007501521
-0,02596095
-0,03430078
-0,001975905
0,01118673
-0,001450284
-0,02717455
-0,01829565
-0,02998005
-0,01375013
-0,007821586
0,02455092
0,01323933
-0,03060286
-0,03307421
0,007716787
0,0227753
-0,02532193
0,02466939
0,008407196
-0,01093393
-0,0190491
-0,005200894
0,01746136
-0,01622455
-0,02004567
-0,02698854
-0,007787834
-0,001487769
-0,01122768
0,01333321
-0,01523095
0,007573479
0,01424425
0,007226737
-0,01465262
-0,009354903
-0,0283319
-0,009570807
-0,02985385
0,01486332
0,006752694
-0,0323346
-0,02356383
-0,01403021
-0,01980742
-0,02000302
-0,001534509
-0,02684817
-0,006303617
0,01695147
0,001387936
0,0168472
0,0170399
-0,02505958
-0,006586784
0,005207428
-0,02153843
-0,01057737
0,004405576
0,001199063
0,01858474
0,02040956
0,01499073
0,003699348
-0,0217171
-0,0108173
-0,03089429
-0,00751903
0,01128324
-0,01695237
0,01695614
0,01321266
0,02560936
0,02338244
0,01068131
-0,02246199
-0,01636237
-0,006370959
0,02824108
0,02415575
-0,001168198
-0,01739975
0,02949376
-0,0057493
-0,02924694
-0,01273274
0,008062748
-0,005360239
-0,02719896
-0,00180998
-0,0277559
0,007686296
0,006262318
-0,01095406
0,01763576
0,01174783
-0,01933027
-0,003783756
-0,02535604
0,0188334
-0,02368804
-0,03176937
-0,01441366
-0,02494369
-0,0345617
0,0160372
0,02092215
-0,03361813
-0,0001755021
-0,009210398
-0,002319385
0,02033988
-0,006639723
0,0155115
-0,02625861
0,009064044
0,02096423
-0,01009778
0,0005149253
0,01938199
0,008993441
0,004036712
-0,00947996
-0,01912266
-0,02447608
-0,02440966
-0,02823466
0,001371591
0,02998217
0,02229637
0,01979024
0,007093485
-0,02087242
-0,02968749
0,007711511
-0,01162001
0,01207509
0,01105071
-0,01471886
-0,02656289
-0,01158455
0,005732466
0,01774258
0,003292972
0,02311444
-0,02351771
-0,01963117
0,01800376
-0,01803342
-0,02227479
0,02071897
0,0155928
-0,038227
-0,01792618
-0,02308293
0,001398402
0,01267652
-0,0211132
-0,02627667
-0,03341457
0,02214031
-0,005057936
-0,02903678
0,01264871
0,005006105
0,02181907
0,01185198
-0,006818405
-0,02399533
0,01467443
0,02389677
-0,02103539
-0,02592253
-0,006408461
-0,003298102
-0,02865502
0,01379764
0,0137791
-0,01891324
0,02025325
0,01972228
-0,02347995
-0,01794068
0,01430509
0,02364238
0,02198256
-0,0009647242
0,01311313
0,01230105
0,02671489
-0,001926273
-0,004112042
-0,002241839
-0,01967721
-0,02224787
0,01862775
-0,003136428
-0,03072312
-0,03688702
-0,03389062
-0,007681387
0,01094328
0,003611209
-0,009969727
-0,01847378
0,01030938
0,01512884
0,005916474
0,02375537
-0,01730166
0,02452222
-0,02653126
-0,02766451
-0,01319681
-0,0192118
0,01617236
-0,01766463
-0,01160982
0,01955306
0,01105474
-0,008618607
0,02777478
0,01069674
-0,02238639
-0,01570243
-0,005047013
0,007066248
0,0184118
-0,02029534
0,001228717
-0,002701369
0,006846062
0,01138932
-0,02654415
-0,01462418
0,02596841
-0,0127317
0,008566123
-0,009604612
-0,02954171
-0,03253793
0,01716988
0,01349387
-0,007087272
-0,03290904
-0,01029304
-0,01221368
-0,02422502
-0,03334832
-0,01117784
0,002584066
-0,02671157
-0,0246005
-0,02066357
0,007029256
-0,004095419
-0,02721951
0,005590566
-0,01505401
0,02200568
-0,02151157
-0,02678804
-0,003034835
-0,005558305
0,01706277
-0,01112624
-0,008682841
0,02730525
-0,03005189
-0,01729261
-0,001241101
0,003499411
0,02452695
0,01361144
0,009291767
4,22801E-05
-0,01920089
-0,01827691
-0,02569538
0,01738619
0,03019704
-0,00725244
0,01233822
0,01449845
0,01693555
-0,0193457
-0,01324235
-0,01079244
-0,01180932
0,009504566
0,01191445
0,003238841
-0,01245693
-0,006870138
0,01837326
0,02348279
-0,01587899
-0,01624072
0,002640892
0,005629061
-0,03737527
-0,01366916
-0,0315681
0,01287727
0,02039238
-0,02717891
-0,01566181
-0,002669534
0,004984
-0,02103122
-0,01040242
-0,03368841
0,002560352
0,0001351237
0,02480284
0,01579503
-0,01058456
0,01491085
0,008420458
0,005436455
0,02988466
0,03052522
0,006455416
-0,01214029
-0,002371672
0,02094973
-0,01976028
-0,006155907
0,0175885
0,01034276
-0,02200729
0,02120459
0,001361694
-0,009425018
0,01056481
0,0008665202
-0,02049834
0,01867603
0,01618021
0,00814276
0,01642843
0,01130059
0,007242209
-0,02749791
-0,01692868
0,008770082
-0,03580431
0,01532411
-0,001900252
-0,02941906
-0,001792428
-0,00292381
0,0004640789
-0,03589534
0,004517531
-0,03368338
0,01437769
0,0171981
-0,01033463
-0,02746076
0,02558701
0,02481415
0,01297487
-0,03126246
-0,02742581
0,0005067772
-0,002158664
-0,01542616
0,01922894
-0,007860927
0,004500145
-0,002900671
0,02637057
0,02929096
0,0152089
-0,01721283
-0,01214282
-0,002787009
0,02708224
0,010692
0,01678627
-0,01338649
0,02018885
0,008185898
-0,03302764
-0,0001961343
-0,02182203
-0,005542456
0,005062071
0,00508284
0,00961457
-0,01466537
-0,005322943
0,007644149
0,007385734
0,01606647
-0,03813141
0,001415257
-0,03487113
0,009650651
-0,02008863
0,008290505
-0,03781136
-0,02562604
-0,002727535
-0,02749458
0,005785713
0,007888869
-0,01523722
-0,005169295
0,0148774
-0,006364827
0,02376101
0,01032578
-0,01467199
0,008060013
-0,02308379
-0,02310985
0,02914686
0,002074774
-0,009998628
-0,03040905
0,006133496
-0,01878581
0,01023443
-0,0149906
0,02862175
-0,0176361
-0,01308572
0,02106053
-0,01925472
0,006600019
-0,009461805
-0,022571
-0,01047158
-0,0332127
-0,0153347
0,005537088
-0,02738713
0,020224
0,02113737
-0,002647985
-0,0285828
-0,0292603
0,01581075
-0,02095752
-0,01655367
0,01027324
-0,01134424
-0,0351644
0,007435163
0,01401457
-0,001394129
-0,009214417
-0,01205272
-0,02044003
-0,02543342
0,01613134
-0,003676923
-0,0173091
-0,02170479
-0,006096601
-0,008580441
-0,004658534
-0,01386498
-0,02091038
-0,02811428
0,01932316
-0,009578121
-0,01300693
-0,005923876
0,001540013
-0,02809192
-0,02038
0,009155757
0,02072503
0,02255622
-0,0008545471
-0,009711828
-0,008539226
0,02199046
-0,01876886
0,01406771
-0,01671
-0,02581943
-0,01491895
0,02456559
0,01988721
0,01007675
-0,02662477
0,01500855
-0,00900622
-0,02893319
0,01190184
0,000734975
-0,0123705
-0,03116597
0,003029952
0,01099411
0,001268351
-0,02336489
-0,007003122
-0,01743539
-0,03380327
-0,001843129
-0,02552816
0,01318297
-0,004905656
0,0160301
0,004883362
-0,007065119
0,009082783
-0,002820647
-0,02200972
-0,004313964
-0,02886945
0,01306807
-0,01975436
-0,007554511
-0,0293974
-0,01397768
-0,01971357
-0,02337094
-0,01421587
-0,00111881
0,02910557
-0,001593525
-0,01201862
0,003128769
-0,01643543
0,01481203
-0,01897476
0,01017498
0,008315916
-0,02774438
-0,01274537
0,0149094
0,006692915
0,005421356
0,02039164
-0,005637966
-0,01106076
0,0250128
-0,03198222
0,00337723
-0,03113923
0,0190027
0,01390147
-0,02095554
-0,004055011
0,003783945
0,0166826
-0,02255144
0,007490726
-0,01611212
-0,03503502
-0,01157439
-0,02898739
0,002233303
0,005024156
0,01184657
0,0006043427
0,02624664
0,007588398
0,02255847
-0,01766174
-0,02984243
0,02035755
-0,02437475
-0,02116686
-0,01402001
-0,02657663
0,002825144
-0,0008697326
0,00254094
0,02435873
-0,01572564
-0,02641961
0,007217393
-0,006577268
-0,02635346
0,004924307
-0,03105535
0,02780605
-0,0009209196
0,01714543
0,0246621
0,02321667
-0,01510561
0,02694721
0,01944484
0,002251884
0,02593445
0,02430388
-0,02834608
0,01824034
-0,01268792
-0,02127664
-0,02936594
-0,01430861
-0,03530718
-0,03664576
0,004901113
-0,0319962
-0,0206194
-0,0006014709
-0,01358079
0,01101188
-0,02243789
-0,003012204
0,01738774
-0,008471708
0,0001933192
-0,01437559
0,005280039
-0,02236882
0,001860512
0,03044904
-0,02279313
-0,02612662
-0,01088661
-0,02152405
0,003835662
-0,02236309
-0,01178754
0,01050387
-0,02476311
0,006221571
-0,009188938
0,00810714
0,0001703507
0,02635688
0,02239837
-0,02076435
-0,01204013
0,02826784
0,01946823
0,02331649
0,00723093
0,02028232
-0,007641927
-0,02803001
0,00402981
0,01165797
-0,03256926
-0,01007304
-0,0334924
0,004927733
-0,01700609
0,01624675
-0,01893377
-0,01743518
-0,03217981
-0,03437738
-0,03495067
0,01748848
-0,006696484
0,001784635
0,01443997
0,00716328
0,001758278
0,01521266
-0,003800647
0,006923353
0,02897621
0,02496265
0,002247654
-0,009122927
0,02593334
0,004512095
-0,009722998
0,01173448
-0,01013204
-0,01383989
0,0117964
-0,01561861
0,001868509
0,01727434
-0,02895464
0,02244724
0,007044268
-0,008108018
-0,0171815
-0,009181909
-0,01564091
-0,02448422
0,01701942
0,0171745
-0,02671738
-0,005611935
-0,002072858
-0,02315709
-0,03421202
-0,03579961
-0,02214171
-0,002298789
-0,00160271
-0,03992889
0,006591605
-0,03058064
0,01364432
0,0008685755
0,003379095
0,007851811
-0,00165309
0,00181555
-0,03389962
0,01757567
-0,01150877
0,01629136
-0,01031862
0,01093767
0,007574499
0,02998887
-0,02884102
-0,01895335
0,004506042
-0,02344393
-0,008653177
0,02240069
-0,02177648
0,01455339
-0,01536026
0,002308505
-0,02414862
-0,01981147
0,0113951
-0,01107522
0,02979365
-0,02260337
0,007818853
0,001145231
0,03080309
0,0179487
0,02680206
0,027551
0,005691286
-0,005172383
0,01096466
0,002967902
-0,02977909
0,02185322
-0,008977658
-0,01954954
-0,03519608
0,008525801
-0,005462073
-0,03914295
-0,03953776
-0,03391534
-0,04166291
-0,01065903
-0,002149971
0,01447134
-0,03823933
-0,02925208
-0,009387898
-0,0242279
0,00571283
-0,006625627
0,02737024
0,01347843
0,0241424
-0,01255818
-0,01685337
0,02014433
0,01205409
0,01828712
-0,03000143
-0,02639602
0,004575008
-0,02188429
-0,006979303
0,01819914
0,02118894
-0,01405536
-0,00939027
0,03059837
0,002205063
-0,01116499
0,006973342
0,007677169
-0,01251763
0,02290645
-0,02603816
-0,02538363
0,02304329
-0,02719247
0,01334368
0,01516893
-0,002348622
-0,008285242
0,01348554
-0,01914359
-0,0002512569
-0,01745545
0,02429727
-0,03295645
-0,03658994
-0,02778241
-0,03626405
0,002542222
-0,03667621
0,01972207
-0,007158905
0,01526366
-0,0273516
0,01362953
-0,03294204
0,01223753
0,01810457
-0,004742173
0,012553
-0,00802399
0,01942992
-0,01074269
-0,004774999
-0,03083067
-0,02140756
-0,02416576
0,02849601
0,008045909
-0,02770311
-0,0162104
0,003751038
-0,01925397
-0,008290249
-0,02113302
-0,01648313
0,003274446
-0,01358434
-0,01713005
0,02913176
-0,007708679
-0,01533266
0,02180322
0,006236536
-0,01122584
-0,01152086
-0,01887886
-0,03305588
-0,02844566
-0,02962124
0,02520005
0,02322586
-0,03219334
0,006589289
-0,01496476
-0,01733375
-0,02512218
0,009210259
0,01777312
0,01933952
0,01891573
-0,02459422
-0,01291706
0,00512498
0,01182131
-0,0128083
-0,01544387
-0,001136492
0,02879081
0,006234467
0,0007126686
0,0008209866
0,007330662
-0,003172335
-0,01191347
-0,02751882
0,02617655
0,01331903
-0,025547
0,008015742
0,02620231
-0,02338223
0,02396123
0,004616977
-0,02655751
-0,01348058
-0,0002078738
-0,002101177
0,0257409
0,01449717
-0,0315005
0,01142454
-0,01548955
-0,0172205
-0,02885772
-0,02161036
0,01912048
-0,02075256
0,01838894
0,02601594
-0,03292298
0,008288931
-0,03329471
-0,00886587
-0,005452148
-0,01112178
-0,01821338
-0,001810867
-0,01550983
-0,0146714
-0,01177027
-0,006123576
0,01131381
-0,01502486
-0,03676344
0,01304446
-0,01617919
0,01893435
0,007760297
0,001032895
0,02509923
0,02244732
0,005697216
-0,01591
0,005272531
0,01708417
-0,01798529
-0,008952812
-0,006215832
-0,02234188
-0,0193715
0,01293788
0,02217097
-0,02475562
0,006332804
-0,0178992
-0,02475997
-0,005863149
-0,02982905
0,003744008
0,02547947
0,02045887
-0,02794509
-0,0007677589
-0,01569814
-0,003320845
0,02371752
0,02379683
-0,01966232
-0,01899168
0,01958754
-0,03360622
0,001759103
-0,01768099
-0,03376453
-0,02832911
-0,02869477
0,01122119
0,01645976
0,008525862
-0,02390171
-0,03804295
-0,02310862
-0,02146818
-0,02449846
0,01306232
0,007219556
0,009142522
0,01347298
0,01817536
0,01269284
0,02258522
0,0201853
-0,02702634
0,004972852
-0,02833031
0,01816493
-0,02799532
0,027384
-0,02318927
0,0217554
-0,01458646
-0,02450296
-0,02193695
-0,01538625
-0,02081427
-0,02367766
0,0009101224
0,02966478
-0,005002085
-0,0266372
-0,01444211
0,001817586
-0,01624548
-0,01420211
0,02075514
0,003066927
0,01658358
-0,01214594
-0,00158763
0,01834567
-0,01819482
-0,02056957
-0,01097728
-0,005859123
-0,03516112
-0,0243776
-0,003066532
0,007721694
-0,03463488
-0,0177088
-0,03094465
0,01540428
0,008657864
0,02210193
-0,02997114
0,02298822
-0,02713728
-0,0308225
-0,02903569
0,007376309
-0,02375788
0,01250067
-0,01159033
0,01550406
-0,003157156
-0,009620991
0,00534269
0,0161317
0,0103727
-0,005466876
0,02943986
0,01202085
-0,004028622
-0,01272612
0,00734973
-0,02751567
0,009386281
0,005407339
-0,01716554
0,02790522
0,001946136
0,01460575
0,02549958
-0,02645886
0,02580752
-0,00698376
0,01604029
-0,01130375
-0,01694097
-0,0324012
0,0006176758
0,01586638
-0,01831804
0,01501925
0,005012635
-0,004337022
0,01614268
0,003160315
-0,03017348
0,004732974
0,001481003
0,01350036
-0,02960579
0,005697605
-0,007510207
-0,007513857
-0,004971616
-0,001429936
-0,01322786
0,02711396
-0,01614248
-0,0003025798
0,01637171
-0,02500771
-0,02432225
-0,007717523
0,01451937
-0,01475418
0,01932742
-0,02912754
0,004059021
-0,01503246
0,0007437867
0,01027187
0,02220039
-0,01882647
-0,006410898
0,002841139
0,004075597
-0,02732683
-0,02118811
0,02839183
-0,002129577
0,002852856
-0,01012595
0,01453853
0,009485269
-0,01270316
0,008080136
-0,001057995
-0,03370153
-0,0168514
-0,03443117
-0,01942847
0,009241576
-0,0331103
-0,03757997
-0,02469734
0,01185386
-0,0156242
0,01543715
0,005534072
0,02024807
-0,02520923
-0,02450687
-0,01076613
-0,01526584
-0,005253508
0,01540053
-0,01912963
-0,03060322
0,02149818
0,02338228
-0,01647844
0,01803977
-0,01528068
-0,02902354
-0,01684119
0,01408821
-0,01033425
0,01227915
-0,004491064
0,004584171
-0,0139373
-0,02934754
-0,01417425
-0,01759027
-0,01710834
0,02405133
0,01877814
-0,02043148
-0,02199213
0,01349088
-0,01582692
-0,01681185
0,0008475223
-0,02277458
-0,007682981
-0,004871814
-0,03518414
-0,004555971
-0,01939533
-0,002218037
-0,008069081
-0,001079781
-0,02540246
-0,01041499
0,009677452
-0,006491215
-0,003074814
-0,03191153
0,01418384
-0,001546521
-0,002421813
0,006260192
-0,00976254
-0,02829233
0,003611828
-0,02624653
0,01981324
-0,02245274
-0,0275903
0,0006981116
0,0265917
-0,02991662
0,01977728
-0,02360678
0,008706332
0,03094233
-0,01223177
-0,02326587
0,007615608
0,01508338
0,01352447
0,02037531
-0,002415737
0,02321473
-0,02508648
0,01337439
0,02127035
0,02149182
-0,00523274
0,01375562
-0,006529958
0,01734887
-0,006783622
0,01119709
-0,01273407
0,006572637
0,01825931
-0,004820429
-0,001108873
-0,01453584
0,005527768
0,02029724
-0,006903311
0,008230689
0,0001319385
-0,007737455
0,009065427
-0,03145732
0,01516791
0,01739552
-0,02106186
-0,01058548
-0,008668571
-0,02767205
0,01599373
0,007799708
-0,02065342
-0,0004846834
0,02757765
0,02069846
-0,01899176
0,02771722
0,01395879
-0,01172993
-0,024614
-0,0209322
0,008777192
-0,02173215
0,01849532
0,0305706
-0,02073312
0,02059705
0,003508147
-0,01168376
-0,02416513
0,02104627
-0,00616717
0,01229099
-0,013255
0,007057761
-0,02959284
0,02001191
-0,02503662
0,005599175
0,002439463
-0,03178249
-0,008452463
-0,01209751
0,02346848
0,006566321
-0,004782529
-0,01244903
-0,005107456
0,00742593
-0,02747534
0,006153983
-0,02656737
-0,02474675
0,007405438
-0,006642065
0,01685719
0,002507341
-0,01899477
0,01593884
0,01047149
-0,008850927
0,01962034
-0,02511877
0,02491789
0,02426761
-0,01569716
-0,002697696
-0,01720813
-0,009682276
0,01987385
-0,008960955
0,02288691
-0,02210621
0,0150847
-0,02680355
0,0148416
-0,01186199
-0,01703126
-0,02253312
0,001963029
0,01891882
-0,008971963
0,02143423
-0,01915987
-0,003151015
0,01368737
-0,01543436
-0,02687568
0,0212886
0,01765667
-0,004864119
0,00594237
-0,01253004
0,02560047
-0,02055969
-0,02164277
-0,01468897
-0,01007447
0,02625453
-0,007715322
-0,03336902
-0,02604352
-0,02533866
0,02069857
0,01430193
0,0158569
0,02770762
-0,008522547
0,005064869
0,01169575
0,0006262812
-0,009325664
-0,0248268
-0,01707199
0,01993681
0,02976801
0,02915324
0,02429484
-0,0004195462
-0,01898549
0,0292277
-0,006025785
-0,008076968
0,001760638
-0,00787335
0,01368151
0,00280896
-0,01947104
0,002177256
0,02112505
-0,004952198
0,02496183
-0,01692593
0,0115903
0,00207474
0,01127068
-0,01738165
0,02822372
-0,005500748
0,008975812
0,01299662
0,02103152
-0,004675569
-0,02416335
-0,01471968
-0,02540131
0,0006181131
-0,02670527
-0,0258084
-0,01884251
-0,01920395
-0,007085882
0,02060362
0,01712991
-0,004074202
0,005030538
0,01361824
0,005797506
8,216722E-05
-0,02783009
-0,01540882
0,01874797
0,02066366
0,0151615
-0,01368286
0,005720194
-0,02250457
-0,006503002
0,01150243
-0,02178854
0,01672156
-0,0291905
-0,0005952062
0,02050754
-0,003239947
-0,02407221
0,02602696
-0,01715888
-0,01647341
-0,01460045
-0,01888512
-0,00380676
-0,02636444
-0,0111819
0,006909413
-0,02974921
-0,02962689
-0,006227303
-0,01556703
0,02556797
0,02636476
0,0061919
-0,004309159
-0,008917439
-0,006032398
0,02549778
-0,03028051
0,0122247
0,02226096
0,01179851
0,02780668
-0,02285691
-0,008648743
0,02670155
-0,003348257
-0,01874182
0,02456911
-0,02745124
-0,008887774
-0,009737802
0,01034339
0,002086109
-0,007485042
-0,01480485
0,02212818
0,01838134
0,01526551
0,002371325
-0,02238091
-0,01426565
0,005058381
0,01418287
-0,02132904
0,01606781
-0,01823535
-0,02060293
0,003863162
-0,02288542
-0,004742107
0,001017425
-0,02582543
-0,01732823
-0,01006715
0,0014679
-0,01340175
-0,02740427
-0,02824157
-0,02521642
0,02196589
-0,005770365
-0,02539804
0,02677649
-0,03056697
0,02199849
-0,01560489
-0,006293026
-0,01721492
-0,01892792
-0,0005199508
0,005500795
-0,0212661
-0,002679186
0,004240458
0,005813253
-0,0237838
-0,01634318
-0,03083068
0,008234928
0,01618856
-0,01309066
0,009151315
0,01851643
0,008614835
0,02193505
-0,01284347
-0,001637122
-0,01719483
0,02270779
0,02941922
0,01962468
0,01648846
0,01071433
0,01080025
0,01362007
-0,01975929
0,007638656
0,01242614
-0,01469676
0,0006399384
0,01826543
0,02633581
-0,008020131
0,007136185
0,01903381
-0,009676943
0,005213803
0,007106138
0,012739
-0,006402051
-0,02914854
-0,02840531
-0,007378885
-0,01381915
0,003647491
0,01494659
-0,01405761
-0,01178264
-0,02089884
0,004962559
0,01587994
-0,02040047
-0,009523529
-0,01797058
0,01060411
0,02032866
-0,0001929183
0,01882859
0,02197482
-0,003511283
-0,0001492104
0,002868168
0,0149108
-0,02189287
0,02982677
-0,008120424
-0,01269368
-0,01836898
0,02082748
0,001964876
0,01264672
0,02186912
0,0002265334
-0,001314785
0,02762582
0,0169207
-0,007003285
-0,007066326
-0,02370235
0,0285705
0,02367138
-0,01148484
0,002311049
0,009280827
0,01383304
0,007039879
0,004658711
-0,02105255
0,0257577
0,02822095
0,01991281
0,01590595
0,01512675
-0,0142195
0,02409657
-0,001452341
-0,01252242
-0,0159388
-0,01213047
-0,01854088
-0,002973986
-0,02535292
-0,001526325
0,008480674
0,02375502
0,02506863
0,01061779
0,02308368
-0,01468958
0,02474195
-0,002113215
-0,02244221
0,01292169
0,02468545
0,003908918
-0,01824974
-0,02908302
-0,02401489
-0,004883826
-0,007092305
0,01770764
-0,02135856
-0,01373761
0,02315107
0,01239087
0,02678959
-0,02326416
-0,01575583
0,00511401
-0,001348001
-0,001066366
-0,0221784
-0,02553025
0,02442739
0,0004922132
0,01833296
0,01999952
0,02430537
0,01535051
0,01845871
0,02569115
0,01143609
0,02357304
-0,02921281
-0,0002873306
0,01221585
-0,02692006
0,02060819
0,0120176
0,01156245
-0,002344661
-0,0185183
0,01977529
0,0252911
-0,005401884
-0,01089485
0,0191969
0,005916272
0,02639852
0,02791652
0,01917692
-0,00282315
-0,01183277
0,01786225
-0,003758309
-0,009832734
-0,02690183
0,01913558
-0,00589861
0,01623995
-0,007694603
-0,02275364
-0,008893114
0,007357594
-0,00242689
-0,02428933
-0,01442789
-0,01465074
-0,006919248
0,03051689
0,02333412
-0,01366539
0,00244089
0,02336342
-0,02967644
-0,01318378
-0,01193142
-0,02089017
-0,0009907539
-0,01900847
0,02933879
-0,01638402
0,02793277
0,01774799
0,02972057
-0,0009381804
-0,006154967
-0,02444437
0,004992681
-0,02034893
0,009360445
-0,0151535
-0,003299098
0,02657147
-0,01003603
-0,009104555
0,02147196
-0,01710287
-0,001881145
-0,01075288
-0,02646165
0,004020156
-0,01680327
0,02688748
-0,02514661
0,002956962
0,02547871
-0,004487713
0,01739038
-0,02060725
-0,02791695
0,02444777
-0,01019385
-0,01716143
0,01743722
-0,0214447
-0,02012609
0,00394756
0,008332643
0,02948557
0,01260637
-0,02014575
0,01078219
-0,016673
-0,008842162
0,008415246
0,02006053
0,006189418
0,003404942
0,0103098
-0,00411582
-0,02506439
0,01141725
-0,02031477
-0,02253292
-0,005064675
-0,02970511
-0,028999
0,01288073
-0,003471955
0,003981117
0,02877718
-0,0110343
-0,004272066
-0,02238532
0,01540906
0,02550893
-0,01616647
-0,02078767
-0,01870455
-0,01915509
-0,01249153
0,005296981
-0,0005284793
0,007497346
0,0244759
0,02405948
0,03059021
0,005782587
-0,002920939
0,0135419
-0,01077554
0,02255302
-0,0228887
0,01407398
0,02769869
-0,01705243
-0,02000225
-0,02467499
-0,00769911
-0,02185328
-0,02113475
0,02177009
-0,01820996
-0,004341096
0,01436922
0,02157227
-0,01489137
-0,02433741
0,006282745
0,01328181
0,006071176
-0,00310463
-0,007910911
-0,0006803921
-0,0216837
9,994092E-05
-0,01804782
0,002815884
-0,01639674
0,00162213
-0,02958267
-0,004169908
-0,01420447
0,0135942
-0,01547588
-0,02377498
-0,0182565
0,01220251
-0,01942706
0,002544189
0,01572094
-0,02133488
0,01761596
-0,02677369
-0,0279465
-0,003568645
-0,006389269
-0,02618199
0,02374188
-0,02707531
0,008990594
0,02490694
0,03009566
0,01433179
-0,02254135
0,02286726
0,0003948992
0,008351436
0,005694023
-0,002505268
-0,02904798
0,007702721
0,02233559
0,02126929
-0,02224934
0,01370054
0,006046248
-0,001205169
-0,01887381
0,008047401
0,009739548
0,003442811
0,02574388
-0,0261846
0,02826742
-0,002583906
0,009936824
-0,01110155
-0,002706156
0,01251045
-0,0234475
-0,02185915
0,00972633
-0,0193494
0,02325762
-0,02392093
-0,003704147
0,001995707
0,006132395
-0,007682845
0,00649224
0,004014282
-0,02345897
0,01367719
0,001575654
-0,02199845
-0,01304652
0,02698264
0,02607528
-0,01103634
0,02102188
0,0254256
0,02329133
-0,01435136
-0,006296466
-0,0245061
0,02976624
0,02630733
0,01667928
0,01065153
-0,01704415
-0,01852475
-0,01895072
0,02377134
-0,009099929
0,02337606
0,02855232
0,01165829
0,02860232
-0,02834857
-0,0126052
-0,02596526
0,02325725
0,01941763
-0,02841531
-0,02419797
-0,003059034
-0,01796199
0,002806611
0,02024598
-0,01954004
0,01354535
-0,006537322
-0,02166753
0,02211262
-0,01823321
-0,01450796
-0,005889291
0,01758277
0,01777522
-0,02305339
0,0005961901
0,01592041
0,0260901
-0,02064692
-0,004970344
-0,007023843
-0,01661888
-0,007225643
0,008796371
-0,01994758
0,005897983
0,02897964
0,02442372
