0,03040507
0,02818192
0,01732669
-0,002070315
0,007010008
0,02323629
0,02104041
-0,002751514
-0,01180316
0,01175044
0,001013194
-0,02495909
-0,003201087
0,02250529
0,004753097
-0,01315465
-0,02858681
0,02533843
-0,00316649
-0,01622752
-0,02844284
-0,01183589
0,001581409
-0,01704317
-0,02183207
0,02141377
-0,001413763
-0,01107883
-0,009519967
0,001858187
-5,97549E-05
-0,01755548
0,004726491
-0,009900819
0,02941769
0,02301882
-0,008655091
-0,01463128
-0,0290986
-0,0006976591
0,01584024
0,02690604
0,008500424
-0,02065208
-0,02885405
-0,02809189
-0,001992775
0,02694134
-0,01253511
0,02597688
-0,01957408
-0,01626613
0,008972724
-0,00454029
0,02645694
0,01224166
-0,003516474
0,004338676
-0,01020881
0,01617835
-0,005389729
0,002136147
-0,02323244
0,0169867
-0,01815571
-0,01138535
0,0009532985
-0,02328707
0,02371609
0,012348
0,02613106
0,01661811
0,02439429
0,02812432
-0,001420105
-0,02468364
0,01033831
-0,00770455
-0,01813607
-0,02365473
-0,006552933
0,002302997
-0,02849616
-0,004868311
-0,008565931
-0,01378734
0,004069415
-0,02075836
-0,005705996
-0,01285388
-0,003535595
0,01757247
0,02621042
-0,0146663
-0,02530997
-0,01632137
0,02014613
0,02215484
0,02810058
0,01311976
0,001559897
-0,008696919
-0,02679368
0,005742915
0,03046719
-0,005781486
-0,01022181
0,01140824
0,02752594
0,02115207
-0,02801079
-0,02576533
-0,007523514
-0,01645781
-0,007216616
0,02291958
0,0006572235
0,01226559
-0,004437041
0,02627377
0,01513734
-0,00832477
0,01302225
0,006590754
-0,01406453
-0,02138624
0,02113592
0,00913239
0,0234767
-0,01506427
-0,01423624
0,0189055
-0,005245871
-0,0006790005
0,005266546
-0,0279297
-0,0008852386
-0,00368317
-0,004709718
0,02772696
0,02687723
0,02319636
-0,01767994
0,003700598
-0,01482055
-0,007928877
-0,004983809
0,01266744
0,02314614
-0,01767957
0,01359662
-0,02214713
-0,003401558
-0,02812446
0,02854605
-0,02041378
0,00862224
-0,002926383
-0,0102853
0,02174257
0,003763418
0,01122206
0,01840729
0,01264633
0,005338474
-0,01623796
0,01011087
0,02373866
0,00873081
-0,009469421
-0,006146484
-0,02569817
-0,01301144
-0,001428552
0,0299012
0,02256074
-0,02049598
-0,02051283
-0,00849516
0,02458393
0,01419015
-0,02162974
0,01628355
0,01095478
0,001677772
-0,02207631
-0,007963451
-0,007024889
0,001202246
-0,004577057
-0,006148763
-0,02831876
-0,02362557
0,003848878
-0,006359079
-0,01458555
-0,02534477
0,00030314
0,02887388
-0,02868456
0,01246405
0,001720786
-0,02613446
0,002601313
0,01888464
0,008683137
0,02086961
0,02816838
-0,02798181
-0,02411158
-0,02978567
-0,0007978989
-0,02450921
-0,004217134
-0,02238097
-0,004694723
0,02542704
-0,02265442
-0,0195201
-0,00273576
0,02217818
-0,01287609
-0,007545257
-0,01658659
0,02750577
-0,008080978
0,02857827
0,01402999
-0,02485833
0,01489079
0,01785085
0,009561416
-0,01909846
-0,01021168
-0,01839446
-0,01771707
-0,02551074
-0,01616465
0,02236168
0,02291426
-0,01312202
-0,006099548
-0,009657767
-0,004796693
-0,00513348
0,02482995
0,02639844
0,01106417
-0,003814211
0,02870723
-0,009479717
0,02785282
-0,01035486
0,001131418
-0,02076396
-0,005577552
-0,02131971
0,02063295
0,00495053
-0,003480597
0,0115108
-0,0228373
0,02332677
-0,01176553
-0,01153845
-0,008833158
-0,01181912
0,01624869
-0,01608249
0,02561283
-0,009314228
0,01139141
-0,01482798
-0,01203366
-0,01915512
-0,001405387
0,02743931
0,02776025
0,01907565
-0,02719918
-0,003835409
-0,01300004
-0,01230729
-0,02356397
-0,006447343
0,02055065
-0,009939947
0,01000422
-0,0200651
0,01711892
-0,02677041
-0,01583988
0,009096916
-0,004039193
-0,01818752
-0,02077934
0,0007208856
-0,02800137
-0,02340477
-0,026492
0,006369577
-0,0199938
-0,003119866
0,0005488306
0,007046043
0,008900306
0,01179766
-0,02921775
-0,01015868
0,01129826
-0,002308664
-0,01891584
-0,0288071
0,002593717
-0,02996342
-0,006793861
0,0202484
0,01671765
0,02462269
-0,001682639
-0,02904421
0,008143946
0,005943784
-0,002717671
0,02291047
-0,02299944
-0,02762138
0,01984499
-0,02418893
-0,02917519
0,02814737
0,02493743
0,02087956
0,01472259
-0,004436082
-0,01468932
0,02032846
0,01621119
-0,00121905
0,0147606
-0,02181799
-0,01141771
-0,01032436
-0,0007900069
-0,01107788
0,02168189
-0,01783878
-0,02389295
-0,004424302
0,0185553
-0,01101314
0,01421557
-0,02271207
0,008449089
-0,02803217
0,02778344
0,00381632
0,02986805
0,007856024
-0,0003255501
0,006717726
0,02260528
0,0252768
-0,01129053
0,01380624
0,002835188
-0,009073568
-0,01360455
-0,02439196
0,01405491
0,002755947
-0,02761544
-0,01311778
-0,02036918
-0,01067616
0,01257534
-0,01180936
-0,02441925
-0,02331976
-0,0301404
0,02459686
0,02621151
-0,006205795
-0,01204508
0,01197238
-0,01715215
0,01653788
-0,01851597
0,01232102
-0,001411143
0,01216871
0,02107807
-0,02136352
0,02951234
-0,0225416
-0,01439234
-0,006482054
-0,02960662
0,0157087
0,01619538
0,0002518072
0,02576074
0,03068229
0,01150975
-0,01520209
-0,01568318
-0,004448324
0,02676288
-0,01292227
-0,01145643
0,008756778
-0,002045396
0,02145614
0,006640404
0,005762463
0,01106329
-0,001992896
0,006734282
0,00599104
-0,001084165
0,01519625
-0,02319114
0,002282094
0,005612503
-0,02987064
0,01091048
0,02361784
-0,01380542
-0,02967246
-0,02739669
-0,01126887
-0,011894
-0,008927813
-0,00816216
0,0003625635
0,02974484
0,026454
0,01321514
-0,02808626
-0,003962211
0,01719766
0,02032219
0,02502187
-0,006131936
0,02050912
-0,01541878
0,02988231
0,001630564
-0,0065791
-0,003074208
0,01733907
0,01647418
-0,006063474
-0,01481788
0,0300881
-0,008966647
-0,009385917
-0,007905469
0,009029235
0,001829544
-0,01065209
-0,02182856
0,02555325
-0,01719218
0,02987638
-0,01039087
-0,02510216
-0,001995649
-0,02548904
0,003831604
0,01328337
0,01272873
0,001584379
-0,02275698
0,01157353
0,02514984
-0,01820952
-0,02208208
0,01512054
0,01677767
0,01323627
-0,006459815
0,02573483
0,006225019
-0,01212357
0,002851164
0,02488671
-0,02468646
-0,008040801
-0,02088298
0,008105444
0,00345383
-0,02632474
0,0009663902
-0,02279414
0,009599501
0,02531689
0,01239815
-0,005679742
2,605041E-05
-0,02192348
-9,700842E-05
-0,004974332
0,01727226
0,01176078
-0,03003168
-0,01907312
-0,01619341
0,003089887
-0,02633568
-0,02328485
-0,01933115
0,006394346
0,02228899
0,01912978
0,0250777
-0,01872334
-0,01296206
0,02291428
-0,007261132
-0,007724018
-0,03262443
-0,02525133
0,02341708
0,02685188
-0,02206398
0,008274195
-0,029744
-0,02933234
-0,0275601
-0,03013263
0,001517483
0,01683719
-0,01191865
0,01043868
-0,01673742
0,02878801
-0,02317178
0,02361699
-0,01393398
-0,008661355
0,01035637
0,003715744
-0,01131559
-0,02741411
-0,002897656
0,02845506
-0,01691696
0,01262026
-0,01899449
-0,003702843
0,005446946
0,01705445
0,02807497
-0,02691988
-0,0234261
-0,008581795
-0,001492595
0,0195796
0,0006510642
-0,01021876
-0,02179762
-0,01837981
-0,0008109627
-0,02838868
0,004246531
-0,006450206
-0,01303953
-0,0203177
0,003277675
0,02554293
-0,02766401
-0,007772507
0,004275468
-0,02963426
0,01140597
-0,006742691
0,01403985
0,02157649
-0,001819434
-0,01680331
-0,001633379
-0,00835097
0,02266982
0,008588249
-0,003902307
0,01540542
0,01710657
-0,01769566
0,001019378
0,02034312
-0,0006182962
-0,01195065
-0,006963091
0,02788052
-0,01782863
-0,002135543
-0,02523695
-0,01269915
-0,001827762
-0,02790283
0,00961043
-0,02851421
-0,02342084
-0,01712256
-0,009513678
-0,02175559
-0,02206887
0,02364685
-0,0117
0,01159349
0,00625651
0,005405615
-0,01265156
-0,01237147
0,02049953
0,01748012
-0,01099822
0,01973169
0,004095743
0,01605011
0,004833487
-0,02832376
0,006701594
0,01032752
-0,007752763
0,01125871
-0,0304402
0,007790219
0,01926994
-0,01403886
-0,01039331
0,0006030423
-0,002754613
-0,001053256
0,002945829
-0,004429962
-0,016914
0,006597081
-0,01459022
-0,01338013
0,006452195
0,02433717
0,02502147
0,0212515
-0,01443307
0,02518405
-0,02923208
-0,02421166
-0,0234125
-0,005611726
-0,02374248
-0,01652407
0,01244394
0,008830854
-0,004714811
0,004841163
-0,007023032
-0,008805628
0,01491999
0,004686048
-0,02268703
-0,001184953
-0,02819182
-0,0291538
-0,01198227
-0,02633191
-0,02151847
0,0172473
0,01074359
-0,01012572
0,002740056
0,01192421
0,002502616
-0,01467094
-0,02141583
0,009065118
-0,02364692
0,01559752
-0,005489496
-0,0003401761
0,01239277
0,02492365
0,004234325
-0,001648907
-0,01916572
-0,02403082
0,01702579
0,01725345
-0,02722802
0,0288554
-0,02588828
0,02153375
0,02216019
0,01134299
-0,02017356
-0,02112151
0,02311273
0,0251493
0,002381025
-0,01873889
0,01545564
-0,01869961
-0,007251285
0,01317072
0,01928604
-0,007432877
0,009040968
-0,007392529
-0,005477323
0,01309332
-0,005564732
0,003826895
0,02249475
-0,01744961
0,01879286
-0,02027
0,02200321
0,0003029802
0,01784258
-0,02108551
-0,01717604
-0,008670613
0,01326947
0,01014641
-0,01401643
0,01135032
0,01926885
0,01998308
-0,02561543
-0,03129908
0,01753483
-0,01661458
-0,01377103
-0,01229603
0,01740406
0,001292042
0,001916649
0,01960346
0,006809479
0,01941275
0,0007322684
-0,003742574
-0,008574262
-0,008614981
0,005423686
0,0006702118
0,02796413
0,009383891
0,0225007
0,0302936
-0,01438555
-0,01134963
-0,02419289
-0,008031935
0,0260611
-0,008477021
-0,005486347
0,009390952
-0,005993044
-0,02504848
0,00118788
0,01524969
-0,01694924
-0,00883346
0,02189958
-0,02226195
-0,01486454
0,002202634
-0,00557491
-0,01581408
0,002899733
-0,02951155
0,02357251
-0,03441097
0,003655878
0,01604887
-0,03019663
-0,01055173
-0,02709427
0,01331333
0,01478382
-0,01924612
-0,03122977
-0,02289587
0,01792517
0,0002332227
-0,02135374
0,02335405
-0,009923739
-0,004387759
-0,02209061
0,02481147
-0,00314632
0,001679644
-0,01192029
0,01571536
-0,01814926
0,02930948
-0,001261121
-0,003347491
-0,01779587
-0,008839916
-0,01627055
0,006855032
-0,005190193
-0,01651142
-0,00758297
-0,02538127
0,01220901
-0,02591371
-0,01082855
-0,03044112
-0,0006272691
0,005594737
-0,01102124
-0,01387649
0,01029472
-0,02820396
0,003599966
-0,01163883
0,02583884
-0,009134659
-0,01800329
0,02635982
-0,02827634
0,005342219
0,000364231
-0,009899416
0,007577199
0,02070648
0,004419973
-0,0306918
0,02311752
0,009770179
0,004083048
-0,007650533
0,02880065
-0,006020244
0,01462362
0,00427644
-0,02259163
-0,02801383
-0,01872736
-0,01443736
-0,02458945
-0,02226632
-0,005075154
0,02131866
-0,01844623
0,02940527
-0,02882121
-0,02375657
-0,005687198
-0,02275958
-0,002304549
0,0196927
-0,02320672
-0,01714865
-0,0005115598
0,01433742
0,007559587
0,02739828
-0,008448989
0,0171694
-0,001048382
-0,01577047
-0,02842995
0,01806406
-0,03245067
0,02343426
-0,01404888
-0,01569651
-0,01487195
0,02452539
-0,02546264
0,01988326
-0,02514715
0,02510413
0,02188918
0,02596967
-0,01950849
0,01033488
-0,0227629
0,01163203
0,02302639
-0,001858958
0,006173914
0,01890303
-0,01709281
0,01704556
-0,01287644
0,0151918
0,02505723
-0,02975099
0,02797948
-0,01913017
0,01146128
-0,004957572
0,01725889
0,01873825
-0,02655302
0,006011767
0,02116308
-0,01331099
0,01011529
0,01274197
0,01643236
-0,005051096
0,02619855
0,0009943119
0,004639005
-0,02511101
-0,012804
0,0007054664
-0,003599461
0,02081536
0,01292775
0,009360225
0,02190297
0,02506124
0,003640031
-0,01827699
-0,001791285
-0,02342642
0,002576822
-0,0013052
-0,01143433
-0,01772512
-0,03308107
-0,0337295
-0,02190076
0,0123069
-0,0229304
-0,02697911
0,02076638
0,006880199
0,02203686
0,02666973
-0,02781711
-0,01849742
0,01383969
-0,01684392
0,02320896
0,01199527
-0,01733159
-0,01784051
-0,00237539
-0,00456844
0,002728741
-0,02568835
-0,003889767
-0,02772357
0,0008954327
0,01965013
-0,01913602
0,01842782
-0,02780922
0,009303329
0,01011244
-0,02463797
-0,01274285
-0,004943494
-0,01008745
0,0227597
-0,01346624
0,01613044
0,02314267
-0,0206206
0,001361498
0,01558743
0,02361471
0,01422374
-0,001849012
0,007400813
-0,02519819
-0,01487823
-0,01620214
0,01381246
0,02142768
-0,01144386
-0,02770039
0,02562138
0,01271287
0,0245754
-0,0007098937
-0,02180778
-0,01604749
-0,007673532
0,02570985
-0,02410406
0,00732125
-0,01682007
-0,01350444
0,02744739
0,02399437
-0,01076332
0,02242751
0,03025255
-0,005545625
-0,004805225
-0,01268566
-0,01479965
0,02011767
0,01330597
-0,02449816
0,008027999
-0,001346813
0,01982361
0,007714354
0,01721175
-0,004829085
-0,02278718
0,007661858
-0,01878135
-0,0338739
-0,01564188
0,00613708
-0,01010345
-0,01647568
-0,02835102
-0,003941645
-0,002101477
-0,01864655
-0,01046544
-0,0284941
0,006507697
-0,007659789
-0,001482308
0,01075513
0,02003769
-0,002127806
-0,01137562
-0,003969692
-0,001239257
-0,02850243
0,01682523
-0,02351777
-0,02590661
0,02164961
0,02726699
0,0143219
-0,002197491
0,01503632
-0,02354314
0,01104619
-0,0006812778
0,005579231
-0,02695972
0,02817558
0,004949515
0,0103805
-0,003146858
0,01053669
-0,0118334
0,02493549
0,01657835
0,02867115
-0,00798198
0,001946014
-0,007857236
-0,02553584
0,01895804
0,02737408
0,0103085
-0,01780619
-0,03095827
0,006678187
-0,02903387
-0,02692347
-0,02691227
-0,02932948
-0,005220437
-0,006621947
-0,01639594
-0,01725756
-0,03734628
0,006517071
-0,03362607
0,007662283
0,006919818
-0,02947963
-0,006876951
0,005789456
-0,02097991
-0,02215326
-0,02878169
0,01164762
-0,02085357
0,01001999
-0,00769721
0,02208314
0,0177884
0,001714216
-0,001090979
0,02071472
0,02361859
0,0002209588
-0,02870804
0,02291586
0,008876113
0,01850529
-0,0006500013
0,02626388
0,01935445
-0,004519913
-0,0244045
0,02236536
-0,01251181
0,02401141
0,02131975
-0,03322472
0,01843143
0,004808393
0,01616427
-0,0203424
0,004535018
-0,02325693
0,01213187
-0,0009248823
-0,0273749
-0,01967082
-0,01123782
-0,01768844
0,003003331
-0,024479
-0,01888109
-0,03740577
-0,03945277
-0,008889135
-0,008408938
-0,006221819
0,004826093
-0,01974848
-0,02721989
0,01957038
0,007585469
0,002655401
0,0199524
0,01993974
-0,02411996
-0,01943959
-0,004568256
-0,01468561
0,01617243
-0,009267685
-0,02837323
-0,01986822
0,01174351
-0,01341963
-0,01726693
0,01169725
0,01559715
-0,0004436501
0,01228087
-0,01183423
-0,01359796
-0,02826661
-0,02012128
0,001607636
-0,02940213
-0,02933403
0,0195869
0,01413309
-0,009821925
-0,0153494
-0,01833771
7,10139E-05
-0,003147956
0,02388586
-0,004504244
-0,03453114
-0,01937301
0,01506614
-0,01227362
0,01852557
0,01324023
-0,027358
-0,003042113
-0,0155718
-0,02328437
-0,02676952
-0,02130876
0,009348986
-0,01756019
0,01473097
0,01382459
-0,01580545
0,002728846
0,02097769
0,006190036
0,006585923
-0,006376526
-0,01084563
0,016021
-0,02569912
-0,009931056
0,008364611
0,02187667
-0,003171456
-0,02483265
-0,003863118
0,01053202
0,01531041
0,013658
-0,02241782
-0,009920969
0,01923436
-0,02535368
0,01286484
-0,00770117
-0,02944082
-0,00876344
0,012217
-0,01921895
0,01560823
0,009050062
-0,02941661
-0,006426923
-0,0008059585
-0,006074382
-0,03938662
-0,03850326
0,003184232
-0,01699314
0,01601897
-0,001361432
-0,04302721
-0,03380365
-0,01817988
0,001480856
-0,02322499
-0,01743131
-0,02320348
-0,0174522
0,01809733
-0,0008814376
0,004006273
-0,028617
-0,01845054
-0,002826509
0,02810004
-0,01934127
0,02100511
-0,004294888
0,002684483
-0,01715128
0,00761472
-0,02584068
0,02637022
-0,007496601
-0,01527657
-0,02036358
-0,01375409
0,02466656
-0,02535518
-0,006176675
0,02932063
-0,007193326
0,0151783
-0,005532253
-0,01365818
0,00705083
0,01065602
-0,03315906
-0,02993562
0,006348924
-0,0229737
-0,006365004
-0,01081766
-0,02063448
-0,03545371
-0,03837411
-0,0226055
-0,03519584
-0,005036444
0,007857969
-0,03384169
-0,02516505
0,008673067
0,005115229
-0,03467275
0,01900131
-0,02252661
0,02145599
-0,007928683
-0,0240473
-0,02564585
-0,01113219
-0,01450167
-0,004687529
0,005059042
-0,01631007
-0,01352228
0,01362899
-0,02152045
-0,01225559
-0,003017131
0,01803066
-0,01022405
0,02374364
-0,02745641
-0,01891535
0,01005792
0,009290525
-0,01382021
-0,01882885
0,02097593
-0,0219581
-0,01342537
-0,01704409
-0,01868751
0,009712184
0,0005291685
-0,0327253
-0,01570613
-0,01408462
-0,009516651
0,01066938
0,002511631
0,01993573
-0,008663614
0,01308788
-0,02907376
0,01908509
0,002565653
0,01268516
0,004188487
-0,008816761
0,019955
-0,02133574
-0,01630558
-0,0147982
0,02069539
0,02059435
0,008058648
0,01983907
-0,01788888
0,003758881
0,0110225
-0,01807568
-0,01489417
0,02909943
-0,03191853
0,02772403
-0,01802999
0,0211692
0,007916979
-0,01400678
-0,007273265
0,0171546
0,02196722
0,01217532
-0,02109635
-0,009092205
-0,01038692
-0,02027325
0,02921247
0,01172513
0,02609885
-0,007437249
-0,003841048
-0,01362268
-0,02446695
-0,03422497
0,0164765
0,01476379
0,01026642
0,004746601
-0,01787293
-0,01079455
-0,03653179
0,01259386
-0,03939795
-0,01551401
0,00156456
-0,008796744
0,009382125
-0,02873109
0,007556621
0,01473597
-0,0237513
-0,008189602
-0,02228273
-0,02178841
-0,009614184
0,005832025
-0,01976796
0,002719488
0,003912718
-0,002066007
0,02236871
0,004882998
0,008127509
-0,01402427
0,01434852
0,02774715
0,0203656
0,03039972
-0,02470433
-0,006598122
-0,02546638
0,02759765
0,025867
0,02351008
0,01100188
0,02858531
0,0058296
0,01222864
0,009324676
0,01617556
-0,01421509
0,01339182
0,02307211
-0,02909236
-0,02553212
0,0270272
-0,02761751
0,02107152
-0,002563535
-0,02471264
-0,002742276
-0,0274236
-0,03415866
0,007398166
-0,0057704
-0,01500637
-0,03080262
0,008196389
0,003498418
0,006117435
0,007406312
0,01766701
-0,02554742
-0,0104011
0,0150355
-0,01726095
-0,0005168425
-0,01404766
-0,0009153442
-0,006312446
-0,02667346
-0,0006768166
0,02191208
0,01611955
-0,01883002
-0,02294951
0,01119119
0,005226214
-0,02286592
0,01687112
0,02015202
0,02323154
-0,005732352
0,02199141
0,01672904
0,02098259
0,02017817
-0,02609449
-0,01399659
-0,0175798
0,0138987
0,01685586
-0,03159805
0,021852
-0,03073182
-0,006558442
0,004267448
-0,001988033
-0,01941575
0,01589781
-0,01430613
0,009929285
-0,0151155
-0,0359313
-0,03366857
-0,03990195
-0,02205823
-0,02206656
-0,002010494
-0,008348289
0,01111968
0,00344527
0,007681734
0,02169147
0,02053054
0,01846567
-0,004278331
-0,0157584
0,004016369
0,02349533
-0,005443712
-0,004800062
0,02767741
-0,0132292
0,01035805
-0,01548019
-0,001916816
0,02802491
0,01346023
0,01516886
-0,001074239
-0,02237448
-0,01227497
-0,01607344
-0,01019684
0,0290279
-0,005644026
-0,01345239
0,01094471
0,007881792
-0,002620257
-0,002895634
-0,005951472
0,01498182
-0,008794373
-0,02642406
-0,02574079
-0,02956801
-0,03609621
-0,02563026
-0,04093856
-0,01989055
0,01792899
-0,01781288
-0,01519754
0,01557458
0,01049843
-0,03348318
-0,01279099
0,01716526
0,004082945
-0,01230127
0,0005209966
0,01793395
0,02583141
0,007328732
-0,01124061
-0,004350636
0,002661613
0,02413245
-0,005309094
-0,02121625
0,001966407
0,0241916
-0,006664382
0,0234715
0,02874497
-0,01938074
0,02374702
0,003466155
-0,02267641
-0,008914672
0,02604894
-0,0001544688
0,01325897
-0,02522005
-0,02070107
0,02588429
0,01441822
-0,01235019
-0,0265001
-0,01563888
0,01715842
0,01508226
-0,03006051
-0,02291004
0,0242213
0,001206793
0,01398892
0,007367285
0,007657714
0,001680541
-0,006456837
-0,03695716
0,006331543
0,01122207
0,008130388
-0,03979672
0,01604668
-0,002441016
-0,03552328
0,006102871
-0,02018342
0,01846326
0,0141225
-0,01579057
-0,005768589
-0,02315787
-0,02361247
0,02278139
-0,0002448587
-0,005414079
0,01131687
-0,01863334
0,01865554
-0,0229583
-0,0105322
0,01423605
0,02153092
-0,01585788
0,02793602
-0,007128477
-0,009924324
-0,02223662
0,01650326
-0,005111196
0,01808797
0,01940581
0,009213097
0,01904844
-0,01661332
-0,0245986
0,02677524
-0,02553903
-0,01436579
-0,00850756
-0,03387901
0,02108002
-0,03480237
0,009363923
0,00237237
0,009507381
-0,01446381
0,01326288
-0,02731693
-0,02144478
0,01535027
-0,02112355
-0,02298292
0,005982917
-0,00551534
-0,02887511
-0,02649346
0,008310818
0,006188884
0,005432377
-0,01186998
-0,02306
-0,02361175
-0,01083447
-0,001729604
0,007979726
-0,003513213
-0,01410489
0,009015332
-0,008864955
-0,004589358
0,002842413
0,02298542
-0,005745613
-0,02420086
-0,007775117
0,01116129
-0,02786194
0,0001365978
-0,02214125
0,0266405
-0,005382663
0,02097723
-0,01068534
-0,003873369
-0,007056427
-0,003723432
0,02533115
-0,01263478
-0,02569232
0,02180174
-0,01924432
-0,007906425
0,001743845
-0,04075057
0,01164826
0,008425447
0,001231684
-0,02579871
-0,03768525
-0,02045065
-0,03110764
-0,02111545
0,01937752
0,01884471
-0,01162388
-0,007718886
0,0189715
0,002345238
-0,02349703
-0,006059311
-0,02261257
-0,01974989
-0,001823048
0,0110339
0,02713136
-0,01432407
0,0135597
0,02375688
-0,0274748
-0,02284362
-0,0002243778
0,02902294
0,0008780995
-0,004098375
-0,02096203
-0,03084324
-0,02083367
-0,009572266
-0,01815243
0,004288748
0,02916154
0,01360053
-0,00511609
0,01626693
0,016117
-0,02676027
0,02577609
-0,003948574
-0,03100033
0,02395388
0,00192734
-0,01304671
-0,03179746
0,001240211
0,00764763
-0,04026978
-0,04230018
0,01854746
-0,03600199
-0,005450572
-0,03459402
0,009394014
-0,02586653
0,01993844
0,01522483
-0,02419005
0,01282206
-0,004332399
0,01543057
-0,00595646
-0,01275044
0,001497669
-0,009661378
0,00440275
-0,004211943
-0,008053488
0,01523765
0,01266508
0,02581236
0,02113051
-0,009661989
-0,01155569
0,02193662
-0,02462804
0,0004697137
-0,02344786
0,01879195
0,01880514
0,008032187
-0,02505698
0,02631679
-0,02302389
-0,01656019
0,004207309
-0,002180895
-0,0227652
-0,004513647
-0,002954934
0,02189305
0,002191342
-0,01712381
-0,01140073
-0,004331436
-0,004160872
-0,00209992
-0,03975684
0,01617307
-0,007503583
-0,02403113
-0,01672997
-0,02227045
-0,02041018
-0,03646842
-0,02184462
-0,01849434
0,01298995
0,02613232
-0,02157203
-0,004739816
0,01262336
-0,009730841
0,02748191
0,01964945
0,009768716
-0,002137759
-0,02264453
-0,01137256
0,01698856
-0,02470957
-0,0142961
0,02307376
-0,01325552
0,01754507
-0,009614089
0,001368724
0,02204521
0,009524036
-0,01513896
-0,006101464
-0,007037528
-0,02511786
-0,01628358
0,0003680516
-0,01995199
0,01405317
0,0007875308
-0,03063015
0,02484318
-0,01322866
0,007712008
-0,0235401
-0,01953875
-0,03846017
-0,03066121
-0,02741974
-0,02180219
-0,004504867
0,01664047
-0,0341091
-0,01198335
0,005362209
-0,02660715
-0,01017093
0,02209593
-0,003941325
-0,03320823
0,001916239
0,0126276
0,0145303
-0,00767941
-0,02581515
0,009258746
0,01242225
-0,03016462
0,006431271
-0,02507594
-0,004516199
0,00700005
0,02321881
0,02317077
-0,02734361
-0,009758892
-0,002805244
-0,008877576
-0,02772753
0,0009694896
-0,01580988
0,007297483
-0,02586507
-0,0230668
-0,01626901
0,01134604
-0,02385634
0,02154683
0,006898952
0,02372512
0,01803622
0,002424072
0,009679182
0,01427473
-0,0311747
-0,01304361
-0,02226522
0,01686508
-0,002284605
-0,006509621
-0,003499127
-0,0404503
-0,008900744
-0,03167989
0,01701408
0,02154469
-0,03317811
-0,02366787
-0,008519769
-0,009438454
0,01374678
-0,02674004
0,02755969
0,02870838
0,01598964
0,02656806
0,007289173
0,002541998
-0,02317793
-0,007670716
0,0004136608
0,01817822
-0,007834816
0,01286567
-0,01299228
0,02230745
0,02436534
-0,02491126
0,0201392
0,01121742
-0,02576047
-0,00105703
0,01089674
-0,001775262
0,02348031
-0,01989647
-0,0298585
0,02457751
-0,01898861
-0,01530515
0,009011468
0,0259483
-0,004033814
-0,02067068
-0,02684709
0,006547552
0,001740822
0,006042454
-0,03818247
-0,03320397
0,00344555
0,001909613
0,008454567
-0,02549108
-0,03719152
0,009447925
-0,0007573484
0,01479638
0,01787573
-0,03068981
-0,02867608
0,02698055
-0,009088808
0,01510658
-0,01126713
-0,01686315
-0,006605731
-0,00275597
-0,0271023
0,002173708
0,02172066
0,01011791
-0,01082253
0,02103202
0,0136367
0,002981337
-0,009549356
-0,02187352
0,004078958
0,004708979
-0,01499328
-0,02110942
-0,02704295
0,01403812
0,02700191
-0,008604616
0,008959659
-0,007359091
-0,005862182
-0,02613357
0,003367946
-0,01747745
-0,02439771
-0,02642841
-0,02771498
0,004542816
-0,001971276
0,0042018
0,01325878
0,01483628
-0,02187347
-0,0320378
-0,001313221
-0,01244851
-0,02636625
-0,03639828
-0,01806955
0,02185528
-0,001643282
-0,002976553
-0,005567937
-0,00211283
-0,0147305
-0,01380461
0,01687684
0,02482009
0,02369727
0,008739091
0,01717365
0,02663991
0,002938602
0,02652504
-0,02978754
0,02587552
0,02595361
0,006737262
0,003695909
-0,02037687
0,01044369
-0,02964723
0,02759978
0,009377795
-0,01650832
0,009899848
-0,0166935
-0,02507579
-0,00493754
0,0004473052
-0,004789505
0,02213464
-0,03012451
0,0112506
0,02132022
0,02222948
0,002347735
-0,02935311
0,02384079
0,0130589
-0,01943962
-0,02516896
0,005983666
0,01594004
0,01568877
0,01911166
-0,01742581
-0,01448956
-0,02866849
0,01040828
-0,002643238
0,001969008
-0,003512771
-0,02053061
-0,01428719
-0,002238708
0,000521399
0,01921852
-0,0172862
0,006057238
-0,03051496
0,01009574
-0,003911012
-0,00968884
-0,02065699
0,02187645
0,02473941
0,01913377
-0,02863276
-0,02701084
-0,01353826
0,01812237
0,007014316
0,01223255
0,01606441
-0,00515204
-0,01575465
-0,03168995
0,01239581
-0,01437601
-0,014791
0,02084655
-0,03282331
0,01163006
-0,03410921
0,01566508
-0,01093381
0,01124791
-0,009210315
-0,01224698
-0,0119823
0,01143659
0,01355413
-0,01897529
0,009359756
0,004441771
0,01050529
-0,01156179
0,01105061
-0,03391866
-0,03315668
-0,002194487
-0,01256223
-0,02883063
-0,002542198
0,01357962
-0,03163106
0,01480435
-0,007143068
0,02005601
-0,01854285
-0,001854426
-0,0266458
0,02665219
-0,01195517
-0,02389632
0,009713205
0,01101364
-0,01004435
-0,01104448
-0,005063926
-0,02604289
-0,007851776
0,005298322
0,005360842
-0,005885737
0,02584088
-0,01776583
0,02125772
-0,02440854
0,005491246
0,01858954
-0,01741114
0,0100372
-0,01826274
0,01178399
-0,003060524
0,01919773
-0,02153291
-0,0228755
0,01268873
2,687748E-05
-0,0148937
-0,008051432
-0,03164363
0,01533174
0,005061442
0,01906827
-0,03161093
0,006968952
-0,03357024
-0,02572684
-0,02782336
-0,008163638
0,002939821
0,02622492
-0,02247399
0,01274706
-0,004864335
-0,02984402
0,01695932
0,01405442
0,02099909
-0,01234018
-0,01657172
-0,009089075
-0,01738363
-0,008772247
0,01142318
0,002483387
0,003064983
0,01321816
-0,006265964
-0,02558838
-0,001757499
0,01507458
0,006684584
0,01276721
-0,006967548
0,008595231
0,008603034
-0,03171138
-0,02232684
-0,02284732
-0,03244232
-0,007212124
0,008687331
0,01249074
-0,03294879
-0,02036043
-0,005983298
0,00986307
-0,01117606
-0,02770372
-0,01558267
-0,04017116
0,00581564
-0,03088695
-0,01328734
0,0169018
0,008204117
-0,008779309
-0,02164874
-0,002885968
-0,02567559
-0,01245925
0,01272447
-0,02973982
0,0270133
0,0197607
-0,01339976
-0,007847498
-0,01054801
0,01635106
-0,00890559
0,01599058
0,004231896
0,01118943
-0,01599203
0,01474477
0,004782686
-0,007851825
-0,01603479
-0,00713227
0,02597114
0,01279648
-0,02071312
-0,02547988
0,004360718
-0,008446148
0,02336049
-0,002178996
-0,006124719
0,001032955
0,02224563
-0,02037617
0,01243414
0,004111225
-0,0382366
0,007213814
0,006654107
0,005497914
0,01093104
-0,02606615
0,01765542
-0,03212069
-0,01271493
0,002581254
0,01923274
0,005788077
-0,003572793
-0,02711325
0,0208121
0,002418983
-0,01806828
-0,01101
-0,02060495
0,02021799
0,00211185
-0,007187008
-0,02515892
0,005031432
-0,005262091
0,004661094
0,02472928
0,01604603
0,027878
0,01739528
0,02054851
-0,02468398
0,0281725
0,02381698
0,007878141
-0,004058152
0,02733091
0,01838375
-0,002331763
0,02494492
-0,01061208
0,01410873
-0,01492599
-0,003317324
-0,01700873
0,02232751
0,02004604
0,01297006
0,002943824
0,0124816
-0,02068486
-0,001031
-0,03235776
0,01894691
-0,03398035
-0,002375506
-0,002488102
-0,03173229
-0,02072247
-0,02477892
-0,01635821
-0,02262721
-0,02046489
0,005572406
0,02050336
0,01384208
0,01060089
0,0046493
-0,00421485
-0,00681699
0,006952161
-0,005291158
0,01797161
-0,01924832
-0,002054081
0,01744563
-0,02273459
0,004716175
-0,01153058
0,0008197207
0,01213532
-0,02416821
-0,02404905
-0,02391452
-0,0009512173
-0,01762929
0,02832836
-0,03087887
0,01486477
-0,03194156
0,01650276
0,01554156
-0,002389638
-0,01898422
0,003828428
-0,02434196
-0,0005294361
-0,0002264656
0,001233104
-0,01072161
-0,02902358
-0,02063729
-0,0155431
-0,02284467
-0,02752064
0,01224196
0,006765014
0,01315122
-0,008791551
-0,0180345
-0,006326954
-0,0307336
0,01770191
0,01474957
0,0001856385
-0,01895107
-0,02554209
-0,02442546
-0,01872293
0,007068811
0,01589616
0,01170776
0,01956945
-0,00301998
0,005092322
0,01934709
0,02641578
0,003308232
0,003140371
-0,01123493
-0,01348944
0,00301144
0,02624748
0,01879712
-0,01235643
-0,004713996
0,01360951
0,02067076
0,02426935
0,005245169
-0,005568748
-0,02853409
5,599744E-05
-0,00446999
-0,0004790274
0,01179258
0,02443599
0,007211122
0,004867457
-0,01614393
-0,03809365
-0,01371509
-0,01401618
0,02084804
0,002155823
-0,01390408
-0,01663927
0,01157113
0,0009705924
-0,0156902
0,01893913
-0,02321671
-0,01509938
-0,02578055
-0,0307573
0,02534384
-0,02369773
-0,02973139
-0,002308857
-0,02386608
-0,003305263
-0,01578189
-0,0217198
0,002867702
-0,02030624
0,01120976
-0,01979092
-0,006942353
0,02615329
0,0225863
0,02469011
-0,01371862
0,02251476
-0,02128746
-0,01472733
0,01888101
-0,02270785
0,02556741
-0,02439005
0,01632226
-0,03318023
0,01922698
-0,01887151
0,003289592
0,01285213
-0,01829244
0,01072609
-0,0136908
-0,01329992
-0,003990232
-0,002483953
0,01556761
-0,02675522
-0,007159834
0,01420654
0,006281624
-0,02531685
0,008029759
0,01107701
0,02135195
-0,01793448
-0,03498482
0,02065786
0,0105678
-0,005395571
0,007278813
-0,0125487
-0,02039653
0,02310995
-0,02070974
0,01658264
-0,0195829
0,02347049
0,007235087
-0,02248891
0,006981911
-0,02762636
0,005813131
0,02054435
0,02666702
0,02852528
0,01979852
0,02905833
-0,008912543
-0,01357726
-0,02916847
-0,02738859
-0,01130875
-0,01464991
-0,002076274
0,004206454
-0,01341597
-0,02315928
-0,02158593
0,001550251
0,02529427
0,02265636
-0,008395304
-0,03007971
-0,03437942
0,01476974
-0,008340674
-0,01180879
-0,0277636
0,007035196
-0,01523792
0,02042287
-0,0083972
-0,01509833
-0,02158787
0,007872708
0,001949978
0,02367528
0,01881331
-0,03238587
-0,003088018
-0,03006321
0,003251761
-0,002074061
-0,006157089
-2,42185E-06
-0,03165359
0,02436249
-0,006799485
0,005010622
-0,001128149
-0,02653542
0,01501244
-0,02423868
-0,01871389
0,01289795
0,007007482
-0,0004208424
0,01537163
-0,02783034
-0,005137646
-0,009546168
0,01511442
0,004529795
0,02018886
-0,03049105
0,003386572
0,02648525
-0,03208997
0,01338542
0,02338749
-0,01445703
-0,01863603
-0,02945746
-0,03644291
0,01312301
-0,02167735
0,01599579
0,001176837
-0,006918101
0,01407588
-0,001543163
-0,03467436
-0,002222037
-0,02284913
-0,02070042
-0,02492958
-0,01008778
-0,02434549
0,002393913
-0,02582118
-0,02444429
-0,01809267
0,01804297
0,002766909
-0,02710686
-0,01444824
0,02888957
0,006797404
-0,006097551
0,0286986
-0,02665288
0,02551998
0,008734962
0,009339985
-0,02061225
0,01954453
0,007193486
-0,02946289
-0,01331779
-0,007999851
0,009709487
0,0188981
-0,01834777
-0,0232059
0,01480376
-0,01293866
-0,02178591
-0,01328257
-0,001081686
0,01544841
-0,02441979
0,01304646
-0,008103114
0,001659935
0,009014216
-0,03478317
-0,01533046
-0,009330179
0,01766696
-0,005476889
-0,02090655
-0,01837819
-0,02372938
-0,009247418
0,01075122
0,006390127
-0,01283215
0,02199561
-0,02573668
-0,0008610659
0,005497014
-0,007480619
0,02338345
-0,02202252
-0,006247355
-0,01223961
-0,03151156
0,009932839
0,0175826
0,01616045
-0,02231104
0,01147098
-0,02469032
0,006119194
0,02041269
-0,01148397
-0,001430343
-0,0296538
0,02230676
-0,02589516
-0,005346888
-0,02649629
-0,02990285
0,007953376
-0,02961726
-0,01015034
0,001048033
0,007592062
-0,01299842
-0,02601902
0,02270062
-0,02215433
-0,02598194
-0,03913052
-0,02710631
0,007019638
0,01038778
-0,0281878
-0,03450482
-0,01788846
-0,03669476
0,003142791
0,00504751
-0,02887039
-0,008337375
0,001366636
-0,02540584
0,001984122
0,009989601
-0,0006663287
-0,01883494
-0,007803845
-0,02538069
-0,02771609
-0,02455011
0,002629836
-0,008545428
-0,01634624
-0,02460416
-0,02732849
0,01595879
-0,01068918
-0,00858953
0,01291973
0,02177237
0,02652784
0,001582341
-0,0243179
-0,00479818
-0,02497495
-0,003577014
-0,02021742
0,01811144
-0,00649974
0,02693477
0,007686744
-0,01522319
0,01443764
-0,02250188
-0,009869167
-0,02307855
0,02198803
0,02299715
0,008628018
0,01291542
-0,005683901
-0,0357976
-0,03708379
0,0128485
-0,003866747
-0,02086336
-0,005247918
-0,02884104
-0,0297853
0,0003504146
0,009964026
-0,01298401
-0,03320941
-0,01243333
0,002553328
-0,02698705
-0,02459599
-0,01879876
0,006841476
-0,02810296
-0,03097878
0,003048938
0,00766194
-0,02594849
-0,005075149
-0,01694602
0,002325755
-0,0266987
0,01200884
0,02307116
0,02114471
-0,007136311
0,003396131
0,02186734
-0,01116848
0,01808871
-0,006619905
-0,01987007
0,01895451
0,01348345
0,01858246
-0,03165534
0,006744382
0,0131758
-0,02066608
-0,01472628
-0,0165644
-0,005851739
-4,81069E-05
-0,02375211
-0,03754362
0,000600502
-0,01833212
0,003967138
0,009006456
0,01787815
-0,01084218
-0,0355261
-0,009835239
-0,01201404
0,0169696
-0,00278652
-0,007392894
-0,01860221
0,0179358
-0,008411539
0,01728201
-0,02077001
-0,02863829
0,01416939
0,01276742
0,0247012
-0,006537552
0,02299552
-0,01916484
0,02742683
0,02268918
0,02343726
0,02291973
-0,02407595
0,02602735
-0,02595051
-0,00442785
-0,005923574
0,01874154
-0,02222255
-0,03018613
0,01846168
-0,03028546
-0,01162917
-0,008869235
-0,01020503
0,01020513
-0,007974261
0,02183922
-0,0147407
0,002579496
-0,007873731
0,01963295
0,01404198
-0,007728186
-0,03242779
-0,01565079
0,01589568
-0,00566101
-0,02909024
-0,02047633
-0,01363971
-0,006848409
0,01715993
-0,02909263
-0,001545678
-0,02571845
-0,01090705
-0,003660173
0,01480114
-0,0261298
-0,02925681
-0,004745806
0,009114788
-0,0096358
0,0278874
-0,02291592
0,01106755
-0,007912555
-0,01031031
-0,01800319
0,03044869
0,03048648
0,02174564
-0,00893666
-0,002282456
0,0273324
-0,02772922
0,003241061
0,01701693
0,00654916
0,001959013
0,01993862
0,00985111
0,02376239
0,0007924965
-0,02098252
-0,02622779
-0,02090883
0,01178306
-0,02075523
-0,01333369
0,02391501
-0,02737167
-0,02428256
-0,008537315
0,01260771
-0,0275094
-0,01343406
-0,006933121
0,02205337
0,004642209
-0,006918882
-0,02208279
0,02049023
-0,01821582
-0,007458965
0,00936088
-0,0003057065
0,007914199
0,007043886
-0,0263986
0,01640206
0,008993033
-0,02253022
0,00261571
-0,01691713
0,01677375
0,01698943
0,01505283
0,01318732
0,03094064
-0,003704085
0,006110662
-0,02414862
0,02171339
-0,02834622
0,02135316
0,00668427
0,01803835
-0,002749272
0,01089493
0,004463927
-0,02968651
0,01764128
0,01988934
-0,03352611
-0,001715703
0,00732354
0,0004458549
-0,02707029
0,001378985
0,002856752
-0,001149628
-0,03054037
-0,03227744
-0,01044168
-0,02544031
-0,04304565
-0,00061079
-0,02135099
-0,02855192
-0,008251878
0,006934153
0,01327087
0,02549887
-0,01468225
0,02222516
-0,02333789
-0,02753325
-0,01568067
0,004872752
-0,02621368
0,0134739
-0,01986442
0,02600973
-0,0004863707
0,01524572
0,02252387
-0,01314096
0,002602293
0,01035998
-0,02653883
-0,02015537
0,005092354
-0,02144973
-0,007560295
0,01930441
-0,003851447
0,02650617
-0,01376572
0,01341122
0,02021544
0,02329199
-0,004633657
-0,01526136
-0,02209575
0,01558447
-0,02405307
0,01353945
-0,001511109
-0,02585853
-0,006738004
0,0008467501
-0,0141573
-0,002392987
-0,01239279
0,01180454
-0,01507712
-0,02966609
-0,004830966
0,004023401
-0,0140214
0,006415034
-0,02885082
0,005294212
-0,02651892
-0,01462529
-0,02318857
0,008761788
0,007384426
0,0002523705
-0,001090649
-0,01717789
0,01718981
-0,0008342202
0,01398354
-0,02186282
-0,01384241
0,02470711
0,01474029
0,01059296
0,004549635
-0,02599203
0,01468519
-0,004938944
-0,01747339
-0,006200724
0,01526223
0,02757907
0,007288552
-0,001467854
-0,007197985
-0,01794089
-0,01279856
-0,0007600387
-0,01398225
-0,02742033
0,01272307
0,01320621
-0,02747867
0,01845502
0,0101605
-0,006234426
-0,02703547
-0,03768805
0,0001036323
-0,02672422
0,008264553
0,01120557
0,008887547
-0,02030227
-0,0008172978
-0,005645327
-0,008278956
0,02415253
-0,02107071
-0,01267073
0,02862433
0,01293672
-0,003010816
0,01506629
0,002375825
-0,02164254
-0,02785147
-0,023143
-0,02318963
-0,01432286
0,02353076
-0,01270883
-0,0194889
0,008308096
-0,008111448
-0,001340744
0,01686526
0,02103492
0,02657391
-0,02786784
0,02067108
0,01131188
0,01604545
0,02840521
0,003266493
0,02333963
-0,02271467
-0,01423632
0,01917261
0,01687581
0,009161144
-0,01747173
-0,01675139
0,02451311
-0,02950877
-0,03661329
-0,02079891
-0,01420999
-0,01811536
-0,006928434
-0,01586006
-0,03590989
0,01367139
-0,0199487
-0,01654919
-0,004003075
0,007227032
-0,01874795
-0,03385985
-0,02321402
0,01620248
0,00918424
-0,02830983
-0,01913817
-0,0009550308
-0,01384814
0,02593441
-0,000685402
-0,02106107
0,01023182
-0,02762361
0,0166239
-0,01333989
-0,0116845
0,003274853
0,003216782
0,03048596
-0,01917386
-0,0001416186
-0,01233403
-0,02285597
-0,00911555
-0,001245788
-0,007780686
0,004358257
0,01661569
0,01670624
-0,005657621
0,004053682
-0,0352635
-0,02766084
0,01795786
-0,01770871
0,007397378
-0,03262555
-0,03521403
-0,02084277
-0,03331858
-0,01156715
0,008208922
-0,0350523
0,009563878
-0,02604512
0,0008021638
-0,007033729
0,005036623
0,01289173
0,002581185
0,01772236
0,01589769
0,0008948114
0,002754497
0,0145805
0,01171165
-0,02925722
-0,007077154
-0,02106664
0,009699697
0,004543422
0,01083648
-0,001304783
0,0008582797
0,02284094
-0,02094731
0,00185869
-0,02013778
-0,000249922
0,0031371
-0,01750885
-0,001132231
-0,01585787
0,02152325
0,0088156
0,009714828
-0,0204988
-0,01435843
-0,02328748
0,0156779
0,01585377
0,0202929
-0,03667514
-0,02381778
0,00149486
0,01371602
-0,007389885
-0,002428863
-0,02988481
-0,003251088
0,001764683
-0,0009474629
0,01518497
-0,003490482
-0,008081305
0,009749219
-0,01829335
-4,372418E-05
0,02475287
-0,02817373
-0,02199125
-0,01163877
-0,02087516
-0,01514924
-0,007022291
-0,009873115
0,002826666
0,01003311
0,02184894
-0,02480649
0,001242453
0,01405255
-0,01441583
-0,006981325
0,01998243
0,009849912
0,01056577
-0,01221389
0,02508401
-0,0263821
0,01084763
0,02711141
-0,0293698
0,02399418
0,019662
0,0003545677
0,004283465
0,005077544
-0,01284951
0,01780489
-0,01584497
0,000253516
-0,01634936
-0,03349933
0,003823819
-0,006390774
0,007532867
0,009761832
0,01129356
-0,02048088
-0,02227793
0,006297986
0,002386438
-0,04090721
-0,03937438
0,0165319
-0,01515267
-0,006284967
0,01499424
0,01931432
-0,0234801
-0,03117584
0,008427094
0,02461562
-0,007735945
-0,01792099
-0,01135668
-0,01393864
-0,007615097
0,02029672
0,0141892
0,02606309
-0,008770265
-0,0294353
0,01672024
0,02662208
-0,004710238
-0,01745952
0,01430986
-0,008982448
0,02743818
0,02564927
-0,0001987125
0,008580028
0,01789514
0,02436149
-0,01761792
-0,02973082
0,01832206
0,01973567
-0,02652328
-0,02978462
0,01449637
-0,01140561
0,006051431
-0,02188919
0,01358633
-0,0186419
-0,0008364909
-0,01185802
-0,03037561
-0,01546537
-0,01756742
0,01543212
-0,01067309
-0,02256665
-0,01414478
0,002692488
-0,02523231
-0,03135516
-0,002050499
-0,0222765
0,01314875
-0,002286105
0,02554738
-0,01880736
0,001923516
-0,02850763
-0,02579252
-0,001552162
0,03012466
-0,01254125
-0,004535629
0,0009726228
0,01240935
0,008393497
-0,0236272
0,02616036
-0,01126933
0,002099371
-0,02683025
-0,02868314
0,002647071
-0,01268087
-0,01955178
-0,0002271305
0,001620181
0,003386536
-0,02487935
-0,001267046
-0,003355924
-0,001491585
0,01247719
0,009292577
-0,01220315
0,02000334
-0,02154633
-0,02024291
-0,009390255
-0,008974852
0,003558558
0,01342286
-0,02223621
-0,03205058
-0,01619811
0,01243792
0,02141117
0,01071015
-0,02408546
0,01376154
-0,02789688
-0,005641089
-0,01190065
0,01204234
-0,03108108
-0,001835477
0,006116661
-0,002849996
-0,01584326
-0,005318071
0,009508823
0,02978263
0,02598373
0,005706875
-0,0304375
-0,002204843
0,001701309
0,01211466
-0,01835028
0,01704532
-0,01077912
0,01502684
-0,003988981
0,01837548
0,01767749
-0,01841527
0,01354906
-0,006400479
0,02186558
-0,012127
-0,001521156
0,01157455
-0,01489955
-0,02179778
-0,01719283
-0,03734845
-0,02942314
-0,03816958
0,002771882
0,01053383
-0,02127154
0,01068227
-0,03431155
-0,03560317
0,009262011
0,003636353
0,01641209
0,005539516
-0,02957231
0,0177065
-0,01882582
-0,01764336
0,004587094
-0,005394503
0,0006962958
-0,005574118
-0,03043812
0,0009088513
0,02445765
0,02002677
0,01530389
-0,01545794
0,004167906
0,02533713
0,02283825
0,02514944
0,01032309
0,01351436
-0,01201966
0,03005649
-0,01064599
-0,0007884444
-0,0301957
-0,008821789
-0,002215075
-0,002589397
0,007330357
-0,009510941
-0,032254
-0,02755476
-0,01450435
-0,02843117
-0,01548244
0,02238719
-0,03536635
-0,02410041
-0,03306113
0,0118743
-0,0004148805
0,01241358
0,01718686
-0,003974658
-0,03266799
0,01350944
-0,03435393
-0,03534105
-0,0225899
-0,02723047
-0,02606086
0,01378067
-0,03621122
-0,02560944
-0,008848506
-0,02329297
0,006389396
0,01729617
-0,01429027
-0,01509253
0,02909121
-0,02631665
0,0187202
0,01166572
0,001994182
0,01730875
-0,0003239718
0,01125241
0,02838347
0,009849854
0,02376025
0,008332978
0,01914556
0,01867577
-0,02865418
-0,004225045
-0,02849167
0,01127331
-0,01075998
-0,0238148
-0,01333512
-0,007857202
-0,02065342
-0,004586475
-0,02289849
-0,0268968
-0,03091718
-0,02784317
0,003751726
-0,03289731
-0,02305023
-0,02758959
0,02001697
0,01041128
0,01407169
-0,005177143
-0,03838744
-0,02286821
-0,0342545
-0,01834354
-0,01651744
-0,01375121
-0,03299927
0,001773618
-0,01472254
0,002279663
-0,02622644
-0,019519
-0,02388584
0,02593439
-0,02374702
0,02410362
-0,0001904025
-0,02118892
0,02784426
0,003445992
0,02133354
-0,01041342
0,0007774599
-0,005586087
0,01194513
-0,009950863
-0,03002479
0,02148924
-0,008303395
0,01091198
0,008060594
0,02830095
0,02468212
-0,007842781
-0,008462822
0,01618632
0,008616062
0,02622841
0,0115511
0,02142943
-0,01556529
-0,0003515806
-0,02554644
-0,003230778
-0,03584296
0,01313241
-0,03788188
0,005208445
0,0224998
-0,01795752
0,001582354
0,01132227
0,01536857
-0,02109825
0,007161497
0,007771295
0,01023
0,006432131
0,006890738
-0,02929742
-0,01026572
-0,01976984
-0,01848406
0,006266405
0,02464583
-0,025942
-0,01391715
0,01092249
0,002495322
-0,01024866
-0,01621211
0,0008774363
-0,008219601
-0,02907917
-0,01719269
-0,01602693
-0,02110955
0,02349026
-0,009823647
0,01942659
-0,01230655
-0,01559844
0,01983672
-0,03240953
0,02708432
0,02062365
-0,0275124
0,003780767
0,007489746
0,006125354
-0,03597383
-0,03718158
-0,0194538
0,005448982
-0,003234936
-0,03171713
-0,01637039
-0,004795796
0,001138211
0,01491594
-0,00440338
-0,01695443
-0,02633643
0,003514637
-0,03054343
-0,0243588
-0,007220695
0,01947041
-0,02430184
-0,002831218
0,001937252
0,01838985
-0,01302102
0,02209119
0,01394666
-0,02565156
-0,01027103
-0,01779936
0,006683618
-0,02640901
0,0297509
0,01054065
0,03010494
0,02340151
-0,0120303
-0,01755771
-0,01790314
0,007743226
-0,00430631
-0,02606954
0,02048128
0,004200612
-0,01980033
-0,005627204
-0,01836464
0,0272306
-0,02728813
-0,02063363
0,02016315
0,01431191
-0,01028385
-0,0222045
-0,007761559
-0,02762491
-0,03053625
-0,02644911
0,006357222
-0,01561874
0,02060653
-0,01320988
0,00378164
-0,03046782
0,01838007
0,002719401
0,02000755
0,02139923
-0,01459005
-0,01367277
-0,009931594
0,02270294
0,02612268
0,01849364
-0,005650729
-0,02967307
0,009187062
0,02731753
0,00807232
0,02446053
0,008825879
0,01840247
-0,02684963
-0,02073359
-0,00758318
0,02038773
0,01101758
0,0150883
-0,01878436
0,01972847
0,01691943
-0,02491404
-0,00156184
0,01340978
0,005706156
0,02653502
-0,01334261
0,01224725
0,006838829
0,0003223126
-0,007899384
-0,01762483
0,0004703016
0,007950382
0,01383533
0,02152698
0,01200414
-0,003839837
0,01016465
-0,0154217
-0,008651546
-0,03530995
-0,01235728
0,009307744
0,01137306
-0,02359924
-0,01038839
0,0004889847
0,008682957
-0,02879023
0,02493054
-0,01878072
0,01383315
0,001003404
0,001415788
-0,01392289
-0,004671532
-0,01671284
-0,01756735
-0,002151193
0,0140889
0,02834564
-0,009829584
-0,0250765
-0,00203805
-0,007210346
-0,01711411
-0,01139583
-0,01100797
-0,003745321
-0,02929583
-0,02338193
0,02469069
0,01392429
-0,01200604
0,008120636
0,00140186
0,008370111
0,02559726
-0,007107117
0,001211618
0,008062435
0,02333105
-0,003377521
-0,001467621
-0,02346477
-0,004898892
-0,03425427
-0,02637679
-0,005726618
-0,01136024
-0,00788785
-0,02219982
-0,01535715
0,004000094
-0,007178956
0,009164177
-0,01141268
-0,01713891
-0,009568105
0,02634339
-0,02681568
-0,01348089
-0,01174843
-0,02615717
0,01946074
-0,0123631
-0,03094789
-0,01996383
0,02135252
0,01135079
0,01680621
-0,01285486
0,01628864
0,02493651
-0,02712604
-0,02845472
0,01763786
-0,0008489185
-0,0156218
0,02139497
-0,02034428
-0,02399638
0,01402501
0,02669556
-0,002683954
0,01696984
-0,0003689236
-0,03157425
0,01649227
0,02071703
-0,0280843
-0,01831437
-0,005148902
-0,01161436
-0,01165886
-0,01344743
-0,003815385
-0,01319031
0,004293863
0,01257987
-0,0103489
0,01082225
-0,0185666
0,01488685
0,005504424
-0,02246581
-0,002199189
-0,005978976
0,007039963
-0,002203916
-0,03262589
0,02798628
-0,02463884
0,00390737
0,01875474
0,02944361
0,0004503455
-0,009624144
0,005816108
-0,02799426
0,01627351
-0,02963191
-0,00608319
0,02852645
0,004287193
-0,002361683
0,0151324
-0,01263865
-0,00213224
0,0093283
-0,005576761
-0,0133537
0,01222865
-0,009713621
-0,009026051
-0,01473212
0,01231074
0,02286768
-0,01711486
-0,02318799
-0,02118217
-0,0313269
-0,01323441
-0,01953293
0,0149941
-0,03014028
-0,02791036
0,01607733
-0,005341548
-0,01652921
0,01139041
-0,02405728
0,0157636
0,007274466
-0,031015
-0,007469738
-0,008043739
-0,01172296
-0,01504483
-0,01816171
0,0005250691
-0,0154365
0,03061044
-0,03040852
-0,02535812
0,00987408
-0,01715095
0,01202981
-0,01801654
0,00176634
-0,01691546
0,007212072
-0,02432201
-0,004595226
0,02040417
0,01068209
0,01036232
-0,0237012
-0,02526224
-0,007298054
-0,01758665
0,01640855
0,009479497
-0,03162349
0,01492773
-0,02286668
-0,00570473
-0,03119767
-0,01942778
0,01796813
0,01361273
-0,01367613
-0,002174145
-0,03654036
-0,000703318
0,0170767
-0,03371527
-0,02231059
-0,02973479
-0,02639119
0,01571088
-0,006842259
0,008699337
-0,03104276
-0,02307488
-0,02067198
-0,02607382
-0,006351209
0,02042503
-0,004692927
0,0189421
-0,008566992
-0,01267781
0,02124765
-0,03041646
0,01468531
0,00661551
0,02733213
-0,01638863
0,02592568
-0,01805762
-0,01653395
0,000670014
-0,007454752
0,01440327
0,02033098
-0,02867852
-0,02583864
0,01639464
0,02474407
0,005606316
-0,009221748
0,0232468
0,02182316
-0,001345029
0,01341866
-0,0290323
0,003211848
0,01432944
-0,001962456
-0,03531068
-0,03244109
-0,02887394
0,007644189
-0,03976996
-0,01419209
-0,03448906
0,002842892
0,02241005
0,01660371
-0,02284883
-0,03409728
-0,0338621
-0,02164716
-0,0387487
0,004849525
0,02435103
-0,01104916
-0,009115862
-0,007662226
-0,0189092
-0,02575039
0,008066232
0,02726416
0,02125365
-0,0005507877
-0,003487291
-0,005712315
-0,007955537
-0,01517529
0,0131414
-0,02777319
-0,01799472
0,01504672
0,02644762
-0,01975515
-0,02350691
0,01385902
-0,008111323
-0,01199562
0,01444374
-0,008467311
-0,02534316
0,0213655
0,003732067
-0,002856986
-0,01509215
0,009527016
0,01937277
0,01701066
0,01202594
0,007582788
-0,02271926
-0,01389184
-0,02076416
0,01678186
-0,01713199
-0,03060305
0,01657964
-0,01276124
0,01729454
-0,0008093591
-0,01927914
0,006380405
-0,02614231
-0,01769227
0,02189527
-0,01671195
-0,01397863
0,01881262
0,003814046
-0,01683102
0,02767384
-0,02828245
0,009468805
0,02289571
0,02884177
0,01560079
-0,005974556
-0,006449733
-0,01548716
0,01832364
0,0038062
0,004900223
-0,0009464428
-0,02644906
0,02066779
0,01890377
-0,001837575
-0,03007366
0,01768597
0,02779592
0,01850464
0,01962584
-0,01247378
-0,0270577
-0,02896025
-0,01243986
0,009397217
-0,01580281
-0,0003971364
0,02449467
-0,01302725
-0,03374329
-0,02307068
-0,00634784
0,001557544
-0,03200887
0,003198058
-0,0173535
0,01343708
-0,005730516
0,004740121
-0,008114665
-0,01959264
-0,02563628
-0,02729633
0,008494446
-0,01562582
-0,02394375
-0,003759666
-0,02521528
0,02027465
-0,01267284
-0,02946874
0,005086536
-0,006499354
-0,02394596
0,01290334
0,005340354
0,02034069
0,009585219
-0,026344
-0,02252719
0,02197998
-0,01038817
-0,001500007
0,001459351
-0,01047428
0,0268643
-0,007041876
0,01254727
-0,02524317
-0,02654087
-0,02964582
-0,02200617
-0,01759571
-0,0133678
0,005192155
-0,02550928
0,02245366
-0,01401594
-0,03007614
-0,000376268
0,0128251
-0,007492644
-0,03369872
-0,03779684
0,02191496
0,001973119
-0,0341203
-0,007667945
-0,01257682
-0,03243427
-0,002227717
-0,02042561
-0,001488495
0,000449874
0,007190271
0,02533235
0,01060382
0,005292823
-0,007867689
-0,01204002
0,01206127
0,01385099
0,02873866
0,01428727
-0,01719602
0,0201783
-0,009774745
-0,02404855
-0,0008562888
0,004423888
0,009933166
0,001104207
0,005181932
-0,002713286
-0,01315891
-0,005334644
-0,0154581
-0,003603021
0,0009047764
0,01233249
0,02042661
0,01968501
-0,01395909
-0,03094992
-0,0006739105
0,0155885
0,003649365
0,005284367
0,005495233
0,007795119
-0,008834991
-0,01564093
0,02312067
0,008070809
0,01566443
-0,03248739
-0,01349524
-0,02096213
0,01230659
-0,02697937
-0,01890307
-0,03562531
-0,03084871
0,01778119
-0,004193746
-0,02855123
0,008907444
-0,02693765
-0,01316424
-0,01655032
0,009748804
-0,01538173
-0,027158
0,01061455
-0,00242551
0,02113136
-0,002789709
0,02821056
-0,01818358
-0,005212068
-0,01795111
0,01123447
-0,004803592
0,01612893
-0,02387155
-0,0114524
0,002726801
0,01769316
0,001532772
-0,01988705
0,02751495
0,02581724
0,00850476
-0,009414928
-0,00683448
0,01834332
0,01244123
-0,00866052
-0,001341616
-0,003062993
-0,0279189
-0,003458286
-0,01449617
-0,01042752
-0,03379112
-0,02751968
-0,02381998
-0,02399783
-0,01818415
-0,03291893
0,003745727
-0,003644975
-0,02779197
-0,008840472
0,02593919
0,005365207
0,004192612
-0,01387796
0,01254523
-0,02272517
-0,00356327
0,02123435
0,0007991513
-0,02247245
-0,01249668
0,0122032
0,005073547
0,01141137
-0,01430214
0,008369169
-0,02648938
-0,02933136
-0,006330582
0,009563132
-0,01387609
0,009312455
-0,01035806
0,02954385
0,009490003
0,02222591
-0,03112024
-0,01501919
-0,002021152
-0,002911475
-8,919778E-05
-0,006408938
0,01762239
-0,01505387
-0,006981682
0,01492693
-0,02080027
-0,004781647
0,008164591
-0,009379658
-0,03233363
-0,02064961
-0,03767957
-0,02549201
-0,02829782
-0,015175
0,002488761
0,00121032
-0,03430561
0,00574255
0,02827478
0,008879118
-0,0235047
-0,003848956
-0,02423528
-0,01149637
-0,01494901
0,004319364
0,00539295
0,02018908
-0,02281208
-0,02077159
-0,01043841
-0,03040676
0,005775598
0,02193442
0,02287043
-0,01219101
-0,01422268
-0,002432549
-0,008552623
0,003321693
-0,01274057
0,02814925
0,003643041
0,02940175
0,004313211
-0,02577778
0,01830734
-0,01270452
-0,0159629
-0,007024654
-0,01482847
0,01935047
-0,001699998
0,02188327
-0,01635018
-0,01218454
-0,02163386
-0,02736418
-0,00482236
0,004985626
0,01888819
0,01571988
-0,01991303
0,02066687
0,02367647
-0,03160319
0,006429962
-0,01384343
-0,002403967
-0,009494408
-0,01052761
0,001714083
-0,0144602
-0,005472516
-0,01028615
-0,02390185
0,02273516
-0,02386027
0,0135443
-0,02065393
0,01361706
-0,01571329
0,004615461
0,01295007
0,02271138
-0,003103813
-0,002324914
0,01137895
0,001733284
0,0005085882
-0,02398096
-0,02090556
0,02615303
0,01038377
0,005876832
-0,006456473
0,008495179
0,005304859
-0,03117516
0,002090533
-0,002787497
0,001380148
0,01948996
0,02191662
-0,02992559
0,008949925
0,001966286
-0,02763838
-0,0004850011
-0,02358032
-0,004808488
-0,02958169
-0,01269719
-0,01157143
0,02480958
0,008481159
-0,01259449
0,005674796
-0,02632601
0,0008568801
0,004688947
0,02516082
0,01516252
0,02865412
-0,0177579
-0,02075681
0,007826062
0,006293522
0,01700233
0,0251932
-0,001241567
-0,01504481
-0,02604737
-0,01884001
0,01068936
-0,02104973
-0,007501273
0,009153813
0,007729678
-0,02107082
0,02130741
-0,009316327
-0,02393231
-0,01163103
0,02799001
-0,03035044
0,01513535
0,0007175981
0,01138322
0,02851268
-0,02404234
-0,02959324
0,003705582
-9,482326E-05
0,0248582
0,0004889533
0,01616039
0,0186454
0,00851169
0,0209094
-0,02946091
0,02683965
-0,01404689
0,007683549
0,01110891
-0,01662314
-0,03026715
-0,01896865
0,01169178
0,01865927
-0,01224149
0,007572129
0,02854965
0,02591982
0,009114387
-0,01681403
0,01967763
-0,003099276
0,03002261
-0,01868085
-0,005534194
-0,0244909
0,02363533
0,01967957
0,01876792
-0,004399677
0,01090997
0,001784918
-0,01658707
-0,02265594
-0,01081996
-0,0004947006
0,02513042
0,01238473
-0,02823779
0,01935713
-0,02953045
-0,003522008
0,004599297
0,01465091
-0,03031807
0,003338809
0,01919841
0,0220109
0,005215663
-0,005912594
-0,02763455
0,005705512
0,01927991
0,01157568
0,01034123
-0,0111066
0,01953365
-0,001574545
-0,00183784
-0,03122904
-0,02350092
0,0003953779
0,02101963
-0,01203524
0,004771343
-0,001371813
0,02959717
0,004538394
-0,00161087
0,01791271
0,01389191
-0,01500845
0,02289477
0,01918704
-0,01726547
-0,007451427
0,02190665
-0,01483043
-0,01984749
0,02019771
-0,01465373
0,02922605
-0,02154286
-0,009256904
-0,009495092
-0,02939535
0,009214425
-0,0004534821
-0,005736181
0,02820086
0,005475563
-0,005945
-0,01816966
-0,02967584
0,01261898
-0,0001934843
0,005410716
-0,01462617
-0,02256195
-0,0005382872
0,003848265
-0,01719546
-0,007512209
0,01978614
0,01080949
0,0164565
0,01316783
-0,0296442
-1,639244E-05
-0,01022244
0,00115775
0,008691244
-0,008526818
0,009971063
0,01543233
-0,02219342
-0,008672671
-7,533488E-05
0,02755711
0,002331491
0,01965273
-0,001865433
-0,0189953
0,001048701
-0,01871738
-0,01125632
-0,02811763
0,02065913
-0,02494187
0,01182691
0,01648749
0,004395056
-0,02563925
0,007211932
-0,0170543
0,02975732
0,003482173
-0,01426244
0,006260175
-0,000560804
-0,01541579
0,005812102
0,0281662
-0,02941829
-0,004279002
0,02849351
-0,02769527
0,002245392
-0,01441804
0,004190247
-0,02129176
-0,0254862
-0,0125593
0,004686565
0,01183843
-0,02435307
-0,02931487
0,02261429
0,01129613
-0,005599279
0,01775649
0,02730308
0,02869418
0,01907764
0,00478405
0,02590885
0,002956995
0,01394371
-0,003296905
0,01505584
0,003698755
-0,02548171
0,02312154
-0,001952976
-0,01160424
-0,01563036
-0,0002228335
-0,02168461
-0,02631414
-0,01773133
-0,01557418
-0,0008532114
0,002543412
-0,0008988921
0,001578956
0,009669174
-0,01427901
-0,002937936
0,02456231
-0,02567857
0,02406712
0,009301119
0,003874359
-0,02012749
0,01179209
-0,01264319
0,005488454
-0,02235114
-0,003853458
-0,0003330846
-0,005221766
-0,01149164
-0,02572379
0,0001617928
-0,03045025
-0,02709435
-0,0196963
0,01996918
-0,01025054
-0,0009411961
0,00937734
0,02655951
0,02042336
-0,001072466
-0,02003834
-0,0116916
-0,006563025
-0,0005819485
-0,01204741
0,02561899
0,01109952
-0,0234996
0,01989984
-0,007922138
0,02108601
0,02542088
0,0001232443
0,01130952
0,01582044
0,02986497
0,007371813
-0,01022684
0,01036769
0,002908883
0,01662573
0,02391245
-0,007263313
-0,03039073
-0,003509259
-0,003799986
-0,004276643
-0,005912051
-0,02299266
-0,004986834
-0,003267981
0,0272669
0,0171743
-0,02530333
-0,03056376
-0,007734196
0,02375554
-0,02440996
0,0198669
0,00053234
0,01791687
-0,01289263
-0,0001949152
0,0128981
0,01156658
-0,02294001
0,00590536
0,002123069
-0,02401862
-0,009964619
0,02251708
-0,01127176
-0,0142173
-0,01220709
0,01353309
-0,01277336
0,02668045
-0,005868642
-0,02676519
0,0224866
-0,0003762761
-0,01214405
0,03005007
-0,005498209
0,02557102
0,02249108
-0,02381302
-0,006236062
0,01000065
-0,007611129
-0,02566411
-0,000240158
-0,001361937
-0,02241862
0,0132948
-0,002784171
-0,007913177
0,009026647
-0,01190882
-0,01154059
0,02024873
0,02238061
-0,01407939
0,01605871
0,001460741
-0,02384952
0,01033366
-0,001414906
-0,009109843
0,01185373
-0,004791791
-0,0002588858
-0,02739271
0,02884741
-0,02765705
0,002091221
-0,01011804
-0,02276994
0,01929345
0,02024833
-0,02892411
-0,01863124
0,02313323
0,01406861
-0,01399963
-0,007467129
0,02108232
-0,02149001
0,004906643
-0,0140734
0,02535473
-0,01244711
-0,02441947
0,01419823
-0,02865426
0,00634709
0,03057973
-0,01745312
0,02166445
0,01755776
-0,02054281
0,005585658
-0,0293823
0,02665069
0,02568846
0,003751475
-0,00390357
-0,001103414
-0,02566256
-0,0192091
-0,02358285
-0,01527667
0,01911664
-0,002250224
-0,01240323
0,007712602
-0,03107896
0,002857457
-0,0003165165
-0,0208208
-0,01356752
0,004081332
0,02642136
-0,02265857
0,01955799
-0,02025775
-0,004127814
-0,009334167
0,02875802
-0,002576089
0,002158127
-0,02265215
-0,01394457
-0,02808828
0,01051622
-0,003824258
-0,01832751
0,02746641
0,01892676
0,01294662
0,02741215
-0,007941559
-0,02601256
-0,00645508
-0,02136045
0,009844134
-0,002114662
0,007225179
-0,004144539
-0,007146281
0,005812932
-0,003668192
0,01188485
0,0108567
0,0001284303
0,00554391
0,009814721
0,02405251
-0,02284904
0,0159524
-0,0225763
-0,02509885
0,000373235
0,006624207
0,009226061
0,02946651
0,02919371
0,01787737
0,01808218
0,02226383
-0,002773384
-0,02668173
0,01567315
0,01922877
-0,0157434
0,02587004
0,0003238185
0,00289531
0,02917411
-0,02036625
0,01240201
0,01928828
0,02555205
0,005889867
0,02221459
-0,02411586
-0,003860261
0,005643928
0,002255651
-0,02505409
0,01679874
-0,01192643
0,0201228
-0,0271481
0,005254909
0,02222471
0,02163034
-0,003000588
0,0143549
-0,02130865
0,01040939
0,01026559
0,01886488
0,003424824
0,02583704
0,002233163
0,01141435
0,02392691
-0,002896146
0,004971853
-0,02465653
-0,02326848
0,02536555
0,02798372
-0,02641147
-0,01127312
-0,02023044
0,02526839
0,01546382
0,003769783
0,004462861
-0,00571581
-0,01400438
0,0139073
-0,02394873
-0,02046756
-0,01596891
0,01280297
-0,01647709
-0,007790472
-0,02574929
-0,02647046
0,01940697
0,02047145
-0,0002343709
-0,02781615
-0,02971283
-0,008169457
0,01046394
-0,01009989
-0,004997715
0,002735676
-0,02151755
0,0280144
0,03049064
0,01013709
-0,006760065
0,02245177
0,02967701
-0,01383403
0,01194838
0,02647562
0,0116171
-0,0195619
0,004864379
-0,01399077
-0,005722997
-0,02481335
-0,002411475
0,01627008
-0,01191334
0,0292223
0,0103198
-0,02525765
0,000426327
-0,02874517
-0,0123292
-0,02519043
-0,001651704
-0,02837047
-0,01104588
0,0191548
-0,01471979
-0,003994733
-0,02112061
-0,02829326
-0,01411683
-0,0114816
0,01390088
-0,003510335
0,01692869
-0,007722493
0,01373026
0,02793995
0,0109675
-0,02150015
-0,007522433
0,008866909
-0,01438094
-0,01626348
0,008505301
0,02559362
0,02488909
0,02471507
-0,02820203
-0,003586906
0,02294451
-0,02636143
-0,002499859
0,0289489
-0,007795716
-0,01169687
-0,006051259
0,02805728
0,02792442
0,02351772
0,01126138
-0,01430807
-0,02841347
0,003047584
-0,0299769
-0,02442635
-0,00814566
-0,02900483
0,02996148
0,02617287
-0,01488073
0,01288643
-0,005580735
-0,008096479
0,009656422
0,009616613
0,02002837
-0,01520288
-0,006318481
-0,006198413
0,02466393
-0,008930669
-0,005800537
0,01308767
-0,02057566
-0,0177591
0,02164255
0,01554145
-0,02574791
-0,001410027
0,02895549
0,01629545
-0,02995602
0,01802989
-0,00213193
-0,023229
0,007271877
0,01313743
-0,0163736
0,002799658
0,003626666
0,02381325
0,02522287
-0,02400557
-0,01900956
-0,02010507
0,009750393
-0,02448011
-0,0107138
0,01315659
-0,001005438
-0,02076496
0,004377126
0,00401135
0,02936674
-0,00991746
0,02213235
-0,01086899
-0,00634108
0,01839681
-0,01543378
0,006954738
0,02736508
0,001468031
0,02802275
-0,0002778311
0,01302923
0,007081071
0,02472331
0,002863602
-0,02763823
-0,02321964
-0,02889714
0,02150072
0,02084356
-0,02908911
-0,003500429
-0,01181349
0,00208443
0,03013438
0,003134181
0,01615393
-0,003746299
-0,008279971
0,03024802
0,01972383
-0,01808928
-0,003374606
0,01922371
-0,02226391
-0,01476037
-0,01185655
-0,01053014
-0,004206668
-0,01182986
0,02721623
0,02701839
-0,006265735
-0,02144739
0,0118608
-0,002510255
-0,02731923
-0,0186267
0,01699355
0,01077687
-0,007833996
-0,02188128
0,0134716
0,01376404
0,02847664
0,02418458
0,003892092
0,01761751
-0,005872741
-0,01470095
-0,0009216768
-0,01924158
0,005680128
0,001842818
-0,02167523
-0,01217459
-0,01361888
0,01845651
0,01700348
-0,01234632
0,01484251
0,01793357
0,005923004
0,003337568
0,02424499
-0,02549154
-0,02722013
-0,02036222
0,02083796
0,002647996
0,0004566129
0,004768907
0,009848958
