0,02806333
0,02858511
0,02768432
0,009881202
0,02475774
0,02120025
-0,02709671
0,009463458
0,02521691
0,0003456261
-0,01093666
-0,02369006
0,02852681
-0,02182146
0,002644624
-0,01295962
-0,01134771
-0,01234043
0,0003782654
-0,01052638
0,009913779
-0,002327843
-0,007363298
-0,0188189
0,02582785
0,003916985
0,01342311
-0,005969486
0,00323037
0,009723301
-0,009599338
-0,01249855
0,003405018
0,003137143
0,01460189
0,02745712
0,004312475
0,01418999
0,007883216
0,0291023
0,003402043
-0,007850195
0,01199272
0,0132815
-0,008254837
-0,02157939
-0,02704988
0,02406209
0,004262258
-0,02442862
0,01972225
-0,0002216466
0,02949348
-0,005931554
0,01306489
0,0003449184
0,005908043
0,01647683
0,0146639
-0,009167662
-0,0221029
0,009547255
-0,02375637
-0,01443939
-0,01992828
-0,0283923
0,003515192
-0,0046084
-0,005787973
0,00579262
0,0133225
0,005047344
0,0103206
0,001868647
0,0167364
-0,0121716
0,01638492
0,01005677
0,02014537
0,017493
0,001095406
0,02001357
0,02049835
-0,002270378
0,02068075
0,02123563
-0,0113649
-0,0207009
0,02067414
-0,01585107
-0,008445156
0,01842327
0,03017425
-0,01291065
0,02129642
0,02444216
-0,0141509
-0,003537969
0,003223038
-0,009848626
0,005522241
0,008179219
-0,0001319024
0,02907998
-0,007204237
-0,01558188
0,01993451
-0,002504341
0,007925108
-0,004683418
0,01478743
0,02653362
0,02697662
0,02788841
0,02053908
-0,01151117
0,01974685
0,009247234
-0,004417339
-0,01045878
0,01358573
-0,005844322
0,005204196
-0,01999261
-0,01569714
0,02553971
0,005529342
-0,006709454
0,011258
0,02280361
-0,02811504
-0,009899775
-0,02295354
3,895659E-05
-0,01798164
0,02330304
-0,009836155
0,02184068
-0,02525241
0,005951899
-0,02883583
0,02156921
0,00200847
-0,004453039
0,0001457842
-0,004428853
0,02195832
-0,02772944
-0,002826662
0,002791628
-0,02535725
0,007151512
-0,0291336
-0,0162602
0,007067289
-0,01878754
-0,02732233
-0,01034708
0,01489652
-0,002158193
0,009502186
-0,00338928
0,01698315
0,01581004
-0,006579456
-0,005139941
0,01978683
-0,002874038
0,01611732
0,02772042
0,02899429
0,02847214
0,00442399
0,02019572
-0,01162211
0,02243813
0,02276228
-0,02026127
0,01020697
0,01897326
-0,02696926
0,002994782
0,02669924
-0,02156147
0,01835019
-0,00437171
-0,01110346
0,02369475
0,02321277
-0,02930786
0,02069897
-0,02960465
-0,0228259
0,007600483
0,02692262
0,005003707
-0,02538674
0,01680259
-0,02786898
-0,02479194
0,006305879
-0,005192766
-0,01302476
0,0002366352
0,004157008
-0,02342272
-0,02786031
-0,0195471
0,02562327
0,01499918
-0,01096016
0,02341645
0,009541657
0,0259624
-0,005629648
-0,02347357
0,001005497
0,008698962
0,02806174
0,02846397
-0,02414761
0,0266996
0,004496518
0,01564806
-0,02270715
0,02853108
0,02134551
0,02768847
0,0240623
0,01392282
0,01745081
-0,0243012
-0,02258027
0,005270312
-0,0170062
0,00976021
-0,0136979
-0,003563607
0,004414327
0,0113109
-0,007162905
-0,02217749
0,0286175
-0,0216324
0,01227001
0,02742269
-0,00909511
-0,01848031
-0,01689932
0,02028119
-0,02576246
-0,003412185
0,01933755
-0,02590075
0,02948487
0,00941147
0,02070695
0,001452647
-0,007639191
0,006364061
-0,01407057
-0,02491796
-0,01302013
-0,01843988
0,02745637
-0,01691582
0,01629297
-0,02498611
0,01329233
0,01534773
0,02051285
-0,02601149
-0,02620589
-0,01354648
0,005937123
0,02889443
0,02886554
-0,004437801
-0,02740524
-0,01939233
0,007229386
0,00999484
0,01522308
-0,02586953
0,009655647
-0,008457492
-0,01255484
-0,026828
0,005862482
0,003295864
0,01918239
0,01525712
-0,02576701
0,0293722
-0,003863868
-0,0125608
0,02062403
0,01665479
-0,01880774
-0,0009393047
-0,01883805
-0,01379637
-0,001068202
-0,002257678
0,02957623
-0,03040135
-0,007764398
0,002244905
-0,001432656
-0,02941069
0,01154349
-0,006302394
-0,002198939
-0,01828828
0,02873548
0,005526108
-0,008800914
-0,0162222
0,002370717
0,006143988
0,02623831
0,01256823
-0,0007422319
-0,01947722
0,0271709
-0,02443482
-0,03001997
-0,02437949
0,02114715
-0,01154956
-0,02222682
-0,01810935
-0,01527015
0,005497072
0,02955972
-0,008799289
-0,01888372
-0,01368351
-0,02572895
0,009933872
0,02964044
0,01537731
0,005522022
0,005727649
0,02296679
-0,005144915
-0,01332707
0,02229481
-0,02987611
0,02002957
0,02620118
0,006612217
-0,01592427
0,005528553
0,002842661
-0,001167572
0,01768334
-0,01068011
0,001143581
0,02405252
0,03111871
-0,01296199
0,01160594
-0,02020104
0,02239331
-0,00167922
-0,02083113
0,02442075
-0,01790343
0,006509106
-0,004686296
-0,02457545
-0,02013433
0,02424185
0,007025773
-0,01889825
-0,02286218
0,02487518
-0,01326893
0,002326982
0,01872434
-0,02210935
-0,02565756
-0,02841299
-0,007287868
0,001774143
0,02856415
0,009778003
-0,02909417
0,0005052317
0,004648174
0,02244899
0,01556063
-0,01918679
0,01017807
0,01317528
-0,02618133
-0,004858114
0,01268288
-0,006637278
-0,01510741
-0,007021975
0,009216878
-0,006539245
-0,004920908
0,02108794
-0,002791216
-0,00858395
0,02863949
-0,008019463
-0,00759929
0,02316077
-0,02838393
0,0311251
-0,02489131
0,02151691
-0,0190938
0,009913919
0,01636952
-0,01087738
-0,0005955598
-0,001335247
0,02183868
0,01205018
-0,02828181
0,003009892
-0,00892718
0,02970048
-0,01784653
0,02308469
-0,02454379
0,0114708
-0,01850613
0,02418825
-0,01302432
-0,003303999
-5,190238E-05
0,01345711
0,006638255
0,002475449
-0,02471462
0,007413414
0,01143283
0,009941419
-0,02026178
0,01249637
0,02117739
0,01608262
-0,02430561
0,01841183
0,001408613
-0,006155275
0,007711852
-0,008400014
0,02230779
0,01526738
0,001077095
0,02689723
-0,009634005
0,02070847
-0,0005227485
-0,003882131
-0,02289538
-0,02638429
-0,01382525
0,009260801
0,01088082
-0,0233564
0,01193358
0,007082997
-0,009896202
-0,002277737
-0,02723113
-0,01566894
-0,01509396
0,02357139
0,01831213
-0,01737108
0,0003148353
-0,01267946
0,01053889
0,002482827
0,02311198
-0,004740905
-0,00746268
0,01271404
-0,02548462
0,02058705
-0,02873224
0,002674162
0,02616254
0,002896319
-0,00915002
0,01585597
-0,02766743
0,009253582
0,0006436876
0,007822269
-0,005619679
0,0004841843
-0,02908788
0,01363257
-0,02666556
-0,002554375
-0,004594462
-0,02795722
-0,008453794
-0,006695157
-0,02304005
0,0300138
0,02602004
-0,01311013
-0,00767859
-0,02981293
-0,02176774
0,02502079
0,002636765
0,01035437
0,01022515
0,0006179167
0,003135411
0,01999637
-0,02607678
-0,02261668
0,01245838
0,02020682
-0,02405011
-0,01437408
-0,020905
0,002110526
-0,01003662
-0,02278085
0,01760864
-0,02735497
-0,01114074
0,02835061
0,001695893
-0,003370062
0,02984201
-0,009534101
-0,007030837
0,01229587
0,01305183
-0,02859713
0,006314166
0,009183914
-0,02064221
-0,009373581
0,007291604
-0,0231992
-0,02469957
0,01880023
0,02745227
0,02382068
0,02668461
-0,0203112
0,00881615
0,02563217
0,01621686
0,006493384
0,02411829
-0,02782481
-0,02033661
0,0005912311
0,005872292
0,01366622
-0,00265328
-0,01018287
0,01058953
-0,02230631
-0,00610072
-0,02445386
0,009945528
-0,0140045
-0,02465055
0,0194818
-0,02724039
-0,03087912
-0,001016067
-0,03208153
0,006755573
0,01273174
0,007983273
-0,02359006
0,001915801
0,004093361
-0,01563518
0,02572988
-0,02483299
-0,02231642
-0,009124026
0,00656873
0,009251627
-0,007459835
-0,002342806
-0,009306572
0,002670519
-0,0176016
-0,00439121
0,02155306
-0,01964132
0,0187678
0,009934721
-0,001065955
0,0124426
0,0277564
-0,02303379
0,009169463
0,01511651
-0,02588163
-0,02890596
0,005910515
-0,008200481
0,01393055
0,0273407
-0,02428413
-0,008578976
-0,02770296
0,02939242
-0,02853618
-0,002680982
-0,0002591545
-0,01911234
-0,001416554
0,01380019
0,0139401
-0,00905369
-0,01376612
0,01865803
0,01592457
-0,0153975
0,02187273
0,00555109
0,01293508
0,02377923
0,02290363
-0,02013985
-0,01574609
-0,00799771
0,002557475
-0,002261171
0,006595362
-0,01817461
-0,02835156
-0,02285181
0,01729137
-0,01384445
0,02778942
-0,004474196
-0,009499245
0,02868766
-0,00127362
-0,01694583
-0,005751411
-0,009291841
0,009115172
0,005255714
-0,02178928
0,01051441
0,02463204
0,0007453833
0,01722242
0,01642289
0,02691448
0,01486048
-0,02312336
0,02586118
0,008574041
0,01866752
-0,02555873
0,02587465
-0,0244549
0,00719238
-0,007982318
-0,001838468
0,0193672
-0,01533145
-0,02344983
-0,00886619
-0,03266004
-0,002986799
-0,004331278
0,02261005
0,002929035
0,02294818
0,02408813
0,01418891
-0,01633627
-0,009816911
-0,01689616
-0,01423178
-0,03100521
0,001907148
-0,003509799
-0,02878066
0,01286103
0,02197727
-0,01426798
-0,01303932
0,02891034
0,02030109
0,00739008
-0,02242756
-0,009473877
-0,007982328
0,01791786
0,0184602
0,0170609
0,02085561
-0,004789676
-0,01376451
-0,007985548
0,01114241
0,009374289
-0,007909498
-0,02973623
0,02187559
-0,01797833
-0,02519499
0,0252514
-0,005901709
0,01142412
-0,0159044
0,0001813742
0,01523681
0,02487999
0,0008082828
-0,02489835
-0,01275764
0,01557281
-0,03133974
-0,02875766
0,02534839
-0,00372909
-0,01667654
0,02512722
-0,006650263
0,005615424
-0,02145443
-0,03065746
-0,02863878
0,02707223
-0,005759197
0,02438408
0,02674648
0,02544784
-0,01189624
0,02358483
-0,02568637
-0,02981607
0,02072497
0,00764424
-0,02086594
-0,007719621
0,003180579
-0,02398529
-0,01042711
0,002045197
-6,60103E-06
-0,008612933
-0,02233301
0,006229752
-0,008351797
0,02829483
-0,006577014
-0,01796103
-0,004798154
-0,01696781
-0,002803857
2,085739E-05
0,01000289
-0,01417218
-0,027993
-0,02855718
0,01961237
-0,005922551
-0,01567105
-0,0125763
-0,0005156157
0,01758614
0,00643455
0,01053732
-0,02356729
-0,008180062
-0,03174061
-0,006787423
0,02623328
0,004445208
0,02183115
-0,02807906
0,003490759
0,01965266
-0,02799826
0,01616265
0,01870617
-0,003665512
0,005954914
-0,005139447
0,001189463
0,01378807
-0,001940074
-0,0274476
-0,005718346
0,005034725
-0,008782245
0,003014637
0,003355369
-0,02740904
-0,001565871
-0,02898502
0,01583653
0,02448606
0,02105746
0,007538707
0,01264442
-0,001002858
-0,00218716
0,0257758
0,02853554
0,02906521
-0,01718764
0,01959904
-0,01481382
-0,01008945
0,02208303
0,01233018
-0,02206241
-0,0193005
-0,02108579
-0,01069863
0,01783005
0,01985507
0,02134347
0,02456555
-0,004785407
0,007924628
-0,008830654
0,004169507
-0,02675154
-0,002903558
0,0213648
0,02099313
-0,02702699
0,02050174
-0,01325671
0,008341182
0,02742372
-0,004589739
-0,02542368
-0,009014711
0,0280055
0,0101366
-0,003987782
0,002340919
-0,004521599
0,004365115
0,0118339
0,02955529
0,009679925
0,001815922
-0,01354018
-0,01616672
0,01494231
-0,02960428
-0,02253457
0,02225651
-0,02694976
0,02488552
-0,02153036
-0,02717234
-0,0232165
0,02053935
0,01457375
-0,006020864
-0,02796666
-0,01420809
0,01295842
-0,005913948
-0,02981901
-0,01874232
0,01732607
0,01292616
-0,01983888
0,02356035
-0,001260115
-0,01581021
-0,001955234
-0,009408526
-0,002773385
0,02004304
0,025533
-0,009646434
0,02415076
0,002292506
-0,02006086
0,006290308
-0,02490935
-0,02969486
0,0124883
-0,006820845
0,0022903
0,03038591
-0,01723137
0,03014675
-0,0165848
-0,02803864
0,0187886
0,02553404
-0,005070159
-0,03183508
0,009762028
-0,02061527
0,01886584
-0,009346774
0,009708638
-0,0005903782
-0,02951081
0,01830065
0,0007025491
0,02707007
-0,006389664
0,01216927
-0,009271791
-0,0149076
-0,02829838
0,01342563
-0,03603897
-0,01661847
-0,01609036
-0,006673371
-0,01516343
0,01365933
0,01478826
0,01369315
0,01299662
0,02001535
0,008850597
-0,01769903
0,01101858
-0,006236605
-0,005080781
0,003646608
0,02552119
0,00059145
-0,02216587
0,0171612
0,001679745
0,002585381
0,0228398
0,01064663
0,00338618
-0,01480359
-0,003850688
0,01631748
0,02992234
0,01719082
0,002777853
0,02231808
0,02253813
-0,00463571
-0,03260368
-0,005411864
0,001829235
0,02477912
0,01009339
0,02431425
-0,01023875
-0,02726232
0,00633879
0,01840912
0,02014602
0,01524759
-0,02674994
-0,02799577
-0,006154054
0,01383073
0,0114237
0,02025029
-0,02440409
-0,01339888
-0,02134121
-0,012185
-0,009327685
0,005450146
0,02603148
-0,02941382
-0,006837404
-0,03026067
0,01528998
0,02795592
-0,01159816
0,01446508
-0,008863905
-0,01175478
-0,004651833
0,02823415
-0,03036454
-0,02954159
0,02066008
-0,01519656
-0,006063289
-0,001901362
0,02669512
-0,02676755
0,01851712
0,01380409
-0,02151785
-0,01100914
-0,0127761
-0,02295546
0,02339295
0,003985621
0,006929886
-0,0006416476
-0,02250375
0,0001272184
0,02698101
0,02092449
0,0258699
0,004050603
-0,00725925
-0,01760289
-0,02018879
0,001720044
-0,009329061
-0,02726158
-0,01004302
0,01449185
0,004372878
-0,007166256
0,01489909
0,01143598
-0,02872279
0,02336918
0,0241886
0,01619871
0,002220601
-0,008488825
0,02389422
-0,01769866
0,02594517
-0,0246919
0,01642309
0,008703859
-0,02638698
0,01383294
-0,02513182
0,02107025
-0,02184923
0,02513286
0,02943918
-0,02169402
-0,02552574
-0,01590241
0,01523902
-0,02486528
-0,01862923
-0,01143944
0,004192166
0,007956553
-0,01765171
-0,01307469
0,006420715
0,015042
-0,01415416
-0,02747081
-0,007707514
0,006849564
-0,0006611228
-0,01142569
0,02410951
-0,00273577
0,01750155
0,001033515
0,0002050101
-0,01592502
-0,005355722
-0,0004559375
-0,005563627
0,005618152
-0,03513338
-0,002581954
0,006064518
0,01198464
-0,000976504
0,009305522
0,01407444
0,02192344
-0,01881208
0,02144637
0,005533111
-0,01721262
0,02199624
-0,01684933
0,02857436
0,007381927
-0,0009509324
-0,02909228
-0,009885316
0,02896815
-0,01259643
-0,004972776
-0,01131042
0,01588901
0,02649144
-0,005288465
-0,02003413
-0,00904834
0,006537552
-0,009186823
0,001692207
0,004408624
0,01513866
0,02063947
0,006651292
0,006181829
0,005599702
0,0187255
-0,01548409
0,005334631
-0,0126594
-0,003413119
-0,01393989
-0,001911868
0,004271079
0,003328543
0,004650277
0,00710207
0,002198009
-0,04123628
0,01272435
-0,005837808
-0,0197843
-0,005182339
-0,008301141
0,00503164
-0,0135745
0,02351562
0,02023131
-0,02343646
0,0006561084
-0,006725789
-0,01292581
0,02005466
-0,009014663
-0,03079478
-0,00301571
-0,02713976
0,00617047
-0,008250994
-0,02927665
0,009393458
0,0172564
0,01259622
0,009445168
0,01409767
0,02660308
0,01017941
0,02992918
-0,01752076
0,01409274
-0,006685908
0,008306109
0,004233613
-0,005412791
0,02849558
-0,01425258
-0,02291503
-0,0112511
-0,03235205
-0,01755312
0,0005515912
0,01637274
-0,03456219
-0,03480193
0,01802094
-0,02233729
-0,003188093
-0,02371815
0,003111272
-0,0218189
0,001491379
-0,03130507
-0,01578494
-0,03571806
-0,01699311
0,01329182
0,003962442
0,02446057
0,01396886
0,009587716
0,008406368
0,02700077
0,009013629
-0,005546873
-0,02327496
0,01400207
0,01453993
-0,005197332
-0,007173111
0,01494185
-0,01479027
0,01125169
0,005981116
-0,0261591
-0,009898434
0,01007556
0,01034458
0,005851198
0,0114714
-0,001878039
-0,01123387
-0,008457642
-0,01797162
0,02150695
-0,02965226
-0,01230308
-0,01118614
0,001839229
-0,02092751
-0,02335229
0,00296042
-0,02392908
-0,003099306
-0,02169733
0,001211092
0,00390176
-0,02164292
0,002241071
0,02178384
-0,02489988
-0,006350531
-0,02821848
0,01604319
-0,0359661
-0,03134142
0,02520554
0,001719567
-0,01288839
0,008779339
0,002117152
-0,02910477
0,02716765
-0,01748558
-0,0152542
-0,009885409
-0,01416052
0,01322474
0,0156491
-0,007388385
0,02144862
-0,00492931
-0,02016971
-0,01627944
-0,02186023
-0,02835364
0,02806258
-0,0276878
-0,01622404
-0,008215854
0,002312672
-0,01166635
0,02789507
0,005200911
-0,005941019
0,02366063
-0,02350336
-0,003264712
-0,02052953
0,01869177
-0,03533309
0,004388811
-0,03807025
0,01513857
-0,001645286
-0,03178973
0,002758452
-0,03568135
-0,01540613
0,0218434
-0,01475546
-0,04075929
-0,007505902
-0,01991805
-0,02856727
0,01356272
-0,01294278
0,02631368
0,01352698
0,02459379
-0,02972117
0,02352546
-0,01329904
0,02307862
-0,02559133
-0,01539546
-0,02453351
-0,007947681
0,01474871
-0,01116409
-0,01696195
0,01761739
-0,0001959405
0,02482715
-0,01071
-0,02114956
-0,007485689
-0,01555413
0,007467199
0,02879203
-0,01288392
0,02593265
0,0112054
-0,01644419
-0,03240547
0,001621268
0,01353229
0,006613141
-0,005411454
0,003634357
-0,0004477129
-0,03011633
0,005476793
-0,02597674
0,005737987
-0,03420064
-0,01696579
-0,03546606
0,007646859
-0,01973904
-0,0339871
-0,01943014
-0,02404581
-0,03981563
0,01037897
0,003062369
-0,002768628
0,007331484
0,02978631
0,02879247
-0,009108847
-0,02653846
-0,01155463
0,01321625
0,006539122
-0,02365444
-0,01508487
-0,02771851
0,0251459
0,00166719
-0,0007827723
-0,004175124
0,02427395
-0,02667858
0,01348666
-0,02773809
-0,02829202
-0,0180313
-0,02526936
-0,02199018
0,01193489
-0,01390756
-0,006455678
-0,01501037
0,02463828
0,02445197
0,003790284
0,001356575
-0,007134502
-0,01560369
-0,03739956
-0,03591967
-0,0002532791
-0,01494161
-0,02622007
-0,01291008
0,009276589
0,01899283
-0,0005432506
0,002336291
0,01350533
-0,0196521
-0,027378
-0,02331746
0,01537349
0,004758006
-0,004877603
-0,01763728
-0,01156353
0,01278745
0,0004972466
-0,01517706
0,002512374
0,01692368
-0,01523953
-0,02588426
0,007032839
-0,02823793
0,01925655
0,00796016
-0,0001256269
0,008126794
0,004515714
0,001251956
-0,0007174156
-0,008260966
0,01368431
-0,007743084
0,0141884
-0,018749
-0,01833745
-0,02914745
0,0005621432
-0,008555644
-0,01512408
-0,01353673
-0,02775241
-0,02305886
-0,01182569
-0,02372971
-0,006425273
-0,01742685
-0,02325669
0,00768377
0,01377577
0,00530935
-0,008399984
0,01267758
-0,0259539
-0,02449844
0,01744864
0,01252024
-0,02499417
-0,03790029
-0,02354181
-0,02058518
0,01327911
0,007905797
0,0156174
-0,003070332
0,02110508
-0,02924809
-0,002165877
-0,02497115
-0,002534421
-0,003031447
0,01159661
-0,02159788
-0,0009810666
0,02250634
0,02736512
-0,004955915
0,005032797
0,0005387946
-0,02491304
-0,02470346
-0,01079528
0,01752644
0,008243308
0,01157429
0,01989502
0,02026496
-0,0222407
-0,003659151
-0,0164277
-0,01206172
0,01959553
0,001084531
-0,02395853
-0,03202332
-0,001497576
-0,01268656
-0,01567688
0,01816343
-0,01251481
-0,008575206
0,01411516
-0,0292483
-0,02481652
-0,01453416
-0,03367642
-0,01288802
-0,01312621
-0,01663212
-0,01866799
-0,00325193
-0,01965886
0,007261922
0,0237334
-0,02908707
0,02133199
0,02633641
-0,03095898
-0,02790533
0,007745251
0,03020745
0,02354527
0,02777727
0,01749209
-0,0284682
0,003000865
-0,02427882
0,0239929
-0,006067939
-0,01358137
-0,002215892
-0,03000922
0,005330203
-0,02807259
0,004036334
-0,01792396
-0,02392917
-0,002936247
-0,0157714
0,006024176
-0,01036028
-0,005379496
0,01380605
-0,02005119
0,0154329
-0,02487048
-0,02539979
0,001514198
-0,02898249
-0,02559277
-0,0009020711
-0,01244237
-0,02151754
-0,02341929
-0,01523768
-0,002317568
0,0201503
-0,01181256
-0,02056189
0,01426562
0,02529716
-0,00212671
-0,03343589
-0,02654204
0,01397713
-0,004571547
0,003127957
0,004377268
-0,01235055
0,02032055
0,01462134
-0,002148754
0,01533017
-0,006235131
-0,01876198
0,001046967
-0,02535616
0,01077843
0,02577689
0,01613336
-0,01469509
-0,006069288
0,01230791
-0,02071849
0,006387006
-0,03036647
0,008020508
-0,0177971
0,006782542
-0,03375173
-0,01681422
0,01136194
-0,02068675
-0,01057651
0,007485291
0,01919257
-0,007548252
0,003389207
-0,009861572
-0,01804036
-0,004728276
-0,00196822
-0,02044196
-0,0228279
-0,01408146
-0,02501326
0,007752486
0,02402247
-0,02606682
0,02185342
-0,0001321655
-0,01643872
-0,003570186
-0,005459895
0,0008091263
-0,001507705
0,01607596
0,01618916
-0,004472509
0,01479033
0,01955697
-0,01065013
0,02753137
-0,01168368
0,00397646
0,02967052
-0,01839206
-0,01061263
0,009527489
-0,01687369
-0,02933325
-0,00859377
-0,02103101
-0,0009540339
-0,024365
0,004036377
-0,0287076
-0,01108683
0,01298943
-0,007263233
-0,01741882
0,004215914
-0,03107467
0,008920923
-0,005284161
-0,03499516
-0,01985776
0,007041776
0,01368314
-0,0296091
-0,03805778
-0,002380716
-0,02623015
0,0006130419
-0,008141738
-0,01952275
0,006778275
-0,03113501
0,009943023
-0,00440647
0,02807004
-0,009857767
-0,01390217
0,02299597
0,02263688
-0,02202077
-0,02677922
0,02622186
-0,01073307
0,02592864
0,0001823253
-0,005871389
-0,02979442
0,02943044
-0,003540136
-0,02266202
-0,0186247
-0,01673639
0,0181247
0,0009061035
0,01251455
-0,007521714
-0,006237152
-0,004807358
-0,02765331
-0,01301221
-0,02643703
-0,005190839
0,02611183
0,01687332
0,02084954
0,02515867
0,003259005
-0,01529487
-0,00559254
0,02123685
-0,01270092
-0,02700633
0,00990606
-0,02545207
0,01326958
-0,02088482
-0,0150679
0,01694265
-0,0005180314
0,008326973
0,005161134
-0,01850254
-0,01634893
-0,006176746
-0,02397605
-0,001711406
-0,01484952
-0,0176056
0,01471472
0,0036458
0,02374737
0,01588743
0,01793247
0,003696318
-0,0252893
0,007871621
0,03030678
0,004498603
-0,027658
0,001459224
0,01641855
0,01013745
-0,001245429
-0,001495501
0,01169868
0,02726385
-0,009039113
-0,003322709
0,003964833
-0,01203393
0,02476099
0,0007398786
0,01610609
-0,01293208
0,003528018
0,01154207
-0,02690495
-0,005366844
0,002787373
-0,01187635
0,005819194
-0,01660447
-0,006418397
0,01345889
-0,04308305
-0,004845589
-0,01252714
-0,02061067
-0,0254369
-0,02075029
-0,0141861
0,02104237
0,01996511
-0,02213503
0,02704904
-0,02970022
0,01673781
0,01775464
0,01460452
-0,02117831
-0,02742897
0,01389843
0,00639364
-0,007919587
0,007843699
-0,006793144
-0,03020952
-0,001050596
0,02688401
-0,01322432
-0,001290939
0,0005297866
0,02581038
0,006153785
0,0182545
-0,01010246
-0,02789712
0,002129373
-0,0036297
-0,0278796
0,0004182974
-0,02547544
-0,01840773
-0,01659966
-0,03538708
-0,03411769
0,001562447
0,002595766
-0,01386786
-0,0001694962
0,0257029
-0,01685227
0,003406941
-0,01368681
-0,01721441
0,01893163
0,0117698
-0,025337
-0,02170295
-0,002575823
0,003250816
0,02397493
-0,0125492
0,02711559
0,0183816
0,01729113
0,02357836
-0,01681987
-0,008916397
0,004330416
0,02419149
-0,01861003
-0,0138815
0,009111674
0,008193317
0,02728059
-0,0002619077
-0,01277004
-0,009653676
0,00287819
0,01404406
-0,00738766
-0,02352439
-0,01247828
-0,01489206
-0,02772024
0,01236558
-0,003777709
-0,01551676
0,01880906
0,0009615207
0,0211574
-0,0159976
0,01893566
-0,006340993
0,0004902509
0,01231565
-0,01971408
-0,007118896
-0,02451856
-0,02842808
-0,01189892
-0,0249409
0,006643302
0,002274561
0,003600071
-0,03301514
-0,03252774
0,01322048
-0,01557393
-0,008085672
-0,001881958
0,02103065
0,01400079
0,01910149
-0,01985882
0,0138971
0,02931622
0,009353027
0,01355216
-0,02679473
-0,00479033
0,02560621
0,0004177782
-0,02802552
-0,02743331
0,02743343
-0,005296377
-0,02003878
-0,02937158
-0,02246915
-0,01902061
0,01814675
-0,0235858
-0,00624177
-0,01411624
-0,02336423
-0,00776301
0,006514047
-0,0007767902
-0,03230013
0,007083294
0,009649837
0,02385146
-0,008229019
-0,03296143
-0,03768687
-0,004005748
0,02440301
-0,02718027
0,007714774
0,01310108
0,0001646196
0,007715002
-0,03041244
0,004107744
-0,006630789
0,009451704
0,008008131
0,003568886
0,01632278
0,009834903
0,02460669
0,01749368
-0,01843549
-0,01721336
0,01046316
0,01281296
-0,01139896
0,003343266
-0,02780788
-0,00830482
-0,01067845
-0,02235625
0,01381658
-0,003776286
0,01652745
0,03049593
-0,02388072
0,02999029
-0,02745006
-0,005292529
-0,005314338
0,02296064
-0,02015566
-0,0133704
0,004241583
-0,02457506
-0,03069777
0,008781012
0,02006762
-0,006679317
0,01158261
-0,0324172
0,01010115
-0,01478114
0,008921526
0,01736354
0,006243238
-0,02816863
-0,01851152
-0,02399414
-0,0309049
-0,0191606
-0,03277222
-0,01339363
-0,008081188
-0,01297302
0,02248942
0,004101058
0,02444544
-0,004864332
0,00433542
0,007884936
0,002351186
-0,00861881
-0,01941854
-0,03120744
0,006588094
0,02441652
0,008645897
0,005546523
0,01351606
0,009211101
0,01382757
0,01096463
0,008690052
-0,01113284
-0,005895203
-0,00607724
0,01491322
0,02391456
-0,01329923
0,02539402
0,006848713
0,01702199
-0,01916267
-0,02760786
0,01502038
0,0134974
0,01867741
-0,0241334
-0,02568775
-0,0133572
0,01117578
-0,01424003
0,01002954
-0,03534828
-0,01138591
-0,01571666
-0,03535548
-0,0003104285
-0,02442067
0,004712704
-0,01291855
0,005098131
-0,009821425
-0,008160704
0,002079215
-0,007199878
0,01069455
-0,02601256
-0,03000354
0,003111053
0,02290839
-0,0336006
-0,02334675
0,009595081
-0,02862712
0,01536037
-0,02259788
-0,01990144
-0,0135584
0,0241543
-0,02329461
0,003761397
0,001191276
-0,005601523
0,0237733
-0,008503696
0,02546732
0,005416883
0,02116214
-0,02944769
-0,01222661
-0,02604755
0,01074155
-0,0005173419
-0,002631396
0,02161148
-0,01478569
0,007899469
-0,0100026
-0,01655213
0,02029029
0,002221662
-0,03530198
-0,004571244
-0,01324032
0,007579234
-0,02632018
-0,03723686
0,01791415
-0,000932403
-0,03279816
0,01453396
-0,01817986
-0,01977201
0,002081081
0,02093283
-0,02306037
-0,02979017
0,002443173
-0,01539805
-0,0005665341
-0,02140987
-0,01456146
-0,03076777
-0,013336
0,02137625
-0,00993125
0,007568867
-0,01743854
-0,01966285
0,002455922
-0,001055915
0,01958614
-0,02867457
0,02956611
-0,00121365
0,001654834
-0,02864598
-0,03033202
-0,02169322
-0,02197855
0,02113395
0,008493986
-0,01743018
0,02105615
-0,006737124
0,01214676
-0,01184295
0,01753721
-0,001587202
0,003364475
-0,02985624
-0,0367021
-0,03040811
0,006210658
0,0066499
-0,0203514
-0,0434854
-0,03048764
-0,008848069
-0,02090775
-0,008136022
0,009137283
0,005921789
-0,03575474
0,004939633
-0,03226459
-0,01645578
-0,01520148
-0,02494517
-0,01083131
-0,02031144
-0,02543918
-0,003820411
-0,02185241
0,0118864
0,003188866
-0,02621717
-0,01954765
0,02514038
-0,01874727
-0,02735187
0,01762287
0,01030348
0,00106239
-0,005747064
-0,003232935
0,01457496
-0,0103332
-0,01419173
-0,02363258
0,0009324114
0,02056988
-0,001301506
0,01566223
0,005282445
0,02919023
0,01787748
-0,02959369
-0,02848433
-0,01434894
-0,01448298
0,02235483
0,006453646
-0,02691589
-0,007716345
-0,03709463
-0,006939906
0,01320881
0,01912976
-0,03812879
-0,03132782
0,005426688
-0,02641458
-0,02079078
-0,01735952
0,007838553
-0,02614061
-0,01866409
0,008134548
-0,01645702
-0,01234131
-0,02898677
-0,02727844
-0,02991136
0,02147954
-0,01026467
0,005633422
0,01210167
0,00333406
0,01454602
0,01660797
0,02937552
-0,02793082
0,00646292
0,02282955
-0,02551058
-0,02402539
0,0005772948
-0,02721639
-0,009430897
0,02286116
0,01938612
-0,01094598
-0,0234564
0,02410926
0,01217639
0,003762774
-0,0234037
-0,006306758
0,01594523
0,01429094
-0,002672384
-0,01322826
0,01833852
0,02194325
-0,0183337
0,01337031
-0,004588623
-0,02477653
-0,03716536
-0,01658392
0,006237879
-0,01965272
-0,02605581
-0,01479101
-0,02149724
0,01157118
0,00327435
-0,006695875
-0,01856174
0,006701859
0,0108102
-0,01701642
-0,008511581
-0,00955716
-0,001679035
0,01077147
0,02582618
-0,02133645
-0,02137752
0,01783597
-0,004570997
-0,01489997
0,01440501
0,02796541
-0,0151607
0,005158324
-0,02100302
0,007697999
0,00381808
-0,02002687
-0,003478283
-0,02101057
0,02604294
0,02458266
-0,02781769
-0,002291396
-0,02556459
0,01582401
0,004095678
0,02348263
0,02189466
0,01054516
-0,02125935
-0,02656261
-0,02969693
-0,02282785
-0,04011115
-0,01040838
-0,01214391
-0,004984198
0,01429658
-0,01437483
-0,03309385
-0,01862207
-0,03464682
-0,001878779
0,002601281
-0,01546172
-0,02499894
0,01007276
0,008785833
-0,02824637
0,02043178
-0,02850297
-0,02019763
-0,003025812
-0,01321138
-0,005036121
-0,01346699
-0,0293813
0,005762521
-0,02152273
0,002416176
-0,0162241
0,02305587
0,01036
-0,02712731
0,003935188
0,02315818
0,02603888
-0,0008021479
0,007966935
-0,02385256
0,02724689
-0,01888064
0,02649846
-0,02747987
0,005993044
0,02155657
-0,00603866
0,01741046
0,0145178
0,007946157
0,02223657
-0,01370673
0,01267131
0,01433983
-0,02565434
0,01851934
-0,004945457
-0,04675503
-0,004733507
-0,02374087
-0,006619789
-0,03445078
0,0151806
0,02640012
0,02071661
-0,008742263
-0,01229727
0,001857537
-0,0272581
-0,005009917
-0,02107452
-0,02283839
0,02923814
0,02388603
0,02234781
0,01846607
-0,01719247
-0,005234454
0,009008674
0,001091791
0,0174705
-0,02086465
0,01652274
-0,002581519
0,00519035
0,02572277
-0,03110272
0,01824701
0,0202207
0,004364192
-0,01792052
0,02605884
0,02446541
-0,009692518
0,005755423
0,02390791
-0,01102297
-0,03874141
-0,02999638
-0,02352004
-0,0006881597
0,02249429
0,01124454
-0,01425326
-0,0069287
0,01013072
-0,02244657
0,01273888
0,0171711
-0,01558711
0,01254278
-0,02306146
-0,01482111
-0,0264003
-0,005107505
-0,0141375
-0,01832256
-0,01116593
-0,009872964
0,02895144
-0,005589415
-0,001073813
0,009663206
-0,002543973
-0,01956579
-0,01835004
-0,01656085
0,006422978
-0,01388031
0,02535839
-0,006577294
-0,01865217
-0,0138099
-0,004795623
0,02468208
0,01963263
-0,01143702
-0,007723388
0,02637986
0,01572593
0,005797892
-0,02689372
0,02050143
-0,001358927
0,018155
-0,03518086
0,003137792
0,01300391
0,01776882
-0,01781802
0,006822389
-0,03459969
0,001009023
-0,03337074
0,007344162
-0,03481825
-0,02389884
-0,01945886
-0,03018511
-0,01514989
-0,0008167797
0,007371668
0,005129285
-0,03001509
0,02557767
-0,0004635691
0,02472773
0,02332467
-0,02139416
0,007034879
0,02914256
0,02008663
-0,007487486
0,002518557
-0,008818659
-0,01056092
0,009585413
-0,02122885
0,00836054
-0,01804265
0,007054757
-0,004814863
0,01098809
0,02726068
-0,02107966
-0,01372481
-0,0008836658
-0,02519774
0,005937773
0,01776491
-0,002234271
-0,0328509
-0,01962367
0,005837119
-0,01857675
0,02071982
-0,009011379
0,01316492
-0,002337069
-0,02059198
-0,03634539
-0,0007270252
-0,003018755
-0,023441
-0,02016032
0,01305598
0,003877443
-0,02937641
0,0107121
-0,007565835
-0,008571374
-0,02549919
0,008503226
0,02457926
0,007760965
-0,0231418
-0,03193412
0,01127192
0,02185739
0,01037808
-0,02722027
0,01900997
-0,01386708
-0,01121723
-0,02507501
0,02949998
0,009157379
0,01533495
-0,009918233
-0,002272019
0,02621134
0,02293345
0,006218111
-0,007338415
-0,02362468
0,02626208
0,0158437
-0,01036474
0,004549782
-0,01444382
0,004591551
-0,008681342
-0,01196013
-0,02459345
-0,008678796
-0,01178127
-0,01780175
-0,02337408
0,02081358
-0,03378819
0,01385496
0,002259232
0,01618303
0,01209082
-0,02891528
-0,02727243
-0,0163667
-0,02248599
-0,0283354
-0,0181967
-0,02350038
0,02180569
0,01606687
-0,0114857
-0,00131107
0,001274537
-0,0006594663
-0,01269646
0,01966381
0,01410517
-0,01051174
0,007821151
-0,02374672
0,005772296
-0,02886237
0,01043581
0,0002813743
-0,02363497
0,02630679
0,01226502
0,01202205
-0,00453484
0,01884615
-0,01571007
0,002696162
-0,01575099
0,02862758
0,01135361
-0,01973427
0,02281998
0,003030553
0,002918989
-0,02192966
-0,01651856
-0,02947406
0,008494606
-0,0005829455
-0,03713003
0,002067455
0,01379859
0,01082083
0,01956447
-0,02057993
-0,03278014
0,002502823
-0,02855643
-0,007725095
-0,02300023
0,01377861
-0,007040876
0,004510936
-0,01944082
-0,0123717
-0,003227221
0,006123749
0,01673567
-0,02673079
-0,0007166033
0,01446482
-0,01374594
0,002562947
0,01830898
-0,02252976
0,0264302
-0,01773857
0,01909854
-0,002639046
0,02107839
0,004137994
-0,009857359
-0,02633601
-0,0001452771
-0,001808517
-0,02688656
0,01889154
0,01372219
-0,02858153
0,006660295
0,001851784
-0,01181552
0,01144449
0,01308606
0,01791791
0,006990294
-0,01949416
-0,01724987
-0,02320131
0,007601804
0,0005417008
-0,02570694
-0,003684976
-0,03968376
-0,03146992
-0,02292614
-0,02257656
-0,0394056
0,008124761
-0,011572
0,02151847
0,01684354
0,005175635
0,005778418
0,009126086
-0,001466753
-0,003790939
-0,01632995
0,01784379
-0,01460246
0,0112905
0,02284952
0,01586949
-0,001134345
0,03017729
-0,002782156
0,006185917
0,02169671
0,02861093
0,000913919
0,01452107
0,02633818
0,008036925
0,01718893
-0,01528115
-0,009258826
0,01388568
0,03033887
-0,01529773
-0,02465761
0,01521757
0,01759181
0,02534129
0,007505176
0,007112139
0,003757966
-0,0003360008
0,02572985
0,02743504
-0,01391937
-0,02420831
0,02155593
-0,008967851
0,01546842
0,01820424
0,0008804367
-0,01775361
-0,03818683
-0,03561154
0,008377943
0,006711256
-0,01262722
-0,03957413
-0,02443074
0,006807002
-0,03281331
-0,01421116
-0,02950098
-0,00467255
-0,009439511
0,01836319
-0,0009377956
0,02964534
0,01369397
0,001806636
0,0237437
0,02851606
-0,02284255
0,02105371
-0,006875933
0,02718814
0,007403823
0,02179185
0,01038131
-0,009339827
0,01623895
-0,003288542
0,01166724
0,01572265
0,001619956
0,02359958
0,009034655
0,02533881
-0,0008425465
-0,01148924
-0,01124976
0,009899082
0,004513084
0,0222834
-0,0009025372
-0,01631525
-0,006380657
-0,005555045
-0,0005152614
-0,006249027
0,001001391
0,01641436
0,003051417
-0,01970024
-0,03372798
0,004862607
-0,02092096
-0,0286358
0,00226404
0,01426409
-0,02968061
0,002095827
-0,007077783
0,02564439
0,02421351
0,004581046
0,001845159
-0,01856899
0,0256732
-0,0008801441
-0,02326995
0,003614594
0,0006011177
-0,009344055
-0,01970368
-0,01918213
-0,007709692
-0,01760977
-0,01301463
-0,02669927
-0,003687188
-0,0237872
-0,01701647
-0,02276232
0,008684578
0,01570988
0,01115801
-0,0120745
0,01012406
0,02021825
0,003301827
-0,005138021
-0,02004808
0,004490703
-0,02124759
0,009014898
-0,01605113
0,003904382
-0,03852943
0,02279861
0,007257087
-0,02525027
-0,007258079
-0,03509459
-0,01572165
-0,02962897
-0,008703974
-0,01573737
-0,02519762
0,02020978
-0,01601919
-0,02560883
0,02712432
0,009849863
-0,005387296
-0,03009497
-0,009043283
-0,01662529
-0,01368404
-0,02221954
0,02161935
-0,0170847
0,003127079
-0,02526458
0,02514418
0,01281276
-0,007996203
0,02418621
-0,02051432
-0,003694107
0,0212997
0,01257976
-0,01801107
-0,0131108
-0,01401947
-0,01819774
0,00253873
-0,02719573
0,01355932
0,002622396
-0,01389201
-0,01284793
-0,02616475
0,0114191
-0,00248114
-0,006907618
-0,006234162
-0,003449582
-0,02346252
-0,0317254
-0,01885793
-0,04225035
-0,02131721
0,01090289
-0,03284305
-0,005979697
0,001768371
-0,01182569
-0,02494469
0,003778061
0,009195407
0,003816976
-0,01607398
0,01615793
-0,02666311
0,006551058
0,0233176
0,008901088
-0,008570529
-0,01731964
-0,001831779
-0,01276589
-7,702521E-05
0,01434035
0,02162043
0,005717163
-0,0218491
0,01842023
0,005330677
-0,001524468
-0,01665493
0,01765788
0,01000142
0,03012973
-0,02774538
0,01704608
-0,01228773
-0,01058413
-0,01866453
0,01252908
-0,004489949
-0,02551626
0,01679213
-0,03054697
0,01446774
0,007125938
-0,03535455
-0,02182878
0,003707491
0,0108561
-0,009226732
0,001958878
-0,03221163
0,01837117
0,003886728
-0,03063967
-0,002171463
-0,002273012
0,01997084
-0,006250835
-0,01144422
0,02180303
0,02189348
0,01605334
-0,002909626
0,02682487
0,02406945
-0,01574075
0,01456851
-0,0142339
-0,01068929
0,003621086
-0,002817628
0,006823837
0,01572916
-0,006083259
-0,001642528
-0,001905137
0,02740149
-0,02167201
0,002549055
0,01979856
-0,02503338
0,01274869
0,02516672
-0,005464352
0,003361187
0,01369907
-0,009294914
0,02618999
-0,01806058
0,007756969
-0,01149222
0,01058097
-0,0119586
-0,001565792
-0,02270714
-0,03574068
-0,001778725
0,01175687
0,007643026
0,003992258
-0,007345702
-0,0140748
-0,006064905
0,02250099
-0,01623504
-0,004477447
-0,02828058
-0,02049412
0,001799069
-0,02808393
0,009688219
0,02006568
0,02650149
0,005930457
0,01853005
-0,0211331
0,01989265
-0,02646133
-0,008273907
-0,01833391
0,02603343
0,01745982
-0,0293908
0,009500039
-0,01842891
0,01696227
-0,01383418
-0,01802311
-0,01880705
-0,005809122
0,0221526
-0,0244398
-0,01156652
0,01361266
-0,01617369
0,008456706
-0,0207129
0,02628278
-0,03069278
0,02631381
-0,005405987
-0,03162112
-0,01445547
-0,02616815
0,02349044
-0,00798641
0,007147997
0,007485873
0,007220852
-0,03836206
-0,0254267
-0,007534816
-0,009606813
-0,003488498
0,01199276
0,005636616
-0,01708618
0,01283106
0,0132207
0,00219412
-0,01234591
-0,03172319
-0,0262878
-0,01817098
-0,01841786
0,004619015
0,002068695
-0,01628196
-0,01105864
-0,02314703
0,02853767
0,02235502
0,02941055
-0,007006119
0,01506078
0,02550256
-0,002451667
0,02057182
0,009402671
0,008487989
-0,02903783
-0,001426354
-0,005411926
-0,02149283
-0,02082856
-0,01110032
0,005894423
0,01077773
0,02088686
-0,003924087
-0,0190946
-0,01734335
-0,02413216
-0,005687329
0,003909638
-0,0107207
0,02040227
-0,03175632
0,01930323
-0,01734835
0,01917902
-0,01007635
-0,01166407
-0,003031409
-0,03695757
-0,0223047
-0,004163026
-0,03107497
0,01780899
0,02351302
-0,01351107
0,0009906868
-0,01925845
-0,02442185
0,0003587371
0,01816746
0,007207094
0,02800798
-0,02927073
0,02281345
0,02825008
0,01873536
-0,009412386
0,02115432
0,02327111
0,01160717
0,01355233
0,0009781432
0,01284103
-0,01207453
0,02738136
-0,01100403
0,02209074
-0,01749397
0,01137216
0,004447469
-0,02799362
0,01777544
-0,02619169
0,01911251
0,01246622
-0,002670792
0,02139744
0,02522092
-0,02645193
0,005192929
-0,03314577
-0,03551837
0,01853915
0,007282391
0,005422761
0,01817224
-0,03727095
-0,04498728
-0,02164918
-0,03331498
-0,0286728
0,003016656
0,011581
-0,009737613
0,004188564
-0,02941435
-0,00837402
0,00261858
0,02624528
0,03087901
0,01063633
0,02827199
-0,006097556
0,02728762
0,01755048
0,01838135
0,02168938
-0,01925595
-0,02245183
-0,004267624
0,02838559
-0,005962763
0,01227932
-0,01862076
0,00626215
0,008647803
0,0008681084
0,02196362
-0,002226088
-0,02923183
-0,01733066
0,01616272
0,01784698
-0,001722449
-0,009993003
-0,009154463
-0,02839793
0,01318129
-0,02322724
0,004989839
-0,02947275
-0,02344646
0,01783192
-0,0357857
0,01433817
-0,03603783
-0,005346366
0,01492203
-0,04329353
-0,04216948
-0,02908342
0,01956832
0,02603812
-0,0308833
-0,02051353
0,0143121
0,02599847
0,003373212
0,01359505
0,02596676
0,0005683064
-0,002370083
-0,02612227
0,02579565
0,01441712
0,02408408
-0,01842636
0,0251545
0,005362649
-0,007616746
0,01683554
-0,02243438
0,02715299
-0,004725834
-0,01463716
0,009285884
-0,007080198
0,002133247
-0,01903055
4,185714E-05
-0,02820319
0,0002492449
0,02060343
-0,002847592
0,0231678
-0,01378705
0,01853218
0,01530582
-0,01679958
-0,0007079157
-0,009632656
-0,01216848
0,01754802
-0,02354292
-0,03044965
0,001185556
-0,0273552
-0,0358515
-0,01514162
-0,03438649
0,01636345
0,009066639
-0,007795059
0,003880628
-0,0203114
0,02788989
0,02926897
0,001828603
0,01248602
-0,0006696644
-0,01031718
-0,008153911
-0,008979442
-0,01690924
0,02348778
0,02965314
0,007170977
0,006819269
-0,02644143
-0,004760514
-0,02640339
-0,004062875
0,00572027
0,02806209
0,02190771
-0,01416933
-0,02351108
0,009523248
-0,01701377
0,003673821
-0,006754175
-0,01228783
-0,02792774
-0,02666099
0,004914865
-0,01349057
-0,0233254
-0,02078327
-0,02050255
0,01777009
-0,01659259
-0,01900048
-0,03824761
0,007990225
-0,0241809
-0,0322933
-0,03554583
0,00608877
-0,01769401
-0,02322674
-0,03072029
0,001850329
0,02542358
0,02633284
-0,03279972
-0,004017865
-0,02560775
-0,00570867
0,0177551
0,02616472
0,01801271
-0,01427561
-0,01393579
-0,01893668
-0,02644762
0,03002337
-0,01627248
-0,01598043
0,004928241
0,003432113
0,02239103
-0,004126906
-0,005766234
-0,02002783
-0,0274695
0,01613089
-0,005303928
0,0199976
0,01011501
0,01061342
-0,02256554
-0,007578332
-0,01816204
-0,03006308
-0,001494068
0,0185753
-0,007088049
-0,0229724
-0,0300764
-0,02838369
-0,02323996
0,004677374
-0,01685584
-0,02318024
-0,03362408
-0,03669754
-0,03805336
0,009993728
0,005124249
-0,01855049
0,01964152
0,01729511
-0,02491386
0,01389177
-0,01560795
0,00661288
-0,02031617
0,01555291
0,02392935
-0,01504583
-0,02844278
-0,01337392
0,01821786
-0,02338517
0,01692668
-0,004573716
0,02879955
-0,01930973
0,01019769
-0,01736279
0,00782146
-0,02413587
-0,0203817
-0,004168658
-0,01211691
-0,01868131
-0,02963568
-0,02460733
-0,02498918
0,0265667
0,01089294
0,002316095
-0,02870426
-0,01004603
0,01357852
-0,01633872
-0,01736908
-0,0007761508
0,01396126
0,01573111
0,004332136
-0,001095518
-0,02237492
0,01204336
-0,03324633
0,02358348
0,0133158
-0,0241255
-0,01021161
0,0006204406
-0,0296112
0,01349937
-0,03018623
-0,005858576
0,005145932
0,01738078
0,01087097
0,01177838
-0,002602735
-0,02377327
0,007382029
-0,02618892
0,01218964
0,02827541
0,001461576
-0,005015139
-0,0214071
-0,007030464
-0,01054812
-0,0007774179
-0,01859887
-0,0004548409
-0,005541134
0,01798158
0,002641454
-0,02669665
0,02317572
-0,01156695
-0,01620754
-0,01403539
-0,01363791
0,01108933
0,004053247
-0,005275834
0,02005341
0,02263286
-0,005207312
0,00301327
0,009756927
0,02021057
-0,005870777
-0,01094725
0,01989399
0,003229931
-0,02482106
-0,006275758
0,009857696
-0,02617719
-0,0228185
0,007431003
0,01248923
-0,007814666
0,02188881
-0,03254183
-0,006640884
0,005311232
-0,007825009
-0,01323225
0,02482717
0,001795974
0,02634913
-0,007693878
-0,0009278684
-0,01813544
0,01797737
0,02073175
-0,005215259
-0,01544709
-0,02446372
0,00844299
0,02796867
0,002269699
0,008745423
-0,007864546
0,02377891
0,009699792
-0,000600017
0,01168944
-0,001230764
0,02500372
-0,0188522
0,006377733
-0,02828005
0,0001227814
-0,002262349
0,01725005
0,01257324
0,00353485
-0,03579358
-0,02139184
-0,0117951
-0,02922628
0,001039708
-0,02935741
-0,03682036
-0,02811112
0,01989511
0,009950859
0,01610276
-0,01368037
-0,03072256
-0,004670176
-0,02946096
0,004406604
0,01078444
-0,01734502
0,01696122
0,003865943
-0,02571484
0,01258305
-0,02636433
0,01118136
0,01953445
-0,03020221
-0,01210529
-0,01617584
-0,01298839
0,02446921
0,01266269
0,02961826
-0,02653034
0,01719508
-0,01863144
0,01833943
-0,02259634
0,0188943
0,0215044
-0,004377837
-0,01208319
0,008810464
0,01186018
0,01292242
0,0210264
-0,0278894
0,01300572
0,006698516
-0,004426984
-0,01117596
0,01211778
-0,02904311
0,01483726
-0,02735711
-0,009700567
-0,02290109
-0,02966284
0,005341008
-0,02223541
0,004216128
0,01623668
0,01149164
0,01613002
-0,03441918
-0,0326152
0,01912463
-0,01455189
-0,009779584
-0,01150823
-0,01506902
-0,003385827
0,02321476
-0,005855218
-0,006195819
-0,01384338
-0,006058612
-0,02944705
-0,01057727
0,01983134
0,01407755
-0,01587381
0,00876911
0,01233112
0,02109271
-0,02642872
-0,001034022
-0,02839209
0,02191167
-0,01464372
0,02499416
0,006371147
-0,008869483
0,002497439
-0,02064499
0,003034272
-0,002291102
0,01232606
0,002758684
0,007213648
0,02194987
0,0085943
-0,01389978
-0,02313706
-0,0299818
0,01573849
0,01647127
0,008139365
-0,009689312
0,01573517
-0,03084929
-0,01818977
0,01650729
0,02128677
-0,002611801
-0,008497791
-0,02175535
-0,02790097
-0,03139167
-0,03144788
0,002762554
0,01942053
0,0001367774
-0,0228972
-0,004595854
0,009971836
-0,02379623
-0,01034959
-0,01770853
0,01994836
0,01794603
0,008056756
-0,006616653
0,008940986
0,02143874
0,02848209
0,01892433
-0,01123591
-0,003141836
0,02470349
-0,02119569
0,01275716
-0,0009868825
0,02502247
-0,02506089
0,007367378
0,01473701
-0,008698686
-0,03659377
0,009374293
-0,01622568
-0,01135906
0,005297732
-0,001398184
-0,03380537
-0,03275503
-0,02503912
-0,02233196
0,009895423
-0,008299561
0,01467411
-0,002571871
-0,0004257151
0,006001586
-0,02755789
-0,005201411
0,02281524
-0,019408
-0,02615591
0,004181796
0,004149252
0,02325488
0,007001073
-0,02097519
0,02240396
0,02032525
-0,009008073
0,003710977
0,0305698
0,01925831
0,02496285
0,01280168
-0,009797365
-0,005078416
-0,001691423
-0,006165055
0,02408741
0,01600921
0,0005204427
0,0149157
0,01514295
0,004151943
-0,0005814505
0,02293015
-0,02788794
-0,001838868
-0,02593203
0,01482129
0,01549306
0,001367359
0,01072002
-0,00226791
-0,01698042
-0,01113622
-0,02541291
-0,01095098
0,005859257
-0,005061713
0,0005253383
-0,02792496
0,006197252
0,003723181
-0,02273236
-0,03372892
0,004434334
-0,02550731
-0,01579079
-0,02358172
-0,01929593
0,01334245
0,005169393
-0,02421743
0,01292343
-0,008261836
0,02010027
-0,0286535
-0,003909003
0,01329226
-0,02381065
-0,009325206
0,01444827
0,005372855
0,01594307
-0,007624351
-0,02619744
-0,009522715
-0,006801534
0,02463417
-0,01753256
-0,02852858
0,00889797
-0,009540318
-0,02911549
-0,02067033
0,02608743
-0,03202565
-0,018587
-0,01000593
-0,0202389
0,01942462
-0,01948518
0,02358945
-0,0005069836
-0,03304712
-0,03506026
-0,002094117
0,008078235
0,01539967
-0,008345262
-0,03245833
-0,03914692
-0,03744454
-0,01184979
-0,01242116
-0,002749339
-0,02385128
0,02168064
0,01966509
0,02660416
-0,0130937
0,01373245
-0,01027232
0,02563422
-0,01888765
-0,02472246
-0,01511855
-0,02522558
-0,001963118
-0,008387573
0,01889554
0,0150227
-0,02812088
0,0007167381
-0,018351
-0,0266967
0,01633062
-0,02890118
0,01207171
-0,00792337
-0,0014287
0,0004014461
-0,005058766
-0,01100467
-0,03006337
-0,03425809
0,0003124738
0,01773667
0,00427203
0,004663971
0,01685417
-0,02656587
-0,01081615
-0,007339983
0,01854756
-0,02413001
0,01613178
-0,0416455
-0,02197977
0,01611524
0,004740281
-0,01222417
-0,02292869
-0,0046645
0,01009149
-0,01033909
0,02452356
-0,004510424
-0,01734496
-0,01024014
0,01522569
-0,02347207
-0,01802886
0,002493186
-0,0007720671
0,01812444
-0,0129051
-0,02966466
0,02365018
-0,01801108
0,001074699
-0,00891971
-0,002771786
0,01869254
0,002601848
0,01027986
-0,009194272
0,005311088
0,006103803
-0,03041623
-0,02310189
0,01519756
0,009775035
0,01290817
0,001618139
0,02217173
-0,02704994
0,01814288
-0,0005623438
0,001292338
-0,03581707
-0,03196469
0,001107318
-0,0200203
0,015031
-0,0002324605
0,01298313
0,008838772
0,01323767
-0,03742137
0,01281072
0,01694691
-0,03472106
-0,0315893
-0,009769744
-0,008184863
-0,02604714
-0,001336835
-0,03050807
-0,02688115
-0,02548976
-0,006402154
0,02295643
-0,01746947
-0,01964976
-0,03093632
-0,003645699
-5,711013E-05
0,029216
0,005201825
0,0115725
-0,003299121
-0,004497453
-0,01406699
-0,01890151
-0,005281428
0,01161663
-0,02180819
0,02352601
0,02082418
0,01512466
-0,002403453
0,01193229
-0,003498735
-0,02658351
-0,02281028
0,001887559
-0,003010185
-0,02150605
-0,02897636
0,01564066
-0,004389775
0,009469867
-0,01101728
-0,0056262
-0,00160427
-0,02875824
-0,01721605
-0,03822876
0,01061118
-0,02753315
-0,01298444
0,01420398
-0,02013906
-0,01296781
-0,006402995
-0,001234689
0,01631505
0,02777826
-0,02663805
0,01621755
0,026311
0,008207795
-0,02058323
-0,01090121
0,006346735
0,0120416
-0,00421696
-0,02502989
0,02937003
-0,009343091
0,02464954
-0,01813409
0,02178164
0,01323704
-0,0247539
0,006133535
0,02554199
0,01390019
0,002392439
-0,01576799
-0,01299801
-0,02730142
-0,03060989
0,005004945
-0,01193623
0,004597831
-0,01258277
-0,0313096
0,002440774
0,005177194
0,01306499
-0,0007950134
-0,02091781
-0,01470719
0,01691841
0,01883124
-0,001020056
-0,03276524
0,01672328
0,01871032
0,007741017
-0,02037316
-0,0314148
-0,003596096
-0,01397583
-0,02066021
-0,03213656
0,003947591
-0,01214259
0,01883554
0,004683329
-0,02344311
-0,008437922
0,0161761
-0,001156254
0,0244161
0,009670247
0,004786083
0,02875094
0,02824474
-0,009475462
-0,0100767
-0,005153845
-0,01344849
0,000726458
-0,01270473
0,0258985
-0,002175671
0,01792312
-0,01871654
0,03005518
0,01677071
0,01509235
0,00530989
-0,004059921
0,02386037
0,02404066
-0,007944469
-0,02146453
-0,03181162
-0,0008803824
0,0112682
0,01256979
0,01354785
-0,03127485
-0,0001896972
-0,02702613
-0,01351263
0,01466004
-0,03526565
-0,02355069
-0,03908293
-0,02700379
0,02082481
0,002526551
-0,006286477
0,02284985
0,02007902
-0,02945241
-0,02849606
-0,01363704
0,0006653976
0,0170476
-0,02212626
0,02024968
0,01849423
-0,008036742
0,01696085
-0,0104682
0,002228452
0,02869854
-0,01827063
-0,01146987
0,02051951
-0,008425967
0,005368562
0,003874159
0,002346875
-0,02187015
0,01890725
-0,02501234
-0,00317241
0,004378324
0,0158801
0,02185011
0,02429317
0,002636927
0,01451016
-0,03552406
-0,03456707
-0,0308032
-0,02874069
-0,01263738
-0,02298944
0,01226572
-0,03798107
0,0142121
-0,007128375
-0,04029927
-0,01563358
-0,01889777
-0,0150143
-0,02890175
-0,01589526
-0,033629
-0,02834205
0,01191677
-0,01009448
0,006977546
-0,03239353
0,02119276
-0,009640396
0,01207035
-0,01488467
0,02776849
0,01949498
0,02697491
-0,02633918
-0,01451447
0,02470196
-0,01689743
0,006918895
0,01574812
-0,01331782
-0,0001924699
0,02333384
0,01738074
-0,02694077
0,02851911
-0,01654935
0,006044374
0,02527857
0,002910623
0,01686165
-0,001369998
0,006697401
-0,01300801
-0,01635429
0,009032213
0,01412693
-0,02370667
-0,01622461
-0,02700967
-0,03907447
-0,03388568
-0,001062449
-0,02106058
-0,03108155
-0,01926877
-0,02960894
-0,02755448
0,01634524
-0,01481047
-0,03016436
-0,02959864
0,009519913
0,008586121
0,02162008
0,01895785
-0,02073797
-0,01421524
0,009258378
-0,007899791
-0,006631142
-0,007694604
0,02727117
0,01879824
0,02548419
0,01467185
-0,01437032
-0,00139033
0,01253323
-0,00813876
-0,002899847
0,01186088
0,02874378
-0,001114819
0,01503232
-0,02606153
0,01587804
-0,003291272
0,005074237
0,0162041
0,024147
-0,02393889
0,01177846
0,000151539
-0,007260158
0,00373748
0,01294854
-0,03380159
-0,00411667
-0,01393996
-0,005642909
-0,01039086
-0,007296618
0,01159387
0,0073865
0,00124673
-0,01989326
0,02232367
-0,006387544
-0,007759965
-0,03612701
0,0002913051
-0,006267302
-0,0006435486
0,0229219
-0,007451462
-0,02442558
-0,0185732
0,02543997
0,01591271
-0,02547627
0,00864613
0,01121029
0,02380638
-0,004114887
-0,01564229
0,006396479
-0,006522422
-0,008048405
-0,0159672
0,02770017
-0,0155549
-0,02939344
-0,009273793
0,02061332
0,02539996
-0,02384013
-0,02457387
0,01389034
-0,02631383
0,0201362
0,02313394
-0,02700234
-0,02134145
0,01259668
-0,0120165
0,006641505
-0,02057525
0,00451043
-0,03597169
-0,004511351
-0,004398747
-0,03110906
0,003514018
-0,01704874
0,01562655
0,01328199
0,004668052
-0,0104034
-0,006097699
-0,03562941
0,01674861
-0,001871629
-0,0191414
-0,002519239
0,01590202
0,001386136
-0,02465449
0,01209192
0,02981693
-0,01514231
-0,02988483
-0,0006947268
0,01990564
0,02443692
-0,02036172
0,004877867
0,0007993227
-0,02202537
-0,02491391
0,002555385
-0,007676668
0,01610111
-0,009484701
0,009703699
-0,008238973
-0,02228415
-0,01224922
-0,02753984
0,02774848
-0,02408082
-0,003830438
0,00989463
-0,01668284
-0,02599957
-0,02755485
-0,008947966
0,01806189
0,005566965
0,02189589
0,009529327
-0,002348611
-0,003904963
0,0007778526
0,006071789
-0,00603001
-0,03450933
-0,02122044
0,01112173
-0,02375548
-0,01641454
-0,01545367
0,0003830394
-0,0120118
0,02761448
0,008179704
-0,02853521
-0,02121487
0,002803385
-0,02380634
0,00764338
-0,01723524
-0,02826457
0,0116595
0,02240253
0,01695484
-0,01106027
-0,01495979
0,01586848
0,02314296
0,0164013
0,01497766
0,02108533
-0,01913374
-0,01174452
0,02513368
0,01905028
-0,02383029
0,005833099
-0,02305185
-0,01224108
0,02033842
0,0006487081
0,02383526
0,01213993
0,01812676
0,02419293
-0,01332078
-0,02045912
-0,0110187
0,02166959
-0,02357359
-0,01736316
-0,002994326
-0,02193127
-0,003961341
-0,003659693
0,01444108
0,01220812
0,02747527
-0,0196845
0,01818307
-0,001632295
0,02486585
-0,008083117
0,001703573
-0,002558827
-0,01097539
-0,02791949
-0,02854114
0,02068113
0,02627785
0,004098301
-0,008132597
0,01881209
0,01626896
0,0111806
-0,02294564
0,03006386
-0,02624916
0,01901821
0,02832876
-0,02925985
-0,007990835
0,02521825
0,00299462
-0,005084095
-0,01424308
0,02144773
0,01162938
-0,008267515
0,02406372
-0,009991058
0,007434123
0,02614787
-0,003424026
-0,01399603
0,003200745
-0,0054453
-0,02738232
-0,01689227
0,003175867
-0,01583299
-0,02435152
-0,006104985
-0,03802947
0,001337939
0,02056581
0,01527033
0,003022063
0,02175727
-0,001995952
0,02160129
0,01263636
-0,019306
-0,01530103
0,01723627
-0,02399418
0,02867625
0,01809433
-0,02445101
-0,0191662
-0,001145671
-0,009995815
0,01098889
0,02472738
0,004035515
0,0262609
-0,004064556
-0,01018811
-0,005841541
-0,02720509
0,004392434
0,0211161
0,01391096
-0,01915844
0,009607966
0,0199282
0,01983034
0,02295819
0,02399534
-0,002903461
0,0001241236
-0,01413163
0,01899724
0,02427114
-0,02837612
0,007771521
-0,004394275
0,008158063
0,005216596
-0,01872737
0,001061122
0,004782558
-0,03900074
-0,02840341
-0,02574357
0,02486395
0,0009839712
0,01060665
-0,002883759
0,01541048
0,0006366032
-0,004045759
-0,01938
0,0207986
0,0226695
-0,02886342
0,02937459
0,0279203
0,004517883
0,0305241
-0,0109452
-0,02374583
0,0267326
0,00832253
0,01023908
-0,02034085
0,0004097529
0,01455356
0,01888428
0,02455586
-0,001842482
0,01450687
0,01056656
-0,01936873
-0,008275239
0,01851671
0,01851113
0,00281149
-0,02949417
0,01170744
-0,01364527
-0,02013566
-0,006458515
-0,02183743
0,02790695
-0,02784373
-0,02344359
-0,03453697
-0,03299154
-0,0321522
0,003952609
-0,00593959
-0,02978981
0,003313355
0,02108969
-0,001069442
0,0169927
-0,003750537
-0,0001622811
0,03014514
-0,00230266
0,01872582
0,02084833
0,005592048
-0,01333353
0,01743152
0,01741456
0,02829519
-0,004454591
-0,02696938
-0,01541292
-0,003801644
0,02770871
0,02302935
0,01302538
-0,02333067
0,01114149
0,0161966
0,008438332
0,005097322
0,03066129
0,001421735
0,0117547
0,01627718
-0,01651258
0,02619134
0,00506863
-0,02994023
-0,0150745
0,02216971
-0,02987569
-0,006649127
-0,02636979
-0,02870461
-0,01796437
-0,002658262
-0,01095435
0,01989423
0,01937188
-0,02326404
-0,01786456
-0,0249491
-3,774912E-05
-0,03408142
0,01560005
-0,01897084
0,001679415
-0,01387713
0,02658296
0,01860764
0,02444587
-0,0270282
0,01909352
0,02656129
0,03070418
0,02790148
-0,02240474
-0,02473171
-0,008736535
-0,01044019
-0,01777016
0,01678336
0,0140558
0,006006386
-0,02828908
0,02205767
-0,006960419
0,02404251
0,007483441
-0,01730467
0,01550411
0,01977444
0,02257382
-0,004283571
-0,01350996
0,01855412
0,02675706
0,01005432
0,0268701
0,03010412
-0,006477565
-0,01035696
-0,02870651
-0,006345799
0,02765936
0,02612383
0,001253154
-0,02688227
-0,03355748
-0,01862969
-0,01364308
-0,01726596
0,0007249755
0,0029446
-0,0321527
0,001292702
-0,002674341
0,02604963
0,02848989
0,02871096
0,0232815
0,01152644
0,009558139
0,01574119
-0,02586887
-0,02647916
-0,01795688
-0,007958394
0,01039225
-0,01851695
-0,02905975
-0,001659322
-0,01949185
-0,007810401
0,02688319
0,02357115
0,01376999
-0,01330077
0,006420947
-0,02685642
-0,01356111
-0,01510475
0,02046669
-0,009814457
0,02094412
-0,001591611
-0,01271966
-0,0119683
-0,005211877
0,01189414
-0,009294902
0,02899257
0,009019259
0,02674084
-0,02493102
0,01019142
0,00692009
-0,01476503
-0,009838765
0,0252449
0,01644255
-0,01878383
-0,003522368
0,02059132
-0,01406772
0,02345086
-0,02534538
-0,02280269
0,008817067
-0,02231028
0,0203904
-0,01808351
-0,005266251
0,02798648
0,01292515
0,007103593
0,02185002
-0,009300007
0,02585354
0,00513686
0,01553357
0,02561665
0,02822603
0,02794548
0,02245543
-0,02709295
0,01825991
-0,01734208
-0,01535828
-0,01622867
-0,01629485
-0,004638749
0,02351152
0,009691362
-0,01454568
-0,02769946
0,0169213
0,02862774
-0,02834823
0,02473415
-0,006590896
-0,01990987
0,008038924
-0,01284277
0,02276336
-0,0245095
0,002867145
0,01217366
-0,01440774
0,001572596
0,0233006
-0,009843277
-0,005945318
0,01766238
-0,01907369
0,0220435
-0,0151111
0,001351062
-0,02985906
-0,01513425
-0,02322343
0,02487162
0,02667016
-0,00353876
0,02460161
-0,005253896
-0,01112263
0,01367557
0,01133752
0,009060733
0,0203313
0,02344749
-0,01169281
0,03068578
-0,01735248
0,007142619
-0,01276757
0,01041339
-0,0261267
0,01440857
-0,002356896
-0,02596607
0,02721013
0,01409157
-0,007951015
0,023555
-0,02846672
-0,02572768
-0,002349642
-0,006927695
0,01786066
-0,01371437
0,02854075
0,01751281
0,01626851
-0,003550983
-0,01924033
-0,01916741
-0,007293533
-0,0008945321
0,01846191
0,02118741
-0,02675469
0,007399441
0,009846786
0,02900014
-0,02826983
-0,006733973
0,006035377
0,00555949
0,00600965
0,00673205
-0,002684283
-0,01312541
0,01759132
-0,02686077
0,02823415
-0,01832701
-0,02609803
-0,02890433
-0,006902212
-0,01567347
-0,01405169
-0,01165997
0,02279655
0,004420587
0,02582156
-0,0001063371
-0,01731537
0,01457782
-0,006104571
-0,0253342
-0,01307602
0,005063853
0,02545784
0,006075003
-0,02899569
-0,0111305
-0,02667459
-0,007720166
0,02089894
0,008018631
-0,001788356
0,02174764
0,01655652
-0,02064591
0,01787431
0,01045268
-0,0271419
0,01642197
0,001430118
-0,02831048
-0,02162095
-0,008109305
-0,0256862
0,003983058
0,005877337
0,01439036
0,01493743
-0,02338394
-0,02579034
0,002964017
-0,01916257
0,02269423
-0,0186452
0,001358139
-0,01026485
0,022716
-0,008654339
-0,01885723
-0,02792756
0,008679067
-0,0217533
0,01213874
-0,01996942
0,01521092
0,01643521
-0,006585382
0,001749506
0,01279194
0,01595096
-0,01577361
-0,001500659
-0,001522345
-0,01679998
-0,007196865
0,02697353
0,02540234
-0,0007364224
-0,009558229
0,0293683
-0,0136099
0,004098307
0,02699251
-0,0117939
-0,01219309
-0,002763264
0,00679145
0,01096988
-0,01433413
0,02090482
0,02679457
-0,01018746
0,02043603
0,01262695
0,02296349
0,02329283
-0,003482076
-0,01791766
-0,008781577
0,01892215
-0,01718818
-0,01644574
-0,02703585
-0,008737929
0,02067521
-0,02563008
0,0129126
0,009019268
0,0193302
0,005048459
-0,005080358
-0,00639249
-0,02889917
-0,0179584
0,01621824
-0,02555791
-0,0181486
-0,006160027
0,02246945
-0,01225283
-0,02019717
0,01236837
-0,01422341
0,02222526
0,01995341
0,02478143
0,008437307
0,01654468
-0,009119547
-0,000356951
6,414681E-05
0,01265622
-0,02276038
0,001632519
0,01633098
-0,02736005
0,0008355187
0,005008345
-0,002095121
-0,01650747
0,01485964
0,02789522
0,0224744
0,0109818
-0,004536064
0,002499636
-0,01135423
0,008425763
0,02632929
0,01832492
0,01171838
-0,02678998
-0,009307807
-0,02622448
0,009509532
0,001346698
0,02807559
-0,01895951
0,001769006
0,02610408
-0,003396238
0,02688435
-0,0118649
-0,01033229
-0,02509705
0,01258613
-0,01399626
-8,87038E-05
-0,003928412
0,0131953
0,00358502
0,00672567
0,02618924
0,008988217
0,00340663
-0,0176864
0,02016882
0,005226789
-0,003783121
-0,01280355
0,00606333
0,030231
0,02041581
0,002878675
0,01812055
-0,003394918
-0,007779768
-0,02646702
0,02237604
-0,01535254
-0,02479368
-0,009409061
-0,02623429
0,002588921
0,01710075
0,01819719
0,009579542
0,002836596
0,00596092
0,01410024
-0,01308363
0,01944409
-0,01749123
-0,01621758
-0,01488589
-0,02490922
-0,0223657
0,01222332
0,0009849718
-0,002823828
0,01180718
-0,007207016
0,01546921
-0,01550754
-0,01008691
-0,003291512
-0,02341313
0,01581024
0,001766346
0,008515007
-0,009808199
-0,01789813
0,007654182
-0,01895716
0,007645189
-0,01688806
0,002746221
-0,006676638
0,02188366
0,01519225
0,00302108
-0,01300195
0,02929045
0,01252512
-0,02983746
0,01742586
0,01813506
0,0068017
-0,01180743
0,01361565
-0,01044169
0,01104183
0,003506453
-0,004478937
0,003357907
0,01293201
0,005490977
0,01979164
-0,01743884
-0,009198555
0,01212485
0,02478243
-0,02849012
0,02857608
-0,006034299
-0,02528192
-0,01812128
-0,02837633
0,006769058
-0,02800642
0,002919771
0,01476048
0,02079013
0,0160989
0,02464987
-0,005173977
-0,005994224
-0,02716142
-0,01592536
0,003200959
0,00941894
0,0006782249
-0,002104752
0,01906004
-0,01089557
0,009945928
0,009134374
-0,01811308
0,007720547
0,02486333
0,008118412
0,01317939
-0,01954106
0,001029929
-0,02667021
0,008963654
-0,01438454
-0,02913799
-0,01138782
0,02625581
0,005459595
0,01620951
0,03036123
-0,0141571
-0,01969668
0,005122608
0,02058282
0,01802622
0,001626824
-0,02098632
-0,0106296
0,002697957
0,005965431
0,01024673
0,01201901
-0,01862532
-0,003226524
-0,01697521
0,009479091
0,01459729
-0,00377706
0,03054554
-0,0055779
0,01235691
-0,00571315
0,02019305
0,004188742
-0,0103824
0,01270512
-0,01438103
-0,02071643
-0,006833988
0,01475414
-0,01157826
0,02836972
0,02373881
0,0009788775
-0,01805272
0,008628201
0,01447535
0,01998021
0,02165443
0,010759
-0,001297524
0,005686345
-0,02446897
-0,02264483
0,0009313299
0,01977699
0,02260154
-0,01778518
-0,02753305
-0,008104693
0,00467977
7,104704E-07
0,005421326
-0,008185078
-0,01198864
0,0222592
-0,009183021
-0,02896456
0,00100245
-0,02465023
-0,01393775
0,03032316
0,02671468
0,0185274
-0,01244244
0,01247899
0,01888671
0,01100502
-0,01517725
0,005040533
0,02558102
0,02519059
0,005180434
-0,0102943
0,0262425
-0,02337145
-0,01127368
0,01284151
-0,02674295
0,0004596252
0,02065353
-0,02665417
-0,02323612
-0,02882429
-0,0199794
0,01899461
-0,007142761
0,001874336
-0,01706641
-0,009772207
-0,01226726
0,01341024
-0,01102255
0,01628625
-0,005210134
-0,0009250257
0,009578307
-0,01238427
0,02040146
0,01906163
-0,02909484
-0,01833331
0,02803788
-0,001921909
-0,002978347
0,01015009
0,0254439
-0,01420834
-0,003772372
-0,01863268
0,003567006
0,008613165
0,02840183
-0,02945492
-0,01467163
-0,01727986
0,02356383
0,02554029
0,008516468
-0,0008266916
-0,01038214
-0,01298353
-0,001945086
