0,00480234
0,02490469
-0,002259557
-0,0176091
-0,02843118
-0,02260863
0,002004418
-0,01359836
-0,002001349
0,0280694
0,005132594
0,01532006
0,02184062
0,02667708
-0,01599744
0,007382316
0,002043122
-0,02478901
0,0111792
0,01552961
-0,02199912
0,01573133
-0,01537009
-0,02638146
0,005468062
-0,01920523
0,02888224
0,02207593
0,008219869
0,005731207
-0,02308581
-0,02088435
-0,005721113
0,008916579
0,01631355
0,01669285
-0,006137436
-0,01386008
0,00645907
-0,02532504
-0,008580732
0,01151703
-0,00462803
0,01950949
-0,005948436
-0,001852949
0,02725016
0,01454675
0,001951723
-0,008066474
0,01792739
0,0178987
-0,03079893
-2,124313E-05
-0,0001392229
0,01718884
0,01980242
-0,003184934
0,005449536
0,02653192
-0,02189333
-0,004144198
-0,001061152
0,01622267
0,02321392
-0,001997984
-0,002990715
-0,01540704
-0,01580163
-0,002325541
-0,01407292
-0,006686626
-0,001759442
0,0050013
-0,002884289
-0,0004178289
-0,01103476
-0,01392967
0,003903108
-0,02700932
-0,01005037
-0,0004028747
-0,001674756
0,005664117
0,04238048
0,00712598
-0,01723721
0,03497153
-0,00485963
0,02700565
-0,007907162
0,03670511
0,007052713
0,01290851
0,02874542
0,01594803
-0,02401791
0,005299502
0,02968559
0,02852647
-0,02904179
0,01580827
0,0004636861
-0,01767224
-0,03538461
-0,01148275
-0,02752751
-0,005553747
-0,0225673
0,03057404
-0,0001072497
-0,02761068
-0,002138379
-0,0009517212
0,01853482
0,01920977
-0,01685484
-0,01710673
0,02719568
-0,007705744
-0,004453699
0,01101224
-0,03275209
-0,005554329
-0,009548776
-0,01453942
0,02784964
0,02335327
0,02217618
0,02021312
0,01753652
0,0371649
0,008494508
0,02753633
-0,0003704026
0,03729745
0,04096821
0,01421718
0,01850868
0,02977035
-0,01476595
0,0235918
0,0145121
-0,01946933
-0,009920069
0,01723446
-0,01781691
-0,02438087
-0,02625554
-0,02019602
0,007056142
0,02663802
0,01148812
-0,01072633
0,002263624
0,002702471
0,01957026
-0,01212616
0,0349397
0,03169206
-0,002342188
-0,01565964
-0,01162336
-0,004501707
-0,007734385
0,009791382
0,02133447
-0,0282557
-0,01215146
-0,01985947
-0,02632857
0,009706293
0,01539838
3,895572E-05
0,001593154
0,03463637
0,03934347
0,03340688
0,05855767
0,01852179
0,0109187
0,03217518
0,02321258
0,01076392
0,0004844285
0,05826107
-0,005389794
0,0404912
-0,002687096
0,04884316
0,02939994
0,009640792
-0,002762699
-0,02001496
0,01256367
-0,007168406
0,01649983
0,0008578251
0,02097124
0,01605974
-0,02482126
-0,01583305
-0,01598715
0,01783025
-0,0403651
-0,005531663
0,002733969
-0,02563041
-0,02604181
0,02713914
0,01306692
-0,05965884
-0,04152444
-0,01969321
0,006174938
0,0007222301
0,02472046
-0,001219087
-0,01784899
-0,02664821
0,01767364
0,02338668
0,03188403
0,03418003
0,02720243
0,04859488
0,007788807
-0,01910185
-0,003111793
0,03611847
0,0123854
-0,06325468
-0,009469333
-0,02633973
-0,01467213
0,04799842
0,03423556
0,007834458
-0,02064436
0,005048985
0,01033337
0,007361181
0,01715671
-0,03933264
-0,0425789
0,000926033
-0,01752019
-0,01029722
0,01129071
0,02761477
0,01439712
-0,01229668
-0,0403263
-0,02627515
-0,06556135
-0,04234049
-0,01871783
-0,0272466
0,03390499
-0,003678
0,005646253
-0,04110846
-0,05416223
-0,02802913
0,005596583
-0,007493682
-0,0375871
-0,0005023981
0,02396798
0,03062488
0,08193216
-0,005497468
0,02469079
0,05927867
0,01210808
0,03389845
0,03817929
0,01681815
0,05313767
0,07894531
0,01076645
0,02570922
0,03458254
0,04508942
-0,04078676
-0,07261846
0,01258138
0,03361984
0,08891805
-0,00287435
0,0198686
0,02343184
0,001667115
0,001811943
-0,009992971
-0,03393361
-0,03299499
-0,003431892
0,02655139
0,009409118
-2,224246E-05
-0,02160433
0,0002544428
0,03214123
-0,07679621
-0,04052725
-0,04977166
-0,06368763
-0,01522359
0,002407623
-0,01912716
-0,09323453
-0,07874571
-0,08318605
-0,03459683
-0,01635418
-0,05082364
-0,06936675
-0,001010281
0,04982001
0,07304394
0,02872694
-0,01372534
0,04967347
-0,02973608
-0,02646847
0,08826237
0,04077036
0,03863255
0,03224188
-0,01630372
0,07338765
0,04436621
0,02835076
0,01545691
-0,02312407
-0,04413362
-0,003888981
-0,005561263
-0,04776425
-0,01617542
-0,03356992
0,0346975
0,001523272
-0,03898489
-0,01218138
-0,009639435
-0,01541081
-0,012602
0,02925486
0,003891607
0,03236919
-0,04183072
-0,01432336
-0,02052996
-0,03739677
-0,02524905
-0,02141265
-0,02364881
-0,06277867
0,02874945
0,02369182
-0,07083972
-0,1721624
-0,06440243
-0,006775519
-0,008413091
-0,002899476
0,01370191
0,004752801
0,02446624
0,0806534
0,03810542
0,02892254
0,0537044
0,04035771
-0,02221138
0,01930374
-0,001504387
0,02624324
-0,005945603
0,09209909
0,02855231
0,03332322
0,01138538
-0,07070745
-0,043853
0,03544646
0,02242139
-0,03577277
-0,03244305
-0,05826037
-0,00911971
0,01666671
-0,005924116
0,003707481
-0,01669165
-0,01249004
0,005275606
-0,001926557
-0,02861883
-0,0155649
0,01219347
0,05243502
0,0009203541
0,06410992
-0,02259839
-0,033147
-0,03880227
-0,07678105
-0,007403668
-0,03059792
-0,07430822
-0,1458088
-0,1026551
-0,06102393
-0,01880326
0,006719856
-0,09249984
-0,06484175
0,02271301
0,04546311
-0,004197605
0,0003524802
0,02928808
0,03916956
-0,05035166
-0,005700795
-0,06696251
0,01113124
-0,006711554
0,09201224
0,0245638
-0,0127577
-0,04317524
-0,01091208
-0,07198448
0,05621929
-0,03583737
-0,01899013
-0,04922017
-0,01016243
-0,003335385
0,0137809
-0,002304033
-0,00575548
-0,007529688
-0,0260025
-0,04215359
0,02087704
-0,01922443
-0,01105833
-0,0318508
-0,006021406
-0,01245986
-0,02868584
-0,009751339
0,01137023
-0,03513818
-0,01945119
0,0008259538
-0,08230536
-0,09291008
-0,06013353
-0,0239315
-0,03277407
-0,003271653
0,02559682
-0,1031702
-0,03191102
-0,04303053
-0,02413677
-0,02855926
0,00758183
0,06342388
-0,0007537892
-0,05904299
0,009110191
0,009828605
0,01744994
-0,04732404
0,06225738
0,1171422
-0,05073673
-0,09902992
0,03782203
0,03440481
0,01398722
-0,04877889
-0,09310538
-0,02406303
-0,0849487
-0,01384962
0,008745139
-0,01947169
0,003453011
0,004638477
-0,001457648
-0,001139292
-0,03594914
-0,01779057
-0,00756118
-0,01999793
0,02736742
0,001685886
0,04748384
0,1041101
-0,02145162
0,01770604
0,01325658
0,03052164
0,02619559
-0,05755906
-0,07300258
-0,09075093
0,001202188
-0,0001929566
0,00376376
-0,1246731
-0,06539939
-0,1125052
-0,02467223
0,0807371
0,08052363
0,0797415
0,04828194
0,05350137
0,005149866
0,009584907
0,003513044
0,08608876
0,1054729
0,150539
0,02292241
-0,00013994
0,0426718
-0,04489143
-0,03796202
0,03836297
-0,06818439
-0,02334141
-0,07580517
-0,06840199
-0,04606027
0,01678615
-0,05300575
0,005002377
-0,02371755
-0,03775552
-0,01612915
-0,01623191
-0,02524656
-0,007446639
-0,01622553
0,05223711
0,01901858
0,00628984
-0,07066908
-0,07677696
-0,0002201644
-0,01052606
-0,07216614
0,01046466
0,02148531
-0,06390053
-0,01827617
0,01028777
0,001784671
-0,09604453
-0,07632409
-0,0219368
-0,002528015
0,007009123
0,03172851
0,05861939
0,05991883
0,08164302
0,07733369
0,0007426094
-0,01389323
0,01905521
0,02701285
0,05530862
-0,001646801
0,05733942
0,08932824
-0,08311004
-0,07179616
-0,04892071
0,06691333
0,04656054
-0,03242835
-0,07328249
0,03915736
0,01296021
-0,02689409
-0,0302631
-0,004624251
-0,04365854
-0,008656118
-0,01399942
0,02059059
0,03039648
-0,02778967
0,04476385
0,09026045
0,02977944
0,05266149
-0,04713234
-0,02477089
-0,00910175
-0,04557699
-0,04695654
0,0752266
-0,04725177
-0,01194672
0,08333483
0,0002130081
-0,009725181
-0,1060637
-0,1499247
-0,04541953
0,01810229
-0,0237141
-0,06487156
-0,09447222
0,02879494
0,1027431
0,229551
0,1602484
0,1226082
0,1654506
0,09211557
-0,04043608
-0,01428329
0,05245513
-0,05670578
-0,010848
0,01018934
0,0747991
0,02749604
-0,1072902
-0,1567899
-0,1035705
-0,01960878
-0,04062293
0,005957008
-0,05970437
-0,02006822
-0,01974841
0,0009783515
0,01815318
0,02383539
0,09171306
0,05398791
-0,01122377
-0,0105174
0,07890326
-0,005855895
-0,07782453
-0,1763123
-0,1115668
-0,03987934
-0,03321846
-0,008900847
0,04548369
-0,00982509
0,01545632
-0,03576534
-0,08281774
-0,08310287
-0,01117317
-0,02368522
-0,02870647
0,007680078
-0,138992
-0,0148141
0,1441031
-0,04008411
0,03395813
0,1142708
0,009601313
0,09867171
0,009634404
0,02601545
-0,03180793
0,001685775
-0,0104649
0,0751322
-0,07132724
-0,09704936
-0,1738596
-0,1359772
-0,05450844
-0,02608586
-0,01353646
-0,03051104
-0,01975341
-0,03915098
0,001485621
0,02036355
0,03175187
0,05160037
0,0738703
0,0185354
-0,006840722
0,01029511
0,006696685
-0,1152533
-0,09951533
-0,06358204
-0,1358676
-0,05126842
-0,1076063
-0,06840413
-0,02771053
-0,1282578
-0,09210839
-0,04302778
-0,09975234
-0,02256653
0,06034514
0,04168978
0,05179654
0,20714
0,04994718
0,08455195
0,09277728
-0,07498562
-0,1205454
0,05353256
-0,05166132
0,01247781
-0,004283014
-0,07622878
-0,02173972
-0,0560335
-0,0003426645
0,06388119
-0,1141854
-0,05960916
-0,03262696
-0,06645089
-0,04637628
-0,03979171
-0,01349974
-0,06299275
-0,008536672
-0,004289962
0,009214527
0,00921445
0,01863153
-0,003660881
0,01430668
0,04843697
0,005226227
-0,08411358
0,005890637
-0,03359421
-0,1275268
-0,1458129
-0,1019377
-0,07640251
-0,004073561
-0,07146527
0,06391415
-0,04175514
-0,1880038
-0,0280601
-0,05044622
0,06412447
0,1548203
-0,03454926
-0,01236449
0,1020363
0,1613356
0,1308326
0,08378869
0,1144193
-0,113338
0,1026891
0,1197227
0,00171119
0,07366624
0,06690641
0,0489419
-0,01462736
0,01484236
0,0915831
-0,0006177597
-0,05227851
0,005254746
-0,09127967
0,01031202
-0,0251122
-0,04957074
-0,004450392
-0,02099193
0,0217243
-0,01654961
0,01378397
0,003613992
0,01089695
0,01051111
-0,02040864
-0,09053326
-0,01270979
0,01552788
0,006354149
-0,05260593
-0,04440827
0,02642918
-0,01282866
-0,06446194
-0,06797796
0,02026607
0,08163901
-0,03575458
-0,01000221
0,06281999
-0,007763735
0,08317688
0,04322076
0,02590172
0,09858952
0,08165313
-0,02363463
0,08493514
0,0940556
0,00789526
-0,05600604
-0,04966146
-0,03939472
0,002066956
-0,03524541
-0,0370007
0,1396137
0,07494574
0,03026767
-0,05920757
-0,1002179
-0,1199782
0,01788652
0,04844119
0,01308615
0,03573269
0,01968873
0,01204931
0,01546026
0,01962289
0,001479487
-0,006001322
0,007682249
-0,008415294
0,05531382
-0,02010081
-0,03974864
-0,02866362
0,02496219
0,0183918
-0,01137251
-0,04126386
0,07634639
-0,03235289
-0,1000388
0,03014969
0,04375675
-0,0583102
-0,1187772
0,04887847
-0,1428295
-0,01018634
0,0004267287
0,06652704
0,08231185
-0,04979296
0,1041939
0,1954843
-0,02168969
-0,08821385
-0,1208364
-0,05651719
0,2349791
0,2788416
0,05879337
0,05757146
0,1741686
0,03355803
0,003529189
0,01718231
-0,01000485
-0,05174317
-0,02358754
0,03397407
0,02445419
0,0519341
0,02744021
0,005115006
-0,01737039
0,006449579
0,02778807
-0,004144767
0,01746399
0,007074642
-0,003041022
0,06153722
0,07315202
-0,08656296
-0,09934764
-0,04930531
-0,1276147
-0,1512056
-0,0966318
-0,04093586
0,02696127
-0,09718838
-0,1156519
-0,04423629
-0,08754129
-0,02367419
-0,02762741
-0,08745541
-0,1210918
-0,001925105
-0,06259703
-0,1009543
0,1614981
0,09782137
0,04517514
-0,0433299
-0,02336308
-0,04597333
-0,09937277
0,05747354
0,03507036
-0,007247027
0,06252734
0,003227346
0,04916399
0,02208912
-0,1018116
-0,03988589
-0,10726
0,01786221
0,09094492
0,01605683
0,03822442
-0,003756855
0,001373322
-0,03415328
0,02264701
0,001613387
-0,02073295
-0,00405645
-0,03784191
0,008614709
0,002887951
-0,03228775
-0,02596993
0,004654606
-0,0547675
-0,1334953
-0,04871088
0,01192976
-0,08222438
-0,09208432
-0,03986447
-0,05858886
0,03100207
0,06003579
-0,1126489
-0,1167768
-0,04431928
-0,1100914
-0,166442
-0,01228175
0,0462684
0,1689609
0,1027009
0,1372222
-0,01631203
-0,003482934
0,001868277
0,007969049
0,05143452
-0,0107993
0,05586993
0,04481299
0,08370242
0,09332474
-0,03126063
0,01584214
-0,01110152
-0,03652984
0,005078391
0,03346001
0,04658865
-0,01612029
-0,02848739
-0,02254865
0,02777799
-0,01063283
-0,002174358
-0,001742799
-0,03787233
-0,02514297
-0,01690935
-0,06309143
-0,005222571
-0,08379925
-0,1018154
-0,05272883
-0,06531998
-0,01302278
0,00686879
0,03260844
0,1421772
0,05241638
-0,065276
-0,08701935
0,07277026
-0,2014059
-0,02623097
-0,02093151
0,06257028
4,368701E-05
0,06481764
0,1449157
0,05864515
0,1798849
-0,0876722
-0,02768733
0,0226991
-0,04650685
0,06213571
-0,03015086
0,06310212
0,1261465
0,1023509
0,05455608
-0,02019786
0,09013839
0,1589295
-0,02714796
-0,0577739
-0,01530041
0,0002799931
0,00406606
-0,04188605
-0,0282461
0,02324701
0,02381544
0,01168819
-0,04133449
-0,01246392
-0,01493131
-0,06300066
-0,09900384
0,003202201
-0,1608385
-0,1840493
-0,1086534
0,02952798
0,07673459
0,03001407
0,1374393
-0,03087609
-0,073865
-0,05641504
0,02922869
0,1463883
-0,1730191
-0,03310663
0,01007047
-0,04694114
-0,03863343
0,1035378
0,1318249
0,04870401
0,09820789
-0,05861473
-0,081404
-0,06450731
-0,01577642
-0,05436469
-0,06057773
0,03465469
0,09583911
0,02463755
-0,01923057
0,02918972
0,04266303
0,07755847
-0,0162021
-0,06403797
-0,07162915
0,002183039
0,007622503
-0,007764871
-0,02419549
0,02474209
0,02401725
0,01503258
-0,02527346
-0,03392692
0,01007506
-0,108125
-0,04386609
-0,07032908
-0,08676787
-0,1851142
-0,0435737
0,1889525
0,2010942
0,1910615
0,005709313
-0,1163916
-0,003558347
-0,197825
-0,3094554
-0,1562711
-0,06776461
0,008846565
0,01237677
-0,05843375
-0,1160378
-0,08691087
0,09908606
-0,04228781
-0,07808172
0,02867698
-0,1481236
-0,1990578
0,1399527
-0,05838325
0,01840436
-0,009063794
0,07803721
-0,04073326
-0,04125862
-0,0160999
0,02026433
-0,05894743
-0,04432714
-0,07286321
-0,07562502
-0,03217954
0,007646083
0,01729286
-0,001955716
-0,002052722
-0,03123698
0,01952989
-0,02832299
-0,03451987
-0,05401188
-0,04329461
-0,0440304
-0,07338576
0,02213594
0,04679965
0,05596214
0,1259182
0,03243253
0,04263099
0,04664695
-0,07729609
0,1173841
-0,1253673
-0,02113091
0,01972997
0,01727748
-0,0296106
-0,1502938
-0,09607515
-0,1101723
0,03884242
0,1332045
0,07391308
0,002675441
0,0184044
-0,1460619
0,004239804
0,05740609
-0,06082048
-0,1634337
-0,04699305
-0,04240525
-0,03128659
-0,009387904
-0,02471581
0,02238666
-0,1087412
-0,09694759
-0,05370998
0,03047672
-0,04539951
0,004652237
-0,01223577
0,005995042
0,02217992
-0,008870335
-0,01331438
-0,01421712
-0,05225409
-0,03790468
0,02811949
0,06349903
-0,02111372
-0,01015293
0,1898221
0,116865
0,1684051
0,1060639
-0,01736523
0,02852616
0,03445653
0,15467
0,0830452
-0,06103463
-0,04012768
0,05180894
-0,007804666
0,1306261
-0,176379
-0,0611239
0,04775529
0,01188648
-0,0343552
-0,117885
-0,03582508
0,1113992
0,08881018
0,05142524
-0,01670476
-0,02676352
-0,07284563
-0,1375386
-0,1351053
-0,01991582
-0,04744307
-0,04375786
-0,06535132
-0,02987142
-0,01259717
0,006625908
-0,01660257
0,02421181
0,02191538
6,28467E-05
-0,0184977
0,00390721
0,0249465
-0,03588906
-0,02502955
0,02019618
0,02277571
0,005431287
0,01314831
0,1350442
0,07630356
0,04251572
-0,03267002
0,02941904
0,05945087
0,03495282
-0,1374276
0,01747654
0,001267455
-0,1768986
-0,1004728
0,137616
-0,03401874
0,02039644
0,08155704
-0,267785
-0,1915557
-0,0294215
-0,01756943
-0,1346103
-0,0997789
0,173058
0,01703141
-0,03024819
-0,06158708
0,0719948
-0,04570318
-0,09505595
0,05852854
-0,06049793
0,008290827
-0,06014585
-0,09494542
-0,03342411
-0,01588116
-0,01922488
-0,0352215
-0,02524812
-0,003599156
-0,01957992
-0,02719175
-0,007716267
0,01731398
-0,01970749
-0,006169917
-0,07286615
-0,003366672
0,009360339
0,05567272
0,1923684
0,1766692
0,1969951
0,1088501
-0,01583271
-0,07105332
-0,1995755
-0,1661706
-0,1058611
-0,1481358
-0,0940368
0,04270664
0,08667911
0,01965067
0,0678288
-0,1946284
-0,1733459
-0,2383075
-0,09747652
-0,06370845
-0,04528902
0,03175704
-0,005944103
0,02996554
-0,07592537
0,01278329
0,092283
-0,02905532
-0,01054787
0,05370551
-0,01785257
-0,05037134
-0,08056761
-0,1264549
-0,07891575
-0,07620939
-0,01987402
0,009712865
-0,01000729
0,0040703
0,01938726
0,0135741
-0,007895328
-0,01029343
-0,04484092
-0,005611533
0,1005283
0,06234868
0,04820559
0,1241291
0,2084617
0,1474193
0,2096396
0,05698902
-0,146243
-0,0004253
0,02308465
-0,1674761
-0,07258792
0,04159809
0,03585675
-0,000353656
0,03868775
0,04336122
0,1130601
-0,196095
-0,09441278
-0,04225242
-0,1884373
-0,1032557
-0,05345372
-0,1175615
-0,09118491
-0,005606574
-0,04906469
-0,0365616
-0,01804615
-0,08722933
-0,1364204
-0,01940961
0,04876847
-0,1333843
-0,1052623
-0,01259297
-0,03763196
-0,05931418
-0,02210445
-0,03250074
-0,04201058
0,004175072
-0,004282005
0,01293387
0,0206217
-0,03171741
-0,04049544
-0,02496061
0,05786317
0,1141281
0,1653181
0,1685263
0,08941771
0,09342757
-0,1066566
-0,08967127
0,01854556
-0,0233618
-0,01914651
-0,1067829
-0,1280186
-0,01855364
0,05230501
0,06911271
0,02412068
0,1815706
0,02509139
-0,1227247
-0,1522752
-0,235802
-0,2268346
0,005279211
0,02481637
0,0499923
-0,1372609
0,02220714
0,03705864
0,06585624
0,04028408
0,03160618
-0,02164965
-0,1002316
-0,0612392
-0,005974583
-0,06480128
0,03640854
-0,0601958
-0,05931959
-0,0300894
-0,006549434
-0,02319857
-0,01949176
0,01974834
-0,008439564
0,02156247
-0,0587532
-0,06703279
0,02145005
-0,06771053
0,03009854
0,06594475
0,04236961
0,02369132
0,07575226
-0,0844848
-7,43245E-05
-0,06763939
0,03700604
-0,03130515
0,04614963
-0,03919735
0,1110291
0,2304449
0,03326962
0,09915809
-0,07156123
0,04516339
-0,0897444
-0,2884667
-0,1429771
-0,3012303
0,07540845
0,05653806
0,07862584
-0,02217356
0,05709878
0,07972085
0,04842872
0,1982388
0,09491088
-0,1608834
0,04118796
-0,03529641
-0,0267603
0,0244857
0,0497913
-0,02209088
-0,07026146
-0,04478031
0,003324792
0,009360469
-0,02843528
0,01537671
0,0209356
-0,02638121
-0,03515878
-0,05054373
-0,02246486
0,05916322
0,03639739
0,1051102
0,09684043
-0,02303823
0,01592517
-0,1666379
-0,0001877384
0,01586758
0,1062249
-0,08805452
0,04895594
0,04519783
0,1949996
0,1682867
0,05578149
0,07357167
0,1275457
0,13367
-0,04306912
-0,1080008
-0,09627876
-0,1447878
-0,04903206
0,02024255
0,04228206
0,007647832
-0,01614072
-0,01089461
-0,01738397
0,09519492
0,01346892
-0,05850796
0,04473032
-0,006791607
0,1197189
0,1094554
0,01902753
0,007645424
-0,02204153
-0,0007700042
0,02100749
-0,008737821
0,01500428
0,01379806
0,003654942
0,01566362
0,004212122
-0,03907099
-0,04814123
0,05060292
0,03926431
0,2211498
0,1925353
0,1521806
0,0951322
0,06541347
0,1190941
0,1319303
0,02310412
-0,03893236
-0,00866515
-0,1006519
-0,02955532
0,1384467
0,182773
0,009274019
0,05259971
0,08318766
0,1053092
-0,002017615
-0,1642433
-0,2125162
0,0003679256
-0,003038103
-0,02530633
0,03616502
-0,09113371
0,09480105
-0,0103722
-0,04512777
0,09573817
0,0275909
-0,01551773
0,1306776
0,1260011
0,02802658
0,004056889
-0,02488908
-0,02489772
0,008351377
0,03797078
0,02071864
0,01954717
-0,02327843
0,009532153
0,00816934
-0,05386325
-0,01142115
-0,01717124
0,004451606
0,03431686
0,06655774
0,04903466
0,2303093
0,05563089
0,02296114
-0,05558136
-0,05876047
0,02032681
-0,02701708
-0,01891514
0,07713637
0,03704121
0,01752713
0,1315864
0,1059626
-0,06550725
-0,1152075
0,2075734
-0,01211206
-0,05394841
0,07158527
0,1138345
-0,1436146
-0,08584812
-0,06409784
0,03257489
-0,04339329
0,06925504
0,09947635
0,003152776
0,06538775
-0,03375895
0,01588707
0,0271829
0,02562703
0,02224797
-0,02330965
-0,01985014
0,0424483
-0,02183699
0,02717004
-0,02190039
-0,01225623
0,02858324
-0,006952961
0,03500012
0,006854514
-0,03511184
-0,003803375
0,1134513
0,07925131
0,2120342
0,05374113
-0,02582923
-0,04164034
0,006536959
0,0284065
0,01688906
0,03864293
-0,06820527
-0,1705572
-0,05664671
-0,02017341
0,04240272
0,1108943
0,1051289
-0,071456
0,1436762
0,0410351
-0,01154671
0,09479606
0,08762843
-0,02180246
0,002294819
-0,01921097
-0,09619708
0,1154502
0,01047333
-0,04728304
0,08329834
0,03468022
0,005784951
0,01175654
0,0001645329
0,07676867
0,05281208
-0,01210696
-0,02345542
0,02278398
0,003947599
0,02071204
0,02571398
-0,01945899
0,008429937
0,03893336
-0,03347387
-0,04178969
-0,008614323
-0,08286893
5,243872E-05
0,1469617
0,03446248
-0,03191727
0,08025871
0,1942653
0,1191993
-0,03194554
-0,05938998
0,01970857
-0,03911278
-0,1008225
-0,04710725
-0,09115176
-0,04400594
-0,01243917
-0,02346446
0,01824547
-0,0303489
0,04284656
-0,02350521
0,04825782
0,07739975
0,04522562
0,1794167
-0,07214446
-0,003829959
0,02256818
0,03718328
0,1071548
0,1444347
0,06488343
0,06291671
0,01466589
0,04404649
0,08361717
0,0476052
-0,03920191
-0,01382869
-0,006577345
-0,01195429
-0,009458589
0,01792407
0,009518659
0,01379089
-0,003274442
0,01928533
0,02215159
-0,07489856
-0,1222983
-0,05263034
0,06792478
0,04558966
0,06412593
-0,02405866
-0,005113217
0,03050922
-0,04352711
-0,1647715
0,02986192
0,0442953
-0,04065209
0,01414128
-0,004675828
0,1065605
0,1066806
0,08070904
0,06609134
0,1016421
-0,2703967
-0,01092534
0,004554412
-0,0429018
0,1344272
0,03896766
0,1170576
0,01982394
0,057818
-0,09657455
-0,007053258
0,07883281
-0,04164249
0,03109068
-0,02623112
0,02490545
0,07029683
-0,007766215
-0,009476703
0,01722237
-0,01037559
-0,02945811
0,02058479
-0,02750332
0,02953865
0,03682126
0,008600691
-0,03000859
-0,04848173
0,08132224
-0,009990951
0,1244875
-0,0245409
-0,02348551
0,03710751
0,05601645
-0,001493719
-0,007163543
0,006421661
-0,1265612
0,05758009
-0,06164766
-0,02741639
-0,1096399
-0,004288185
0,1339521
0,1327399
0,07637946
0,0727976
0,1511543
-0,1141969
0,1096687
0,04142738
0,04365337
0,01399687
-0,06718541
0,2055054
0,08510458
0,0577747
-0,05159334
0,08514497
0,07080505
0,09293021
0,09183786
0,02645302
0,0393334
0,044232
0,01197846
-0,01584032
-0,01409392
-0,01781935
-0,009834376
0,03706516
-0,01964996
-0,006929695
0,01344696
0,01714766
0,002446524
-0,07102069
-0,03365416
0,07539576
-0,03390846
-0,03319146
-0,09210976
0,00770817
0,07224653
0,01742266
0,04728378
-0,08627097
0,0626477
-0,05341249
-0,0406894
0,008363196
-0,1545692
-0,006446769
-0,01727547
0,05806464
0,007791996
-0,1137578
-0,00456572
0,02396072
0,04343132
-0,03695954
-0,06229437
0,1751701
0,07431336
0,1256941
-0,02464919
0,01654423
-0,1134313
0,01093687
0,05471901
0,1383288
0,03897408
0,05608246
-0,01001085
-0,02711527
-0,07250153
0,0030038
-0,005868237
-0,006667311
-0,003332948
0,03166281
-0,007682833
-0,01337953
-0,02015739
0,0003374002
-0,03731393
0,0267722
0,01562187
-0,1357674
0,02695687
0,09105317
-0,03903857
0,003406716
-0,002561919
0,01994528
0,07951628
0,05229036
-0,1264953
-0,1377851
-0,05116484
-0,05475771
-0,001891996
0,2160362
0,1366938
-0,05702418
-0,132834
0,09986187
0,09578263
0,01215681
0,1298234
-0,1465783
-0,03017047
0,132034
-0,008955908
0,03338208
-0,04047538
-0,06175578
-0,03908163
0,01235619
0,1531086
0,03302231
-0,07935546
-0,04791329
-0,01187277
-0,06063993
-0,0984483
0,0006812281
-0,02221119
0,01224209
0,003010632
-0,02421589
-0,01919302
0,02869716
-0,00131441
0,005161944
0,0133829
0,003937406
-0,06907886
-0,03959817
-0,00745947
0,02485851
-0,1039234
0,03505837
-0,15333
0,07316043
-0,04536913
-0,02328292
0,0365643
-0,07090896
-0,05386223
-0,03096197
-0,00155754
0,07931966
0,01433564
-0,04844074
0,001454042
0,0746842
0,03441186
0,1619473
-0,06260056
-0,07006565
0,08649185
-0,01489759
-0,02477379
-0,1316082
0,04066942
0,1166552
0,0420871
0,02809643
0,03661342
0,0334463
-0,02257662
-0,01269887
-0,03101322
-0,05400222
-0,03323619
-0,001281929
0,003190063
0,01370345
0,01738234
0,01664288
0,0149822
0,03117407
-0,02156784
-0,03675523
0,01228954
0,1170546
-0,01854375
-0,133854
-0,1330836
-0,06282931
-0,03623138
0,01776573
0,1109611
0,1032913
0,08120678
0,001181545
-0,08387312
-0,06136985
-0,04817294
-0,03657239
0,02157906
-0,02547234
-0,09945405
0,05935803
-0,1350259
0,002164012
0,05124821
0,06591799
0,04312624
0,1056732
0,03606906
-0,2712318
0,006187936
-0,03160711
0,1939076
0,03904948
-0,078656
-0,0975727
-0,08403633
-0,05055409
0,03717176
-0,01257323
-0,07288247
-0,05274853
-0,08581206
-0,03722175
-0,03231711
0,002828359
0,0003950253
0,01932157
-0,02594147
0,01036379
-0,006630537
0,01219513
0,03292619
-0,04553728
-0,02503285
-0,06280545
-0,09001269
-0,04204927
-0,1187518
-0,02074101
-0,07878422
0,06964733
0,03649598
0,01834526
-0,1201827
-0,06565797
-0,007447879
0,1383314
0,00102786
-0,04977096
-0,04872894
-0,01915853
-0,08894795
-0,2221944
-0,05750591
-0,0845226
0,06782152
0,08691443
-0,1495717
-0,0160349
-0,06737892
-0,06683293
0,002432537
-0,04120591
-0,01036033
-0,01515867
-0,04362764
-0,09865495
-0,06142351
0,01104524
-0,0002067642
-0,01854735
-0,02617514
-0,01159415
-0,0433263
-0,01180093
0,01285158
-0,01409865
0,0159995
-0,02626945
0,02897567
0,0226614
-0,002749634
-0,01529915
0,05597034
0,1378032
-0,07640453
-0,04600169
-0,1132722
0,001441683
0,03764236
-0,03568502
0,03190469
0,05300911
-0,0004721415
-0,002326842
-0,04980663
-0,009359304
0,01401311
-0,06054204
-0,07179742
-0,006407272
0,01868462
-0,1403534
0,09393544
-0,1756224
0,04623621
0,159863
0,07151934
0,02786281
-0,08072961
-0,05671677
0,08814107
0,07870521
0,02625043
-0,04119642
-0,07870091
-0,08333531
0,003620641
-0,0143507
-0,01887054
-0,01767019
-0,01937342
-0,06476065
-0,1046563
-0,03005024
-0,03132121
-0,001027713
-0,003004261
-0,0206314
-0,01495284
-0,04383716
-0,05031484
-0,0001690062
0,1127492
0,05384372
-0,07666291
-0,1975963
-0,1881573
-0,001898447
-0,05274926
-0,1493252
-0,1330176
0,06351678
0,03801288
0,08349219
0,117658
0,07379656
-0,1197882
-0,01370274
-0,07570751
0,06071503
0,1762938
-0,07502567
-0,07309727
0,05434311
-0,01996317
0,07397891
-0,03503453
-0,2021398
-0,03739113
0,1549651
0,06126173
0,1157949
-0,002944045
-0,08970995
-0,05545923
-0,05938578
-0,05178069
0,01479603
0,1072868
-0,03727692
-0,03508405
-0,06593701
-0,09606751
-0,01272175
-0,03785748
-0,02347349
-0,011086
0,0148481
-0,02705514
0,01613155
0,01665777
-0,01433016
0,1090598
-0,0428484
0,01897429
0,01176991
-0,08835759
-0,08239075
-0,1269153
-0,1238734
0,04095612
0,001631385
0,0571703
0,0728351
-0,02811642
0,1706739
0,006530969
-0,04465575
0,0268009
0,1517882
0,04689341
-0,0400268
0,006070539
0,02265525
-0,08340345
-0,2178224
-0,05308516
0,06527434
0,1961763
-0,02522147
-0,07719573
-0,112134
0,09046879
0,02403128
0,03881855
0,04118614
-0,108796
-0,03795638
0,003089264
-0,02077483
-0,0003627258
-0,04533993
-0,05739927
-0,04892335
-0,04557626
-0,02091864
0,0228842
0,01301488
-0,004096694
0,02363646
-0,00216003
0,01133859
-0,0236998
0,06222802
-0,07514265
-0,07498616
0,08502632
-0,1273652
0,009461649
-0,09607948
0,1757943
-0,01545715
-0,007117439
-0,05380116
-0,03779566
-0,06739798
0,07732988
0,1187277
0,1548678
-0,0575172
-0,07667662
-0,1441416
0,1780206
0,108678
0,07767954
-0,02034335
0,02721876
-0,01023122
-0,01693016
-0,05011374
-0,0468931
0,02766883
0,05857979
-0,01700595
-0,03158532
-0,04886391
-0,02490619
0,01515209
-0,0741386
-0,09855486
-0,1018565
-0,01408624
-0,04382139
-0,03475348
-0,04998353
-0,01079994
-0,001590482
-0,00843574
0,02469786
-0,0009602087
0,01851409
-0,009247703
-0,02647424
0,1404427
0,05087501
-0,02285703
-0,03967695
-0,04025495
0,08085149
-0,1139046
-0,07682751
-0,08027629
-0,1158583
0,03202218
-0,01649592
0,009508516
-0,04970788
0,08068369
0,07872571
-0,02980941
0,01723964
-0,09157977
0,07620165
0,003481524
-0,1629783
-0,02353988
-0,1384443
-0,05325954
-0,002787633
-6,902804E-05
0,00609887
-0,08063851
-0,05869479
-0,006049677
-0,1117447
-0,1977414
-0,002225866
-0,07978509
0,05874959
0,02271855
-0,05740722
0,02740814
-0,04558847
-0,054489
-0,06254008
-0,05565182
-0,002359911
0,002216081
0,0007269838
-0,006054129
-0,006595132
-0,007027207
-0,01777019
0,005206263
0,1066795
-0,0744649
-0,07925327
0,01548757
-0,03002984
-0,1635314
-0,1207305
-0,0007727586
-0,01730577
-0,0632508
-0,1249576
0,07566699
-0,02327133
-0,03404732
-0,1929697
-0,05604644
-0,01705664
-0,06673079
0,09418097
0,2323662
-0,07360078
-0,1430558
0,02438805
0,0641747
0,04405911
0,08256299
-0,01592853
-0,2155974
-0,1739515
-0,1258247
-0,1248455
-0,07173546
-0,1079069
-0,01363677
0,05584146
0,04141692
-0,04489627
-0,02914028
-0,10256
-0,02525556
-0,03155929
-0,02356865
-0,009545791
0,03083281
0,02310006
-0,02603095
-0,03657746
-0,008860229
-0,0008497391
0,09805546
-0,07075432
-0,05958882
-0,1415655
0,006749489
-0,06431535
-0,01713912
-0,001890704
0,07065125
0,009892073
-0,02887121
0,05027941
-0,01346617
-0,06010571
-0,02456472
-0,001276935
0,01913852
0,04084279
-0,1278367
0,01670298
0,1110006
-0,03859961
0,05186753
-0,1617355
-0,1105342
0,02796767
-0,03081241
-0,07059908
-0,1766194
0,02079675
0,05340178
-0,05958058
-0,02509834
-0,002569056
0,0372637
-0,006248735
0,02825271
-0,02729899
-0,06784707
0,005687533
-0,02556718
0,01040363
-0,01336825
-0,02787511
-0,02870272
0,00288554
-0,02547381
-0,03492028
-0,02054981
0,03980164
0,02457641
-0,001742446
-0,03886834
-0,04626089
0,01621648
0,006376841
-0,02253693
0,03243767
-0,04046708
0,01856259
-0,02057691
0,05517563
-0,0173429
-0,04655678
-0,07228089
0,08486792
0,1159414
-0,004389742
0,0221015
0,07215208
0,03295531
0,08106379
0,0591947
-0,01531509
-0,03158733
-0,1142355
-0,107829
-0,1232785
-0,1608752
-0,09172677
-0,1082895
0,03381609
0,0149584
0,0416828
0,01585463
-0,05997219
0,02301626
0,03427504
-0,01327273
0,04506886
-0,007782707
-0,002564219
-0,000968991
-0,03034505
0,001661976
0,001857566
-0,05279977
-0,05460742
-0,03211452
-0,02678648
-0,008209842
-0,08199409
-0,002168538
0,08557128
0,01637287
0,07108052
0,08492865
0,06065074
0,03224893
0,01388292
0,02264346
0,06988525
-0,005484102
-0,05561182
0,05309685
-0,07061619
-0,06115662
-0,1990723
0,08310308
-0,1445052
0,1094081
-0,01835533
-0,219886
0,1174763
-0,0229228
-0,2378217
-0,1654279
-0,09070843
-0,002255308
-0,1022691
-0,03585095
-0,1799478
0,008821915
0,05597808
0,02866054
-0,04795973
-0,0281505
0,0361094
0,01787443
-0,0665691
-0,03948888
0,01435991
0,0242419
0,008033631
0,000416952
-0,005552258
-0,008778258
0,04104018
-0,04655317
-0,01354805
-0,006816809
0,08651343
0,04210363
-0,004775564
-0,03262162
-0,0410836
-0,05683877
-0,1046714
0,144792
0,03254992
0,03520402
0,02993351
0,198363
0,001701897
0,03078938
0,03624134
0,08719814
-0,005371353
0,01920033
0,03508957
0,09375599
0,03202882
-0,004074088
0,01676839
0,07394691
0,02124732
-0,07751185
0,0367876
-0,1229549
0,06947839
-0,04660716
0,02284251
0,1241309
0,04410639
0,03308034
-0,00796717
-0,05696021
0,01782222
0,004105562
0,001474477
0,007022941
0,003467773
0,02145643
-0,01949676
-0,01344436
-0,0009988827
-0,01686746
-0,03361465
-0,02865162
-0,02957803
-0,06289699
0,04200576
-0,01251325
-0,05492616
-0,07021051
-0,1213137
0,00226187
-0,04175035
-0,02191108
0,02291723
0,07075321
-0,1362747
0,08766014
0,1849175
0,07995863
-0,03547664
-0,01046889
-0,09817296
0,1113565
-0,05061818
-0,0004271382
-0,05888594
0,03654406
0,1171346
0,2094951
0,08996883
-0,04004338
-0,04422588
0,02607473
-0,04919354
-0,002493699
-0,04262051
0,02181905
0,06408621
0,1156836
0,07546964
-0,1020564
-0,06044694
-0,034645
-0,003238769
0,005258764
0,03765611
0,04322768
0,01923024
-0,03829119
0,008893671
0,005822458
-0,04959442
-0,03678233
-0,01587971
0,05958116
-0,09919763
-0,08839197
0,03972388
-0,03829599
-0,05823371
0,1653826
0,06385031
-0,01807113
-0,006440318
-0,03232976
-0,01398363
-0,1363871
-0,09095998
-0,03117167
-0,045013
0,07665271
0,01916536
0,07229837
-0,04587749
-0,04890209
-0,1184145
-0,03223954
-0,08503262
0,03053612
0,2486734
0,1690823
0,003086151
0,2041123
0,1926131
-0,09636823
-0,1490915
0,06194481
-0,01083837
0,1135824
0,109443
-0,06051679
-0,04644858
-0,08597753
-0,04884489
-0,03254328
0,01252071
0,01968737
-0,02092576
-0,01327069
-0,01395451
-0,02695355
0,0481373
-0,03547834
0,009078285
0,09254448
-0,06124338
-0,1235853
-0,03542214
-0,04889976
-0,01196978
0,02367542
-0,0183962
0,1130352
0,1280548
0,01013975
0,02753133
-0,02136032
-0,01789795
0,07351447
0,06572408
0,06366275
-0,03374482
0,2020669
-0,002733332
-0,09258756
-0,1919961
-0,161469
0,01318363
0,02825199
0,1558561
0,1487003
0,06589819
0,179879
0,2272703
-0,0257765
-0,03271041
-0,00989511
0,06207336
-0,0120887
0,07072199
-0,1153333
-0,04887754
-0,08956443
-0,02473289
-0,002308303
0,02369668
0,02101106
-0,02538213
0,0125474
-0,01167689
-0,02639301
-0,01842249
0,02023106
-0,07766394
-0,006713941
0,05392543
0,002867887
-0,1565158
-0,007161121
-0,07369896
-0,0910831
0,03751737
0,04945175
0,02076546
-0,05692671
-0,04727849
-0,166646
0,03743286
0,08126651
0,03231645
-0,1040667
-0,01709943
0,1244294
-0,2351958
-0,06627507
-0,1389723
-0,02279319
-0,1022782
-0,1084433
0,06115665
0,08731732
0,06621988
0,003080095
0,0900571
0,01922476
0,06324876
-0,04031872
0,1612618
-0,04831769
0,02729345
0,01941317
-0,02623145
0,05333707
-0,02005255
-0,02269021
0,04230807
0,01582406
-0,02436664
-0,006949618
-0,01108336
0,0005557506
0,004346942
-0,07841094
0,002586193
-0,01970436
0,04054558
0,04052479
-0,05715521
-0,0316929
0,02395769
-0,01448155
0,06275263
-0,04171991
-0,1406214
0,08713582
-0,1747267
-0,08082387
0,08173141
-0,04148944
0,02686337
0,02905708
0,003691299
0,08334915
-0,007726418
-0,01705831
0,04346556
0,0972224
0,05231419
0,04402374
-0,08941672
0,001938165
-0,07943173
-0,1028111
0,02042767
0,1244912
-0,006437896
-0,03337907
0,02319423
-2,039905E-05
0,02524936
-0,05307054
-0,0739831
0,02566897
-0,03997723
-0,01469868
0,01393089
0,004250854
0,01626944
-0,001423164
0,02559934
0,02987197
0,01773898
-0,04975519
-0,02103001
-0,1191324
-0,09528136
-0,003782362
0,02026148
-0,00955968
-0,01690632
0,03672658
0,05158028
-0,07714251
-0,05213403
0,107187
-0,04810078
-0,1442731
-0,03690112
-0,05653407
-0,1227767
0,1656445
-0,01742327
-0,0224246
-0,03185107
-0,1002152
0,004501341
-0,06109194
-0,1271273
-0,1444103
-0,01779441
-0,1039947
0,0001035471
0,09801657
0,001891685
-0,07613499
-0,007379943
-0,110927
-0,01498622
-0,04122128
0,02298266
0,02249281
-0,07275255
-0,08591539
-0,08073235
0,02105992
0,03785593
-0,01264964
0,02290985
0,00738806
0,01109295
-0,006256022
-0,01756055
0,01726846
-0,08838944
-0,0577425
-0,009158524
-0,05800248
-0,005397663
-0,0001506694
0,03221194
0,07802206
-0,07334662
-0,1623666
-0,03909793
0,05468833
0,059847
-0,06673278
-0,001486349
-0,1368103
-0,06402078
0,1586839
-0,1302286
-0,1564503
-0,1549595
-0,1472352
-0,1817186
-0,1505327
-0,2219077
0,06165504
0,1121251
-0,1914699
0,06636849
0,07684354
-0,06282774
-0,04475923
-0,05386373
0,1161128
0,06689806
-0,02591798
-0,02236975
-0,07314439
-0,09886021
-0,01182248
0,01917021
-0,02668254
0,006890811
0,007421765
0,02041634
0,01172701
-0,008748804
-0,01476205
0,02810895
0,04347601
-0,03243631
-0,06165784
-0,07513247
-0,0599721
0,08580714
-0,04227258
-0,1129132
-0,06447178
0,03482246
-0,02004578
-0,1812997
0,05282123
-0,03626623
0,03694734
-0,06653763
-0,08177774
0,07699318
-0,06896853
-0,02480081
-0,1312128
-0,08773257
-0,1328538
0,03365858
0,007080229
-0,002783162
0,1406445
0,06201569
-0,1075818
-0,0636756
0,1811859
-0,09322543
0,02994123
-0,05364865
0,1030345
-0,008868863
-0,1109329
-0,04874668
-0,1130552
-0,1064444
0,02658245
0,004709694
-0,036545
-0,02114497
-0,04025015
-0,04956186
0,01923441
-0,01527562
0,003317772
0,0453609
-0,05361346
-0,04196926
-0,08579816
0,006196694
0,07950444
0,0890705
-0,06360488
0,01039636
-0,1509124
0,1095384
0,06420331
0,1345832
-0,06368416
0,08729069
0,004792612
-0,06927595
-0,1348788
-0,04030428
0,03778052
0,09672136
-0,07254107
-0,0007595489
0,0995147
0,2270211
0,1587155
0,1288548
0,130288
0,1189182
-0,03963384
0,02347927
0,05930757
-0,05303133
0,01360464
0,01765426
0,005596762
-0,02661263
0,1477089
-0,006585675
-0,04517625
-0,08624748
-0,04313309
-0,0399556
0,04837887
-0,01521725
-0,0288302
-0,03150076
-0,0292455
0,02733523
-0,03364883
0,0009260622
-0,04729122
-0,03871528
-0,05251491
0,03082938
-0,03195059
-0,007667862
-0,02969707
-0,1399513
-0,03561433
-0,02456562
0,1538761
0,01778623
0,1457235
0,03382407
-0,1448275
-0,04590766
-0,08124733
-0,04442817
-0,009954445
-0,01447556
0,2351577
0,183795
0,1369371
0,1427681
0,1325846
0,1285758
0,149078
0,1543694
0,1078493
0,09688259
0,1661844
-0,07573173
0,07608715
-0,1365188
0,01962869
0,01408953
0,01749396
-0,07464923
-0,02489019
-0,0596425
0,007472892
0,02691719
0,03098035
0,00616382
-0,04937714
0,01065075
0,0003444176
0,005763709
0,01856081
0,004508765
0,0004591211
-0,02648573
-0,01660192
0,001043797
-0,05833098
-0,0421762
-0,04904493
-0,05901276
-0,04617639
0,03834093
-0,1059778
-0,01283319
-0,0134655
0,02207088
-0,09624547
-0,03338991
0,0007422326
-0,03566127
-0,1913272
-0,135167
-0,1605866
-0,1616612
0,006955059
0,1043087
0,09653775
0,2262044
0,2666763
0,1503984
0,03343873
0,0493441
0,09662268
0,01393239
-0,006081996
-0,004705716
-0,03515417
-0,001810349
-0,09180675
-0,07462176
-0,008902721
-0,09622802
-0,0240816
0,02741096
-0,02966061
0,009978614
0,0048999
0,00136217
-0,01883125
-0,01924484
-0,02918864
-0,02827921
-0,06071027
-0,07017639
0,01084757
0,01713386
-0,02144335
0,006216213
0,07945106
-0,09100059
0,04844847
0,01731249
-0,07480572
0,02072888
0,05960695
-0,1539892
-0,1094068
-0,09140844
-0,070492
-0,08110207
-0,06137337
0,05875466
0,173014
0,1321791
0,2222981
0,04123336
0,0004890874
0,02820466
0,06149358
0,02437165
-0,03062962
0,199125
-0,004418729
-0,05653348
0,07076194
0,03953415
-0,04644978
-0,0002510283
-0,106373
-0,02631232
-0,1043984
-0,05657451
-0,02223658
0,03555381
0,009852056
-0,01043657
-0,0227087
0,001471039
-0,01172198
0,01705724
-0,001325667
0,001948604
-0,02033681
-0,0300056
0,004039006
-0,03541742
0,02785282
0,1115226
0,04022238
-0,05246462
-0,01778328
0,02191836
0,06913211
0,1778806
-0,05823111
-0,02475068
0,01689827
0,1223568
0,106251
0,04812174
-0,07768446
-0,1296397
-0,0707222
-0,07256491
-0,001484642
0,1940206
-0,04940747
0,06537008
0,1869261
0,1185631
0,2461944
0,1361695
0,05318126
-0,004996351
-0,07736456
-0,04808692
-0,1034457
-0,080216
-0,1691871
-0,1179374
-0,07143711
-0,1306213
-0,1008808
0,0138734
0,02735248
-0,05935626
-0,01916455
-0,01012345
0,01195458
-0,008690439
-0,001533652
0,008642425
0,01431724
-0,084969
0,07649639
0,03214843
0,08372673
-0,02667468
0,1086207
-0,1018163
-0,01144431
-0,1401449
0,05785455
0,1564307
0,006503324
0,03610806
-0,04262321
0,09943175
-0,1214401
-0,02426454
-0,1860441
-0,219466
-0,1659165
-0,04489811
-0,1785417
0,0236274
0,03533405
0,08863161
0,2403751
0,1974453
0,2232299
0,1005789
-0,02007536
-0,07150213
-0,1035747
-0,06923965
-0,07158462
-0,1015263
-0,1316044
-0,113996
-0,1480774
-0,1246672
-0,1058209
-0,0193339
0,00222035
-0,04655366
-0,003195031
-0,003783175
-0,01894351
-0,00338946
-0,02811578
0,001294568
0,02631523
-0,05114148
-0,1424605
-0,08835103
-0,0218793
-0,06353935
-0,0313774
0,08650026
0,03986017
-0,1612182
-0,08821455
-0,02806671
0,08222622
0,01731797
0,007611218
-0,05574283
-0,1610563
-0,1635907
-0,1556628
0,1458926
0,03771636
0,06937076
0,01582153
0,146008
0,1652082
0,04028004
-0,07709761
-0,07769334
-0,1500926
-0,1764942
-0,001407831
0,0155652
0,06515765
-0,06073463
-0,07015824
-0,1310349
-0,1749552
-0,1118837
-0,05899078
-0,08984515
-0,1438762
-0,05246445
0,02547392
-0,01147085
-0,03173083
-0,009192558
0,01627539
-0,01163355
0,007798894
0,06145689
-0,01433365
0,006797472
-0,1197385
-0,04964623
-0,0840345
-0,02329717
-0,02171101
0,07666708
0,1554016
0,04116859
0,1083927
0,02784631
0,1623016
0,06499432
-0,07439371
-0,06778418
-0,02663506
-0,05533092
-0,07396243
0,04060404
-0,1688051
0,006031906
-0,09681755
-0,1760121
-0,1196799
0,0008785052
-0,08270063
0,0001366655
-0,05185179
0,0465105
-0,09083924
-0,05688391
0,05766645
-0,08392254
-0,04278608
-0,1065903
-0,1258194
-0,0715031
-0,05106016
-0,09790504
-0,06552366
0,001552996
0,01330967
-0,03371777
-0,03673054
0,009214165
0,0334862
-0,01783949
-0,01172585
-0,003508602
-0,0779039
-0,0389532
0,01740602
-0,02151201
-0,02810851
-0,03338475
-0,04550835
-0,05240833
0,02248449
-0,08293527
-0,04684939
-0,02748309
0,05414766
-0,1165438
-0,03569283
0,1119093
-0,131142
-0,1334298
-0,2312821
-0,2172229
-0,2271139
-0,06479593
-0,04212453
-0,2019937
-0,2980928
-0,06843718
-0,05616997
-0,146189
-0,08348865
0,0695148
0,02216259
0,02626834
0,04782303
0,1120088
0,1094819
0,00483178
-0,05715825
-0,02037003
-0,02677854
-0,05134074
-0,04603916
0,03534488
-0,004628665
-0,06973425
0,01344121
0,03435195
-0,00525517
0,01658865
-0,04028146
-0,02199334
-0,01718233
-0,03359924
0,05276217
0,009463112
0,07747564
-0,09426554
-0,08011867
-0,01509174
-0,1379945
-0,08004536
-0,04258351
-0,008954267
-0,2024187
-0,1352549
-0,1624544
-0,2023337
-0,07518518
0,006825862
-0,1274342
-0,0549002
-0,128709
-0,02806078
-0,09956316
-0,1275433
0,01433748
-0,0674706
0,1407564
0,08534972
0,1291805
0,06329837
0,09399228
0,0545643
-0,04735606
0,1606364
0,03428441
0,01836692
-0,008156243
-0,009186802
-0,03717129
-0,02170934
-0,04085996
0,01632611
-0,04406932
-0,06533869
0,01925789
0,02372557
0,02436869
0,02817149
0,0282392
-0,05621022
-0,009766372
-0,04631161
-0,0177367
-0,05329892
-0,04916301
-0,006380592
0,007445296
-0,05081237
-0,06335049
-0,05902778
-0,02937609
-0,06450771
-0,3295968
0,1234386
0,1036887
-0,1759641
0,03596061
0,1352362
-0,06618172
-0,07919776
-0,1111215
-0,01077496
-0,0462587
0,02619737
-0,002956007
-0,01714833
-0,04946673
-0,09760697
0,05324167
-0,1428778
-0,009962178
0,1778005
-0,1457596
-0,1175844
0,08265997
0,02278284
-0,02765391
0,03928415
0,07895151
0,04936427
0,02676693
0,06676357
0,02016425
-0,01681866
0,002616189
0,01760628
0,009731049
-0,003894216
-0,01021279
-0,01983571
-0,04682427
0,01289466
0,02621483
0,06002351
-0,03112075
0,007164085
-0,02320133
-0,0108873
-0,04865925
-0,03895564
0,08418801
-0,1242327
-0,2902191
0,03607931
-0,004919314
-0,02119161
-0,07478727
-0,0685058
-0,1356879
-0,1166305
-0,3335484
-0,2021498
-0,3357752
-0,2901577
-0,2243246
-0,2716728
0,04167224
-0,1692991
0,01176809
0,04829964
0,0736393
0,1165078
0,04404645
-0,07379534
0,04577988
0,1575043
0,07198922
0,02732703
0,1490575
0,06978189
0,001881986
0,0284456
0,03902913
0,009648318
-0,004891561
-0,03957218
-0,0001883447
-0,02100196
-0,001998744
-0,02636631
-0,02964545
0,02287943
0,07064264
0,01785791
0,06054924
0,1211537
-0,04971499
-0,06704331
-0,001572441
-0,07019615
0,08288298
-0,1037341
0,03191011
-0,1813873
-0,2014679
-0,07439356
-0,1959189
-0,07224544
-0,1940515
-0,2158951
-0,1024611
-0,1112468
-0,0646987
-0,0846061
0,04984282
-0,1606358
0,013832
0,1337549
0,1249678
-0,04203966
0,1284181
0,08259917
-0,05086797
-0,01530856
-0,07448127
-0,08642332
0,06172707
-0,01234421
-0,008406856
-0,002977634
0,01571529
0,08567645
-0,001726727
-0,003661777
0,0004281907
0,03119804
0,005573164
0,01819321
-0,00667236
-0,01384536
0,06251363
0,07633109
0,08440766
0,06078015
0,157949
0,1007012
0,06965168
-0,03515865
-0,01024565
-0,04022201
-0,2020551
-0,1184589
0,03282223
-0,04387131
0,04255681
0,04331999
-0,06563359
0,1103654
-0,08633234
-0,02963313
-0,03410733
-0,07036415
-0,1026648
-0,008471028
-0,1098944
-0,1138676
-0,05914614
-0,1345782
-0,05486063
-0,06241522
0,08804759
0,1182104
0,006914838
0,06520056
0,06462881
0,009381139
-0,04865098
-0,02575365
-0,01906264
-0,01973173
-0,03767196
0,02865835
0,02112205
0,01905592
0,001755054
-0,0004251027
0,008448925
-0,01728259
0,01824889
-0,0337497
0,03077955
-0,08203183
0,06961543
0,1364741
0,2190291
0,09935584
-0,02626867
-0,1228858
0,07246372
-0,1145069
-0,08101462
-0,09479926
0,07512587
0,1815826
0,0002293432
-0,06761755
0,07631389
-0,07017605
0,08796906
0,135746
-0,1086001
-0,1914855
-0,1530336
-0,01297323
-0,07787459
-0,1533304
-0,2296011
-0,05920251
-0,1361746
0,03600315
0,03561659
0,08887642
0,1662634
0,0161456
0,1635374
0,0847102
0,09155623
0,05225658
-0,03036412
0,01504285
-0,03373244
0,03128917
-0,01584694
-0,01238322
0,007434023
0,03788114
-0,01429978
-0,008433292
-0,01823954
-0,002587861
0,00157574
0,02478469
0,007329555
0,009331719
0,1435911
0,02090481
-0,0116496
-0,03704073
-0,02298141
-0,06634469
0,0009396098
-0,1449868
-0,1439187
0,0716343
-0,03219234
0,0209281
-0,05089541
-0,1574474
-0,05971772
0,1728265
-0,09130926
-0,2418255
-0,1494246
0,118824
-0,1477302
-0,1760211
0,07877164
0,1200878
-0,1545508
0,03629212
0,02053622
0,06007456
-0,0806654
0,005493333
0,0430378
-0,04942194
-0,1146711
0,03363688
-0,03025551
-0,06277385
0,05409192
0,007386495
-0,0468963
-0,0257403
-0,01510858
0,005458361
-0,02182545
-0,007948103
0,02618688
0,07416005
0,03940135
-0,005964849
0,06858842
0,002487653
0,1209846
0,0144506
-0,07413502
0,02662524
-0,01262713
-0,01638484
0,1208675
0,06214521
-0,04515745
0,008976771
0,04006042
-0,05398632
0,03050163
-0,0563923
-0,1303615
0,06690004
0,1394318
-0,2132654
0,07966653
-0,110018
-0,1151905
-0,05750177
-0,008660757
0,02548373
-0,08918659
-0,04305658
0,03651359
0,02434837
-0,07126983
0,1148315
0,02827935
0,05707509
0,02872183
0,05000866
0,05230809
-0,0125517
0,005831767
0,03316941
0,03335305
-0,01369206
-0,008213236
0,001512075
-0,03168966
-0,02698783
0,01663667
0,02676771
-0,07475148
0,001748138
0,002326774
-0,006474941
0,0664093
0,0301847
0,1092763
0,1274101
-0,08481102
-0,07446899
0,03984718
0,0925446
-0,1622173
-0,007388796
0,1110513
-0,05814378
-0,05056508
0,05957327
-0,07932972
0,09251137
-0,05636403
-0,03744765
-0,07158864
-0,03523131
-0,02271994
-0,05428137
0,08855745
-0,1238868
-0,110117
-0,06839646
-0,04276125
-0,06245268
-0,1053265
0,04357202
0,009329723
0,1201102
-0,006599591
0,008739891
0,02945971
0,02749481
-0,03075325
-0,02858773
0,05069398
0,01609863
0,02831971
0,04674372
-0,02410834
-0,01587294
0,002021782
-0,007210091
0,02543252
0,05311635
0,04464645
0,06164758
0,0696708
-0,07465739
-0,01062861
0,03789235
0,05638075
-0,05910857
-0,04115256
0,1190792
0,1728086
0,03531119
0,08831163
-0,07705271
-0,0923817
-0,08558902
-0,07154177
0,05823456
0,002519506
0,05330383
-0,06248609
-0,01044302
-0,1195998
0,04045323
-0,05144162
-0,01669076
-0,0469437
0,0480954
-0,01013232
-0,07772529
-0,0126834
0,03590511
-0,1094597
0,07300015
-0,07648927
0,02666055
0,06349183
0,003177541
-0,07702953
-0,06518915
0,01753965
0,04281534
0,03144203
-0,02425446
0,005679956
-0,00376232
-0,05018102
-0,02764712
0,03309355
-0,003389808
0,03768951
0,136415
0,1105157
0,01147636
0,07431553
0,1379801
-0,002266415
-0,04488802
-0,09265301
0,07700214
0,1318425
0,006009257
-0,07086159
0,04625314
0,06279306
0,07559958
0,06703414
0,02116263
-0,08558093
-0,1061298
-0,1320596
0,04192532
-0,07713947
0,02592285
0,1027831
-0,02383604
-0,1114264
0,04698487
-0,06608825
-0,005277794
-0,0804116
-0,08654277
-0,06186859
0,01596353
0,02670778
-0,02137068
0,02291003
0,02063867
-0,0110861
-0,02084737
0,03350056
0,05805715
0,01347539
0,01322993
0,01309893
0,02655637
-0,0183089
-0,01136088
-0,08774313
-0,1069234
-0,115133
0,08082727
0,04104166
-0,03440898
0,02715448
-0,008067958
-0,02475446
-0,1541458
-0,0858321
0,01553594
-0,01017408
-0,03809134
0,05327348
0,04782753
-0,03105454
0,07903171
0,02893528
-0,177321
-0,1266934
-0,1049398
-0,005725043
-0,0750808
-0,03888211
0,02278868
0,1386179
-0,0043046
-0,001425391
0,02861303
-0,1087196
-0,07136901
-0,07181195
0,03674079
-0,04222328
0,03232107
0,08086012
-0,09099655
-0,01241124
0,01269806
0,01358413
0,00491646
-0,04406919
0,01735936
0,01031021
0,02521968
-0,03035936
-0,0102275
0,008638698
-0,01059685
0,008382651
0,01323606
0,02767899
0,002331935
0,08482176
0,09343503
0,08583152
0,09550931
0,05881869
-0,06418579
0,026296
-0,09048879
0,06281817
0,1089342
0,1282047
-0,0423205
0,04014614
-0,01792778
-0,07211906
-0,1847027
0,0181067
0,007393335
0,04601538
-0,01060708
0,07146946
0,01090878
0,02113293
-0,03992114
0,02657624
0,02606648
-0,003578463
-0,1253135
0,1054586
0,02455927
-0,06089978
-0,00594289
-0,008361859
-0,09336164
-0,02846305
0,08211564
0,1035059
0,003612702
0,01689728
0,03859709
0,06516719
0,01005614
-0,02693506
0,00728551
0,01367246
-0,06077522
-0,01882102
0,1147351
0,1180804
0,06911858
-0,04726835
0,04542892
0,1200188
0,06310761
0,1216754
0,191499
0,02496217
0,0356511
0,02848693
0,002540508
0,07840719
0,07316773
0,01235998
0,05335117
0,06678031
-0,07509384
0,0131866
-0,0808735
-0,09463134
0,06768598
0,123863
0,1109057
0,03231572
-0,03431422
-0,0265507
0,01311601
0,01365419
-0,07816608
0,0282863
0,0351677
-0,07591254
-0,03660933
0,009920639
0,08742373
0,04203544
0,04383251
0,06227623
-0,01305075
-0,004403376
-0,007184794
0,02416935
-0,0006310749
0,01903978
0,01678102
-0,0005041506
-0,07297125
0,04897236
0,03479417
0,02920438
-0,1217714
-0,05825896
-0,02675175
-0,1158387
0,08304095
0,03272371
-0,08582546
-0,06696452
0,1060956
0,0102534
-0,07565244
-0,08252108
-0,04619858
0,07425957
-0,1158724
0,007250874
0,008292067
0,01387752
-0,09807167
0,07524092
0,09914313
0,2078337
0,1611722
-0,004186699
0,09018712
0,009197035
0,08890048
0,03979072
-0,004521647
0,003085091
0,01840322
-0,0282858
0,1049456
0,1170402
0,08216067
0,09582991
0,01772536
0,01215342
-0,007678769
-0,0107225
0,001483621
0,03156473
0,001065251
0,01901681
0,02618412
0,0178947
0,03261854
0,03457321
0,01730794
0,06648067
-0,05434378
-0,08528563
-0,07980593
-0,04416785
0,03529653
0,03783479
0,1438808
-0,08624566
0,1053372
-0,08056996
-0,1135302
0,04351068
0,05490172
0,06007917
-0,006043898
0,07177564
-0,0430965
-0,05000819
0,003049537
0,07464076
0,1577594
0,005755458
0,08649246
-0,003422335
-0,05152767
-0,03525297
0,1205763
0,09815677
0,1319035
0,1224611
0,004989572
-0,02660006
0,1179129
0,07426874
0,02119447
0,03421699
-0,02867304
-0,04124293
-0,01615274
0,02266314
-0,01588928
0,02389589
-0,0293311
0,02083749
0,02496979
0,04793388
-0,04172658
0,04902928
0,06235899
0,07718943
0,0724445
0,1124565
0,07325854
0,0473824
0,06412742
0,07710734
-0,02071262
-0,07189803
0,007509573
0,06022574
-0,08829334
0,01632661
0,1001586
-0,1078345
-0,0516129
-0,05070129
-0,117174
0,08745177
0,06818984
0,0341097
0,1150991
-0,05418628
-0,05197206
-0,01227352
0,03194777
-0,01558276
0,03322344
0,1102173
0,1696257
0,2452375
-0,04734663
0,002313971
0,0665112
-0,04266091
0,03454804
0,02770714
0,0239148
0,03831188
0,03201318
0,02665424
-0,01662766
-0,008201177
0,02699027
-0,008159315
0,02911881
-0,02889264
-0,01005702
0,04616335
0,02155811
0,096967
0,09011617
-0,01301115
0,007856781
-0,05006823
-0,03129974
-0,02664724
0,05375709
0,06092521
-0,1381773
0,1014272
0,07193785
0,08876064
0,1000937
-0,06402868
-0,06255151
0,0685628
0,07747972
0,1296679
0,02625187
-0,07756218
-0,001219377
-0,01389688
-0,07944982
0,04487874
0,0425273
0,04085951
0,1365704
0,006079827
-0,1093449
0,03302077
0,04953478
0,0253707
0,0292581
0,0454984
0,01332639
0,02184983
-0,02520088
-0,007791919
-0,03245764
0,01496182
0,00740517
0,01639585
-0,01101377
-0,006747575
-0,0260317
0,04160608
-0,01607341
-0,05227766
0,0407591
-0,02672058
-0,03035748
-0,04167293
0,03045127
-0,03353486
0,05137581
0,05355202
0,01977935
-0,1130701
-0,09623571
0,04038408
-0,05858649
-0,04062573
-0,02929645
0,002701998
-0,07343239
-0,06430809
0,0832417
-0,02629601
-0,08100449
0,01016177
-0,06642417
-0,1302463
0,02577158
0,0565824
0,1031234
0,1504531
-0,0433109
-0,09085568
-0,004085138
0,06670584
0,1231376
0,02984866
0,02832814
0,0002959819
0,07574444
0,001619397
0,06789556
0,04411655
-0,01981024
-0,001992705
-0,02203781
0,01420944
0,01785954
0,01832833
0,003019572
-0,0205639
-0,02191441
-0,01136854
0,001275159
0,006591235
-0,000592881
0,04696848
0,1240735
0,06071937
-0,02613979
0,02159172
-0,1023327
-0,0116166
-0,02181683
-0,01004361
-0,08425359
-0,02690646
0,05352332
0,06265554
-0,01128896
-0,04288411
0,115425
0,03952087
0,0927402
0,07408144
0,01974483
-0,01040311
0,02856045
0,1118839
0,1971493
0,2335173
0,07731547
-0,008402809
0,1524679
0,1053808
0,02668817
0,04589297
0,067475
0,1270133
0,0895649
0,02644992
0,05275617
0,01183806
0,01797081
0,009792865
-0,01608386
-0,02074897
0,002622555
0,01273833
-0,01948065
0,02043915
0,02075485
-0,01657346
-0,02386278
0,06361107
0,0452643
-0,00987246
-0,03769003
-0,04534028
-0,07867551
0,009476494
-0,03287141
-0,1394123
-0,1138541
-0,08122177
-0,1156898
-0,02426963
0,05478851
0,07687636
0,02121265
0,1387356
0,06439535
-0,07934072
-0,08222956
-0,07888971
0,08290986
0,08432052
0,09498677
0,1808718
0,2329384
0,1795677
-0,003658845
0,05117347
0,1358063
0,07811181
0,03006119
0,04259847
0,1005946
0,09161636
0,03795062
0,03039465
0,05853903
0,02413635
-0,02074431
0,001635416
-0,02427009
0,005945778
0,002544641
-0,02777259
0,01586008
0,01634935
-0,009913441
-0,03799355
-0,01486872
0,006607537
0,02508881
0,05273892
0,05392889
-0,09270903
-0,09849076
0,03534614
0,03662368
-0,08091613
-0,1332706
-0,1465948
0,01167314
0,1220621
0,09511399
0,07065219
-4,274605E-05
0,1704318
0,06330132
0,007488042
0,06350941
-0,1591864
-0,03549696
0,140403
0,1580337
0,1473645
-0,02358405
0,07768877
-0,02540268
0,06094513
0,101862
0,1089735
0,03490561
0,1455665
0,0877261
0,133281
0,05636586
0,03822134
0,01688255
0,0005862851
0,01664483
0,02084798
-0,006736033
-0,03362283
-0,0007175094
-0,02794377
0,02290295
0,003112657
0,03129929
0,01826756
-0,002494582
-0,02147244
0,03527338
0,08969466
0,03305234
0,0003304626
-0,04616016
0,006548234
0,02047662
-0,02519658
-0,02165937
-0,07495984
-0,05127522
-0,03476992
0,0522874
0,1453133
-0,05015132
0,1173874
0,07417753
0,05392122
0,03555427
0,09732955
0,02997441
0,04183971
0,06973132
0,07229519
0,06855798
0,02997364
0,04806642
0,1197359
0,1264707
0,04598311
0,0293437
0,03436329
0,08189973
0,04441922
0,04197061
0,01304874
0,008374782
0,008862339
0,0243789
0,01409359
0,02356336
-0,02520227
-0,02159462
0,006582459
0,003849102
-0,02620224
0,02494547
0,00420204
0,03059827
0,02742278
-0,03417475
-0,01789554
0,06531418
0,04039799
-0,03846571
0,01047511
0,02527368
-0,0121591
0,02509331
-0,04341874
0,04271147
0,08901136
0,04877893
-0,006995122
-0,02206699
0,07328674
0,01688371
0,05605144
0,05383594
-0,007492675
0,08014774
0,0862347
0,1841781
0,09004667
0,08148901
-0,005909644
0,02559391
0,04821174
0,007051139
0,002584372
0,04342367
0,03833173
0,08337238
0,03033351
0,01859175
-0,005790001
-0,004498314
0,01135396
0,01136307
-0,03093299
-0,004515374
0,01322209
0,02051663
0,004073571
0,02337813
-0,02014594
0,02292196
-0,004264081
-0,01997611
0,0152853
-0,02248429
-0,0003210357
0,0003896167
-0,04048559
-0,01822944
-0,002507815
-0,0469515
-0,03613305
0,02028814
-0,03408757
0,004495028
0,0203582
0,01753851
0,003856997
-0,04033426
-0,02893321
0,06016462
0,1204091
0,075307
0,0190344
0,09164547
0,02660027
0,0419873
0,04651593
0,06277082
-0,03689209
0,01829385
0,01776043
0,03151302
0,02499354
0,003902491
0,06668766
0,006206742
-0,01108278
0,02510287
0,001874264
-0,005429025
0,01429097
-0,02568553
-0,0280089
-0,0294985
-0,02866843
-0,03045855
-0,001712237
0,004204542
0,005968814
-0,02167448
-0,01613403
0,006271047
-0,03091285
-0,00707386
-0,02754721
-0,003711659
-0,002832461
-0,03336133
0,00707353
0,007063435
0,009489755
0,04730643
0,07723323
0,04924911
0,05514918
0,06516469
0,07282528
0,01973026
0,003255906
0,02268315
-0,01873872
0,03524838
0,02964579
-0,001390807
-0,00776299
0,02720197
-0,01535031
-0,003289099
-0,00973238
-0,0348472
0,001388749
0,008225386
0,03302775
-0,006628557
0,02112415
0,01503616
0,007811747
-0,008485106
-0,02016926
0,003629801
0,02286428
-0,02230906
-0,01662491
0,0162028
0,005147993
-0,01252759
-0,01733655
0,01306911
-0,006130836
-0,005690049
-0,01037827
-0,0004185474
-0,02989417
-0,03704809
0,01985044
-0,004674099
-0,02607081
-0,03609406
-0,01150503
-0,005540071
-0,02157789
-0,0214998
0,01436535
0,003067234
0,003261969
-0,03854609
0,03707869
0,0055626
0,01484301
-0,07076392
-0,03653317
0,004491022
0,06312592
0,05141589
0,017031
8,927218E-05
0,02506455
0,03028684
-0,01369251
0,002259271
0,03704858
0,03384017
0,0397157
0,002017622
-0,001852683
0,02570784
-0,01966488
0,00473232
-0,01304235
-0,01479095
0,008728947
-0,01002971
0,02633904
0,0228765
0,004173953
-0,000371983
0,001850273
-0,02197936
0,01932121
-0,02663871
0,001961978
-0,0007609703
-0,02266051
-0,01070556
-0,03062729
0,02064428
0,0126404
-0,01926832
-0,008342728
0,003927242
-0,03523748
-0,01686335
-0,006269993
0,04913609
0,04609439
0,01546089
0,02193303
-0,01386199
-0,05095055
-0,0390757
0,02678304
0,01478778
0,04014345
0,01027817
0,004723259
0,02264199
0,01360503
0,03145433
-0,01975455
-0,02587857
0,03030467
0,008227745
0,05243422
0,01207366
-0,01399603
0,03464728
-0,003178701
-0,01665927
0,02594464
-0,02265428
0,02449914
0,02732694
-0,007609369
0,02409486
-0,01458004
-0,00493868
0,02699689
-0,02230266
-0,02843818
0,0227162
0,01014317
-0,02888528
-0,01993509
0,009803211
0,01094865
-0,002989099
-0,02514627
0,006508335
-0,02748905
-0,01139805
0,004387048
-0,01178345
-0,02110221
-0,01787894
0,01573945
0,02070502
-0,005280952
0,03681671
0,02794726
0,04167305
0,01365664
0,03082662
0,03337901
0,02674536
-0,01668137
-0,008179341
0,008671349
-0,001069483
-0,03000476
0,01853748
0,02469158
-0,01519651
0,0137142
-0,007001716
0,001801921
0,01555668
-0,01546024
-0,01288557
0,01781651
0,007434293
0,02066365
0,008218345
-0,01834709
0,01396563
0,007600971
0,01292224
0,02610102
-0,02052152
-0,02493023
0,0008381248
-0,02053024
-0,02803716
-0,00621774
-0,02447925
0,002438287
-0,02567514
-0,00270006
-0,01429958
-0,003702422
-0,01222968
0,01682347
0,01423233
0,01171668
-0,01704722
-0,008227467
-0,006575168
0,01019616
0,02555876
0,02643025
-0,01523166
0,01141677
0,03297113
-0,01892526
-0,0217148
-0,02112306
0,02179362
0,002049467
0,01344797
-0,015958
-0,002184653
-0,00569592
-0,002426523
-0,01244899
0,003533636
0,01643192
0,0253727
0,02180145
0,002529196
0,02050634
-0,001569355
-0,01440958
0,02625377
0,02551624
0,001534433
0,02371677
-0,0222744
-0,02943525
-0,02486664
-0,003616701
-0,01624299
-0,0251081
-0,01827036
-0,004105582
0,02997004
0,02768726
-0,01398882
0,02905136
-0,009639063
-0,02946642
0,01537753
0,00662523
0,0081225
-0,02652078
0,02411825
0,02281198
-0,01329762
-0,006442041
-0,02533718
-0,007511315
-0,006944764
0,00614538
-0,02404571
0,02560126
-0,01313558
0,02103761
0,008425904
-0,02838697
0,002389645
-0,01877446
0,02819539
0,01469443
-0,009286951
-0,007427046
0,0296091
-0,004410497
-0,01562507
-0,02483985
-0,00901756
0,008056069
0,002227981
0,02746654
-0,0008564392
0,002330277
-0,02432873
0,02291133
0,007045958
0,02229138
