-0,0006836844
0,02918833
0,001838834
-0,0114201
0,003109457
0,01504498
0,02690933
-0,01868406
0,009022377
-0,02915153
-0,009079348
0,004529326
0,008074286
-0,01469976
0,02419271
-0,0006986741
-0,01605261
-0,008472027
0,0192416
-0,01184495
-0,01928521
-0,006413025
-0,0158392
-0,02816735
0,000252801
-0,01691973
-0,008274413
0,0281757
0,02943766
-0,01995854
0,008158338
-0,02293352
0,01282661
0,02127457
0,01818805
0,02401106
-0,02507534
0,01672561
-0,0008756827
-0,009117787
-0,004567723
0,02509079
0,003923245
0,009529308
-0,004674238
0,02903827
-0,01289681
0,006429727
-0,02046072
0,00797744
0,02357826
0,003306239
-0,0001930376
-0,009188355
-0,02658521
-0,02419884
0,01497451
-1,633684E-05
0,01890915
-0,009971187
-0,006601043
0,02943999
-0,01752938
-0,0009408366
-0,006613188
-0,01612514
0,02234319
0,01746598
-0,002280612
-0,02985283
-0,005645747
-0,002227074
0,0229442
-0,001675173
0,02336987
-0,01373927
0,02031956
0,005304485
0,007124485
0,001808775
0,02656815
0,01591478
0,01863213
-0,008507936
-0,0129658
-0,02520433
0,007727996
-0,008066592
0,01783108
0,01240826
-0,02098202
0,005529006
0,02844253
-0,0208425
0,02818257
-0,003384495
0,01259334
-0,02511271
-0,01383185
-0,01853592
-0,02327121
0,0002414411
-0,02135637
-0,02070165
-0,01646184
-0,004231139
0,01089235
-0,02863132
-0,001845492
0,01793603
-0,01378262
-0,02023549
0,02337626
-0,01284022
-0,005905761
0,00805979
-0,01924228
0,02165649
-0,018004
-0,01147134
0,006599738
0,0002618814
0,03014149
0,01586432
0,02174252
0,01947847
-3,371851E-06
0,01386176
0,0007564773
-0,003387107
0,004196453
0,01546651
-0,01091113
-0,004451868
-0,005095972
-0,00382697
0,00709595
0,009058811
-0,0222626
0,02180439
-0,00550171
0,00628402
0,0244805
-0,02994135
-0,003613133
0,02982592
0,01263763
0,01131122
0,0157499
-0,009845894
-0,01415504
0,02155056
0,02350397
0,02817358
0,005404451
0,006787804
0,0005458599
-0,006991043
-0,01190264
-0,005295237
0,02627479
0,0275391
0,001178945
-0,0285309
-0,01642083
0,001339089
0,02133242
-0,002117053
0,02269727
0,02830339
-0,0291619
0,002056747
0,01377109
-0,009226216
0,02473867
-0,02963832
0,006662268
0,03028512
-0,01058691
0,02237437
-0,02326578
0,01903801
0,02830236
-0,01967397
-0,01938169
0,01314403
0,02207853
-0,008798259
0,02069901
0,01844092
0,02624159
-0,01627894
-0,00916039
0,01350876
0,026003
-0,002627895
-0,02498254
0,02317754
0,01718943
0,02571596
-0,0214942
-0,01514814
0,0194332
0,01814697
-0,01071324
0,01425061
-0,02248216
0,002384705
-0,02658956
0,00509326
-0,02936808
0,0008298588
-0,02629862
-0,003752619
-0,01203639
-0,02299776
0,02978397
-0,009160696
0,02107609
0,0008583113
0,009404918
-0,0001447629
0,007731734
-0,02579115
-0,02778884
0,01762246
-0,01883253
-0,02984452
-0,004733638
-0,002733723
0,02549628
0,0135808
-0,01760397
-0,005949774
0,01370462
0,0221271
0,03008855
-0,01983116
0,02166758
-0,00300592
0,005501504
-0,01031846
-0,01219114
-0,01449855
0,01794156
-0,005090532
-0,02036805
0,02515519
-0,004328112
0,0188967
-0,00164162
0,01497025
-0,02780277
-0,01355654
-0,01334367
0,009308464
0,008224367
0,01494164
0,01583779
0,001970955
0,002542397
-0,02306854
-0,02306927
0,007042714
0,009542255
-0,01302289
-0,01171603
0,01023555
0,01296621
-0,004046313
-0,02288776
0,01909513
-0,000542724
-0,006278833
0,02601413
-0,009960866
-0,01775681
-0,008270871
-0,01393053
0,007555691
0,008140138
-0,01338514
0,005670103
0,007206238
0,02897737
-0,01909296
0,01125327
0,02682338
-0,02236705
-0,02540683
-0,01515081
-0,01462368
-0,004806091
-0,01048557
0,02454739
-0,002225883
-0,01794786
0,01144495
0,00636026
0,0006510837
-0,02339418
-6,476629E-07
-0,01800275
0,03012186
0,01111883
0,01022078
-0,01460885
0,009074786
-0,008515051
0,02726363
-0,003115569
-0,01502218
-0,001783785
-0,02226478
0,02437391
-0,01416215
0,002854129
0,001127092
0,007772482
-0,001543457
0,006020617
-0,008773677
0,002023364
0,008465422
-0,01867505
0,02281734
-0,006110996
-0,02082259
-0,0005982835
-0,002192718
-0,0226986
0,0008433328
0,01646382
0,01647351
0,00049692
-0,02221853
-0,02562383
0,005402687
0,02558209
-0,01085216
0,0257323
-0,02713403
0,006062339
-0,01836832
0,008056594
0,0294793
0,0169049
-0,01317377
-0,004500928
0,008203158
0,02528062
0,01165741
-0,02658059
-0,02270159
0,02477658
0,01584897
0,02814094
0,004598632
0,01925002
0,01953109
-0,0146024
-0,02492449
-0,02121606
0,02355554
0,01912648
0,02603058
-0,0004634723
0,01253722
0,007179524
0,01557037
-0,01879216
0,02764605
0,005853725
-0,01084872
0,003451332
0,003073795
0,01592624
-0,010073
-0,03055829
-0,01820992
-0,02524056
-0,02400517
0,01414368
0,02224958
0,00379807
-0,003371618
-0,002327699
0,009241408
0,02201056
0,01606136
-0,02004686
0,0002004721
0,01685568
-0,02378127
-0,02673463
0,02005878
0,02428632
0,01305888
-0,00758824
0,01215663
-0,0006977624
-0,02598662
0,009457632
0,009426723
-0,00364742
0,0272886
-0,02424063
0,01602469
0,003813189
-0,009234559
0,02975413
0,007363952
0,004450534
0,007252514
0,0136464
-0,02168632
-0,008763706
-0,01327355
-0,01085352
-0,007818441
-0,001809108
0,02150623
0,02124071
0,02206242
0,006640947
0,01152199
-0,01886113
-0,001646831
-0,01572565
0,0135024
0,008867702
-0,02709946
0,02844982
-0,01229451
0,01356639
-0,02902698
-0,002513217
-0,0241005
-0,003413336
0,006256705
-0,009558122
0,01256153
-0,0256776
0,0008784789
0,01732884
0,003461262
0,02670499
-0,01985592
-0,007595608
0,02451489
-0,001580716
0,006880151
-0,007200868
0,02994318
-0,01693796
0,007344251
-0,01715976
0,01890685
-0,02655106
0,01378903
0,01445287
0,006306384
0,0006768853
0,0200105
0,01188859
0,02572593
0,008282749
-0,01449652
0,02316529
0,01177516
0,01210753
-0,0146018
0,0219595
0,0138208
-0,02809091
0,01600991
0,01626468
-0,01076329
-0,02785096
-0,02824863
0,01503571
-0,02917936
-0,02311415
-0,009175038
-0,01464783
-0,02741748
0,01024963
0,02945144
-0,02445681
-0,02446177
0,01858129
0,01004308
-0,02786671
0,01170989
0,02102007
0,01463896
-0,01786571
-0,01551224
0,01891313
0,02135797
0,02486392
0,01041427
-0,01327737
0,01028114
-0,01850526
-0,01809362
0,01440084
0,00943489
0,02832446
-0,002926179
0,01944229
0,02246696
0,01449467
-0,02891518
0,02864917
0,0133481
-0,002248822
-0,02266091
0,003285696
0,007973863
-0,01579933
0,01000355
-0,01909322
0,01834019
0,02490026
-0,02877399
-0,01758191
-0,02140302
0,02117893
-0,01295547
0,003171266
0,001936611
0,0008894616
-0,01576941
-0,02167092
-0,02496238
0,01517629
-0,001385694
-0,02083398
-0,02558316
-0,01139824
-0,02863389
-0,02800154
0,00893689
-0,01501517
0,02589949
0,02668822
-0,02794136
0,01311995
-0,02350344
-0,01441799
-0,0272157
0,01005132
-0,02061908
0,00536126
-0,01604709
-0,001081106
0,0003402586
0,01630506
-0,01977606
0,02873264
0,005709095
0,01684371
0,0102545
0,02236512
-0,01327734
-0,01140135
-0,001500499
0,0193263
0,0223409
0,02785941
-0,03014203
-0,03130991
-7,416881E-05
-0,01003104
-0,01669149
0,006356867
-0,0008330481
-0,0006139276
0,02668494
-0,02499324
-0,02035323
-0,003835998
0,01671859
-0,02823783
0,001003136
0,02204104
-0,006814397
0,009120152
0,02446028
0,006777229
-0,01487742
0,0116964
0,03054073
-0,0236482
0,01397771
-0,01490331
-0,006968252
0,0169795
0,02787712
0,005530763
-0,002722468
-0,01922033
0,02011173
-0,02363166
-0,01651452
-0,02754897
-0,02102619
0,01955765
-0,008074429
0,008527348
0,02912395
0,02794914
0,01696168
-0,02735397
0,01566272
-0,02528148
0,02783017
0,004918584
-0,009834275
-0,006325705
0,02766886
0,01987374
0,0283443
-0,01476398
0,01201328
-0,01308362
-0,03219436
-0,008699939
0,006279522
0,02686289
-0,01815159
0,01375849
0,004861455
-0,00751614
0,007774423
-0,02916908
0,007844029
0,00949444
0,01852747
-0,001053819
0,01498976
0,005048554
-0,01128295
-0,01197127
0,009172761
-0,01121306
0,02553321
0,0273127
-0,01020957
0,006713852
-0,01394536
0,01683191
-0,004245047
0,001923536
0,007733875
0,005801201
-0,01716294
0,001258983
-0,007847567
0,02549594
-0,02722992
0,01431058
-0,01874226
-0,00890326
-0,008192659
-0,01952406
-0,009998551
-0,007690005
-0,006481037
0,01359153
-0,001534662
-0,01083727
0,0192454
0,02089484
0,01016883
-0,007119605
0,001585852
0,008599278
0,007995305
-0,006370611
-0,008949673
-0,02830893
-0,02706369
-0,03026779
0,01322813
-0,001853768
-0,01123753
-0,02792801
0,01632784
-0,0280594
0,01752045
-0,02369028
-0,01270044
0,02472372
-0,002689498
-0,029722
-0,006572828
0,02694444
0,02606556
-0,003044578
0,02767507
0,001757794
0,0031314
0,004884725
-0,02314177
0,02585048
0,02836891
0,004153071
0,02077675
-0,01633672
-0,0261226
0,002767102
0,02349561
0,02682345
-0,001319985
0,02909455
0,00814629
-0,01974546
0,009540563
0,02322648
0,02066077
-0,0112699
0,007026978
-0,009376737
0,02547188
-0,009550322
-0,03142478
0,0209641
-0,007276902
0,009131342
-0,03263992
0,004511419
0,01506385
-0,01924531
-0,004163003
0,02188738
0,001248534
0,0006866842
0,02460185
0,01787923
0,000525291
0,01639012
-0,01868706
0,002891469
0,02990993
-0,01510275
-0,01755951
-0,009597776
-0,006156397
-0,001768542
-0,007750561
-0,01703246
-0,01179396
-0,02824959
0,003464209
0,00715543
0,02301959
-0,01844482
0,008243201
0,01374961
0,0247722
-0,02636075
-0,02347619
-0,01909186
-0,01851125
-0,003271078
0,01944643
0,01044397
-0,002444914
0,006308743
-0,003835755
-0,02164998
-0,01511598
0,01857939
-0,01185313
-0,02954916
-0,0282357
-0,03280242
-0,01190809
0,008978162
-0,0213009
0,01003644
-0,001069435
0,02812764
-0,01330984
0,01659016
-0,01102919
0,01244875
0,006527255
0,02259054
0,02998048
-0,01054555
0,0229088
-0,01981835
0,02343046
-0,004272662
0,008159731
0,03088036
-0,01004843
0,002505179
-0,003284118
0,0008786478
0,02165573
0,01633037
-0,02979251
-0,01595974
0,02746676
-0,003374006
0,008733125
-0,001409833
-0,0003005228
0,01733662
0,01826984
0,02574309
0,002758357
-0,01843927
0,004696791
-0,01915677
0,02395274
-0,006221161
-0,02315414
-0,02501904
-0,0283388
0,003990746
0,002115546
-0,02895041
-0,02106868
-0,03099434
0,02422224
0,02510417
-0,00619203
-0,02693679
0,01396642
0,01889181
-0,0189395
0,00982628
0,02355399
0,01417649
0,02620227
-0,02632108
0,01940876
0,02182039
-0,02695197
-0,02075676
-0,01031028
-0,02022219
-0,001292192
0,02661212
0,008693582
0,01192943
0,02239782
-0,00282554
-0,02269061
0,02414456
-0,007209841
-0,009378961
-0,003056457
-0,01715284
-0,02227509
0,02338878
0,029306
0,01927274
-0,005777104
0,008690814
-0,03096364
-0,009758282
-0,0280758
-0,02917335
0,01035818
0,01913992
-0,0136931
0,013963
-0,02312246
0,01482716
-0,001955206
-0,02066161
-0,03251226
0,02038563
-0,01674852
-0,00849017
0,003924618
-0,01437706
-0,004432808
-0,01456826
-0,02386839
-0,02860122
-0,0287222
0,02180484
-0,003582922
0,02344826
-0,01825548
0,007515441
0,006896989
-0,02473325
-0,0259027
0,02849565
-0,006296575
-0,007515063
-0,02082569
0,02821963
-0,02331338
-0,002414583
-0,01588547
0,01681042
-0,009468191
-0,02856498
-0,01765668
-0,01143445
-0,01090429
-0,02433302
-0,01381037
-0,0003315554
0,02065573
0,007237765
-0,02003268
0,007195918
-0,008912531
-0,02032777
0,004008611
0,02718263
-0,0094458
-0,0229875
-0,0008860013
0,01140003
0,001308552
0,006687407
-0,02074631
-0,02752233
0,006648473
-0,002793194
0,01659956
0,007256255
0,01527759
-0,01018108
-0,008628967
-0,01839075
-0,02492658
0,01140391
0,02415213
-0,02520723
0,01858205
0,01245445
0,002847658
-0,01081343
0,008348566
0,0135761
0,01676155
0,02848564
0,0234719
-0,004423235
0,004709697
-0,01761182
0,01652174
-0,01972205
0,005386287
0,02395407
0,02264742
-0,002643447
-0,02126198
0,01049808
0,01864224
-0,02695906
0,003256581
0,008970188
-0,01749781
0,004877344
0,01229435
0,0009927581
-0,01695511
0,02651778
0,001338829
0,009379546
-0,0224271
-0,00400209
-0,027821
0,0003987837
0,004284955
-0,02019219
-0,02729892
0,01470014
0,0184105
-0,02021746
-0,01758009
-0,01354235
-0,0297378
0,01129193
0,02499435
0,007048455
0,01343691
-0,003841031
-0,0102105
0,008801591
0,002339761
-0,01532132
-0,01617169
0,01416359
-0,02113939
0,02250629
-0,02402416
-0,02833258
0,02886042
-0,01581409
0,01041935
0,02351349
0,02128839
0,02099865
0,024318
-0,01852238
0,02758952
0,02856519
-0,01268071
0,004938828
-0,01328075
-0,0173187
0,01548294
0,004100241
0,01537513
-0,01761801
0,003885694
-3,273218E-05
0,00658534
-0,02666359
0,01157876
0,01269501
-0,0001666658
0,01723014
-0,02751244
-0,04173458
-0,0177831
-0,009681365
-0,00555417
0,01406192
-0,02253319
-0,02554775
0,0255215
0,009436267
0,003548973
-0,007071655
-0,005024012
-0,02020587
0,0152283
0,01131527
0,007591762
0,0188505
-0,0180271
0,01589147
-0,009370676
-0,0115198
0,000139134
0,009690108
0,02582725
0,02351036
-0,01668149
0,003590502
-0,009769674
0,02032859
-0,0027881
0,02068049
-0,01542717
0,02745778
0,01220567
0,02646045
0,02405496
0,0002755825
-0,005674926
-0,005193761
-0,00785219
-0,02433738
-0,01747613
-0,03094181
0,02132966
-0,01182884
0,01037898
-0,00804446
0,009904664
0,02213028
-0,008962032
0,01821401
0,002883092
0,0204986
-0,0004665007
0,01852727
-0,001403639
0,008364684
0,001491625
0,004616743
0,003807207
0,007474524
0,01659778
-0,02434776
-0,01545296
0,01706456
-0,02004509
0,001046346
0,0003333552
0,02003246
0,01785061
-0,02525595
-0,0100098
0,01358359
-0,009881961
-0,02049848
0,03031407
-0,004149823
0,01100721
0,0006742276
-0,02719381
0,0156638
0,01523689
-0,00820109
-0,009744158
-0,001265372
-0,01886042
-0,01280943
-0,0110584
0,01503967
-0,009839686
-0,01860063
-0,03096478
0,01971606
0,01884771
0,01092658
-0,01463032
-0,02716993
0,0121073
-0,0269882
-0,02743989
-0,02370365
0,01913228
0,02294924
-0,02404266
-0,009993915
0,004535315
0,02166644
0,00316144
-0,00457982
0,02283558
-0,02305442
0,02990896
-0,03033618
0,00232592
0,01830839
0,02168452
-0,005107536
0,01741806
0,01705907
0,005718103
0,02025465
-0,0206312
0,01106301
-0,005261997
0,002977539
-0,02540606
0,0001581804
0,01905278
0,0006885652
0,01370923
0,01736437
0,004749728
-0,003031126
-0,01687848
0,01520517
0,0152296
0,01281792
-0,02395357
0,02072647
0,0145299
-0,01951335
0,01243021
0,02376435
0,0179025
-0,01867429
-0,02654515
0,02266102
-0,01923803
-0,03272777
0,01797844
0,02270294
-0,01264881
-0,03361787
0,002670194
-0,01164462
-0,0296509
-0,01831372
0,003162135
0,007131593
-0,008555863
-0,02076547
-0,02535263
-0,03057389
0,007959595
-0,02676333
-0,0001893156
0,001940864
0,01628606
0,01578941
-0,0292444
-0,02450911
-0,0156159
0,02406659
0,02891821
-0,009133925
-0,02462665
-0,01613571
0,0139564
-0,02461508
-0,0131204
-0,0264571
-0,01741439
0,0133667
0,005124087
0,01658013
-0,01025717
-0,00267964
0,01530335
0,01780151
0,008176133
-0,003610485
-0,01989266
-0,000575012
-0,006804904
0,0005182382
-0,03270325
0,003757273
-0,02101748
0,01145065
0,007021093
0,005968004
-0,02443177
-0,00613544
-0,03434663
0,01223167
0,01063651
-0,001717312
-0,02586814
-0,01607563
-0,01189612
0,02377152
0,001412839
-0,003446373
-0,009010674
-0,01439397
0,02774147
-0,007813973
-0,004892513
0,02452357
0,0124303
-0,03043128
0,01076527
0,02652376
-0,02414139
0,0008376398
0,02531531
0,01347262
-0,007374169
-0,009408138
-0,01810782
-0,01014636
0,02675022
0,02362328
-0,01373413
0,001337084
0,02008449
0,006749036
0,006486377
0,01651078
-0,03091839
0,01722008
-0,009672825
0,002761064
-0,004511165
0,005108492
0,01744118
0,004575707
-0,02857811
-0,02745129
-0,002761156
0,00790176
-0,02246071
-0,01660901
-0,02879847
0,009849055
-0,03223802
-0,01773929
-0,006635531
-0,0001092494
0,02437002
-0,03083282
-0,02312307
0,01159654
-0,02823454
0,02679153
0,02573349
0,01067492
-0,01970371
0,01936886
-0,003005529
-0,01149726
0,0131415
0,008447259
0,02355024
0,02305056
0,006101368
-0,02418231
-0,004792986
-0,01074836
0,002329323
-0,01905523
0,003189162
-0,02055494
0,0100005
-0,004144305
-0,0299142
0,004219716
0,01181837
-0,0030974
-0,006205803
-0,0003854041
-0,02139402
-0,02703067
0,01506336
0,01925024
-0,001266563
0,0006806246
-0,00557913
-0,006885434
0,008951402
-0,02482441
-0,006932104
-0,01636187
0,009679411
-0,01445495
-0,03565741
0,00560465
-0,003323366
-0,01593435
-0,02096985
0,02621011
0,01941482
-0,02642869
-0,03093677
0,01400569
-0,0009245079
0,03018076
-0,02547132
0,006941105
0,02428732
-0,01014044
0,02701305
0,01030472
-0,0107481
0,0237439
-0,02541092
0,005491812
0,01564869
0,02394276
-0,02012558
0,02441694
0,002102646
0,02004859
-0,00206212
-0,01706441
0,005832889
-0,02029618
-0,007056561
-0,01379448
-0,01000603
-0,006882303
-0,02638877
-0,009977814
-0,02216577
-0,007531564
0,00154411
-0,03432108
-0,03307751
-0,03217015
-0,00849984
0,004077456
-0,001830511
0,01536025
0,001756824
-0,007329337
-0,01386738
0,02121382
-0,03083407
0,02138281
-0,01684446
-0,005855208
0,02250985
0,003099196
-0,02665885
-0,01542214
-0,00802388
0,03014263
0,005175505
0,0142912
-0,02426146
-0,01364728
0,005362015
0,01570326
-0,01786781
-0,0009597598
-0,01865334
-0,001874507
-0,009169772
0,01532281
-0,02066429
0,02684151
-0,002566095
0,006624018
-0,009809839
-0,005302682
-0,01134672
0,00805724
-0,01902825
-0,03299019
0,02122071
0,012261
-0,02783317
-0,008110769
-0,03931332
0,01913337
-0,007339227
-0,006808066
-0,01565236
-0,03791306
-0,03207087
0,00601884
-0,00520674
-0,01629101
-0,03655351
-0,02139362
-0,02763701
0,01713134
0,01125342
-0,02208282
-0,01530836
0,02100514
0,0005683621
-0,01686954
0,0110404
-0,01180611
0,02782399
-0,01328559
-0,01873531
0,003222621
0,02326159
0,01014095
0,01588092
0,003462413
0,01844906
-0,009701395
-0,02409232
-0,02665664
0,01093606
-0,01844221
0,02705099
0,006691154
-0,02758279
-0,01384139
0,002750496
-0,006207762
-0,00870136
-0,02860666
-0,0002546184
-0,0268812
-0,01034451
-0,001195888
0,02431677
-0,03458292
0,003847413
-0,03436515
-0,02475215
0,01598527
0,009329315
0,003484363
-0,0378493
-0,02335982
-0,01772514
0,01159734
-0,0271741
-0,003286025
0,02519668
0,02682863
0,003678793
0,01096203
-0,02380151
-0,02823832
-0,02597458
-0,005108573
-0,01983827
0,01038327
0,01844843
-0,0159549
0,008002913
-0,01697698
0,02216471
0,01870032
0,01050118
-0,02691
-0,02046525
-0,008948379
0,0108643
0,01200652
0,01851878
0,01418729
-0,02657565
-0,02109642
-0,01765813
0,02288831
-0,02250422
0,01097026
-0,01704349
-0,02058041
-0,02874194
-0,03012782
-0,004911688
-0,01051924
-0,004451571
0,01309384
0,02073946
-0,01910025
-0,0129053
-0,01013588
0,00549782
-0,04192122
-0,02589631
0,02025166
-0,02097245
-0,0003479774
0,0191612
-0,02087892
-0,0005959769
-0,01293771
0,0101046
0,02096601
0,02034422
-0,01625111
-0,02172543
0,01976321
0,006268939
0,02822773
0,01963975
-0,01963356
-0,01351043
-0,002927537
-0,006745518
0,00360964
-0,0228261
0,003398415
0,0134244
-0,003949479
-0,01462789
0,01692593
-0,02779276
0,01868476
0,02424541
-0,02425636
0,01756245
0,01395909
-0,006253164
-0,02644564
0,02165387
0,004095309
-0,02993066
0,02281159
-0,02756265
0,01999517
-0,003196989
-0,01953125
-0,0230032
-0,0244798
-0,02398174
-0,001377708
-0,02943522
-0,04043017
-0,009343134
-0,02424435
-0,02615927
-0,01309111
0,006260405
0,009267067
0,01946492
0,01261096
0,02191348
-0,001914635
0,02957597
0,01647371
-0,01541402
0,02020098
0,02560638
0,01271625
-0,003497828
-0,005945597
-0,007329465
-0,001329582
-0,02673903
-0,01917657
-0,02347611
-0,009269168
-0,01143801
-0,002976298
-0,03016172
0,02068461
-0,01208395
-0,002606808
-0,02321647
0,0002501257
-0,003181309
-0,03291677
-0,01732807
0,004878595
0,0200018
-0,009953144
-0,0311239
0,008621047
-0,02276421
-0,0277915
0,00825918
0,003963014
0,02222098
-0,01715023
0,001174177
-0,004772455
-0,02486693
-0,01221093
0,007273639
0,01044423
-0,02005169
0,01289106
0,02450081
-0,01393215
-0,02571574
0,02186396
-0,0251881
-0,01823879
0,01211729
-0,02926744
-0,005573079
-0,004787954
-0,01161932
-0,001786316
-0,01171596
-0,01636144
0,005518449
-0,01523309
0,01674858
-0,02871537
-0,01100263
0,009430071
-0,01570246
0,02379891
-0,0041358
-0,001128635
-0,007369484
0,02674567
0,01374343
-0,01163627
-0,003717456
0,01339844
0,006261825
-0,01636317
-0,02298784
0,007986672
-0,03040284
0,02111571
-0,006717314
-0,03836361
-0,02036442
0,01542472
-0,03692006
-0,02551691
0,005380631
-0,02336866
-0,02135809
-0,009864024
-0,03634586
-0,01141952
-0,03692621
-0,03267915
0,008989229
0,01207079
-0,0008581899
0,006953422
0,003791238
-0,02739438
0,02394396
0,006956954
-0,001271702
-0,02097283
-0,002852905
-0,007839696
0,002037455
0,009037194
0,01621656
-0,02791127
-0,01408038
0,007359622
-0,01934168
0,01000243
0,01411448
0,01534462
0,01391551
-0,002826177
0,006281224
-0,03050049
-0,02467618
-0,02687077
-0,02112551
0,01910825
0,01889539
-0,01626432
-0,01912493
-0,009309538
-0,03334081
0,01664479
0,005900636
-0,003065281
-0,02701959
0,02171246
-0,0393905
0,01490677
-0,01054599
-0,0330352
-0,01918615
-0,003434736
-0,0005564073
-0,03624371
-0,007184009
-0,02553423
-0,02291731
-0,007616906
-0,01651727
-0,00637353
-0,009337352
-0,03109337
-0,02733367
-0,02532407
-0,02710601
0,003825435
0,02584102
0,01902713
-0,004959303
0,006824898
-0,01321161
-0,01933992
-0,02284352
-0,02068766
0,009489898
0,02436538
-0,0092352
0,01741498
0,001423727
-0,01978673
0,008157568
0,02032224
-0,01792671
0,002047278
-0,02906423
0,02652251
-0,01238903
-0,03151705
4,546002E-05
0,02478457
0,003524207
-0,009640421
-0,03484236
0,01695045
-0,03461
0,02162491
0,008373898
-0,004919641
-0,01728291
-0,0101773
-0,04015926
-0,03069528
-0,01229191
0,01490823
0,01053621
-0,02827502
-0,005528237
-0,002883257
-0,006404753
0,01146024
0,02472745
-0,005867666
0,02386606
-0,0284948
0,015998
0,0008282234
0,01647617
0,0007398489
-0,02893571
-0,02528932
-0,01455621
0,02440653
-0,01360097
-0,002499648
0,02905997
0,02141608
-0,0190593
-0,0113442
-0,021498
0,008851777
-0,02622516
0,0142878
-0,01101821
0,02566611
-0,02467526
-0,005564277
-0,009568418
-0,0128913
0,007504108
0,01742604
-0,009472087
0,01245958
0,0004684606
0,01896454
-0,03472164
-0,02644255
-0,009484663
0,01577494
-0,03962275
-0,01165331
-0,02688579
-0,0250267
-0,007613005
-0,01947083
-0,02471894
-0,03092218
0,02144283
-0,03381032
0,02282751
-0,02916485
-0,03260074
-0,02033482
-0,008892692
0,01672055
0,001981505
-0,02103684
-0,02299852
0,02727041
0,0266277
-0,009986689
-0,02022921
-0,002695901
0,0197311
-0,01980137
0,009448702
-0,001073796
-0,0104878
-0,005812334
-0,005932137
0,01685163
-0,008370317
-0,01646286
-0,01627535
0,008220308
-0,006060665
0,01733268
-0,02139052
0,02506237
0,008879729
-0,03664063
-0,004224427
-0,01460899
-0,01196573
0,007651729
0,01553836
-0,02558655
-0,01343291
0,01084177
-0,0209299
0,01381626
-0,03490061
-0,008759125
0,0184705
0,0009777963
-0,0206514
0,01290164
-0,00669892
-0,01197481
0,01060932
0,01756701
0,01624976
-0,0007115894
0,006481584
-0,02260867
0,009108251
0,01612575
0,02583708
0,01308981
-0,008597147
0,01371893
0,02812593
-0,02195588
-0,01462044
0,02734125
0,01957298
0,01956696
-0,02707322
-0,02110957
-0,0119589
-0,003527733
-0,02570803
0,001080993
-0,02466427
-0,002207346
0,01037156
0,01684916
-0,0150183
0,001452031
-0,01224192
0,006199886
-0,01151191
0,01340183
-0,01758674
0,02075454
-0,02431099
-0,03838607
0,006935639
-0,02526288
0,01928347
-0,03677906
-0,02463114
-0,004526726
-0,01959386
-0,006371009
0,02222468
0,0230321
-0,01646574
-0,03403763
0,01907562
-0,005522878
0,01121227
-0,01461365
-0,02822697
-0,01533736
0,01140814
-0,01404522
-0,005523141
-0,02208536
-0,003357703
0,02191658
-0,0001670061
-0,006087881
-0,007230207
0,01225683
-0,009432193
-0,0205321
0,02140565
-0,008715362
0,01586297
0,01866463
-0,02541026
0,01916822
-0,01998096
-0,01378683
-0,02000865
-0,002779232
-0,0246417
-0,001267465
-0,003176161
0,01209748
-0,003528743
-0,02074705
0,002831411
0,01349446
0,02140484
-0,03136415
0,008169597
-0,03813373
-0,03183031
0,01168589
-0,006198482
-0,007988618
0,005535808
-0,03293394
-0,004412681
0,0161877
-0,01883877
0,006988861
-0,02162047
0,014004
-0,02752504
0,02421985
-0,01611524
-0,02722975
-0,006537797
0,02555742
-0,0218494
0,01762027
-0,02553061
-0,01417496
-0,02087582
0,02424119
0,007069215
0,01171143
-0,009169264
-0,01474024
0,01373174
0,001338916
0,01342655
-0,01633285
-0,005878703
0,01943984
-0,01975554
0,0194002
-0,01736864
0,002654953
0,02939874
-0,03113751
0,004944814
-0,01348159
-0,02681219
-0,01179546
-0,01990583
0,00896954
0,003520744
-0,002423061
0,02038475
-0,005580545
-0,01535674
-0,04468403
0,0105876
0,01543039
0,01551515
0,01842348
0,01044627
0,006563041
0,02405323
-0,02962257
0,01125883
-0,01537874
-0,02441326
0,01313929
0,02689202
0,02864728
-0,007413122
-0,0136967
0,0158605
-0,005329052
0,02048106
0,02300452
0,02678814
-0,02207456
-0,02358524
0,01578987
-0,02467548
0,01526543
0,007038272
0,02368306
-0,02949291
0,01375053
-0,01443316
-0,0238124
-0,0287835
0,01164607
-0,01350348
0,0006775097
0,0238146
-0,01670303
-0,02635447
7,102919E-05
-0,00112257
0,01647678
-0,02464318
-0,01122985
-0,02589673
-0,01334002
-0,01644561
-0,02474172
-0,02065074
-0,02111583
0,004130637
-0,00861664
0,004629157
-0,0002735567
-0,0296872
0,01535708
0,01303565
-0,0244556
0,01586377
-0,03544874
-0,0284973
-0,02778882
-0,02552289
-0,02928448
-0,0274555
-0,0296423
0,01079488
-0,01423265
0,01147004
0,02490536
-0,005774368
0,002645572
-0,009205313
-0,01166475
-0,01100208
-0,02587987
0,02445808
0,01347599
0,004517864
0,009550654
-0,01253194
-0,01287543
-0,002256847
0,008040663
0,02676757
0,01420839
-0,007315142
-0,0003687025
0,003940216
-0,005125899
0,005403497
0,00673514
-0,01247233
-0,03126852
-0,007926133
-0,008175365
0,004928892
-0,02649052
-0,01855066
-0,03256898
0,001869124
-0,03273309
-0,00576363
-0,01244013
0,02404317
-0,01916122
-0,02577039
-0,007405944
-0,02020904
-0,03217927
0,02384652
-0,02564941
0,006017691
-0,02159029
0,01123375
0,01593756
0,00382238
-0,002862942
-0,0247099
-0,01218245
0,009471732
-0,01722012
0,01086075
-0,01727601
-0,01315841
0,01347833
-0,02164088
-0,0147579
0,02069342
0,01791617
-0,01333652
0,0114712
-0,009129459
-0,007535352
0,02590609
-0,01895994
0,01547522
-0,02502445
0,007644325
0,006791355
-0,0002564157
0,01850787
-0,02262147
0,0009053273
5,834392E-05
-0,002281187
-0,03827652
-0,03075744
-0,014417
0,003641986
0,01579409
-0,02047234
-0,03625439
-0,03824063
-0,005879206
-0,003167978
-0,008891935
-0,01274537
-0,02611294
-0,01916718
-0,02422276
0,02518079
0,004491952
-0,005346154
0,01368039
-0,01733717
0,01338993
-0,01707889
-0,01589034
0,0005851669
-0,02977951
0,0005476843
0,01960523
-0,003265339
0,0168997
0,0162609
-0,02978951
-0,02490185
0,007214883
0,01426022
0,006574384
0,02626842
0,02286619
-0,02403849
0,02626468
0,0289065
0,005657969
-0,01069014
0,02412139
-0,008078105
0,009696205
-0,01164708
0,01978739
-0,01075963
-0,00430752
-0,0002223516
-0,02167465
0,004297536
0,009744767
-0,02008225
0,008412161
0,01525925
0,01842294
0,01406147
0,004660579
-0,009812979
-0,007588096
0,002712891
-0,02102056
0,009130867
-0,0005083766
-0,009941526
0,01361958
-0,007236747
0,006008648
-0,01753553
-0,02786249
-0,001667542
0,0002646039
0,01505755
0,005136315
-0,007081677
-0,009363287
0,02137279
0,01950902
0,009994334
0,006831507
-0,004418555
0,02499968
-0,01995817
-0,002254191
-0,01880144
-0,01489801
-0,01458753
0,02753883
0,01880873
0,02707926
-0,0278791
-0,001450756
0,0001867379
-0,004268652
0,02478036
-0,03044688
-0,02904381
0,0150512
-0,01779968
-0,002826179
-0,01077335
0,007846206
-0,02255028
-0,00546166
0,00671807
-0,02578422
-0,03518891
0,007638099
-0,01240574
-0,006589992
-0,02843437
-0,03426484
-0,03463463
0,01456884
-0,02981835
0,01222399
-0,02607932
-0,01488903
-0,01289572
-0,02485271
-0,003913634
-0,003824083
0,01813765
-0,01586951
-0,02944817
-0,02911204
0,02920748
-0,013759
0,008521127
-0,01100363
-0,01781719
0,02675281
-0,002167043
-0,03039447
-0,02419599
0,01161259
0,006279617
0,007007671
0,0100871
0,02759654
-0,01749487
0,0009446422
0,0001651351
-0,01609969
0,01566992
0,02318072
-0,00955233
0,005294742
-0,01192412
-0,0246845
0,01994133
0,009625901
-0,003722331
-0,0259067
-0,03419411
-0,04218284
0,01421775
-0,03473154
-0,002429521
0,01244088
-0,01866839
0,01457341
-0,02734867
-0,02660458
-0,01369732
-0,02157132
0,004579913
0,02978588
0,01016239
-0,009866646
-0,02380012
-0,002921922
0,005521718
-0,01119199
0,02285036
0,0245968
0,02377084
0,0001914904
-0,005387016
-0,02731509
0,006032069
-0,01684386
0,01806183
-0,008153609
-0,01282954
-0,007435174
-0,007863932
-0,0166797
0,02206155
-0,0233686
0,01665932
0,002603732
-0,02732926
0,01930343
0,007544437
-0,009206979
-0,01070263
-0,01021752
-0,03693936
0,00406643
-0,01230311
-0,01262529
-0,03401795
-0,03307065
-0,03382692
-0,01148634
-0,02602192
-0,02120871
-0,01479471
-0,01909302
-0,02622939
-0,00692043
0,007428384
-0,0001392823
-0,01766175
-0,02721279
0,0296712
0,01246736
0,01680461
0,02516434
0,01650805
-0,01074837
-0,02239589
0,001777581
0,00321096
0,003419923
-0,006864286
0,01424104
0,009687318
-0,001227188
-0,0009487225
-0,005019377
-0,00387906
0,01054422
0,005489346
-0,01948023
-0,01899096
0,01179238
-0,01386469
0,0167574
-0,0248956
-0,02374586
0,02111264
0,001749418
0,02554651
-0,01333514
0,02009574
-0,002345835
0,0001875966
0,0007065423
-0,01201463
0,007515107
0,00630201
-0,02911289
0,01695798
-0,03584052
-0,02171975
-0,003674362
-0,003022369
-0,004656864
-0,02937226
-0,003986985
0,00395024
0,02467935
0,0169923
0,01233244
0,02823738
0,02788312
0,02137583
-0,0285453
0,02365672
-0,01427918
-0,004073978
0,02878588
0,01936387
0,009590131
-0,002507658
0,003842098
0,004789346
-0,0160667
0,009819251
0,0168531
-0,02904039
-0,02965216
-0,03010111
0,0166412
0,01493458
-0,008384631
0,01649548
0,001820937
0,02152608
0,00377455
-0,02551658
0,009178335
0,007026712
0,002901359
-0,003546605
0,02302104
0,00792872
-0,02396883
-0,01199521
0,02083834
0,005980611
0,001494029
0,001772274
-0,03282611
-0,02425823
0,003222048
-0,01896798
-0,02138385
0,004004807
0,01252883
0,02627645
-0,009951037
0,02256463
-0,01044697
-0,002311122
0,003853899
0,01802737
0,02748942
0,02822665
0,006197422
-0,02183099
-0,008109274
-0,01938782
-0,01415143
-0,02189442
0,0134797
-0,01136511
-0,01541662
-0,02114523
-0,003243873
0,01345397
-0,0133474
0,02161016
0,01101636
-0,02653991
-0,006304107
-0,01411777
0,02372584
0,002353814
-0,03258958
-0,02920615
-0,0008479889
0,02075008
-0,02718871
0,003525714
0,01088765
0,01089608
-0,02275076
-0,03163401
0,02015193
-0,02974158
0,01028032
-0,02093733
0,00626469
0,01008675
-0,01739832
-0,009317554
-0,006562281
-0,03342453
-0,003234817
-0,006478505
-0,03076057
-0,02599713
-0,02102454
0,02849169
0,008755817
-0,003603865
-0,02112184
-0,01687056
-0,02759726
-0,01324079
0,02641653
-0,003061593
0,02722177
0,002164102
0,006840788
-0,002998867
-0,02689466
0,007097557
-0,01272321
0,02220618
0,02839356
-0,02284792
-0,01699413
-0,01022553
0,02487657
-0,03108913
-0,02672975
0,02056406
0,01099919
0,02523103
0,01729008
0,02067662
-0,03384341
0,00249562
-0,03586221
-0,01110797
0,005114925
-0,03101043
-0,03832909
-0,01758368
-0,002299989
-0,03476285
-0,03762933
-0,002460432
-0,0237615
-0,0159929
-0,01496863
-0,02165527
-0,02352936
0,02355858
-0,005996312
0,02188124
0,01280316
0,008550423
-0,006179649
0,02416147
0,02037205
0,01982267
-0,02973898
0,007271815
-0,008491999
-0,01286464
0,001937437
-0,02365828
-0,002364678
-0,02920746
-0,00343733
-0,009339144
7,355627E-05
-0,021853
0,01268147
0,02442262
0,005605338
0,02497776
-0,01614445
0,02093856
-0,02652085
0,002938098
-0,02670961
0,002565228
0,008610921
0,01893793
0,007458388
0,01391922
-0,004120642
0,02168361
-0,02590222
-0,0180776
-0,02715473
-0,03310456
-0,004662636
0,01266754
-0,03344039
-0,01411221
-0,03526841
-0,01431535
-0,00308127
0,02214091
-0,02468338
-0,01795138
0,02641871
-0,02996496
0,01284659
-0,02855461
-0,01974506
-0,0009027153
-0,01494423
0,015863
-0,006739145
0,0009929175
0,01948353
-0,01507283
0,01480172
-0,002098188
0,02666785
-0,002143118
0,004809424
0,01427497
0,004264551
-0,001900664
0,01708317
-0,02627524
-0,02315978
-0,009682218
0,002051116
0,01732763
0,01656519
-0,02137779
0,0213999
0,02114907
-0,01188976
-0,02700783
-0,01039557
0,01780792
0,004288477
0,00491807
-0,029532
0,001615338
-0,000998261
-0,03941813
0,004454438
-0,01450435
0,01840382
0,001378983
-0,01952029
-0,01503047
-0,02548357
0,008006761
-0,005804684
0,002926413
0,01704301
0,01741809
-0,009408684
0,008913608
-0,009416671
0,01813909
0,02120889
-0,01027731
-0,00369265
-0,007799448
0,01201227
-0,02722031
0,02219442
0,002071808
-0,01871254
0,01046676
0,01920852
0,02189792
0,01990195
-0,01444927
-0,01348555
0,02310507
-0,02291833
-0,0005620884
0,01404306
-0,01109417
-0,02458168
-0,00432035
-0,03019488
-0,01912245
0,006383248
-0,02561989
0,01092836
-0,01659589
-0,03102019
-0,006698751
0,008660857
0,005487985
-0,00997933
0,005553986
0,009371186
0,006140903
-0,02933247
-0,02707083
-0,01974665
0,00582833
-0,0002694732
-0,007061107
-0,006685421
0,005213294
0,001740202
-0,01522041
0,01648835
-0,02164728
-0,01608657
0,02119551
0,01069561
0,01952955
0,02221495
-0,03035108
0,01260879
-0,006439548
-0,01318987
-0,01494211
0,01313584
0,002960387
-0,01296013
0,001503333
-0,003544807
0,01065462
0,02339493
-0,02673531
-0,01008684
-0,03083025
-0,006434485
-0,004991336
0,009951302
0,02414743
-0,02169213
-0,02580623
0,01323959
0,005335684
-0,03760191
-0,00931314
0,005581989
-0,01587014
-0,01876247
-0,005460231
-0,0362545
-0,03010242
0,01195736
0,02025805
0,01402116
-0,00889981
-0,03441697
-0,01335273
-0,004064376
0,0228372
-0,005720412
0,01344498
-0,008450923
-0,02952748
0,02529964
0,01627274
0,01282244
-0,00257002
0,02635151
0,01468947
0,01059556
0,01713713
-0,020571
0,01419532
0,009247186
0,01557484
-0,01744029
0,02977958
-0,006319849
0,0216391
0,003804023
-0,00991326
-0,0205311
0,00999087
-0,004733266
-0,0189923
0,01690363
0,02498943
-0,01892748
0,01993782
0,02626788
-0,02791022
0,02311933
0,009179411
-0,01008427
-0,01354013
0,009297959
0,006977606
0,009227221
-0,02940385
-0,003290334
-0,02764673
-0,01347451
-0,00426546
0,0151757
-0,02417796
-0,03592522
-0,03173769
-0,02050858
-0,02986388
-0,02091687
-0,03040373
0,02824338
0,00813795
-0,009647156
-0,02267538
0,004576242
0,009808498
0,006522028
0,01325392
0,02773059
0,01810069
-0,01473746
-0,02753692
0,01715039
0,008294405
0,02071106
-0,004900224
-0,01266723
-0,01462197
0,029112
-0,003422525
-0,01744306
-0,02020356
-0,02242973
-0,01311706
0,02166218
0,007356762
0,01725812
-0,02585341
-0,02345224
0,01078254
0,005551129
-0,0290899
0,003079028
0,01993252
-0,0306004
-0,02226497
-0,01646747
-0,01942527
0,0101395
-0,03393786
-0,03322555
-0,04124534
-0,02744117
0,01113069
0,02182193
-0,0155165
0,009844729
-0,02148931
-0,007215207
0,004023322
0,01497485
-0,03198865
-0,02523201
0,01802958
0,01974358
0,01640854
0,0003235827
-0,0265225
-0,01774615
0,02632149
0,02088997
-0,001689016
0,003052475
-0,01359857
-0,02209486
-0,02162226
-0,005658707
0,02264941
0,001992921
0,003237411
-0,02787194
0,02786389
-0,006226682
0,01969926
-0,01441789
-0,0207284
0,02483986
-0,01582718
-0,01362503
-0,003973625
0,01600906
-0,00131082
0,005077253
-0,0004020297
0,01825378
0,0003100101
0,02380451
0,01260507
-0,03639155
-0,02488636
0,00728107
-0,0234875
-0,03759355
0,009537346
-0,02076893
0,00721318
-0,006923531
0,02224873
0,0125858
0,01766202
0,02801326
0,02370282
0,01030213
0,02286015
0,004814153
0,0202257
0,004810921
-0,01428109
-7,578649E-05
0,008285258
0,02005497
-0,01702779
0,01264269
0,01195568
-0,02378972
-0,01382628
0,01737647
0,02852696
-0,008719111
-0,002154941
-0,02193734
0,001633963
0,01568203
-0,0160571
0,01571852
0,0108606
0,0201033
0,001791795
0,001832762
-8,749946E-05
0,007806725
-0,03410553
-0,004267488
-0,006450383
-0,003192217
0,0211319
0,01691953
0,01013293
0,01948558
-0,03869886
-0,03658746
0,001914351
-0,02187568
-0,01529492
-0,006857411
-0,001524764
0,0007551156
-0,009916364
0,01215742
0,02736065
0,02118212
-0,001594266
0,005005592
-0,01280949
0,01139838
-0,006900844
-0,0239172
-0,004552568
-0,02543946
0,02132624
0,028023
0,02965014
0,008239226
0,0237274
0,02634207
0,02043299
0,01206134
-0,01812572
-0,02166684
-0,02127604
-0,00829818
0,02745982
0,0260511
-0,01481766
-0,007387749
-0,006775599
-0,01830268
-0,01126593
0,01594195
-0,01733666
-0,02733362
-0,004861659
0,01405636
0,0005819293
0,009198326
-0,02416953
-0,009760135
-0,0221305
0,01175224
-0,02994349
0,01172275
-0,0125832
0,006180725
-0,02677438
-0,03138813
-0,03338709
-0,03132441
-0,009518885
-0,007755389
0,003837221
0,01948983
-0,006047114
-0,01390975
0,00759022
0,005183343
0,02509521
0,002190348
-0,01224098
0,02200436
-0,01523469
-0,02007336
0,01216033
0,006850264
0,018975
0,01407412
-0,001433376
-0,02014652
-0,03022384
-0,02111433
0,0121628
-0,005150472
-0,005430586
-0,009850203
-0,03124303
-0,01211541
0,02774249
-0,01462722
0,01621563
-0,02276781
-0,012997
-0,01246426
0,01421365
0,01862619
-0,02261661
-0,01078327
0,004302465
-0,02584951
-0,02768406
-0,04072221
0,009182507
-0,0005971333
-0,03500554
-0,01416533
-0,002608422
0,02010448
-0,03018654
0,01258881
0,01936506
-0,009009351
0,00336194
0,0229613
-0,02752146
-0,01311546
0,0192596
-0,01819717
-0,007956966
-0,02822499
-0,01592371
-0,01286171
0,007841229
0,008771122
0,0116738
-0,0246531
0,0007755205
0,02669816
-0,006503996
0,01849176
-0,006328616
-0,00784491
-0,02880522
-0,01563521
0,02618437
0,02569191
-0,01213041
-0,03165323
-0,01350007
-0,02953183
0,01432108
-0,03085461
-0,02291475
-0,02588535
-0,01412136
-0,009891678
0,0007603824
-0,01063101
-0,02496421
-0,008474047
-0,03156983
-0,03991535
-0,04095369
-0,003125341
0,01719744
0,02146082
-0,01318714
-0,02800308
-0,03484731
-0,0346202
0,01964014
0,003807446
2,075445E-05
-0,01099208
-0,005538426
0,002243457
-0,004650102
-0,008259415
0,02564427
-0,024363
0,02589224
0,01543994
0,02331451
-0,00883564
-0,01380666
-0,01778277
-0,0249215
0,0001773307
-0,01244332
-0,01280266
0,0008958073
-0,02674875
0,01305396
0,02350578
0,01044942
-0,009528713
-0,01302043
-0,009889861
-0,01756799
-0,03311876
0,002093826
-0,02243446
-0,03328871
-0,01679886
-0,02345388
-0,02560491
-0,004828288
0,01684998
0,006979745
0,01140423
0,02207256
-0,02994008
-0,01497248
-0,03580064
-0,00747768
-0,01776676
-0,03106432
0,003350568
-0,01648826
0,01133343
0,01555209
0,01811396
0,01903754
0,01210381
-0,0002078103
0,01899997
0,02522695
0,009905645
0,008068378
-0,02720323
-0,01908227
-0,0290036
-0,02401949
0,0268029
0,002665408
0,01703026
0,01663453
0,006369931
-0,01828408
-0,0232726
0,01272589
-0,01834326
0,01688958
-0,001619218
-0,01290734
-0,01174306
0,001753957
0,001209723
-0,01469686
-0,01246569
-0,02189279
0,003227544
0,02594485
-0,003786488
-0,02597211
0,00757448
-0,01934325
-0,01639541
0,009525094
-0,02068709
-0,02667782
0,006772626
-0,02879613
-0,003131293
-0,004767984
0,01981092
-0,03393491
-0,004166815
-4,510122E-05
0,01165751
-0,002769135
-0,003411012
-0,005451504
-0,01586438
-0,02645259
0,008555251
-0,0255458
-0,006817623
-0,005925455
-0,01948703
-0,01730699
-0,008340864
-0,008842645
-0,01165747
0,02263398
0,004701802
-0,02762535
0,006074083
0,01831274
0,02202421
-0,0006327881
-0,0009121709
0,02140229
0,02156736
0,02298493
0,02230397
0,02677258
-0,02582586
0,02084766
-0,0131027
-0,02186324
-0,03380512
-0,03318493
-0,002038158
0,009872129
0,005198679
-0,0272773
0,009162096
-0,01177552
-0,009272664
-0,00352866
0,01551863
0,01328024
-0,008904825
-0,03637847
0,01334409
-0,01121899
0,01847168
0,008609938
-0,03464973
0,02107019
-0,00643247
0,01320624
0,01208937
-0,01284231
-0,02476507
0,01145879
0,005550303
-0,009818101
-0,02071653
0,009518526
0,02749336
-0,0001579814
-0,02476979
0,03040665
-0,01675112
-0,009776582
0,01772903
0,00291318
-0,01590931
-0,003669054
-0,01162979
-0,01980543
-0,01318496
-0,01392214
0,003717436
0,007225876
-0,01352083
0,01619624
-0,03182523
-0,008378847
-0,03198096
-0,01224213
0,01748767
-0,009073967
0,007068718
-0,01864201
-0,01854209
-0,02366024
0,00283264
0,0199196
-0,01125217
-0,02050265
-0,03214652
0,007764012
-0,004896178
-0,01510603
0,009725979
-0,001661979
0,01651352
-0,003143347
0,00360542
-0,01130732
-4,132405E-05
0,003848537
0,004776555
-0,01307871
-0,00458461
-0,006902113
0,01259535
-0,002313698
-0,007133945
0,02053131
-0,0107566
0,01658964
0,007279716
0,006033265
0,008450168
0,01065017
-0,01367993
0,02620809
-0,02841032
0,002320182
0,02011328
-0,01598585
0,02372207
0,02427577
0,0230254
-0,005120933
0,008615589
-0,01987207
0,01855034
0,01307937
0,02517519
0,0005027645
0,01065583
0,006908299
0,01264866
-0,02173278
0,01464823
-0,01064566
0,01430008
0,01245999
-0,008056923
-0,02561687
-0,003535546
0,004854529
-0,03407395
-0,005698383
-0,02287953
0,02425905
0,007237955
-0,02783696
-0,01488963
0,02418954
-0,0007135799
-0,02379518
0,001064121
-0,01505233
0,01004067
0,008469881
-0,007173909
0,0303601
0,01529663
0,0009787824
0,005996246
0,006505202
0,02388783
0,01860744
-0,02907028
0,02747367
0,01687496
-0,008890685
0,02015957
0,02004306
-0,0270364
-0,02326544
-0,02965014
0,004932113
0,00940705
-0,02012167
0,02006605
-0,007075272
-0,01933571
0,009323567
-0,005734419
0,01279909
-0,007293996
-0,03900076
-0,03791773
-0,0002461458
-0,028992
-0,003817586
-0,0005653193
-0,02929986
-0,03861432
0,01101817
-0,03147655
-0,03787408
0,001585422
0,02034573
0,01070153
-0,01883205
-0,004593372
-0,0164273
-0,01728215
-0,009487421
-0,01658638
-0,004139386
0,02092095
-0,01071867
-0,02401834
0,02242782
0,003201348
-0,00281279
0,01528907
0,02562454
0,01579194
-0,02702689
-0,02702453
0,02058526
-0,02408425
0,02363763
0,01522464
-0,008471939
0,01697623
-0,01916465
0,01467844
0,007190786
0,01563611
-0,01921608
-0,03217413
0,02813572
-0,03179164
0,01107998
-0,007527102
0,002272321
0,0214848
0,01977899
-0,009022393
-0,03616127
-0,006761457
-0,03608184
-0,03064273
0,0003996345
-0,009250256
-0,02333648
-0,04273814
-0,03375275
-0,01374304
-0,03044835
-0,03124491
-0,02870214
0,02588131
0,01701806
0,02109436
0,02381224
-0,002056165
-0,0263264
-0,002565831
0,02946835
0,00545837
0,004999589
0,00694591
0,006956953
-0,0103846
-0,0228963
0,02062928
0,01766022
0,03051049
-0,02569633
0,02535154
0,01666198
0,002791019
0,02809568
-0,01252467
-0,02984852
0,0101093
-0,02896854
0,02023276
-0,002918643
-0,01875322
0,007387883
-0,02034905
0,005756292
-0,02810543
0,01943379
-0,03528144
-0,02214573
0,0160361
-0,008515355
-0,03082465
0,01408319
-0,01351505
-0,01162769
-0,008656807
0,01838485
-0,01560422
-0,004745728
-0,01555067
-0,01250805
-0,009990189
-0,01905485
-0,02068612
-0,008312073
-0,01902068
-0,01308854
0,0001866407
-0,02951452
-0,0025265
0,017401
-0,01829827
-0,006217646
-0,01765648
0,02994278
0,0183728
0,02950349
-0,008318339
0,02694781
-0,002265012
-0,006077287
-0,02451646
0,00615071
0,02392768
-0,003562196
0,02398585
-0,03067893
-0,01198796
-0,02455192
-0,00585199
-0,008894742
0,002690985
-0,02307506
0,01042873
-0,008248474
-0,03394038
0,02473792
-0,008924752
0,01271764
-0,007822597
0,01384484
-0,01373461
0,0201361
0,005926075
-0,03506047
-0,01787618
0,01116658
0,0003269412
-0,007799267
0,003447085
-0,004421412
-0,0009606343
-0,003207844
-0,02633396
0,02761582
-0,01156625
0,02002604
-0,009592218
0,0129255
-0,0033771
-0,01984015
0,02955348
-0,005251204
0,00399798
-0,0239002
-0,01634349
-0,02572988
0,01275186
0,01570237
0,02610508
0,01907935
0,0007705742
-0,001054411
-0,00137907
0,005773633
0,02821115
-0,02610436
0,01915203
0,01481291
-0,02834992
-0,02805034
-0,0145022
0,01575977
-0,009624135
0,02223793
0,01380346
-0,03251434
-0,03775055
0,005325003
-0,02774436
-0,02589209
0,0002441602
0,005955989
-0,01639671
-0,0217674
0,01365289
0,02445975
-0,01186045
0,004514016
0,01637309
-0,01954892
-0,02946454
0,02412429
0,003109407
0,0224757
-0,03069458
-0,02506652
-0,0281003
0,00172861
-0,03105357
-0,01762498
-0,02880899
0,005197314
0,007664842
-0,008474592
0,02323521
-0,0177
0,03051103
0,009043698
-0,01197359
-0,02128669
-0,02716318
0,03074946
0,007614351
0,01465362
-0,01945521
0,01447242
-0,02805152
-0,02142812
0,01362448
0,02703587
0,006364352
-0,02401865
0,01617542
0,01171128
-0,0347166
-0,01222129
-0,02567217
-0,005866683
0,01860126
0,007547946
-0,03813813
-0,01014506
0,006474841
0,01804047
-0,0278642
-0,03686378
-0,0307555
-0,03388944
-0,009568182
0,005165634
-0,03583175
0,01615703
-0,009914754
0,01387899
-0,01715872
-0,0258737
-0,01068125
0,02213513
0,01329244
-0,01506934
-0,02926277
0,0244983
0,01663298
-0,02902001
0,003662506
0,0216039
0,01475135
0,02061597
-0,009430714
0,0002367799
0,03006156
-0,0005872152
0,01573538
0,0054664
-0,02144418
0,00300482
-0,01426787
0,009076385
0,001880468
-0,02358699
0,004563665
-0,03168004
0,00981677
-0,02980403
0,02412332
0,01567806
0,009406428
-0,03207637
-0,003160029
0,01719713
-0,03786809
-0,01868621
0,010715
-0,0007502345
-0,0007337811
-0,03491204
0,002678105
0,008720336
-0,01154023
-0,01734938
-0,01448684
-0,01447886
0,009773264
0,02195481
0,008646082
0,0006880168
-0,02961471
0,01620446
0,005902791
0,01047349
0,01778484
0,01001421
-0,01202196
0,005884805
0,009748116
-0,02914298
-0,02040545
0,0120543
-0,02764318
0,01057228
-0,02803977
0,007896123
-0,01238005
-0,003762522
-0,001512946
0,008002195
0,009538478
-0,02514871
0,02345818
-0,0314871
0,01858493
0,003801437
-0,01688181
-0,02056705
0,015771
-0,01902826
-0,02073006
0,01134425
-0,01375833
-0,01159355
0,01145647
-0,0356125
-0,006361813
0,008769345
-0,03736367
-0,01794816
-0,03533723
-0,02163171
0,02531701
0,006006984
0,02600405
-0,03015291
0,006913377
0,01090266
-0,01436794
0,0104896
-0,03025553
-0,01276353
-0,005139058
-0,02883242
0,02039071
0,02621715
0,02380764
0,006796639
0,02109908
-0,01793158
-0,009082112
-0,02690948
0,01517203
-0,00988156
0,01363345
-0,009388116
-0,01278571
0,004639889
0,02146959
-0,02970252
-0,02431315
-0,006136909
-0,01407499
-0,02707914
0,002984095
-0,006086596
-0,02637282
-0,02198473
-0,03200694
0,01247244
0,02137426
-4,888346E-06
0,02036966
-0,02753187
-0,0205513
0,02151189
-0,01475616
-0,01939629
-0,005360553
0,01248487
-0,02938204
0,01866728
-0,03415273
0,02160536
-0,03001718
-0,03221646
-0,005651569
0,006323921
0,02716306
0,007823412
0,01360337
-0,02884638
0,02110005
-0,01318124
0,002201111
0,005207365
-0,02858329
-0,01097006
-0,002915206
-0,007746569
0,01834771
0,01103506
0,004178547
-0,02775787
-0,01420347
0,01426667
-0,02419697
0,002754741
-0,02970416
0,01465208
0,02676287
0,02435323
0,02591222
0,02477313
0,01849815
-0,019132
-0,007210623
-0,01122259
-0,02845377
0,0003284749
-0,03570282
-0,007143622
-0,02487873
-0,01439234
-0,03502095
0,01620374
0,007604959
-0,0002996689
-0,001146782
0,00505471
0,02220173
-0,03107286
0,01785305
-0,01835496
-0,02444087
-0,005208348
-0,01442545
0,02604817
0,009107857
-0,01468341
0,02410171
0,02244837
0,005782206
-0,01745705
0,01058189
0,02058257
-0,0235862
0,02623172
-0,004200927
-0,01133867
-0,01909166
0,01004345
-0,01664243
0,02373016
-0,008257377
-0,01190057
-0,003556336
-0,02287793
0,02642103
-0,009080747
-0,03260883
-0,00393529
0,02626401
-0,01229987
0,01651473
0,02135964
0,02736282
0,01162236
0,01826805
-0,009329093
0,02395296
-0,008487202
0,002703891
0,01059365
0,003001874
-0,03348186
0,009272957
-0,04155569
0,005486547
-0,02448108
0,007500993
0,01546226
-0,02212019
-0,01566839
0,001013619
-0,01364721
0,01659502
-0,0308647
0,02035629
0,01473192
-0,030193
-0,02054166
-0,0293093
-0,01324522
-0,01378879
-0,001456031
0,02752758
-0,00952542
-0,002501366
0,01879301
0,02189757
-0,006327278
-0,023897
-0,02791896
-0,006498645
0,01591725
0,02821069
-0,006520529
-0,01894588
-0,01728725
-0,005206139
-0,00758336
-0,007738651
0,01283131
0,006562338
-0,02064701
-0,0209567
0,003910555
0,01185048
-0,004732691
-0,0303301
0,02390677
0,01039276
-0,03693574
-0,0170761
0,002971774
-0,02003391
-0,01915519
-0,006617771
-0,02558912
-0,02819973
-0,006065861
-0,006557229
0,02207892
-0,009185136
-0,00888137
0,009859839
-0,02152394
0,02325172
0,01616524
-0,01006151
-0,004236796
0,01799531
0,008543719
-0,01019277
0,007990504
0,01669817
-0,01300954
0,01105507
-0,02544306
-0,01413296
-0,009744487
0,006758456
0,02908828
0,0168089
0,02463887
0,003309886
-0,02689472
0,01004525
0,008465969
-0,01062432
0,00288404
0,02099464
-0,02827438
-0,02709345
0,02403256
0,01881442
-0,00489288
-0,0102978
-0,02069296
-0,004378181
-0,03441705
0,005146374
0,0215172
-0,02793652
-0,001650643
-0,03165991
-0,02988311
0,005491882
0,009093439
0,02379367
-0,02783384
0,007126485
-0,002887642
0,02732155
0,020411
0,02338062
0,002460792
-0,02188515
-0,002960519
0,02025622
0,0088213
0,0002884162
-0,01393423
-0,004660009
0,01656107
0,003819984
0,01468962
0,003738587
-0,006731851
0,01742113
-0,01187247
0,02657452
-0,003345026
0,004596308
-0,01551626
0,007927367
0,00844894
0,02125127
-0,0181966
0,01463397
-0,009903717
-0,01049325
0,02586435
0,01057161
-0,01790446
0,01486255
-0,0115609
-0,02786219
-0,02066531
-0,03430874
-0,02081959
-0,02057508
0,01714109
-0,01119643
0,01580451
-0,003181719
-0,01010916
-0,006314252
-0,0145801
-0,03457057
-0,008996975
0,005909192
-0,009128392
0,0287393
0,009052706
-0,02094714
-0,01599335
0,02115479
0,01031392
-0,01840295
-0,01499586
0,01313431
0,02685956
0,01195365
-0,002146252
-0,01269812
0,002571377
0,002888744
-0,02034841
0,02529782
-0,02057319
0,007153385
-0,01101651
-0,009542597
0,0003061263
0,02834833
-0,03037639
-0,02755794
0,01464774
0,01448391
-0,0183496
-0,02369131
-0,0006436231
-0,02057696
-0,009955736
0,01015831
-0,03353245
-0,03407148
-0,03175517
-0,03206465
-0,003246546
-0,006015381
-0,006252392
-0,03282642
0,0125923
-0,002919258
-0,01498481
-0,02754611
0,02320089
-0,001542848
0,02281445
0,02392958
-0,006608617
-0,002518803
0,01928619
0,01685299
-0,01110074
0,02738397
-0,004798618
0,01134175
-0,02122715
-0,01664206
-0,02147518
0,02559828
-0,03038889
-0,02203336
-0,01602877
0,01620587
-0,009510322
0,01490976
-0,01377541
0,002006685
0,0008464268
-0,02512558
-0,009678227
0,007757429
-0,02119548
-0,01309086
0,002788863
0,02702404
0,005334868
0,02142329
-0,02453335
-0,01934699
0,01815219
-0,01379231
0,01250539
-0,0312488
-0,01574421
-0,0006948115
-0,01320264
-0,03384463
0,0003401845
-0,01408376
0,02117807
-0,01438416
-0,01597585
-0,00583839
-0,03427156
0,006673236
-0,01577548
0,004145633
0,02060648
-0,02106164
-0,0137187
-0,003167781
-0,006174952
-0,01352977
-0,02306267
-0,01623343
0,0079496
-0,02638277
-0,00391227
-0,002066982
-0,02584866
-0,01148437
-0,02293381
0,02870608
-0,02078445
0,01313888
-0,005737762
-0,01679204
-0,002656723
0,01714582
-0,009303613
-0,01622153
0,02780206
-0,01930948
-0,0193777
0,02685878
-0,01608429
0,007712874
-0,0166529
0,02304732
0,01142294
-0,02875555
0,02811662
0,02018898
0,01697218
-0,01442047
0,0163315
-0,009227174
0,02082365
-0,02636544
0,02086905
-0,01771152
-0,002287226
-0,0297193
-0,01779143
0,003275862
-0,01949567
-0,009174932
-0,009880715
-0,01298192
-0,01462263
-0,02452202
-0,02037168
-0,02591104
0,02080587
-0,02665001
-0,0007015333
-0,01699574
-0,02265047
-0,0204545
0,03007828
-0,02972635
0,02060017
0,003764405
0,02046291
-0,02511373
-0,009546641
-0,01623922
-0,02501066
0,01918795
0,01934579
0,02785002
-0,01133668
-0,008436592
0,02187292
0,02980428
0,008658585
0,02001801
0,02421202
0,004114978
0,01415884
0,02261407
-0,01546139
0,02006671
0,005039915
0,0006178017
0,01640178
0,01831982
-0,02884556
0,0185593
0,01670337
0,004481827
-0,01529934
0,01141314
-0,02939998
0,02214752
-0,003118475
-0,03131919
-0,01560978
-0,02015794
-0,0144056
-0,03113833
-0,01159845
0,003407995
0,002308713
-0,01120368
0,01781803
0,01588619
-0,01676074
0,02161649
-0,0041853
0,009793573
-0,01001319
0,005252228
-0,003236266
-0,02007289
0,01651401
0,02740111
0,02666867
-0,0117575
-0,01580549
-0,002856745
-0,01824558
-0,01439029
0,02900219
-0,0220722
0,009045173
0,006045788
-0,01157691
0,02678664
0,0008858676
0,004992102
0,002537611
0,01001959
-0,01578534
0,008841586
-0,001759642
0,00802883
-0,01227065
-0,01727928
0,0113824
-0,03140875
0,005493341
-0,02287038
-0,01108226
-0,02384845
-0,01143536
0,01040459
-0,01544554
0,02274772
-0,02204588
0,00326258
-0,0236216
0,03013834
0,02794916
0,02026503
0,01884175
-0,02783087
0,005479026
-0,005659169
0,009599402
-0,01972268
-0,000710873
-0,01120729
-0,007586597
0,02176683
-0,02316024
0,007777106
-0,0108382
0,01395855
0,009988653
-0,02479415
0,005913969
0,007883811
0,001051785
-0,02104543
0,01850227
-0,02861707
0,02368997
0,01812023
0,01423528
0,02279233
-0,0147056
-0,01056609
0,01552616
0,02539646
-0,001729249
0,001268715
0,008430664
-0,009961225
0,01988214
-0,004816214
-0,02837044
0,02536087
0,005739314
0,000135821
0,00333104
-0,01184321
0,01673584
-0,00117966
-0,02558053
0,01763544
-0,00434673
0,004228274
-0,01389791
-0,02740797
0,02741494
-0,001465106
-0,001849946
0,01768545
-0,02883735
0,01777483
-0,01991172
0,01972388
0,009881292
0,0155668
0,02172773
-0,02374432
0,001947983
-0,003880615
-0,007350568
0,002717105
0,02299819
0,02312437
0,01961641
-0,01907588
-0,02935973
0,009658912
0,02808581
0,02581892
0,002087318
-0,003831978
-0,02057041
-0,01238333
0,009338853
-0,0310304
-0,002591378
0,01101499
-0,02752693
0,008703734
0,02424989
0,02810463
-0,02768963
0,0242053
-0,009156786
-0,02750147
-0,01580954
-0,01767761
-0,01353078
0,02365912
0,01563524
-0,0004906406
0,01782197
-0,007905922
-0,02125165
0,001013882
0,02193259
0,002795169
0,01347267
-0,02647124
-0,0271253
-0,0113476
0,0009512008
0,002849603
-0,01603552
0,004509262
0,004342074
0,0189503
-0,02298817
0,009359007
-0,01359999
-0,02482677
0,0297824
0,01922657
-0,001248311
-0,007057936
-0,002645309
0,02608983
-0,00200707
0,01366051
0,02389382
0,01343348
-0,009017281
-0,02815539
-0,02207994
-0,02764774
0,007438507
0,01932556
-0,02082776
-0,02205696
-0,02291564
0,02593467
-0,03069219
-0,03021348
0,007829486
0,007307008
-0,002040247
0,001764222
0,01285436
0,02124439
0,003259663
-0,0007203427
-0,021926
0,008510856
0,007801924
0,009841912
0,0001929968
0,02991864
0,02395436
0,01643374
-0,02603135
0,02716779
-0,02414
-0,02899045
-0,01924867
-0,01172264
0,02726684
-0,002947431
-0,007513378
-0,02020708
0,02587486
0,01301406
0,006306025
0,02642938
0,001031574
-0,01001125
-0,02771295
0,02652742
-0,02183772
0,01830224
0,0242759
0,02325064
-0,0167281
0,005854139
-0,02159201
-0,006011724
0,00618067
0,01236345
-0,007079241
-0,001360469
0,002742273
0,009306056
0,02675444
-0,00525039
-0,02423552
-0,01996534
0,02050391
-0,02988703
0,02163856
-0,007728181
0,01266861
-0,02855697
-0,02043132
0,003445849
0,02556081
0,02088782
0,02355885
-0,0177944
-0,02164107
-0,01132263
0,006407446
0,004277621
0,02136596
-0,02436657
0,02302211
-0,01935641
0,01480421
-0,0006685178
0,02175457
0,01692551
0,01150436
-0,01686983
-0,02898235
0,02138832
0,005043572
-0,01436782
0,01406384
-0,02056154
0,01987692
-0,01262935
-0,0003437301
-0,0276506
-0,02585362
0,01651816
-0,02691557
0,01985812
0,01109203
0,007024656
0,009011014
-0,01396868
-0,002186705
-0,006305114
0,004228354
-0,02420158
0,02482117
-0,03064812
0,01779272
0,02096382
0,003192924
0,02569152
-0,001936442
-0,008969194
-0,02090492
-0,02467695
0,01052058
0,0003768647
-0,02898732
-0,00968284
0,02970527
0,01076209
-0,02354764
0,01453203
-0,007076283
0,02144008
0,02050243
0,004467044
-0,0001044332
-0,02574311
-0,02940288
-0,02912583
-0,002156619
-0,02413205
0,01848815
0,002150485
-0,01394574
-0,01346794
0,007288256
0,0244134
0,026363
0,004075388
-0,004025748
0,02190024
0,005021588
0,02322871
0,01884415
-0,02344136
0,02140953
0,02806027
-0,02399957
0,004081978
0,01961233
-0,008210071
0,009104056
-0,03005729
-0,01812287
0,01700771
-0,02911707
0,01423733
-0,01316713
-0,009192439
0,001017916
0,01424707
0,02187181
0,002907863
-0,001574846
-0,007489794
0,003748872
0,008002936
0,02078326
-0,005207544
0,02348117
-0,02294285
-0,005867998
-0,004939096
-0,01587277
-0,01520567
-0,02123939
-0,0001528966
-0,02834197
0,01299397
0,01206106
0,001218934
0,02855152
-0,004148599
-0,0192557
-0,02524531
-0,003473295
0,01761999
-0,01102292
-0,001296725
-0,01617821
0,02272962
0,006821285
0,00498928
-0,02682222
0,01296059
-0,02992698
-0,02786463
-0,005042846
-0,002608974
0,003888386
-0,01580774
-0,02158843
0,01188068
0,01220425
0,01309122
0,02869691
-0,01582632
0,01683386
0,02842981
0,008282676
0,002819932
0,01326162
0,004608398
0,009438495
-0,03004809
0,01655737
-0,003725976
-0,007274498
-0,006070294
0,02654342
0,01658451
-0,0110083
-0,00846208
-0,01927187
-0,02956773
0,0001559213
0,01922777
-0,008013285
0,002112415
-0,01525818
-0,02380524
-0,0253018
0,004662835
-0,02120639
-0,002589529
-0,007162554
-0,01347209
0,01421421
-0,002118146
-0,02416595
-0,018388
-0,02931615
-0,009036831
0,02116037
0,01189328
-0,02016746
-0,02707864
0,02599958
-0,02743889
0,02574627
0,004155513
0,01009605
-0,02944986
0,0008670049
0,01751374
0,02574823
0,01693144
0,0009279901
0,0112756
-0,01673966
-0,01993299
0,02345585
-0,0151763
0,01398357
0,001993324
-0,001974566
-0,02154322
-0,004369484
-0,01805912
0,007726157
6,959203E-05
0,01252214
0,02543349
-0,01183509
0,01512009
0,01588525
0,02864401
0,0008531253
-0,0004818183
0,02122045
-0,00294397
0,02312544
-0,0109412
0,006300151
0,01064299
-0,003750071
-0,02630526
-0,02650078
-0,008473446
0,002020713
0,006370389
0,01627266
-0,02723694
-0,0157173
0,02608349
-0,01091698
0,01666162
0,007332683
-0,01099098
-0,01694036
-0,02893165
0,008025244
0,01470309
-0,004559102
-0,004124735
0,02213852
0,01528158
0,01320422
0,01656598
-0,0280403
0,02795058
-0,01361996
-0,02828419
0,0211382
0,01693059
-0,01214905
0,00458327
0,009238082
-0,02678317
-0,02425997
-0,005649397
-0,02499801
-0,02593938
0,01062125
-0,02833754
0,01465033
0,01008774
0,01122455
-0,00734641
-0,003463969
0,03003077
-0,008906487
-0,01832448
-0,01415263
0,01986102
0,01968172
-0,02179841
0,02345873
-0,02012414
0,01901123
0,01140636
-0,009180709
-0,01278977
-0,01073301
0,004293239
-0,01060308
0,0140874
-0,01818365
-0,002149563
0,00796607
0,01449005
-0,02294907
0,004146027
-0,01679301
0,01958253
0,02669461
0,003632383
-0,02607562
-0,005836519
0,01226866
-0,01764105
-0,02566253
-0,009262013
-0,009683222
-0,02723353
0,007029336
-0,02499697
0,01646554
-0,0286791
0,02798786
-0,02034668
0,01162094
-0,0007846259
-0,0150556
-0,005018071
-0,02651013
0,01842771
0,01531996
-0,02374766
0,01286365
-0,02964538
-0,001802535
-0,01658791
0,015023
0,01256262
0,02280824
0,01740756
0,02877379
-0,003404228
0,02359074
-0,01445078
-0,02608813
-0,000876945
-0,00177538
0,006407207
0,006827815
-0,03022958
0,0271865
-0,01355964
0,02781117
-0,01576526
0,02830124
-0,01951486
0,000464677
-0,001548494
-0,0271939
0,008481437
-0,01077883
0,01904944
0,01641945
-0,02150038
0,01929089
0,02853676
0,01202443
0,0119461
0,01479484
0,0216306
0,006425205
0,008404362
-0,01937793
0,02023796
-0,02317242
-0,01011694
-0,02165959
0,01238435
-0,02434554
-0,01763024
-0,02907201
0,009051847
0,01864588
-0,02654053
0,02158846
-0,001269451
-0,02105208
-0,001528121
-0,02744925
-0,01230638
0,01354934
-0,01352187
0,009601186
-0,01591299
-0,00196243
-0,02037922
0,01077193
0,01507161
-0,003091788
-0,02396688
0,01776173
0,01694807
0,02229561
0,01589862
-0,005822829
-0,01102672
-0,02403667
-0,02237342
-0,02248659
0,008474351
-0,02781126
0,01866807
-0,007088286
0,02118052
0,007701009
0,010882
-0,02954786
0,01294041
-0,01250119
-0,009431461
0,019615
-0,01642537
0,009384451
-0,002886957
-0,02189389
-0,01005373
0,0294179
0,02713908
-0,007845295
0,02777017
0,009709279
-0,00615123
-0,01452479
0,03022251
-0,004840915
-0,01542152
0,01735815
-0,02726638
0,009836708
0,002551539
-0,007240821
-0,02871751
-0,00907744
-0,005393165
-0,0145225
0,02543612
0,02413741
0,0189992
0,006952808
0,01779218
-0,02079679
0,028418
-0,00239341
-0,02363729
-0,01294369
0,00425257
-0,02240738
-0,004823994
0,007802115
-0,0257354
-0,009774915
-0,02056792
0,01611865
-0,01961062
0,02942883
0,008955332
0,003210923
-0,006701152
-0,003964568
-0,006840444
0,02414301
0,02832798
-0,02689309
0,0155626
0,02841816
0,01833444
0,02326881
-0,01523926
