0,01111002
0,02941488
0,001838007
-0,02263795
-0,01078326
-0,01919741
0,01349127
0,02106304
0,0007383719
0,007163441
0,02023253
-0,01927007
0,001316555
0,02580416
0,01408876
0,01648351
0,008177665
-0,00034866
-0,003366363
-0,02079864
-0,003760011
-0,01526251
0,006622727
-0,009251291
0,02853872
0,02294151
-0,0120374
0,008306233
-0,02121709
-0,02795474
0,01507834
0,01931277
-0,02469792
0,02177857
-0,02404799
0,0294421
0,02026731
-0,01353665
-0,02017355
0,001643993
-0,01626905
0,01420727
-0,01883142
0,00905131
-0,001210879
-0,02454247
-0,01784957
0,008920096
0,001901436
-0,02534536
-0,01696712
-0,02258193
0,01528043
0,0156606
-0,02851789
-0,006195634
-0,00664977
-0,02122943
-0,02071377
-0,01178675
0,01686014
-0,02283568
0,0180345
0,0005122551
0,02722287
0,02153257
-0,02861665
0,004515268
0,01509799
0,01425342
0,02373579
-0,00935544
-0,01425835
0,02331967
0,02198366
0,01070382
-0,02785306
0,02146085
0,01429459
0,01666413
-0,004704895
0,001315718
-0,02012499
-0,03248744
0,02034008
0,00627074
-0,01143238
-0,003068561
0,03073245
0,01264365
0,003221105
0,008901789
-0,02368988
0,02066479
0,01090431
-0,0206577
-0,0296613
0,01199979
0,01454395
0,001365394
-0,02984323
0,01072395
0,03363141
0,02163725
-0,01357188
0,04405117
0,01807184
0,03068515
0,03231148
-0,0007726055
-0,01120157
0,000971057
-0,002677159
-0,001035664
0,02539614
-0,01084385
-0,0257763
0,01264977
0,01450561
-0,01030655
0,01984297
0,01290416
0,01459986
-0,03246893
-0,0359755
-0,03382863
-0,03192767
-0,01517705
-0,0308117
0,01860799
-0,005891564
-0,02229758
-0,04381412
-0,01833372
0,02457272
-0,02196998
0,01795702
-0,01444135
0,04467744
0,04679141
0,0104359
-0,01450749
0,002281608
-0,0008787612
-0,007367762
-0,01631535
-0,006066775
0,01631061
-0,02437256
-0,003461745
-0,02392699
-0,004086167
-0,01336771
-0,01077819
0,007658795
-0,0015556
0,03170644
0,00944592
-0,01093056
0,02537408
0,03251386
0,00952072
0,02038692
0,01225713
0,01395381
0,02595842
-0,02831098
0,01585507
-0,0123515
0,001501311
-0,006906661
0,01359878
0,01727522
-0,01148321
-0,01088008
-0,01416182
-0,02966441
-0,03478932
0,0009619247
0,01778259
-0,002106911
-0,0237793
-0,03638077
-0,0001192657
-0,01733482
-0,02577425
-0,023077
0,04123533
-0,0005922305
-0,005064803
-0,009244992
0,03837926
0,008423117
0,02057601
-0,02342812
-0,00978273
0,009610903
-0,0106131
0,01856175
-0,004212925
-0,02951247
-0,0047339
-0,004023157
0,02586195
0,06241022
0,01656957
0,03087251
-0,009230233
-0,03478505
-0,03018117
-0,01929348
-0,00524623
-0,0001032487
0,08432988
0,0296264
-0,003427849
-0,02044625
0,03121105
-0,007449771
-0,03730466
-0,01349266
-0,01842853
-0,006663093
0,03611805
0,02881607
0,02135896
-0,006291565
0,00679449
-0,03607253
-0,02750364
-0,01674342
-0,04627493
-0,03932555
-0,03496629
0,01022023
-0,02084847
-0,06491881
0,04278199
0,02779153
-0,03149657
0,003352983
-0,03679013
-0,04479781
-0,01070263
-0,01164461
-0,00410491
0,01750324
0,02444214
0,02098783
-0,0178359
-0,008602278
0,03317571
0,04845557
0,06808658
0,1391243
0,1076472
0,01914967
-0,0142466
-0,02844551
-0,01852364
0,05471208
0,1009159
0,1105659
0,04420238
0,03201569
-0,004679163
-0,0114281
0,06981289
0,06347916
0,0108049
0,007580058
-0,02756911
0,003511311
0,05576203
0,07854421
0,04155442
0,0244055
0,007816399
-0,07939197
-0,01107346
-0,01985818
-0,1441579
-0,05529534
-0,00267729
0,02941369
-0,07133943
-0,04856896
-0,005536393
0,03288307
0,04342954
0,02974809
0,04006325
-0,06619418
-0,04597191
0,01226659
-0,003599446
-0,03236872
0,004147423
-1,200422E-05
-0,004603402
0,003123634
0,04189164
-0,03257601
0,02986794
0,08842194
0,05191583
0,0501658
-0,005005153
0,04192441
0,03197821
0,007778048
0,07040338
0,0667226
-0,0204188
0,05321085
0,01326996
0,04730447
0,08908653
0,0876336
0,08232507
0,01744348
-0,04247096
-0,008544615
0,03136822
-0,00563997
-0,04104451
0,01731467
0,0481534
0,04185531
0,0806627
-0,01050084
-0,03824352
-0,03637289
-0,08230531
-0,1197062
-0,08217566
-0,1038823
-0,0157407
0,05827467
0,04711688
0,03260058
0,01843729
-0,02203496
-0,06866793
-0,006384032
0,001127308
0,005855612
0,03188942
0,01052717
0,02895468
0,01953949
-0,02512946
0,04154087
0,104313
-0,002822931
-0,04198182
0,08971456
0,008577426
0,06748161
0,03503268
-0,09897308
-0,08797368
0,006788689
0,09064805
0,06627955
0,06347831
-0,004170169
0,0007931938
0,09697458
0,05840911
0,007612415
-0,03145919
0,04398789
0,07538766
-0,05336986
-0,02747212
0,0919084
0,04635792
0,01294133
0,01488162
0,03178878
-0,1372425
-0,02705142
-0,04930582
0,003029083
-0,1783059
-0,07094942
0,03218999
0,1020041
0,1215572
0,07678672
0,02610221
-0,004964746
0,004671383
-0,04338269
-0,02672399
0,01721876
-0,006653404
-0,0004883534
-0,01467499
-0,0002917571
0,000591289
0,0495155
0,01570442
-0,05592495
-0,08163659
0,01378515
0,02830897
0,06195825
0,1273994
0,07840487
0,02061428
0,07806535
-0,02910764
-0,03449814
-0,05228044
-0,1030284
-0,07846563
-0,02814624
0,05771098
0,04016098
-0,01567078
0,05484016
0,04389523
-0,04798557
-0,02483117
-0,02911111
-0,2072869
-0,01603528
-0,01073982
-0,01981409
-0,0545355
-0,07363214
-0,05869799
-0,09410542
-0,1324441
-0,02181008
-0,0186646
-0,0104918
0,05080938
0,05664932
0,02898957
-0,03034564
-0,0476363
-0,04381807
-0,03714838
0,0115922
-0,009967592
0,003562589
0,04009619
-0,006526203
-0,02427787
0,01050224
0,06166076
0,05050905
-0,03353463
0,08527207
0,1037347
-0,02006483
0,1210597
-0,03372579
-0,009161875
0,08297781
0,02048845
0,005972212
-0,045678
0,01180638
-0,01480972
0,008367743
-0,01113896
0,02229062
-0,01486046
-0,01419094
0,05916022
0,07234646
0,03903933
-0,07224294
-0,1778564
0,008150121
-0,00585901
-0,0526912
-0,0922095
0,001747483
0,05259672
-0,1147629
-0,0120231
-0,0607805
-0,08895919
0,03529068
0,1132724
0,02918305
-0,003300929
-0,02205418
-0,02557493
-0,08312212
-0,06414391
-0,006200932
0,01087263
-0,01268529
-0,01184953
-0,01107002
-0,01042436
0,04431815
0,08399777
0,009463827
0,06846569
0,08771981
0,1638816
0,1011573
0,08575829
0,007836301
0,05362626
-0,04331106
-0,08254179
0,01279987
0,05546441
-0,04880936
0,03037443
-0,08350143
-0,04590238
0,02203898
-0,08677843
0,04160552
-0,07253519
0,08973465
0,1156066
0,1250296
-0,06856952
-0,04857748
-0,04360696
0,03990073
0,04700754
-0,0155044
-0,1151458
-0,02021577
0,02837867
-0,1461714
0,07654379
-0,05490397
0,07362791
-0,04072654
0,008474665
0,08191106
-0,008746367
-0,04221233
-0,09500702
-0,03094152
0,003518847
0,0290807
0,02255063
-0,002991448
0,01763327
0,01415708
0,01365152
0,05504552
0,07483339
-0,03701504
-0,05195611
-0,03550326
-0,02556785
0,004576054
0,08454102
-0,05019587
-0,01560752
0,08180934
-0,04047557
-0,03431044
-0,09776401
-0,09161115
-0,003523519
0,08540108
-0,0426207
0,0231384
0,05491967
-0,04377489
0,06247562
-0,01702457
0,02866547
-0,03368941
0,1240517
-0,1299808
0,05570116
-0,1045358
-0,04313286
0,04541865
0,03518748
-0,09821752
0,02188888
0,04888285
-0,03657749
0,03678016
-0,004823528
0,08203549
-0,04965721
-0,09711883
-0,09350883
-0,08862931
0,002607716
0,01543244
-0,005738999
0,02875595
-0,01007949
0,02090686
-0,06309791
0,1217314
0,08150546
-0,04893966
0,04761684
0,06666215
-0,06810836
-0,02987141
0,04263708
-0,02468792
-0,03804308
-0,004455158
-0,1469345
0,04505709
0,01389715
-0,1085124
-0,06117693
0,1604888
-0,07773791
-0,05213499
0,0619882
-0,07115692
0,01191758
0,1232423
-0,02905589
0,04196221
0,03264701
-0,1176539
-0,03018693
-0,02507248
0,05329733
0,03797147
0,1400318
-0,01436105
-0,04319635
-0,04637103
0,13203
0,0716012
-0,02453681
-0,02998594
0,007921419
-0,02428997
-0,09182215
-0,04011938
-0,02862496
-0,01363411
-0,00827733
-0,01009713
-0,002777309
0,01790682
-0,0265342
0,09935203
-0,03666843
-0,04322317
-0,0231108
-0,09489972
0,01933497
0,02211727
0,1515777
0,02722876
0,1170396
0,0616865
-0,04797611
-0,0107065
-0,01242131
-0,1002075
-0,1051079
0,01611793
0,05148232
-0,08685739
-0,01383944
0,06622768
-0,1529341
0,1317758
0,02270627
-0,04858137
-0,07879052
0,08850847
-0,1006171
-0,09240631
0,003818896
-0,008597521
0,04743059
0,01986812
-0,1856476
-0,1190319
-0,05217805
0,02155237
0,05250228
-0,09461625
-0,08688942
0,05848367
-0,00611489
-0,08879615
-0,04965024
-0,01768599
0,0006208557
0,01830091
-0,005892461
-0,02484679
0,04274981
0,007966647
0,03840929
-0,005986839
-0,05944341
-0,1158038
-0,1209166
-0,05815677
-0,0235857
-0,05347269
-0,08958393
-0,04732201
0,138713
0,09755928
-0,06941728
0,1377361
0,1016886
-0,03423331
-0,09340692
-0,01444937
-0,1966828
0,07388251
-0,04463933
0,01322712
-0,02505398
0,0574787
0,0002483485
-0,02164435
-0,08170415
0,1891194
0,01155473
-0,1761439
-0,06753118
-0,04982442
-0,09693667
-0,2234247
0,02757594
0,0647339
-0,02161484
-0,0842876
-0,03465266
0,05966427
0,01991663
-0,05830214
-0,03382921
-0,02824013
0,03145986
0,02920375
-0,02621997
-0,04382076
0,0297085
-0,02633804
-0,00285116
-0,02051627
0,03911734
0,04166182
-0,1016927
-0,05216412
0,07873537
0,01542209
0,04236876
-0,1199282
-0,1849554
0,07974553
-0,1394162
0,03620106
0,01228089
0,05173106
0,03687176
0,03209596
-0,03740395
0,009289372
0,07079273
-0,1679889
-0,06148694
0,001365437
0,05125938
-0,01402748
0,006040593
-0,07411484
0,01202352
0,06280276
0,01176506
-0,07651936
0,02748076
0,01770615
-0,09357143
-0,07465335
-0,1231433
-0,008165983
0,01764654
0,1103751
0,09447698
-0,01889813
-0,05601541
-0,03965666
0,009919176
-0,02872653
-0,02397025
-0,00416336
0,07982917
-0,03903822
0,008923616
0,09722181
-0,08678098
-0,1299051
-0,144002
0,05134649
-0,08445138
-0,1616773
-0,07056577
0,02082596
-0,05427928
0,03318906
-0,01236544
-0,03765408
0,003041878
-0,09059317
0,09290771
-0,01761514
-0,07236361
0,1290208
0,1361582
-0,07341238
-0,04293074
0,02688507
-0,08285545
-0,03472191
-0,0933548
0,04319612
-0,09049224
0,05537751
0,04748547
-0,05065602
0,02028108
0,04275818
0,1013175
-0,05556219
-0,04987818
0,02598915
-0,1104588
-0,01152354
-0,006824997
-0,02034667
-0,09655941
-0,01387314
-0,02061817
0,006223158
-0,01234163
0,02438883
0,05918682
0,0446714
-0,01071013
-0,04316925
-1,111389E-06
-0,04799414
-0,03820975
0,0238673
-0,05975495
-0,005994866
0,05347077
0,09355525
-0,04668879
-0,05888659
0,04778568
-0,01939024
-0,06539991
0,193642
0,01349848
-0,1003508
0,1294806
0,01710113
-0,04899876
0,005425155
0,0793693
0,03877809
-0,007521509
-0,1715916
0,07898845
-0,2073178
0,1229337
-0,04577751
0,04556124
-0,2431897
0,0009026699
0,02945672
0,05609863
-0,06514759
-0,09115508
-0,04614385
-0,04962484
-0,004210278
-0,04134813
-0,03447234
-0,03016075
-0,02297866
-0,01872766
-0,007322124
0,003398309
-0,04120003
0,01085528
0,0128075
-0,02234947
0,111121
0,1441806
0,04608884
0,008398513
0,0372986
-0,03928682
0,07054734
0,02607506
-0,02984501
-0,03950075
-0,0714518
-0,01407963
-0,1006063
-0,000383914
-0,1071622
-0,03653175
0,06874613
0,007262308
0,01737722
0,08784571
-0,1202037
-0,06417838
-0,06401601
-0,05553886
0,1770213
-0,08887718
0,02376908
-0,1513847
0,01782898
-0,09677852
-0,01861744
0,1295123
0,008786689
0,02911662
0,06677234
0,09909589
-0,03764066
-0,1027423
0,01890831
0,05164414
0,0257358
-0,03042629
0,01148433
-0,008910913
-0,01452366
-0,007761394
0,000920523
0,03314998
0,05304191
0,1054401
0,04039383
0,02414369
-0,004785885
-0,006120792
0,06839197
0,008091674
-0,2223464
-0,0471891
0,08648544
0,05079812
-0,02847784
0,04179779
0,05513943
0,06696798
0,01312598
-0,0888008
-0,09715198
-0,02950658
-0,01361389
-0,01450488
-0,1269569
0,1240247
0,0488076
-0,0133092
0,05299965
0,02374301
0,05657152
0,1147885
0,08982919
-0,03641095
-0,03736714
0,1042921
-0,08164616
-0,05530104
0,09907141
0,0837066
0,1209091
0,02272753
-0,07457016
0,04272483
0,1056579
0,04178647
0,01977203
-0,004591729
-0,01800413
0,01230851
-0,01255361
0,04836009
0,1430328
0,02043581
0,08712494
-0,004673494
0,02654752
-0,01099239
0,2120332
0,1201835
0,005486688
-0,001321097
0,07732167
-0,001138776
0,002402527
-0,1667086
0,004191026
-0,08390164
0,07346994
-0,04387857
-0,04405032
0,2433791
-0,1840487
0,2049171
-0,02917664
-0,1782517
-0,0370674
-0,009543653
0,003599424
0,0716485
-0,03897004
-0,07724778
-0,1171178
0,0432074
0,1738404
0,03713165
0,01109801
-0,02830406
-0,09122454
0,03437416
-0,05781944
0,04576539
-0,08313185
0,1103475
0,09114088
-0,006403582
0,0273962
0,01149868
-0,01201368
0,02289777
-0,019252
-0,000752779
0,1365726
0,185208
0,01471767
-0,05335332
-0,08141798
-0,1301114
0,05050341
-0,02512837
-0,05615865
-0,01678742
-0,04507365
-0,08939994
-0,1104029
-0,06324065
0,1239745
-0,09808869
-0,08767267
0,02906817
-0,05832709
0,1294707
0,1707589
0,01221023
-0,01487995
-0,10066
0,03165482
-0,07171027
0,08170266
0,05960295
0,08301172
-0,001675262
0,09743726
-0,04114353
-0,1205198
0,03820416
-0,03184377
-0,01431562
0,01236934
0,07812999
-0,07070627
0,1514635
0,08182695
0,1073753
0,1374469
0,042767
0,0108263
0,0250849
0,02632025
-0,02036048
-0,005222225
-0,03187637
0,03348557
0,1758657
-0,06924798
0,08769821
0,04877179
0,04938763
0,08341981
-0,1021149
0,047946
0,03611999
0,003689462
0,1420968
0,1680484
0,1145828
-0,007052207
0,02184147
0,005401605
-0,0602222
0,02733864
-0,01448243
0,05172245
0,1127526
-0,01605289
-0,106187
0,02082163
0,1343141
-0,08928741
0,1161912
-0,05969506
-0,06925313
0,08654907
-0,01818428
0,1674262
-0,126535
0,06912324
-0,1341575
0,007088307
-0,03367174
-0,06907623
0,09550173
0,06454986
0,0423342
0,0228119
0,02365474
0,03130344
0,04208948
-0,003676646
0,01798623
0,02750405
0,002818346
0,07294682
-0,07228585
-0,0626852
-0,06496388
-0,1104771
-0,03583631
-0,003172449
-0,03426652
-0,09073702
-0,03807101
-0,05019473
-0,07977568
0,04294226
-0,1253234
-0,2229904
-0,07061283
0,1045416
0,06538805
0,02804351
0,1147991
-0,102793
-0,03290104
0,1642671
-0,1350657
0,03183142
0,01228142
-0,1451254
0,1221026
0,03622925
-0,19527
0,009300125
-0,05009028
0,03554183
-0,05924577
0,08407491
-0,05192502
-0,05239152
0,2136488
-0,008550596
-0,1001167
-0,02472448
-0,01815727
0,056585
0,03637164
0,02225809
0,05180868
0,01722066
0,02376027
0,0509108
-0,01151143
0,03086389
0,0140564
0,01798805
-0,2749722
-0,2030975
-0,1641714
-0,07050839
-0,1884125
-0,1450894
0,05885364
-0,09725113
0,1080195
-0,03139937
0,03751138
0,01785058
-0,09343065
-0,1740005
-0,115071
-0,01913096
0,1391926
-0,03441034
-0,06185776
0,06724174
0,1473954
-0,0250058
-0,05027221
0,1018637
-0,02026913
-0,04138242
-0,04897656
-0,1425289
0,1111013
-0,02000137
-0,114949
-0,04621566
0,03434088
0,09018596
0,008691205
-0,2140978
-0,1940806
-0,05889565
-0,01813712
0,02978504
0,008903525
0,008796876
0,05047293
-0,02205388
-0,02352737
-0,009269568
-0,00679019
-0,03107801
-0,04671232
-0,06200665
0,06317624
-0,1262527
-0,05269041
0,06582681
0,1991964
0,0264604
-0,003991586
-0,01812703
-0,09135027
0,03272247
0,003953813
0,05102473
0,02419479
0,04586518
0,08058046
0,05374916
0,04447739
0,03996284
0,2889834
-0,06354915
0,002806297
0,06349554
-0,02846075
0,03836598
0,05052415
0,08844618
0,01912982
0,07752358
-0,08708634
-0,07957716
-0,01187216
-0,01134052
0,02897659
0,1196696
-0,03172619
-0,1205861
0,002787977
-0,07772809
-0,06415787
0,04553456
-0,01347151
0,01005158
0,06347407
0,009391824
-0,01774835
0,01794519
-0,04190109
0,01913343
0,02689655
-0,07094988
-0,03541478
0,09340745
0,0690719
-0,0378755
0,09643646
-2,582904E-05
0,08052305
-0,02665399
0,06159336
-0,03116717
-0,03082093
0,1926324
0,190071
-0,05743902
-0,01492487
0,009755037
0,042267
-0,100815
0,06520798
0,01913432
0,07751916
0,1002972
0,1784269
-0,07110368
0,003309585
-0,1040622
-0,1273099
0,1363114
-0,02597444
-0,1416553
0,1723678
-0,07261631
-0,1253526
-0,07027994
-0,03281862
0,1285649
0,1605522
0,02566798
-0,07743847
0,02028278
0,01299012
0,0569499
0,03248207
-0,01749278
-0,03903776
0,03859584
0,0379584
-0,0007771362
0,09407192
0,111554
0,06762326
0,02970219
-0,06759576
-0,03379655
0,1787019
0,04748046
0,09678339
-0,07076965
-0,03270856
-0,1768373
-0,05299201
0,0006469568
0,1367883
0,03107627
-0,07192811
0,0008492662
0,1373928
0,02256694
0,01379949
0,01696658
0,1195433
-0,02033846
-0,2097377
0,06895564
-0,003580236
0,07389739
0,06835
0,02273783
0,01857319
0,06207158
0,1073175
0,03790361
-0,0310392
-0,0663164
-0,09574142
0,04852125
0,178335
0,06035975
0,09263332
0,07210237
0,008247696
0,03302608
0,0659328
-0,01046688
0,006387027
0,05525813
0,05442847
-0,1007128
0,1989189
-0,04085986
0,02699818
-0,03940822
0,02603033
0,00882552
0,02636246
-0,04232848
0,05288973
-0,1495472
-0,08650695
-0,01926097
0,08822678
0,01675298
0,02654619
0,09660824
0,01428674
-0,04833997
0,06705562
-0,02405801
-0,0160133
-0,04279448
-0,02602235
0,1308306
0,2460699
-0,08745034
0,06856298
-0,0690453
0,06665096
-0,01825468
0,1375555
0,07832574
-0,05100532
-0,08850535
0,03443804
-0,0285143
-0,06183546
0,1058523
0,06440122
-0,08008228
0,082522
0,03786479
0,008840407
0,06633292
0,01805168
-0,006418317
-0,02940353
0,0102669
-0,004575411
0,05902413
0,1272824
-0,1009558
0,07735808
0,01423229
-0,004367106
-0,03322249
0,03425965
-0,1561743
-0,03170599
-0,09141188
-0,0203553
0,08691268
-0,1835701
-0,03220534
-0,01851087
0,1479343
0,09709592
-0,08703618
0,1338166
-0,09492352
0,03069076
0,1057448
-0,08130357
0,02651825
0,05274001
0,01516253
0,1048775
-0,1262502
0,01479008
0,05580484
-0,08561923
-0,07978468
-0,2178781
-0,1894954
0,1493309
0,2169026
-0,09112009
0,04612102
0,09463597
0,06284349
0,008905333
-0,00319284
0,01879312
0,01030191
0,03032712
0,001118311
0,03336981
0,00518206
0,04170091
-0,03669356
-0,04623474
0,0190504
-0,02558286
0,09041039
-0,01433155
-0,06258017
-0,02728796
0,03636579
-0,04603474
0,07062386
-0,1254281
-0,07204217
-0,02767149
0,1426871
-0,03778923
0,07198612
-0,05529833
0,01982134
-0,06247929
0,03854169
-0,03234514
0,09916774
-0,001027992
0,01961511
-0,01403511
0,0471807
-0,02056682
-0,009243911
0,1674909
-0,02196639
-0,04187885
-0,0243828
-0,04342944
0,02940237
-0,01796107
-0,03128497
0,0001101019
-0,02969449
0,002273662
0,01804675
-0,02484936
-0,03239609
-0,0003388429
0,04270204
0,03067531
-0,00501571
-0,002284161
0,09570424
-0,01850427
0,06077211
0,01838399
-0,006351714
-0,08060327
0,05478908
0,04536982
-0,05110726
-0,005688533
-0,02101561
0,1213013
0,07318332
0,09795038
0,005160329
0,01931685
-0,1983531
0,01688063
-0,1082437
-0,07330799
0,02345024
-0,06752461
-0,1318694
-0,03816707
0,009974935
-0,008099038
-0,1790983
-0,09879524
0,3291965
-0,04069984
0,08677455
-0,03641806
-0,09428523
-0,04415556
-0,06444988
0,09818823
-0,005826429
0,01562256
-0,07598782
-0,19561
-0,1442465
0,04105048
-0,002321976
-0,05655341
-0,02243753
0,003213551
0,01670755
-0,01799703
-0,02765143
0,05713829
-0,001470969
0,1307967
0,09232469
0,06891213
-0,1197181
0,2187891
-0,06761664
-0,07032931
-0,03396265
0,02222252
-0,01039016
-0,05248508
-0,01717387
0,08423667
-0,1329788
0,009449556
-0,03003354
-0,03724029
-0,01044367
-0,02641139
-0,04475569
0,01427606
-0,1370486
-0,01032838
0,1557251
-0,05433935
-0,0938293
-0,08874589
0,04437344
-0,172644
-0,08010241
0,06987881
0,1819006
-0,03205401
-0,03428554
0,02188564
-0,1828255
-0,05409505
-0,1883591
-0,03408969
-0,009817946
0,03766287
-0,08584819
0,009450555
0,01019675
-0,02649255
-0,02357579
0,008612889
-0,007784937
0,009801687
0,07631245
-0,08937805
-0,03664313
0,0450343
0,02370266
-0,0877661
-0,09613462
0,1289729
0,1183235
0,04106694
-0,003434274
-0,09528283
0,08586335
0,01887743
0,0975327
-0,09233531
-0,02876323
0,1183095
-0,06015389
-0,1099348
0,06211669
0,1152772
0,1033314
-0,04669468
-0,04542641
-0,007035411
-0,01164876
0,08807889
0,09964035
0,04332291
0,06743035
0,02866881
-0,1641962
-0,172776
0,09043435
0,05079545
-0,04440952
-0,02133747
-0,03944476
0,0982848
-0,002340371
-0,07103649
-0,05898022
-0,02569213
-0,05591246
-0,04015559
0,002324769
-0,01289176
-0,002875648
0,01333815
-0,01071846
0,09859937
-0,01364859
0,1550678
-0,0001162554
-0,07128745
0,2072661
-0,03219888
-0,1384113
-0,1456004
-0,08371286
0,1529378
0,09335458
-0,06723147
-0,01360305
-0,07155222
0,05357914
0,009271649
-0,1929759
-0,06505491
0,0549876
-0,03961956
0,01052595
0,002659045
0,148235
-0,1025208
-0,02541394
-0,08163115
-0,1332719
0,002084436
-0,0301889
-0,1420517
-0,2566144
-0,04565237
-0,07513172
-0,03265253
-0,1025285
-0,07098884
0,07512692
-0,001484427
-0,09503873
-0,08352854
0,005548392
-0,03337069
-0,06522666
-0,00476118
-0,0009968766
-0,007494264
0,02336819
-0,01513645
0,02788719
-0,01932459
-0,1035009
-0,0162324
-0,119137
0,05206484
-0,07466344
0,05979048
0,03843427
-0,09354594
-0,007070765
0,2462679
0,03064728
-0,06887793
0,03955961
-0,02689987
0,04906126
0,002931234
-0,025653
0,06852568
-0,08861411
0,01203077
-0,03042611
0,08956659
-0,0677436
0,2010906
0,1734501
0,07266782
0,04375913
0,04058522
0,03555804
0,1469693
0,1137861
-0,08477688
0,04840669
-0,01642726
-0,1054767
0,1068209
0,002603623
0,09016731
-0,008026967
0,1510132
0,1296248
0,02834841
-0,03249028
-0,02396784
-0,02114411
0,006439736
0,01181821
0,03594377
0,02384942
-0,1708542
-0,0477218
-0,113901
-0,06358417
0,08776854
-0,1670933
-0,09219898
0,0801447
-0,05878834
0,04822309
-0,1592555
-0,1939239
0,04880125
0,08424501
-0,06972504
-0,1553168
0,0448556
-0,1323798
0,05265543
0,0984879
0,07086909
-0,07309642
0,08382133
0,2164131
0,1011204
-0,2582745
-0,002072508
0,0742052
-0,09550741
-0,03943264
-0,07288917
-0,06567412
-0,1102381
0,03829721
0,09411492
-0,007751438
0,07713675
0,05596971
-0,09707652
-0,04250983
0,00129876
-0,02134006
-0,04150359
0,008552753
-0,01797945
0,02940604
-0,02233081
-0,01042638
-0,01645158
0,006543904
-0,1221185
-0,01503286
-0,02930342
0,1453567
0,07889826
0,0002250018
0,00929987
0,05999202
-0,008621669
-0,08798651
-0,04883467
0,008862338
-0,06789375
-0,05025018
-0,0839117
0,005943896
0,07568809
0,04715772
-0,100895
0,1555913
-0,08365582
-0,007376699
-0,1057496
0,001001401
0,01652117
0,02624581
0,09548118
0,04090531
0,009728255
0,05854191
-0,06203732
-0,05441075
0,008696821
0,004880194
0,01696868
-0,1120051
0,01183918
0,02901742
-0,1391394
-0,05892837
0,02999945
-0,01602225
0,04211458
0,0101573
0,03468469
-0,01718211
0,003329905
0,03429937
0,0232244
-0,01267032
0,005548911
0,09613603
-0,07721952
-0,03606357
-0,03955742
0,01714693
-0,07144186
0,04180123
0,07334442
-0,1082124
-0,01806777
-0,01508718
0,01497594
-0,111817
0,116305
0,07628542
-0,170551
0,0980897
-0,1731407
0,04358571
-0,0513953
-0,05180869
0,1080011
-0,01403178
0,0004312422
-0,08573662
-0,05180706
0,01550214
-0,0506673
-0,002578794
-0,0395271
0,0504523
0,04060834
0,01821691
-0,06195281
-0,08303248
0,1421214
-0,06186945
-0,04612392
0,01721313
-0,03944185
0,04729298
-0,006487048
-0,0231156
0,01140979
0,03721491
-0,03110307
0,00109805
0,02792997
0,04201788
-0,02146933
0,1784573
0,008178163
-0,1377901
-0,2209457
0,03755102
-0,03309529
0,05155289
0,02196304
0,1754459
0,08371469
-0,1311135
-0,04228497
-0,06539772
0,04824625
-0,08662374
-0,03990593
-0,05487316
-0,05702398
0,02892728
0,04050057
-0,08089612
0,04888914
-0,09569773
0,1445513
-0,009796414
-0,04576791
-0,06572669
-0,04400108
0,04525479
-0,1035413
-0,03016949
-0,05296495
-0,1198474
-0,0004756936
-0,02044995
0,08748512
-0,1591009
0,04879416
-0,03965146
-0,02025606
0,03521178
-0,03753054
-0,01209084
0,0121628
0,02563616
0,01952903
-0,002134852
-0,00149001
0,044978
-0,08609488
-0,002522408
-0,0009188359
0,04260141
0,2436261
0,04421494
0,09296893
-0,08285771
-0,1880489
-0,02237364
-0,01797774
0,02800065
0,1365317
-0,1131371
0,2054097
-0,04551666
-0,09337689
0,06851886
-0,09149843
-0,1045645
0,0003446819
0,03699492
-0,08186322
0,04825897
-0,01882086
-0,004373488
-0,03427717
-0,04859643
0,1193463
0,04625441
-0,04542231
-0,03047808
-0,04813592
-0,007151835
-0,1584535
-0,0225859
0,0391182
-0,02630366
-0,1085082
-0,02431613
0,006359085
0,02157793
-0,04769325
-0,04151816
0,01952431
0,04750517
0,02336528
-0,000603132
0,03703932
-0,02359304
0,009261467
0,1161538
0,124093
-0,2150165
-0,04354711
0,2881262
-0,06378882
0,005045949
-0,09029633
0,03821536
0,004071307
-0,07880064
-0,08978122
-0,09571162
0,02336106
0,07347025
-0,06823054
-0,01528485
-0,05012469
-0,00699725
-0,008504202
0,0487753
-0,04138071
0,1166422
-0,002150367
0,09978928
0,1021789
-0,009852025
-0,1004965
0,05853697
0,05861042
0,06661035
-0,055905
0,05488336
-0,1513045
-0,06350061
0,1025119
-0,01831704
0,08458408
0,007511477
-0,008383742
-0,0240804
-0,04592545
-0,02593713
0,006883953
0,01183192
-0,01109769
-0,01728814
0,04752971
0,0472995
-0,001426782
-0,06408565
0,1442303
-0,03640828
-0,2335871
0,0154958
-0,02624347
-0,06871361
0,003292318
-0,09562933
-0,0650034
0,0704136
0,0518629
-0,1037782
-0,04204737
0,04493959
-0,01248564
-0,09879886
-0,09492783
-0,0006647676
0,09138072
-0,1478651
-0,1446754
0,03678285
-0,0754865
0,001633706
-0,01845006
-0,07036149
0,008829673
0,05750689
-0,007087346
-0,1710112
0,1259456
0,07833087
-0,1001331
-0,01169607
-0,02114135
0,009324792
0,0900256
-0,002953628
0,02387673
-0,06837834
-0,03657951
-0,02137649
0,02602335
0,03235244
0,03112666
0,01060498
0,01901963
0,06721485
0,11424
-0,03588331
-0,03990621
0,1518361
0,04836724
0,1251811
0,06506987
0,147356
0,1239018
0,03489909
-0,1485791
0,0563499
-0,05390904
0,01814245
-0,01392888
-0,03571359
-0,004150286
0,01011465
0,06650467
0,1075533
-0,08961391
-0,01993586
0,2675292
0,007869303
-0,1328012
-0,1683006
-0,07408844
0,02067579
-0,076854
0,007391699
-0,02125858
-0,05331133
-0,09203122
0,07842699
0,03563729
-0,1794467
-0,05597313
0,04364126
0,06577628
0,1354814
0,02475908
-0,06607035
-0,03270218
-0,01968939
0,0402566
0,03687927
-0,003025989
-0,0206946
0,01964333
0,001378603
-0,005613964
0,05827378
-0,04019487
-0,05272969
-0,02572836
0,1783632
0,02040818
0,1274029
-0,01795689
-0,006638831
0,05052276
-0,1049434
-0,07949927
0,1318645
-0,07921583
0,07445331
0,06092688
-0,07297281
-0,04999122
-0,1927714
0,02178581
0,06360187
-0,07994683
-0,02855803
0,03481818
0,0421643
-0,06577212
-0,1068794
-0,1546884
0,0364151
-0,01198105
-0,01498927
0,01885245
-0,02819285
-0,06890301
-0,01156099
-0,009338032
-0,09606889
0,1488357
0,1057879
0,01145524
-0,06279653
0,0640883
0,01502767
0,01538601
0,007397523
0,03163097
0,02841453
-0,01681294
-0,03329258
0,02472506
-0,04203269
0,04058016
-0,04026414
0,1843089
-0,1545575
-0,1451852
-0,157402
-0,007870508
0,05813731
-0,1408143
-0,06542232
0,07385326
-0,0742894
0,07330091
0,06704852
-0,01943018
0,09345186
0,05884328
0,01986899
-0,02416269
0,1720594
-0,02064822
-0,01548984
-0,08520434
0,1103367
0,02855977
0,05430534
0,02946001
-0,0889246
-0,08278044
0,1245704
-0,02975331
0,02630915
0,08926418
-0,08207537
-0,05383448
0,09514941
-0,001015183
0,03658285
0,03257076
-0,09440225
0,0739463
0,05136248
0,02003316
0,03748745
0,01375
-0,02441647
-0,002579339
-0,03238996
0,06682482
0,04695985
0,09754006
0,05378363
0,09775147
0,05018712
0,007442698
0,05104728
-0,06771966
0,01926479
0,06833229
0,02975825
-0,06825058
-0,1182278
0,1491198
0,2357314
-0,1049298
-0,1285314
-0,1656425
-0,05504766
0,1374364
-0,04201518
0,08550949
0,09340631
-0,006649219
-0,05794006
-0,09313124
0,05654825
-0,1405956
-0,09551424
0,02553539
-0,06153183
0,1142555
0,05420405
-0,06316935
0,1150183
-0,04004943
-0,07989012
-0,1141705
0,04200739
0,09736671
0,03610282
-0,06347169
0,01651295
0,002006033
0,0005884443
-0,01061974
-0,02851055
-0,006863574
0,1131449
-0,1094527
0,04547863
0,01898919
-0,1358028
0,04294344
-0,1180459
0,1045528
0,05523458
0,02313573
-0,1433379
0,02248
0,07641187
0,10635
-0,07096593
0,03982318
0,1085894
-0,09253959
0,08107136
0,07340828
0,1065441
0,04221221
0,01581821
-0,03021195
0,1735989
0,1196142
-0,03492116
-0,01749587
0,06572136
-0,06287691
0,2382809
0,07987262
-0,07893319
-0,03876137
-0,0445077
0,06377016
0,116211
-0,04789376
-0,04717723
7,222518E-06
-0,01338348
0,1281106
0,08859263
-0,06842461
0,0106736
0,01791042
0,04703352
-0,008626219
-0,006754284
0,0241713
0,05220208
-0,04743756
0,1642013
-0,002982932
-0,1030286
0,2172399
-0,08919466
-0,1457294
0,00660498
-0,01831825
0,08621285
0,02312805
-0,01707391
-0,09956995
-0,09309018
-0,06708711
0,08149532
-0,124465
-0,02858181
-0,1166729
0,04005814
0,04099777
-0,09214491
0,0498711
0,1783978
0,05990367
0,109482
0,0595044
-0,01439986
-0,1496197
-0,00177795
0,0007182811
-0,06087787
-0,1581575
-0,1017604
-0,04859049
-0,03782358
-0,07843596
-0,04281825
0,02759982
-0,01694867
0,1221993
0,03046117
-0,06770488
0,006398783
0,04632441
0,01283103
0,02800654
-0,02258125
0,04763826
0,07761942
0,007661105
0,1292275
-0,138703
-0,1659865
-0,07713738
-0,05327546
0,06457221
-0,03572377
-0,0187824
-0,1128688
0,01809856
-0,07603872
-0,03923924
-0,04802192
0,09358375
0,03621899
-0,04779337
-0,05192585
-0,04613909
0,03119655
0,1038836
-0,07645394
-0,08956084
0,1112495
-0,1384621
0,054412
0,03351822
-0,0142254
0,07442738
0,09350052
-0,02706474
-0,0803574
-0,07566993
-0,1149888
0,06465639
-0,07303111
-0,07273239
-0,01387226
-0,06851298
-0,01100796
0,0369451
0,08589999
-0,02646153
-0,01936133
0,04528653
0,04488537
0,02397513
0,002549718
0,04129224
0,1007229
0,1293265
0,01225313
-0,03559846
-0,07805125
0,1264291
0,1534939
0,0325657
-0,1946681
-0,03501652
-0,002448608
-0,02241685
-0,1265612
-0,02494824
0,0826692
0,01273252
-0,002113594
0,1357589
-0,004545954
0,08618528
0,08832135
-0,2140217
0,07473163
-0,05425177
0,1727641
-0,1679169
0,02094152
0,1637584
-0,08012264
0,1508736
-0,00788873
-0,1846136
0,0406285
-0,1537336
-0,01733455
0,0176492
-0,08935367
-0,03622079
-0,1774597
-0,0493241
0,0247795
0,08228734
0,03275608
-0,04427155
0,01068309
0,07493843
0,03465461
-0,001649383
-0,009364842
0,002463024
0,1477764
0,06628659
-0,03348936
-0,03415409
0,0245062
-0,1184686
0,007602886
-0,03505154
-0,121132
-0,02634449
0,07242019
-0,07128469
-0,1601325
0,01201532
-0,023824
0,01033274
-0,191109
-0,2262273
-0,01262018
-0,0631727
0,07004576
0,08040658
0,2946273
0,1213722
-0,06574623
0,2097365
0,06176043
-0,12186
-0,03121492
-0,03231462
-0,07308236
-0,08205923
-0,03059786
-0,09490465
-0,02344889
0,08133335
-0,03284707
0,004636308
0,04665266
0,1141499
-0,05488843
-0,006400726
-0,05739856
-0,04981523
-0,02559862
0,00660386
0,05846172
-0,02239998
0,01990385
0,0636576
0,1722222
-0,04678613
-0,02116031
0,02703341
0,06580894
-0,1458572
-0,1462458
0,03656728
-0,002608957
-0,1025061
0,05008171
0,06741799
-0,1633512
-0,022087
0,1372733
0,04739907
0,04442648
-0,01976237
-0,03840185
0,09935592
-0,06859482
-0,1141612
-0,06285392
-0,03994256
0,03308621
-0,1515118
0,07975036
0,1304563
-0,02407961
-0,1287357
0,00155641
-0,01511734
0,1080186
-0,09305283
-0,003085482
0,06240618
0,03576812
0,01181119
0,05262537
0,0461667
-0,1013872
0,0007883196
-0,06306659
-0,08475643
-0,04689739
-0,02435494
0,03023228
0,02230507
0,01518488
0,007360511
0,1080598
-0,009115847
0,077905
0,002238141
0,1130769
0,09641954
-0,145247
0,08856396
-0,008410858
-0,02971935
-0,08390354
0,1303851
-0,06563791
-0,1580129
-0,06438297
-0,1045767
-0,1300398
0,02255678
0,05204163
-0,02910597
-0,07248896
0,05471933
-0,06178988
-0,01659115
0,06955937
0,08700847
0,03383768
-0,06332714
0,1295829
0,1330213
-0,2566472
-0,0007073187
-0,1471795
-0,02162725
-0,1736694
-0,3037805
-0,007236776
-0,1048653
0,02257524
-0,05788213
0,007009246
-0,004096817
-0,04644322
-0,02267283
0,003838438
0,002384296
0,03249493
0,001880929
-0,01221464
0,06958293
0,07397995
0,1005174
0,1116548
0,03846042
-0,08508659
0,01528611
-0,01596932
0,0662427
0,1978253
0,06913834
0,007252781
0,0451387
-0,2300191
0,06940351
-0,01446505
-0,008649139
-0,1681537
-0,1365327
-0,03310678
0,07163834
-0,1157542
-0,02794186
0,2118199
0,08488184
-0,002446489
-0,02126851
0,09144016
0,07345311
0,01922106
0,04539876
-0,06164224
-0,2355439
0,11593
0,03921532
-0,2000701
-0,09634183
-0,0867953
0,03473857
0,02238642
-0,02580149
-0,01858779
-0,06087579
-0,00295139
-0,08775729
-0,004817294
0,03118655
0,04588969
0,01598018
-0,01038745
-0,008655914
0,06009842
-0,08154852
0,006768127
0,08568669
0,06360405
0,04182694
-0,1412857
-0,1713462
0,1311388
-0,02036853
-0,1632459
0,01013966
0,1811635
-0,1105758
0,01961334
0,03811313
0,1103878
0,005412241
0,009734539
-0,1078929
-0,1012908
0,03047173
0,02896902
-0,02355667
0,05337778
0,1421797
-0,05656425
-0,08826877
0,0105153
-0,06116053
0,1457344
0,04899076
0,04894976
0,09186443
-0,0247719
0,06082422
-0,02861787
-0,08158173
-0,09463284
0,008702079
0,02697181
-0,0002227613
-0,09354731
-0,04518475
0,06829408
0,08878626
0,03463429
-0,02025177
-0,002844895
0,002466648
-0,04385088
-0,01979396
-0,04832074
-0,03895997
0,07297146
-0,1564963
-0,1906087
0,1612933
0,1451274
-0,1070339
0,01971947
-0,03286778
0,005842605
0,1055846
-0,03723523
-0,1339435
-0,05965552
-0,07177509
0,09271956
-0,05043989
-0,09636673
0,1150278
-0,1393757
0,183808
0,1753381
-0,005907602
-0,01004703
0,1242792
0,03209158
0,02383967
-0,2336463
0,06084316
-0,05313082
-0,2159665
-0,1338289
-0,1114147
0,005816639
-0,1018317
-0,02431328
0,06660629
-0,1063791
-0,06273678
-0,01906712
-0,001058422
0,05966889
0,1052821
0,01013879
0,0233475
0,01970708
-0,027293
-0,02803487
0,01099144
-0,1498909
0,1388213
0,05439679
0,05366683
0,05580949
0,09311747
0,07509035
0,04020808
-0,07776786
0,07822266
0,1353481
0,003502732
-0,05183234
-0,1329147
-0,05343796
-0,02057024
0,006479248
-0,08116148
0,148165
0,006296527
0,02064274
0,1480196
-0,02939903
0,04167446
0,07221229
-0,1456063
0,002031895
-0,04628712
-0,07930809
-0,1799552
0,06045721
-0,0363568
-0,07339714
-0,182294
0,06828788
0,09576999
0,002390201
0,04807839
-0,0246711
-0,03982641
0,008332985
-0,01478807
0,0638601
0,08235196
0,01771087
0,00233198
-0,02421361
0,03926128
0,03108608
0,007182931
0,02396386
0,1021968
-0,05628215
-0,04195474
0,1455344
0,2150881
-0,03663533
-0,0622826
-0,1743876
-0,02551386
0,03648307
-0,08790946
-0,03504942
0,01374499
-0,02891463
0,02107093
0,01532435
-0,09162731
8,77375E-05
-0,04475893
-0,02403077
0,01373639
0,008395137
-0,1362845
0,0175683
-0,2049404
-0,05785387
0,01781391
0,04953214
-0,05537257
-0,1616809
-0,1578709
-0,06381109
0,005310766
-0,1127772
0,1003734
0,1955172
0,136223
-0,04249629
0,02796783
-0,005848185
-0,01364976
0,07452266
0,0933805
0,01890074
0,02685681
0,01192939
0,01449889
-0,01699343
0,154597
0,115419
-0,0004403707
-0,08795188
-0,009908057
-0,2732382
-0,08494056
0,1229512
0,09070538
0,01777507
-0,0322634
-0,06396526
0,01481013
-0,07975426
0,1578802
-0,1304974
-0,001216531
0,006905715
0,1505931
0,06704056
0,05057388
-0,1123015
0,1059347
0,2072124
0,008882788
-0,04754682
-0,04817056
0,007710702
-0,2159574
-0,1801027
-0,1642651
-0,2329743
-0,06630778
-0,03786809
0,124
-0,1245568
-0,102595
0,09459781
0,03079429
-0,05132233
0,04492403
-0,03939047
-0,06340516
0,07637599
0,06847764
0,06676657
0,004651819
-0,01457903
-0,01082677
0,02347523
0,01206688
0,0946201
-0,1612537
-0,007559765
0,05647172
-0,02434023
-0,1058684
0,1137203
-0,4110312
-0,01759586
-0,06738704
-0,2438642
-0,0400818
0,1234701
-0,02189885
-0,02720954
-0,111129
0,006136775
-0,03925489
0,09673399
0,02993256
0,200428
-0,01192922
0,01763892
0,02676504
-0,01560221
-0,1048074
-0,04219212
-0,1188341
-0,1436993
-0,1950723
0,02110508
0,06567449
-0,1670156
0,01559803
0,0155483
-0,04302884
0,05199399
-0,03438894
0,03724694
-0,001452668
-0,07205666
0,06193412
0,05513315
0,0121902
0,06920981
0,03230925
-0,02035679
0,04017527
0,08346829
0,08551859
0,03686466
-0,007127291
0,04233588
0,06469633
-0,1022337
-0,2061412
0,09758458
0,03569737
-0,06343517
0,1921217
-0,06077121
0,04571789
0,02910396
-0,03971063
0,1333523
-0,1470584
0,05729238
0,005451343
0,2816694
-0,00320288
0,2380933
0,1400168
-0,05775215
0,02613067
-0,271716
0,008915403
-0,03274382
-0,2520135
-0,2342226
-0,1747784
0,1326374
0,2259353
0,1266176
0,2178716
0,1413025
0,136503
0,06837032
-0,09003109
-0,01363618
-0,01938234
-0,0860516
0,03501365
0,0119022
0,02536336
0,07608372
0,04595941
-0,005340134
-0,03133088
-0,0208766
0,03911676
0,05765663
0,08808412
0,01809742
-0,1524534
-0,06757343
-0,1891944
-0,160149
-0,02739115
-0,05083936
-0,2080414
0,08953903
0,06432407
-0,05592106
-0,1895472
-0,07322449
0,06854443
0,1912217
0,02762338
0,03763497
0,2000914
0,2586611
-0,06200639
0,0441517
0,01498974
-0,1813103
-0,231582
-0,1724617
-0,3555876
-0,08865006
0,1023819
0,1309199
0,08986393
0,1744743
0,1397313
0,3542418
-0,01114058
-0,07899228
0,002544608
0,004617733
-0,01867069
-0,07249727
-0,02932635
0,05316707
0,07019151
0,06233919
0,01009275
-0,02453579
-0,01559027
-0,0445826
0,01852841
0,001838105
0,009278236
0,05206141
-0,2226771
-0,1721357
-0,09564772
0,004471225
-0,005731348
-0,002751151
-0,07802327
-0,09440295
-0,1143141
-0,1266265
-0,07282192
0,04788837
0,03036371
0,1464023
0,07577546
0,2789098
0,2764793
0,05550234
0,07728393
0,06215383
-0,009508684
-0,3496562
-0,2418723
-0,576026
-0,535473
-0,1707892
-0,08130985
-0,03890903
0,02486931
0,1997663
0,2151672
0,1170295
0,1298989
0,278336
0,05753035
0,005546849
0,06591079
-0,04159766
-0,08092649
0,03926706
0,07060158
0,01600791
-0,00721037
-0,0285005
-0,01073137
0,04690476
-0,0006908518
0,04920834
-0,1088791
-0,03515657
-0,1864269
-0,2183934
-0,01725826
-0,2298436
0,00503903
0,02825315
0,0118533
0,09101918
0,1370807
-0,1620166
0,1280219
0,2875183
0,1458399
0,2034568
0,329697
0,4056926
0,3132047
0,07486655
-0,1540358
-0,04894212
-0,3490817
-0,4697624
-0,8478252
-0,5088885
-0,2164013
0,189746
0,1678886
0,1028902
0,3121241
0,2533405
-0,006343162
0,04869125
0,1136782
-0,08244297
0,1221249
0,006184454
0,0176178
-0,08944824
-0,07137003
0,06631925
0,07474782
0,01019683
-0,01737726
0,02254442
-0,02947371
-0,0452543
-0,002244577
-0,009957705
-0,0585659
-0,1752213
-0,2455775
-0,1329657
-0,2098413
0,002063163
0,05372386
-0,2708133
0,02776631
0,1010771
0,1573919
-0,02077313
0,06679139
0,07662088
0,1729998
0,1700999
0,2999643
0,2801257
0,1532893
-0,07245357
-0,007541642
-0,3156571
-0,5904752
-0,8515149
-0,3618843
0,0584176
0,06978344
0,08783767
0,1761297
0,199004
0,1675219
0,0717715
-0,07872643
0,03420254
0,05962425
-0,08447516
-0,07790326
-0,09257087
-0,05822442
-0,01928813
-0,0118175
0,006892985
0,0622943
0,01994286
0,02312345
0,02542411
0,001544062
0,05395305
-0,01616355
-0,02575452
-0,04542491
-0,1336703
-0,1613158
-0,1348138
-0,1577323
-0,08491546
0,04695949
0,06438459
0,1314212
0,1547198
-0,03837744
0,007763288
-0,0502229
0,2016195
0,3590188
0,4344465
0,2376902
0,06114248
0,1878813
-0,1931937
-0,3487333
-0,9620515
-1,109788
-0,6685729
0,01062182
0,129424
0,2041136
0,2317781
0,1750068
0,2603474
0,183095
-0,05929809
-0,03441203
0,08401851
-0,03511252
-0,1698734
0,01417838
-0,1145681
-0,05547104
-0,05342994
0,01496371
0,04649361
0,07675627
0,01017717
-0,005455254
-0,02909477
-0,01885807
-0,02573346
-0,02677814
0,02569716
-0,00460492
-0,1055538
-0,1040889
-0,1062322
-0,001191647
-0,124286
0,02598925
0,2081052
-0,09430089
-0,05252546
-0,03259674
0,1409536
0,1195816
0,2856357
0,2157585
0,05779541
0,1726195
-0,2059591
-0,07291818
-0,7554345
-0,9136697
-1,088044
-0,4047567
0,1333176
0,350361
0,2727483
0,2312309
0,1635855
0,187461
0,09896978
-0,0151262
0,1351344
-0,04712853
-0,06179857
-0,07792585
0,2201768
0,1162784
-0,02651082
-0,04148906
-0,04402913
0,003366946
0,0375492
0,03427617
-0,003035698
0,009283231
0,02421925
-0,007530313
0,03892619
0,0001067027
-0,07984342
-0,2540118
-0,1839832
-0,1898667
-0,03219176
-0,04122251
-0,1934623
0,239178
0,1314425
0,06339321
0,116939
0,07460625
0,2318458
0,1344496
0,2364318
0,3625961
0,1062004
0,05220294
-0,395405
-0,5843413
-1,078724
-0,8284091
-0,5804242
0,1067618
0,3456752
0,3938606
0,08954013
0,4528013
0,2263591
0,1478719
0,103771
0,0003644946
0,3983631
-0,01728294
0,01007476
-0,04664379
-0,05917688
-0,008216399
0,0457909
-0,05271411
-0,09818974
0,01780253
0,009674116
0,03952886
0,02103031
-0,001202636
0,01870496
-0,01566971
0,03542713
-0,06858803
-0,09708273
-0,1792012
-0,1826442
-0,04338938
-0,03676314
0,02004216
-0,1253166
0,005602534
0,1103375
0,14504
0,1083345
0,08190263
0,2723165
0,2455003
0,09709184
0,127355
0,08842304
-0,2682667
-0,5417857
-0,7641363
-0,8115547
-0,5809516
-0,130032
0,1874245
0,222496
0,3637064
0,3603011
0,3357157
0,1807872
0,3467583
0,01952885
-0,206868
0,04018739
-0,06607496
-0,1462046
0,07812334
0,106573
0,04072448
0,1053116
0,00845514
-0,122296
0,01991643
0,05001465
0,023926
0,02126552
-0,01454417
0,009376783
0,009064775
-0,02145517
-0,1110856
-0,07245564
0,05289186
-0,2037319
-0,1298686
0,04091193
0,1612507
0,07036408
-0,05071638
0,1615487
0,1641745
0,01458152
-0,04407451
0,3048697
0,1705725
0,01402913
0,2463427
-0,1203978
-0,165333
-0,4131509
-0,4020477
-0,4557989
-0,2745058
-0,2501378
0,0889701
0,1713409
0,3741602
0,2575972
0,3334274
0,06333097
0,1043194
-0,182216
0,09344718
0,01165729
-0,007168573
-0,2534415
-0,02516458
-0,1741367
-0,04560467
0,1213141
0,03131874
-0,002976339
-0,05967613
0,03127781
0,03055027
0,01738835
0,008269556
-0,02809428
0,01056756
-0,05977384
-0,03183229
-0,2036148
-0,1105934
-0,04032644
0,0002889771
0,01963008
0,09443102
0,2306113
0,0351866
0,1350589
0,2265086
0,03023626
0,1284076
0,1671277
0,1254623
0,124556
0,1333883
-0,01124386
-0,157694
-0,2896039
-0,4545456
-0,2510377
-0,339953
-0,3726735
-0,05905586
0,2680598
0,1408969
0,329414
0,05149522
0,2450384
-0,02818576
0,004821985
-0,06178794
-0,1383277
0,09207691
-0,01362294
-0,03486954
-0,08627379
-0,07469169
-0,1130918
0,001845417
0,007353441
-0,0007436187
-0,02691095
0,00148678
-0,01722336
-0,03960308
-0,01530346
-0,01067558
0,008483261
0,04752175
-0,02500452
0,04002477
0,03173709
-0,07835127
0,08192766
0,1260309
-0,04202635
0,01648951
0,02387455
-0,01351226
-0,0585821
0,1327838
0,06470866
0,009884068
0,1409348
0,1215684
0,01132082
-0,1476656
-0,1388866
-0,2660774
-0,2323978
-0,1676521
-0,03769834
0,108488
-0,02923043
0,07549927
0,2112353
0,07735419
0,02484443
-0,1113399
-0,08703446
-0,01943078
0,07094271
0,02327114
-0,04773691
-0,02165656
0,01672056
-0,1041196
-0,01751913
-0,02658217
-0,01615285
0,0009253903
-0,0008616023
0,01493108
-0,04194323
-0,01479824
0,004532416
-0,01216321
0,02682766
0,03979362
0,1409717
0,1404906
-0,1416178
0,07928638
0,1639222
0,2814096
-0,03891747
0,1052658
0,002834132
-0,06507505
-0,04512058
0,003346855
0,001165669
0,1524558
0,05884294
0,1962743
-0,01026327
-0,09227993
-0,155563
-0,2444558
-0,103984
0,01242925
-0,1171947
0,01199024
0,03773881
0,03581821
0,06250751
0,01582723
0,009243722
-0,1283026
-0,05378756
0,09062817
-0,1370087
-0,186049
0,05297744
0,1213258
0,07743961
-0,004369856
0,06927264
0,02804047
-0,136112
-0,01078769
-0,002621218
0,008613494
0,0005393021
0,003300954
-0,02628393
0,02248813
-0,007265585
0,04226954
0,02646935
-0,1147305
-0,06813625
0,07197113
0,1652658
0,1954329
-0,06055028
0,01222949
-0,148395
0,003626986
0,05633207
0,152288
0,007046294
0,1169889
-0,09934353
0,02842402
-0,04051285
0,07237832
0,01903722
0,1004719
-0,03636331
-0,160051
-0,1055653
-0,003423003
0,04089117
-0,1909571
-0,07087967
-0,1201407
-0,05898304
0,04283853
0,2607395
-0,08267743
-0,1158262
0,08377372
-0,006793062
-0,132579
-0,07319321
-0,01024407
0,130248
-0,1005076
-0,1070282
-0,03257783
0,00459722
-0,0186794
-0,01594196
-0,01544813
-0,01319368
-0,02058878
-0,01012199
0,1314652
-0,02720361
-0,1113706
0,003228015
-0,03425448
-0,08222935
0,006471297
-0,1975767
-0,08388146
-0,05338351
-0,1456311
0,1513908
-0,1206615
-0,176346
0,08414047
-0,02227128
0,0220366
0,05468478
-0,2297635
0,1054691
0,008432041
0,07988849
0,07083679
0,03129953
-0,1401241
-0,05372583
-0,1950043
0,008685034
-0,02465048
0,1226369
-0,0774882
-0,06163742
0,00429189
0,0371836
0,02296586
0,02436572
-0,06037465
0,03739733
-0,04946385
0,08897344
-0,02663041
-0,130525
0,02999495
0,005410333
0,01901596
-0,004784108
0,02179995
0,02278899
-0,01671491
0,007576774
-0,01062424
-0,0841007
-0,008225713
-0,037226
0,08724056
0,04629711
-0,03353367
-0,09204088
-0,2686379
0,03861166
0,1412562
-0,03233388
-0,009867156
-0,06189272
0,07012282
-0,04294816
0,09994262
0,01333809
-0,004298812
0,1252923
0,2409959
0,06318818
-0,1376799
-0,01974628
-0,06795122
-0,00195979
-0,01625799
-0,03368624
-0,08274373
-0,05214345
-0,06384268
0,07378942
-0,1500677
-0,04565341
-0,06476746
0,06415452
-0,07274527
-0,06077693
-0,01936835
0,07140255
0,03207731
-0,02515851
-0,05297593
-0,001906042
0,01636696
-0,03595792
-0,01758797
-0,01429491
0,003005788
0,04778044
-0,05299256
0,1315108
0,1210924
-0,03277031
-0,01112255
-0,04100362
-0,2511263
-0,1301824
-0,06068116
-0,08083966
0,123914
-0,1075656
-0,01438404
-0,2353961
0,001570818
-0,1386444
-0,04279342
0,007853986
-0,002150865
-0,1522883
0,08017898
-0,1785704
0,02090343
0,04553638
0,0939738
-0,08026338
0,08471113
0,06176243
-0,007410736
0,1874253
0,1216612
0,03449703
0,07331177
-0,02800606
0,08271271
-0,07854274
-0,1496809
-0,1481376
-0,01234321
-0,06898649
-0,1152089
-0,06370015
-0,01316556
-0,0186022
-0,006327562
-0,04153561
-0,03387045
0,02824726
0,02676954
-0,0494066
0,1301613
-0,04954917
-0,06773935
0,05846131
-0,02769531
-0,05089076
0,04788635
-0,08252404
0,115594
-0,04717116
0,1708077
0,07994813
-0,06056432
0,1056983
0,04820188
0,088613
0,01125053
-0,0765689
-0,02275759
-0,04530586
-0,1835121
-0,06860387
0,02491827
-0,1046564
-0,04477692
0,06742246
-0,1255661
0,007605584
-0,1382561
0,07103539
-0,04162392
0,02927995
0,06383398
0,14031
0,0845679
0,03009174
0,08091386
-0,03069953
-0,1115554
-0,06314355
-0,09860332
0,007603016
-0,04769205
-0,04802183
-0,04916902
0,00858515
-0,01662312
0,02044629
0,006140019
0,01390542
0,02906981
0,01192909
0,07526984
0,05436338
0,1649649
-0,01164811
0,06952596
0,06889778
-0,03563844
-0,05049655
-0,06340646
0,06210295
0,02505052
-0,01449897
-0,04017156
-0,1853561
-0,02678876
-0,2272917
0,01126287
-0,09639721
-0,141775
-0,061508
-0,1412112
-0,005343354
0,06363314
-0,114992
-0,06207591
-0,08744438
0,006035889
-0,04803809
-0,02488738
0,09498582
-0,04067838
-0,1324991
-0,1295319
0,1178105
-0,05510062
0,195703
0,004911702
-0,08373524
-0,01055512
-0,0266442
-0,07276449
-0,03183548
-0,0511968
0,009054318
-0,003372792
0,0166625
9,90109E-05
0,03995386
0,0698679
-0,02785771
0,1366014
-0,07794047
0,01021453
0,01262272
0,1806735
0,07242414
-0,1055754
-0,1494621
0,051659
-0,06683114
-0,06055841
0,07275987
0,1257637
-0,1000021
0,1189123
0,1728213
-0,1857907
0,02739416
-0,042602
0,09970912
0,04606806
-0,09489688
-0,02819137
0,009544969
-0,07950728
0,1158178
-0,03886944
-0,2421174
-0,0824645
0,1578983
0,01901969
0,03122973
-0,1077282
-0,01879695
0,05819591
0,06004562
-0,1687444
-0,06619846
-0,04431402
-0,003212296
0,0357627
0,001248229
0,03075383
-0,0001471487
-0,01836246
-0,003740306
-0,002211237
0,02018824
0,07490768
-0,05322713
-0,1234953
-0,151875
-0,02204233
-0,2334178
-0,08412015
0,01233874
-0,03414183
-0,08008607
-0,004947198
-0,1003703
0,07440504
-0,00711451
-0,143247
0,009213644
0,02411976
-0,04634555
-0,01184117
0,1555229
-0,006497954
-0,03814663
-0,04505467
0,02720656
0,04936394
0,07951571
-0,1040892
0,05320572
-0,1492537
-0,02366969
0,1214804
-0,1039741
-0,08400946
-0,02507063
0,001726418
-0,0472778
-0,1910487
-0,07695755
-0,0569145
-0,06181009
-0,09402239
-0,04011523
0,07263149
-0,005333819
0,02383362
-0,008889838
0,006220882
0,0353122
0,01491317
0,01703258
-0,00708509
-0,01633925
0,1044518
0,03465488
-0,006744475
-0,04589733
-0,06788984
0,1069406
-0,1667391
-0,1421376
-0,02967237
-0,0523295
-0,001604918
-0,1452636
-0,0049398
0,165031
-0,05379104
-0,02761368
0,2078772
0,05459867
0,08040415
0,05866284
0,01475654
-0,04885781
0,1502207
-0,004859746
0,1039886
-0,1431756
0,004976955
0,04182205
-0,09843652
-0,09756181
-0,1423977
-0,06620868
0,05274593
-0,1221357
-0,1256101
0,01834303
0,03467975
-0,0101197
-0,04209867
0,01768674
0,03792093
-0,001859701
0,02289122
-0,0418779
0,008103416
-0,0003623001
0,01326437
-0,01256828
0,07131127
-0,00322847
0,01111117
0,05929153
0,09986579
0,01230866
-0,03659068
0,01503128
-0,03026833
0,12209
-0,01489926
-0,03494348
-0,01894305
-0,06593002
-0,04993987
0,07082659
-0,05507454
-0,08921126
0,03577202
-0,1084484
0,05463465
0,06898809
0,159729
0,1132015
0,1391937
-0,04460928
0,2012213
-0,0001939184
0,08858276
-0,1335845
-0,2776889
-0,1500009
0,01109131
0,004365392
-0,1543047
0,02606831
0,02830542
-0,01891248
-0,02320215
-0,0151528
-0,04544871
0,03262036
0,0588497
0,01895892
0,04199317
-0,0236366
-0,01165836
0,004435641
-0,004027158
0,04850841
0,03310876
-0,00701932
0,05588606
-0,06704111
0,1422057
0,0122701
0,05015844
-0,09052619
0,07226694
0,04248491
-0,008887707
-0,1326227
0,01131683
-0,0457187
-0,09175026
0,09698115
0,00721682
-0,03585711
-0,05769212
0,04637056
0,07331037
0,0007538576
0,03029019
0,05281514
0,03322629
-0,008619113
0,1648359
-0,04604215
0,06094646
0,03641377
-0,05750898
-0,01997771
-0,1620188
-0,006380635
-0,005908839
0,008609678
0,03417438
0,02331204
0,02819286
-0,105929
-0,05631031
-0,01635735
0,03038945
-0,01170852
0,02251089
-0,02052121
-0,02898646
-0,008235624
-0,02261374
0,04367241
0,01635313
-0,001596323
-0,01625567
-0,06076336
-0,1195761
0,1261585
-0,08201051
-0,0984326
0,01961126
0,157935
0,07665025
0,04660188
-0,05379666
-0,09276253
0,006158866
-0,01361824
-0,09436008
-0,01658703
-0,04646713
-0,02252446
0,04541226
0,06709278
0,09331691
-0,1574488
-0,03994624
-0,1004482
0,04556901
0,04000361
0,121889
0,008916283
-0,05432968
-0,1556191
0,07214854
0,08116632
0,06639886
0,01174038
0,02155407
0,06953292
-0,07406982
-0,118422
-0,01213445
-0,08319359
-0,01171003
-0,01869315
0,03110352
-0,01124939
-0,03143894
-0,02584881
0,007905935
0,03070658
-0,0008616247
0,1201638
0,02757658
0,1805739
-0,0002737128
-0,09636819
-0,2597962
0,03549424
0,002297094
-0,05995866
-0,1504698
0,08114065
-0,01164259
-0,02145692
0,00609096
-0,1057287
-0,04596427
0,008027647
0,08121666
0,183691
-0,03391433
0,01824876
-0,01846116
0,03710455
0,164681
0,0246538
0,1185771
0,08767209
-0,03303523
-0,1207927
0,0738243
0,02478718
-0,08261788
-0,03519658
0,04204066
-0,03527524
-0,05515673
-0,1050315
0,01757337
-0,06213659
0,002427099
0,002562943
-0,02362864
-0,02206276
-0,03120899
0,001423711
0,001893911
-0,02425913
0,02107618
0,06695051
0,04433932
0,04576772
0,02461362
0,02601053
0,04850319
0,03482564
-0,06016985
0,03146057
0,01160133
0,04364917
-0,2798918
-0,1079111
0,02010427
-0,01528604
0,1143605
-0,04566034
-0,1632841
0,1640751
0,007924509
-0,258746
0,1416955
0,01116257
-0,04475402
-0,03786861
-0,06926111
0,03767511
0,01482142
-0,07158877
0,04991055
-0,04889679
0,02600902
0,07289852
-0,04309165
-0,09912588
-0,0594718
-0,0764809
-0,02877214
-0,0670741
0,02623966
-0,03940695
-0,009089058
-0,004149101
0,009665878
-0,009463265
0,02361549
0,006819222
-0,02720795
0,01805186
0,008436111
-0,004458093
0,005695034
-0,004392807
0,03133995
0,06257683
0,1030641
0,08723193
-0,05351422
-0,02380105
-0,03535216
-0,02325989
0,02902119
-0,083032
-0,0554052
-0,08429914
0,0828381
0,07837036
0,0173064
-0,1356698
0,03367054
0,2009758
0,203642
-0,07865472
0,0682759
-0,06926153
-0,08001155
0,01790648
-0,03243078
-0,06263312
0,1517922
0,05474448
0,006895781
0,08646689
-0,06255883
-0,003684899
-0,004044734
0,01262963
-0,01309786
-0,007420087
-0,02982841
-0,004755336
0,05825081
0,003974862
0,005357394
-0,04081883
-0,01819792
-0,009116918
-0,008615229
-0,03038789
0,004923947
0,03618596
-0,01877382
-0,02751794
0,08275867
0,1096179
0,06299274
0,004101121
0,005088445
0,07422014
0,05163649
0,03491465
0,09191771
-0,07455225
0,02578467
-0,01476001
-0,06042722
-0,08019469
0,1067562
-0,08763792
-0,08627288
-0,1008624
0,08215947
-0,0143432
0,0633524
-0,02628323
0,06189807
0,1574019
0,07701959
0,0154365
0,1309824
-0,01461414
0,02559162
0,06260097
0,2400005
0,1309693
-0,01585988
-0,04015875
-0,1093818
-0,0505432
-0,02078415
-0,01816876
0,009219022
-0,003622433
-0,01687995
0,0001645799
0,004471541
0,01226566
-0,008810131
0,02766004
0,01394267
0,009529049
0,01268066
-0,006557747
-0,002541158
-0,1152132
0,05278056
-0,0201836
-0,01032687
0,006326102
0,05956196
0,06721894
-0,06412342
0,1663149
0,02496305
-0,07586199
0,02995686
-0,0600834
-0,06716899
-0,01659418
-0,0557859
0,1015032
0,02383478
0,06164457
0,1003339
0,05358802
0,08264937
0,02461094
0,008902898
0,1504799
0,002671711
-0,1711879
-0,04165312
-0,04658807
-0,0832907
0,04978412
-0,01312426
0,01566768
-0,03526342
0,005304262
-0,05365952
-0,05401119
-0,01537542
-0,01463517
-0,02461033
-0,02456388
0,02591147
-0,03584386
-0,002592289
-0,02116214
0,009077841
0,02713327
0,01146959
0,0131023
0,009503777
0,002288366
-0,05136372
-0,02707862
-0,01390526
0,0359247
0,03689653
-0,04053563
-0,03283349
-0,0696466
-0,1114405
0,04107951
0,08532753
0,1191881
0,1113557
0,01395571
0,0660005
0,03524116
0,0922418
0,06085448
0,06358621
0,08140516
0,06115986
-0,04759537
0,09981016
0,05627622
0,05790354
-0,1121092
-0,100421
-0,08000258
-0,04575014
0,008085075
-0,07940813
-0,03456252
-0,03831191
0,02080264
-0,01409443
-0,03613234
-0,0157952
-0,0398106
0,01574425
0,02533855
-0,02502497
-0,006694702
-0,01977105
-0,01229323
0,01485502
0,01844726
-0,01649594
-0,01142086
0,02041525
0,02787811
-0,01335423
-0,05396126
-0,04741015
-0,04591129
-0,02189437
0,02512292
0,03802186
0,03121034
0,04615051
-0,008611806
-0,0858992
-0,1530355
-0,03152502
0,05101817
0,01324363
0,02242715
-0,02236907
0,06142078
0,07746832
0,05150371
-0,05713774
-0,04154218
-0,01051491
0,03277155
0,03117102
0,00556127
0,01431256
-0,03438335
-0,0188804
-0,007938485
-0,05012929
-4,922276E-05
-0,02215081
-0,03666265
-0,01625873
-0,04016354
0,0006119207
-0,01139952
0,01119266
0,02325311
-0,01662833
0,02146743
0,01717598
0,0155793
-0,01908037
-0,00220162
0,0008647944
0,0002303995
0,004974782
0,01432271
0,005333427
0,004592546
-0,003725718
0,01691877
0,01555896
-0,0290837
-0,0443981
0,03409289
0,09872816
0,07210957
0,02227011
-0,1365968
-0,1570716
-0,04037995
0,07389317
0,003402743
-0,05662943
-0,07884127
-0,02271032
0,03037251
0,07929099
0,06261282
0,05855969
-0,002694444
-0,01834905
-0,07054068
0,01885714
-0,03699415
-0,06111324
-0,07344924
0,004205146
0,006665319
-0,02148936
-0,01063315
-0,04244094
0,007262353
-0,02938962
-0,01891625
-0,02095553
0,03030714
-0,02197444
-0,02747849
-0,005013686
0,02046181
0,02386294
0,02099195
-0,0006082859
0,02516814
-0,02575407
-0,01642795
0,02053835
0,01226325
-0,01486402
-0,02100269
0,0168588
-0,005706072
0,01220495
0,02594111
-0,02027952
-0,03681303
-0,008366907
-0,05307485
-0,119279
0,03649208
0,04752641
-0,01620839
0,001091192
-0,09157788
-0,01875593
0,1247656
0,08296233
-0,04346717
0,01364261
-0,02946079
0,0001576996
0,0008504504
0,05035669
-0,02735881
-0,01041959
-0,03534703
-0,05064106
0,0103729
-0,03550517
0,01725795
-0,02477933
-0,03319146
-0,01345811
-0,003671216
0,008757211
-0,0202359
0,02762149
-0,0255595
0,01967735
0,01934105
-0,01649911
-0,0122036
0,004472631
-0,003524503
-0,010398
-0,00859146
0,03403252
0,008210042
-0,008389013
0,002336888
-0,0117366
-0,001868217
-0,005459859
-0,04530044
-0,02711619
-0,0130335
0,001373554
-0,02091878
-0,0371075
-0,006095144
0,0004262881
-0,01528032
-0,0004148706
-0,02703071
0,008992163
0,02746471
-0,01197253
-0,07070589
-0,01503367
-0,01635827
-0,02600386
0,01912828
0,01293931
-0,04281187
-0,04543721
-0,05873429
-0,05199657
-0,02331458
0,01153418
-0,003476112
0,01641014
0,0009042344
0,003401928
0,02492796
-0,004306399
0,02417032
0,00342995
-0,004326547
0,01059838
0,0008490171
0,02059811
-0,01981937
0,0247722
-0,01867584
0,00395667
-0,00272529
0,01338135
-0,02815353
0,01968094
0,01736731
-0,02612928
-0,0202588
-0,04844271
-0,01045755
-0,04013707
-0,007729346
0,004337067
-0,009487175
0,004067797
0,0338574
0,07305825
0,05418701
-0,00912619
0,02374731
0,04912618
0,03405523
0,00352535
0,0181865
-0,007758801
0,02763015
0,03518334
0,03468509
0,02637861
0,01892945
0,00384838
0,01977501
0,02601089
-0,003775046
0,004499359
0,01354036
-0,003069135
-0,02794639
-0,01020864
0,01420245
-0,02547486
-0,01199637
-0,004760986
0,01889227
0,007598979
0,02105247
-0,01768123
-0,02301357
0,01390776
-0,02520272
0,00324665
0,02340676
-0,02192141
-0,0271611
-0,007493592
0,01257357
-0,01625997
0,02487615
0,01490679
-0,02749003
-0,03875333
-0,001664226
0,01257682
-0,02105422
-0,02382915
-0,005457975
0,02146923
0,007839385
0,03987319
-0,002551361
-0,001131264
0,03434892
0,01303617
-0,003555144
0,03131922
0,0211458
-0,002162246
-0,0003571094
-0,025662
-0,01092893
0,006043554
0,02163902
-0,02293302
0,01241722
-0,006706316
0,02180897
0,01384118
0,02340126
-0,02691844
0,01706466
-0,0009994853
0,001013259
-0,01531708
-0,01925914
0,011237
0,004266306
0,007951306
-0,01400181
0,01716333
-0,0179022
-0,01813466
0,02934036
-0,01605706
0,01200318
0,02821026
0,009585717
-0,01436079
0,01681487
-0,01359669
0,01952823
-0,008189106
0,01448999
0,02109082
-0,002766
0,01145472
-0,0190985
0,0008219681
0,03047849
0,02140558
-0,01177264
0,02023225
0,01646594
-0,02032799
-0,02474475
0,002484268
0,01131927
0,01063186
-0,0009000829
0,01010758
-0,01737867
0,03014761
-0,02236213
0,009238133
0,02655626
-0,01989883
0,005761492
0,003953643
-0,008619814
0,02007982
0,01815662
0,008844265
0,02606882
0,008675309
-0,0152605
-0,005708585
0,01158871
0,01184606
0,01755751
0,006609085
-0,00363718
-0,02405421
0,01358264
0,001298447
0,00628487
-0,0006729831
-0,002320528
0,0211684
-0,02172876
-0,02093923
-0,01579905
0,0254448
0,01629129
-0,02145345
-0,02574068
0,02398503
-0,01396934
-0,02075578
0,02443356
-0,01250843
0,03088078
0,01313214
-0,0227085
-0,02555025
0,02518548
0,001456865
0,01710806
-0,02319466
0,02515986
0,01302997
0,021986
0,02962436
0,02500492
0,02197647
-0,01690869
-0,02336235
-0,01677134
0,005283249
-0,02824843
-0,003031366
0,01316443
0,01561507
-0,003921778
-0,01762057
0,00523975
0,02285459
