0,003766605
-0,02678672
-0,02959257
0,003557208
0,01881343
-0,0008001479
0,02291967
-0,002098936
0,01592326
0,009048245
0,02287068
-0,01895677
-0,01332572
0,03044444
0,01821242
0,01194549
0,0282041
-0,005327621
-0,01353764
-0,0002909517
0,02903468
-0,009444785
-0,02517171
0,000953862
-0,01709263
0,005474874
0,02162389
0,01715845
-0,02995146
0,003736167
0,02025449
-0,02223454
-0,0291844
0,01494156
-0,01662526
-0,00367232
-0,0166741
0,01813549
-0,01893164
-0,02728843
-0,007249299
0,01743658
-0,01327638
-0,01096211
0,02779375
-0,01639428
-0,01131466
-0,01900669
0,004254092
0,02392227
-0,02924133
-0,02558799
-0,02904465
-0,003011144
-0,01510961
-0,01678217
0,02894142
3,377979E-05
-0,009331259
-0,01669425
0,008143523
-0,02415031
-0,002121466
-0,01771594
0,01944717
0,01510879
-0,01974373
0,002341666
0,01710377
-0,008106456
-0,001350533
-0,01996545
-0,01643205
-0,01625705
-0,02302212
-0,0183825
-0,02618674
0,01639334
0,003779392
0,02996047
-0,01319306
0,01067572
-0,01697151
-0,02326866
0,002980394
0,01586745
-0,02322694
0,004362533
7,034065E-05
-0,02987023
-0,002027655
0,01385345
-0,002476461
0,02839532
-0,004809398
-0,01305319
-0,01040475
-0,02548613
0,000228454
-0,01732311
-0,0266469
0,01697061
-0,005473281
-0,01750241
-0,004742795
0,02118858
0,02132535
0,01778539
-0,00989517
-0,02660676
-0,02054814
-0,01739801
0,02690677
-0,008585509
0,02713541
0,02813608
0,02349936
-0,008895265
0,009864507
-0,02643798
0,008294701
0,006430543
-0,02776098
0,01708564
0,02462496
0,01548766
0,01315332
-0,0141793
0,019158
0,0205927
0,02259118
0,02995948
-0,01379258
-0,00890395
0,02648568
0,0003271351
-0,01385721
-0,02941004
0,01209734
0,01230005
0,02507101
-0,01043377
-0,0156409
-0,00316811
0,02136301
-0,01465641
0,01755183
-0,02384911
-0,02873905
-0,002324827
-0,005926128
0,02909308
-0,004712134
-0,003242354
0,004968115
-0,002652672
0,01460918
0,008167281
-0,01149952
0,01043385
-0,02191428
0,005521441
0,02922048
6,438448E-05
-0,01861276
-0,01998782
0,02697058
0,005734922
-0,004552539
-0,00338719
0,01201859
0,02291646
0,009698573
0,0284252
-0,02065257
-0,01099259
-0,007693079
0,006235126
0,02628909
0,009249156
0,02842183
0,006840009
-0,01551249
-0,008652284
-0,003466101
0,02419658
0,004944175
0,02031684
0,0168388
-0,0008658858
0,01642449
0,008602584
0,01266583
-0,02848412
0,004094579
-0,0105971
-0,009052322
0,01500399
-0,01444627
0,01128444
-0,01107472
-0,01827964
0,01135446
0,005377108
0,01614434
0,001598048
-0,0105955
-0,002622104
-0,01251089
-0,01378649
-0,02455041
-0,02140029
0,0123878
0,009833144
0,01260848
0,001508719
-0,00902275
0,007700849
-0,026798
-0,01242373
0,006152658
-0,0229919
0,01984806
0,02715604
0,01107572
-0,02668446
-0,01969718
0,008111355
-0,005671743
0,02073051
0,02841168
0,007745186
-0,009546075
-0,01523682
-0,0097008
0,01684634
0,02646501
0,01027154
0,005868281
0,02550068
0,004826082
-0,02300495
0,002614212
0,0003254366
-0,006466722
0,007631579
0,02671494
-0,02708994
-0,01049459
-0,02771639
0,02892371
0,0138431
0,01165802
0,02834158
-0,02493673
-0,0185686
-0,007189315
0,01508377
0,02495757
0,01278894
-0,008349133
0,01190506
-0,02643315
-0,002020127
-0,0114298
-0,001963464
0,01835497
-0,002817299
-0,01077368
0,02634841
0,006207127
0,01184154
-0,02830547
-0,02163108
0,01378655
-0,0004538966
0,005369286
-0,01092896
0,002938044
-0,02686862
-0,02337853
-0,02341328
-0,01137489
-0,008134282
0,02207585
-0,01488439
0,02713301
-0,006985166
-0,02026389
-0,02155988
-0,00565967
-0,01847571
0,01580119
0,02345709
0,003865184
0,02330366
-0,02657744
-0,02511925
-0,01806436
0,02577212
0,01943739
-0,0007870409
0,01391484
-0,006552021
-0,00362966
-0,01292183
0,011655
0,002980613
-0,01537888
0,006646125
0,007207585
-0,02706796
-0,01847038
0,02151818
0,005907244
-0,01577016
-0,006777478
0,0122341
0,006008505
-0,02589794
0,002326692
-0,004184922
-0,01235649
-0,01857016
0,002863956
-0,004694912
0,02705688
-0,02051107
0,004994957
0,02019672
-0,004551178
0,0002056521
-0,0228287
0,008293659
-0,01525533
0,008607175
-0,005391192
0,02582765
0,02582023
0,005164648
0,003780004
-0,006221924
-0,02197794
0,003698973
0,001162535
-0,009219047
0,03043492
0,02487508
-0,01234104
-0,0104145
-0,0001434807
-0,008382958
-0,001003086
-0,02174849
-0,006648726
-0,007131208
-0,019216
0,002475473
0,02137464
-0,02854799
-0,009438632
0,002183217
0,02815145
-0,005729196
-0,01880954
-0,02249542
0,02651
0,003999641
0,007323033
0,02773492
0,02110588
-0,001999288
0,01726864
-0,02806944
0,0009787126
-0,02126468
-0,01187748
0,01545556
0,01061126
-0,01835009
-0,004292901
-0,02828559
0,02221195
-0,01380827
-0,008534317
-0,02658757
-0,02964585
0,02998291
-0,01510564
0,02187749
-0,002643602
0,02163231
-0,02636945
0,02400593
-0,01612767
-0,0289283
-0,003729386
0,01439715
-0,007605738
-0,006476864
-0,005247145
-0,003651944
-0,01215413
-0,009325955
-0,000618778
-0,02873467
0,004566769
-0,002704754
0,007651638
-0,01543597
-0,0251631
-0,003300593
0,02310553
0,01103066
0,008023509
-0,010319
0,01141485
0,01267218
-0,02689949
-0,02263591
-0,02367104
0,02730001
-0,01130381
0,01545489
0,0002394521
0,02895031
-0,006511522
0,02334648
0,01772224
-0,001043698
0,01297728
0,003292013
-0,006646566
-0,01258417
0,01800451
0,02920199
0,01435064
0,002168639
0,0170386
-0,01055584
-0,000472789
0,003697914
-0,007964275
0,03052384
0,01695194
-0,02915595
0,03008477
-0,005568268
-0,0136247
0,0248823
-0,009308329
0,01446805
0,01141207
-0,01487333
-0,0136056
-0,001886268
-0,02296951
0,001849607
0,02012482
-0,001180518
0,005912211
0,01089401
0,009711334
-0,02246336
0,002981458
0,001754193
-0,02585316
0,006014515
0,02327377
0,008663909
0,005176638
-0,02130227
0,02553045
0,01295502
0,007247465
0,002723064
0,003129126
-0,01272237
0,02786363
-0,002218701
0,029421
-0,03045256
0,007606757
0,02429399
-0,0201583
0,02976536
0,02417752
-0,02289301
-0,02928243
-0,01129712
0,02110492
-0,01791028
0,01104438
-0,01324532
0,01308323
0,0186927
0,02451078
-0,015391
-0,001833958
-0,01456899
0,02712071
-0,00540686
0,001580466
0,008051342
-0,01102817
-0,01940612
0,01865641
0,02741513
0,006631209
0,01253391
0,0217598
0,01807829
0,002427828
-0,009651285
-0,0003056423
0,007404499
-0,02641908
0,01482849
0,0288823
0,002430168
0,006778506
0,02548827
0,003848118
0,002864067
0,01696172
-0,008345327
-0,003791983
0,006506034
-0,03003048
0,01899815
0,007828981
-0,01024316
0,0206426
0,01484519
0,004528128
0,005374728
-0,0003919814
0,03085574
0,004167164
0,02811727
-0,02065212
0,02669287
0,0001854246
-0,01323847
-0,003639616
-0,02714402
0,009335064
-0,01005533
0,017212
-0,02432737
0,0146891
-0,02195136
-0,01376368
0,02546578
0,008080935
-0,03079002
0,01984737
0,02849134
0,02021393
0,02567231
0,01316058
-0,02054721
0,02608205
0,01683669
-0,02752864
0,003416165
0,02741719
0,01803573
0,01610633
0,02402954
-0,02301028
-0,027751
-0,02019002
-0,03121162
-0,008152809
0,01172671
-0,003831308
-0,01334122
-0,02386914
0,01226006
0,01312733
-0,02407806
0,02066055
0,0264411
-0,02301318
0,001081105
-0,02543722
0,02742187
-0,02385855
0,001856526
0,01514371
-0,0001154912
-0,021617
0,007976305
-0,01519831
0,03010536
0,02996543
0,01338206
-0,01670627
0,02404679
-0,02437912
0,02036014
0,002107261
0,02292955
0,02771151
0,01033638
0,0267142
-0,01482139
0,0006069839
0,0256836
0,003898994
0,003233967
0,02067252
-0,02426274
-0,01743844
0,004376304
-0,01197164
-0,03163751
0,009276291
0,001560249
-0,003950068
-0,03145065
0,01101848
-0,01605773
-0,02229776
0,00735982
0,02447693
0,002474233
0,01377301
-0,007089826
0,009419249
0,01087003
-0,02703864
-0,01665935
0,009190444
0,02382135
0,007644586
0,03022356
0,02615092
-0,005160777
0,003790742
0,01757071
-0,004445863
-0,02011993
0,02957645
-0,01725004
0,009121483
-0,02726921
-0,004272256
0,009920098
0,01115596
0,02902129
-0,0284804
0,01111247
-0,005119894
-0,02505734
-0,02327211
-0,01455076
0,01175119
-0,01230973
0,01384148
-0,008422671
-0,0008843421
-0,02430782
-0,01600238
0,02115468
-0,001727893
0,007173437
-0,004302224
-0,01284984
0,02738141
-0,01310863
-0,02855566
-0,0150494
0,02664329
0,008841191
0,002280588
0,0009889841
-0,01668064
0,02556201
0,02483867
0,01763943
-0,02407737
-0,02451072
0,01315208
0,01400829
0,01088266
-0,007745523
0,01732697
0,003973921
0,01571598
-0,01086164
-0,01403047
0,007688465
0,0102693
-0,0184286
-0,01169824
-0,01136162
0,02664868
-0,02227182
0,01383021
-0,0291492
0,006149789
-0,02297986
0,01107866
-0,009249805
0,02543192
0,01575316
0,0118397
0,01345542
-0,001412352
0,003726669
0,02860788
0,01473426
-0,01002908
0,02176249
-0,01610054
-0,007563599
-0,007793357
0,001389415
-0,02231976
-0,02645829
0,01723745
0,02247583
-0,0002494809
0,005214617
-0,03062761
-0,007447626
0,001773068
0,0128888
-0,01301326
-0,01787159
0,004826098
-0,02263013
-0,01741207
0,0273165
-0,0164089
-0,02926898
-0,006053905
-0,008781418
0,01724482
0,02621621
0,01050725
-0,02750775
-0,02670973
-0,01802075
-0,009574448
0,0006174414
-0,01238662
0,01780225
0,02707171
0,02483938
0,02516775
-0,004542267
0,02874796
0,00718206
-0,01977468
0,01228338
0,005487141
-0,02819548
-0,0125424
0,001167314
-0,02166657
0,02703611
-0,00800633
-0,01757499
0,027071
0,01744022
0,0003981441
-0,007257951
0,005988311
-0,01722115
0,02683307
-0,03161588
0,01089196
-0,02084015
-0,007487898
0,01409888
0,01424166
-0,01576762
-0,01933413
-0,002738652
-0,02752528
0,0150405
0,01798034
-0,003999535
-0,01103382
-0,02025432
-0,0208814
0,004480895
0,01535339
0,002902493
-0,006210332
-0,008353157
-0,02683099
-0,0126214
0,01637433
0,01381803
0,01098406
0,02074256
-0,01644243
-9,558236E-05
0,02815956
0,0255073
-0,01927929
0,0119982
0,02573291
0,02310672
0,012089
0,01451946
-0,02086582
-0,007466501
0,02082315
-0,0139687
0,01303153
0,0160826
-0,009081706
-0,01176561
-0,0276003
0,02455757
0,01989941
0,01535763
0,006771055
0,02215443
0,001073991
-0,03172182
0,01579951
0,002455526
0,02312661
-0,01370513
-0,009422797
0,007526783
-0,03037061
0,02556216
-0,02566405
0,01705139
0,003599068
-0,01843576
0,006375672
-0,02401167
0,0004289154
-0,003382454
-0,003306288
-0,004088299
-0,005038514
-0,007742325
0,01084175
-0,02192481
0,007898432
-0,01230312
0,02440829
-0,005033384
0,006830889
0,01556943
0,02835496
-0,004336248
0,02141771
-0,02779937
-0,01002192
-0,02325198
0,02207421
-0,01198189
0,02352752
-0,01292654
-0,01508024
-0,001810679
-0,01376989
0,021597
-0,02268265
0,02449439
-0,02323698
-0,02326102
0,009792072
0,0256391
-0,01203061
-0,01340062
-0,01699865
-0,02367742
-0,006456891
-0,02688404
-0,01440829
0,005480172
0,02484067
0,005808851
-0,0004918309
-0,02677108
-0,02658912
-0,01044629
-0,03163268
0,01021381
0,02809657
0,004479849
0,02391287
0,0004069823
-0,01352153
-0,01636256
0,004691196
-0,01922547
-0,01948009
0,02745675
-0,02492904
0,01764554
0,02832133
0,01065623
-0,02339987
0,01276698
0,01117399
0,007675991
-0,007399882
0,004203929
-0,02633595
0,005427613
-0,002647995
-0,02550621
0,01340531
-0,02168863
-0,01345998
-0,02048567
0,01334737
-0,01793294
-0,01149803
0,02507156
0,02094121
-0,002402347
0,02366376
0,001746037
-0,01791768
-0,02439183
0,002599148
-0,0310963
0,01197005
-0,02700672
-0,0342393
-0,00135651
-0,02835817
0,001352617
0,01258512
-0,01283403
0,004355966
0,01702411
-0,009651029
-0,001825245
0,0296214
-0,002143576
0,006836437
-0,00617725
-0,02482522
0,01871177
0,01730916
-0,02246035
0,02635397
-0,008256848
-0,004921338
0,02665347
0,005200714
-0,02161768
0,02586445
-0,0009937919
0,01318662
-0,000783818
-0,006241625
-0,002445778
0,02494372
-0,01851739
0,01374556
0,02362204
0,001191916
0,02391579
0,02658696
-0,0254614
-0,01119037
0,02532803
0,00586448
0,0213701
0,01602727
0,01651369
0,02032239
-0,0117877
0,01700016
-0,002993367
-0,005733322
-0,008030553
-0,01098273
-0,001804554
-0,02197399
-0,005862286
0,01299059
-0,02445697
-0,03161311
0,02882401
0,008070596
-0,01479426
0,007422817
-0,02306135
-0,007653652
0,0245328
0,004727247
0,0173389
0,01371912
0,01136376
0,021404
-0,01990024
0,01959166
0,007328321
0,01230348
0,02717477
0,01450691
-0,000544604
-0,02586578
0,01063111
-0,01977269
-7,47083E-05
0,002005094
-0,02524456
0,02337463
0,02633359
-0,03002568
-0,01243018
0,0303964
-0,01681913
-0,02661347
-0,00921564
0,02090651
0,02647387
-0,006185969
-0,0261276
-0,01635111
-0,006852124
-0,003931217
0,02225202
-0,01635462
-0,02650332
0,006603469
-0,02143313
0,008249043
-0,01097166
0,00975896
0,01734365
0,02239804
-0,01555798
0,01362936
-0,01329144
-0,02801525
-0,0119363
0,01793009
-0,02056927
0,01275545
0,001274977
-0,01893586
-0,002731065
0,02249267
-0,01539167
0,0167509
-0,00374687
0,0008496817
-0,003348463
-0,01355061
0,02037655
-0,02244584
0,003092236
0,005464229
-0,01916156
0,02173419
-0,02633599
-0,01176137
-0,03358957
0,0159961
-0,01108983
-0,01094026
-0,002737968
-0,0218043
-0,02319267
-0,008692607
0,006880598
-0,005561677
0,01383894
-0,0192199
-0,005988974
-0,0294415
-0,02043433
-0,01329219
0,01086735
-0,01519006
-0,02704835
-0,02860992
-0,02936283
-0,00895453
-0,01679338
0,010318
-0,01351708
-0,02434163
0,01973008
0,01107745
-0,01137963
0,009348312
0,001496622
-0,00603669
0,02861226
0,02783304
0,01847538
-0,008705787
-0,008097232
-0,02212314
0,007861373
-0,01831052
0,01074829
0,01890244
-0,0289522
0,02273747
0,007524787
-0,02622545
0,008755652
0,00645861
0,01661742
-0,02716574
0,01178963
0,0184814
0,01432987
0,0242137
-0,0209414
0,0001189175
-0,001922129
0,002036824
-0,03591222
-0,01832167
-0,02135108
-0,0145967
-0,03549893
-0,03932847
-0,03959873
-0,01072774
-0,01465641
0,002769706
-0,01111192
0,02641972
-0,02864743
0,01126134
0,01283409
0,02556533
-0,00417203
-0,01557891
-0,008300502
-0,006926115
-0,02630957
-0,01793172
-0,00291945
-0,01763207
0,02401478
-0,01761797
0,02529839
0,01013878
0,007293341
0,02857535
0,01021191
-0,01734095
0,01854095
0,01268079
-0,02889807
-0,01934991
0,01631775
-0,02194396
0,007798835
0,02453728
0,01894024
-0,02629953
0,007244528
-0,0326068
-0,01724506
0,01454217
-0,03364662
-0,03578592
-0,02972396
0,01192629
-0,008096429
-0,04375788
-0,02930972
-0,03180639
-0,004120788
0,01366398
0,02053037
-0,02539421
0,001515085
0,01931629
-0,02520399
-0,01021005
0,02076405
-0,007498201
0,02759446
-0,02071533
-0,02110849
-0,00916802
0,008974046
0,0007627118
-0,02210986
-0,01500712
0,004963767
-0,005486554
0,001859167
0,02751406
0,001087912
-0,005202823
0,0259148
-0,02759393
-0,02056858
0,0230424
0,001887264
0,01609058
-0,006353171
0,008579274
0,02743635
0,00633249
-0,02288624
-0,02260115
-0,02100086
0,0001708514
-0,002077069
0,01202904
0,0146707
-0,005706121
-0,02168594
-0,02078657
-0,03451755
-0,03402135
0,002280452
-0,001615498
-0,01851899
-0,00382523
0,004733181
-0,02146177
-0,01483136
0,009379987
-5,161178E-05
-0,0007339655
-0,01222171
0,004224057
-0,01643842
0,00154845
0,01301527
-0,01436833
0,01884191
-0,0255151
-0,03191567
-0,01353588
-0,02024831
-0,0005718152
-0,02112822
-0,000338349
-0,0111584
0,005605985
0,01356168
0,01863039
0,005858183
-0,02778864
0,01310856
-0,01468219
-0,009410224
0,01860288
-0,009555424
-0,005407369
-0,003595744
0,02200036
-0,03019179
-0,0264976
-0,01979313
-0,02689341
-0,0343224
0,00415187
0,01701678
0,005387561
-0,01893908
0,02206828
-0,03538211
-0,004610501
0,001024047
-0,03219462
-0,02937236
0,001923614
0,0130901
-0,03113829
-0,009296427
0,01592531
-0,02058473
-0,02929032
0,001765809
0,006219304
-0,02110583
0,001998747
0,01924384
-0,02585708
-0,01996014
-0,005074637
-0,01994943
-0,01505526
0,01472529
0,02437532
-0,03080808
0,02244989
-0,02498083
-0,03007367
-0,001467224
0,003535615
0,01149302
0,01274627
-0,00882151
0,01574033
0,01633616
-0,02748656
-0,008590024
0,002556631
0,02684599
0,00608609
0,02474347
-0,0221239
0,02057637
0,00415006
0,002415664
-0,03453879
-0,0005763475
0,001974329
0,02267417
-0,01037458
0,005579603
0,004819251
-0,01636081
0,005116403
0,003660682
0,0050402
0,003317353
0,005626849
-0,02927016
-0,01205948
0,003028058
0,0190122
0,006303607
0,02864052
-0,02315035
0,0004937819
0,0116861
0,01762887
0,01819668
-0,02322116
-0,01990896
-0,01315499
-0,02531951
0,004567843
0,0001712856
-0,02877851
-0,007150531
-0,02317497
-0,01289295
-0,02961693
-0,01207517
2,136724E-05
-0,02744626
-0,02841336
0,01942764
0,02757082
-0,01388654
0,0001141012
-0,03164323
-0,03056531
-0,01472836
0,005954952
-0,006331091
0,006298067
-0,03414766
-0,029195
-0,005119885
0,0196983
-0,00792147
-0,03591115
-0,02094555
0,01000606
0,004274123
0,006641234
-0,02449834
-0,01403951
-0,003623948
0,007493756
-0,02025022
0,004555836
-0,01631532
0,005058692
-0,005790902
-0,02629071
-0,0302599
-0,0256226
0,01982742
0,006318577
-0,02255545
-0,02220595
-0,01701287
-0,02012139
0,01644759
0,01808297
0,01991242
0,002742698
0,02302741
-0,001718704
0,005037677
-0,002396462
0,002896623
-0,001414268
0,009147485
-0,01709439
0,01431169
-0,0006197254
0,01320491
-0,01762926
0,01707579
-0,006810692
-0,01217509
-0,005313032
-0,01693991
-0,01537329
0,006313896
0,006627702
-0,02158459
-0,01709531
-0,00210796
0,01719008
-0,02384283
0,01287375
0,002578513
-0,0251966
0,006232033
-0,03583679
0,01920888
0,02046656
0,0237388
0,004243329
-0,005027341
-0,02674543
-0,01880899
0,01574914
-0,02344766
0,01865694
0,02647655
-0,01870957
-0,008775749
0,0008355476
-0,008524039
0,004199505
0,01902479
0,01267415
0,01795872
0,01413699
0,02416078
-0,001103784
-0,02424522
-0,01961524
-0,009069596
0,005566235
0,02538652
0,01222664
-0,01771361
0,01062791
0,01247438
-0,008923379
-0,009073745
0,00658812
-0,005117092
0,0136138
-0,01965957
-0,02708125
0,02104803
-0,01997821
-0,0167707
-0,007177839
-0,02942617
0,01384525
0,003013477
0,02187746
0,01129211
-0,04306969
-0,01042861
-0,004456983
-0,04072673
-0,03962201
-0,01054457
-0,03370064
-0,02612495
-0,001719942
0,01762128
0,01241629
-0,01588175
0,02215937
-0,02099219
-0,0003504994
0,003471329
-0,00474271
-0,02527625
0,00443981
0,01708459
0,01225738
-0,02883453
0,004497949
-0,01010698
0,01167209
0,01871894
0,003781558
-0,002474934
-0,003100489
-0,009601058
-0,01548654
-0,002576112
-0,009996608
0,00721235
0,0236907
-0,02128881
0,003676836
0,007495895
0,008361745
0,02250444
-0,01536307
-0,005520819
-0,03353682
0,02248757
-0,006466544
0,01188351
-0,04011472
-0,03592458
0,007069171
0,01335209
0,001366708
0,002363852
-0,03739704
-0,02911756
-0,02624238
0,01978216
0,01889315
-0,01908543
-0,01663516
-0,0238312
0,0193459
0,00434714
0,01063967
-0,02218147
0,004534008
-0,01322767
0,02632513
-0,01686972
-0,01382639
-0,01044714
0,0299022
0,0156676
-0,00695478
0,009550311
-0,003015237
-0,01635378
-0,02773681
0,009216494
0,02410683
0,0220475
0,01865967
-0,0005786915
0,01068364
0,00361703
0,008473432
-0,001995425
-0,01067676
-0,02333636
-0,003102422
0,02558664
-0,01906104
-0,01690165
-0,01236344
-0,002615313
-0,03338878
0,01032232
0,009566633
0,01129595
-0,0192217
-0,03219927
0,008393395
0,002651969
0,003242252
-0,0159354
0,01266963
0,01498644
-0,01585022
-0,007367499
0,01102666
0,02262884
0,02105463
-0,01645964
-0,008463614
-0,007055475
-0,007773816
-0,008116968
0,02148921
-0,02244584
-0,001761532
-0,0232593
0,0283863
0,01855087
0,01485313
-0,01050869
-0,02570342
0,01182105
-0,006084123
0,02327816
0,007896202
0,01001548
-0,004165357
-0,01644434
-0,01163136
0,01373241
-0,03307935
-0,03155474
0,01171296
-0,01609902
0,01130626
0,01408732
-0,02795112
0,02179116
-0,01125473
-0,004712773
-0,03519306
0,02355168
0,01801983
0,01677105
-0,0350844
-0,001639772
0,007862392
-0,003887271
-0,02184765
-0,02953945
-0,03262536
-0,04026635
-0,03702098
-0,008088203
-0,01328652
-0,02431351
-0,002986646
-0,00335229
0,01688105
-0,02912624
0,0004214786
0,01278438
0,02749717
0,007980256
-0,003749911
-0,005882305
0,01087328
0,008126848
-0,005293186
0,0133331
0,03040083
-0,02657812
-0,006620647
-0,01692906
-0,01274237
-0,02657966
0,01558807
-0,001724913
0,01768
0,02898337
0,01765406
0,0163238
0,02132037
-0,02502971
0,005187207
0,025218
0,02596322
-0,01856326
0,01803741
-0,003250541
-0,021268
0,001566852
-0,03102572
-0,01802138
-0,03854103
-0,02202951
-0,04190471
-0,025781
-0,01514964
-7,276077E-05
0,01794949
-0,02801152
-0,02391624
0,0002961933
-0,02367697
-0,02792487
0,007430785
0,01730192
-0,02385373
-0,01752951
-0,008987256
-0,02973516
0,01004485
0,01868872
-0,01550024
0,01441484
0,02229428
0,02223786
-0,02714408
0,0008925232
-0,003785614
-0,004209869
0,01390205
0,02252008
-0,003381467
-0,009620961
0,02740738
-0,02825941
-0,01811656
0,02678795
-0,0303394
-0,0008227722
-0,03043436
-0,02524052
-0,02800704
0,004152831
0,001242652
-0,01923652
0,01737053
-0,006748659
-0,02066938
-0,02969576
-0,03592982
-0,003114992
-0,03414185
-0,0282259
0,01617528
-0,02898799
-0,03826616
-0,02616144
-0,01138199
-0,03032891
-0,02782992
0,02177228
-0,0174091
-0,001009124
-0,001574729
-0,01039499
-0,02156529
0,01945207
-0,02257114
0,006623893
0,005823126
-0,0195798
-0,01584077
0,02353413
-0,02950999
0,005925846
0,01755118
0,0109844
-0,01806307
0,009073885
0,02939638
0,004558057
-0,01582516
-0,01364185
-0,009999955
-0,02456449
0,01220782
-0,01974778
-0,009805889
0,009924262
0,02562422
0,0226031
-0,001961564
0,01889406
-0,01449473
-0,03299014
0,01376091
-0,006522356
-0,03329257
-0,02960774
-0,04366263
-0,04393898
-0,02338773
-0,002950941
-0,006660506
0,01125134
-0,01839893
-0,0242155
-0,0250186
-0,0154157
-0,009696228
-0,01153738
-0,02953442
0,01263509
-0,02152338
0,003910966
0,01035796
0,02651239
-0,0211993
-0,006533471
0,006856585
0,02642961
-0,001818317
-0,004324439
0,01031471
0,01097945
0,01067848
-0,007524263
0,004772198
0,02798555
0,01521757
-0,01378035
0,005980507
-0,02997664
0,005353486
0,02639281
-0,01797242
0,004611458
0,01131868
-0,005696245
0,01261022
-0,004884603
0,02748558
-0,03496933
-0,02103009
-0,0008427292
0,01544342
0,006268488
0,001950509
0,001422072
-0,02067957
0,009819272
-0,02389276
-0,0004041089
-0,006013655
-0,03323026
-0,006159434
0,01661686
0,01651112
0,01410593
-0,02595828
0,02414664
0,006718742
-0,01648282
0,005446164
-0,01981002
0,01654485
-0,0285515
-0,0192062
-0,01910672
-0,006876478
-0,02553522
-0,01807438
0,01275177
0,009922892
-0,0202499
0,02846514
-0,001334008
-0,01832712
-0,02336
0,01873062
0,02678821
0,01032732
0,02421458
0,00656799
0,02286359
0,02504463
0,0245717
-0,003613544
-0,0002704574
-0,004711977
-0,01428888
0,004616785
0,01914972
-0,0204136
0,009855554
0,01169271
0,008329224
-0,01358945
-0,03587775
0,005553115
0,008087827
-0,005461246
-0,009729323
-0,02134178
-0,02401226
0,001011929
-0,002159575
-0,04015964
-0,01635675
-0,02829877
-0,03167365
0,009661686
0,02012745
-0,02987061
-0,01679423
-0,0135196
0,01591676
0,008388307
0,01400475
-0,01350909
0,02132649
0,003873902
0,009377526
0,01620846
-0,02583923
-0,003208964
-0,01064553
-0,002043504
0,02584731
-0,007154853
-0,01656857
-0,02450236
-0,01977435
-0,008177014
0,02862939
-0,006434377
-0,01880316
0,006613815
-0,01146969
-0,01752673
-0,01280356
0,0215899
-0,02787733
-0,01048321
-0,01187259
0,001030317
0,01250171
0,01507754
0,0237729
-0,01199321
0,01817099
-0,03524275
-0,004830566
0,004632074
0,01466144
-0,02338429
0,01487725
0,002522235
-0,02870424
0,01346069
-0,0153982
-0,02410557
-0,02821152
-0,0345953
0,02180605
0,02736687
0,001693117
-0,0007529517
-0,02688675
0,02178449
-0,02329843
-0,020993
-0,01186744
0,002928253
0,02873406
0,02721363
-0,001508257
-0,01508703
-0,008172169
-0,001710695
0,0100483
-8,388901E-05
-0,001562674
0,0002046877
-0,008411185
-0,02158138
-0,003703035
-0,004284785
-0,003355714
0,01478164
2,072273E-05
-0,002674017
-0,009533453
-0,004172587
0,01718553
-0,02504762
0,01529512
-0,03066003
-0,00278139
-0,009026517
-0,03656424
-0,02339597
0,00401703
-0,03316816
-0,02149332
0,008945004
0,007534712
-0,03276448
0,007489434
0,02133401
0,01139357
0,004881148
-0,01192928
0,01102541
-0,02399011
0,01943858
0,01102314
0,004304709
0,006666
0,01414489
-0,0006704592
-0,02421269
-0,02848057
-0,01123391
-0,01178571
0,00681843
0,01508223
0,01729063
0,0105365
0,01968126
-0,02299022
-0,007251657
0,01068725
0,02396852
-0,008326548
-0,008341903
0,01394187
-0,01182652
-0,02036446
0,002631403
-0,01095376
-0,01299245
0,005433936
-0,002063763
0,02591578
0,02322031
-0,02603845
0,004031743
-0,01495385
-0,03554181
-0,01145732
-0,02530587
-0,01334989
0,004864831
0,01231652
0,01553368
-0,0271042
-0,01146773
0,01020349
0,005398106
-0,03048087
0,0264141
-0,007481475
0,02557324
0,01616143
-0,00938815
0,02449642
-0,005415701
-0,01137672
0,01622778
-0,02407888
-0,01153244
-0,006684036
-0,02745247
-0,007291195
-0,0211775
-0,001754916
0,001795133
-0,01016781
-0,00716053
-0,001999173
-0,02652819
-0,006977926
0,006630525
-0,01192876
0,02260602
0,02377297
0,02423794
0,02721245
-0,00223221
-0,02246483
-0,0164615
-0,002251936
-0,005578767
-0,004819193
-0,01387785
0,01846249
0,004853994
0,004478677
0,0002291273
-0,03984839
-6,263645E-05
-0,02192926
-0,006769873
0,01049193
-0,03491286
0,00714904
-0,01515762
-0,01593583
0,00791912
-0,007062
0,007128911
-0,029214
-0,005914562
-0,01826257
-0,0316539
0,004899844
0,01526337
0,006421903
0,02526288
-0,002703451
-0,0317974
-0,002860938
0,02119189
0,007220193
0,02178557
0,0200533
0,02578163
0,004093486
-0,02959364
-0,01685617
0,01584361
0,0197169
0,01309844
-0,01074988
0,01402853
0,01139779
0,01929163
0,01429438
-0,01797832
-0,02801654
-0,00477549
-0,003883068
-0,02384633
0,02626673
-0,008177556
-0,02724551
-0,03174167
-0,02324239
-0,01056589
0,005883804
-0,03454639
-0,03697914
0,004499442
-0,03529255
-0,04616663
-0,03163841
-0,01201266
0,0200575
-0,03460165
-0,01873027
0,01829842
0,01649348
-0,006898054
0,002538554
0,008867193
0,02255258
-0,007113854
-0,0247173
-0,000704491
-0,01090645
0,01713314
-0,02925797
-0,007978949
0,02252914
-0,0290823
0,001613792
-0,01255656
0,02201614
-0,01888733
0,01280582
0,01586651
0,009871237
-0,02558726
-0,01923859
-0,02923147
0,009741184
-0,02679627
0,005652056
-0,009210991
-0,0002969035
-0,02137458
0,01555583
0,01050634
0,02303548
-0,02554794
0,0002594627
-0,03192116
-0,0009117072
-0,02258023
-0,006998844
0,00394399
0,02072972
0,007151048
-0,03211867
0,01643005
-0,03462184
0,004570503
0,01677367
-0,03122204
-0,00723831
0,02293548
0,002540218
0,01548879
-0,01210618
-0,0005700922
-0,01715948
0,0166405
-0,01802186
0,001126835
-0,02849818
0,01861506
0,01580216
0,01500176
0,02859083
-0,02184631
0,03016624
-0,01052623
-0,00251121
0,01338077
-0,005110693
-0,002999003
0,01017363
0,002436861
0,004676413
0,0253732
0,01513437
0,02149494
0,02508041
-0,01755985
0,02545459
0,02594947
-0,0223134
0,0006280026
0,01929276
0,0002420486
-0,002695245
0,0252419
-0,01509545
-0,0166217
0,01642194
0,009741143
0,0116719
-0,03830575
-0,02451529
0,008088396
0,01834609
-0,02629846
0,009709636
-0,03485002
0,02197186
0,01287058
-0,02028306
-0,02407142
0,009610386
-0,03066319
-0,01454533
-0,02698758
-0,02023771
-0,007151511
0,01510666
-0,0105411
0,01946213
0,0268518
0,005254108
-0,02484452
0,008091125
-0,0158918
0,0250465
-0,004943002
0,005522989
0,03001693
0,02674637
-0,02729007
0,01471871
0,0008920577
0,00336351
0,004760317
-0,01579557
0,02094655
0,02683723
0,004395186
-0,02593506
0,02485606
-0,01677318
-0,02736169
0,005022493
-0,03689851
0,01349341
0,008213029
-0,02226883
-0,01262147
0,01042822
-0,04100601
-0,005171402
-0,008451769
-0,04186954
0,01548943
-0,007414732
-0,02251089
-0,02746389
0,0115976
-0,01551002
-0,01163306
-0,008381441
0,02862502
0,02029624
-0,01935306
-0,008219314
-0,02337136
-0,003581444
0,009074744
0,01734549
-0,01131059
-0,005886454
-0,01909485
-0,01557305
0,02431498
0,01192246
-0,001734487
-0,004965755
0,007820133
-0,008380263
-0,02654472
-0,02581925
-0,02564008
-0,02182791
0,0248432
-0,005470095
-0,02082771
0,001280228
0,009149085
-0,02607705
-0,02646687
0,009728876
-0,02279573
-0,02290024
0,004336294
-0,00822645
-0,02514275
-0,02596752
-0,01028971
-0,0002991986
0,003762528
-0,01714911
-0,00359358
-0,003042703
-0,009852767
-0,001291283
-0,006695684
-0,01609126
-0,02833008
-0,02034751
-0,03407491
0,01358697
-0,0003436979
-0,008744881
-0,01779599
-0,01397003
-0,01171697
0,01866862
0,02432979
0,01588167
-0,01972315
0,003637516
0,01724359
0,002756572
0,01145072
0,004695407
-0,01807382
0,02613458
0,001914481
-0,007149303
-0,005658501
-0,01958322
0,02500827
0,02838311
0,006569827
0,01165487
-0,002762808
-0,004358585
0,01070536
-0,009491521
0,02674234
0,01847034
-0,008020621
-0,01126665
-0,03467775
-0,01676395
-0,02437695
0,01106368
-0,03548661
-0,01449309
-0,02852671
-0,01318685
-0,01944013
7,732024E-05
-0,01233117
-0,02756706
-3,10801E-05
-0,03324268
0,02085238
0,01982127
-0,01142563
-0,001012366
0,01688453
0,01171596
0,0170194
0,01881386
0,02003131
0,001222691
0,01371426
-0,0004021679
0,01784167
0,01993448
-0,02200101
0,003014785
0,01817931
-0,009109321
-0,02164352
-0,008244828
-0,001826653
-0,009299057
-0,01209035
-0,01161315
0,0202873
-0,02717243
-0,02257221
0,02555215
0,01808035
-0,01646831
0,00106686
-0,002399599
-0,02320674
-0,01075796
-0,005652302
0,008677124
0,01695195
-0,01308351
-0,03793648
0,004109599
-0,001046294
-0,0243105
-0,009293091
0,003743517
-0,0348653
-0,00609832
-0,001924627
-0,01742913
-0,01553718
0,01169453
0,01765572
-0,03003913
-0,03233815
-0,01861617
0,005052144
0,005443349
0,004376146
-0,02919107
0,009495171
0,01329497
0,003118514
0,01896415
0,02947789
0,006191425
0,0287827
-0,01420978
-0,007682364
-0,00460098
-0,008074568
-0,006556589
0,005799717
-0,008760553
-0,01112025
-0,003676501
0,01220102
-0,02040733
0,01886235
0,003614663
-0,0181995
-0,01137777
-0,00532115
0,01587062
0,005583259
-0,03366439
-0,01588882
-0,007408003
-0,01360863
0,01348018
0,004929857
0,01236993
-0,02832167
0,01524047
0,005574579
-0,02337774
-0,0335377
0,005196101
-0,02709489
0,01491722
0,0112056
0,01326389
-0,02523242
-0,01902006
-0,03216626
0,02462073
-0,01952413
0,0005593019
0,01676226
0,003530537
-0,001199421
-0,006172533
0,01643263
0,02818785
0,01532881
-0,01127263
-0,01236399
0,01515249
-0,019212
0,02849916
-0,01293247
0,001674975
0,0206063
-0,0009286294
0,01011137
0,0002274606
-0,01798316
0,007265779
0,00107457
-0,03200502
-0,0149595
0,02631157
0,02567884
0,02391714
0,01763212
-0,00846025
-0,02477413
-0,02113878
0,008840296
0,002790543
0,01183733
0,008449142
0,002327761
0,01157782
-0,0184918
-0,02151886
-0,03757654
-0,0315356
-0,03203481
-0,009830301
0,02550096
-0,01468272
0,002087199
-0,0164085
0,006128903
-0,01755006
-0,03278175
0,009872163
0,004755857
-8,246446E-05
0,01106881
0,002181099
0,02766502
0,01405251
-0,01447616
0,001802475
-0,00161875
0,02032927
-0,02108249
-0,007554333
-0,02076359
-0,02510473
0,02812813
-0,002070111
-0,01987471
0,0005415529
0,0211712
0,02900767
-0,02535474
-0,01188856
-0,003664393
-0,02648536
-0,001916048
-0,02623532
-0,03037442
0,02254122
-0,01292541
0,003574872
-0,01675778
-0,001907792
-0,01278931
-0,01296656
0,0008255856
-0,02244351
-0,04057689
-0,02423588
0,006523759
0,01711718
-0,002458147
0,01507593
0,01595385
-0,0247024
0,02869179
0,01368662
-0,01427757
0,02384638
-0,005278694
-0,02245943
-0,02229231
-0,02438236
-0,008452929
-0,02971628
0,00479567
-0,0192933
-0,03007963
0,006161374
-0,0290699
0,02368389
0,01243653
-0,007050394
-0,0185939
0,01906016
-5,737018E-05
0,002925148
0,02918443
0,01107168
-0,005434009
0,007983043
-0,004816765
0,02137138
0,01012043
0,02532133
-0,005524171
-0,01769186
-0,00373173
-0,01898723
-0,02918178
0,0113577
0,01085047
-0,03011722
-0,01006514
-0,02683658
-0,0101335
-0,02719065
-0,02855808
-0,01441613
0,01287127
-0,01379927
-0,01960983
-0,01016121
-0,02176113
0,01804907
-0,01873859
-0,0243765
0,007436002
-0,02853903
0,01052631
-0,003819312
0,01670182
0,009017684
0,0004320867
0,01693418
0,01148485
-0,01681459
-0,008378663
-0,00444581
0,003156321
-0,009333597
0,01403008
0,01640998
0,001890732
-0,01423447
-0,02324393
0,005329913
0,0242419
0,02715771
-0,01361273
-0,01622957
-0,01314447
0,001881462
0,01589128
0,02634217
-0,009863949
-0,03104997
0,005655547
0,01539176
0,01071159
-0,01618159
0,00036911
-0,009825672
-0,005777347
0,0009093155
0,01869905
-0,03183144
-0,003019972
0,005449503
-0,00941867
-0,02734992
0,01128975
0,010663
0,01446029
-0,001927014
0,0120317
-0,001319331
0,02042064
0,02647252
0,01709166
0,00651432
-0,01654108
0,009800218
0,01430181
-0,003441586
-0,02253369
-0,01757907
0,01875144
0,001803406
-0,006682225
0,009123625
0,006272136
0,004680344
0,01328905
-0,01389983
0,01555047
-0,01214014
-0,01588317
0,02193062
-0,01302372
0,02803691
0,02550367
-0,02108279
-0,006804686
-0,03229938
-0,008193789
0,0002274435
0,009812734
-0,01807195
-0,01919901
0,01924926
-0,02673246
0,003372193
-0,03790318
-0,03318266
-0,03517341
0,01779231
0,002257312
-0,03426834
-0,009869532
0,0008313701
-0,02264919
-0,03347178
-0,0149152
0,0216169
0,007341542
-0,0174576
-0,02799139
0,001895662
0,01442985
-0,007059794
-0,0151202
0,02900584
0,009712139
0,01828995
0,00938373
-0,02832269
-0,01573154
0,01392427
-0,02857885
0,003736833
-0,0001278293
0,003208031
-0,01303993
0,001221937
-0,0003678473
0,02565452
0,003313463
0,006656482
-0,01722802
0,0175977
0,004552467
-0,02264644
-0,01170773
0,00140444
0,008510301
0,02206078
0,01978189
0,0007310449
-0,01113052
-0,02309271
-0,006043179
-0,02865223
-0,009791237
0,01259679
-0,002060366
-0,03135899
0,0193918
-0,02865012
-0,01438006
0,01988965
-0,0001487557
0,01703779
-0,0352977
0,02509589
-0,0202485
0,01245261
0,01782535
0,01598433
-0,01014444
0,01221613
0,01172537
-0,003801368
-0,009405214
0,02717866
0,01734272
-0,02550153
0,008067934
-0,02385734
-0,0234174
0,01713132
-0,02076005
0,01136158
-0,008256022
0,02313457
-0,0244306
-0,009402951
-0,02794059
-0,005273419
0,02277931
-0,01086588
0,02463499
-0,01208135
-0,02170705
-0,01783974
-0,02328789
0,005936909
-0,02573537
-0,01173237
-0,01234969
0,0233547
-0,03116478
-0,03199693
-0,02776169
-0,002066605
-0,01532141
-0,04225218
0,003888926
-0,006150376
-0,03923078
-0,008836669
-0,008921493
0,01760002
-0,03057232
0,002274141
0,01649348
0,02726202
0,005427324
-0,02360199
0,01991945
0,02325921
0,01152658
-0,0090241
0,02443792
-0,02799086
0,01618103
-0,007303056
-0,01438991
-0,02375311
0,01613223
-0,021893
0,02708981
-0,0172288
0,01612982
-0,01867747
0,01369822
-0,02562784
0,0007736505
0,01208461
-0,005011814
-0,02826842
0,001432319
-0,001219522
-0,004490251
-0,009586323
0,01511692
-0,02962321
-0,0207432
-0,002475166
-0,009452719
-0,02308106
-0,03388127
0,02113846
-0,005856001
-0,01347358
-0,02502961
0,001964443
-0,03000478
-0,03013667
0,01392243
-0,03722957
0,006910243
0,004665885
0,01204714
0,01670333
-0,0006855089
-0,01712283
-0,02722106
0,02210741
0,02318443
0,01504459
-0,001195613
0,02350137
0,01310773
0,01900759
-0,007837235
-0,01852844
0,02605814
0,001764652
-0,01452829
0,01284515
-0,02199594
0,01189141
0,01165511
0,003935532
-0,0253829
0,02843632
0,009751281
-0,01195282
0,02596758
0,02805549
0,02287677
-0,007780962
0,01903108
-0,01165157
-0,01729339
0,01483146
0,005564623
-0,002968793
0,01170479
-0,007930484
0,01809647
-0,01826234
0,0009307148
0,0009975899
0,007950205
-0,02856131
-0,02687181
0,003404233
-0,03682658
-0,03939182
0,006186692
-6,718378E-05
0,01597548
-0,02920912
0,02003475
-0,02957598
-0,0315393
-0,01747618
0,01701533
0,004300016
0,008371388
0,01806194
0,02774976
0,02494783
0,02229115
-0,02525417
-0,02888279
-0,007609049
0,004068078
0,00292623
-0,00163453
-0,006349707
0,01544935
0,01714668
0,01695263
0,01921469
-0,02766809
-0,02915934
0,01840167
0,02175511
0,01251535
0,02572876
-0,01932806
0,02001397
-0,01824668
-0,0203823
-0,007172847
0,005153745
-0,01217064
-0,02709175
0,01055479
-0,006528747
0,008300874
-0,02886578
0,01076157
-0,03370786
-0,02186351
0,002665072
0,007343103
-0,002408866
-0,03095569
0,01527338
-0,02824363
-0,003562371
0,0006638222
-0,008870566
0,02189924
-0,02635868
-0,008564015
-0,02465739
-0,02697686
0,03003972
-0,007494398
0,02464008
0,02290912
0,01144548
0,006007146
-0,02517619
0,01241585
0,008355461
0,006573359
-0,008336172
0,02861169
-0,005687784
0,015644
0,02879176
0,008671899
0,004281161
0,02819228
0,00742466
-0,007425485
-0,01229404
-0,01942238
-0,02222838
0,01264317
0,01825236
0,01272246
0,003791885
-0,01882128
0,01402909
-0,01650129
-0,01308366
-0,02094878
-0,02250036
-0,03105616
0,01154054
-0,036046
0,009809854
-0,02440094
-0,03405694
-0,01002853
-0,0258509
-0,04092399
-0,02657836
-0,03072257
0,01460494
0,02111869
0,01464127
0,01727228
0,004926284
0,01559418
-0,01170022
-0,02143368
0,01347794
0,01086514
0,0116804
0,01515705
-0,01564696
-0,02066763
-0,02838584
0,02576998
0,02867984
0,01825225
0,02373759
-0,01252449
-0,01781926
-0,02796691
0,01124922
-0,0149093
0,02702456
0,02361602
0,01726942
-0,01353895
0,01747002
-0,02540385
-0,02494443
-0,01714426
-0,03350778
-0,02939293
0,0234548
0,02422917
-0,03697054
0,01210858
0,003127972
-0,03475319
-0,03874996
-0,02777496
-0,00581448
-0,006948216
-0,01572028
-0,03940362
0,007739484
-0,0002537353
-0,02104433
-0,02226734
-1,203317E-05
-0,004054566
-0,02518062
0,02299207
0,02146737
0,01493652
-0,01806397
-0,002733336
0,01847386
0,009234031
0,02522023
-0,02975521
-0,01221729
0,003264054
0,002014286
-0,005945619
0,01347022
-0,0216673
-0,01611878
-0,02594037
0,0234136
-0,02345155
-0,02359906
0,01876419
-0,01443153
0,02735538
-0,004937857
-0,02633729
0,02059461
0,02342933
-0,02972307
-0,02567825
-0,03532561
0,001483829
0,004179312
0,007762619
-0,02334427
-0,02505577
-0,02034763
-0,02581494
0,007152481
-0,00777205
-0,04136859
0,0174717
-0,03310252
0,02078025
0,0165533
-0,0368577
-0,03353316
-0,03270506
-0,0140775
0,008234765
-0,006900657
-0,01938303
-0,01195648
-0,005208913
-0,009765501
-0,01331546
0,003389264
0,02026058
-0,01369662
-0,02336179
0,007123247
0,0245389
0,007151426
0,01831992
0,03049394
0,01017092
0,0273219
0,0216869
-0,0176243
0,002165969
0,021864
-0,02796353
-0,01101509
-0,00984376
-0,02556027
-0,02410193
0,01080686
-0,01369098
-0,02980805
-0,00943553
-0,03492802
0,01641406
0,00406454
-0,01046144
0,007043317
0,01231935
-0,01693569
-0,02592525
-0,02084841
0,01170371
-0,003542163
-0,01353967
0,01537215
-0,001049169
0,0177871
-0,03123828
-0,01342839
-0,01572656
0,02459636
-0,01809521
-0,02799411
-0,01947681
0,01685462
0,01542419
0,01877455
-0,007633503
0,02046408
0,02836369
-0,01205857
-0,01593838
0,005690875
-0,01344609
0,01910209
0,0231402
-0,0248757
0,01729342
-0,01347629
-0,01664837
-0,02543562
-0,0213516
-0,00970343
0,01616612
0,0018613
-0,009886424
0,02510188
-0,00545524
-0,02206581
0,009777359
-0,009789164
-0,03350095
0,01056362
-0,01227512
-0,0152135
0,0110775
-0,01534831
0,009006302
-0,03717732
0,01437735
-0,007564397
-0,0190796
0,02322482
-0,0161084
0,01447605
-0,03669959
-0,02332507
-0,01991424
-7,042728E-06
-0,03366037
-0,002113516
-0,02579156
0,01633363
-0,0228505
-0,01785973
0,01838802
0,02491706
-0,01214682
0,009921296
-0,001130871
0,02116038
-0,007926575
-0,01643931
-0,01991485
0,003100011
-0,0131945
-0,001003822
-0,0164422
0,02728064
-0,02826377
0,002879476
-0,01339739
0,01496214
-0,005303657
0,007929386
0,01288023
-0,02306082
0,02442264
0,01958332
-0,006062043
-0,0323404
0,002468688
0,01699813
-0,02644597
-0,0272873
-0,02022188
-0,02341533
-3,526096E-05
-0,02911101
-0,004330243
0,01355643
-0,0402534
-0,0292874
-0,007082931
-0,04184426
-0,0289049
-0,03626562
0,01262486
0,01486037
0,001144184
-0,0005992471
-0,03146543
-0,0131954
0,00121469
-0,005154013
-0,01627736
-0,009664177
-0,006069924
0,000300837
-0,0018962
0,008775326
0,02885794
-0,002427758
-0,01698547
-0,003306971
-0,01640753
0,0006516037
-0,02449661
-0,02858795
-0,01323853
-0,02519642
0,02316398
-0,02571557
-0,003286939
-0,01951342
0,0008114878
-0,02440611
-0,01958297
-0,009369838
-0,006759532
0,007497123
-0,01383974
-0,02705529
-0,01919669
0,0185596
0,02542062
-0,01950458
-0,02035492
0,002577715
0,01658469
0,014454
0,009067625
-0,03335921
-0,00263985
0,007937597
0,01508746
-0,004347905
0,02243988
-0,0307939
0,01148523
0,004903052
0,02390925
0,01376642
0,0009110602
-0,0001147037
0,01166804
0,02663232
0,02387088
-0,00702558
0,02532317
-0,02279619
-0,01853272
-0,03029163
-0,02596058
0,01759247
-0,01127295
0,01979444
-0,01744086
-0,009065296
-0,002124191
0,0285741
-0,01691329
-0,006930175
-0,0235341
-0,008005347
-0,01433841
0,0150962
-0,006346093
0,004064897
-0,01454049
-0,0329565
-0,02068042
-0,02689639
0,003697401
0,01212106
0,008934584
-0,003489274
0,001424805
0,005792112
-0,02727598
-0,03787791
-0,01804025
0,01595397
0,007668775
0,005351102
0,004737494
0,01192183
-0,03495552
0,01650339
-0,006266705
-0,03596581
-0,01539829
0,001719105
0,004045757
0,01667278
-0,003203882
0,005338932
0,0090672
-0,0209528
-0,01751759
0,02576279
0,004489405
-0,01162518
-0,02760309
0,02405635
0,02453899
-0,02618487
-0,005812967
-0,01009518
-0,02398465
0,01528947
-0,01738179
-0,003367724
-0,02046793
-0,003949278
0,008257575
-0,0138657
0,004471713
-0,01110287
0,006822641
-0,002622289
0,012126
-0,0002889646
-0,02852464
-0,01649958
0,008388465
0,00345301
-0,007133388
0,01194839
-0,02049079
-0,03000493
0,01626981
-0,01375322
-0,01181745
-0,02423026
-0,01187292
-0,03696642
0,01649767
0,01605905
0,01189357
0,0006020238
-0,01006553
0,006840315
0,01591563
0,01536471
0,017157
0,02125251
-0,00669875
-0,01934754
-0,02046642
-0,02060031
0,02806822
-0,0134925
-0,002715445
0,01323387
-0,02097896
-0,02850828
-0,01582057
0,01652873
-0,01742467
-0,01564592
0,004909392
0,006032028
-0,02790904
-0,03104321
0,0204958
0,01277136
0,02355554
0,02235775
-0,0313374
0,005332175
-0,006956959
0,01170453
-0,002000627
-0,02896823
-0,02703879
-0,03206167
0,007787472
-0,02004351
-0,0117789
0,01278864
-0,02452064
-0,02198526
-0,00179556
-0,03382296
-0,03121592
0,001014106
-0,03730883
0,01052804
-0,03127846
-0,01148297
0,01186093
-0,03095872
0,008017685
0,005071193
-0,02921222
0,01571662
0,008620762
0,01640421
0,02423282
-0,02749481
0,0253524
-0,003061124
-0,02081689
0,001768116
0,01324577
-0,01752828
0,01546294
-0,006391486
0,004792275
-0,02731494
-0,0157408
0,02412488
-0,01253168
-0,00781558
0,02914238
-0,01636766
0,02551521
0,02388723
0,01994545
-0,01844474
0,01325336
-0,02559327
0,01789821
0,001693871
0,01526286
-0,01636828
-0,03249459
0,01776007
-0,03986096
-0,01838347
-0,01331828
-0,0412876
-0,01550584
-0,01298623
0,01777697
0,01202167
-0,0257009
-0,0301075
-0,01277269
0,01839669
0,01856365
0,003855973
-0,01948383
-0,0309311
-0,0225274
0,02118273
0,01860532
-0,01351708
0,005523116
0,01647569
0,02070983
0,01202436
0,02386666
0,01017924
-0,01274822
0,01715462
0,007362059
0,002538729
0,009757902
-0,009090096
-0,02431422
0,01949166
-0,008962815
-0,0160263
0,006722729
-0,01757976
-0,001822131
0,01941378
-0,00336257
-0,02168939
-0,0294808
0,01552346
-0,001929734
0,02163707
-0,01165083
-0,02653929
0,01852771
0,01419113
-0,008099084
0,02391993
-0,006308977
0,007159863
-0,02147606
-0,0291286
-0,009797437
0,00511151
-0,02871059
0,0092613
-0,02691431
-0,02630559
-0,02254612
0,003280833
-0,004321377
-0,0291049
0,01657676
-0,02798012
-0,01409939
0,02935256
-0,007141516
0,02403494
-0,008654676
0,02558338
0,01860709
-0,004509713
0,01214473
-0,02946315
-0,02006381
0,02645792
-0,01390173
-0,02292906
0,02052469
0,01738156
-0,02581558
0,009674861
0,01852933
-0,01240063
-0,001248155
-0,02478035
0,01114558
0,02098302
-0,02556527
0,01088712
0,01188314
-0,01364732
0,02454053
-0,006744357
-0,01485874
-0,008013141
-0,02823571
-0,01724542
0,01525528
0,01648708
-0,01781109
-0,01032737
-0,002627862
-0,001544422
-0,03652329
0,01923488
-0,001855045
-0,002188515
0,002228861
-0,02264362
-0,004135474
-0,03169917
-0,01488271
-0,007407486
0,001870906
0,01682489
-0,01643903
9,414362E-05
0,003853412
-0,02382437
-0,01552594
-0,0003501686
0,01725289
0,006302943
-0,01754561
-0,002266339
-0,00487357
-0,01653619
0,008098558
0,01011541
0,01800922
0,02578906
-0,01760036
0,0256256
-0,009420424
0,0003344081
-0,03157941
-0,02188211
-0,01536655
0,001724261
0,00151626
-0,01949197
-0,016624
0,01841171
-0,02137495
0,004064912
-0,03404241
-0,003193961
0,01404565
-0,004259316
-0,0259952
-0,003746715
0,005953626
0,0101365
0,006138705
0,02219947
0,01341522
-0,03409726
-0,01044078
-0,001338684
-0,00226964
-0,01239369
0,0211005
0,02441585
-0,007779353
0,00139341
0,01603577
-0,01001699
-0,02993339
0,03012936
0,01516622
-0,02636575
-0,01741443
0,03024071
0,001363116
-0,02976377
-0,02114417
0,02032535
-0,0110517
-0,0003919397
-0,00757712
0,01881206
-0,01193917
-0,02970667
-0,008164343
-0,02081641
-0,02354075
-0,007584556
-0,0188234
-0,00493183
0,01261376
0,02482159
0,009913892
0,008496102
-0,03204789
-0,02018973
-0,01826866
-0,01676288
-0,005591054
0,004994836
0,01688684
0,003939932
-0,002192296
0,01958197
0,01340564
-0,02210841
-0,00750386
0,01293391
-0,01869992
0,007715462
0,01420764
0,02528333
0,01226242
0,02575357
-0,02242621
0,009006818
0,02778253
0,01797835
-0,0005798537
-0,01815139
-0,009408495
-0,009147781
-0,02235441
0,00346883
-0,01708451
0,01627051
-0,01146992
-0,003235026
0,02517415
-0,01556966
0,007153213
0,01146786
-0,01326915
0,003023271
0,003010384
0,01012545
-0,01882251
-0,008432823
-0,02129614
-0,02289185
0,008848014
-0,01122416
-0,02523611
-0,003279807
0,003801903
0,01547691
-0,02501685
0,008448391
-0,00447296
-0,01697784
-0,02528711
-0,00824135
0,01788135
-0,01531785
-0,01100871
0,001190772
0,002903474
-0,03187136
0,007640372
-0,02864057
0,02209219
0,02783323
0,01907419
-0,02807108
-0,02874133
-0,02868097
0,007653481
-0,02317685
-0,007695552
-0,001004702
-0,003401237
0,003566276
0,005624942
-0,01393981
-0,003563322
0,02597669
-0,01831309
0,005690814
0,02296171
-0,008469341
-0,001167808
-0,001888362
0,01852833
-0,004921789
0,02131075
-0,02800439
0,01603924
0,0249668
-0,02359911
0,02373522
-0,03266326
-0,02773432
0,003958605
-0,03043368
-0,01634232
0,01062442
-0,005972113
-0,03641635
-0,01419593
-0,006636344
-0,03047262
-0,03276958
-0,01386368
-0,03128741
0,02341823
0,01115646
0,02462764
0,006786892
0,02366818
-0,003404296
-0,006456072
0,03031036
-0,02144469
-0,009995662
0,003902368
-0,006006681
-0,02281162
-0,008851747
-0,02055368
-0,02896235
-0,01427423
0,01288674
0,02744657
-0,005496611
-0,005211154
-0,01383713
0,02121868
-0,002779139
0,02687713
0,00853088
-0,0082636
-0,02599604
-0,02412039
-0,0164181
-0,0271395
-0,01364759
-0,03149788
0,01010998
-0,003233988
-0,02750177
-0,0326625
-0,03080854
0,02375675
0,005073744
-0,001578587
-0,03470189
-0,03844958
-0,02186052
-0,0070519
0,01403214
-0,001727818
-0,03040017
0,01603257
-0,01137906
-0,01603383
-0,008571099
-0,02399538
-0,03182124
0,01121683
0,009891964
0,02380364
0,002222248
0,01404007
-0,01393878
-0,02387245
-0,01143065
0,0213204
0,02404763
-0,01595365
-0,01538318
-0,007104832
-0,005095051
0,02150981
-0,02789193
0,02743211
-0,02122064
0,01342286
-0,01480497
0,02120208
-0,01096529
-0,0158088
-0,0008947594
0,02234186
-0,03267156
0,02646378
-0,02334069
-0,02462203
0,01009484
0,02086958
0,001332459
-0,03020668
0,01994341
0,02358342
0,0117406
-0,02204567
-0,00410891
-0,01479496
0,003541061
-0,006105321
-0,02956678
-0,02783612
-0,03450891
-0,03186945
-0,02025399
-0,001663877
-0,02207023
-0,01579649
0,02107172
-0,003996785
-0,02049583
0,01792944
0,0261199
-0,01996156
-0,008152896
-0,002120302
-0,002410665
0,007934568
0,01362852
-0,01152703
0,0273553
-0,01956804
-0,02028272
-0,02971251
0,008440072
-0,02508397
-0,00583194
-0,005557787
-0,02697945
0,02040445
-0,006631288
0,01537317
-0,03133551
0,007359914
0,003052915
-0,02481334
-0,02343449
-0,01034312
0,001754142
-0,005903682
0,009764927
0,01323607
-0,02397228
-0,02627095
0,004700017
0,01396956
-0,02617281
0,005992711
-0,006341313
-0,02480542
0,001657755
0,01578425
0,001455025
-0,01201694
0,00222343
-0,03263393
-0,03274794
-0,03030624
-0,003981465
-0,01856527
-0,02182185
0,01949822
-0,01390582
-0,02677421
-0,02582761
-0,004236057
0,01754791
-0,01168376
0,006706389
-0,014149
-0,01106261
-0,02645701
-0,02601269
-0,01382308
0,004645615
-0,02199857
0,02708258
0,02717681
-0,009924274
0,01966764
0,02228008
0,006069031
0,01771844
0,01082245
-0,02918068
-0,002443068
-0,02318926
0,005124835
0,02703362
-0,002711824
-0,03236806
-0,0339888
0,01862321
-0,01724665
-0,01927389
0,01717757
-0,005810615
-0,03099496
-0,03353067
-0,02502795
-0,03751192
0,01555379
-0,02996066
-0,01570231
-0,03397217
0,006101727
0,01305414
-0,01098229
0,01661755
-0,001176574
-0,02407257
-0,02464544
0,01761097
0,009468884
-0,00685292
0,001885603
-0,02765381
0,003795496
0,03012208
0,00433008
-0,01196839
-0,01879151
-0,01206968
-0,02454448
-0,0180822
-0,01358393
-0,01948137
0,01419448
0,02877444
0,01172328
0,005704189
0,01573719
0,01982011
-0,02750156
0,01781977
0,02334443
-0,004074801
-0,003053612
0,01110618
-0,01017587
0,006231111
0,01012116
0,01104275
-0,009468375
-0,0139279
0,02273492
-0,0204919
-0,02499209
0,02023474
0,009774541
0,01617153
0,02163677
-0,02703235
-0,0006538572
0,02497232
0,01338194
0,0001102526
-0,02904871
-0,02248911
0,01310571
0,0005517741
-0,02517521
-0,005115195
-0,02099005
0,02597017
-0,007778627
-0,01408751
0,01304463
0,02102307
-0,004048223
-0,02607043
0,006217225
0,02223669
0,007400772
0,0237097
0,002604647
-0,0044469
0,01957984
0,01236697
-0,01655439
-0,02984497
0,02511728
0,01545297
-0,02183436
0,01965338
0,006872884
0,003791142
-0,01458829
-0,02531212
0,02659225
-0,01256756
-0,009608912
-0,01816475
0,02017094
0,01092081
-0,00279853
-0,01695343
-0,001251618
-0,0048694
-0,03543496
0,001985877
-0,004569307
-0,01448148
-0,0001125789
0,01220704
-0,01979801
-0,02758418
0,0003031916
0,007446444
-0,007031113
-0,004585232
0,01741401
-0,01028859
0,02380963
0,01553117
0,005867388
-0,009971009
-0,01458976
-0,01007694
-0,01286026
0,01575781
0,02997557
0,006510049
0,02247719
-0,02401066
0,01045238
-0,01122449
0,02538653
0,01661903
-0,01257135
-0,01871187
0,01915118
-0,01456746
0,008173308
0,001892924
-0,00252857
0,001883447
-0,01885161
-0,005918542
0,001539733
-0,0002613032
-0,03083286
0,002613482
0,006640312
-0,003971745
-0,006086644
-0,03592334
-0,01393635
-0,02477231
-0,02186336
-0,02460253
-0,03286453
-0,01781858
-0,0170585
-0,01624902
0,00819573
0,02275924
-0,003235949
-0,009165877
-0,02789824
0,02707791
-0,01904326
0,01788003
-0,008652033
-0,01663304
0,005282633
0,002081461
0,01158676
-0,007092827
-0,01244606
-0,02585984
-0,0229991
0,01903845
0,01642762
0,01571756
0,01331988
-0,007195407
0,02505401
-0,01194966
0,003595944
0,008248091
0,02776784
0,01299246
0,000929047
-0,02776753
-0,02414594
0,002004866
0,02842695
-0,009205017
0,01872539
-0,002099352
-0,03379144
0,01217181
-0,01428952
-0,0002601416
-0,01528589
-0,0178988
-0,01829046
-0,005030887
0,02273305
0,02450495
-0,01662178
0,025792
0,02094956
-0,02525135
-0,02797518
-0,01803363
-0,002522428
-0,001310939
0,00264182
-0,01005556
-0,02799502
-0,01669994
0,021391
-0,004739773
-0,03002705
-0,001665945
-0,01602902
-0,01138033
-0,02227192
-0,02705019
0,003648689
-0,01078921
0,003685277
0,01769092
-0,02621035
-0,009620375
-0,004156373
-0,0205955
-0,004668079
-0,002658689
-0,02187209
-0,004147999
-0,009937714
0,003341276
-0,01117673
0,02917066
0,01819629
-0,008729546
0,02293404
0,01809163
-0,03134369
-0,006741146
0,01397059
-0,004277447
-0,006560303
0,01184029
0,02077793
0,02324142
0,002865699
0,01782892
-0,03126345
0,02481156
-0,01338878
0,01954464
-0,0098315
-0,03553298
-0,007321103
-0,0250636
-0,02478993
0,01719023
0,02111357
-0,008224419
-0,02256593
-0,02347629
-0,01754232
0,00592151
0,02341066
-0,01168806
-0,02354982
-0,02820458
0,01158596
0,02270528
-0,006626507
-0,01112728
-0,02894947
-0,02391995
8,641392E-05
-0,02633099
-0,01090007
-0,01346495
-0,004573247
-0,001822819
0,002747495
0,003650276
-0,005159875
-0,01969204
-0,02321688
-0,003392887
-0,02324796
-0,0143947
3,314191E-06
0,006387433
-0,01865312
-0,02596324
0,02443995
0,00714177
-0,01603225
0,00664856
-0,01643082
0,01939936
0,02005656
0,002803394
0,0157823
-0,001256822
-0,02513774
-0,02453846
0,001771804
-0,02977692
0,02341032
-0,009086792
0,0004850496
-0,008037248
0,01859988
0,01943866
-0,009018363
-0,008910892
0,01810437
0,003663823
0,01159581
-0,02924864
-0,0001061771
-0,002415131
-0,02021373
0,01913725
-0,0008517292
-0,02877665
0,00685655
-0,01502169
-0,009641497
-0,009840322
0,01620471
0,01895374
0,01539701
-0,003397783
-0,006325687
0,02023553
0,007949204
0,02943237
-0,007249304
-0,01528042
0,00475429
-0,03050097
-0,002898345
0,01432057
0,01341424
-0,02465679
0,01536195
-0,009388775
0,01211199
0,002493187
0,01966549
0,01479318
-0,03485332
-0,01918276
-0,01032908
-0,005884868
-0,004809914
-0,02950855
-0,02461514
-0,01963315
0,003461945
-0,01177226
0,01170528
0,002610095
0,004442868
0,01216205
0,006845721
-0,00759331
-0,002931595
0,002575245
0,01390429
0,01961762
-0,01940464
-0,004308888
-0,007584685
-0,004503294
0,02608248
-0,008181278
-0,02928815
-0,01289043
-0,02013836
-0,01905501
-0,001035953
0,01398312
-0,003056342
0,02940922
0,01638695
-0,002983681
-0,02797059
0,02400258
-0,009925126
0,004335213
0,02049151
-0,01962505
0,008279141
-0,01701943
-0,0113555
0,02449736
-0,0199435
-0,02683652
0,001917836
-0,005181533
0,02354484
-0,02059778
0,02052299
-0,02888985
0,005325451
0,005894848
0,02617882
0,02792354
0,001172512
-0,02496563
-0,02927138
0,01799786
0,02912205
-0,007587497
0,01987595
0,02792831
-0,02290686
0,006714371
0,02497676
-0,02119118
-0,01124017
0,001019958
-0,02092399
-0,02297843
0,0266202
0,02749248
0,0124739
-0,02831766
-0,02725086
0,02916584
-0,02147579
0,02516881
0,01296035
0,01073508
-0,01858377
-0,01578566
0,01996201
-0,008892667
-0,009959538
-0,01879203
0,0002003609
-0,02713198
-0,00947294
-0,01556874
0,003046043
-0,02793859
-0,01868218
-0,01143159
-0,001283082
-0,007352983
0,01710467
0,004905073
-0,02055309
-0,005235949
-0,02047362
-0,0003721352
-0,02423922
0,01656182
-0,02194951
0,010481
0,02293717
0,02415396
0,02584832
0,003603542
0,02701853
-0,02429297
-0,02462345
-0,01129182
-0,01956367
0,004894981
-0,02323616
0,01458687
-0,01561126
0,01237605
0,006788094
-0,01722528
-0,02442581
0,02133433
0,001784503
0,02128018
0,01333911
-0,008632449
0,00046018
0,00703252
-0,02381568
0,001807336
0,01486058
-0,01368923
0,0003608165
0,01254896
-0,02295819
-0,02923547
-0,01907966
0,009103661
-0,01323088
0,007083827
-0,02135893
0,02108906
-0,01009067
-0,001402686
0,02751322
0,02450845
-0,01969239
0,02678181
-0,01144675
-0,02290461
-0,006180663
-0,0009987615
0,01989029
0,02792307
-0,006893693
-0,0149103
-0,01482668
-0,01302038
0,02757274
0,002144477
-0,006783271
-0,01165415
-0,003633989
-0,004690295
-0,008620609
0,01905269
0,01815059
-0,003386443
-0,004585843
-0,02836145
-0,0009852309
0,001800993
-0,007809109
0,02840045
-0,0278331
-0,01681256
-0,001054448
-0,02897751
0,02120784
0,01665368
-0,01956159
0,004672194
-0,01121842
-0,03081607
-0,02403107
-0,01724642
-0,004694957
0,001219431
-0,01079363
0,02347948
0,01918812
0,0278167
0,01426002
0,01658195
-0,01563239
0,02144634
-0,004684205
0,02758228
-0,02062742
-0,01862489
-0,02123673
0,01469002
0,001934506
-0,01272353
0,008043614
0,02190296
-0,02255728
0,02226383
0,02606601
-0,02011957
0,0162039
-0,01654775
-0,004260869
-0,01962677
-0,008594032
0,01910361
0,02977873
-0,004082761
-0,01329411
-0,02429541
-0,008657908
-0,01515482
-0,02477125
0,00057808
-0,01791729
0,0004747116
0,01615135
0,003994022
0,01228264
-0,0204044
0,01731249
0,002076485
0,02274138
0,009535615
0,007443111
-0,006095205
-0,02884196
-0,02960519
-0,008102525
-0,0137023
-0,02280574
0,0060266
0,006868493
-0,01973664
-0,02195805
0,006348326
0,00294167
0,005997876
-0,002902628
-0,002225869
0,02421364
-0,02954153
0,01100667
-0,02647686
0,02051264
0,02423456
0,009473472
-0,02903398
-0,02468039
-0,02241823
-0,02484505
0,003739238
-0,01983314
0,01677468
-0,007056004
-0,01598543
-0,008786344
0,01609371
0,002397136
0,0257866
0,01632003
0,02775879
-0,02698767
0,0297635
0,02833126
0,01593832
0,007468976
0,0243436
-0,008326768
0,004646379
0,02747583
-0,01994693
-0,0238264
-0,01601751
-0,01447303
0,01638384
0,02132293
0,01839328
0,01915476
0,01383978
0,01608235
-0,02951943
0,0269021
-0,01486327
-0,01758699
0,005301536
-0,004172256
0,02151236
0,01912
0,02535059
-0,0138264
0,01820907
-0,02639722
0,00238466
0,01209263
0,02676663
0,02784764
0,01161035
-0,0241446
-0,02545682
-0,01341227
0,01573341
0,01034865
0,001174151
-0,01952434
0,02544655
-0,002680921
0,02658047
0,0009511789
0,00658262
-0,007427202
0,002260287
0,02633774
0,01805365
-0,02115822
0,01492758
-0,02923972
0,01830952
0,01775593
-0,007133426
-0,01005721
0,01609414
-0,02538343
-0,003690765
-0,01134337
-0,0208435
-0,02363019
0,004488316
0,00233373
-0,01072858
0,01896599
-0,01984913
0,01351081
0,0153832
-0,002284333
-0,02843926
-0,00781305
-0,003974701
-0,0253214
-0,01259224
-0,02211441
9,722522E-05
-0,009302841
-0,01732435
0,003209222
0,01440362
0,0220861
-0,01417124
-0,006663106
0,02753138
0,0259792
-0,02031011
0,02449034
0,0133092
0,0149972
0,0008490725
0,01062513
-0,0159402
-0,01763527
-0,02937335
0,01842359
0,02300517
-0,006262711
-0,0185008
0,01776058
-0,01807743
0,01914435
-0,01928689
-0,01004503
-0,02239813
-0,006721403
0,005668006
0,01371464
0,0005883044
-0,01448528
0,02087464
-0,0044582
0,02310141
0,02333821
0,004884366
-0,01196623
0,02184138
-0,01841121
0,005808612
-0,005967515
0,00975387
-0,01309348
-0,0293656
-0,02943886
0,02779972
-0,008902436
-0,02239693
-0,01664383
-0,0257893
-0,0005155223
-0,0147297
-0,02397972
-0,0207918
-0,004581784
-0,008938311
0,02576122
0,01134957
0,02637361
-0,0144674
0,004123727
-0,009536826
-0,00317848
-0,005778327
-0,002096411
0,02459687
-0,02495156
0,01803238
-0,009067851
0,007977652
0,01296547
0,02726308
0,01135736
0,01830088
0,0178294
-0,02201829
0,02611844
0,01887256
-0,01971744
-0,00700496
0,01714083
-0,01428985
-0,008057112
0,009322565
-0,02909925
-0,02961996
0,0149468
-0,01331251
-0,002166686
0,002554934
0,009796606
0,007494594
0,0259197
0,02663338
-0,02827863
-0,02637796
-0,0171503
0,02299348
0,003155034
-0,02327284
0,0227924
0,003707294
0,01723325
0,006130608
-0,00816501
0,002800887
0,004518457
-0,01161014
-0,008037302
-0,01274736
-0,004401189
-0,0229942
0,00133414
0,003518789
-0,001075407
-0,01168622
0,02901972
0,01813403
-0,006547187
-0,002116302
-0,02024969
0,01905423
-0,009805093
0,01887427
0,02875387
-0,02454759
-0,02859811
0,01530673
0,01652875
0,01423701
0,02586261
-0,02687266
-0,01426051
-0,02666379
0,0007275383
-0,01648531
-0,0009067501
0,01637745
-0,01248496
-0,001460741
-0,003827143
-0,003583885
0,02514857
-0,01943642
-0,02299768
0,002787995
-0,02380883
-0,007498304
-0,002184249
0,01413479
-0,02478207
-0,004678946
-0,0005157556
-0,02473946
0,02758413
-0,02625396
-0,01649252
0,02890244
0,00802827
-0,01363397
0,001480226
0,01984646
0,002525316
0,008317936
-0,008034038
-0,007570306
0,02193439
-0,001989329
-0,02712116
-0,01455601
0,0197642
-0,01745704
0,0006902379
0,02551618
-0,02829589
0,01390602
0,0245073
-0,02036185
0,0119389
-0,004060232
0,02993385
0,009596494
-0,01246096
-0,02763245
0,009051786
0,0005004036
0,004242864
-0,01966103
-0,02369262
-0,003093065
0,03061384
0,0008423728
-0,02154773
-0,02892529
0,02767358
0,006919042
0,02452714
-0,01309995
0,01921251
0,01518123
0,01149494
0,008760529
-0,01045583
-0,0176659
0,02497679
0,0233026
0,02525018
0,004540422
-0,02642448
-0,01631215
-0,02011268
-0,0261349
-0,01303151
-0,01791989
-0,01295072
0,02253908
0,002331038
0,0001781448
0,0299316
0,02202089
0,01875163
0,01153552
-0,008330367
0,006592885
-0,0145352
-0,01109272
-0,02589718
-0,0004074566
0,02850774
-0,004612022
0,01996388
0,007581159
-0,008950078
0,0273655
0,01504556
-0,008876049
-0,01003413
-0,02483352
-0,02201369
0,01634445
0,005926966
0,03033945
-0,02317815
0,02325551
-0,01300206
0,02670648
-0,01611464
0,02698753
0,01464934
-0,02489284
-0,02542297
-0,005647102
-0,01243531
0,02779846
0,02704256
0,03056634
-0,01290762
0,01355579
0,0274746
0,006070491
0,01922294
-0,004344269
