-0,01548323
0,001647634
0,02778055
0,009140526
0,000639902
0,02306403
0,003051167
0,007339487
0,004269823
-0,005073376
0,02625809
0,007461964
-0,01949985
0,02498936
0,02011868
-0,02944724
0,008365517
-0,00142816
0,001709242
-0,007511815
-0,009786939
-0,02513238
0,02419745
0,02269295
-0,002137135
-0,02039185
0,01666982
0,02332081
-0,01441442
-0,0005482101
0,01811077
-0,01051428
0,009422014
0,02889704
0,01119034
0,02736791
0,0249963
0,01230309
-0,02937805
0,02919978
0,01716439
-0,01737672
-0,02347394
-0,01035708
-0,002876283
-0,006621438
-0,003369927
-0,01003729
0,01000088
-0,016574
0,005423424
0,02788976
-0,01674659
0,00570702
0,002573867
-0,02028289
0,007948192
-0,02498775
-0,01874419
-0,008947991
-0,02361162
0,01040947
-0,008226736
-0,02507817
0,007466818
0,006801463
0,02864532
-0,0177549
-0,01615078
0,02336372
-0,02390821
0,02664244
-0,002100556
0,003119993
0,006029026
-0,02230054
0,02908525
0,004711362
-0,004376644
-0,02544267
0,01363206
-0,003230846
-0,01661428
-0,02788161
0,02457714
0,02074514
-0,0238358
-0,02632309
-0,003673668
0,001498768
-0,01063108
0,01994834
0,00103014
0,01018204
0,02280642
-0,02327382
0,02142698
-0,02837778
0,01271563
0,02089894
-0,004670309
-0,01562549
-0,02389485
0,0172615
-0,02263859
0,009187477
-0,0001886229
0,01052914
0,03014536
-0,005109108
-0,01869071
-0,02663929
0,01001591
-0,02313161
0,008058265
0,01023514
-0,002957585
-0,01034149
-0,01904232
0,01737973
0,0005501381
0,02487174
0,01654587
0,01306033
0,00412087
-0,01300963
-0,004182607
0,01848772
0,01095825
-0,0007757698
-0,01323699
0,02742487
0,02247288
0,005196972
0,009521067
-0,0008718928
-0,009289604
-0,003407577
0,02550131
-0,0146997
-0,009194784
-0,003976311
-0,02602998
-0,0286452
-0,00980939
-0,01415848
-0,02020772
-0,005818173
-0,02790855
-0,01749772
0,01021931
0,001713975
0,02123808
0,02604657
-0,009774048
0,0008503561
-0,00169178
-0,006603036
-0,01713023
0,02076219
-0,01659658
0,01196676
0,03019042
0,0009334148
-0,02193535
-0,01558042
-0,01855843
-0,02531881
-0,002379929
-0,02111601
-0,01035215
-0,02948208
-0,005056259
0,0263965
-0,0034039
-0,02553531
0,02095081
0,01516235
-0,007126189
-0,01163538
-0,02286031
-0,0287951
0,01592392
-0,001753575
0,01936403
0,01551468
-0,02381928
0,02719739
-0,01509796
-0,02134564
-0,02931002
0,02737034
-0,01668222
-0,02577196
-0,02855733
0,00913988
-0,003737744
0,003509686
0,02377887
-0,02441352
-0,02581329
-0,02499542
0,02725009
0,02382865
0,02324692
0,009514961
-0,02344595
0,02494021
-0,00116425
-0,01459815
0,01042206
0,01336038
-0,02948707
0,02535235
0,01379273
-0,0179917
0,02644861
0,001851863
0,01180638
-0,00702679
-0,02140678
-0,01480415
0,02066466
-0,01075799
-0,02139513
-0,007125014
0,01768692
-0,009360677
0,02508223
0,01824441
0,008818429
-0,01279173
0,02151727
-0,0132213
-0,01652198
-0,02843751
-0,02504706
0,02288115
0,00538586
-0,02043684
0,008513598
-0,01915572
-0,002468217
0,02967157
-0,001445759
-0,01270172
0,02639634
-0,01169994
-0,009257604
0,01981036
0,01317528
0,02496838
0,02221272
0,0003991744
0,02731275
0,01943234
-0,0150462
0,007839436
0,01544507
0,0002900032
0,02245007
0,01664439
-0,02984079
0,0118031
0,007211171
-0,007114216
0,02216013
0,01417448
0,01152659
0,01177121
-0,02284833
-0,02603881
0,02715036
0,002514932
0,01550696
0,02867185
0,01876663
0,02160092
0,02110025
0,02230529
-0,002989743
-0,0006535935
0,03043683
-0,02528007
-0,02578661
0,01443475
-0,003867018
-0,008659454
-0,00967233
-0,005011332
0,01741758
-0,002670586
-0,0225507
-0,02496052
-0,0123357
0,02221866
-0,01989327
0,01623349
-0,007701598
-0,0247209
-0,004718299
-0,0178783
0,007113876
0,009168025
0,01233749
0,009690993
0,02824173
-0,01046528
0,01588372
0,0294024
-0,0295398
-0,005776078
0,01713425
0,02403049
-0,02677364
-0,007424115
0,0164967
0,02618411
0,006919459
0,0234522
0,02815301
0,001153843
-0,005239374
-0,01270145
0,02683404
0,01186969
0,02784194
0,02262517
-0,01538411
0,02369321
0,01814248
-0,02826259
-0,001368952
0,01491599
-0,004558232
-0,01587237
0,02226575
-0,009048129
-0,007378401
-0,004031525
0,01659187
-0,02404869
0,005682901
-0,009332383
-0,006666416
-0,007004658
0,01025954
-0,01651085
-0,02841324
0,02506626
-0,02493418
-0,01576146
-0,02126877
-0,0006986676
-0,02221067
0,02477496
0,01834102
-0,009314969
0,01413011
-0,02892165
0,01321744
-0,02293799
-0,02423202
0,02277722
-0,01838302
0,0296284
0,02522709
-0,02907141
-0,002333232
0,01847599
0,0008334285
-0,004166046
0,003694695
-0,01797025
-0,02193036
0,02266174
0,02591063
-0,02644615
0,02374695
0,00197687
-0,02975569
0,01198048
0,0202806
-0,009697842
0,01838512
0,003261156
0,02223534
0,03012567
0,007474156
0,001989362
-0,003028868
0,001798143
0,006869672
-0,008846675
0,01284859
0,009954322
-0,02915719
0,01339741
-0,02110748
-0,006304929
-0,002545761
0,008353844
0,01566248
-0,01687023
-0,00589453
0,008908871
0,01113822
0,02821516
-0,008404528
-0,0138683
0,02924611
0,01514145
-0,002610926
-0,01717529
-0,02814556
-0,02938457
-0,01311239
0,01561418
-0,02622022
0,007741631
-0,02376516
0,0267034
-0,004711988
0,02655487
-0,008168197
0,02877669
0,01843893
-0,0187552
-0,001384389
-0,002866445
0,02099119
-0,01774669
0,0248711
0,000181675
-0,02553143
-0,007253201
0,02819488
0,007987327
0,02685557
-0,02128065
0,02258184
0,02516568
0,00763526
-0,00893639
0,003968792
0,01321965
-0,02461764
-0,005252291
-0,01064121
0,01201922
-0,007323395
-0,01466592
0,008448823
0,000822549
-0,01350577
0,001488624
-0,01733145
0,01976361
0,02162786
-0,005589634
0,0197902
-0,0004343719
-0,0004374647
0,02535381
-0,003466245
0,01666214
0,02000589
0,02687552
-0,023343
0,008145998
-0,02726682
0,009943509
0,02003046
0,02721578
0,01666676
-0,0187067
-0,01225549
-0,02669701
-0,007630516
0,008520799
0,02392094
-0,005540984
0,02364031
0,01875671
-0,02473199
0,005600498
0,004557227
-0,005869146
-0,01588211
0,00439447
-0,02064284
-0,02182024
0,01570985
0,001494768
-0,01105918
-0,006233517
-0,002877695
0,01408871
0,02570344
0,0173122
0,023042
-0,02200028
-0,01293767
0,01043427
0,008016119
0,01272342
-0,004961983
0,01197533
0,01514206
-0,02447391
-0,0169519
-0,02145248
-0,003477556
-0,01620182
0,0004316365
-0,005426311
0,005537448
0,009168733
0,01780001
0,01889158
-0,0196151
-0,004829759
0,01313719
0,003371958
0,0005761968
0,02466145
0,02283642
-0,01299235
0,008036584
-0,0068762
0,01532353
0,004503115
-0,02113118
0,007724255
0,01817655
0,01636036
-0,02130002
-0,01672341
-0,02040962
-0,00637933
-0,02029124
0,0225872
0,01004243
-0,02178334
-0,008993777
0,03052359
0,01242402
0,003710809
-0,02930563
0,02339661
0,01743572
0,01580487
0,0247739
-0,02478909
0,004600454
-0,003777431
-0,006412322
0,01198001
-0,01975542
0,01355124
0,01861814
-0,02215993
-0,0253757
-0,008129587
-0,01050586
0,007600417
-0,03054222
0,01886977
-0,006057284
0,01340036
-0,01395287
-0,007791886
0,001156366
-0,004777763
0,009412594
-0,01007141
0,01434036
0,003329883
-0,01727812
-0,0002023286
-0,01620746
-0,01022455
-0,01184286
0,01625633
0,008635322
0,03144511
0,01212341
-0,02758392
-0,02824979
-0,009693098
-0,007769815
-0,004631911
-0,02715624
-0,003517418
0,006027587
-0,0273822
0,0176509
-0,01120416
0,01960531
0,01294856
0,02945189
0,02187338
-0,02202667
-0,01439173
0,005058526
-0,006913176
-0,01769979
-0,002730476
-0,005479277
-0,01526154
0,01143762
0,02100271
-0,001234996
0,009012363
-0,001428519
-0,0042413
0,01994759
-0,01038866
0,01351259
-0,01215176
0,02576577
0,0257979
0,01731174
-0,02482343
-0,007407269
0,02199251
-0,01139299
-0,02487327
0,02004573
0,006901831
0,003543902
-0,004670854
0,01634535
0,003676998
0,003869414
-0,008051473
-0,01611155
-0,02869987
-0,02075701
-0,01691971
0,01789642
-0,01707321
0,009600231
0,01711218
0,009485975
0,00221912
0,02688494
-0,005816662
0,02790055
-0,02054876
-0,01778306
-0,003376427
0,003622306
-0,0002844263
0,01502934
-0,02924049
-0,02807016
-0,02771679
0,0222745
0,01247207
-0,02616787
-0,0221982
0,006794512
0,01674214
0,009795611
-0,01865136
-0,02776805
0,02741884
-0,02429507
-0,02433337
-0,0197809
0,01808463
-0,020245
0,002414589
0,00130076
0,01371092
-0,01168657
-0,02858575
-0,00473395
0,02099047
0,02726643
0,02572189
-0,02343107
0,01195641
-0,003483695
-0,02294608
0,0243212
-0,01462131
0,01565782
0,0001889674
-0,01041358
-0,01873722
-0,02049048
-0,003044813
-0,02160636
0,009381719
0,004598468
0,02270281
-0,02311081
-0,003832207
-0,001728247
0,0283413
-0,01408969
0,02082509
0,02701181
-0,007048756
-0,01582424
-0,02941004
0,02689142
0,02911384
0,0124507
-0,02974548
0,005000882
0,02860104
0,01564872
-0,02439241
0,02818132
0,02534092
-0,01026251
0,003913826
-0,01136643
0,0174468
-0,01673706
0,008310942
0,01432525
-0,03114364
0,008107719
0,01443903
-0,006535915
0,02386062
-0,01888342
-0,002620771
0,02716859
-0,03126497
-0,005018784
0,02903034
0,00848328
-0,01359302
0,01256162
-0,02747159
0,02268833
0,02510007
-0,00963844
0,01663519
0,01724346
-0,01094336
0,005488216
-0,01966405
0,01152165
-0,02906338
0,00948796
0,007807052
0,001272057
0,00371162
-0,02287015
0,01093444
0,01523415
0,007437889
-0,02740602
0,02745051
0,01417965
0,001033909
0,005445643
-0,0284451
0,01758784
-0,01526062
-0,02447511
0,004831564
0,004359688
0,01625646
-0,003270808
0,01174109
-0,01884983
-0,01260169
0,01040555
-0,007431903
-0,002779292
-0,00534118
0,01780369
-0,003113935
-0,004711556
-0,001242905
-0,02579267
-0,008275763
-0,01584045
0,005171602
0,02487615
-0,009805822
0,02080573
0,0122771
-0,01550493
-0,02751545
-0,0155391
0,01845443
-0,01285542
-0,009527834
-0,0109252
-0,01070039
0,02966751
0,0008233944
-0,01730378
0,02962035
0,00424102
0,02444385
0,004088559
0,02851611
-0,005249658
-0,01836471
0,02192928
0,01367679
-0,01801594
-0,01215596
0,01659124
0,004962879
-0,0003175624
-0,01503279
-0,001569654
-0,01909706
0,01469665
-0,01672975
-0,00969875
0,01311673
0,01038495
0,02003553
0,003029441
-0,00542633
-0,004097131
-0,008636806
-0,03393874
-0,01162895
-0,02729586
-0,02333893
-0,00717545
-0,01245662
-0,01678091
-0,004955089
0,02303778
-0,02153352
0,0191375
-0,01393067
-0,02134168
0,01240287
-0,001127438
-0,01958908
-0,000625812
0,0246665
-0,01463233
0,01019694
-0,01128423
-0,02783249
0,02295977
-0,02281287
0,003035735
0,01556361
-0,02069841
-0,002076427
-0,01362459
0,01169647
-0,009398712
-0,02185645
9,774919E-05
0,02930555
-0,02033979
0,001212816
0,006328671
-0,02475028
0,0198878
-0,00668603
-0,01372966
-0,02950734
-0,01033379
-0,01403085
-0,01323409
-0,007565145
-0,02843439
0,005360469
-0,01981523
-0,002835523
-0,01029468
0,006575369
-0,02386986
0,01611282
-0,0277115
0,02528176
-0,002988271
0,02547671
0,00242064
0,01037092
-0,02192609
0,01633511
-0,02189641
-0,01817703
0,01821694
0,01154597
0,01790386
-0,02026337
0,002025076
0,02874471
0,003850725
-0,00566338
-0,02798054
0,01978417
-0,009138214
-0,01492303
0,01166888
0,002972337
0,01449951
-0,0255878
0,01091244
0,001270441
-0,01886997
0,01269789
-0,01337459
0,0111788
0,02989027
0,009945571
0,02101473
-0,02049447
-0,03077091
0,008302568
-0,0008547064
-0,02290035
-0,01942877
-0,004633029
0,01626294
-0,0273712
-0,004661877
0,00599143
0,006671872
0,02175768
-0,02757801
-0,01653882
0,02667725
0,02429709
0,003935383
-0,01395906
-0,006311786
0,01814647
-0,01508898
0,0225739
-0,01756108
-0,0001176912
-0,03090727
0,009007476
0,006431563
-0,002517189
0,02529476
-0,02300283
0,01187431
-0,02487203
-0,01330116
-0,009577302
0,02669611
0,0246991
0,02421883
0,02232247
0,002934839
0,02024632
-0,006896956
0,004977716
-0,02740442
-0,02689563
-0,006943067
0,01599267
-0,005328737
0,02414196
0,01120645
-0,01297688
-0,02933485
0,007044902
-0,01618443
-0,03291027
0,02002421
-0,02700226
-0,01059209
0,02315349
-0,02602073
-0,0005915513
0,02101241
-0,01243807
-0,02404268
-0,01106344
0,0265579
-0,0009179384
0,00547342
0,01404569
-0,01082367
-0,02948709
-0,02717614
0,01295628
0,01442537
0,00662724
-0,003153777
0,01268998
0,02145501
-0,02093273
-0,02428082
-0,01626156
-0,01683936
0,01154722
0,01385232
0,005790676
-0,02676247
-0,02891573
0,01944355
-0,01487881
-0,004483428
0,01921686
0,0006878243
0,02376675
0,0137304
0,02871077
0,02460639
0,02767507
-0,01057524
0,009563016
-0,02708998
0,01707237
-0,02537872
0,01013472
0,004848177
0,007117456
-0,02017827
-0,01596625
0,01732718
9,016159E-06
-0,005192714
-0,02735161
-0,02350837
-0,02041204
0,01977804
0,0204954
-0,01053782
-0,02005669
0,008540889
0,005167119
-0,01256785
0,02572272
0,01525196
-0,01039862
-0,0120104
0,00231824
0,004355531
-0,0191997
-0,02729322
0,01753272
0,01210104
-0,0006330546
-0,007741995
-0,01830808
-0,02531359
-0,01303037
-0,02546895
0,00196746
-0,02350675
-0,0257462
-0,01013668
0,01301271
-0,02311278
-0,02066179
0,01248742
-0,01410083
0,003089858
-0,01880212
-0,03121741
0,01634568
0,003670128
0,007172572
-0,01841231
0,01321615
-0,009286935
-0,02802061
-0,03561768
0,008409139
-0,01756003
-0,03713822
-0,03629865
-0,0368676
-0,02678202
-0,03117957
0,02338665
-0,03250725
0,01466829
-0,03061397
-0,02000047
0,004112477
0,01902503
0,01873027
-0,02506918
0,006776155
-0,01431615
0,0056474
0,02123706
0,006449136
0,01135588
-0,02649184
0,02916667
-0,006032508
-0,01894026
-0,01310856
-0,01697817
-0,02812799
-0,01855884
0,007302115
0,02072481
0,02891612
-0,01579123
-0,01228803
-0,02094663
-0,02672683
-0,02942174
-0,0135706
-0,001153907
-0,03085567
-0,02012549
0,006177013
-0,004010129
-0,004531547
-0,03559677
-0,007971257
0,02161431
0,007470119
-0,005378242
0,001511963
-0,007391599
0,00750291
-0,02574421
-0,01401475
-0,03629427
-0,02182668
-0,03560365
0,003316547
0,01406373
0,02387871
0,01973322
0,02116754
0,02100412
-0,02074804
-0,01611173
-0,01690532
-0,008555905
0,002860318
0,01190826
-0,02809279
0,003747471
0,02715493
-0,02332139
0,02114678
-0,004745742
-0,02430983
0,007695965
-0,0002902203
-0,006856169
0,01741728
-0,009081218
-0,001142057
-0,002756728
-0,001050301
-0,02425947
-0,02546512
0,01394289
0,01829099
-0,018836
0,02002679
-0,03051367
-0,01006202
-0,00502564
-0,003254796
-0,02913312
-0,01675484
0,007369817
-0,02291734
-0,02206914
0,009324931
-0,0363201
-0,01558732
-0,03674732
-0,01198238
-0,03531954
-0,007704126
0,00589891
-0,01142012
0,02355037
0,02742898
0,007865764
0,000588196
-0,01702958
-0,02740927
0,007741133
-0,005228364
-0,005018569
-0,007399024
-0,02603302
-0,02214342
-0,002513529
0,002521689
-0,009910678
0,02178207
-0,02721663
-0,01643264
0,0009226131
0,006476597
0,01320122
-0,02222927
-0,00750084
-0,008303644
-0,01640425
0,004583776
0,01523962
0,0291755
-0,001530144
0,02862186
-0,007466065
0,004627192
-0,006657349
-0,01304255
0,01850306
-0,01868371
-0,02699718
-0,00883245
-0,03315004
-0,01653787
0,01880369
0,008327451
0,01505247
-0,01809792
-0,02918381
-0,03400989
-0,02019669
-0,004812356
-0,02968184
-0,02333099
-0,008683035
0,02008873
-0,03131999
-0,02921258
0,01001653
0,02052747
0,00543338
-0,01102126
-0,01074851
0,01126064
-0,01146062
0,008121556
0,02489496
-0,003079292
0,02926138
-0,0006341662
0,01437355
-0,02167982
0,01300086
-0,02569309
0,01063929
0,007531495
-0,02154042
-0,02092461
0,01435417
0,03010115
-0,0152531
-0,02952961
-0,01993115
-0,02238854
-0,01508283
-0,01425834
0,02499181
-0,01265978
0,001478672
-0,0005397123
-0,0004987528
-0,0139244
0,002933344
0,02173918
0,002183796
0,01775251
-0,03356314
-0,0156533
-0,03808119
-0,02915742
0,008481487
-0,01217984
-0,01383716
0,004683077
-0,01479592
-0,02162877
0,01280855
0,02503841
-0,004348399
0,01796979
0,01274012
0,02399811
-0,01162199
0,01244136
0,005213902
0,002226953
-0,02512369
-0,01810718
-0,004893964
-0,02712002
0,01267533
0,006383908
0,02401465
-0,003606561
0,02596108
-0,006150003
0,0003236302
0,01426064
-0,005837112
0,01787146
-0,0002188094
0,01294256
-0,02257564
0,0008433388
-0,02284147
0,01902324
0,008480514
-0,004063562
0,0136287
-0,02866654
-0,004682753
0,02300107
0,01299137
0,003771098
0,01019827
0,002285336
-0,03755133
0,02040465
-0,01698853
-0,03449026
0,005315096
0,01507113
0,02291216
0,02235121
-0,003901672
-0,01892598
-0,00188686
0,02302456
0,01240608
0,02726238
0,01108486
-0,0286992
0,002243786
0,01063518
-0,01212622
-0,03160171
0,01364236
0,01854198
0,002720571
0,01603764
0,02393348
0,005180988
-0,004981488
-0,01133295
0,003674372
0,01556994
0,01739795
-0,02033802
0,007987074
-0,01583685
-0,009062128
0,002302934
-0,007507328
-0,01012067
-0,02971132
0,004868757
0,0110888
-0,02577519
-0,03225747
0,02335405
-0,01552244
0,01002022
0,007597081
0,01109868
-0,01039586
-0,01057553
-0,01296941
-0,03158867
-0,01675256
0,006171903
0,01613772
-0,02477919
-0,01599545
5,151234E-06
-0,02157454
-0,0203714
-0,005010246
0,008576137
-0,00812869
0,01282611
-0,003871259
-0,0088778
-0,01303802
0,0006303855
0,005541414
-0,02405555
0,007184202
-0,01900293
0,008923378
0,01206006
-0,01365918
0,005867293
0,0177462
0,005409097
-0,003636316
-0,02197574
0,01995984
0,006142354
0,02223689
-0,02692916
-0,0125531
0,008028558
0,01603264
0,0194932
-0,01375995
-0,02257694
-0,02058277
0,01490835
-0,02296514
0,01825001
-0,02547479
-0,03217586
0,009083537
-0,02023085
-0,005569
0,01962005
-0,01024094
-0,02358674
-0,0270245
-0,02376024
0,01136354
-0,02467309
-0,007655995
0,006321567
-0,001755185
-0,01383351
-0,007625284
0,01687531
-0,0251364
-0,03237635
-0,009026127
0,02237125
0,01627013
-0,009421853
-0,005720591
0,01429942
0,004811628
-0,003098137
-0,01813908
-0,0008608722
0,02863557
0,0204141
-0,02843194
0,018744
0,004506847
-0,01688467
0,02185006
0,001064725
-0,02769922
-0,001645358
0,01065915
0,004553738
-0,005911039
0,003555508
-0,01687037
-0,02603558
-0,02184975
-0,03213516
-0,014574
0,02394694
0,008597332
-0,01483997
0,002723609
-0,02923007
-0,01179478
-0,02632974
-0,02656434
-0,0169762
0,008899583
0,006877776
-0,01759419
0,02138746
-0,0349015
0,003653673
-0,0150772
-0,0332126
-0,02172894
0,009472884
-0,02276678
-0,01535989
-0,003794378
0,023406
0,01466504
0,008473436
-0,01215314
0,01641405
-0,001848485
-0,0169328
-0,02297066
-0,01124745
0,005501997
0,003792576
-0,020936
-0,01499376
0,01718098
0,00768098
-0,01954632
0,0236892
-0,009663171
-0,01131427
0,02934544
-0,001945867
0,01056855
-0,01545888
-0,02536063
0,01116649
-0,0001913762
0,008358024
-0,01783802
-0,02111879
0,02212227
-0,005143357
0,01837917
-0,03802608
-0,01162019
0,006247228
-0,005784151
0,02023607
0,01071418
0,00535927
0,007731056
-0,03826674
-0,02442344
-0,003541973
-0,02439343
0,01144075
0,01671652
0,01502856
0,02233925
0,01169037
0,01840277
-0,01291437
-0,01142475
0,01798441
-0,01297141
0,02902683
-0,01574995
-0,0006605543
0,001860465
0,005766529
-0,01552397
0,01737889
0,02881251
0,0257178
-0,005547801
-0,02581035
0,009749093
-0,02227565
0,01677182
-0,03040318
-0,03083592
-0,02215498
-0,02738486
0,007291493
0,00461518
0,02926616
-0,01788087
-0,02489805
-0,02832588
-0,01337758
0,0189645
0,009535286
0,01052942
-0,006370165
-0,0167927
-0,002857893
-0,03420094
-0,03674337
0,005118266
-0,01094118
-0,009018641
-0,03651167
-0,009969874
-0,02326601
-0,006356752
0,02589296
-0,0304044
-0,01168607
-0,0241521
-0,02511421
-0,02234183
0,01099758
-0,03266606
0,02381211
0,01048511
0,009685315
-0,01409149
0,01427133
-0,01711729
-0,01175544
0,01516785
-0,02470688
-0,005868605
-0,01839555
0,01271688
-0,001464684
-0,02994728
-0,003669676
0,002998147
0,01841134
0,02380377
0,001726956
-0,007738393
-0,01278219
-0,005183653
0,02342239
0,009370322
0,01720818
-0,02567596
0,002225586
0,02253123
0,02011993
-0,03411624
0,01896981
-0,02995152
-0,02992532
0,002434487
0,009815802
0,009201842
-0,0004790734
-0,02318892
-0,01705353
0,01599226
-0,01139945
0,01283494
-0,008260431
0,01061891
-0,01277476
0,000384198
0,02828405
0,02795427
0,007013886
0,01581466
-0,01263452
-0,01899864
0,005337241
-0,01185133
0,01431945
-0,002662778
0,01530888
0,02809788
-0,003260379
0,004184726
0,006269617
-0,00884282
0,01923814
-0,02693671
-0,005443994
-0,03133085
8,331038E-06
0,01398598
-0,02247425
0,00248451
0,02069909
-0,003274863
-0,002774437
0,01036544
0,02518225
-0,003808733
-0,03854823
-0,02459968
-0,01063319
-0,01813166
-0,03155651
-0,005043769
-0,02417001
-0,03155233
0,003167387
0,008287705
-0,003149515
0,01385868
-0,03716928
-0,01109401
-0,03227151
0,008871568
0,02021055
0,01828292
-0,01539019
-0,02726979
0,02526734
-0,007950337
-0,01422144
-0,01321848
-0,02999901
-0,01489218
0,01842981
-0,02906985
0,02603172
0,01951021
0,01156888
0,0260825
-0,009361314
-0,01968838
-0,002847098
0,001920625
0,002051872
-0,02083019
-0,008800326
0,02675585
-0,0304713
0,01008066
-0,01004279
0,00688209
-0,006056388
0,008302836
0,01107434
0,01430668
-0,004868232
-0,0293337
-0,0004186028
0,002338256
-0,01011231
0,01785707
-0,004232072
-0,005732023
0,01243632
-0,03382047
-0,02148576
0,01629229
0,01257114
-0,01976424
-0,02530898
0,01748988
-0,03106467
0,007638278
-0,001065482
0,02028627
0,02487729
0,002716894
-0,01833864
0,01214657
-0,0023565
-0,01107154
-0,02673924
-0,01475755
-0,02658197
0,008381546
0,02221504
-0,007963319
0,003499562
-0,02674273
0,003754856
0,02053443
-0,01631153
-0,02659492
0,001666984
-0,003172513
0,0005098484
0,0187423
0,003813748
-0,01119059
0,01881597
-0,006647333
-0,02754865
0,01052917
-0,005601242
-0,006810872
-0,001408498
0,009671431
-0,02946632
0,01305931
0,01490568
0,01755637
0,01445105
0,006360757
-0,03649349
-0,0388709
0,01170422
-0,0158844
-0,006186758
-0,02139367
-0,01958119
0,02074166
-0,01199537
0,01650518
0,0129536
-0,007386649
0,008451564
-0,02877414
-0,0225313
-0,02646351
-0,01058005
-0,02289687
0,02949484
0,02139577
0,02210413
-0,02837767
-0,01545213
-0,008286008
0,01874564
0,006856518
-0,02332608
-0,02188963
-0,0151057
0,01250699
-0,01650014
0,008980225
0,02838514
-0,00911826
0,02443082
-0,002168069
0,002187116
-0,02371656
-0,01655191
-0,01722308
-0,02940514
0,02336852
-0,03230151
-0,01815798
0,02234847
-0,03305648
0,01165494
-0,003718843
-0,001111007
-0,03815259
-0,01128392
0,0004223566
0,0170959
-0,03960095
0,02001248
-0,03164704
0,01535805
-0,004922022
0,002265266
0,02643305
-0,02069408
-0,0220326
0,006772847
0,009955756
0,001998529
-0,02585856
-0,004806715
-0,01279893
-0,02108999
0,0101184
-0,001731612
-0,02058274
0,02044058
0,01312934
0,01805162
0,0261481
0,02971079
0,02636772
-0,006266593
0,01445387
0,01993813
0,008068925
0,004796937
-0,01853757
-0,02065249
0,0005849203
0,01255563
0,02492626
-0,009388732
0,01342394
0,005802178
-0,02536128
0,001320652
-0,01624515
-0,03024673
0,01863913
-0,0185308
-0,0101604
0,009000122
0,01201628
-0,002196671
-0,01170742
-0,01948204
0,01651956
-0,004650342
-0,01728637
0,0140328
-0,02361153
-0,02104113
-0,029181
-0,02496192
0,02352668
-0,0276084
0,02086158
-0,02270313
0,002990193
0,005587902
-0,002319747
-0,0006234713
-0,02918632
-0,01063822
-0,002562943
0,02566341
-0,006983398
-0,02790005
-0,007604735
0,006183465
0,000224334
0,007214899
0,02350942
0,0108263
0,007502185
-0,01900811
-0,000127206
-0,02625176
-0,01138109
-0,01510589
0,005387299
0,0075828
0,01644354
0,006671051
-0,0005359448
0,01354785
-0,01443987
0,003920302
0,01093366
-0,03359177
0,009387675
-0,02357825
-0,004956399
-0,01984082
0,008295551
0,01242129
0,00416677
-0,008392967
-0,02852304
-0,006974843
0,02066454
0,01672795
-0,02056933
0,01317186
-0,009112524
0,004245529
-0,01203671
-0,007250092
0,0004563253
0,01192821
0,003391221
0,01588205
0,01608391
-0,01498546
0,02722167
0,0189166
0,01182571
-0,007989107
0,01828321
0,01414635
0,006280785
0,01473266
-0,01276103
-0,007905377
0,02291361
-0,01301709
-0,02474569
0,005605862
0,02182202
0,01346634
-0,002929097
-0,03486279
0,02068625
0,01346668
-0,01329359
0,01114458
-0,006562623
-0,03308392
-0,020193
0,01917628
-0,01098112
0,0207102
-0,02880856
-0,03447183
-0,01198167
0,01690644
-0,01495618
-0,02682431
-0,01847689
0,019997
-0,0279051
-0,01594851
0,01028029
-0,006904452
0,02617902
-0,01792062
0,003812097
0,02026737
0,02274039
-0,02508209
0,0001841659
0,01569782
0,0004183354
0,01533149
-0,01619622
0,004158772
0,0220597
0,02824826
0,02519539
-0,01908409
-0,009713808
0,009487451
-0,02491221
0,02108038
-0,01040641
0,01070136
0,006689549
-0,01566206
0,02262003
0,0226109
0,01896335
0,01475641
-0,02065487
0,02142815
0,005421164
-0,02384513
-0,01778215
-0,009784516
0,01510325
-0,02966489
-0,02527882
0,001821463
-0,02896683
-0,02772622
-0,01265663
-0,004570376
-0,01532791
-0,01730802
0,01155697
0,01646627
-0,02828911
-0,004153524
-0,0131433
-0,02492654
0,007822496
0,0004246905
-0,01573425
0,02226692
-0,02286777
-0,01336423
0,00472952
-0,01109966
0,02701749
0,02745743
-0,01560696
0,01350442
0,0005554463
0,005848052
-0,01985165
-0,02341076
-0,01227142
-0,005475059
-0,02233897
0,01682632
0,02966454
0,01173104
4,041041E-05
0,02299798
-0,006899517
0,007246917
-0,01593883
-0,01853327
-0,00373888
-0,03101684
0,01936689
-0,009005261
-0,00769995
-0,0302926
-0,01962338
-0,03557835
0,01357735
-0,01393742
-0,01847499
-0,00370066
-0,00522212
0,01169833
0,0007961703
-0,02709799
0,02136405
0,006406635
-0,02539642
0,01611952
-0,02058175
0,006681148
0,002417872
0,007738038
-0,009223918
0,005893115
-0,02024762
0,02592744
-0,02950208
-0,008981842
-0,002533237
-0,003485208
-0,02889246
-0,008601816
0,02214607
0,02645363
-0,02387685
0,02189425
-0,01308926
-0,004296082
-0,01125786
-0,0241218
-0,01410238
0,02582298
-0,02390718
0,004114141
-0,01818597
-0,0275131
0,02846602
-0,01485419
0,02493563
0,009961825
-0,001326749
-0,00857352
-0,03274562
0,01063064
-0,012025
-0,02972527
-0,03893732
0,01339253
0,0165964
-0,01751048
-0,03655963
-0,009337218
0,01201297
0,0115549
-0,004463081
-0,02482567
-0,03405953
0,009235965
-0,02683919
-0,02719067
-0,006333454
0,01152199
-0,001026257
-0,02518716
-0,004760032
0,009014872
0,005420885
0,01705403
-0,009195576
-0,02661409
0,02581094
0,01566198
-0,004476156
0,01716215
0,02585814
0,005793256
-0,0107126
-0,02411913
0,001365869
0,02795945
0,02116467
-0,004361114
0,001536389
0,0292231
-0,02781832
0,01172186
0,0283357
-0,01912934
-0,03047539
-0,02911597
-0,02826689
-0,02046601
-0,0270832
0,01184973
-0,02299282
0,01181821
0,02106103
0,02127617
-0,02033675
0,00548992
-0,002645983
-0,02658269
-0,01197907
0,007749999
-0,011537
-0,01793882
-0,02822086
-0,0273238
0,02461361
0,02586028
0,01964305
0,02164367
-0,01776578
-0,02142147
-0,01467243
-0,03088845
-0,01895307
0,0006587802
-0,02994727
0,01154467
0,01074719
-0,007069667
0,0159361
-0,01170069
0,02999759
0,01235255
0,006004531
0,005636057
0,00104017
-0,02370365
0,009967752
-0,007853203
0,01652015
0,01666812
-0,01142004
0,00347753
0,025594
0,009919956
0,003132303
0,0159815
0,007386474
0,01837584
-0,02076603
-0,03339173
-0,02591522
-0,02971492
-0,03866383
0,02319824
-0,003723197
-0,02429526
-0,00477521
-0,01714972
0,01481762
-0,005052601
-0,03354964
-0,02652745
-0,004068867
-0,02194951
0,01684442
0,0117994
0,007197417
-0,003898921
0,005146257
0,01952964
-0,01375218
-0,001770932
-0,02263609
-0,004633597
0,01752187
0,009191054
-0,02635577
0,0003466551
0,02754231
-0,01584728
-0,02830761
0,01894963
-0,02247316
0,01130891
-0,02237557
0,01918502
0,0121477
0,006320873
-0,03038767
-0,01512334
-0,0001716386
-0,01723516
-0,005600016
-0,02213771
0,01521635
-0,02293311
-0,02504374
0,01256385
0,01613071
0,01571537
-0,03063607
-0,02749546
-0,02125891
-0,01145004
0,01081652
0,002199288
-0,03863693
-0,006987032
-0,02991706
0,0156809
-0,02752922
-0,03220419
-0,007989688
0,007471895
0,001320336
-0,01940348
-0,03175829
0,01439149
-0,02721634
-0,0303791
-0,03224368
-0,02697795
-0,002845893
-0,01082234
-0,01093994
-0,02978962
-0,02915117
0,02740505
0,01168966
0,007461609
0,0006268275
-0,01067722
0,009308174
-0,02375868
-0,02257702
0,02017622
0,002082099
0,01130535
0,02117541
-0,005522137
0,01430561
-0,02365074
-0,00632372
-0,02524699
-0,02652734
-0,00926569
0,01477996
0,01463178
0,001133969
-0,005908315
-0,02636313
-0,01550411
0,004568346
0,01539489
0,0172584
-0,03618291
0,004718206
0,01795417
-0,03325121
0,006598984
0,002954845
-0,03139661
0,01773453
-0,001142701
-0,01044181
0,01726768
-0,007379079
-0,01139058
0,0009798232
0,01312176
0,01149096
-0,009409461
0,02346966
0,008399577
-0,01612398
0,02165078
0,008688495
-0,009728352
-0,01676547
0,02518872
-0,01827865
-0,01585153
-0,007360562
-0,01851762
0,0001921095
-0,02225015
0,007315615
0,01804905
-0,01727439
-0,02532498
-0,02552902
0,002934862
0,003810717
-0,02690974
0,01283028
0,007414138
-0,01692924
0,01702367
0,007685339
-0,02098333
0,02340936
-0,008578323
-0,02064781
0,01461125
0,01216142
0,009472682
-0,009665208
-0,03687733
-0,002701045
0,02026723
-0,0155601
-0,01469872
0,009484911
-0,02348049
0,001906167
-0,007324377
0,01204426
0,01061392
-0,02780274
-0,01393556
-0,018438
0,00705819
-0,02473986
-0,003076023
0,007611303
-0,02263533
0,01541965
0,01927093
0,0243662
0,004116833
0,004676826
0,01737384
0,008480305
0,03039425
0,02811043
0,01342207
0,03009275
5,429663E-05
-0,008665618
0,01301186
0,0109939
0,005698033
-0,01844279
-0,01867968
0,01111352
0,01015796
0,01540997
-0,01011535
-0,005607003
-0,0179407
0,02182977
-0,0005951205
0,01298805
-0,009727473
-0,03634536
-0,01864462
-0,01626312
0,007248267
-0,0271871
-0,0001553366
0,02034474
0,0007269357
-0,02743999
-0,03323624
-0,009316631
0,000659005
0,01320552
0,01745594
-0,01653417
0,02154182
-0,004079066
-0,02001037
-0,01475277
-0,01233681
0,004088679
0,006124333
-0,004413882
0,02231003
0,01472339
0,02602831
-0,01107292
-0,008151731
-0,009899309
0,006947374
0,007101133
0,02715619
0,02749679
-0,01979579
0,02743224
0,007148513
-0,009293555
-0,01876529
-0,009809338
0,01366525
0,01553814
-0,02771535
-0,004425594
-0,0216091
0,0158385
-0,02897047
0,02312818
-0,03086284
-0,02759123
-0,001040042
0,0146099
0,008833351
-0,0178291
-0,008854717
0,012265
-0,01789041
0,01268756
-0,007538626
-0,0331314
-0,01841308
-0,01482183
0,003735819
-0,01586719
0,002886301
-0,006956209
-0,003141708
0,007133738
0,003077699
0,01363837
0,003697094
-8,687662E-05
-0,01624875
0,02055124
0,003865727
0,004128197
0,0004293568
-0,02119507
-0,01492179
-0,02639971
0,008561376
0,02951335
-0,01775518
-0,01885506
0,01235305
0,01336078
0,01830192
0,005687647
-0,004916958
-0,01373748
0,004112577
0,01473897
0,01924481
-0,02097271
-0,02704896
-0,01135087
-0,02765001
0,01219999
0,02259516
0,01177379
-0,01468397
-0,009819617
-0,01656907
-0,0186828
-0,005186175
-0,03588831
-0,002750921
0,01869523
0,009018684
0,01903996
-0,01487231
-0,01997904
0,005230893
-0,006279962
-0,005483174
-0,01584585
-0,02347833
-0,003027488
0,00416813
0,01394944
0,003283983
0,01944954
-0,0201481
-0,01466418
-0,02058322
0,02084883
0,0107328
-0,02571345
0,01608695
-0,01891299
-0,002369111
0,01504005
-0,01924902
-0,001826261
0,01205706
-0,02174179
0,004463723
0,02258134
0,004584875
0,004032811
-0,02223031
0,0217779
0,01673689
-0,0009400568
0,0242948
-0,01245216
-0,02755115
-0,01032294
0,0114127
0,01375956
-0,0202961
0,001047207
-0,03139672
-0,02929752
-0,02962909
-0,009886128
-0,01893036
-0,03060896
-0,02744542
0,008954603
-0,01006543
-0,001699545
-0,0228286
0,003336278
-0,002966125
0,006707423
-0,02638703
-0,02097385
0,01194552
-0,01559774
0,009835511
-0,01689746
0,02110423
0,02869691
0,006836105
0,01057268
-0,02900095
0,009185609
-0,01016615
0,0191597
0,01380748
-0,01398177
-0,01197524
0,02619356
0,02567501
0,01743137
0,002260039
0,02501557
-0,01719002
-0,02043994
0,01863607
-0,003184645
0,0101287
0,01933302
-0,02154495
0,002007705
0,009217871
-0,02084539
-0,03613029
-0,01930471
-0,0214609
0,01877972
0,0005676018
-0,01101323
-0,03342314
-0,03983865
0,008873645
-0,02635556
-0,003702616
-0,0002715044
-0,005982529
0,005044921
0,0132636
-0,01043181
-0,03146981
-0,02328605
-0,01536596
-0,0154419
0,01020329
0,01175409
-0,02541926
-0,0255214
0,02455549
0,0001442187
-0,006266827
-0,01914449
0,0004959426
0,03002644
0,01765425
-0,02920095
0,02769125
0,01867544
0,006704461
-0,02942369
-7,342883E-05
0,01499914
0,00242865
0,01510778
0,01744671
0,02192706
0,02696356
-0,01299486
-0,00978676
0,01066448
0,009964433
-0,02250889
0,009486878
-0,01216263
0,01308572
-0,03626215
-0,01576152
-0,008757177
-0,00763191
-0,01806515
-0,0249657
-0,02773903
-0,03784061
-0,03111642
-0,03026118
0,02563391
-0,003089369
0,01597764
-0,006285814
0,002127741
0,003348931
0,008460674
-0,0273011
0,01494976
0,01979184
-0,01464177
0,004493453
-0,005011784
-0,006263285
0,01533904
0,01168886
0,01342216
0,01197868
-0,01976869
0,01751638
-0,01735485
-0,0004782857
-0,02038455
-0,02060783
0,0155342
0,008187713
-0,00418593
-0,0173641
-0,01788816
0,01591154
-0,0124931
0,01029606
-0,009176387
0,009835941
0,02090386
-0,01106416
-0,02465156
0,02121355
0,01297969
-0,02813628
-0,03534758
-0,02982715
0,01770519
-0,006888809
-0,003380813
-0,01207859
0,01890616
-0,03271207
0,008519875
-0,0008167551
-0,002434725
-0,003713255
0,01801412
-0,01064401
0,02243811
-0,003816216
-0,01039399
0,00865401
0,009519858
0,02606839
-0,02203611
-0,003834112
0,01773243
0,02831122
-0,0006236873
0,002066731
-0,01978504
0,0143558
0,002916971
-0,006556619
0,002460586
0,01916292
0,02434829
-0,02916239
0,01306329
-0,0272046
0,002921872
0,005652128
0,003542875
-0,01535667
0,01078289
-0,009371459
-0,00421373
0,003914691
-0,0153236
0,01528021
0,01591373
-0,03514904
0,01227374
-0,01169991
-0,03712016
-0,006602972
-0,02527594
0,0123781
-0,03832388
-0,001637707
-0,01975282
0,01751932
-0,03931077
-0,03896011
-0,02097384
-0,02248995
-0,003901046
-0,009872434
-0,02571482
0,009261206
0,004915746
0,02036177
0,009646853
0,01950372
0,02375385
0,01349884
-0,02604616
-0,008518374
-0,01561324
0,01580506
0,02857083
-0,01735813
0,01243785
0,01214915
0,01333064
-0,02013646
0,02793041
-0,02211772
-0,009166646
-0,02994146
0,002793941
-0,03020809
-0,03153625
-0,02656577
0,01287361
0,006346019
0,00473046
-0,001171991
-0,03197083
-0,00495938
0,01465725
-0,02783173
-0,006007496
-0,0003427357
-0,02533165
0,02076598
-0,01674388
0,016214
-0,0111487
-0,02364709
-0,01532425
0,01499238
-0,004140829
-0,02462956
0,0007847485
-0,02968134
-0,02231631
-0,01621969
-0,01333574
-0,02652769
-0,01692373
-0,007452462
-0,02723212
-0,02450039
-0,02265733
0,004418829
0,0195497
0,004962919
-0,02298312
-0,01411411
-0,02491486
0,0009286564
-0,008946523
0,01521848
0,02826244
0,02540605
0,01533491
-0,0231054
-0,001626715
0,01451224
0,02023915
0,02869802
0,006782677
-0,02893922
0,004718902
0,01043535
-0,009215504
0,01238741
-0,007357425
0,003853818
-0,009167954
-0,0123737
-0,01928385
0,02053709
-0,02479648
-0,01346592
-0,03791844
-0,01779712
-0,01137413
0,0008416537
-0,03110076
0,008205403
0,01462723
-0,02290407
-0,02527017
0,01953266
-0,005523721
0,01967029
-0,01637361
0,01295226
-0,008325161
-0,02224801
0,02036149
0,00505635
-0,01440073
-0,01556998
0,01548703
0,02911296
-0,0008854288
-0,003941328
-0,01909395
-0,02674336
-0,02077263
0,0021558
0,02401464
0,01679908
-0,01398274
-0,005010419
0,0003188995
0,002130395
0,02288839
-0,01051454
0,007245376
0,01918886
0,003617526
-0,02877695
-0,02332507
-0,01009984
0,01692924
0,00752838
-0,0223835
-0,001286205
-0,002242154
0,006568331
-0,02754722
-0,02436404
-0,01358008
-0,003343079
-0,003485626
0,02066012
-0,0008005772
-0,0400386
0,01090088
-0,03844582
-0,008650294
-0,03131
0,001349582
-0,01677565
-0,01325234
-0,005609969
0,00700942
-0,02416529
-0,007853067
0,01315281
0,02131818
-0,02958614
-0,001951195
0,03082845
0,02817141
-0,01664967
-0,02404121
-0,007770944
-0,02066639
0,02147289
-0,01233629
0,01154011
0,002638156
-0,003341813
-0,01120128
0,007461951
-0,01426241
0,004879298
0,01598886
-0,0002957518
0,02170612
0,02004561
-0,001834038
0,006590341
-0,008322194
0,0003414013
-0,004707603
0,01820674
-0,02966122
-0,01141472
-0,0380279
-0,03808077
-0,03657261
0,004823777
0,008926815
-0,03090383
0,006938097
-0,01254405
0,002861918
-0,01411016
0,01346333
-0,01961117
0,01786412
-0,03490051
0,01044
0,01483241
0,0006577619
-0,02181265
0,03111816
0,01304091
-0,02073863
-0,02660203
-0,01129829
0,02010218
0,01808612
0,02842957
0,001477649
0,01878696
0,00719392
-0,002239883
0,01757826
-0,01349025
-0,01149311
0,0138718
0,01976708
-0,01734577
0,001624438
0,01196529
0,00369125
-0,02178898
0,01882772
0,01537172
0,02190479
-0,01240937
0,004913679
0,007028737
0,02969152
-0,002467555
0,02575121
0,004383207
0,02203827
-0,02425605
0,009947267
-0,01890617
-0,02511972
0,01921514
0,004667714
-0,02165288
0,02064141
0,0152396
0,001356068
0,02318323
0,01799828
-0,01894193
0,005730999
0,005452019
0,02623812
-0,02247658
-0,01843465
-0,00199417
-0,01702149
0,01715598
0,003897929
0,01884464
0,02255541
-0,008164897
-0,02157667
0,02780117
-0,01971797
-0,02085056
0,02932857
-0,026749
0,02113533
0,02868488
-0,002997737
-0,0006383486
-0,007303741
0,02631433
-0,0009785888
0,02092914
-0,001510036
-0,01563514
0,01371313
0,0077848
-0,004489216
0,01678505
0,0232809
0,00609657
0,01075142
-0,02958188
0,004779853
0,01300454
-0,02386547
-0,01372906
-0,01498978
-0,02622862
0,003427427
-0,03592979
-0,004564815
0,0176019
0,01369765
0,009877619
-0,02881188
0,01918212
0,02110452
0,001876717
-0,02493749
0,02459852
0,01672819
-0,02333052
-0,02136486
-0,03053212
0,007918392
-0,01226149
0,02794806
0,02525157
-0,02958723
0,0217985
-0,01252592
-0,028876
-0,002278908
-0,0006208711
-0,01721894
-0,02693718
-0,002578201
-0,02407674
0,01485284
-0,008688001
0,002272643
-0,01670997
0,01734088
-0,008234956
-0,005792831
0,002100871
-0,03161265
0,00813675
-0,02397234
0,0230878
0,01232053
0,02061035
0,005574912
0,02381206
0,01440657
-0,004237207
0,01502141
0,001969361
-0,02471756
0,02184406
-0,00696527
-0,00834562
-0,02345801
0,01250572
0,0102646
-0,003751216
-0,007377387
-0,01319937
0,002135621
-0,02675091
-0,006837946
0,01599323
0,01798461
0,01524263
-0,007942825
0,0005789772
-0,01059574
0,01701306
0,004072886
-0,02871391
-0,0157031
-0,01541868
0,0158189
-0,02498863
-0,02686195
-0,01039975
-0,01210557
-0,003483241
0,003848379
0,004954459
-0,02280614
0,01608532
0,02373313
0,01645262
0,01952872
-0,02983213
-0,02981381
0,02527074
0,005374897
0,02603933
-0,02541392
0,008555064
-0,02515562
-0,02927314
-0,00287691
-0,03765211
-0,03010273
0,02134418
0,003090967
-0,018897
-0,02260719
-0,03295795
-0,03376453
-0,0253583
0,009094257
-0,01622039
0,01256417
-0,02553729
0,01612043
-0,006844704
-0,02128876
0,02634126
0,0134635
0,02734189
0,02463479
0,005594804
0,02235503
-0,03005822
0,02378874
-0,01322488
-0,002399102
-0,008198435
-0,0213762
0,0050145
0,02096609
-0,0004240085
-0,02675654
0,007073527
0,001051985
-0,02953598
-0,01822297
-0,008547318
0,01698064
-0,01635205
-0,01254977
0,02547336
0,008777828
0,00974756
-0,02976551
0,001881931
-0,0178301
0,01989462
-0,0271928
-0,0233809
0,01129818
-0,02651843
-0,03713781
-0,02291697
-0,02498649
0,01754921
-0,03381331
-0,03332826
-0,03697807
-0,01531476
0,01814543
0,02127071
-0,03531818
-0,001399563
-0,01193861
-0,01771264
-0,02159966
-0,02590839
0,004224494
0,01517907
-0,01804254
0,01861649
-0,02110714
-0,0009859951
0,009469312
0,02435004
0,02372586
-0,0213647
0,02624575
-0,01324646
0,0283
0,001104612
-0,01893421
0,02297678
0,01494056
0,007641078
-0,00236054
0,02235322
-0,00573438
0,005477993
0,02246373
-0,02936379
-0,01384651
-0,0074754
-0,01188116
-0,01134888
0,02379644
-0,02636639
-0,01538519
0,009519977
-0,01199176
-0,02673628
-0,01814902
-0,01722019
-0,04101187
-0,0441567
-0,04123763
-0,01067314
-0,006156572
-0,0182724
-0,03418524
-0,03889073
-0,02276168
0,01046858
-0,01038305
-0,009360969
0,01373228
-0,02452735
0,01504517
0,01213468
0,01554149
-0,01229602
0,01152166
-0,03060923
0,02286668
-0,02158693
-0,0001416125
0,01260957
-0,02130825
-0,01176428
0,02546042
0,01313956
0,01600371
-0,02655068
0,02057503
0,01560094
-0,01996483
0,01883499
0,02191823
0,01364085
0,002851398
0,02301545
-0,01216269
-0,02730084
-0,005677729
0,01714618
0,01474481
-0,00668224
-0,03634179
0,01974215
-0,003319398
0,01282359
-0,01916284
-0,004338377
-0,03674219
-0,03723776
-0,01225908
-0,01888794
-0,006468636
0,01602565
-0,004110112
-0,01505234
-0,01210396
-0,02030925
-0,009292332
-0,01144738
-0,01736156
-0,02254233
0,02430887
0,007690143
-0,01853673
0,02532511
-0,01562719
-0,02730833
-0,02018493
0,02063301
0,02852868
0,004739813
7,993644E-05
0,03048629
-0,01236342
0,02832719
0,01021772
-0,0209083
0,009398796
-0,02940848
-0,01139855
-0,02464063
-0,03021002
0,01303412
-0,01717607
0,01590964
-0,01517889
0,02682338
-0,02385258
-0,02341669
-0,003138037
-0,03291782
0,005121139
-0,02989621
-0,001736722
0,001229212
-0,005627839
-0,01780275
0,005131056
0,0002250907
-0,002868982
-0,02013503
-0,008265385
-0,02504461
-0,0280696
0,02086146
0,01672551
-0,001984957
0,002515288
0,002420615
0,01062956
-0,01856847
0,004050735
-0,008467115
-0,03072453
-0,0230528
-0,02353871
-0,01759847
-0,005522757
-0,006596128
0,007628536
-0,01556735
0,02288693
0,02767473
-0,01120265
0,02294779
0,02166187
-0,01142518
-0,009927301
0,002733122
-0,008461014
-0,01654986
-0,007480552
0,02545388
-0,009823228
0,02764235
0,002772197
0,0122687
-0,0006287211
-0,01793309
0,02259801
0,01071568
-0,0141269
-0,004520164
-0,007912677
-0,02215664
-0,00890876
-0,01949828
-0,03150328
-0,009649588
-0,003157466
-0,01487628
-0,0373298
-0,01459174
-0,0305465
-0,01105811
-0,00574636
-2,869579E-05
0,02556564
-0,01435902
-0,02726844
0,0003548914
-0,02142823
-0,03003835
-0,01926164
-0,002759435
0,01922308
0,009216939
-0,02856176
-0,02880266
0,0003440118
-0,009232982
0,008981557
-0,02255715
-0,003932039
0,02088469
0,02215661
-0,01403075
-0,004015748
-0,03189627
-0,009084168
0,000446278
-0,02213322
0,01992962
0,02752444
0,02724217
-0,01965095
-0,03187094
0,01318125
0,0185284
-0,005404525
-0,03171023
0,01151154
-0,02257571
-0,02916189
-0,01461194
-0,003263401
-0,019028
-0,01606593
-0,03980431
-0,009924397
0,01189752
-0,01890687
-0,02870699
-0,03390222
-0,01831808
0,01275435
0,02069353
0,02456871
-0,01611705
0,003704996
-0,01828933
-0,02498827
0,02504111
0,02312343
0,003090254
-0,008659706
-0,009651917
-0,02647202
-0,01728722
-0,01534631
0,01781809
0,01861184
-0,02374163
0,001333196
-0,004267651
0,0001205459
-0,008838022
0,02513795
-0,03130994
-0,01603519
-0,001131201
0,01924588
-0,007242517
-7,685762E-05
-0,000211679
-0,01931993
-0,0320434
0,01222365
0,004080273
-0,02339563
-0,01530511
-0,03249688
-0,0021199
-0,01574393
-0,0215387
0,01974014
0,01404742
-0,01902921
-0,003024173
-0,0366899
-0,02374123
-0,0172431
-0,0249814
0,01529329
0,007157212
-0,03053549
-0,01975244
0,006076906
0,005287697
0,01428123
-0,007938006
0,02841386
0,02407518
-0,03186768
-0,02628874
-0,009427567
0,01118289
-0,005393604
-0,006666911
-0,008367867
-0,008731388
0,003028107
-0,008371003
0,02887939
0,02424225
0,01228508
-0,01722746
0,0150455
-0,01941624
-0,003641771
0,005905512
0,02901672
-0,0141361
0,02713697
0,02565923
-0,02339356
0,004007795
0,00141714
0,0153387
-0,009966545
0,02257673
-0,01297696
-0,02659265
0,02078505
0,01487391
-0,01722919
-0,03259952
-0,00933464
-0,02399853
0,0181373
-0,02263651
-0,005666989
0,02550029
-0,01731355
0,009185757
0,01094295
0,02257037
-0,01809978
0,02301531
0,02956594
0,02038263
-0,002593213
-0,005153427
-0,02259068
-0,0209304
-0,005150919
0,009639838
0,02767061
-0,02755996
0,02449729
0,01341508
-0,02462493
0,005589955
0,0262183
-0,008181054
0,02877278
-0,007963433
-0,006310016
-0,02380536
0,001190974
0,002960949
0,004791887
-0,005132122
-0,01692646
-0,02406364
-0,03018842
0,0244176
-0,03479867
-0,01825327
-0,0203362
-0,02125515
-0,009749067
0,005903881
0,01499246
-0,0009769776
-0,00872604
0,01526048
-0,03986804
0,006706119
-0,01154771
0,004648836
-0,0240004
-0,0007446561
-0,009978883
-0,01926642
-0,02243605
0,02253235
-0,02912995
0,02211684
0,0135622
-0,007932208
0,003232173
-0,02415381
-0,008571348
-0,003195272
-0,01609131
0,02924025
-0,01979826
0,0300518
-0,02619904
-0,00536789
0,009918864
0,01227922
0,01828021
0,01032096
-0,01178055
-0,006861691
0,01527713
-0,0102434
0,02232373
-0,02881375
-0,01314365
0,003431947
0,007678578
0,01424659
-0,01422433
-0,02930145
-0,0278734
-0,03365416
0,02245789
-0,02577244
0,02068819
-0,03039405
-0,002391896
0,01710256
0,003293577
-0,02021338
-0,01935425
-0,01651384
-0,01517085
-0,006981387
0,006446433
-0,03205971
0,01024226
-0,03278229
-0,03171002
-0,003032299
0,0118693
0,009464088
0,02285409
0,01723011
-0,02048502
0,0147357
-0,02826484
0,01124209
-0,02709132
0,02445672
-0,003887199
0,003207397
-0,02462995
-0,0208405
0,0227505
-0,02114223
-0,02838726
0,02360902
-0,001391757
0,003591555
-0,02088538
0,02667503
0,02730445
0,02857383
-0,03021678
-0,01332617
0,02019552
-0,01656924
-0,0183093
-0,01812071
0,01818287
0,001091055
0,01051794
0,01577115
-0,01543428
-0,01177955
-0,03485707
-0,03293614
-0,04148379
-0,0304073
-0,03803415
0,01039321
0,009227023
0,006744799
0,01479914
0,01187066
-0,01850918
-0,01965339
0,006407538
0,003542066
-0,03120212
0,01734558
0,001081896
-0,001598953
-0,01076832
0,01668722
0,01159693
0,02467941
0,01583277
0,0186519
0,01964473
0,01478928
-0,003284813
0,01675837
0,03049369
0,01891148
0,0175097
-0,01594408
0,01916371
-0,003265397
-0,02930229
0,0210739
0,02240772
-0,01223523
-0,002240429
-0,0149453
-0,02831151
-0,02356884
-0,02785357
-0,02222469
-0,03474205
0,004783479
0,003185845
0,00378406
-0,02047904
-0,03569396
-0,03475628
-0,02386946
-0,01016352
-0,007465359
0,002077924
-0,02741086
-0,01397568
-0,02639287
-0,01537985
-0,0175045
-0,01149218
-0,03191782
0,01459496
-0,02953569
-0,03140477
-0,02862503
-0,008569598
-0,01936585
0,003871842
-0,0243425
0,02665079
-0,01673055
0,02945433
-0,02841623
0,01009574
0,0004429997
0,01838635
0,001585939
0,01649324
-0,02220586
-0,02376075
0,01868578
0,001638536
0,02443147
0,01345944
0,000425224
0,01456599
-0,01564402
0,01220875
0,01894132
-0,003506563
0,01008692
0,0247122
-0,02546407
0,01592752
-0,03456892
-0,01227295
-0,03102065
-0,02241287
0,02026641
-0,0243819
-0,01339765
-0,03605323
-0,03198425
-0,0315393
0,01264832
-0,0223825
-0,008801756
0,01507113
-0,02264825
-0,009502598
0,02046073
-0,005604791
-0,02011248
-0,02056632
0,003741954
-0,0004959391
0,02064284
-0,01196133
-0,0004621513
-0,0104249
-0,02212629
-0,0007896957
0,01467392
0,007579702
-0,01460119
-0,01482358
0,01832289
-0,02195466
0,005967329
-0,0247211
0,0128006
-0,01360185
0,01772166
0,02135805
0,01028258
0,01477694
-0,008458982
0,01479083
0,02231813
-0,01805951
-0,01666442
-0,009505467
-0,003006226
-0,008638222
0,004125155
-0,01937469
0,01266925
0,02233117
-0,02058598
-0,007961832
-0,00862118
0,005407413
0,007063108
0,0008702015
-0,03212988
0,0176036
-0,01820368
-0,008119988
0,01765385
0,003324711
-0,00253368
-0,01193192
-0,01620897
-0,02591201
0,007801156
0,002648102
0,006846961
-0,009986274
0,002368902
0,01906457
-0,02127945
-0,02461513
-0,004254933
-0,01279083
-0,02505429
0,01441868
0,02846657
-0,01286505
0,02977406
-0,0297218
-0,002918642
0,01893317
0,02004901
-0,02819172
0,0006848439
0,02835575
-0,0001651
-0,0248911
0,01056645
0,01186049
-0,003506027
0,01982905
0,02016179
-0,01779476
0,0132801
0,02472581
-0,02664799
-0,01072517
0,01113122
-0,03508387
-0,002827202
-0,01343174
-0,01433683
-0,01284729
-0,01831841
-0,01186575
-0,02074118
-0,01093854
-0,00177073
-0,005898234
0,0271529
-0,03112337
5,002136E-05
0,02156777
-0,02396222
0,008137735
-0,001459261
-0,01810564
0,004891367
0,009403687
-0,03012938
7,583628E-05
0,009130497
0,02090163
-0,007952669
-0,01349739
-0,01681059
-0,02229027
0,004580158
-0,01967548
0,005011478
0,003000501
-0,001702319
0,02415786
-0,009033059
-0,0300375
-0,008403092
-0,0103563
0,008483468
-0,02682737
0,007925243
-0,02634037
0,002510997
-0,01594803
0,01387459
-0,003036421
-0,009693647
-0,03485504
-0,02857908
-0,03548769
-0,01414513
0,01681729
0,01223757
-0,0304782
-0,03576911
-0,03153869
0,009853649
0,0004695525
-0,02950421
-0,0252824
-0,01781661
-0,01977969
0,02247545
-0,008178788
0,01749277
-0,006778675
-6,239615E-05
0,004571385
-0,002372887
-0,0248352
-0,01486352
-0,02112669
0,003626229
-0,0009097023
0,02963115
0,02386608
0,02592658
-0,008002745
-0,02266293
0,02546406
0,02383226
-0,01843617
0,02749828
-0,0005948636
0,01699123
0,008992561
0,01346083
-0,009809396
0,01986258
-0,01524007
-0,01767023
0,01867638
-0,01726504
-0,002730036
0,0202419
-0,003333765
-0,01942692
-0,0242413
-0,008971759
-0,01723809
0,01787844
0,0105981
-0,002799388
-0,03007348
0,01045692
-0,02092145
-0,01325422
-0,01328236
-0,02715273
-0,02032787
-0,01901081
-0,006123203
-0,003241339
-0,02203939
-0,01839707
-0,03080205
-0,01771431
-0,009447984
0,00508322
-0,02300782
0,0101522
-0,01925264
0,01556573
-0,01956699
0,02078861
-0,004135776
0,02463706
-0,02790962
0,007709508
-0,0005647393
0,008310538
0,01275708
0,02278798
0,01789944
-0,03248455
-0,02381819
0,008126237
0,02008231
0,01119259
-0,0001202664
-0,01237334
-0,006222364
-0,01866402
0,004173052
-0,02844344
0,01421
-0,01117839
-0,03172826
-0,01818439
0,01559395
-0,02241811
0,01510397
0,0003590655
-0,01509391
0,002053146
0,008840539
-0,0361561
-0,01454606
-0,0204443
-0,009614968
-0,01039597
-0,01325366
0,01230829
0,007692829
0,001561413
-0,003164682
0,0005975703
0,007446588
-0,01928562
-0,02519324
-0,007600458
-0,007692676
0,00951099
-0,0266292
0,0179194
-0,01341909
0,02846891
-0,0229318
-0,02510301
-0,0293978
-0,02735168
0,02025428
0,01368552
0,01561615
-0,01830103
0,01406573
-0,02437223
0,001063214
-0,02061842
-0,01545359
-0,02444848
-0,01259955
0,006754316
-0,01320242
-0,02111739
-0,03335846
0,008028425
-0,002174897
-0,03227778
-0,0002104205
-0,01797659
0,006442627
0,01463089
-0,02529565
-0,008437736
0,01940251
-0,02031411
-0,001960738
-0,0001649324
-0,0108013
0,01724555
0,02283103
-0,01393249
-0,01639728
-0,01032791
-0,0008766992
0,004372155
0,02442194
-0,003905883
0,01789609
-0,0108768
0,02879817
-0,002026683
0,02526732
0,02838203
-0,02510307
0,01651883
-0,009113803
0,02316879
0,0171643
0,004530287
-0,005265427
-0,02938618
-0,00434854
0,01323398
-0,01346273
0,02610828
-0,001027989
-0,01286256
-0,01543661
-0,002662543
0,004453934
-0,03222752
0,01580655
-0,003581464
-0,01994164
-0,03438407
-0,01492113
0,02130308
0,005072822
-0,009008908
0,009896021
-0,03118249
-0,02069258
-0,01807467
-0,01577658
-0,01733624
0,02588711
-0,01951724
-0,009765842
-0,02385118
0,02324478
0,008786622
0,01617951
0,01695565
-0,008118046
0,02241863
0,01922038
0,001097717
-0,02752852
0,002606292
-0,02625582
0,006173352
-0,02262894
-0,01220134
0,01409629
0,0289377
0,01027951
-0,003541741
0,01468916
-0,02550074
-0,006963687
-0,007831164
-0,0194601
-0,009462287
0,01754172
-0,01333068
0,01323553
-0,02300315
-0,008997241
-0,03038893
0,02931845
-0,015141
0,02529804
-0,02221373
0,004066518
0,02254574
-0,02161374
-0,03506899
-0,02731491
-0,01225246
-0,02544939
0,01656335
0,01946099
-0,02706017
-0,01282064
-0,02215706
0,02573046
0,02609539
0,002089254
-0,008933103
0,00572302
-0,001019897
-4,136129E-05
-0,01229319
0,0139138
0,000296395
-0,003695071
-0,006358561
0,02735745
-0,02748728
-0,02200647
0,0117363
-0,02233893
-0,02875757
0,003696868
0,01882882
0,009837163
0,02685746
0,01128479
0,01723319
0,01425419
0,008914495
-0,01140453
-0,009387561
0,02346656
0,0005970242
-0,005137269
-0,02779398
0,02749459
0,008084555
-0,01240908
0,01322753
0,002970213
-0,03077717
-0,005991513
-0,00483275
0,009175038
0,002584276
-0,006926905
-0,02741415
-0,005387449
0,0161411
-0,02972615
-0,02786777
-0,01994122
-0,003077134
0,01216384
0,0218309
0,001887906
0,002444285
-0,0006154299
-0,03010567
-0,01296782
0,01835154
0,007377014
0,02672542
-0,01860015
-0,02255367
-0,006884111
-0,01836257
-0,02680949
-0,007249684
-0,004401297
-0,01054865
0,01377331
-0,005199315
-0,02242134
-0,02476134
0,007251631
-0,02491749
-0,02842251
-0,02959359
-0,001850821
0,003756191
-0,014659
0,02223829
0,00377724
-0,01702389
-0,0224629
-0,005976167
0,01742077
0,0007373326
-0,001497713
-0,00597353
-0,02300524
-0,01488239
-0,007199713
0,01318089
-0,009409402
-0,006062058
-0,01492525
0,005231057
-0,01865504
-0,01737368
-0,03072849
-0,02455811
-0,008923261
0,01109158
-0,01107918
0,01784034
-0,01006884
0,006659435
-0,01362606
-0,001906086
0,0005669901
-0,001104492
0,002267489
0,01364723
0,0008051934
0,01394381
-0,007500255
0,02730529
0,03003398
0,02892885
-0,005981381
0,002010817
0,02351675
0,02993399
-0,01853963
-0,004124056
0,02886986
-0,009260081
0,009725085
-0,02091722
0,01761895
-0,006177565
0,01655866
-0,01762709
0,0009648012
-0,02170937
-0,001225932
0,02070378
0,02289468
-0,01127347
-0,02798951
-0,02196033
-0,01603782
-0,03133338
0,02319293
0,006794238
0,0131945
0,009372179
-0,01735921
0,009012785
-0,02812084
-0,01347133
0,005265885
-0,01603181
0,02144934
-0,0003000094
-0,01675485
-0,00514748
0,001831272
0,02445355
0,02022479
-0,03077339
0,02772666
-0,02353357
0,01028972
-0,02473833
0,01252371
-0,01073774
-0,01796536
-0,007633635
-0,01554481
0,001567446
-0,02759075
0,01037315
0,02468672
-0,0162463
-0,01456414
0,02161084
-0,0266645
0,001899663
0,01038131
-0,01393627
-0,02470656
0,02842882
-0,02617049
-0,001580688
0,01665784
-8,236976E-06
-0,00988767
-0,03028078
0,02375582
-0,02729933
-0,01272232
-0,03285182
-0,001106124
-0,02764002
-0,01956558
-0,02351612
-0,01297281
0,01710293
0,02385194
-0,007542243
-0,003951194
0,02138989
-0,003558799
0,002216712
-0,01310191
0,0266992
-0,009128951
0,007581612
-0,01577785
-0,007715608
-0,00974237
0,02937375
-0,01676484
0,002443274
0,02412047
0,02927288
-0,02819933
-0,01876645
-0,01134787
-0,01890338
0,02790903
-0,01910534
-0,002205648
-0,01995957
-0,01824129
-0,02830943
-0,02024917
0,02007283
-0,02866618
-0,02301864
0,0001317899
-0,01576824
0,005952761
-0,0139184
0,0171716
-0,01758374
0,001598477
0,002151951
-0,01846599
0,01822024
-0,02171563
0,01329098
0,01644775
0,001491449
0,01269605
-0,01290904
0,01347558
0,02455797
-0,02258083
-0,02011659
-0,0247557
-0,0218005
-0,0002464913
0,01516185
-0,002714846
-0,01250082
-0,004954254
-0,01358503
-0,009104248
-0,01558628
0,01718385
0,000282082
0,004487318
-0,02341677
0,02120377
-0,02352002
-0,006238643
0,02840223
0,01560539
0,01129356
-0,00253562
3,231709E-06
0,02951746
-0,001034356
-0,02966
-0,01777686
-0,006083961
0,02544663
-0,002918991
0,02167313
-0,01531978
-0,01745225
0,008672822
0,01875106
-0,02979306
-0,009345894
0,01322801
0,02078225
0,01855729
-0,0007827174
0,01739897
-0,01591932
-0,02118269
0,02616591
-0,02932628
0,008051884
-0,0219849
0,008125021
0,008690032
0,005009674
0,02661287
0,01835267
-0,0189031
-0,00153125
0,01401201
0,005340131
-0,02101888
-0,02925629
0,01486542
-0,01484603
0,02482762
-0,0002930478
0,02014213
-0,0002347007
0,02981909
0,004284757
0,02152875
0,01514476
-0,02439852
-0,0001624828
-0,006115659
0,003462
-0,02017523
-0,01412195
0,02282699
-0,01836883
-0,01149719
-0,02842009
-0,00316433
-0,0092726
-0,02837715
0,01358761
-0,01720392
0,02029729
0,02674232
-0,002933474
-0,02872129
-0,02065963
-0,0266637
-0,006320752
-0,01987254
0,01051807
-0,02491176
0,001455284
0,003391961
-0,01223016
-0,005450844
0,01070489
0,02744073
-0,003516778
0,01720405
-0,005714932
0,004387672
-0,01905688
-0,01768524
-0,007618856
0,008653165
0,02589318
0,006674958
0,003135837
-0,01196179
-0,02127397
0,005929553
-0,005087106
-0,01597418
-0,0189185
-0,01404216
0,03036535
0,003553486
0,002774389
0,002955493
0,01144855
0,01030339
0,01115707
-0,0117401
0,01305194
-0,001980426
0,007730815
0,01200135
0,004637123
0,01655659
0,006344905
-0,02767532
0,02900815
0,00278959
0,005745453
-0,021835
-0,02935574
0,006275648
0,002667435
0,01655882
-0,02547748
0,002308472
0,0003851356
-0,02416941
-0,02869637
-0,02497255
0,01074912
-0,01274917
-0,007779052
-0,02859451
-0,004672086
-0,02125135
-0,004102651
0,02516096
-0,02300418
0,01581929
0,02396097
0,02393272
0,0001904243
0,02548814
-0,02874718
-0,01497037
-0,02700307
0,01734598
0,0116381
-0,02446007
0,007180947
0,02215533
0,007695543
-0,02776157
-0,01600662
-0,007386606
0,03042746
0,01494363
-0,002783345
-0,02231199
-0,02146311
0,004748053
-0,01424734
0,007571494
0,01678227
-0,01137078
-0,01252697
0,001903293
-0,009076256
-0,002033286
0,007313896
-0,02669859
-0,004287214
0,02130938
-0,01531182
-0,02185859
-0,02315847
0,008052148
0,01620075
0,02058062
8,100238E-05
0,01414184
-0,005046919
0,02719633
-0,001448169
0,0197351
0,01157565
-0,008829657
0,01898403
-0,02701264
-0,02151807
0,01168086
-0,001650918
0,02977871
0,007647057
-0,01007192
0,008477103
0,02344385
-0,02145731
0,01329513
0,02776898
0,001821784
-0,003637225
-0,0167073
-0,001470596
0,003907528
-0,00373124
0,01711588
0,01772233
-0,02478592
-0,01473949
-0,007962058
0,02889195
0,006815999
0,007612302
-0,005603572
-0,02061344
-0,0109731
-0,02112995
0,02785962
0,007642099
0,02699559
0,01301254
-0,01235399
-0,01097062
0,02579794
0,005020457
-0,003922079
-0,01685246
0,02509318
-0,0001782074
-0,01652595
-0,0003041257
-0,02665506
0,02361763
0,02878452
-0,01203822
-0,01802205
-0,001011704
0,02548396
-0,006365279
0,02546898
0,004513294
0,01364632
0,01854128
0,01725185
0,01343125
0,02246972
-0,007580772
-0,01681698
-0,01950221
-0,01016623
0,01503186
-0,01838563
-0,0240938
-0,0290587
0,01924072
-0,02146772
0,02412785
0,002680163
0,02938667
0,03044952
0,003236007
0,02230398
0,005344449
-0,02864367
0,02310121
0,02558563
0,01328218
0,009013318
-0,02390003
0,02797855
0,02028025
-0,01640929
0,003913626
0,01214667
-0,007676585
0,02971648
-1,995649E-05
0,003081194
-0,01733747
0,01279369
-0,02623988
-0,02966732
0,01531743
-0,0193836
-0,0002342799
-0,01189362
0,02798417
0,02290061
-0,01975014
-0,02001874
-0,01144402
0,02705815
0,02702316
-0,006145695
-0,007969359
0,01273536
-0,02168428
0,01718565
0,0248098
0,01872627
-0,02059927
0,0146231
-0,02236289
-0,01657614
0,0002031024
0,001509464
0,008287946
-0,006061893
0,009162325
0,0197666
0,009164727
-0,008830559
-0,01047183
-0,01400689
0,02655391
0,00301432
-0,02324176
-0,005584802
0,001871729
0,004629308
0,02784867
0,02072838
-0,001798332
0,02616284
0,009294192
0,02360095
-0,0128685
-0,0200089
-0,009591303
0,009991377
0,02159649
0,01333311
0,008798704
-0,005202679
0,00380285
-0,01023187
0,02325235
0,001966471
0,01117206
0,02886822
0,01045291
0,004190006
-0,01600293
-0,008811994
0,001492037
0,02809474
0,007542603
0,01101675
-0,002177088
0,01967018
0,005974676
0,01448861
-0,01475019
-0,01001645
0,02142601
-0,01064914
-0,0135391
-0,01792654
0,004917064
0,007057116
-0,01565729
-0,001768455
-0,02662725
0,02946763
0,02865139
0,0263904
0,01274177
0,02513065
0,01253297
0,006653743
0,01015219
0,005280877
0,01369199
0,003433674
0,02475571
-0,006415097
0,00660892
-0,02300396
-0,005335432
0,01166989
-0,01373293
0,006827129
0,01285436
0,001377819
-0,02580681
-0,02280466
-0,00188505
-0,01108049
0,004057987
-0,01549644
-0,02662439
0,01126451
0,02775869
-0,0258193
0,01457798
-0,01773386
0,0008283028
-0,01487902
-0,006919977
0,005660991
-0,01466655
0,01291029
0,02894878
0,02164845
-0,02056992
-0,029355
-0,02936442
0,01218496
-0,004380892
-0,00228209
0,01332702
-0,02050925
0,01800369
0,02388364
-0,009084114
0,008251973
0,01592742
0,002464629
0,02518486
0,02155625
-0,001625036
-0,006114021
-0,008872412
-0,001862869
0,003429256
0,02957515
0,008208727
0,009641103
0,01973714
0,01275184
0,02348504
-0,008496504
0,0144705
0,01956678
-0,003713461
0,003846409
0,008353264
0,02179461
-0,007976504
-0,02641106
-0,0234662
0,01649719
0,0239078
-0,02363526
0,001795622
0,02449338
0,0239011
-0,02606897
0,01385439
-0,02369675
-0,003056211
0,02890921
-0,009497964
0,002159393
-0,02270007
0,02209016
-0,008260096
0,0007829608
-0,01175488
-0,01951639
-0,00691144
-0,008437491
0,02308054
0,01351714
0,004836411
-0,008161126
-0,004409011
0,02897872
-0,002463068
0,01765573
0,03049845
0,02470965
-0,01952745
0,0215881
0,01492639
0,01244105
0,0005659498
-0,01516853
0,02700674
0,009540193
-0,0243559
0,004223648
0,02642702
0,01341241
-0,01424384
0,02518638
-0,02900459
-0,0176696
0,01231651
0,00482856
-0,01788298
-0,02242464
0,003582089
-0,01844893
0,01112852
0,01558272
0,02404021
-0,01960666
0,002136141
-0,0200436
-0,001114848
