0,00137579
0,01600773
-0,02104506
-0,02699871
0,01082785
-0,005100876
-0,008390465
-0,001219167
-0,002901333
0,01479216
0,02151987
0,001198186
-0,006122035
-0,02829376
-0,006434637
0,02315083
0,0004037234
0,02328606
0,02272946
-0,01598345
-0,007059032
-0,02552734
0,02451331
-0,02789112
0,01841339
-0,004619163
0,01397837
-0,01634675
-0,004866699
-0,003113048
0,02071145
-0,01643976
0,03014475
0,02927253
-0,007416518
0,0004179878
0,00119283
0,0210429
0,02247795
0,02547266
0,006090345
-0,007076217
-0,00737239
0,01724217
0,008519417
0,02472823
-0,02839417
-0,01285718
0,02696821
-0,002727747
0,01250546
0,02700906
0,01983964
0,0001846354
0,01341065
-0,005595589
0,01637066
-0,02202622
-0,012417
-0,02462827
0,01302398
-0,0118245
-0,02309956
-0,02470418
0,02611561
0,01127835
0,004593291
-0,0009732422
0,006388502
0,02206064
-0,01277626
0,00953648
-0,02523452
0,02896209
0,01230239
0,02940569
0,01193306
-0,02177765
-0,008753128
0,02579182
-0,004766477
-0,009605817
-0,01891478
0,02624671
0,005520937
0,01932596
-0,005126939
-0,004355986
-0,01419527
0,034053
0,0144155
-0,0003938226
0,008254147
0,01575221
-0,01925098
-0,01048591
-0,01112984
-0,007120034
0,02250987
0,02863846
-0,009308655
0,003558615
0,01254012
-0,02458892
-0,01863699
-0,02987569
0,01272724
0,01875459
0,03372252
0,0168955
0,01290276
0,01447017
0,01765257
-0,001552771
0,01810061
-0,008836999
-0,02343193
-0,02079435
-0,01333574
-0,02735643
-0,01392384
-0,02074397
-0,01774798
0,0056174
-0,01988628
0,01857968
-0,02643154
-0,007119118
0,0128536
-0,004921629
0,00362301
-0,02398906
-0,02150074
-0,01964557
-0,01224793
0,01860351
0,01458419
-0,01256184
0,02503029
0,01632708
0,03202995
0,0002544564
-0,001852387
-0,002628756
-0,01529162
0,02414093
0,01303049
-0,01596471
-0,019089
0,02415404
-0,01210853
-0,02092131
-0,02931557
0,02121378
0,01196255
-0,006846623
-0,007045609
-0,02573052
0,01062257
-0,0264523
-0,04509126
0,007265949
-0,01937628
0,0006882592
-0,02578471
-0,00561012
-0,00801732
-0,01625212
0,02467572
0,01844824
0,004842791
0,02758356
-0,0131804
-0,0001530224
-0,0355197
0,01629594
0,01403239
0,04146495
0,007088352
0,003702632
-0,03751216
-0,002433705
-0,04277992
8,196776E-05
-0,04631663
0,0002779971
0,004204378
-0,02014717
-0,00935951
-0,01932625
-0,003754367
0,002867103
-0,01641588
0,002878834
0,01035935
-0,01223917
-0,004222978
0,0262775
-0,008256592
0,01746871
-0,004035488
-0,0004528093
0,004729236
0,001455902
0,001315043
0,02664671
0,03179476
0,01000866
0,01566599
0,02182307
-0,01070295
-0,01787008
0,01764593
0,008086796
-0,0007378293
-0,005592393
-0,02835379
-0,03997514
-0,00609044
0,002465124
-0,01208371
-0,03081546
-0,01331395
-0,009798096
-0,03794175
0,005667946
0,007417443
0,03541931
-0,017082
0,04402466
-0,001257053
0,0408955
0,002827806
0,005112178
0,0350243
0,005606823
0,01643809
0,006015304
-0,009105518
-0,0006795523
0,005788798
0,01600996
0,009109218
0,02268989
0,02017823
-0,02459797
0,02979901
0,01724529
-0,01426103
-0,01027449
0,01796996
-0,01360149
0,003729377
0,05191872
0,06646023
0,04750819
0,05166291
0,03978973
0,03860358
0,04844328
0,0150803
0,01174736
0,01621856
0,05051533
0,004288245
0,006870341
-0,0004885563
-0,0995757
-0,02906802
-0,02204715
0,03496078
0,02456591
0,0163997
0,02472424
0,02621116
-0,01310107
-0,02456081
-0,0234939
0,03977909
0,1001719
0,06138955
0,1461312
0,08535754
0,06476895
0,0461698
-0,04205757
0,03104212
0,06320726
0,01105571
0,008656897
0,0224906
0,003892846
-0,003785871
-0,0209576
0,005717842
0,001793268
-0,008116448
0,01885682
-0,003891377
-0,02701178
-0,01951224
0,038477
0,003051038
0,03849772
0,03490302
0,1283654
0,04173539
0,01178633
0,05966471
0,01879515
-0,01239171
0,01566359
0,03795395
0,03805925
0,01829929
-0,04780643
-0,04288529
-0,04064741
-0,02430948
-0,04613009
-0,03460868
-0,003843884
-0,01880086
-0,03762797
0,05830057
-0,001346162
0,05819787
0,05775632
0,1182037
0,02323462
0,01177856
0,06861982
0,02234423
0,06658108
0,04248201
-0,06079089
0,01269278
-0,02866792
-0,05974034
-0,04317987
0,02195842
0,04513389
0,04068455
0,04200486
-0,0009018091
0,00544191
-0,02417585
0,01099478
0,005809078
0,001458763
-0,009839304
0,02206387
0,01905349
-0,08594068
0,002015637
0,03441385
0,05071134
0,0309771
0,05672216
0,04662363
-0,02475184
-0,01185334
0,03211838
0,01045797
-0,04553796
-0,0005001385
-0,02320479
-0,05145545
-0,02571709
0,007267886
0,006190834
-0,00497527
-0,05933345
-0,03281002
-0,00703785
-0,05514151
0,009418836
0,05897425
0,1151888
0,03805327
0,01398493
0,07156798
0,07112856
0,01310999
-0,03491347
-0,06037115
0,0323863
-0,09009958
0,002321774
-0,02381246
-0,06597696
0,008213778
0,03448944
-0,01232247
-0,01930763
-0,01660746
-0,007719709
-0,03291146
0,01666857
0,02277364
0,02124707
0,0003185604
0,03743038
-0,02801557
-0,01091791
0,02888654
0,01654967
-0,004673844
-0,03988204
0,001389607
0,01109532
0,02452121
0,008685929
0,07270052
0,02536593
-0,05336948
-0,09393266
-0,01995195
0,01723889
0,02221313
-0,02697648
-0,001631252
0,006364904
0,0100607
-0,08744636
0,04436603
0,05273032
0,09795041
0,04406014
0,06515149
0,08485065
0,1183065
0,04225762
-0,07672577
0,0002448246
0,019572
-0,0124704
0,03004004
-0,008856937
-0,01599329
-0,05110836
0,03365527
0,03208853
0,05006521
0,01485284
-0,01473192
-0,005310388
-0,03658755
-0,01972909
-0,03175691
-0,02679676
-0,01374704
0,01546098
-0,01126869
0,003245321
-0,02513524
0,003119755
-0,06991887
-0,01600746
0,01150225
0,02101441
-0,08232374
-0,02332375
-0,005368552
-0,04027395
-0,04786304
-0,08428863
-0,05931834
-0,02479817
-0,05288476
-0,06353163
-0,08364505
-0,07668275
-0,06751125
0,02120067
0,05879694
-0,04171519
0,08014897
0,0680329
0,09136581
-0,004022459
0,1713301
0,06489949
0,02645264
-0,0009863421
0,1305053
0,06610325
-0,01288696
9,6488E-05
0,01038722
-0,04653691
0,02806339
0,001392093
-0,03029602
0,01448595
-0,01292433
0,0003194546
-0,03459918
0,003373913
-0,01637801
0,008379387
-0,01772034
0,006602146
-0,01166829
-0,01761425
-9,293731E-05
0,01483418
-0,07044251
0,01242204
-0,03518237
-0,08654062
-0,008288522
-0,01083375
-0,03482091
0,003009737
0,0492617
-0,07570813
-0,03555873
-0,02953478
-0,0653295
-0,09369296
0,01280481
-0,06438833
-0,03182253
-0,02455981
-0,01820013
-0,05058651
0,1214712
-0,05177141
0,1247383
0,1201758
0,1376954
0,09920827
0,080435
0,07510781
0,0635138
-0,02773118
0,05078209
0,04791254
-0,008126559
-0,04837793
-0,004287218
0,003388385
-0,05048599
0,005015116
0,04845237
0,004033722
0,005616703
0,01324348
0,0005062229
-0,02453317
-0,01702046
0,05302648
0,04703403
-0,0176929
0,01561265
-0,01000589
-0,05925705
-0,02312804
0,01036489
0,01196904
0,009545868
0,03400626
0,004221296
0,0165795
0,04270818
0,02796615
0,01068074
0,007708267
-0,05125384
0,0323243
-0,04749592
-0,002761379
-0,08605704
-0,06004922
0,0821077
0,1027457
0,101454
0,2386315
0,1694532
0,06071122
0,1721387
0,004801086
0,2089289
0,09584868
0,04991493
0,07676233
0,04743058
0,02755545
0,09479795
-0,02929625
-0,05296008
0,01543071
0,01075688
0,07587785
-0,01315518
-0,01287838
-0,03972428
-0,02584943
-0,007342193
-0,01393198
-0,02334963
0,009531365
0,01404103
0,003217506
0,01742033
0,002659506
-0,02467604
0,06291968
-0,07381346
0,06050361
-0,04164611
-0,06946254
-0,005769198
0,03414086
0,07742155
0,04406025
0,004742376
0,08446918
0,09819993
0,0534182
0,04394462
0,05691389
-0,06355602
0,005496495
0,03666757
0,1638739
0,007235521
0,07448852
0,09172274
0,08072562
0,1178268
0,03773991
0,08184003
0,01490255
0,01720839
0,005244662
-0,01657992
0,06363466
0,009505211
-0,09291437
-0,03049781
-0,1006618
-0,02408338
0,05164821
0,07957097
-0,02181218
-0,03594366
0,01288774
0,01892763
0,01590396
0,0172259
-0,03294214
-0,001457314
0,01119356
0,05536206
0,03076438
0,0356774
0,04143983
0,08189508
-0,01789314
0,001382708
0,003776541
0,1281526
0,06593996
-0,08246917
-0,09209755
0,05775347
0,01937214
-0,01645792
-0,0329625
-0,01780122
-0,05800718
-0,04681046
0,004135369
0,008459032
0,1063851
0,05194283
-0,09645896
0,09401657
-0,01443432
0,06129886
0,1454804
0,02926843
-0,094335
-0,04651136
-0,02738167
-0,0052874
0,08238084
-0,01488012
-0,03047393
-0,0106064
-0,05804683
-0,06321022
-0,03742779
0,0379104
0,005354997
-0,005339722
-0,03480172
-0,01657547
0,02441652
0,02614415
-0,01740715
0,01341575
0,03153906
0,04091163
0,03965663
0,01768469
0,07723916
0,02096912
0,003079585
-0,00632544
0,02914482
0,1257629
0,09640613
0,01944516
-0,02821213
-0,04428999
-0,1277022
-0,01484661
0,02277909
0,05783747
0,04549695
-0,0364316
-0,01866395
-0,08328683
0,057427
0,1075547
-0,01110338
0,08414519
0,03285294
-0,01422987
0,1073168
-0,006582491
-0,08284646
-0,1733708
0,1177514
0,007372502
0,04615071
-0,004034516
0,02385855
0,0004094923
-0,04430854
-0,03224553
-0,03428864
0,008591905
0,01199974
-0,03290574
-0,01985056
-0,009614416
-0,00423448
0,02445866
0,01551764
0,03777714
-0,0205075
0,03986187
0,1009977
0,00983841
0,04773354
0,09388234
0,0283514
0,1658076
-0,01032662
0,1054434
0,02199631
0,09189024
0,0001628639
-0,01792118
0,01058416
0,1592049
0,08429862
-0,05790431
0,03913629
-0,1429262
0,03466941
0,1167683
0,07177546
0,2152527
0,2567693
-0,01658783
0,03202327
0,08393297
0,03338885
0,02012994
-0,1708844
-0,08018613
0,05277028
-0,04452288
-0,0874773
-0,009586555
0,07989551
-0,04702305
-0,1092008
-0,04369717
0,05101195
0,07518256
0,06580993
-0,00102625
-0,01810234
0,007956033
0,02919481
-0,01861944
0,01058852
0,003023367
-0,0263391
0,05233739
0,02504837
0,09249339
-0,001576597
0,07749717
0,008357801
-0,02205262
0,06125526
0,02515223
0,01098142
0,09001441
0,05033375
-0,06569818
0,01887705
-0,1272665
0,08359016
0,0550299
-0,09796039
0,05400321
-0,1121247
-0,06422506
0,1031786
0,1030477
0,03038947
0,02283123
0,2543983
0,0535396
0,05187323
0,06637336
-0,07513013
-0,05066341
-0,06399677
-0,00902075
-0,1158658
0,03588325
0,01425228
-0,03560414
0,02853651
-0,02961241
-0,0201388
0,1135193
0,03023067
-0,02765773
-0,03958485
-0,006938139
-0,00834045
0,01417575
0,02204792
0,02601239
0,01946197
0,06825735
0,05223135
-0,03764848
-0,0365408
0,09083284
0,110961
0,08093722
0,02658853
-0,009896846
-0,1823992
-0,1145969
-0,0906443
-0,1702652
-0,1167223
-0,108605
-0,1728723
-0,07087886
-0,091806
0,02152052
-0,0574101
0,07259022
0,1200503
-0,001047515
0,1573097
-0,01419113
0,1114418
0,001500739
-0,02211957
0,04561511
0,01511307
-0,09195222
-0,0693031
-0,1437732
-0,1267321
-0,1387582
-0,04541438
0,03233132
0,01621728
0,07850558
-0,02218062
0,09642743
0,01061646
-0,02963148
-0,03826264
-0,03351165
0,02851201
-0,003687045
0,01347817
-0,01655331
0,002574431
-0,04817053
0,09565577
0,07285564
0,08972262
0,08569208
-0,02501838
0,04719415
0,03610933
0,02589492
0,04065207
-0,06700768
-0,03505451
-0,04199247
0,04103585
-0,01913604
-0,1445102
-0,1079713
-0,09089441
-0,07260259
0,1251103
0,06940357
0,05190573
0,04020868
0,1582998
0,08560921
0,03575772
0,06261098
0,07553396
-0,00720236
0,01509739
-0,01072847
-0,1462113
0,05106129
-0,1086929
-0,1468514
-0,03619324
0,07840997
0,05458117
0,01941256
0,002793621
0,04389789
0,04047602
-0,03097746
-0,01737222
-0,01824537
-0,02937538
0,02145263
-0,0004383157
-0,01837887
0,02070967
0,04313502
0,07666384
0,07593738
0,09585702
0,1118175
0,01621736
0,1615268
0,04835463
-0,01494348
0,05743415
-0,05714367
0,03327569
0,0375968
-0,04083458
-0,09237296
-0,08196104
-0,05508188
-0,04058843
0,1334992
-0,009133313
0,01103551
-0,02145926
0,1058354
0,1087201
-0,01603529
-0,06945378
0,06276549
0,1649328
-0,04744792
0,0507041
0,04152984
-0,05015613
-0,019143
0,09232274
-0,03693269
-0,04891354
0,04746435
0,05791153
0,05400528
0,05779091
0,05632059
0,02144968
0,03134157
0,01278193
-0,05442946
-0,009381482
0,02030729
0,01598438
-0,02042748
0,05799476
0,08401588
0,02608997
0,09074734
0,07661597
0,03972126
-0,003671364
0,09017427
0,1570546
0,1556187
0,03848574
-0,09204536
0,01755386
0,06712517
-0,07641239
-0,144097
-0,06613381
0,0251411
0,03462554
-0,1472384
-0,01141566
0,08843487
0,1378851
-0,1427462
0,09110393
0,04967001
0,01841437
-0,0249474
-0,04108779
0,06424606
0,03766872
-0,09367308
-0,02687691
-0,08755936
-0,005263155
-0,02400813
-0,009595876
-0,04867197
0,07852799
0,06693554
0,07001136
0,06649485
-0,007566091
-0,008472214
-0,02861003
-0,02313857
0,01769675
-0,009208607
-0,003981085
0,009682548
0,03698371
0,1144924
0,07685842
0,05437692
0,07357383
-0,02083259
0,05984885
-0,05447027
0,2008038
-0,06277874
0,006756328
-0,02072114
-0,02964691
-0,01060706
0,0930294
-0,04117182
-0,1357417
-0,1070174
-0,1200853
-0,2184938
-0,0668683
-0,02548094
0,09522736
-0,03697619
0,05247584
0,06145491
-0,04293717
0,0007414343
-0,01229414
-0,04282917
-0,152692
-0,08528962
-0,2269462
-0,07328695
0,05039108
-0,1145659
-0,1481121
0,003836837
-0,01401608
0,01199466
0,007009333
0,04808208
0,0280455
0,027443
0,001599696
-0,01259113
-0,000356961
0,02248384
0,01692289
0,01660695
0,02406758
0,0766807
0,03197041
0,09532869
0,1003671
0,05422917
0,06089492
-0,1615072
0,1281968
0,03986397
-0,09005705
-0,0726914
-0,1709822
-0,09031735
0,03653023
-0,1300931
0,009982818
-0,08885286
0,01034198
-0,005223101
-0,05531858
0,06618486
-0,1482631
-0,0937117
-0,05357489
-0,03669871
0,04753677
0,02501765
-0,004125807
0,07130075
-0,006878035
-0,08776093
-0,1775421
-0,0792371
-0,06125689
-0,02628791
-0,1073879
-0,01634088
0,03979164
0,07096992
0,1068195
0,09655404
0,03078404
0,01537163
0,02194326
-0,02190509
0,009519672
-0,01230953
0,02634119
-0,02741691
0,03277783
-0,02355735
-0,04012859
-0,003029182
0,08410667
0,04368979
0,06278507
-0,02342753
-0,05228397
0,09438298
0,06527568
-0,05617438
-0,0260675
0,08505773
-0,08535042
-0,0503571
0,02170018
0,04528138
-0,002661726
0,05609107
-0,001976667
0,1927519
0,047516
0,1025188
0,1185654
-0,09264041
-0,1613806
0,03128127
0,1508669
0,05533769
0,02718163
-0,04072664
-0,06869882
-0,04718568
-0,0296774
0,03795636
0,1472439
0,08851928
0,06093746
0,07014498
0,105532
0,0798455
0,04718278
0,04058877
-0,005882529
0,0407307
0,02999921
-0,01645654
0,01773658
-0,05876216
0,0159415
-0,004183673
-0,06026469
-0,01598522
0,1572
0,07009303
0,04597048
0,01283739
-0,01842315
0,1010192
0,04143765
0,005073893
-0,02396358
0,00268107
0,1331513
-0,02350917
0,01202148
0,02464724
-0,06203129
-0,09308303
0,02995504
-0,05782627
0,00583363
-0,1231126
0,1088801
-0,0785642
-0,2517754
-0,05474081
-0,04788502
0,0214071
-0,0953835
-0,07900198
-0,1018837
-0,1609777
0,02971362
0,07436244
0,05013958
0,04924538
-0,02432559
-0,03009554
0,008859456
0,01642152
0,01541096
0,05420008
0,06522345
0,02728114
-0,02303309
0,0002534423
0,006483682
-0,05287255
-0,06364868
-0,05247962
0,04913306
-0,02171476
0,007679226
0,0516389
0,0614998
-0,01705752
-0,1268602
0,07742777
0,07182945
0,0146647
0,05314218
-0,02972825
-0,002659458
0,04514207
0,1594694
-0,01341579
0,008577827
0,1207818
0,02248355
-0,1946915
0,07247013
-0,02453832
0,002040544
0,006950333
0,06640277
0,04633588
-0,008636623
0,02175528
-0,1146816
-0,05678222
-0,2049955
-0,2184869
0,01639745
0,07546855
-0,102344
0,0252186
0,03109499
-0,03642919
-0,1068977
-0,02497235
0,004140566
0,04223147
0,07678182
0,03001291
-0,02684448
0,02147004
-0,01321594
-0,03736701
-0,03871793
-0,04307259
-0,09068561
-0,05339799
-0,03587283
-0,009403688
0,04470465
-0,1087301
-0,1663285
-0,03519242
-0,03515279
0,09705417
-0,02633683
-0,03293239
0,04634999
0,103197
0,09912407
0,1202499
0,0550955
0,1200602
0,008040372
-0,05936323
-0,01643292
0,1062568
-0,05347184
0,001787696
0,04932616
0,01763764
0,2191133
0,0300999
0,05319559
-0,06225494
0,04507821
-0,09979343
0,08785356
0,02638259
-0,0174286
-0,004753607
-0,01982494
-0,06580982
-0,0219847
0,08156517
0,01787461
0,04240234
0,02913771
-0,027251
0,02748746
0,0134682
-0,02692935
-0,0147091
-0,007974701
-0,09214891
-0,09955948
0,08609294
-0,02155532
-0,06477986
-0,07931303
-0,06527211
-0,1519775
-0,04179794
-0,009097402
0,04101435
-0,01402609
-0,04989669
-0,04026392
-0,005814281
0,01306085
-0,06740938
0,01360981
-0,107962
-0,01982547
-0,08132906
-0,07579875
-0,1303201
-0,07745115
-0,1783789
-0,06846116
-0,04176182
-0,03689855
0,1271621
0,04897262
0,03705431
-0,04754738
-0,0367142
-0,004111317
0,04418827
0,0412883
-0,01615622
0,02905157
-0,05703364
-0,04303598
-0,01954325
-0,05927899
0,0002209556
-0,009320913
-0,02239217
-0,01827353
0,03545665
0,03829699
-0,01426906
-0,04701766
-0,07183411
-0,07007942
-0,1036288
0,04567042
-0,008506913
-0,02435785
0,04698893
0,03947354
0,01645006
-0,009646379
-0,0193061
0,07673713
0,08472989
0,2203006
0,2567267
-0,04476079
-0,05438804
-0,008681975
0,05281333
0,05368278
-0,03020667
0,05036034
0,02052163
-0,0208211
0,1374515
-0,0798359
0,06312477
-0,03212235
0,0544104
-0,03295052
-0,03232224
-0,02449087
-0,09428959
0,006088543
0,02676739
0,09317341
0,028877
-0,08207047
-0,06803814
-0,04468312
-0,1086064
-0,04148559
-0,05598818
-0,0392038
-0,026531
-0,0024556
-0,02819593
-0,03525958
-0,0376629
-0,02973469
-0,07476389
-0,06476731
-0,05258006
-0,05199289
-0,07086386
-0,1472103
-0,04383441
-0,0185883
-0,0416826
0,00349669
-0,03496265
-0,08694776
0,0800916
0,08871417
0,1021898
0,09091625
-0,02255848
0,09989791
-0,1434087
-0,2157991
-0,1799958
0,01684824
0,09266871
-0,009515146
-0,1152375
-0,09525575
-0,08326789
0,03934715
0,01053774
0,1193874
0,007520131
0,1202697
-0,05464345
0,02269614
0,1223263
0,07489626
-0,1219784
-0,02608844
-0,02219056
-0,09714307
-0,01154143
-0,07189257
-0,04224725
-0,01340154
-0,03298127
-0,006748679
-0,007195357
-0,04675848
0,03532466
0,0469911
-0,05108567
-0,0538017
-0,09778349
-0,06221202
-0,07497671
0,03087296
0,002343465
-0,05775809
-0,007215207
0,05384798
0,06009223
-0,0419107
0,08264115
0,1569743
0,01752212
0,04192381
-0,1334037
-0,05324146
-0,01073969
-0,1468876
0,1045601
-0,07335915
-0,1275887
-0,002068717
-0,08190869
-0,07971545
-0,04235882
-0,1384829
0,001260052
-0,02980175
-0,08768201
-0,1335526
-0,05595043
-0,03460514
-0,0983093
-0,03206694
-0,005533428
-0,03337117
-0,04200601
-0,03275972
-0,07108846
-0,04921236
-0,04837609
-0,02938295
0,002634484
0,01612141
-0,0033736
0,002865341
0,03579828
-0,1023572
-0,1591434
-0,03908448
-0,04035449
0,05127377
-0,07605097
-0,05722524
0,05747355
0,05699449
-0,07017414
-0,02824903
-0,01730564
0,01972896
0,08550307
-0,01969673
-0,1285412
-0,06041709
0,1082434
0,02185377
-0,1178623
0,02240367
-0,04836201
-0,1143115
0,03971373
0,0505829
0,08128451
0,1323974
-0,05799836
-0,01003729
-0,1885981
0,05464865
-0,1208685
0,02851611
0,009460211
0,001928794
-0,04447956
0,05053642
-0,06031401
-0,03681003
-0,04876287
-0,07692278
-0,0689824
-0,05301062
0,0003282776
-0,02536412
0,02452577
0,02428242
-0,02773206
-0,0414909
0,04998787
-0,07535594
-0,04958656
-0,01482728
0,03033782
-0,02224231
0,03369899
0,01028037
0,06531678
-0,05398261
-0,08246668
0,07425406
-0,1377155
-0,08962674
0,07786952
-0,08076622
0,02366223
0,08183485
0,02227043
0,002412938
0,03469271
0,01421937
0,006044525
-0,07434029
-0,005610492
-0,0700879
-0,1466781
-0,04135584
0,121554
0,002794164
0,0240257
0,08293522
0,07260445
0,08212669
-0,1367697
-0,1691744
-0,1221818
-0,05560303
-0,09265945
-0,005057483
0,007419876
-0,002864724
-0,03315711
-0,06200663
-0,02182842
-0,001990424
0,004734191
0,02357287
0,007494186
0,055395
-0,01726577
-0,06292061
-0,06519217
-0,1040664
0,01176045
0,07465169
0,02115301
-0,08201217
0,02960983
-0,1655919
-0,1146737
-0,1548611
-0,1272695
-0,1522769
0,107871
-0,0362656
-0,07513316
-0,1649597
-0,01506429
-0,1848627
-0,0509121
-0,01160703
-0,06420943
-0,04104498
0,0716097
-0,071833
-0,1929191
0,07742357
-0,2131611
-0,1680941
0,005337324
-0,05070347
0,03138546
-0,02205986
0,007254059
-0,1385876
-0,08027449
0,03828695
-0,1554655
0,03168472
0,01170002
-0,02111641
-0,05520227
-0,01536068
-0,02179679
-0,02048712
-0,006791454
0,00693927
-0,03950996
-0,02462953
-0,04805526
-0,1047593
-0,08156098
-0,003677768
0,03589295
0,03046934
-0,006381815
-0,09282152
0,05066256
0,0348184
-0,03415796
0,08121957
-0,0178828
-0,1376331
-0,03898211
0,1618549
0,004406566
-0,1247352
-0,04541887
-0,04360805
-0,09716164
-0,06857007
-0,09322582
0,04330715
-0,02837965
-0,03321021
0,07710633
-0,01314439
-0,2190037
-0,02957729
-0,03964476
-0,02926502
0,07430556
-0,09300973
0,05425124
0,07187892
0,07798694
0,09716363
0,0250232
0,07048434
0,02871488
0,004591883
0,003526188
-0,02738038
-0,009741464
0,01005898
-0,009497669
0,027347
-0,008551233
-0,03673601
-0,1393071
-0,1281319
-0,1266195
0,008440925
0,01335686
-0,09996419
-0,08553754
0,08946122
-0,0216294
0,07455848
-0,04029782
-0,09885745
0,009001184
-0,0008460982
-0,07099762
-0,07138396
-0,1349532
-0,03752916
0,03277147
0,1035855
-0,03943202
0,2396163
-0,08756408
-0,09197564
-0,05563217
0,09526078
0,0008229016
-0,1063546
-0,0001220382
0,006194533
-0,03580568
-0,01034233
-0,04623047
0,03023554
0,001871223
-0,06771316
0,01655707
0,1445659
0,01589462
0,05947469
0,06539347
0,05307665
0,003806503
0,005058644
-0,02173821
-0,02597598
-0,005241569
-0,03099609
0,009102422
-0,08047742
-0,01958701
0,04030612
0,01369235
-0,06184658
-0,005855919
0,04955296
-0,05538743
0,0007585499
-0,002329335
-0,1862991
-0,08141562
-0,08194312
-0,2420982
-0,1689404
-0,08078969
-0,04721207
-0,1849987
-0,1220746
-0,2122835
-0,07634397
-0,08314342
-0,1121709
-0,01889811
0,09418444
0,1319198
0,09487066
0,01147007
-0,04431598
-0,04494907
-0,09653809
0,08229771
0,04741582
-0,05818098
-0,04722818
-0,0803628
-0,102364
-0,01643313
0,01714284
-0,02954218
0,0591731
0,02819909
0,02442244
-0,02422238
-0,02730225
0,01495909
-0,02174042
0,01449869
0,01375393
-0,02231159
-0,1022118
-0,01963229
0,005413151
0,1359832
0,04000701
-0,03791127
0,06435704
-0,05382458
-0,1639584
0,007091956
-0,06713515
0,07723693
0,02777703
-0,09068508
-0,1582036
-0,09885644
-0,02404251
-0,06043033
0,1505569
-0,1110229
-0,001631706
-0,1567223
-0,005181366
0,1002443
0,02079739
-0,069639
-0,1577089
-0,03557085
0,04117292
-0,1173555
0,1735685
0,09463166
0,04832827
-0,2189219
-0,09334075
0,001669557
-0,03312887
0,09911369
-0,09732488
0,002467199
-0,0244769
0,0003900155
-0,01488419
-0,002392572
0,01067684
0,01364632
-0,01461029
0,02208425
0,00352711
0,001230689
-0,0266236
-0,01450233
-0,03198806
-0,08789361
-0,09432464
-0,00773302
-0,044067
0,03315891
0,04944266
-0,01812312
-0,05099064
-0,05735648
-0,03053785
-0,05651858
-0,2164403
-0,002917436
0,02530449
-0,01101425
0,0487619
0,01787917
0,1658117
0,03361778
-0,07920301
0,157024
0,04411025
0,1279131
-0,03073534
0,005006536
0,05353622
0,03714363
0,03462416
-0,01882203
-0,1021312
-0,06646054
-0,005482929
0,1746538
0,01747657
0,009088854
-0,03745607
-0,02028854
-0,03713826
0,006177102
0,0283371
-0,01302305
-0,002792041
-0,006346664
0,0002490004
0,02598639
-0,01272738
-0,01778062
-0,05813412
0,03451223
-0,004197534
-0,08683877
-0,06814622
-0,09556442
-0,08199338
-0,04247357
0,143716
0,03228816
-0,1734329
-0,1454853
-0,03843155
0,00103618
-0,03699885
0,05710904
0,05094646
0,02648645
-0,0382013
0,2065602
0,05631287
-0,1301144
-0,1085179
0,002580373
-0,008139375
-0,005618651
0,08391941
0,2115843
0,08314507
-0,04386014
-0,001038897
-0,1618531
-0,009565252
-0,03471184
-0,0779867
0,03294618
0,08487868
0,0153412
0,04283058
0,0030668
-0,07104573
-0,02879728
-0,05110959
-0,03844372
0,005336804
-0,01325493
-0,02189616
0,008106679
-0,01329849
-0,0138341
-0,03713357
-0,1084168
-0,05418403
0,01021094
-0,07323989
-0,01380608
-0,01802723
-0,109651
0,1203195
0,09069759
-0,08666939
0,01014016
-0,05101429
0,1043902
0,02203085
-0,0545261
-0,1297891
0,01467827
-0,07520759
0,0274876
-0,04456673
-0,0007153238
-0,003769198
0,07316624
-0,04333104
0,02830372
0,04595783
-0,02209374
-0,01074334
0,07280435
0,04475085
-0,06202588
-0,1746277
0,03065097
-0,01396326
0,03401876
0,05350714
0,01339368
-0,04434325
-0,02567508
0,05455951
0,01776028
-0,02749692
-0,019401
0,0278593
-0,02257631
-0,02038872
0,015307
0,0157341
-0,04152087
-0,0586272
-0,06405502
-0,1285874
-0,07924718
-0,05240668
-0,04554678
0,04599679
-0,02805628
0,005041868
-0,0003991378
-0,02983379
-0,05614194
0,1262418
0,04143864
-0,2082665
-0,06717891
-0,009028817
-0,01121612
-0,1025897
-0,0002300318
0,009110132
-0,004732803
0,2397359
0,01498376
0,1553757
-0,04770394
0,2412942
0,0718676
-0,1358544
-0,03868367
-0,171594
-0,07140046
-0,1186466
0,009573995
-0,04380074
0,01957316
0,05935294
0,05214028
-0,06127276
0,01673245
0,02656353
0,01068181
-0,029661
0,01500372
-0,0002049757
0,01317447
0,02743499
0,01999128
-0,01446921
-0,002838222
-0,003926761
0,007005646
-0,07086759
-0,1060906
-0,009387356
0,04983747
-0,0289355
-0,0433578
0,07473365
-0,00857183
-0,03267182
-0,196004
0,0239349
0,004286413
-0,06443568
0,1311446
0,05346459
-0,1131312
0,01707548
0,11933
-0,1220969
-0,06369693
0,0249137
0,02993312
0,01667704
0,05320724
0,1182478
-0,05946627
-0,01927101
-0,1114874
-0,1885668
-0,0147606
0,06897619
0,02143201
0,0009078888
-0,06278678
-0,05292703
0,09888451
0,009095173
0,05520292
-0,006626289
-0,03064108
0,006497378
-0,01570755
0,01089818
-0,01290468
0,01512829
0,03052286
0,01755448
-0,008417027
-0,02650153
-0,1132443
-0,08884292
0,05713477
-0,02317554
-0,0977605
0,05931045
0,02858937
0,001126357
0,02428498
-0,04070424
-0,1777059
-0,05899389
0,003057883
-0,01191599
0,05331216
0,09542397
0,01417178
-0,05562007
-0,1146464
-0,1058115
-0,07713208
0,01116632
0,01325231
-0,06010284
0,1335485
0,1575253
0,07302217
0,09419237
0,07687027
-0,1805463
0,03524084
-0,03882045
-0,01920324
-0,007815089
0,0843676
0,1011942
0,04302128
0,05872722
0,009865978
-0,02909921
-0,03406138
0,0003254645
0,02247457
-0,03641069
-0,01935054
0,02619874
-0,01062971
-0,02535577
-0,01418302
0,03942931
-0,01862333
0,005537958
0,03120253
0,04086594
0,00150733
-0,04242981
-0,0463474
-0,06262542
-0,1248349
-0,004401665
-0,06823149
-0,002151907
0,08038426
0,05675123
-0,08426475
0,01123047
0,01162841
0,0570869
0,01262616
0,02481064
0,0413332
0,09043395
0,008643393
-0,02649944
0,1238557
0,01903524
-0,03549723
0,02654236
0,006859569
-0,04639302
-0,04561498
-0,04210076
0,1313383
0,02289021
-0,03392355
0,03688628
-0,02065157
0,0441793
-0,004678277
-0,02482859
-0,03399708
0,00983757
0,04631313
-0,0006455933
0,024356
-0,001326963
0,0169322
-0,02698128
-0,04042019
0,01668293
0,01022516
-0,06950419
-0,02081908
-0,0371698
0,1241622
-0,0730425
0,137412
-0,1584837
0,0345561
-0,06847808
-0,09537143
-0,05180513
0,1760719
-0,03060522
-0,09010051
-0,1811533
0,02423182
-0,1606975
-0,02828368
-0,04817517
-0,05092935
-0,006432248
0,06857126
0,0346756
-0,06069631
-0,002419102
-0,04125065
-0,1373388
-0,03553715
-0,1243019
-0,08514772
-0,1496299
0,05535774
0,01135918
0,02073557
0,03156985
0,05385524
0,1022189
0,04941905
-0,02999932
-0,1062321
-0,01048067
0,05262331
0,004648374
0,02553864
0,02902298
0,01672247
-0,006695671
-0,002162815
0,0513873
0,07345287
-0,07971455
-0,07037856
-0,05699766
-0,01732415
-0,01246733
0,01468292
0,004762209
0,03358053
0,05507548
0,002730906
-0,02737297
0,02966653
0,02367959
0,01746743
0,0221356
-0,1032272
-0,01296153
-0,07503841
-0,07088276
-0,1877503
-0,1810549
0,005726308
0,009180322
-0,09179068
0,05247042
-0,01741778
-0,1579986
-0,1717926
0,002644349
-0,1683591
-0,0839617
-0,1118788
0,05333288
-0,009454228
0,01848352
-0,06684505
0,02083297
0,02491152
-0,04174753
-0,02817759
-0,02921348
0,006879541
0,03686591
0,01456421
0,02143461
0,02175567
0,02228178
0,02136863
0,03131835
0,07373179
0,0205654
-0,06244295
0,00749856
-0,04174613
-0,09796009
0,03973943
-0,03964654
-0,0463374
0,07864375
0,1700199
0,1098207
-0,04577637
-0,07560507
-0,05238802
0,02847577
0,01627338
-0,01493251
0,05376511
-0,08275577
-0,007129515
-0,1442562
-0,1042961
-0,01763695
0,05002977
0,1386766
-0,1361036
0,03148687
-0,1338215
0,004308275
-0,1046233
0,02008917
0,0289956
0,01540578
-0,06201749
0,08172274
-0,07195379
0,02038767
0,03786234
-0,0263332
-0,06320751
-0,009449753
0,02270205
-0,01240623
-0,008808918
0,009501656
0,005116927
0,02819408
-0,001442184
0,06252588
0,05468684
0,04646853
0,06694545
-0,004844754
0,1282218
0,01384494
0,03327926
0,08315121
0,06936574
-0,01572678
-0,07426761
-0,05087037
0,1095374
0,06010752
-0,1785435
-0,1131376
0,2020765
0,1386007
0,0848869
-0,03523199
-0,009929377
-0,08374078
0,1275079
-0,04832804
-0,1020633
0,1340098
-0,05766312
-0,007259357
-0,04039882
-0,0120731
0,04052785
0,02592941
0,07206933
0,0670552
0,04139434
-0,01364998
-0,0007058436
-0,03059031
0,05565939
-0,02490266
-0,03579813
0,01950451
0,006293703
0,03493458
-0,007769772
0,01604404
-0,006457635
0,01734109
-0,005571403
0,02207743
-0,0005385485
-0,03665102
0,09458166
-0,1176065
-0,02762544
-0,03308719
-0,02048793
-0,005401161
0,06214112
0,06708611
-0,05080902
-0,01652705
0,1627636
-0,01710497
-0,1040815
0,1150043
0,05803939
-0,01424612
-0,1234866
-0,01030352
-0,06137825
-0,04725508
0,1157124
0,04819416
0,0780545
-0,1321943
-0,03265889
0,1418706
-0,149269
0,1052024
-0,07408129
-0,02419944
-0,0257298
-0,04392264
0,02198762
0,04465406
0,06269109
0,09088088
-0,07225536
0,04461329
0,006493748
0,02294586
0,03362853
-0,03650983
-0,01909093
-0,01605824
-0,01074602
0,003711053
-0,017479
0,03607604
0,01225326
-0,01269854
0,01018989
-0,008833105
-0,004945303
-0,05826654
-0,09636123
-0,03111819
-0,09866682
0,04086756
0,01537388
-0,02564357
0,04165722
-0,07455312
0,02235425
0,0111325
-0,04455851
-0,003282383
0,03269523
-0,1614176
-0,0809496
-0,09692204
-0,06198361
-0,05006889
0,00533812
-0,146445
-0,06150103
-0,1551175
0,0001743911
0,175691
-0,2527305
-0,1018639
-0,1671096
-0,1468646
0,0482086
-0,02252799
0,03074697
-0,03752873
0,0003517063
0,01145968
0,01798947
-0,01996194
0,004053481
-0,05147041
-0,02977232
-0,01307376
-0,02970681
0,02951827
-0,01240106
-0,007326412
-0,06704863
-0,07461501
0,003670981
-0,0203715
-0,070569
-0,09008586
-0,1020744
0,08804762
-0,09474013
-0,07490644
0,04741676
-0,09341653
-0,005761312
0,0503412
0,1311016
0,07435273
-0,04653529
0,1132752
-0,02832186
-0,07857777
-0,07451364
0,07193944
-0,012061
-0,07782391
0,01207378
0,02906
-0,165733
-0,08585937
-0,01440764
0,05719749
-0,07151358
-0,1108166
-0,06387425
0,04044906
-0,07137334
0,01438993
0,02798639
-0,1082844
0,07278575
0,01009795
0,03130583
0,004008424
-0,02115293
0,002951846
-0,02577209
-0,04009458
-0,03246332
-0,02196094
-0,009949032
0,08687463
-0,05260669
0,01135065
-0,04354644
-0,02024245
-0,0722449
-0,2029881
-0,03418602
-0,05231716
-0,1128362
0,00723563
0,01779023
-0,07974888
0,04101466
-0,0692244
0,1170212
0,08625587
-0,03763752
-0,01606214
0,1626624
0,05735317
-0,03666824
0,02800689
0,02504122
-0,1335551
-0,02514735
-0,002740433
-0,06483616
-0,04787996
0,1224851
-0,006877004
0,08742266
-0,08015688
0,1413593
-0,03582529
-0,08128405
0,01228222
0,02608649
0,08439995
0,1245615
0,05555828
0,05520825
-0,0326776
-0,02829934
-0,04630617
-0,008927974
-0,02465808
-0,007044616
0,01080626
0,004497376
0,0196094
0,0353327
0,03649645
-0,04828722
-0,06054239
0,04984837
0,05371095
-0,0937394
0,06363149
-0,06265571
0,03716158
-0,07692397
-0,1790669
-0,1713781
0,1126724
0,1850311
-0,003213846
0,02074425
-0,03917018
0,1193197
-0,05446598
-0,07226701
0,0007435572
0,0210649
-0,03407614
-0,08742629
0,001884918
-0,07087167
-0,03938546
0,01508396
-0,03509867
-0,05849516
-0,0880937
0,06688915
-0,04722889
0,03065202
0,1303414
0,1911333
0,1228155
0,02431894
0,01652138
-0,007121948
0,05688048
-0,0248795
-0,07187083
0,00271232
-0,02129102
-0,05340168
0,001368356
0,03681569
0,07615699
0,02055953
0,06623118
-0,02242532
-0,1011508
-0,0624131
0,00241546
0,02655443
0,06273537
-0,1160425
-0,1020308
-0,09172584
-0,1176522
-0,03612003
0,1608675
0,3358675
0,03167732
0,1410601
-0,0804253
0,08708726
0,0531723
-0,03533724
-0,07809689
-0,07195414
-0,06523823
0,02297537
-0,1759158
-0,2697331
0,01109495
-0,07806838
0,06929016
0,002453445
-0,08917118
0,009396371
-0,06639829
-0,048637
-0,03370078
0,07770644
-0,01487668
-0,04047494
0,1560453
0,01637613
0,0180792
-0,08865773
-0,02075947
-0,03651234
-0,07324602
-0,02329517
-0,01093912
-0,008928352
-0,007337071
0,01484263
0,01249989
0,06697532
-0,0159881
-0,1611337
-0,07501358
-0,06073221
0,02225744
-0,007604671
-0,004935332
-0,1582115
-0,04241319
-0,08700732
-0,05218533
-0,03938084
-0,07398026
0,1566104
0,09613995
0,09291877
0,06925004
0,06300329
-0,07302756
-0,04391193
-0,1233724
0,08514205
0,1155945
-0,2184946
-0,00910495
-0,05408337
0,02274558
0,0279214
-0,08387724
-0,0230549
-0,05692703
-0,07498969
0,1089601
0,1452884
0,02869856
0,0287441
0,04261401
0,001499562
-0,01881165
-0,0457482
0,004800337
-0,04305297
-0,06530609
-0,007453259
0,02431204
-0,01479297
0,002644613
-0,02281376
-0,0377813
0,02153042
-0,03133115
-0,005734953
-0,05605061
-0,1067959
-0,09765816
-0,04241342
-0,04174995
-0,008575452
-0,06895711
0,07191181
-0,1352508
0,01258327
0,168238
0,09536511
0,04768476
0,04713289
0,09907646
-0,1801919
-0,1263835
-0,138656
-0,2664646
-0,1476415
-0,05765815
-0,1353536
-0,1840481
0,008693741
-0,07525631
-0,05470034
0,002415348
-0,06621827
-0,02151519
0,08730131
0,07900757
0,005695276
0,07867179
-0,05651227
-0,06438528
0,02195128
0,0501942
-0,01670505
-0,0114802
-0,05505197
-0,05090208
-0,01271886
-0,01995998
0,02806739
-0,002520208
0,04818182
-0,03886654
0,0211935
-0,03629892
-0,02334426
-0,04751891
-0,02737681
-0,1094805
-0,08249772
-0,210233
-0,01755526
-0,1712279
-0,05703428
-0,1370733
-0,1019748
0,03554874
-0,02032137
-0,1179495
-0,09579952
0,05271111
0,06207089
0,09187635
0,09736694
0,0103458
-0,1936012
-0,2014641
-0,240718
0,01612718
-0,02598416
-0,04080663
0,198412
0,1458266
-0,03689751
0,1235059
-0,03711798
-0,03425458
-0,04165251
0,01374805
0,1178872
-0,05260377
-0,01391072
-0,008783819
0,002839515
-0,02520416
-0,03058605
-0,01970156
0,003345384
-0,02262848
0,00594856
0,006352766
0,03358034
-0,03642809
-0,01061611
0,06893428
0,03906588
-0,01870407
0,009065961
-0,0153391
-0,04756394
-0,08288976
-0,1725076
-0,1884694
-0,1443277
-0,1409589
-0,215564
-0,2669207
-0,1904401
-0,1264849
-0,06877799
-0,06500517
-0,01513186
0,1163851
-0,05870085
0,1398429
0,03429561
0,01478723
-0,01756577
0,0551238
-0,0164066
-0,0990815
0,1368203
0,05267208
-0,03608195
0,003446862
-0,001486464
-0,04633395
0,03052197
-0,01453123
0,001317665
0,04386045
-0,07234661
-0,07190656
-0,0475929
-0,01346588
0,000408281
0,03158918
-0,003234502
-0,0101672
0,0006189775
0,01732994
-0,0258762
-0,009431107
-0,06795397
-0,1354161
-0,02193189
-0,00847774
-0,1808986
-0,1227792
-0,0142446
-0,1293363
-0,2825177
-0,4137603
-0,2625915
-0,2963409
-0,1191159
-0,2699588
-0,0957054
-0,1325292
-0,006993437
-0,03094006
-0,2121758
-0,08173378
-0,03496705
0,02875178
0,04101817
-0,2224144
-0,09380382
-0,006845091
0,1225065
-0,07058639
0,0141337
-0,05992021
0,0341216
0,03123374
0,02484121
-0,01301499
-0,113593
-0,01232312
-0,01442988
-0,02874066
-0,04663866
-0,01960428
-0,0005794358
-0,04220563
-0,01833726
0,01035189
-0,02208993
-0,002711518
0,02229409
-0,01984239
-0,04344035
-0,1325508
-0,03243629
-0,08711694
-0,1606343
-0,02337353
-0,09373812
-0,04643798
-0,1501383
-0,1387229
-0,2885068
-0,3120533
-0,355206
-0,3084759
-0,1629773
-0,02336976
0,001856591
-0,03585161
-0,01483592
0,0911267
0,2309483
-0,03903082
-0,001054077
-0,02759871
0,04851657
0,05021139
0,03814162
0,1437441
-0,03206589
-0,03660272
-0,04382528
-0,1333966
0,07677016
-0,03146251
0,04236731
0,1304447
-0,04277995
-0,1157658
-0,1084452
0,05148438
0,009645231
0,005376207
-0,002190182
0,01331124
-0,0006208494
0,04998962
0,008950898
0,002604981
0,01829321
0,02707475
0,02218254
-0,001324744
-0,1223732
-0,01382835
-0,0935298
-0,1600229
-0,1828417
-0,2398309
-0,1585409
-0,2317157
-0,3507049
-0,3278047
-0,3615868
-0,3596505
-0,211804
-0,2761528
-0,1172786
-0,05094447
-0,1144493
-0,03885839
0,09596495
0,0870061
0,01826681
-0,02795395
-0,05405824
0,04475575
-0,07320631
-0,01805872
0,02249294
0,09428484
-0,02654078
-0,107818
0,03065779
0,005465997
-0,155113
-0,06564176
-0,04115188
0,04410565
0,1559169
0,05028126
0,01057918
0,01439116
0,05235136
0,08011111
0,02589418
0,00482805
0,006598492
0,01373802
-0,01672724
0,0528812
0,06356448
0,03759975
0,03559017
-0,06217614
-0,09409048
-0,06938701
-0,08335077
-0,08646717
-0,01843694
-0,1215976
-0,2259704
-0,3585914
-0,2721632
-0,3772617
-0,2890827
-0,3112965
-0,2031617
-0,1076089
-0,008414988
0,06044972
0,08503795
-0,01258014
-0,01235569
-0,007851429
0,07271758
0,02974408
-0,1194629
-0,04754199
0,07330073
0,08981523
-0,06760531
0,03102077
0,1585215
-0,07906108
-0,08739368
-0,002972343
-0,01458638
-0,08258017
0,06870555
0,1060476
0,09976589
0,1053574
0,005129307
-0,01083523
0,05310418
0,03921398
-0,03011324
0,02733937
-9,844492E-06
0,02057497
0,01341254
0,03611771
0,02761705
0,02562683
-0,1361048
-0,1203487
-0,1631933
-0,09337951
-0,1157291
-0,2764116
-0,1916629
-0,3786511
-0,2227566
-0,3591228
-0,06056001
-0,1042326
0,01149761
-0,1522424
-0,02378376
-0,00679396
0,01120515
0,09672782
0,01935501
-0,03322392
0,08231439
0,1229248
0,0455451
-0,06493507
0,08835801
0,1096807
0,03909649
0,001799438
0,07059192
0,04151416
-0,08710681
-0,1210792
-0,01265305
-0,07368392
0,04570001
0,06741747
0,07168948
-0,00424934
-0,02304266
-0,0379588
-0,008846489
0,02299644
-0,04108651
-0,02634801
-0,003458777
0,03598687
0,08667196
0,07969955
0,04405618
0,01436711
-0,02369263
-0,0921649
0,007666777
-0,07576585
-0,1664344
-0,357563
-0,237086
-0,2790343
-0,199663
-0,2408982
0,04182689
-0,002802955
-0,05284404
-0,03435881
0,07162308
0,1131914
0,08674724
-0,05904869
0,03360683
0,1750799
0,1416445
0,01451711
0,1777127
-0,1507486
0,07188848
-0,001017626
0,1529913
0,09421125
0,0897731
0,04900783
-0,04077706
0,003211815
-0,03039894
0,05103283
0,05044962
0,01360647
-0,003154559
0,03022777
-0,003292329
0,007741672
-0,01800532
0,05150823
0,004514066
0,003842179
-0,01082936
0,03177562
0,04156769
0,04957543
0,0452063
0,01803937
-0,02264976
0,1337074
0,09498315
-0,05875942
0,006702789
-0,04231669
-0,03587013
-0,1850196
-0,1530423
-0,09330948
-0,06934655
-0,05675128
-0,1225826
-0,1423766
-0,05554276
0,07373133
-0,003678866
0,111783
-0,04199047
-0,08547371
0,06897029
-0,1791082
-0,02415305
0,01874937
-0,02795094
-0,01155186
-0,03698386
-0,1035869
0,100697
-0,06326579
0,03557703
0,1360739
0,1398105
0,1104214
0,08500469
0,1079992
-0,01799212
-0,1007676
-0,0396521
-0,001488433
0,004428608
0,004198165
-0,01540989
-0,02128029
0,02450552
0,03312352
0,02346209
0,06236232
0,03835859
0,137291
0,04261978
0,03575153
0,08985565
0,08779699
0,001134882
-0,02509918
0,04350861
0,03973396
0,1157213
0,01536499
-0,02585062
-0,008311768
0,01248291
0,04618235
-0,007522918
0,1808683
0,1430781
-0,05936878
0,006126735
0,2279647
0,1513097
-0,01112825
0,07485294
0,04318957
-0,02507385
-0,01570773
0,008192782
0,01945706
0,07425085
0,1054155
-0,01212713
-0,007166367
0,1231711
0,08856546
-0,008194465
0,002044222
-0,01475241
0,006753166
-0,005223668
-0,0175726
0,01835085
0,01813818
-0,03556692
0,0006548831
0,01254425
0,006309908
0,01547829
0,09746324
0,1633603
0,1966813
0,144986
0,01458502
0,09627155
0,08573057
0,08076518
-0,03101832
0,04085002
0,07652903
0,0258318
0,06598302
0,2701251
0,2764495
0,1196244
0,07313217
0,08085816
-0,01696484
-0,05059055
-0,1022892
0,2016893
0,04915265
0,0233598
0,01944885
0,004009219
-0,02248913
-0,007284879
0,03455092
0,03519056
0,0793262
-0,01648213
-0,1502104
-0,1619788
-0,07489154
-0,0002602481
0,07317602
-0,07055172
-0,03291273
-0,06210456
-0,02154101
0,009287444
0,01629359
-0,01310748
-0,01164894
0,009652549
-0,002072162
-0,02707259
-0,01619803
0,1080975
0,08867362
0,1180601
0,07847433
0,127928
0,03344128
0,01781786
-0,03584237
0,1098638
0,01605606
0,02346919
0,05481046
0,09626935
0,09541138
0,009034043
0,0433776
0,100711
0,1295393
0,1485686
0,1102497
0,06630649
0,05454327
-0,0371128
-0,01286952
-0,06112907
-0,01761136
-0,08189148
-0,06081713
0,1254769
0,1055587
-0,01751888
0,0744851
-0,0704824
-0,01432436
-0,1127277
-0,03952513
-0,05030578
0,1180797
0,05105041
-0,03438445
-0,03868404
0,01741379
-0,00337123
0,03035126
0,01096138
0,009838208
0,007616679
-0,02281445
-0,005047692
-0,03478242
-0,02546142
0,0169767
0,03970585
0,03251802
0,06283959
0,1142095
0,2646298
0,1088464
0,04713603
-0,05924141
-0,05246006
0,08668901
0,07507573
0,08761577
0,07035038
0,2783638
0,2064968
0,1186006
-0,00358283
-0,007742677
0,07531492
0,04856013
-0,01858516
-0,01767766
-0,07184065
0,06937105
0,002627603
0,0614824
0,1081396
0,03135943
0,04218382
0,105109
0,1013957
-0,05500511
-0,1338741
-0,03564147
-0,05218673
0,02281697
0,06336401
-5,304727E-05
-0,05815895
-0,05708308
0,01047825
-0,005520028
0,007092644
-0,0317464
0,02692926
0,02361065
-0,0355807
-0,03670348
-0,08171732
0,0338034
0,02690304
0,009994329
0,06572422
0,0001336162
-0,02399091
0,02157833
0,09332719
0,09713062
0,04523145
0,1179761
-0,08161476
-0,08826684
-0,04100395
0,01127712
0,03664796
0,1214045
0,06095576
0,006816129
0,01346039
-0,1168659
-0,01859851
-0,1586648
0,1136154
-0,04142021
-0,1458194
0,07042395
-0,05824753
0,09611391
-0,01902715
0,03815917
0,1596426
-0,1516003
-0,1664939
0,1002424
-0,06077563
-0,005277977
-0,0460164
0,01041441
0,0048299
-0,03928845
-0,08600068
-0,0209465
-0,02012396
0,001480272
0,005834283
-0,00281493
-0,0009516135
-0,06573283
-0,078736
0,01660546
0,02423146
0,08068223
0,04490617
0,08139819
0,09314707
0,07535736
0,1590911
0,150577
0,1029218
0,1377052
0,08360733
0,01805445
-0,04792362
-0,03312369
-0,09264451
-0,01995759
0,1645145
0,134922
-0,1320082
-0,1805611
-0,01944663
0,1887786
0,1713479
0,1659244
0,06167086
-0,1067783
-0,126663
0,1707039
0,03176526
-0,09668002
0,1614077
-0,02863085
-0,1064592
-0,003491522
-0,1284972
-0,1020009
-0,03947625
-0,04735022
-0,01770535
-0,04438296
-0,03487034
-0,007421311
-0,0357005
-0,002985032
-0,01312389
-0,02976144
-0,04660446
-0,06407262
-0,08996633
0,004426307
0,08419504
0,1612581
0,1187017
0,1342802
0,2003793
0,1321349
0,0565582
0,02338107
-0,05921001
-0,04833654
-0,07490636
-0,1488623
0,004822445
0,03641126
-0,1022631
0,04248592
-0,09570745
-0,2122805
-0,07074628
-0,02507319
0,1237978
0,1596749
0,06968504
0,03163241
0,01812816
0,1091169
0,1600438
-0,1012882
-0,04014197
0,009372995
-0,007181861
-0,01422899
-0,08787473
-0,06457137
-0,003258472
-0,01597287
0,04260408
-0,1227949
-0,07822289
-0,02993878
-0,00463988
0,02429595
-0,03398874
-0,01019607
0,005122357
0,02985038
-0,007854446
-0,1018239
-0,06828241
0,02491243
0,04674632
-0,03803664
-0,06505315
0,1035733
0,02541629
0,1167252
0,07035114
0,1139538
0,08019418
0,06264672
0,05796187
0,02795714
-0,1193012
0,1089381
0,07654045
0,1193488
-0,016435
-0,01871635
0,08658308
0,03570579
0,03410057
-0,02121451
-0,04342602
-0,02154441
-0,05228059
0,05056516
-0,02781606
0,005840465
0,06297226
0,02784074
-0,02429973
0,02782929
0,01522585
-0,01267174
-0,0344274
0,06050066
-0,02919199
-0,0218862
-0,06312513
-0,04508452
-0,06251543
0,02905445
-0,00927694
0,003551072
-0,01381242
0,00735004
0,01575587
-0,03280929
-0,04620538
0,02862422
0,1015024
0,01505036
0,02689835
-0,03425577
0,01251458
0,06466329
0,0367127
-0,01466496
-0,01882694
-0,01886717
0,07122418
-0,08125667
-0,1059061
-0,0996066
-0,05427664
0,140307
0,09011286
0,03826613
0,05759585
0,08621743
0,06689327
0,07576303
-0,008936163
0,2444899
0,1829805
-0,06887144
-0,09502429
-0,02152745
0,06139031
0,1848236
0,1282093
0,08259428
0,08211809
-0,09482544
-0,05189556
0,09377313
0,008673351
-0,01845538
-0,01800793
-0,02159835
0,02723116
0,03318726
-0,008687429
-0,03301081
-0,0157979
0,03080899
0,04175528
-0,001323704
0,00909081
0,03420771
0,1025467
-0,001720709
0,008313607
0,1064855
0,08165575
0,001672784
0,07037392
0,01460773
-0,007259151
-0,12917
-0,1049033
-0,1830528
0,1226506
0,06788447
0,1203047
-0,06344808
0,09379211
0,09887927
0,07083385
0,2164942
-0,1109661
0,01280162
-0,1187494
-0,08721604
0,03249403
-0,000841505
0,01670587
0,06180757
0,004719267
-0,03610286
0,07047654
0,114376
-0,06530085
0,06529607
0,02583564
0,05771717
-0,04433846
-0,05416512
-0,04641984
0,05399302
0,06748124
0,005275237
-0,01527976
-0,02894308
-0,000674572
-0,02290085
0,007862736
-0,02916589
-0,01615235
0,08551203
0,1162954
-0,1165
-0,08974592
0,03094562
-0,06734783
-0,1180639
0,07812537
-0,01868133
-0,04177784
-0,03107755
0,009919667
-0,1592966
0,003211547
0,07716807
-0,0175709
0,08366835
-0,03489769
0,05897156
0,001876802
-0,006509274
-0,1047392
0,0344415
0,006829596
-0,06636322
-0,02503211
-0,01375985
0,049133
-0,09240795
0,05119441
0,06453408
0,02620922
0,06039815
0,03754813
0,04851613
-0,02369082
-0,06291623
0,01553498
0,0194534
0,04526605
0,03035786
0,05568646
0,0405928
-0,02178798
-0,007386016
0,0008571788
0,02366519
-0,00593517
-0,05890593
-0,04307211
-0,08492028
0,0110866
0,07892957
0,047196
0,0395477
0,02621859
-0,2111852
-0,1720588
-0,08196835
-0,06238897
-0,1336896
0,001526897
0,08818817
-0,08976445
-0,00430074
0,05158552
-0,009460752
0,01477963
0,02718647
0,008913593
0,04225304
-0,03811307
0,1783473
-0,04741387
-0,07716531
0,02743631
-0,001762572
0,01249142
0,02996398
0,1764021
0,06937944
0,01537632
0,0003542332
0,01774198
0,03223392
-0,07486956
-0,1142419
-0,05975369
0,01298729
0,05007223
0,04001511
0,007741729
0,03360095
-0,01667412
0,02939934
-0,02944994
-0,0203154
0,005810569
-0,04739115
0,0320846
0,03118349
-0,04297696
0,004805539
0,03969223
0,1192089
-0,01264939
-0,06233535
0,05477408
0,04188761
0,0245104
0,008206015
0,04887686
0,03522869
-0,05359543
-0,02376503
-0,08008818
0,1130904
-0,1199463
0,06016986
0,04880653
0,11581
-0,06405903
-0,1185261
0,1240406
0,09558025
0,03667085
-0,04713418
-0,08125048
0,02951824
0,03859917
0,0010133
0,04756417
0,02816315
-0,03472328
0,03030532
0,02099111
0,01851256
0,04279644
0,1152147
0,01951339
0,04967231
0,05351501
0,02549789
-0,004873047
-0,0005355722
0,01262778
0,008697522
-0,004642908
-0,05816136
0,01784001
-0,08295957
0,06476622
0,05346919
0,02877901
-0,08393147
0,001053482
-0,04758421
0,0636188
-0,1614391
-0,01540135
0,06674018
-0,005281652
-0,04111687
0,09191926
-0,02281249
0,1091087
0,1751651
0,0841415
-0,03729472
0,02730911
0,06138087
0,06017572
0,06606638
0,01898862
0,03850086
-0,1172224
-0,1377984
-0,1184348
-0,113117
0,04313672
0,04940828
0,1344825
-0,032592
-0,003599789
0,04841276
0,09439497
0,02526258
0,05409211
0,0328923
0,007418389
-0,004999128
-0,03004942
0,0285022
-0,02183361
-0,02585179
0,01296948
0,01333215
-0,05418523
0,02567957
-0,1052376
-0,06950401
0,07083882
0,04401569
0,02484165
0,02722149
-0,1179129
-0,1314981
-0,1106856
-0,1395655
-0,174033
0,05808906
0,02106285
0,00257821
0,07817198
0,03853026
0,150851
-0,09119159
-0,0781945
-0,1348697
-0,04376463
-0,1166522
-0,05280247
-0,004307325
-0,1041107
0,07435054
0,04626958
-0,01488779
-0,1502439
-0,1316445
-0,02630544
0,05843636
0,1031598
0,0146749
-0,005935999
0,02551283
0,05305021
0,0130254
-0,02422185
0,0873611
-0,03067666
-0,03712147
-0,02360633
-0,01452598
-0,01759409
-0,0347391
-0,02612115
-0,01106603
-0,0414517
0,01855426
-0,03361741
-0,02419162
-0,01721864
-0,04389303
0,02438742
0,03311012
-0,07355693
0,07148081
0,001610072
-0,0286655
0,06061668
0,04135789
-0,1145277
0,09107658
-0,06426095
0,02220915
0,02911658
-0,006662987
0,07087362
0,0501301
-0,1090329
-0,05449236
0,07757345
0,04192599
-0,1060874
-0,06512802
-0,008520138
0,1210395
0,04564652
-0,1240051
0,07350329
0,06700666
0,04724569
0,1285294
0,07578507
0,08270941
0,008201241
-0,005566648
-0,08378795
-0,03221502
-0,01451478
-0,005390501
0,005881848
-0,01671979
-0,02987317
-0,0243472
-0,01897314
-0,02059617
-0,005782006
0,07799898
0,04061705
0,01360396
-0,04391167
-0,07620522
0,01006326
0,06694066
-0,02209152
-0,05875041
0,067532
-0,07307117
0,1222102
0,1002058
-0,07323368
-0,02275428
0,1512854
0,003359778
-0,1013666
-0,05294202
0,1237988
-0,08051179
0,01619159
0,0814794
0,005614823
0,07858309
-0,06399434
-0,08225577
-0,1782583
-0,1559359
0,01561201
-0,02408423
0,006979233
0,09618029
0,08281062
0,09090333
0,005728784
0,07755471
0,04889354
0,001687541
-0,04365342
0,02601506
0,03436074
0,03245439
0,02737954
-0,02872755
-0,005211194
0,01204276
-0,02541064
-0,03038921
0,04621048
0,01446235
-0,03090319
0,002643255
0,005541807
-0,02558136
-0,015854
0,07009951
0,01342016
-0,09341583
-0,01152671
-0,02023356
-0,03425831
0,1242928
-0,07071873
-0,07329192
-0,003178818
0,04260099
0,1124576
0,175372
-0,01894033
-0,1676646
-0,04610732
-0,004058927
0,007350136
0,03318528
0,07637554
-0,005773499
-0,08372103
-0,1888724
-0,07251044
-0,07048377
-0,05387087
0,04749627
0,1187843
0,0968206
-0,07224683
0,1799464
0,116762
0,05214677
0,03149162
0,05897914
0,05276594
-0,0009991364
0,006547228
-0,053102
-0,05128482
-0,003708776
-0,02300381
-0,004136686
0,04545021
-0,008214533
-0,04625878
-0,08151039
-0,03686894
0,005286127
0,05640767
-0,005720718
0,01574612
0,08878435
0,05708781
0,02065156
0,00994673
0,02070056
-0,06907599
0,152492
0,1051162
0,07949189
-0,08621162
-0,03139867
-0,03970836
0,01193723
0,01462706
0,1068304
0,1275538
-0,1524431
-0,07483948
-0,09029666
-0,1347746
-0,1063083
0,01000783
-0,03564992
0,01762697
-0,009154417
0,03385113
0,1226607
0,07494158
0,08869895
-0,02272648
-0,06542414
-0,08614052
-0,01398236
0,05303879
-0,02042617
-0,02728297
0,003397843
-0,02468567
-0,01482324
-0,02597081
0,01665322
0,0009652918
-0,02585871
0,06951937
-0,0599164
-0,07502093
0,05202909
-0,001977376
0,03902813
0,03017658
0,02242842
0,04804141
-0,006783083
-0,1593244
0,1152658
-0,107207
-0,01798652
-0,01303996
0,1052622
0,06420451
-0,07942212
0,1764066
0,02234876
0,07887816
-0,08064765
0,03906111
0,02455885
0,07207728
-0,2312191
-0,1323646
-0,1417677
-0,2488329
0,03768821
-0,003493675
0,07810348
0,1270238
0,027988
0,02586751
-0,03940008
-0,02011963
-0,04057465
-0,06703077
-0,07588483
-0,01091437
-0,02950923
-0,03278204
-0,02077717
-0,005409211
-0,00061442
0,0231408
-0,02754589
-0,02864436
-0,04800009
0,02024382
-0,01478881
0,008265774
-0,1134648
-0,0598634
-0,03736901
0,04583834
-0,02143606
0,05919772
-0,0179934
-0,1260136
-0,01790357
0,07152371
-0,007643366
0,1263887
-0,07927606
0,07141905
-0,04298885
-0,1487306
-0,07256708
0,02754068
0,1264371
0,04330649
-0,03794942
-0,04700247
-0,1070319
-0,1970269
-0,1047651
-0,08331309
-0,005421101
-0,06006156
-0,09760689
-0,07637519
-0,03066339
-0,04557448
-0,1391468
-0,01221103
-0,04182861
0,001412202
-0,05380899
-0,05712212
0,02633761
-0,04944457
-0,04514714
0,007303681
0,02465277
0,002768345
-0,005984785
0,008815472
0,004672472
0,01964811
0,00366979
0,0141931
-0,01899092
-0,05021181
-0,066743
-0,01241069
-0,1119093
-0,07218394
0,05338662
0,01736776
0,08150079
0,09034856
0,06033321
0,06279581
0,07799181
0,1569274
0,01247411
-0,169897
-0,06346696
-0,0004912953
-0,05718462
0,1081518
-0,07017615
-0,0211109
-0,0340777
-0,2404903
-0,07821961
0,02874631
-0,0553505
-0,07244049
0,06910057
0,041582
0,003966525
-0,1028376
-0,05610295
0,00506174
-0,04636933
-0,03129774
-0,03147511
-0,02829535
-0,03183757
-0,008478965
0,005029916
0,02224099
-0,02584866
-0,01371058
-0,00364432
-0,01023568
-0,004129888
-0,01204821
-0,00678415
-0,008585673
-0,04845237
-0,03806562
-0,04368453
-0,08772909
-0,05280353
-0,01213594
0,03811044
0,004159381
0,01653303
-0,003593327
0,0274384
0,03514965
0,0595276
0,04879589
-0,06265768
0,02498013
-0,01052054
0,005215277
-0,03355763
0,08783333
0,06506364
-0,005778203
0,0220139
-0,1053604
-0,01739267
-0,09620045
-0,04433423
-0,05420732
-0,08721253
-0,08714914
-0,05384053
-0,09888507
0,004480293
-0,0568119
-0,04297538
-0,06190055
-0,04825042
-0,01594616
-0,01554523
-0,02176394
0,01450346
-0,01163411
-0,00841233
-0,03050512
0,01197335
0,02916252
-0,01250012
0,009688096
-0,01728444
0,03429553
0,003133669
-0,05112323
-0,03984361
-0,04415912
0,0367825
0,03238415
0,01596034
-0,02097133
0,04796654
-0,01046987
0,06812841
0,05746142
0,005931712
0,06686387
-0,0524452
-0,03256432
0,05570485
0,06364193
0,02741061
-0,07247434
-0,02749238
-0,01977669
-0,2451971
-0,1258578
0,02761391
0,002204062
0,0004403984
0,07635295
-0,0524682
-0,002119603
-0,002638324
-0,07259121
-0,01137141
0,02858398
-0,06962795
-0,05151778
-0,03345866
-0,01367965
-0,02429849
-0,01073728
-0,004370705
-0,02088308
-0,002336483
-0,02744649
-0,009794204
0,01557499
0,02339032
0,04199943
0,02720578
0,03475913
-0,004844854
0,03408992
0,004978307
-0,01030465
-0,04884948
-0,02942331
-0,05150786
-0,02861314
-0,0743094
-0,05003041
0,006809549
0,05341549
-0,04473999
0,004089934
-0,007612835
0,1176876
0,0438594
0,02523976
0,03277134
-0,004754817
-0,03784436
-0,1352019
-0,1319437
-0,03671337
-0,04066209
0,03560393
-0,04867987
-0,011389
-0,04273968
-0,06240312
-8,162984E-05
0,0251464
0,0303058
0,03552659
-0,04390972
0,004827655
-0,04191539
0,01203411
-0,02245016
-0,01422075
0,02196482
-0,01987151
0,003844155
-0,01991345
0,02433609
-0,002520852
-0,02302605
-0,006832234
0,02889466
0,02221922
0,02087897
-0,02103324
0,006087944
0,03154276
-0,001464915
-0,06064151
-0,1110873
-0,03124969
-0,01515499
-0,05907268
0,02445861
0,1122272
0,1229023
0,13148
-0,03845588
0,04447136
0,0256009
-0,0589762
0,007269376
-0,00648245
0,01745324
0,06613473
-0,01176059
0,02181657
0,05063516
-0,04037205
-0,03912242
0,02643955
-0,005768045
-0,03480865
0,001479435
0,04898371
0,001534896
0,0460896
-0,01378378
0,007000838
-0,02456255
0,02736224
-0,01129271
0,02851513
0,02428405
-0,00452831
-0,01848984
-0,001460089
0,02169378
0,02892206
-0,02692334
0,03028091
0,02191966
0,01719474
0,02816305
0,03691618
0,01010984
0,01868095
0,01042643
-0,02672157
0,03541885
0,01603962
0,04128571
0,03730953
-0,04785303
-0,01676434
0,07665585
0,0793066
0,08286546
0,06316956
0,1012232
0,07754863
0,02693979
0,1366016
-0,05526831
0,001550452
-0,01011199
-0,0811243
-0,08467315
-0,03169459
-0,04437765
0,04029431
-0,00374535
-0,006778383
-0,05500647
-0,02070246
0,0289162
-0,01321093
-0,01333267
0,03371127
0,02362929
0,02268864
0,02079632
-0,03028439
0,01882057
-0,002530827
0,01343003
-0,02971254
0,008963379
0,0119632
0,02130848
0,04267454
-0,002640336
-0,002229897
-0,005010551
0,01580011
0,003609609
-0,01516982
0,03708272
0,07741765
0,07562728
0,04290685
0,05459827
0,04486907
0,05965428
0,08919396
0,02342886
0,06203896
0,0929285
0,1295947
0,06471772
0,06145904
0,05987842
0,0155812
0,0006406741
-0,09906981
-0,06983376
-0,07931715
-0,04953505
-0,000779992
-0,03038551
-0,003965844
0,00597452
-0,007041533
0,02180658
-0,01768189
0,003191419
0,02261026
-0,01798164
0,002608019
0,026864
0,01925762
0,001569545
-0,008554152
-0,03417071
-0,006192282
-0,01232187
0,0251667
-0,02793298
-0,01970694
-0,01363332
0,005757103
0,02753978
0,01283536
-0,005539856
-0,02286853
-0,01288406
0,00859747
0,02507665
-0,01227718
0,04391753
0,02033817
0,02427437
0,03828446
0,03972978
0,06324344
0,06782647
0,03509948
-0,008251511
0,05792654
-0,06340602
-0,06434023
-0,01513518
-0,01259158
-0,04333649
-0,0264261
-0,01812481
-0,01206891
-0,02100599
0,01226697
0,01065962
0,01420893
0,00772517
0,007569288
-0,01172679
0,006225017
-0,02161755
0,006474304
-0,02223625
-0,0004849706
-0,01852636
-0,0161613
-0,01518542
-0,01973664
0,01162935
0,02316916
0,001157981
0,009587335
0,01824902
-0,02397527
0,006617867
0,00442238
0,0103583
-0,01876627
0,03183659
0,0242026
0,02665599
-0,01481093
0,02029458
0,034146
-0,01919457
0,01200772
-0,01123021
0,01213674
0,02558108
-9,293298E-05
0,04149704
0,02555607
0,01805032
0,02925791
-0,01695229
-0,02420708
-0,00121015
-0,02532453
0,02199145
-0,04793597
-0,0405092
-0,01263793
0,005356243
-0,01091872
-0,01943441
-0,01111571
0,008794579
-0,03733254
0,01354368
-0,0251577
-0,04038355
-0,02094052
0,01288585
0,003956853
0,0198603
-0,02975632
-0,03649
-0,01354512
-0,01186943
0,003787194
0,02705385
-0,01895813
0,01847797
0,002964193
-0,01368948
0,02530048
-0,02173081
0,01927676
-0,008535563
-0,0009246398
0,02663418
-0,02401184
0,001364167
0,02918899
0,003923452
-0,002825097
-0,01703403
0,03109319
0,05620794
0,06065327
0,0415243
-0,005631753
0,0003080748
-0,007066385
-0,02600875
0,0008793835
0,02902955
0,03324353
-0,02086064
0,006210376
-0,03856437
-0,03519374
-0,02308628
-0,02218027
-0,0229543
0,02771808
0,002656421
-0,01863825
0,01710452
-0,0257802
-0,02136011
0,02475068
0,009091315
-0,009741952
-0,01848918
0,02819531
0,01467655
0,01561399
0,02350629
-0,007247826
0,01598479
-0,005497444
0,004172079
-0,005295297
0,01104363
0,01263111
0,02095788
0,0006128476
-0,01006444
0,02349926
0,03055398
-0,01983709
0,012098
0,01140894
-0,01011867
0,01654394
0,009811332
-0,007916333
0,03143063
0,02533415
0,02498154
0,02638852
0,021623
0,02268239
0,02146193
0,03514154
0,007759107
-0,02790915
-0,01909653
-0,01052367
0,006291365
-0,02935782
-0,02884085
0,0183448
0,02085434
0,007716861
0,004550963
0,02349056
-0,001356398
-0,007667385
-0,02797033
-0,02515442
0,02859657
-0,029703
-0,02551956
-0,02727507
-0,01286894
-0,02939674
0,02995405
-0,004606113
-0,009989745
-0,0006014123
0,0263326
-0,02140573
0,0046084
0,01867214
0,009211488
0,02090918
0,01282853
0,01146243
-0,02252143
0,0214974
-0,004307723
-0,02213134
-0,0178051
0,02438007
-0,02536507
0,01617592
0,01064078
0,009651285
-0,01762364
0,01508133
0,01905486
-0,0001130827
0,01264262
0,01239774
0,03324349
0,0184354
0,005725536
0,01059915
0,01195514
0,00379794
-0,03071912
0,01084219
0,02025683
-0,01741514
-0,01664212
0,02545931
-0,01527376
-0,02156991
-0,02566688
0,01734429
-0,01654105
0,0188739
-0,01472609
-0,01586442
0,01287834
0,02207705
0,02139191
-0,01454108
0,02747893
0,0009821992
-0,01184063
-0,00811932
-0,01437412
0,006909163
0,01270088
-0,002361833
-0,001997389
0,02307878
0,0196386
0,02319818
-0,01621315
-0,02472077
0,02924149
0,001882389
0,01948808
0,01397256
-0,01565535
0,02900857
0,009084675
-0,01918259
0,001357772
0,004777973
0,004994436
-0,007332618
0,0007010395
0,03026433
-0,01498308
-0,001538079
0,03021912
-0,02274
0,02498291
-0,007880251
0,01142769
-0,01849815
-0,01330425
0,009207779
-0,005274965
-0,01371907
-0,001540097
0,01574882
-0,00291002
-0,008117395
-0,01096366
-0,01906859
0,003040965
-0,02165167
0,0198166
0,01353466
-0,005640502
0,02855612
