-0,01431118
-0,01887706
0,0213219
0,01285558
-0,02179472
0,02203948
-0,02058126
0,0186968
0,02398444
0,02786706
-0,00433968
-0,00549303
0,002843222
0,02679216
-0,02002602
-0,02429045
-0,02458226
-0,02622447
-0,02229032
-0,02633788
0,008543261
0,01034697
-0,02982355
0,002232572
-0,01011737
-0,02493517
-0,02896816
0,004377434
0,007510744
0,02321751
0,01096431
-0,02441559
0,001708485
-0,02651795
0,002290693
0,0005197857
-0,007194043
-0,006397543
-0,02437252
0,02202758
0,02704313
0,02468226
0,007052103
0,02843147
0,005203135
0,001640406
-0,009181344
0,02780864
-0,0004468063
0,01146582
0,02677687
-0,02315108
-0,0125882
-0,004640406
0,0005297775
0,005007043
-0,01868509
-0,008215907
-0,00866083
-0,02988512
0,02052955
-0,0002408044
-0,02338038
-0,03328055
-0,01639834
-0,01141441
0,02182789
-0,0004632518
-0,005864374
0,01044735
0,01369618
0,01228432
0,02849985
-0,01501522
-0,02365485
0,01457303
-0,02741555
-0,0286615
0,02254594
0,01629709
0,01213123
-0,02811708
-0,02458223
0,02470411
0,02580541
0,00314629
0,0199693
-0,02563226
0,0008036299
0,02150512
-0,01204951
-0,02596735
-0,02905477
-0,02696549
-0,02732221
-0,005071875
0,01505272
0,006219529
0,01183048
-0,01478175
0,009410328
0,02125518
0,004045589
0,02011503
0,02903716
-0,01122871
-0,02583857
-0,02685578
-0,01034478
0,0197416
0,0003886367
-0,02377997
-0,01308507
-0,001521388
-0,01407834
0,01339144
-0,007143445
-0,01921221
-0,02740869
0,01100372
-0,0005278798
0,01774176
0,0289295
-0,003168001
-0,00717241
0,01029022
0,009706745
0,0206445
-0,02358775
0,007065004
0,02507727
-0,006647858
-0,01300137
0,00578697
-0,02824426
0,02007803
-0,00433305
-0,01512177
0,02840726
0,007779772
-0,009054265
0,0197738
0,01520533
0,01646964
-0,004822362
-0,01881332
0,01234927
-0,003837628
0,01271797
-0,01370844
0,02931381
0,001133983
0,00631131
0,02515819
0,01426905
0,02363053
0,02868992
-0,02056579
-0,01450289
-0,01818624
0,0003255754
-0,02364366
0,01127282
0,002721646
0,009808792
-0,03541999
0,01009412
0,006761834
-0,01282758
-0,007197151
-0,01566275
-0,02235943
-0,0169823
-0,008505108
-0,01700151
0,001891956
-0,04661082
-0,03929818
-0,04917727
-0,03769961
0,009369468
-0,03058186
-0,02317533
0,01510618
0,01093039
-0,01328482
0,01723217
-0,02140518
0,01994469
-0,02050013
0,02113258
-0,01153027
0,01642563
0,008925403
-0,02119654
-0,01919546
-0,0283759
-0,02463363
0,02806662
-0,009884066
-0,006079243
-0,02613191
-0,03005305
-0,01519404
-0,03490128
0,0161179
-0,01472502
-0,02303329
0,002631679
-0,02857714
0,006455348
-0,002216475
-0,04139648
-0,02511616
-0,02256513
-0,02754728
-0,04734915
0,005790793
0,01570677
-0,01522962
-0,02680479
-0,01279218
0,0003036589
-0,04964037
-0,03302787
-0,006273489
-0,03064984
-0,02837738
-0,05344617
-0,04387408
-0,01051726
-0,00584281
-0,04220755
-0,02725625
-0,005956857
0,01124309
-0,02019194
0,03397541
0,02074615
0,01410315
-0,02329536
0,001485922
-0,001625685
0,01180526
-0,007573931
-0,01507223
-0,01164797
-0,0005186141
-0,01102764
0,02358701
-0,01838646
-0,02115142
-0,01972691
-0,02558959
-0,04696631
0,02304322
-0,02121409
-0,002129878
-0,008185536
-0,04934497
-0,03079842
-0,006359821
-0,06112679
-0,004688799
-0,00802298
0,003239413
-0,03178936
-0,03426991
-0,02768962
-0,0279476
-0,04926971
-0,05505161
-0,01765826
-0,06781851
-0,06193212
-0,02591498
-0,008579951
-0,01532778
-0,0429626
-0,04289106
-0,031652
-0,04237283
-0,05699213
-0,03641703
0,007800825
-0,01669621
-0,004916242
0,00742994
-0,003434082
0,008947433
0,001160216
-0,02006813
-0,03637918
0,008636422
-0,0143411
-0,01019914
0,009791283
-0,03030366
-0,01054829
0,005056731
0,02174524
0,02997878
0,02864046
0,004660393
0,01973064
-0,04537381
-0,03736543
-0,05146763
-0,01521308
-0,007187955
-0,06060011
-0,02967505
-0,05160109
-0,0287668
-0,02671941
-0,02686805
-0,05328079
-0,03967898
-0,02368899
-0,06391685
-0,06335345
-0,0200099
-0,030612
-0,02720737
-0,02589839
-0,03477658
-0,02907445
-0,0903237
-0,04998598
-0,0510398
-0,03592847
-0,01574115
-0,07094175
-0,06232274
-0,04193422
-0,04153378
0,0102162
-0,01140777
-0,04057907
-0,02431573
-0,04295157
-0,03661466
-0,04828989
0,01029111
0,003438919
-0,02473098
-0,02922779
-0,001579797
-0,01917996
0,01163765
0,02517655
0,02975634
0,003418513
0,001148262
0,02774877
-0,04547633
-0,03500294
-0,0289924
-0,01547863
-0,05792794
-0,04240697
-0,0310359
-0,008478783
-0,003495479
0,01431318
-0,0182329
-0,02942346
-0,0761978
-0,05093672
-0,09750985
-0,05042901
-0,08358537
-0,06674632
-0,06898343
-0,03953126
-0,1079755
-0,07413742
-0,1133393
-0,06432304
-0,08676521
-0,03425444
-0,01870525
0,03184417
-0,001668229
0,01114102
-0,01166099
-0,02122017
0,01898713
0,006146979
-0,04820147
-0,04695814
-0,06861147
-0,0636332
-0,01712878
0,00243957
-0,02513702
-0,0240337
-0,00503031
0,0183193
-0,01679577
-0,006368833
0,0384776
-0,02236529
-0,03164633
0,05306665
0,01392794
-0,0005509278
-0,03422726
-0,01848847
-0,03423084
-0,05721485
-0,06729191
-0,03157286
-0,08360308
-0,04972332
0,001147707
-0,06665368
-0,05228265
-0,05109124
-0,10261
-0,06611831
-0,1101164
-0,1329717
-0,152404
-0,1047714
-0,142929
-0,07197864
-0,08354136
-0,0589888
-0,0597291
-0,02871821
-0,04257397
0,003929307
0,0400015
0,002384575
0,06874908
-0,06608484
0,014942
-0,01570548
-0,07064415
-0,02797274
-0,05196129
-0,040468
-0,0246135
0,01657006
-0,005690279
-0,0004912534
0,01107901
0,01928746
0,002746174
-0,02876286
0,0340731
0,005138211
-0,01079888
0,009074404
-0,007992038
-0,07056909
-0,0489743
-0,02758443
-0,008427243
0,02700352
-0,001733181
-0,02027188
-0,02879662
-0,03839466
-0,1166767
-0,02721083
-0,07654587
-0,07113844
-0,06054555
-0,05934631
-0,1367221
-0,1130998
-0,1015304
-0,1114095
-0,04414264
-0,001616145
0,03846266
-0,007851551
-0,06900969
-0,1231714
-0,01541417
0,006167238
0,04108896
0,04720455
0,09092863
-0,08894606
0,01466353
-0,0195351
-0,05541662
-0,02915345
-0,03120947
-0,05814054
-0,03120599
-0,01518303
-0,007069516
-0,02264399
0,0164165
0,004834494
0,005817035
0,007002355
0,005831557
-0,004757921
-0,04379438
0,0357565
-0,004656241
-0,03167353
-0,06680615
0,001531456
-0,01127646
-0,1085801
-0,05580059
-0,0397015
-0,03978124
-0,07139621
-0,1056965
-0,02665105
-0,005601595
-0,06671859
-0,05552121
-0,005882407
-0,05090892
-0,03313385
-0,002404532
-0,0408259
-0,07877678
-0,09894657
-0,05878223
0,02050792
-0,03701384
-0,0689843
0,02429511
-0,03329443
0,07427309
0,01995015
0,06668961
-0,08717721
0,005297497
-0,001448308
-0,02654009
-0,07121889
-0,05105367
-0,09047396
0,0004533662
-0,02068424
0,0175589
-0,05394768
-0,009887184
0,00354082
-0,01496871
0,008107314
0,01028228
0,004597765
-0,03292928
-0,005565828
-0,08067162
-0,1105366
-0,00626531
-0,03424869
-0,07279679
-0,05966333
-0,09761182
-0,01986531
-0,04332295
-0,08152203
-0,1013317
-0,0354017
0,04394994
-0,02342417
-0,03406443
-0,03401024
-0,01095883
-0,0792622
-0,07413901
-0,08013795
-0,004574812
-0,05132646
0,0415328
0,02524508
-0,0484937
-0,1016223
0,04943499
0,05947622
0,04129248
0,09952123
0,04937528
-0,09628752
-0,03657012
-0,07931531
-0,04880037
0,04519691
0,04274527
-0,02731354
-0,05336874
-0,01231336
-0,05155951
-0,01854624
-0,03449137
-0,01382539
0,01734208
0,0087162
0,0257077
-0,02859693
-0,03543894
-0,008055218
-0,05228205
-0,008802989
-0,09702652
-0,02204928
-0,005433355
-0,08394539
-0,07589502
-0,04683213
-0,05011589
-0,1281313
-0,08372702
-0,02703105
0,00854923
-0,003600219
-0,1387554
-0,03738366
-0,05288684
-0,0678566
-0,113926
-0,01855472
0,08951093
0,05311517
0,07578419
0,002807547
-0,08248588
-0,06341366
0,01109541
0,02786929
0,007302638
0,07951558
0,1772452
-0,007983211
0,01986381
-0,03772822
-0,0504719
0,01002612
0,04041026
0,04176579
-0,04846568
-0,02645984
-0,04048106
-0,05130975
-0,05300638
-0,009131301
0,008802591
-0,0284899
0,006433418
0,02282904
0,008809322
-0,04135995
-0,1136344
0,03362459
0,047713
-0,02432969
-0,04429166
-0,08772556
-0,00207961
-0,1098867
0,01303827
0,09614268
-0,07787631
-0,06392409
-0,08811893
0,03064284
-0,06902038
-0,1035422
-0,06736185
-0,01674595
0,00974505
0,01207791
-0,06903733
-0,02557741
0,02653154
-0,01920971
-0,07768513
-0,05846397
-0,08313985
-0,08578173
0,0134913
0,02851695
0,01159
0,01595135
0,01425048
-0,0663486
-0,06944641
0,106548
-0,01966497
-0,008288756
-0,04824888
0,003856371
-0,001180373
-0,07508784
-0,09600142
-0,01766638
0,01709543
-0,02734106
-0,01727376
-0,01721587
0,00418911
-0,06402548
-0,0402071
-0,002282679
-0,001619713
-0,01546139
0,05259439
0,01175097
-0,07792818
-0,09644189
-0,00209014
0,08516168
-0,05851927
0,008732799
0,02582773
-0,0582403
-0,1207622
-0,2045895
-0,1939568
-0,07531468
-0,07321251
0,01018829
-0,02111264
0,04150897
0,1233937
0,1050877
0,1695187
-0,04099724
-0,04789516
-0,0741578
0,1620734
-0,004736318
-0,04586307
0,06417478
-0,1003778
-0,07897804
-0,05722349
-0,0833083
-0,09708899
-0,07409483
-0,005012117
0,0003926078
0,03207635
-0,04969458
-0,0444228
-0,02165714
-0,005547735
-0,008721865
0,005021187
-0,002044247
-0,06759501
-0,03894892
-0,03861972
-0,1020415
0,04013773
0,03929017
-0,05650176
-0,02406322
0,08613969
0,04703293
0,1230041
0,02201682
0,04649074
0,08512826
0,07432931
0,05309092
0,04828028
0,01195836
-0,01002833
-0,02716287
-0,003568905
0,0170998
0,05883115
0,1532333
0,04661025
0,006324893
0,05908026
-0,06240437
-0,1141477
-0,1167066
0,008628767
-0,1730407
-0,1171858
0,07506659
-0,01507664
0,02772071
-0,111675
-0,2112449
-0,08647836
-0,1868826
-0,1020791
-0,05393007
-0,01230217
-0,05713532
-0,07365847
-0,04097988
-0,006759508
0,02053987
-0,02107955
0,02137505
-0,06023829
-0,1098189
-0,06441347
-0,0331201
-0,04135726
0,03831978
-0,07253301
-0,1067626
0,05718472
-0,03373301
-0,1022954
0,04160948
-0,04952863
-0,02593175
-0,03279876
0,05790605
-0,009610145
0,01421537
0,0437004
-0,07419874
0,06363929
-0,007664507
0,1242132
0,01688592
-0,05692284
-0,05049204
0,05761064
0,008057757
-0,01715058
0,006416732
-0,04405558
-0,03672638
0,06271793
0,09992036
-0,05068478
0,04615745
-0,1103487
-0,06780049
-0,1455825
-0,09870543
-0,03359836
0,000736892
0,05995322
-0,07251783
-0,09809966
0,01194133
0,03432468
-0,005469766
0,03566007
0,0227593
-0,03783368
-0,02302822
-0,03703927
0,01937765
-0,01193971
-0,09422836
-0,06904336
-0,05018831
-0,1864559
-0,1178909
0,0105201
0,06322794
-0,1839072
-0,2146301
-0,2042546
-0,1099717
0,01317462
-0,1793382
0,009010917
0,1298641
-0,06053507
-0,09172036
-0,02982
0,0181764
0,07758747
0,02178244
-0,07530145
-0,06712033
-0,06177517
0,1934114
0,2036782
0,1954008
0,01091658
-0,00124748
0,00130357
-0,04147842
-0,1234698
-0,1974569
-0,1491978
-0,000276102
-0,05339056
-0,09798322
0,01750898
-0,04769527
-0,08680292
-0,001664874
-0,009239225
-0,01042151
0,0200914
-0,02426435
-0,009315961
-0,01933127
0,02399547
-0,05446385
-0,07348163
-0,02523403
-0,1223121
-0,01667084
0,02749922
-0,04516509
0,005823554
-0,01358345
0,005864643
-0,01134686
0,06602277
0,2012458
-0,02215824
-0,1066924
-0,1420732
-0,105497
-0,1375892
0,17681
0,1109591
-0,03401766
0,03872696
-0,06049073
-0,05067049
-0,06710716
-0,0846981
-0,001414763
0,2261303
0,1163646
0,02972725
-0,06729899
0,04781203
0,06300581
0,06769972
-0,1137315
-0,07650368
-0,0100687
-0,01838864
-0,0360961
-0,05087774
-0,003854106
-0,08177564
-0,04112506
0,02226008
0,001205044
0,007697335
0,004166043
0,01940483
-0,03972564
-0,04658736
0,04164106
0,0553525
-0,1385202
-0,05953843
-0,02335837
-0,02005931
-0,01433682
0,06664453
-0,04635689
-0,1217426
-0,1494346
0,146961
0,03072088
-0,1142432
0,1123531
-0,05363633
0,07722715
0,05556809
-0,03947221
0,02525368
-0,04151008
-0,03393349
-0,03513877
-0,1106844
0,002225458
0,06024538
0,2195602
0,1063814
0,1794983
0,04083238
-0,08240543
-0,01588726
-0,06894131
-0,1727362
-0,08263569
-0,09742349
-0,06680549
-0,002870872
-0,009801229
-0,09090537
-0,03953517
-0,0515076
-0,04031027
-0,01144529
0,02996798
-0,00797341
-0,018424
0,01311067
-0,0244963
-0,0462689
-0,01083267
-0,09687176
-0,1553624
0,06345275
-0,1169955
-0,17448
-0,02493319
0,1043258
0,04126697
-0,002387411
0,06001095
0,2125956
0,1992525
-0,07294007
0,005015978
-0,07725049
-0,04487409
-0,1299509
-0,1997879
0,112584
-0,07265197
0,06495634
-0,2623329
-0,09571053
0,08467964
-0,04693408
-0,07020863
-0,1286376
0,01944028
-0,08862827
0,04268296
-0,003153507
0,08033546
-0,002169692
-0,09961878
-0,009671728
-0,01280061
-0,0429702
0,007373739
-0,05653594
-0,03085968
-0,06841568
0,0221348
0,01502776
-0,01339008
-0,01637708
-0,002063345
0,0004877402
-0,0009610851
-0,01920528
0,03124921
-0,1756238
-0,05098372
-0,08659255
-0,07830753
0,03676881
-0,009874359
0,05335451
0,002938865
-0,02903747
-0,09029768
-0,04178692
-0,04994752
0,1190779
-0,02390794
-0,1597501
0,1006368
-0,132297
-0,1066726
0,003597143
-0,0593918
-0,06769819
-0,06336813
0,07546338
-0,07280793
-0,04872197
0,1491321
0,1692697
0,1244295
-0,04021951
0,0225096
-0,0008071631
-0,0002450355
-0,1080214
-0,1549354
0,00317201
0,03765108
-0,00204905
-0,01994231
0,01796194
-0,07591113
-0,03605168
0,009002425
0,007196158
0,01068563
-0,02989444
-0,005672017
0,03582671
-0,01130026
-0,09154599
-0,03046901
0,08680928
-0,03114967
0,02327209
0,1289173
0,1495311
0,05077456
0,04173442
0,06139477
0,05831748
-0,07510571
0,03763339
0,02191229
-0,03589462
-0,05910658
-0,09708614
0,09106361
0,06015517
0,001144346
-0,01573482
-0,08981797
-0,04875784
-0,03541886
0,009891796
0,04045521
-0,2401546
-0,05453365
0,05890736
-0,003336231
0,06836491
0,08617438
0,03626916
-0,1306374
-0,06940989
-0,06301855
0,03489069
-0,1076319
-0,03541231
-0,01988087
-0,03515597
-0,05599787
-0,02997173
-0,02959441
-0,006720298
-0,0234173
0,002699328
0,02386104
0,008984149
0,001507517
0,05833076
0,01990587
-0,07636237
0,0665093
0,04880255
0,05898822
0,08709956
0,0107711
-0,02675713
-0,0770922
0,01002785
0,09371135
0,02218055
-0,2303862
-0,09715953
-0,02723021
-0,04911297
-0,07632985
-0,01188632
-0,1177296
0,08121917
-0,08497004
-0,1279339
-0,1346272
-0,09408229
-0,09362641
0,09669213
0,08257541
0,09340616
-0,06269325
0,02639856
0,1161216
-0,130175
-0,07560638
-0,02324549
0,06269638
0,07975241
-0,05274354
0,007847887
-0,01320348
-0,06178644
-0,04983463
-0,01522094
0,01901764
-0,001895284
-0,00626668
-0,007828814
0,008569261
0,07533919
0,1240716
0,04980562
-0,0117266
-0,08288612
0,04441943
-0,1228959
0,05380783
-0,03949147
-0,0424284
-0,02743941
-0,03250077
-0,06449844
-0,01674838
-0,06854687
-0,1686266
-0,01165755
0,1516108
0,09864109
-0,1232725
0,08691683
-0,01955976
-0,09302959
0,0557281
-0,1223245
-0,06114674
0,006470943
0,03713174
0,08483966
-0,08010393
0,09059046
0,1227016
0,07662059
0,07076887
-0,05737843
-0,07711315
0,08106975
0,05912342
0,02325567
0,004948051
0,006652052
-0,02601843
-0,0465022
-0,05780643
-0,01847875
-0,04595343
0,0005068179
-0,02976253
-0,02679982
0,03512606
0,007932005
0,07524665
0,06548724
0,1363211
0,09861086
0,09648369
-0,04262763
0,0250556
-0,105706
0,005779814
-0,1131466
-0,08957194
0,1235068
0,05805351
0,166755
-0,07373419
0,1042159
0,02220277
-0,02640633
0,04744161
-0,0893399
-0,1194053
-0,06567693
-0,1098525
0,1217676
0,1105137
-0,123415
0,03454947
0,03739346
0,0710609
0,07636745
0,1328939
0,1433891
0,001191682
-0,07211674
0,005934695
0,07175621
0,09299456
-0,04060369
0,05271093
-0,004678315
-0,0598542
-0,02936674
-0,02207142
-0,01666193
-0,0551568
0,004035359
-0,02125127
0,01705633
-0,01856647
0,03058472
0,06188468
0,02712766
0,01907622
-0,06551512
0,01371403
-0,09860226
-0,08467453
-0,003355964
-0,02777201
-0,1201729
0,01489729
0,09309585
0,02714868
0,06663039
0,08427192
0,04242147
0,03935513
-0,07047806
-0,04765403
-0,1095034
-0,02167282
0,01163298
0,1371208
-0,01822926
0,006544194
-0,1916762
-0,1452476
-0,08505737
0,2673744
0,1058369
0,05648821
0,01277342
0,1240665
0,03698611
0,0729012
0,1984369
0,03553493
0,05447666
0,02955367
-0,06344536
-0,05341964
-0,0157359
-0,02014571
-0,005614431
-0,06944548
0,0001863023
0,02642795
-0,0102711
0,07146837
0,1279227
0,09471762
-0,02456474
0,09814693
-0,09333157
-0,05102235
-0,01676355
0,01292237
-0,05572118
-0,01868976
-0,06380484
-0,02648044
-0,0486827
-0,1258187
0,1525554
-0,01137486
-0,1047654
0,01475929
-0,03721897
0,0724412
0,2366651
0,02906052
-0,2223932
-0,1970934
0,03541068
-0,02080529
-0,05436726
-0,0537457
0,05706489
0,09168284
0,1036843
0,03870563
0,04051355
0,0975817
0,1487513
-0,02819587
0,05329689
-0,04880767
0,1019699
-0,1167839
-0,08374745
-0,03132333
0,01941699
-0,03609202
-0,0541739
-0,03525833
0,01364322
-0,02080821
-0,02975904
-0,02938871
0,05289114
-0,0324501
-0,01787946
-0,02605886
-0,001616556
0,06448816
-0,00705328
0,04048974
-0,03169088
-0,08511256
-0,02790092
0,01764908
0,1032915
0,01891337
0,02920274
0,01021648
0,04252
0,1606096
-0,08913545
-0,06462656
-0,2372423
-0,01443223
0,05755867
-0,03407876
0,05947957
-0,07089762
0,1067199
-0,06070024
0,00155643
-0,09997284
0,0338365
-0,09909894
0,02033189
0,001416754
0,1467909
0,2202053
0,1372869
-0,00360882
-0,0127697
-0,05621712
0,008877128
0,03604752
0,05297257
0,01157511
-0,005823378
-0,00549283
0,0125099
0,02582031
-0,01993634
-0,005671992
0,005669919
-0,07442993
-0,0983026
0,1069982
-0,04768913
0,06638312
-0,06895315
-0,07447087
0,04647944
0,148727
0,01569852
-0,02822067
-0,06453244
0,05638193
0,04615054
-0,05427058
-0,07685087
-0,01753428
-0,08459266
-0,09211891
0,009935373
-0,1724915
-0,04663057
-0,1256901
-0,01662287
-0,1757827
0,1733852
-0,06109447
-0,1632717
0,1153643
0,116672
0,02833164
0,05409357
-0,007775981
0,08280516
-0,009784128
-0,002285381
-0,1533138
-0,09656526
-0,027337
0,03571772
0,06002599
0,08278205
0,0108322
0,02510985
-0,006802846
0,01541963
0,009577165
-0,02232002
-0,06724668
0,05859963
0,01599007
0,0004786329
0,08965196
-0,135902
-0,01007616
-0,07317048
-0,2202306
-0,1143266
0,06897319
0,1065909
-0,2010295
-0,04510954
-0,07276297
-0,1538835
-0,0373901
0,08895742
-0,04399198
0,04120825
-0,01567624
0,1154998
0,002131285
-0,08276195
-0,1036917
0,07302036
0,01395359
-0,01860601
-0,09334556
0,1005685
0,2322007
0,02382377
-0,08415999
-0,06403106
-0,1323375
-0,06189295
0,03429359
-0,1526911
0,003352774
0,0320431
0,02808459
-0,01612811
-0,001410304
-0,02363949
-0,05869721
-0,01060616
0,02960265
-0,01139723
-0,0080372
-0,00036317
-0,01674071
0,1070012
0,08208819
0,08584923
0,09017315
0,01072103
0,02908746
0,01464033
-0,05628908
-0,08131938
0,0375081
-0,08501811
-0,1162391
-0,1559479
-0,03382837
-0,05285516
0,1282704
-0,05141116
-0,1009491
-0,09099449
-0,1143882
0,06168479
-0,04323917
-0,04586051
0,1237538
-0,0380755
-0,141307
-0,1577137
0,00929911
0,1781473
0,002934459
-0,06091945
-0,06785484
-0,09871192
-0,0417472
-0,05898847
0,05897965
-0,100581
-0,04355857
-0,02314908
0,009628386
-0,05866415
-0,09642868
-0,06128577
-0,06025585
0,001457085
0,01165244
0,02370356
-0,01774618
-0,03144832
-0,01433583
0,04351574
0,07108711
0,1107277
-0,01782742
0,1126933
-0,02318667
-0,0118402
0,1401027
0,1408258
0,2428408
0,0459527
0,03068112
0,1045781
0,1133849
-0,04215228
-0,101421
-0,1621248
0,09391747
0,1301172
0,003437463
-0,1859215
-0,04687103
-0,006923378
-0,01934022
-0,1144027
-0,1923709
-0,06650157
-0,01859902
-0,06291252
0,07464229
0,02018763
-0,03836738
0,05788146
-0,1869573
0,0782593
0,06341967
-0,02885551
-0,09848444
-0,1164446
-0,04964015
-0,01481672
-0,0902946
-0,06820647
-0,03658016
-0,03225575
-0,006477221
0,02173525
-0,006051539
-0,02908638
-0,0656584
0,01355861
0,007993496
-0,03480535
-0,002981721
-0,02689647
0,04307027
-0,09204102
-0,07485475
0,05922126
0,05996856
0,001443765
-0,1317252
0,005810701
-0,005084019
-0,1122713
-0,05767325
0,04508219
-0,0152926
-0,04479129
-0,1150953
-0,3150311
-0,06978302
-0,04666592
0,1067707
-0,1183527
0,01435718
-0,009376793
0,02106417
-0,1511903
0,04721468
-0,06499551
-0,06905492
-0,1274653
-0,1106216
-0,009829987
0,04490882
-0,1035789
-0,1245415
-0,08787806
-0,04441711
-0,0001793242
-0,03156697
-0,04020444
-0,01669814
-0,03243202
-0,0296972
-0,03110917
0,01239606
0,009776695
-0,02041614
-0,0611145
0,03508829
0,1176604
0,2059068
0,07111608
0,08562404
-0,1613437
-0,1040754
-0,001338085
-0,008813311
0,1764756
-0,03023134
-0,001301889
-0,07220218
0,02352738
-0,01732558
-0,07134236
-0,01393001
0,02898471
0,09590176
0,1317029
0,1307333
0,07087897
-0,07599302
-0,006149712
-0,1010805
-0,1021875
-0,222496
0,009628915
-0,03671481
-0,01600931
-0,02110063
-0,1403238
0,0533503
0,03366578
0,03488533
-0,08339497
-0,08817076
0,001203722
-0,05439914
0,07712556
-0,03591268
-0,03362974
-0,05626923
-0,01983439
-0,04210783
-0,002744731
0,02400289
0,005168568
0,05824791
0,006037778
-0,1322758
0,1112036
0,06626026
0,1335141
0,09879321
0,1307941
0,0928087
-0,1597266
0,04545703
0,2721617
-0,09167864
-0,08008
-0,0008476328
0,03765714
0,04064797
0,06395297
0,07327311
0,01411916
-0,0592601
0,04216641
-0,07233197
-0,05989596
-0,3097332
-0,148534
-0,00830173
-0,03922519
0,01934916
0,155579
-0,08297313
0,04307258
-0,09375678
0,0572038
0,137872
-0,06293555
-0,09827306
0,03555505
-0,02166555
0,07513263
-0,002139743
0,0694005
-0,01561293
0,002874265
-0,01885259
-0,0308252
-0,01649629
-0,002546523
0,01983673
-0,05172368
-0,05080703
0,03715897
-0,02880413
0,2215889
0,09294162
0,01703653
0,02983506
0,1579156
0,03282883
-0,0301301
0,01286605
0,1093545
0,01003024
0,06260482
0,08934192
0,09455469
-0,03349008
-0,1447839
-0,01801459
-0,04532477
-0,1045412
-0,1235797
-0,160336
0,1728842
0,08962892
0,159072
0,2389702
0,04431346
0,05623933
-0,09959985
-0,09033415
-0,1392621
0,1254041
0,07424131
-0,01346053
-0,1554198
-0,06205308
0,1330743
0,1062308
0,05034041
0,0886824
0,0452326
-0,003725745
0,02201814
-0,0102115
-0,03153143
-0,01510233
-0,004288099
0,02210068
0,001860924
-0,03264243
-0,009906672
-0,01866985
0,08843707
0,06637508
0,09388469
0,1857131
0,07652288
-0,1569105
-0,02841836
-0,06040338
-0,06296254
0,08094434
0,1723038
0,007996319
0,06541132
-0,1217318
0,06910357
0,1259327
0,01900306
0,006885872
0,08540174
-0,05646592
0,02644151
0,05525298
-0,1019316
0,07506455
-0,05945393
-0,09589808
-0,07005641
0,08576622
-0,0002792734
0,06937546
0,07661706
0,0009469232
-0,08495133
-0,06584113
0,05518707
-0,02757457
0,07466076
0,06856582
-8,084363E-05
-0,05924962
-0,04730144
-0,01266447
-0,01680616
-0,0006915827
0,02679478
0,01230019
0,07895767
0,01795109
-0,01940974
-0,03956586
0,09198909
0,1609675
0,01485848
-0,06109604
0,04330849
-0,06233763
0,04037173
-0,02058643
0,1011411
0,02000938
0,09704116
-0,1389777
0,02325271
0,08817085
-0,1126388
0,1057196
-0,003408025
0,1701598
-0,02146303
0,01875067
0,03112507
0,09749953
-0,07130081
0,0316886
-0,00833981
0,1463527
-0,1105965
0,1077949
-0,02793537
-0,02490161
-0,002080956
0,06257011
-0,04139981
-0,07305992
-0,01197668
-0,04067432
0,1200745
0,08818165
0,01020511
-0,0037584
-0,01227964
0,02069904
-0,003094402
-0,006976132
-0,007824221
-0,0005353059
0,05855116
0,05772078
0,04692185
0,06012648
-0,07339762
-0,1570126
-0,003714724
-0,001797346
0,05903396
0,0937228
0,0126434
0,04184519
0,001568669
0,007533538
-0,104703
0,06534807
0,05215649
0,005891653
-0,08496268
-0,02361539
0,04106359
-0,02583999
-0,06177074
-0,05951054
-0,08640859
0,06306285
0,02947301
-0,00743064
0,03979681
0,1235646
-0,04900092
0,1601667
-0,03755787
-0,03050718
-0,08233789
0,09443615
0,1115355
0,04436256
0,1258553
-0,05392601
-0,05610288
0,09717771
0,07169832
0,04094175
0,03642016
0,02787534
0,02872836
0,0002641542
0,01625873
-0,01542969
-0,009672101
-0,001734009
-0,008919708
-0,009463875
-0,02179473
-0,09011061
0,004096354
-0,00587181
-0,008266251
0,1990729
0,03845413
-0,1582626
-0,03133355
0,1433846
-0,009509603
0,08976959
0,007030069
0,08512643
0,2396427
-0,07838403
0,1411326
0,1002235
0,06001499
-0,08838733
0,01987247
-0,009052101
-0,2157563
0,02261271
-0,03860572
-0,06219883
0,1482302
0,01556601
0,04088996
0,1027708
0,1341651
0,130452
0,1543855
0,06939001
0,1027923
0,1204013
0,05057719
0,02867812
0,02278521
0,03712707
0,03552716
-0,01945638
-0,006702281
0,03221505
-0,008315465
-0,01596628
-0,02174657
-0,007351696
0,04035128
0,05999112
-0,016478
-0,2192806
-0,0202153
0,133095
0,09553286
-0,01112019
0,00862454
0,05172322
0,1237866
0,02119525
-0,07099375
7,238584E-05
-0,02844991
-0,03602286
-0,1835267
-0,1087262
-0,1633698
-0,1066895
-0,1143355
-0,2534477
-0,168578
-0,08066665
-0,04713452
-0,1843585
0,02142204
0,0199455
0,02466434
0,09971015
0,1866703
0,1381786
-0,002732397
0,0247964
0,008726813
-0,08649842
-0,03382144
0,1148997
0,043914
0,02490294
0,0324306
0,08435281
0,02666488
0,04633178
-0,006917185
0,02521185
0,01749514
0,02316226
0,01328176
0,03467699
0,01295244
0,01823499
-0,05748081
-0,1559466
0,06720897
0,04755588
-0,02969987
-0,09706699
-0,1678979
0,0228596
0,06545791
0,05315778
0,0697806
0,2131344
0,3530963
0,1914227
-0,05196008
0,07496255
0,08192331
0,07866743
-0,02442772
-0,04549693
-0,01493041
-0,005522162
-0,04022267
-0,01017741
0,1541168
0,1453161
0,133775
0,02137277
0,1288183
0,2071712
0,06511939
0,002025065
-0,01737529
-0,1280396
-0,02896914
0,03440732
0,04315452
-0,03692006
0,03829978
0,02621986
0,03243225
0,03705008
0,001402044
0,003777275
0,009251744
0,014046
0,03991278
0,01710708
0,03801866
0,07723486
0,04584359
0,06398201
0,1452924
-0,03450546
0,005255843
0,09089085
0,1403425
0,119841
0,04548977
0,002663141
-0,04091934
0,05928818
0,1571538
0,09448981
-0,192264
-0,1431882
-0,06383997
-0,12844
-0,1400498
0,07058349
-0,009826661
0,04610712
-0,04964495
-0,04038786
-0,07588068
-0,03567388
-0,06150123
0,07250633
0,1102511
-0,09823807
0,05491638
0,01675212
-0,132418
-0,07107307
-0,01607683
-0,0179224
0,0126322
0,02217868
0,02733761
0,02593806
-0,01865876
-0,0107612
0,0412497
0,02009391
0,01590875
-0,02936012
0,02208236
0,03002109
-3,337443E-05
0,07917503
-0,004667908
0,03856725
0,009239244
-0,00290347
-0,09361643
0,05054285
-0,05708922
0,1102945
0,0585091
0,02675424
0,1743704
0,04700059
-0,01063863
-0,1037716
-0,1856829
-0,05335621
0,06161429
0,01138792
-0,06301339
0,004565376
0,0634962
-0,08933454
-0,1956581
-0,1605893
-0,01637698
0,02573987
0,1162607
0,07354765
0,08367105
0,04023659
0,05362026
0,02840075
-0,01790488
-0,1460104
-0,09971464
-0,1085928
-0,0690275
0,02480084
0,02301234
0,004029831
-0,0173386
0,001876608
-0,004505954
-0,01344157
-0,01635902
-0,01183782
0,02659157
0,005180595
0,09335873
-0,02024243
0,003890397
0,08664739
0,005012744
0,0158668
0,03226364
0,01636011
-0,09513414
0,05972686
-0,02678756
-0,09247006
0,1420367
0,1103745
0,1296137
0,0246539
-0,1953696
-0,1737557
-0,1314738
0,0007119538
-0,01385773
0,1478506
0,1577807
0,04667957
-0,07304871
-0,03083191
-0,09714145
-0,1232025
0,03012502
0,004579426
-0,07935038
0,05582215
-0,02597524
-0,1721998
0,04425077
0,02746977
-0,02655884
-0,01808606
0,02088716
-0,03299658
-0,03603581
-0,0653277
-0,01463788
-0,01340828
0,01719286
-0,0007945101
0,01590392
0,02674385
-0,009609915
-0,01362336
-0,01890392
0,1188334
-0,0511536
0,05970547
0,0738425
-0,008594716
0,04324074
-6,734472E-05
-0,00770995
0,01236034
0,09142852
-0,1660546
-0,08262096
-0,03496274
0,03288658
-0,1207192
-0,1488592
0,07362755
-0,0641074
-0,003620751
0,03511794
0,08709936
0,05230359
-0,03028636
-0,001564895
0,05775118
0,1473963
0,006095068
0,1754815
0,1576031
-0,04628377
0,05404753
0,041546
-0,1096111
0,0194779
-0,03975777
-0,1168923
-0,02346732
-0,0456523
-0,02433699
-0,03127743
-0,06480749
-0,06296512
0,005181049
0,006970384
-0,016432
0,000165605
-0,02009708
-0,00928386
0,005879676
0,07801321
0,05396218
0,009267219
-0,05485712
-0,08537307
0,06014965
-0,06858966
-0,0176256
0,006040276
-0,03754586
0,09937388
-0,06575471
-0,102689
-0,111244
-0,1467995
-0,05229797
-0,09815063
-0,02841105
0,06648003
0,03480656
-0,02211569
-0,2105402
-0,03874897
-0,1841037
0,00230713
0,07620276
-0,03862609
0,06109793
0,2127133
0,05534968
0,0221146
0,1073275
0,08738352
-0,01276034
-0,05430768
-0,0008408933
-0,002092407
0,01809389
-0,04608329
-0,01721288
0,009295282
-0,0187682
-0,03840894
-0,009178126
0,01554796
-0,009139348
-0,03113665
-0,01001413
0,005448082
-0,07865884
0,06480974
0,08370104
-0,01024189
-0,2422549
0,1078513
0,1769961
-0,0101038
-0,07675559
0,00326264
-0,0818999
-0,004083226
0,05226366
-0,002446401
-0,007446856
0,005720467
-0,1246735
-0,1474435
-0,0813237
0,09967045
0,0346262
0,0741727
-0,08979405
-0,1835177
-0,1069393
-0,05159251
-0,1142878
0,08803671
0,12798
0,1439507
0,06395896
0,1639051
0,06667046
0,01728803
-0,05187533
0,05460831
0,08418312
0,02222151
-0,04194587
-0,04657379
0,03622379
-0,005537807
-0,01014066
-0,04127598
-0,01940885
0,004365937
-0,03128092
-0,02251779
0,02639617
-0,08438843
-0,0520825
-0,002012171
0,01212758
0,06810688
-0,04529935
-0,06465483
-0,02469415
-0,04317312
-0,04840121
0,1047149
-0,09581611
-0,01459622
0,0482492
-0,06932889
-0,08017899
-0,1165418
-0,1486844
-0,1159528
0,1315789
-0,04743019
-0,1828643
0,05386644
-0,08643705
0,02919965
0,1155796
0,01158127
-0,04677078
-0,142401
0,1552152
0,04245831
0,06677113
0,1528784
-0,01862723
-0,08928258
-0,02254286
0,0536197
0,003617916
-0,01108001
-0,02727717
-0,009217737
0,04610986
-0,04620802
-0,007829679
-0,03742589
-0,02118998
-0,01800803
-0,001976276
-0,02325455
0,02056897
-0,02437758
0,04042203
0,07967714
-0,0680034
-0,1739468
0,1064822
-0,1230389
-0,03295066
-0,07902816
-0,03400888
-0,01959778
0,02043607
-0,1330041
-0,03890606
-0,215901
-0,1198391
0,1325631
-0,0861719
-0,1337079
-0,1087229
-0,100176
0,08460294
0,1092159
0,1303904
-0,2009293
0,03024367
-0,08734574
-0,005724097
-0,07342843
-0,07749301
-0,08763378
0,04455519
-0,01648792
0,169322
-0,1275786
0,1143199
0,01481801
-0,03818282
0,01652957
0,08173853
0,03616923
-0,05873119
-0,09173743
-0,04979877
-0,05060433
-0,02616212
0,03863559
0,02367029
0,001401161
0,02597909
0,01465006
-0,030865
0,04036157
0,05000973
-0,05745503
0,07899415
0,06946258
0,05303781
0,07342564
-0,03813862
-0,02779075
-0,01045502
-0,1402909
0,03213575
-0,1528845
-0,08854043
0,09514184
0,03998329
0,02560203
0,06427115
0,0009463699
0,07340074
0,1401315
0,1734924
-0,01799909
0,001522266
0,06673641
0,04759497
-0,1351547
-0,1318221
-0,01622656
-0,09629285
0,02643892
0,02411248
0,05908959
0,2106207
0,01334759
0,09362569
0,006508721
0,02387674
0,02167011
0,01741258
0,01706052
-0,02523306
-0,06589606
0,01655787
0,006956269
0,001302414
0,02102265
-0,0002256573
-0,01530219
-0,0924078
0,04468201
0,08491888
-0,01311822
0,08189775
0,02679031
-0,07755703
-0,04527283
0,0957353
-0,06007122
-0,006800511
-0,04541775
0,02545168
0,003905625
-0,03218605
-0,0733922
-0,2179656
-0,2200193
0,04087882
0,207768
0,01122436
-0,1859585
0,04463659
0,04461991
-0,04490424
0,03077902
-0,08211906
0,01175828
-0,1624103
-0,09975191
0,1465001
0,1920137
-0,004552501
0,03770879
0,1633168
-0,06844949
0,03190793
-0,03344194
-0,00392803
-0,003736659
0,003024699
-0,03083524
-0,0898689
-0,08600691
-0,0182799
-0,01453247
-0,02011786
0,02333181
0,005833071
-0,02731717
-0,008012523
0,04226737
0,03332647
-0,01908728
0,1030625
0,1057108
0,05446831
0,03440889
0,0006227105
0,05947508
-0,03460846
0,04315886
-0,009219057
-0,01384094
0,1011731
0,1753466
0,1631056
0,06870643
0,1124189
0,2030528
0,002535692
0,04903088
0,07869025
0,1429154
-0,140163
-0,1379219
-0,1591897
-0,1272109
-0,05130252
-0,01283132
-0,0338284
0,04906341
0,03134625
0,03778534
0,0885905
-0,03628571
-0,1311643
-0,2206692
0,03376194
-0,02752866
-0,1157546
-0,07889526
-0,01933464
0,0007009205
-0,03146524
-0,03441679
0,01991247
-0,006934861
-0,02280404
-0,0481504
-0,002432068
-0,02790411
-0,06564836
0,07700622
0,08301444
0,09241392
0,04204387
-0,0008969625
0,09498537
-0,06184264
0,1412886
0,1975888
0,08050052
-0,09055761
0,08750807
0,03151039
0,00131686
-0,06094636
-0,0347801
-0,02796945
-0,02577147
0,1257389
0,05494767
0,1359374
0,02921497
-0,2123539
0,1376659
0,1779394
0,06615756
-0,05296176
-0,2018086
-0,1715978
-0,1464788
0,0437602
-0,1421263
0,02407095
-0,06835452
-0,07675008
0,1392588
0,003529925
-0,07963584
-0,1088742
-0,08832923
-0,01642247
-0,01573166
0,001950032
0,05122383
-0,02125269
0,01684476
0,02272937
0,03162777
0,09034201
-0,0264839
0,1776794
0,06851121
0,2045685
0,01342758
0,04052857
0,02338597
-0,059696
0,08812139
0,2576605
0,1519385
-0,07311543
0,08862518
-0,1187443
-0,05248643
-0,1442739
0,03551822
0,1071483
0,0390593
0,1872136
-0,1479325
0,04470736
0,05646577
-0,01512821
-0,05756196
0,0575786
0,09502257
-0,1102453
-0,154907
-0,2414678
-0,2329258
-0,2104181
-0,1883741
-0,1094947
0,02982236
-0,1291926
0,04915678
-0,08364709
-0,06154038
-0,06301085
-0,01652817
0,04175829
0,01719241
0,00953521
0,02323841
-0,03919436
-0,002806057
0,02016315
-0,001396946
0,03975493
0,1043262
0,2732359
0,1029574
0,05409163
0,08187833
-0,05420977
0,08003343
-0,03178665
-0,07503861
0,1368701
-0,1686045
-0,1732936
0,2093838
0,002756937
0,0455467
-0,0436809
-0,1027927
-0,0112002
-0,07998144
0,1221378
-0,04429229
0,06338695
0,1776539
-0,0398127
0,013791
0,09148245
0,08478938
0,003538662
0,05957598
-0,06971695
-0,1032902
-0,1657051
-0,02732508
0,05764102
-0,01638233
-0,02350278
0,1189304
-0,05479518
0,04392283
0,02247533
-0,01122593
0,02667551
-0,003308296
0,007889638
-0,03255533
-0,008675277
-0,002515188
-0,03652668
-0,02198761
-0,05869601
0,05097037
0,1080926
0,1248925
-0,02166346
-0,1152654
-0,02969763
0,01110808
0,04104806
0,0009617584
-0,02272904
0,06446842
-0,02380682
0,1086701
0,05722788
0,2044113
-0,1462593
-0,105514
-0,1612894
-0,05214791
-0,06174822
0,1182617
-0,04065124
0,1167618
0,2007467
-0,0140279
0,04700244
-0,0121492
0,1001314
0,1679451
-0,02529716
-0,0892405
-0,1149756
-0,1947748
-0,1017049
-0,1081671
-0,1345614
-0,0911066
0,03229736
0,06741598
0,01910195
-0,03608415
-0,001039785
-0,02243012
-0,03753483
-0,01468598
-0,01581069
-0,01336456
-0,0007489698
-0,005913554
0,04598695
0,1185415
0,09381218
0,02650234
0,02741981
0,01091869
-0,0005474798
0,0716579
0,06413845
0,04394786
-0,02320391
0,07405412
0,2540771
-0,1129364
-0,03224622
0,06979522
-0,08510642
0,07110018
-0,2064409
-0,05866759
-0,01598291
0,08335687
-0,04719288
0,1164856
0,2442254
-0,01022589
0,08339249
0,1136389
0,1754927
0,04823168
0,07274049
0,02393207
-0,005507291
0,07553281
-0,008747175
-0,1894596
-0,1779018
-0,02279175
0,02061218
-0,0434989
0,03699333
0,03126698
0,07376076
0,01088454
0,01588811
-0,01554442
-0,04505784
0,01030335
-0,0286616
0,01960654
0,08193973
0,08595624
-0,01347321
0,2076055
0,004343759
-0,136346
0,05320276
0,1072571
-0,03603967
-0,03052251
0,08135839
0,04642112
0,1777977
0,004037298
0,05836169
-0,02416248
0,1867496
0,09227308
-0,1077861
-0,1098407
0,01436406
0,1556184
0,2620258
0,1293642
0,2617026
0,1145002
-0,01709734
0,01384194
0,02730422
0,138755
0,1550381
0,08550397
0,0764744
0,01172349
0,1164565
-0,01843019
-0,03494786
-0,08375483
0,02864438
-0,04743253
0,01499268
0,0307221
-0,01048518
0,003010103
0,0675085
-0,0294789
0,0019625
-0,004356508
-0,004401098
0,04096421
0,02491626
0,04418033
0,1777407
0,1093557
0,002535131
0,1487345
0,03545376
0,04156833
-0,03263228
0,02282537
0,1849059
0,03543542
0,1428009
-0,176465
-0,004682485
-0,1115398
0,04105318
0,1784416
-0,1630827
-0,05256275
0,02017798
-0,006143553
0,154838
0,1623141
-0,02678989
0,3077589
0,1749807
-0,04488296
0,1153699
0,1643205
0,03479549
0,1332079
0,03025136
0,07290271
0,09020133
0,04583468
0,0366387
-0,03419043
-0,0017486
-0,05573264
-0,03442166
0,06072087
-0,009744093
0,02769074
0,01465774
-0,03107794
0,002268813
-0,03067321
0,01224071
0,01772804
0,03537762
0,04594718
0,1747142
0,06698252
0,2237971
0,01923715
0,01156882
0,02772372
-0,004537391
0,05561836
0,04698469
-0,0529146
-0,006253003
0,06500715
0,03745167
-0,1936922
-0,02193097
0,05597587
-0,09758174
-0,1747263
0,07664874
0,1143291
0,2117686
0,2975225
0,08424217
0,1580968
0,1897945
0,03213704
0,02248148
-0,03689079
0,04960977
0,1501242
0,1257308
0,08528064
0,06626651
0,09599593
0,0485465
0,03437372
-0,07260025
-0,05784261
-0,00460836
0,006873322
0,04931447
0,03002136
0,02201317
-0,007659282
0,005308414
-0,02416528
-0,03403255
0,01883974
0,00800972
0,04906704
0,1934784
0,02451895
0,08045112
0,004830748
-0,02079786
0,02756786
-0,05249766
-0,1041269
-0,09989139
-0,03833994
-0,03877405
0,04368569
0,0551407
-0,0748468
-0,2786053
-0,05768476
-0,126823
-0,04091614
0,002912377
-0,1136764
-0,2221752
0,2212353
0,01432787
-0,04358795
0,1696694
-0,05130075
0,03393692
0,06834152
0,05400557
0,1841008
-0,01099692
0,05050071
-0,009515556
-0,1010336
0,003957954
0,09270735
0,05152133
0,09179942
-0,1273206
0,04740505
0,09323299
0,01285454
0,0188985
-0,01177071
-0,004068153
0,02944733
0,002429931
-0,04576164
0,05211541
0,02102827
0,0373083
-0,01220656
0,01582324
0,1480225
-0,03556275
0,02248568
0,03680008
-0,1596973
-0,1394197
0,04972712
0,07432602
-0,1324742
-0,01629446
-0,1597977
-0,1194117
-0,07850917
0,009888235
0,1226946
0,2004835
-0,02224638
-0,02749549
-0,2184677
0,1227031
0,02402105
-0,07685153
-0,1024312
-0,07762636
-0,03185804
0,1287284
-0,007247906
0,1221809
0,002035828
0,06780723
0,05423942
-0,004945646
0,07959754
0,04398019
-0,002288746
-0,07938135
0,02373132
0,05403688
-0,0024324
-0,001903275
-0,02379317
0,00668657
0,01553494
0,009913724
0,01488919
0,02439497
0,01875663
-0,02727985
-0,06498051
0,002527918
-0,005152979
-0,02551635
-0,09450755
0,07943286
-0,1314526
0,1225631
0,182101
0,1037754
0,1800073
0,0326671
-0,1364332
0,08659023
-0,1197336
-0,1467494
-0,07148353
-0,02928863
-0,07281906
-0,03624215
-0,001822001
0,2399003
0,1655224
0,03300808
-0,1312949
-0,1579171
0,1290504
0,2643114
0,1007797
0,1033241
0,06902561
0,0554911
0,06290981
-0,06598083
-0,009566768
0,05290731
-0,01616324
-0,01845631
0,09804458
-0,03171986
-0,02918204
0,04794903
0,02106755
0,01055014
0,02004299
-0,02283522
-0,01491442
-0,0439009
-0,03679372
-0,03963849
-0,03188518
-0,03401957
-0,03618058
-0,2019315
-0,1186314
-0,009386467
0,04284896
0,1025807
0,1576332
-0,05399334
0,1338248
0,08378666
-0,07547986
-0,2258255
-0,2441901
-0,08766653
0,03368554
0,006361456
-0,1224189
-0,01770071
-0,09025865
-0,1595957
-0,007864975
-0,05040991
-0,1019624
-0,08648583
-5,44094E-05
0,03613736
0,1279033
0,07702489
0,07089604
0,1998786
0,10435
0,04704197
-0,01661005
-0,05456685
0,0522777
0,03686804
0,06668386
0,001818959
0,04167498
0,05961436
0,003890176
0,03754541
0,01782777
0,01737995
-0,03397908
0,008562421
-0,1681164
-0,1714422
-0,02623944
0,003888029
-0,1272746
-0,1681001
0,07983337
-0,01877696
-0,03608063
-0,1442404
-0,05278502
-0,09827118
-0,1821798
-0,1323895
-0,1905755
-0,08633079
0,0528802
-0,001364989
-0,1111793
-0,1089457
-0,04178501
0,0713238
-0,01719301
-0,1570521
-0,06121388
0,05868514
-0,0903181
-0,07050573
-0,1201252
0,2055326
0,2548956
0,07996117
0,04123374
0,1260084
0,01688228
-0,02327125
0,1058239
0,1129134
0,0455635
0,02235037
-0,01733013
0,01767422
0,05122779
0,05847198
0,04609721
0,0002739495
0,0006699017
-0,02846078
-0,06466991
-0,06960174
0,008758068
-0,05893843
-0,1891625
-0,08577865
-0,06296847
-0,07953348
0,004093183
0,08140306
0,09225112
-0,04085563
-0,05641051
-0,02128859
-0,1913013
-0,01298301
-0,06503209
-0,1739259
-0,1050596
-0,07373015
0,01201925
-0,1681632
-0,01229073
0,03369498
-0,1663434
-0,2332195
-0,01556639
-0,03948144
-0,3329948
-0,1260346
-0,03986415
-0,01720239
-0,03536257
0,0867532
0,08387838
0,09068379
-0,006611874
0,1595209
0,2164078
0,1524662
0,06709095
0,05367337
0,04382459
0,07864404
0,085429
0,00415948
0,009320325
0,0473496
0,01570511
-0,05508897
-0,05091673
-0,1269721
-0,1217731
-0,1174247
0,09725246
0,03192303
0,07442312
0,1007806
0,05508986
0,01854273
-0,07445721
-0,1387896
-0,1052672
-0,09533186
-0,1189499
-0,03905869
-0,1785139
-0,2428677
-0,01111467
0,06442001
0,09099536
-0,01023255
-0,1353305
0,07007304
0,0005221321
-0,153528
0,01630295
-0,1353821
-0,1243098
-0,05866408
-0,09183071
-0,03553941
-0,07461503
0,1708012
0,1244409
0,09307791
0,109428
0,2605065
0,1323266
0,232444
0,120287
0,07635187
0,002569705
0,04041657
0,07476171
0,01763874
0,05741919
0,003612163
-0,02114166
0,01066871
-0,03903294
-0,05525574
-0,09616832
0,00970536
0,07111523
0,1094903
0,04333533
0,03693761
0,06578472
-0,04131819
-0,06637497
-0,2060481
-0,255734
-0,108674
-0,03747783
-0,03131271
-0,06465215
-0,09347716
-0,09400864
-0,03687744
-0,04366746
0,01178643
-0,06895658
-0,09862603
-0,1742305
0,008775259
-0,06908307
-0,01264657
-0,1262246
-0,2954361
-0,08986641
-0,1970455
0,01235282
-0,02265186
0,082736
0,1348912
0,2330795
0,2406836
0,1385738
0,2301941
0,2012693
0,06715938
0,01305849
0,08273836
0,09708929
0,08734404
0,06192784
0,02683399
-0,02581039
0,03954946
-0,04695546
-0,008612429
-0,08901791
-0,08571681
0,0617664
0,04250259
0,00770422
0,07745537
0,1128751
-0,1619506
-0,2054094
-0,1569809
-0,09795846
-0,12687
-0,0634995
-0,07401937
0,01256062
-0,01845785
0,01257699
-0,1231699
-0,06628221
0,1896944
0,06126365
0,1157212
-0,20961
0,1275794
-0,07680162
-0,1179036
0,003886221
-0,2260628
-0,1789909
-0,04114621
-0,08621205
-0,132524
-0,04881552
-0,04663316
0,1916341
0,1705429
0,1695365
0,3096823
0,2176252
0,07155992
0,07259215
0,1436784
0,1942618
0,09366712
0,05220778
-0,00855548
0,02570798
-0,02376247
0,05586853
-0,01005675
-0,0973721
-0,02657001
0,0403136
-0,02655225
-0,02387514
-0,01457406
-0,02420493
-0,1162108
-0,05335995
0,01334801
-0,03312233
0,0862079
0,1405046
0,1101923
-0,0126131
0,0574517
0,05748037
-0,0003300364
-0,07283407
0,1968692
-0,003606026
-0,02684703
0,08974028
0,1054664
-0,003263526
-0,004979649
-0,2147075
-0,2147628
-0,1265171
-0,1944074
-0,02986515
-0,1755665
0,08356801
0,05376832
0,02044854
0,1202597
0,1961011
0,1208136
0,02712119
0,06182409
0,04725799
0,1404991
0,08107027
0,04603223
0,03756312
0,02879503
0,0137382
0,01833277
-0,02457811
-0,01142057
-0,07308728
-0,0904703
0,05087603
0,02745902
-0,01459696
0,001718751
-0,07059918
0,04253119
0,06506997
-0,09661494
-0,1259959
-0,02717979
0,01916626
-0,02102046
-0,1533638
-0,1838468
0,062454
0,01008626
0,01967763
0,2204369
-0,06492648
-0,07890857
0,2662353
0,05960146
-0,06424522
0,007263095
-0,1690852
-0,2532408
-0,3104979
-0,1457914
-0,2137949
-0,2212203
-0,3213687
-0,1873915
-0,01539394
0,008649686
0,02567743
0,08416978
0,1497938
0,05881194
0,0124198
0,06327834
0,05341098
0,05842187
0,02376248
0,04283529
-0,02380062
0,03253936
0,06821654
-0,07480136
-0,08833435
-0,1171748
-0,04908964
0,09571359
-0,02828211
-0,01529784
0,1582053
0,1896756
0,04680007
0,09486089
0,07636547
-0,04139341
-0,1783623
0,02007782
-0,2052801
-0,3172134
-0,1345032
-0,02066192
0,0670238
-0,04555267
-0,08878376
0,1095081
0,1458232
-0,1176867
-0,00501467
-0,0257543
-0,1231591
-0,1229504
-0,3751438
-0,1439845
-0,0481126
-0,1612925
-0,3539813
-0,09621767
-0,121381
-0,03135446
-0,06520013
-0,005411052
0,06578656
0,009457636
-0,04299133
0,08315451
0,00241312
0,0321968
0,007957711
0,01069305
-0,005140258
-0,02785164
-0,0210502
0,05707991
-0,02265131
-0,04745452
-0,132593
-0,163958
-0,07654712
0,1246526
0,08106627
-0,04160921
0,04230317
-0,03634002
-0,0156843
-0,08698075
0,130799
0,04182448
-0,1846958
-0,07604807
-0,1604865
0,1193138
-0,1310859
-0,1325665
-0,01917861
0,1376196
0,3244091
0,06276161
0,2099406
0,08305005
-0,1503061
-0,250217
-0,1894069
-0,2094577
0,03058967
-0,0872002
-0,1514268
-0,2125278
-0,1576657
-0,03162746
-0,06944747
-0,06640822
-0,03025055
-0,07927009
-0,04223187
-0,0106383
0,02311556
0,01532541
0,02660871
0,02850247
0,01661274
0,0107518
-0,02186556
0,09631822
-0,08936267
-0,2088923
-0,002272857
-0,0791617
-0,1067621
0,1229536
0,1183443
0,05965706
-0,1404732
-0,09516544
0,06258125
0,05176278
0,1426784
0,04779548
0,04699629
0,03515016
0,07051892
0,004917015
-0,06541625
-0,01705744
-0,07543331
-0,1041398
0,01456948
-0,009993898
0,1004441
0,05820366
0,04049954
-0,1390944
-0,04887041
-0,110249
-0,07349215
-0,2062048
-0,1633437
-0,1042558
-0,08730707
-0,1554134
-0,1509674
-0,2235612
-0,176368
-0,1275486
-0,09196464
-0,04404964
-0,01095169
-0,0007678939
0,03071628
-0,004395251
0,01921325
0,01851583
0,03244269
0,03483264
-0,06055791
-0,09839862
-0,05076326
0,03059727
-0,1614112
-0,1326868
0,08305654
-0,04070477
0,05274905
0,1173347
0,08933635
0,04194738
0,09493493
0,1381681
0,01013082
-0,1590314
0,00389618
0,1668578
-0,06118066
-0,05040173
-0,2209002
-0,0690653
0,02054653
0,134193
0,1141133
0,05760681
-0,009237767
-0,1206458
-0,352898
-0,05702206
-0,08273257
-0,09828915
-0,08810432
-0,04109696
-0,1234111
-0,03316143
-0,03488031
-0,1033766
-0,1150236
-0,1050974
-0,1480075
-0,02801267
-0,0352491
0,01499636
-0,01297576
0,009034272
-0,005861565
-0,02912922
-0,001241749
-0,07497787
-0,09491307
-0,1315983
-0,1840707
-0,09846549
-0,05729981
-0,131089
-0,02151325
-0,06640224
-0,1151864
-0,1160088
0,1004394
0,05006786
0,0522545
-0,02372012
0,02331963
0,1842109
0,1188886
-0,09750374
-0,1923556
-0,1237178
-0,05964047
-0,2631475
-0,07794935
0,2185411
0,3248402
0,1227447
0,005386969
-0,1517971
-0,1575794
0,05514793
0,09673918
0,07213899
0,08404411
-0,1373304
-0,2738922
-0,148102
-0,1507049
-0,09687021
-0,055545
-0,187791
-0,101357
-0,04344218
-0,04099571
-0,01974341
-0,01436558
0,02740458
0,01375139
-0,03318864
-0,04602324
0,007155375
-0,003252155
-0,0452034
-0,02900971
0,06260882
0,003170412
-0,07218469
0,02304483
0,08122583
0,06420206
0,1559331
-0,06000184
0,1419174
-0,07175655
-0,07014672
0,07368679
-0,1125216
-0,0005494038
-0,1231599
-0,2631842
-0,2059721
0,01615961
-0,10346
-0,02880295
0,0423899
0,1389462
-0,03495327
-0,01778706
-0,07670388
-0,1698253
0,07263578
-0,005814047
-0,08754451
-0,02759747
-0,03440356
-0,2116364
-0,1057742
-0,1467449
-0,1499329
-0,1078586
-0,1415113
-0,1011689
-0,007670084
-0,009243351
0,01287671
0,001869091
0,01697248
-0,03152872
0,007791166
-0,03257269
-0,04727331
-0,06849336
-0,1334824
-0,1730885
-0,1566962
-0,002251959
-0,09569482
-0,04029718
-0,0422703
0,2333433
0,2111605
0,003237133
-0,03969958
0,1178251
0,02784589
0,09206218
-0,06246454
0,09251394
-0,1349954
-0,1962186
-0,004819573
-0,1401759
-0,04543676
0,03167242
0,2348209
-0,1853741
0,01562521
0,08236328
0,02875393
0,02370662
-0,1031383
0,1047795
0,004515983
0,1201627
0,1378798
-0,1233812
-0,1456198
-0,1969022
-0,1508359
-0,05098899
-0,06397635
-0,05793607
-0,04461084
-0,05648229
-0,0397173
-0,007046775
-0,009645447
-0,01047415
0,0006547364
0,001168186
-0,07422879
-0,1616641
-0,1168577
-0,04533174
-0,1066367
-0,1533851
0,03492524
0,1165215
0,03261322
0,008755483
0,1888731
-0,1217207
0,08824253
-0,007596304
0,04855464
0,1005263
0,02733893
-0,07710366
-0,1799717
-0,2118608
-0,08132014
-0,2678116
-0,01187758
-0,1012905
0,2403615
-0,03109474
0,1370371
0,251466
-0,0581322
0,2004307
0,08530199
0,129441
0,1758389
0,04861856
0,01279785
0,09398075
-0,1688031
-0,2102766
-0,07091212
-0,03364403
-0,06561585
-0,06036071
-0,02515379
-0,001811708
-0,02731707
-0,01002839
0,01374119
-0,02060667
-0,02482125
0,007665543
-0,08584175
-0,1586891
-0,02122607
-0,005830653
-0,03710644
0,03937175
0,09903012
0,0989351
0,04974185
0,1187611
0,03391279
0,06210995
0,1204456
0,06957094
-0,08191969
0,1287273
-0,1273767
-0,0964511
0,04407026
-0,1221512
-0,04166465
-0,2527539
0,02317543
0,1256913
0,1703839
0,0567174
0,07178687
-0,009842772
-0,1463587
0,08578394
0,1509375
0,1510968
0,2150432
0,1507273
0,05554493
-0,02542435
-0,1360339
-0,02743316
0,007357723
-0,02369002
-0,03675758
-0,02852887
-0,01445907
-0,0007938304
0,02508833
0,01069588
-0,02372536
-0,02780964
0,02988711
0,01590974
-0,09074956
-0,1043405
-0,08368564
-0,0524555
0,1629644
-0,01408575
0,05982946
0,04793795
-0,07605334
0,1296997
0,002231664
-0,08244494
0,001532738
0,01660523
0,004467177
-0,04183058
-0,1551893
0,01359454
-0,01554108
-0,0550895
-0,1320125
-0,05621837
0,002085669
-0,004724348
0,05736893
0,1239757
0,1136369
0,04316986
0,07544095
0,05983916
0,07206396
0,2373651
0,1339182
0,1631669
0,2165033
0,09149752
-0,0285352
-0,07038653
-0,09497996
-0,09539983
-0,07357636
-0,02167128
-0,00920245
-0,01421748
-0,01498632
-0,02371713
0,01454822
0,01131917
0,02066968
0,01424349
0,02898083
-0,0562626
-0,05050414
-0,1264728
-0,09261459
-0,1499922
0,008927318
0,01496911
-0,01146041
-0,1156838
-0,07223593
-0,04537497
0,223204
-0,04476993
0,05310714
0,02510774
-0,01708638
0,1763496
-0,03404668
0,04225888
-0,1020056
-0,1718273
-0,0901678
0,03922772
0,2065655
0,04146322
0,01470815
0,1109599
0,03482408
0,1169744
0,1206429
0,2719041
0,2387094
0,03757363
0,1176295
0,04854653
0,03561699
0,05170631
-0,04659866
-0,04309525
-0,05462607
-0,0256178
-0,0004540051
-0,0007273959
-0,005468751
-0,02442515
-0,01684004
0,02895302
-0,004020739
-0,05321338
-0,1040347
-0,04219539
-0,03452876
-0,03243953
-0,1059996
-0,02122905
0,06689657
0,02474978
-0,2418983
-0,1428164
0,1250477
0,03628426
0,04645437
0,02363677
-0,06886424
-0,03192328
0,02900659
-0,06563366
-0,04206197
0,05390647
-0,04700366
-0,02589157
0,02553925
0,05845957
0,0276423
-0,1317347
-0,01021855
0,04803068
0,01131777
0,06274437
-0,1224812
0,06056715
0,1188786
0,03282774
0,02983518
0,1557908
0,08671079
0,1299608
0,03868817
-0,01937902
0,007557223
0,005753162
0,005740199
0,01840445
0,01840532
-0,02632472
0,0245574
4,511213E-05
0,03564673
0,01306233
0,02453543
-0,04750996
-0,02321922
-0,01296521
-0,01567892
-0,003428877
-0,003755214
-0,1346675
0,1359159
0,1384036
0,09194954
0,1033118
-0,01798516
-0,05773249
-0,138051
-0,1198303
-0,1144593
0,1246356
-0,02490435
-0,1414344
0,09628235
-0,03920353
0,1698676
0,04785233
-0,06327143
-0,1126431
-0,06983119
-0,0249564
-0,1932552
0,02498266
0,003974701
0,07600196
0,01513921
0,1344906
0,01662538
0,1894087
0,009049439
-0,03911071
0,02716354
-0,04564098
0,03895348
0,0389671
0,05489795
0,0413752
0,0387326
0,007351426
-0,01608905
-0,01866473
-0,009331468
-0,0001958401
0,01650598
-0,05849151
-0,03058202
0,07280415
-0,05580472
0,05260294
0,05354598
0,07098856
0,003934638
-0,00756915
-0,2011591
-0,03858325
-0,1010785
-0,0655944
0,1379621
0,08491134
-0,06059051
-0,04526206
0,01475849
0,09929731
0,07019944
-0,07606367
-0,05595524
-0,0721198
0,1595789
-0,1425257
-0,1664743
-0,08039607
0,0006111326
0,05751532
0,0287112
-0,02765419
0,06947502
-0,002532402
-0,08599628
0,08273228
0,07123614
0,02406292
0,035798
-0,03368828
-0,01641744
0,03210603
0,01753684
0,04833189
0,0283563
0,03223643
-0,01840206
0,01260625
-0,0041351
0,02464926
-0,05914108
0,03281027
0,007170272
-0,111542
-0,02686732
0,00455366
0,0791419
0,1129434
0,08675139
0,07217034
0,05697234
0,002718565
0,07826065
0,04129323
0,1275715
0,0408177
0,1378568
0,1912466
0,09340752
0,02351413
-0,01563494
0,03354065
-0,003969887
-0,06345724
-0,03011522
-0,0744886
-0,03975278
-0,08758132
-0,1391573
-0,07961734
-0,08826984
-0,08628691
0,07884546
0,0640281
0,01361243
0,1226637
0,03968952
-0,02328551
0,05064429
0,04992162
0,02951041
0,01932044
0,009057737
0,01254741
-0,0006231042
-0,01153707
-0,01889572
-0,0156422
-0,02380428
-0,01125249
-0,0111667
-0,02361078
-0,002997841
-0,03945
-0,114507
0,03535157
0,02846025
-0,04209201
-0,05719099
-0,04903176
0,02563918
-0,01880947
0,06635576
0,01408624
0,04362537
-0,08211678
-0,1534493
0,07164881
0,03772046
-0,04147097
0,05629425
-0,04228415
-0,04758653
-0,1010122
0,02746414
-0,06752288
-0,1042655
0,03634205
0,06286886
0,05381156
0,07294496
-0,04028431
0,06379221
-0,009215682
-0,01717635
-0,03308776
0,015145
-0,001247079
0,01932167
0,03695003
0,02846577
0,05031931
0,001733025
0,0315893
0,04339233
0,02530154
-0,004086446
-0,0208684
0,02421681
-0,006411228
0,01064051
-0,03077198
0,001614267
-0,05367437
-0,0908744
-0,0002881203
0,07279895
0,09272626
-0,04639306
0,01768259
-0,02116938
-0,07604753
-0,07296548
0,0452285
0,02277898
-0,1294416
-0,07878071
-0,1426638
0,07962641
0,001584049
-0,0783746
-0,09631182
-0,03837545
-0,02416745
0,005701305
-0,06491198
-0,06649716
0,1110559
0,02773119
-0,05188633
-0,02524352
-0,09369091
-0,0946148
-0,04381184
-0,03967535
0,0004472159
0,00573764
-0,03291345
-0,009578284
0,05820724
0,01960623
0,001917552
0,007726145
0,0265272
-0,01133676
-0,001039151
0,004603675
-0,02656158
-0,007141924
0,02871582
0,01279431
-0,02308649
-0,004555091
0,003508215
-0,08836632
-0,04553473
-0,05642366
0,01004925
-0,0007183234
0,06019184
0,02805801
-0,05538302
0,03700191
0,07218742
0,1209897
-0,03341305
-0,08992226
0,0408251
0,01249995
-0,0632972
0,01022547
0,0479905
0,1300214
0,09542657
0,1526279
0,06503376
-0,04922036
-0,07569685
-0,09795476
-0,030885
-0,05458614
-0,05033869
-0,01612253
-0,01746698
-0,03790677
-0,04738935
0,02395135
0,02565503
0,003691342
0,02845758
0,05122875
-0,005132264
0,01244372
-0,01294046
0,01676996
-0,007246145
-0,005251732
-0,01533205
0,01557233
0,01132768
-0,02103634
0,02331605
0,01256419
-0,008667297
-0,04370977
-0,08754154
-0,04379473
-0,04355761
-0,01409173
-0,05561
-0,04048964
-0,00438805
-0,0382494
0,06851074
0,07698674
0,03417318
-0,06180407
0,05654133
0,09303497
0,02260082
0,02099526
0,02481634
-0,01661921
0,04808905
-0,0205863
-0,1218016
-0,1273811
-0,1245393
-0,08407566
-0,01534574
-0,02216738
-0,05577639
-0,07449291
-0,005414942
0,03072452
0,03636843
-0,02844634
-0,02672421
0,00384657
0,001573605
0,03384608
0,01940856
-0,01237905
-0,01337407
0,004051995
-0,003547709
0,03090323
-0,02834575
0,02725891
-0,02572923
0,008860928
0,006782803
0,005173841
0,02213494
-0,03702551
-0,01704951
-0,02886417
-0,03902959
-0,03259927
-0,04135718
-0,05392766
-0,0006541422
-0,0205915
-0,01892791
0,04689496
0,06160152
-0,01894911
-0,03332147
0,007700219
-0,02512709
0,01146657
0,02428899
-0,01970634
-0,06666698
-0,0646408
-0,05868264
-0,1067672
-0,03158104
-0,06158477
-0,04779711
-0,02297335
-0,02569755
0,0156368
0,002680274
-0,01310263
0,0299464
0,001080355
-0,0349794
0,002455006
-0,01165415
0,008220275
0,009574746
0,0136412
0,003994728
-0,01151342
0,02837303
-0,0045102
0,01514207
0,0009803858
0,008426383
0,0258222
0,006856207
-0,01206801
0,003863304
0,006270418
-0,01760679
-0,005944537
-0,01709139
0,018651
-0,004627672
-0,0006291039
-0,02693245
-0,04613102
0,04336574
0,05530791
-0,01108684
-0,00899356
0,03348924
-0,046308
-0,01363649
-0,01607923
-0,03374333
0,003765387
-0,03952184
-0,05405418
-0,04516473
-0,06045124
-0,007071174
-0,03113753
-0,08463192
-0,03722088
-0,01465426
-0,01302186
0,008628997
0,005935491
0,002024301
-0,009830127
-0,02409609
0,02713108
-0,02319805
0,008294269
-0,01495521
-0,008991865
-0,01324025
0,009651026
-0,02589457
0,003498977
0,0245349
0,02266158
0,02574823
0,0221371
-0,002258406
0,009258296
0,005294197
-0,01463069
0,001688534
-0,03762916
0,003231531
-0,0008677096
0,006727394
0,0005349786
-0,01429229
-0,01205124
0,0006404321
-0,03074879
-0,01971445
0,02446104
-0,005932281
-0,03448435
-0,04579472
0,02679752
0,01455931
-0,008089116
-0,0628711
-0,04371783
-0,01478127
-0,0298181
-0,05043117
-0,01539675
-0,01430221
-0,03345988
-0,002143762
0,005995141
0,0203218
-0,01866218
0,0164075
0,02683015
0,01999638
-0,01586731
-0,02712782
0,005479229
0,01145783
-0,005823473
-0,009922627
-0,005472832
0,02756658
0,01427143
0,009255968
-0,02060598
0,003294375
-0,0257848
-0,02112084
0,01408171
0,01862057
-0,03508288
0,01352266
-0,00502797
0,0004880007
-0,001940793
0,000290443
0,01756804
0,006460624
0,01667424
0,0170702
-0,0205696
0,01492334
0,01147247
-0,004146473
-0,01972809
-0,03044977
-0,02109375
-0,02016072
-0,04523683
-0,03503637
-0,02183506
-0,04350773
-0,03491941
-0,03400156
-0,0009697006
-0,0306472
-0,02540998
-0,01925008
-0,02314357
-0,01671267
0,004919732
-0,02265568
0,02959014
0,02312388
0,02325811
-0,001968335
-0,00980189
-0,006545752
-0,002062246
0,02214173
-0,01544949
0,022226
0,0139208
0,0001219349
-0,0264209
-0,001430502
-0,0276837
-0,02350133
-0,01498759
0,02109717
-0,01167347
0,0241532
-0,02486053
0,002165796
-0,01583762
0,01157233
-0,01999113
0,0135656
0,01367459
-0,02890761
-0,0243782
6,714164E-05
-0,007161024
0,00123356
-0,02320196
-0,03285965
0,02040922
0,02431086
-0,001753537
0,01607184
0,01285398
0,01159882
0,0006451941
-0,02651184
0,02239886
0,007341187
0,0001365619
-0,02967325
-0,0002737406
-0,01998958
-0,01563775
-0,02333748
0,02834713
-0,01202712
0,0264764
0,0175231
-0,02510194
-0,004596681
0,01050177
-0,02220568
-0,01630771
0,0002405203
0,005691768
-0,005679274
0,01082041
0,01176952
-0,01070769
-0,02598509
-0,009578587
0,0293117
0,002583128
-0,0276155
-0,007226844
-0,01419307
0,01965822
-0,004305603
-0,01817768
0,01874678
0,008325302
0,007879292
-0,01525625
-0,02100735
-0,01833617
0,001268019
0,01248852
-0,03439367
-0,0003107847
-0,02003485
0,01076521
-0,01236618
-0,03708995
-0,005871934
-0,01870726
0,003946685
0,01055501
-0,003726346
-0,01768402
-0,01603382
0,0005865577
-0,01879846
-0,0126895
-0,004529001
0,01616261
0,007182794
0,01126928
-0,01934556
0,01596341
0,01339372
-0,001633923
-0,0007189024
0,002950622
-0,01788094
0,01514654
-0,02985709
0,02236266
-0,02510669
-0,01337707
-0,02909209
0,007347988
0,008440346
-0,02137329
-0,02321209
-0,007489993
0,0277121
0,02862063
-0,02956077
0,0197842
0,01599857
0,001767227
-0,007222643
-0,01662887
0,02810884
-0,009518292
-0,002859432
-0,009685243
0,01692111
-0,009830642
0,003341525
0,01998429
0,006737185
-0,01351896
0,02037018
0,0145698
-0,01863015
0,01936112
0,01742714
0,01609397
-0,0144727
0,01306467
0,008507255
-0,01732941
-0,01536261
0,01039148
0,02522665
-0,02478068
-0,01736874
-0,02537983
0,01932286
0,00970295
0,01049131
-0,008695914
0,02802077
-0,02081584
-0,02453862
-0,01446739
0,004669065
0,02236067
-0,01170571
0,009554205
-0,02696675
0,01088664
0,01037441
-0,02257552
-0,02961854
-0,008654962
-0,01197799
-0,007978907
-0,01992611
-0,02237207
-0,01989089
-0,01662174
0,003284811
-0,02530845
0,02588639
-0,01990585
0,02957625
-0,01136229
-0,004221337
-0,008438411
-0,02153056
0,01462552
0,004100794
0,02720791
-0,01640022
-0,01433716
-0,01034737
0,01159519
0,009347408
0,02751938
-0,01449317
0,02680432
-0,001222154
0,007521421
0,01081081
0,02672385
0,002405012
-0,02275462
0,009916116
0,003879537
0,01774702
0,02119075
0,02512777
0,01160652
