-0,01268636
-0,005662164
-0,02365425
0,01051072
0,01825995
-0,016977
-0,007022565
-0,01752826
0,01403796
-0,0152154
-0,006140985
0,02232235
0,02149354
-0,009760818
0,02092281
-0,02104917
-0,02876209
0,02083362
-0,02533491
-0,008100362
0,02141067
0,01314894
-0,02525164
-0,00819779
-0,01738954
0,02194713
0,02977007
-0,02493325
0,0007984886
0,02061449
-0,01478522
-0,02393454
-0,01828689
-0,001685412
0,02061737
-0,02282975
-0,01913867
0,003729043
-0,009974884
-0,02113649
-0,02382147
0,01181093
0,01455176
-0,01423264
0,02724304
0,009803403
0,01523677
-0,01539466
0,02615181
0,01791745
0,004274354
0,02215069
0,002493943
0,0110925
0,01771831
0,005169187
-0,01209163
0,01285243
-0,002305375
0,02646925
-0,01679427
-0,0204026
0,007306004
0,02376219
0,02856335
-0,01310671
0,01046426
-0,01183074
-0,001759135
0,008543258
0,03126561
-0,002502652
-0,002253943
0,02429169
-0,01603996
-0,02665424
0,02759241
0,01715768
-0,01160902
-0,002928718
-0,02851199
0,009133058
-0,03235606
0,01774618
-0,01801164
-0,02362078
-0,007875771
-0,01368527
0,009058413
-0,01414238
0,01985725
-0,007180756
-0,02358336
-0,004772281
0,02778091
0,02135606
-0,02504623
0,02030643
-0,01006888
0,01216539
-0,0297554
-0,004903301
0,01371465
-0,01865386
0,0204983
-0,02678898
-0,01447021
0,007722244
-0,004800733
0,00411209
0,003630589
-0,0074204
-0,01979415
0,02164721
0,01475922
0,002923099
-0,02320613
0,01648278
0,002942202
-0,00274289
0,008386989
-0,0257428
-0,004713572
-0,02785726
0,003758454
-0,0115168
-0,02804319
-0,03445043
0,01992665
-0,01007063
-0,0362203
-0,04340692
-0,003846878
-0,001391037
-0,01818958
-0,00134001
0,01465331
0,004100584
0,01616553
-0,0341386
-0,03191032
0,02810349
-0,03061284
-0,02100359
0,01136852
-0,007392431
-0,02499409
-0,0146983
0,009116104
0,001760419
0,0158762
-0,01586338
-0,02621162
0,0217386
-0,03562144
0,008785032
0,02388347
-0,0001192584
-0,0009020405
-0,04006759
0,01021085
-0,02309166
0,0001123014
-0,0362147
-0,006542924
-0,005627282
-0,03157765
0,01056261
-0,005598786
-0,02374511
-0,01251657
-0,03464463
0,001509541
-0,02510533
-0,02110569
-0,002083482
-0,04180707
-0,01848168
-0,01936851
-0,03510756
-0,01917172
-0,06630314
-0,0428987
-0,03930304
0,0001972279
0,01712025
0,04008111
-0,0273811
-0,01385829
-0,0002440297
0,01966908
-0,006580232
-0,01058874
0,01569909
-0,003236763
0,01269245
-0,009616049
0,03136633
0,01397136
-0,01425404
-0,008547414
-0,0006312833
0,02171798
0,01267462
-0,03146867
0,01077961
-0,01722739
-0,02302941
-0,0263728
-0,05685847
-0,02512068
-0,01341337
-0,0548627
-0,05667143
-0,03137801
-0,009823584
0,01542392
-0,0162387
-0,006655074
0,004834492
-0,03699008
-0,04663073
-0,01229178
-0,02475782
-0,05664627
0,002106956
0,0003494443
-0,03563571
-0,05475869
-0,01764031
-0,05512882
-0,0340462
-0,02099604
-0,02721372
-0,005365029
-0,02080787
-0,01429766
0,004323997
-0,02889359
-0,02696685
-0,01266113
-0,02902994
-0,02095647
-0,01159643
-0,02477743
-0,01525916
-0,004549996
-0,01217634
-0,02297796
0,01648411
0,01346526
-0,02385976
-0,003392563
-0,01240722
0,007632002
0,0269339
-0,04526854
-0,04504641
-0,02026616
-0,08827606
-0,03295306
-0,02428327
-0,0067266
-0,04053597
-0,0795584
-0,0964732
-0,03354553
-0,0310198
-0,07375809
-0,06333929
-0,0984137
-0,09444082
-0,05110961
-0,05807019
-0,07400588
-0,03073455
0,03762578
0,0003435476
-0,001050559
-0,007275717
0,005652202
0,05205724
0,04617107
-0,04996447
0,007048128
0,0535173
0,0333304
-0,05828192
-0,05354129
-0,07911492
-0,0215562
-0,02531504
0,004096615
-0,01002766
-0,0005149914
0,03085354
-0,004134904
0,005636193
-0,01302911
0,002863764
-0,01081589
0,004941231
-0,01783553
-0,02320527
0,001943147
-0,02087506
-0,09944031
-0,08031322
-0,0202781
-0,003711203
-0,01011377
-0,03559196
-0,06263079
-0,09893648
-0,05614745
-0,1005553
-0,07541149
-0,08123634
-0,04076568
-0,06165164
-0,04141258
-0,0770722
-0,1028926
-0,1021115
-0,04578799
0,02773705
0,07610292
-0,04456062
0,07228988
0,0284853
0,06587876
0,03121666
0,01963885
0,007964332
0,01263376
0,04287178
-0,01601437
-0,04602345
0,0356153
-0,03865584
-0,07209302
-0,03463091
0,0003415254
-0,0198173
-0,01387295
0,0119227
-0,004641517
-0,00666467
0,0190698
-0,008344715
0,003676032
0,0167962
0,01325598
0,003695055
0,03055989
0,004612169
-0,1057563
-0,1038413
-0,1648218
-0,08759325
-0,1049591
-0,05313857
-0,07423191
-0,09420493
-0,09709714
-0,1464816
-0,08097852
-0,02182238
-0,005113036
0,0488358
-0,03931211
-0,0892467
-0,2063587
-0,1184348
0,003227784
0,1001154
0,04075478
0,006983455
0,03305966
-0,07299263
-0,02370065
-0,00102716
0,1009151
0,1855313
0,1844443
0,08937411
0,03122926
0,002084091
-0,04598453
-0,07735994
-0,06262915
-0,04763885
-0,02661587
0,007672554
-0,01718428
-0,01027875
-0,03098802
-0,004480858
0,01044373
-0,02402226
-0,0143407
0,01958382
-0,02293331
-0,005090831
0,07149051
-0,04542677
-0,06409957
-0,0846845
-0,1461268
-0,05828739
-0,07773695
-0,197823
-0,1762106
-0,1188972
-0,0982993
-0,01264788
-0,003186876
0,004885029
-0,07297756
-0,07318548
-0,09050669
-0,149814
-0,1935508
-0,1300573
-0,05783496
-0,003014319
0,0718932
0,1043722
0,05669561
0,06242424
-0,1007046
-0,01029869
0,188942
0,2474616
0,1854656
0,1373089
0,08829456
0,0143875
0,006405952
-0,01289395
-0,1084522
-0,07748953
-0,01890586
-0,04718086
-0,02173172
0,0008266697
-0,04838221
-0,003478837
0,009673553
0,007048548
0,01157057
-0,005040937
0,02602264
0,004589529
-0,04112049
-0,08525618
-0,09266449
-0,1101754
-0,03606527
-0,04884803
-0,1025357
-0,1780266
-0,1262155
-0,1876252
-0,08069062
-0,1291941
-0,0909486
-0,1444895
-0,1081636
-0,06123123
-0,07086707
-0,09512186
-0,1743609
-0,2278872
-0,07831547
0,04912918
0,1343851
-0,04517257
0,04502211
0,03400823
-0,04641122
0,08818341
0,01880763
0,05893396
0,1001807
0,09659363
0,0687594
0,08593458
0,06037907
0,02960781
-0,01441937
-0,04861423
-0,0669616
-0,03835301
-0,01033983
-0,02128609
-0,01293574
-0,03105783
-0,02674772
0,01862009
-0,01709392
0,007366999
0,0002446876
0,04018639
-0,06714203
-0,08554564
-0,07985662
-0,113286
-0,138344
-0,006979655
-0,05336276
0,03245009
0,03463282
0,002349598
-0,09316235
-0,2162611
-0,1226238
-0,03495006
0,01683377
0,166339
0,06977836
-0,09841812
-0,2167759
-0,2035624
0,03029261
-0,08984337
0,06637088
0,08929225
0,03245333
-0,01352685
-0,0168731
-0,06626438
-0,01489815
-0,006974581
0,01838113
0,1496077
0,1122828
0,1349298
-0,03800479
0,04218687
-0,1225705
-0,07288469
-0,02965755
-0,05853361
-0,0506901
-0,005195199
0,0005509381
-0,03820685
0,02069842
-0,01314237
0,02812787
-0,03483384
-0,01193434
0,004686982
0,142739
-0,008919819
-0,03114002
-0,01480464
0,04781027
-0,03742757
-0,08912247
-0,05699651
0,08842455
-0,004608475
0,01264337
-0,1256809
-0,104562
-0,006487126
-0,006842303
0,1042724
0,04495857
-0,02012111
-0,1649013
-0,0639619
0,0128605
-0,0618622
0,07020859
0,1113799
0,07019244
0,02738143
-0,06182383
-0,06473467
-0,03514395
0,09119946
0,05497568
0,0003283261
0,1675195
0,07935035
-0,07383943
-0,005048525
-0,006052099
-0,03232075
0,00684129
0,003988398
-0,05270308
-0,01214608
-0,02504594
-0,002088868
0,01515379
-0,003945849
-0,01804699
0,03888375
-0,04882438
-0,02146226
0,04557741
0,02656063
-0,02917615
-0,07636392
-0,02755758
-0,06658223
-0,1349265
-0,1308974
-0,1809519
0,05880406
-0,02895308
-0,1150981
-0,02007363
0,02571487
0,003205749
-0,01059384
-0,021711
0,07756562
-0,05771101
0,01726603
-0,222241
-0,3305885
-0,09710823
0,1001588
-0,1660161
-0,145189
0,02143263
-0,1134299
0,1073903
0,005057102
0,01232316
0,1201646
0,167211
0,1337509
-0,02444053
-0,04034691
0,01815983
-0,06168109
-0,02867542
0,03081811
0,01441199
-0,02204887
-0,02105178
-0,002239757
-0,0353393
0,02600354
0,02687906
0,003736971
-0,0005519198
0,04653366
0,05797269
-0,02072161
-0,06606751
0,03154377
-0,0488753
-0,131892
-0,09484532
-0,024183
-0,05679756
0,03747881
-0,02094812
0,007207221
-0,008227934
0,03786752
-0,03870516
-0,02600459
0,09503064
0,06244845
-0,1114356
0,002856232
-0,286206
-0,3841388
-0,1721141
0,02541671
-0,09643794
0,01153007
-0,06473897
-0,1403658
0,1963432
0,04294161
0,0170328
-0,01291079
0,2058371
0,2120786
-0,01367015
-0,02751823
-0,1586471
-0,1106103
-0,127493
-0,01817072
0,001097337
-0,04247447
0,01452629
-0,02863991
-0,02649034
0,02369771
0,007079655
0,0254918
0,04027268
-0,001561066
-0,005290844
0,1324027
0,03730395
0,003924491
0,05684584
-0,005557861
-0,1013204
-0,01790831
-0,2107416
0,09753904
-0,09736901
-0,1172731
-0,198428
-0,05168511
0,08342101
0,138298
0,1962935
0,1465472
-0,05668059
-0,007990159
-0,2900969
0,04113687
-0,08488711
-0,04126904
-0,1497789
-0,006596415
-0,04762349
-0,1337589
0,2757621
0,1760963
0,05186742
-0,02946819
0,1300171
0,2245801
0,09232824
-0,01398608
0,02781019
-0,1080585
-0,1134284
-0,07886192
-0,02462452
-0,06157224
-0,000772193
-0,04369961
-0,01988795
-0,009743257
-0,01713295
0,03469282
0,03944487
0,04253084
0,004555735
0,07310446
0,009960276
0,05562745
-0,0426859
-0,1907434
-0,01085589
-0,0841233
-0,02287918
-0,1282201
-0,02098719
-0,04752475
-0,07087674
-0,08081795
0,01331608
0,1547779
0,1421919
0,2173793
0,1912632
-0,0833342
-0,1743881
-0,01301834
-0,1166935
-0,08377329
0,02000482
0,09251373
0,1216916
-0,1463481
0,0421237
0,09161348
-0,0234014
0,1142783
-0,002074575
0,1235357
0,02740264
-0,00462858
0,04352114
-0,009612687
0,00286029
-0,06512184
-0,0376624
-0,052108
-0,01959295
-0,01154747
-0,03036694
-0,005539759
0,00728057
0,02430712
0,009645361
0,007624332
0,04258959
0,0496617
0,09471476
0,08302003
0,1958276
-0,01427731
0,04040987
0,125078
0,001115356
-0,03427348
0,1543087
-0,03479696
0,09961137
-0,02833452
-0,0418632
0,1414536
0,05832402
-0,03438094
0,06708335
-0,0686267
-0,195877
-0,08977482
-0,190992
-0,07341939
-0,01895074
-0,1800663
-0,02218021
0,002166222
-0,08034255
0,05883169
0,08657455
0,05556512
0,03491593
0,04945201
-0,04099451
-0,06878969
-0,0226981
0,01386492
-0,06139047
0,006808294
-0,04593658
-0,01647062
-0,02382081
0,002958137
-0,02789903
-0,03076601
-0,007458485
-0,0068748
0,01627757
-0,009830977
0,06312177
-0,02440468
0,0771215
0,1520847
0,07707049
0,1382193
0,1425303
0,03969743
0,06992793
-0,03183191
0,3022327
0,183032
0,177575
0,2142838
0,07540037
-0,01601033
0,0742695
0,3472851
-0,004945395
0,08105087
0,116912
-0,05335585
-0,03129456
-0,0794258
-0,09768216
-0,2175286
-0,09342614
0,05380789
-0,02649884
0,04653613
0,1421613
-0,02157075
-0,06089917
0,08203135
-0,1451253
-0,006270302
-0,07346857
0,1075432
-0,07833012
0,004314991
-0,08562587
0,03451129
-0,02596414
-0,05267324
0,00322264
-0,02583481
0,003254001
-0,004795656
-0,01339055
-0,003800425
-0,07068066
-0,07253522
0,0896458
0,2104006
-0,037701
0,1676783
0,1655206
0,1643763
0,3975358
0,08866024
0,2152356
0,1824765
0,1037769
0,2068308
0,1719583
0,02499068
0,08466928
0,3999604
0,2432149
0,1332087
-0,1101395
0,05576665
-0,08732649
-0,1276895
0,03529539
0,02725045
0,004737572
-0,01429144
0,138514
0,03480311
-0,1350039
0,05003612
0,1917587
0,02153718
-0,1263498
-0,0454776
-0,00573681
0,004490384
-0,07175999
-0,0215241
-0,02597998
0,09327801
-0,001553413
-0,04916531
-0,01567761
-0,008825765
-0,004282876
0,001385989
-0,03690454
-0,01061279
-0,0196734
-0,03880465
-0,02761293
0,06768774
0,03667548
0,1963171
0,2101109
0,1507093
0,2631612
0,3695931
0,3732783
0,274183
0,497627
0,2720177
0,1294296
0,2014385
-0,05041095
0,2909157
0,1060843
0,1379999
-0,07386687
0,01763348
-0,07592242
-0,02243615
0,1428822
-0,005787756
0,04293692
-0,08849015
-0,04129538
0,008466722
0,06432362
-0,09476229
0,02358079
-0,1460793
-0,1190306
-0,009710778
-0,01650424
0,02174591
-0,08390621
-0,02961087
-0,008999541
0,03881299
-0,01369571
-0,04728144
-0,007338758
0,0008179452
-0,01451223
-0,01145214
-0,0341203
-0,00535334
-0,1111543
-0,01507556
-0,01305024
0,1610882
0,06214209
0,2960613
0,1758543
0,02205386
0,05434567
0,2362318
0,1731654
0,1152513
0,1578699
0,1702591
0,1607297
-0,03575589
-0,05155372
0,1177876
0,02947169
0,08834369
0,158635
-0,1612359
-0,02385957
-0,02820038
0,07536472
-0,09576837
-0,02730552
-0,09202138
0,03598024
0,03748807
-0,01403282
0,02175688
-0,182435
-0,03259338
-0,1011639
-0,1980332
-0,05443909
0,04195508
-0,1316474
-0,03836654
-0,02533044
0,09981586
0,007371795
-0,0302295
0,002737323
-0,02064843
0,02326636
-0,01752356
-0,009650499
0,02112902
-0,04724354
-0,06369565
-0,06523078
0,02392262
0,08826121
0,0623037
0,1397029
0,1751936
0,09892017
0,1430582
0,1183307
0,1549794
0,1504126
-0,1794658
-0,4024965
-0,2312779
-0,2027553
-0,1341605
0,0874
0,1370485
0,1168872
0,01790586
-0,000771305
0,1100598
0,04662494
-0,03925509
-0,07994017
-0,02953157
-0,2261263
-0,08614656
0,06931127
-0,0271794
-0,05614188
0,03584618
-0,03931589
0,01790489
0,06422834
0,06814499
-0,03073508
0,008896445
0,0409758
0,05203405
0,03706544
0,02695972
0,01769547
0,001423946
-0,0189299
-0,01508932
-0,01764925
0,02660418
-0,05346146
0,04834906
0,1673924
0,06007916
-0,007942122
-0,02338425
0,08281448
0,1321643
0,02535863
-0,02640695
0,004655409
-0,09601672
-0,2046583
-0,2635915
-0,4330593
-0,06521445
-0,1830054
0,1572381
0,08106047
-0,08554161
0,1599642
0,09746101
-0,00600732
0,04683077
-0,1525293
-0,125746
-0,1034346
0,02791121
0,0315367
-0,07227948
-0,09959427
0,1029796
-0,08078387
-0,1436522
-0,04360443
-0,0251648
-0,04717577
0,1064538
0,1917012
0,0853212
0,02009731
0,01277565
0,06629808
0,006093577
0,02192937
-0,03952845
0,01528697
-0,03241669
-0,0007822671
-0,01232488
-0,04652155
0,1041616
0,1347015
0,03243579
-0,006563179
0,3009203
0,04374018
-0,1243118
0,02977648
-0,06902436
-0,1038494
0,01837605
-0,2622981
-0,373993
-0,4367741
-0,2281899
-0,01060642
-0,04883685
0,330483
-0,05103082
0,03120201
0,1362712
0,002966338
-0,07728292
-0,1237131
0,01488069
-0,03361899
-0,06084058
-0,0931383
-0,04451631
-0,04808063
-0,009913554
0,04354519
-0,004088499
0,0175129
-0,0684258
-0,1210894
0,04798958
0,1374938
0,04974598
0,04720585
0,02189293
0,07513724
0,0521716
-0,04735018
-0,0152471
-0,02874558
-0,02518058
-0,03529484
-0,1080312
-0,01105138
0,1193933
0,1674425
0,07448233
0,04454535
0,1375679
-0,1079854
-0,08284911
0,05520194
0,1170959
-0,05091285
-0,1917143
-0,4219207
-0,4352081
-0,2446772
-0,1448826
-0,01790098
-0,01672792
0,1852923
0,06382862
0,1024413
-0,08323293
0,1167404
0,04231418
-0,0863308
-0,03899663
0,009343097
0,04298658
-0,1277761
0,01818703
-0,1003917
0,0336353
-0,02527199
-0,1133375
0,009203565
0,1057804
0,0437318
0,08718315
0,0232513
0,07543777
0,02491257
0,0878002
0,06777067
0,06708404
-0,007298049
-0,03000686
-0,0292385
0,01086045
-0,05554968
0,04585178
0,03541231
0,03320078
-0,04393338
-0,12011
0,09858369
0,1273964
-0,1870189
0,02882577
-0,1628378
-0,05301677
-0,3144174
-0,1951902
-0,3319577
-0,1073617
-0,06475393
0,069802
0,01751824
-0,1519231
0,1223906
0,1804207
-0,1261169
-0,1301561
-0,003129224
-0,1155657
0,1265552
-0,06125501
-0,2339868
0,04828433
-0,1753647
-0,05585804
-0,1183741
0,1145983
0,06787742
0,0108816
-0,02456298
-0,0116296
-0,003090717
0,02688567
-0,03534406
-0,06471907
-0,002190843
0,02078523
0,02685164
0,08768795
0,03271433
0,02814269
-0,007759265
-0,01589969
-0,01921495
-0,001375618
0,0943612
0,03637669
-0,1108756
0,001694779
0,02771058
0,001159269
-0,08162892
-0,1753573
-0,09473677
0,004941964
-0,1884085
-0,2171381
-0,1900257
-0,116376
-0,4103951
0,06527318
0,006140437
0,02277479
0,1281876
0,04447473
-0,006479104
0,05941556
-0,07861827
-0,06220836
-0,005093799
-0,04440473
-0,2158226
-0,05730432
0,08167931
0,1576087
-0,01996011
-0,01278051
0,1246257
0,1233674
0,08864506
0,05883136
0,08369866
0,1173558
0,1312412
0,1390831
0,07301234
0,01537931
0,07058821
0,1206995
0,08498521
0,04492811
-0,0113907
-0,009959514
0,08744588
-0,01173657
0,10557
-0,007274689
-0,05646128
-0,002725678
-0,09651034
0,05885875
0,01455731
-0,156238
-0,2105801
-0,1673037
-0,1970942
-0,001960503
-0,09078712
-0,108886
0,02966354
0,1192616
0,07025319
-0,0461298
-0,07141384
0,05156922
0,06953374
-0,09476866
0,06065751
-0,1041885
0,02391163
-0,1089235
0,0008320549
0,07801803
0,115597
-0,01139743
-0,06830925
-0,105539
0,2556179
0,08191689
0,1144099
0,1536656
0,02818141
0,06687927
0,0855246
0,07761868
0,1293955
0,1112528
0,1050576
0,07912045
0,1054777
0,01903965
-0,0254676
-0,01974103
-0,03395713
-0,03830605
0,08872613
0,02466992
0,0005124419
0,0008225722
-0,139371
-0,03351153
-0,002958454
-0,08410684
-0,1887709
-0,1206071
0,004977672
0,14936
-0,1713373
0,07039307
0,06464364
-0,04023639
0,02943689
0,08947138
0,09797638
0,02452955
-0,0836175
-0,05391613
0,02059257
-0,1281476
-0,07579454
0,01322987
-0,01905455
0,01536918
-0,05241461
0,004172957
-0,07881358
0,1003839
0,1544686
-0,05103588
0,1123357
0,003330394
-0,09364095
0,04468941
0,06009269
0,01334265
0,03841726
0,06847645
0,02918814
0,06548607
0,08670403
0,05322061
-0,02771292
-0,01599526
-0,01711713
-0,006982168
-0,004709725
0,02275185
0,03065015
-0,1537567
-0,07172837
-0,01986258
-0,02560166
-0,08155346
0,01949745
-0,09245207
-0,1407101
0,04385531
0,121361
0,08446408
-0,04230752
-0,09169059
0,04855281
-0,08644286
-0,07467843
0,06941539
-0,03445779
-0,09984539
-0,1045196
0,008978543
0,1615542
0,06955326
-0,03253441
-0,1092048
0,05075449
0,04304521
-0,06486171
-0,02684264
-0,003932199
0,01309544
0,07317606
-0,05241691
0,01512688
0,07161126
0,1179781
-0,02453971
-0,0162179
0,01689951
0,06334973
0,1080079
0,04442147
-0,01518897
0,009903951
0,005964751
0,006605569
-0,1034647
-0,06897959
0,02687855
0,07130519
0,09153077
-0,01467793
-0,08690955
-0,05567127
0,07651883
-0,09494552
0,03517564
0,03707452
0,2151662
-0,04907961
-0,04386476
0,008024708
0,09565858
0,03105073
-0,009296211
0,08077699
0,09709608
-0,01237878
-0,2002911
0,1137096
0,1902904
-0,06368149
0,101637
0,03127623
0,02901766
0,04978311
0,059502
0,2240938
0,05764631
-0,1199717
0,1253818
0,01326737
-0,02144022
-0,03551621
-0,01006845
-0,0008195814
-0,03175995
0,05164227
0,1201621
0,07361955
0,07474962
-0,04648996
0,0004194713
-0,02750232
0,005709526
0,007760871
-0,01960012
0,03331977
0,03191976
0,01186983
0,1508049
0,06143675
-0,006651304
0,02827784
-0,102811
0,01139698
0,06592289
0,03959554
0,1446636
0,0546997
-0,08067592
-0,06720726
-0,1659052
0,1812911
0,04412648
-0,01831458
-0,08116952
0,1126194
-0,02799808
-0,1311006
0,04356159
0,1378945
0,02334078
0,1014825
-0,01919198
0,1711505
0,2468453
-0,03009239
-0,1316839
0,1689396
0,004298248
-0,03502503
-0,01044937
0,009440323
-0,01134384
-0,09107234
-0,01890073
0,06845838
0,05200021
0,0388125
0,01010189
-0,01380236
6,259081E-06
0,002314684
0,01534564
-0,0009175151
-0,03885587
-0,06784011
0,01972945
-0,05104188
0,06018404
-0,1407234
-0,07845042
-0,06165434
-0,01010667
-0,002759297
0,09047231
0,01461316
-0,06425542
0,08032742
-0,06861091
-0,1729341
0,0446307
0,00882799
-0,04701087
-0,09857758
0,03109493
0,08252984
-0,05993305
0,02576405
0,141345
0,01237675
0,001621837
-0,01932931
-0,004453886
0,03508854
0,06701
0,01222722
0,1518842
0,1503113
-0,1240615
-0,07628754
0,1275674
0,1216916
0,01954639
0,02453342
0,1010359
0,1429565
0,05016002
0,04117389
0,01402764
-0,05646959
-0,04812988
-0,0005242854
0,05152102
-0,0977467
-0,09076851
-0,1063119
0,00193411
0,1250197
-0,05405644
-0,05785541
-0,1012255
-0,1064026
-0,06029879
0,1088471
0,06710999
-0,05514344
0,05812743
0,1398066
0,02610696
0,153845
0,02969783
0,08941915
0,03699997
-0,02529123
-0,07841582
-0,1582936
-0,1038937
-0,04905477
-0,009666477
-0,01814752
0,1097412
0,1108601
-0,009370869
0,02869985
0,05542056
-0,04841626
0,1511161
-0,03082947
-0,003815986
-0,02841177
0,08140923
0,01689945
0,06544899
0,1042523
0,1016104
0,08903003
0,09689553
0,01556025
-0,005531107
-0,0230969
-0,03223678
-0,01399084
0,01584919
0,02153626
0,009026213
0,03304119
-0,09549987
-0,0339486
-0,01672923
-0,1102068
-0,05545022
-0,04909156
-0,1244179
-0,06561356
0,1538907
-0,07043573
0,1628702
0,1067026
0,009561357
-0,09307545
-0,01325657
0,011171
0,03825485
-0,02907507
0,1065763
-0,05883021
-0,06349742
0,004292668
0,08231632
0,1665166
0,02749275
0,08023526
-0,01734696
0,03624791
-0,01634562
-0,03507548
0,04496231
-0,01869148
0,1220501
-0,009229682
0,02442003
-0,08532442
0,09548114
0,05727162
0,0332474
0,07663079
0,02267083
0,0111208
-0,004143179
-0,02247005
0,0006382182
0,02332609
-0,01822361
0,05105681
0,03302207
-0,08779924
-0,04560778
0,04196675
-0,001434286
-0,02152626
-0,10918
-0,2799562
-0,006832784
-0,06815909
-0,05849747
-0,09566848
0,1517701
-0,04058243
0,0655534
-0,1210587
0,05009959
-0,009105898
-0,1205365
0,0995655
-0,08672538
-0,1398065
-0,1085053
-0,01152429
-0,08970403
-0,06946029
-0,2831964
-0,07655219
-0,002933239
-0,03612395
-0,1114293
-0,04406968
0,1244368
-0,08767718
0,01385099
0,01486466
-0,08025407
-0,1778107
0,06558162
0,0386789
0,09741136
0,1014902
0,03149285
-0,01210081
-0,05018197
-0,03294115
-0,05079402
-0,0181194
-0,0231556
-0,01903241
0,1792537
0,06190439
0,1184034
0,02785069
-0,1281206
0,06025252
0,09328435
-0,04900173
0,05292684
0,1260069
-0,02140956
-0,1130248
-0,105346
-0,05185679
0,2413919
0,04433813
0,0151651
0,1295485
-0,1007108
0,09286268
0,06214157
-0,1890241
0,1817039
0,01820949
-0,01777057
0,02657315
0,04361724
0,07287598
-0,1273913
-0,09936593
0,06799642
0,1202105
-0,02715274
0,01423322
0,05139035
0,05853508
-0,1528432
-0,04676887
-0,01916848
0,03485335
0,1354021
0,03104139
0,05700354
-0,00626336
-0,02130189
-0,02061199
-0,01881486
-0,01034496
-0,01887704
0,03920066
0,07419986
0,008783281
0,1899914
0,1580281
-0,03249272
0,08903868
0,039844
-0,003339611
0,02110017
0,01268118
0,09236903
-0,01901819
-0,02218016
-0,04192176
0,04249326
-0,07157245
0,01243855
0,1959059
-0,1215535
-0,1448343
-0,06280392
0,01470588
-0,1029713
-0,004765547
0,3512564
-0,05814936
0,05054125
0,05519135
-0,1823772
-0,04180595
0,01792846
-0,007613412
-0,08683232
-0,03246179
0,05270279
0,01819677
-0,07504036
-0,1681567
-0,02282411
0,06241417
0,001660635
0,01750164
0,02904557
0,01137623
0,006066476
0,008361425
0,007684043
-0,02413507
0,01196343
-0,004883626
-0,04054886
-0,1560266
0,04287072
0,0989374
0,1573457
0,1686787
0,05866597
0,1059423
-0,02640218
-0,2095153
-0,1099786
-0,1140625
0,07129677
0,0064295
-0,178056
0,09364735
0,01969144
0,03010687
0,0522044
-0,1145632
-0,003149158
0,080789
0,07807971
-0,09289531
-0,09388822
-0,100039
0,00721741
0,05417927
0,02016332
0,2271727
-0,02907844
-0,08974086
0,0110701
0,0005181986
0,08025873
-0,08497057
-0,1510201
-0,05990421
-0,09155381
0,07855566
-0,07263289
-0,02740379
-0,01984116
-0,02311086
0,03792102
-0,01091276
-0,02544718
0,001437246
0,003278997
0,06133692
-0,06144127
0,0290459
0,1668269
-0,01957509
0,1295726
-0,004281901
0,03147769
-0,09451398
-0,1598873
0,1914898
-0,03448518
-0,06155765
-0,06743693
0,1634458
-0,008339021
0,08232956
0,03201357
0,04577313
0,1712707
-0,0003960692
0,08639424
-0,1549821
-0,06798324
-0,1057815
0,01147926
-0,06984075
0,01636554
-0,1847416
-0,149239
-0,04431619
0,01175445
-0,1471825
0,01179862
0,04373275
-0,1065907
-0,1791203
-0,07663497
0,06859923
-0,00394783
-0,05458621
-0,02936506
-0,00982698
0,03444282
0,006369258
-0,01568211
0,017057
0,01940664
-0,007087349
-0,0314017
-0,04341111
0,04724363
-0,05824583
-0,04736238
0,022792
0,01686734
-0,07335773
0,04763568
0,1154817
0,01589879
0,08622886
0,002447098
0,01710471
0,05181356
-0,09846529
0,03797046
-0,05847138
-0,02380172
0,2020076
0,05507701
-0,04896525
0,1559002
-0,1573523
0,0761183
0,1872505
-0,01946404
-0,1919834
-0,160484
-0,05369738
-0,0003873467
-0,01833745
-0,05345883
0,04967044
0,1275841
-0,03688445
-0,1290867
-0,07997037
0,114152
-0,06798208
-0,005577612
-0,07744343
-0,001263757
0,02462475
0,008360484
0,0284634
0,02692231
-0,001126992
0,02603321
0,009817425
0,04783311
0,06746877
0,05850666
-0,05954597
-0,03108301
-0,02704073
-0,01962744
0,004434219
0,02836615
-0,03744443
-0,04806356
0,1116055
0,1241314
-0,08390297
-0,001177923
-0,1263921
0,1303317
0,1207264
0,1071993
-0,1954054
-0,03349394
0,06268483
-0,0488217
-0,06797296
-0,02466763
0,1079668
0,04637833
-0,1194098
0,1539707
-0,02842915
0,06948224
-0,1083414
-0,004311163
-0,04795824
0,05113203
0,08491048
0,1001592
0,02547691
-0,0643575
0,03659096
0,009346669
0,01977392
-0,04672578
-0,008673611
0,003392804
0,01768987
0,01903083
0,01911001
0,01929537
-0,008888797
0,01718925
0,03349195
0,09817559
0,03207454
0,1115321
-0,05022917
-0,1043256
-0,02259037
-0,02916469
0,04498456
-0,06642711
-0,1777074
-0,04804706
0,05746295
0,02813402
0,02197602
0,04658877
-0,1121135
0,1420307
-0,1138231
-0,0733325
-0,1258437
-0,0919949
0,07146502
-0,1134095
-0,06036738
-0,1731597
0,01339957
0,028951
-0,09567215
0,06238709
0,1269959
-0,01613791
-0,04216366
-0,0007335261
-0,1134361
0,03996034
0,007854979
-0,1220736
0,05114668
0,03213149
0,007163974
-0,0009202516
-0,006327241
0,003760408
-0,0119199
0,01670721
0,03799513
-0,02266183
-0,002092105
0,05534807
0,121871
0,1100799
0,03408061
0,0797993
0,01844684
-0,08970647
0,005055202
-0,09529334
-0,01696767
0,06631678
0,1300816
0,0394298
0,1141081
0,1101071
0,02220509
0,01832109
0,0497772
0,07266176
0,03727408
0,04305094
0,04691616
-0,06869172
-0,127387
-0,004615399
-0,09899358
-0,04857302
-0,02411619
-0,1249553
-0,1270168
0,04986338
0,3026431
-0,0161156
-0,004499466
-0,069385
-0,06590971
-0,04997086
0,07383296
0,09794332
-0,04298158
0,0447537
-0,03142657
-0,06691531
0,00646095
0,01834716
-0,005693241
0,01008451
0,002055309
-0,03043629
-0,00138361
-0,01349076
0,1126019
-0,03841763
-0,03095878
0,03111992
-0,06867127
0,03515571
-0,1337829
0,1208932
-0,004921016
-0,1272039
-0,03618319
-0,02617465
0,0861348
0,1259915
-0,02774075
-0,07731874
0,09874436
-0,06031557
0,06330159
-0,03116846
0,135568
0,1073992
-0,1434712
-0,2310048
0,1493654
0,07225567
0,01619494
0,06325828
-0,1446684
-0,004946213
-0,01658141
0,03427986
-0,04754982
-0,1094034
0,03779051
0,1110569
0,1438329
0,02587279
-0,01393363
0,1079624
0,03655269
0,07380028
0,06454203
0,0511996
0,004388765
0,009388301
0,006373115
-0,0264165
-0,03153156
0,04691691
-0,0354429
-0,0929344
-0,01900525
-0,0103143
0,03858916
0,001929949
-0,1702407
-0,05144572
0,1132376
0,05078266
-0,03289772
-0,1164456
-0,1473251
-0,1974497
-0,0712442
-0,1618637
-0,0373547
-0,1284649
0,082459
-0,08789795
-0,2249914
0,1544302
0,0104606
-0,1801169
-0,08521713
-0,02564441
-0,1633417
-0,1114071
0,005342341
-0,1259705
0,0325482
0,07581181
0,02598635
-0,1141751
0,01356471
-0,01785726
0,01491375
0,0419479
0,05900383
0,2245213
0,07510988
0,05786835
0,101211
0,0581643
0,0286197
-0,009807994
0,004534347
-0,01175203
-0,003586138
-0,0230759
-0,01239279
0,03042033
0,00247144
-0,0439273
0,04357526
0,02703507
0,02025405
0,05695233
-0,1110356
0,04950065
0,04036743
-0,09518823
-0,1243863
-0,06009927
0,1121623
-0,02278277
-0,06597779
0,1077448
0,07694183
-0,150834
-0,07330626
0,2233008
-0,08990591
0,01293918
-0,1393441
0,03590981
-0,09115853
0,05998546
-0,02536375
0,1220901
0,02919588
-0,007136425
0,1781809
0,0216033
-0,05643434
-0,05212007
0,1506878
0,02209804
-0,03763694
0,04208261
0,00979038
0,01561256
0,05557071
-0,01057385
0,05512173
-0,001424988
-0,008656804
-0,01746883
0,02590024
0,01272038
0,01358084
-0,007657852
-0,05670455
-0,09986431
0,01721332
0,01159129
0,008750713
-9,04781E-05
-0,03304851
0,06657369
-0,04717269
0,09443785
-0,01309444
0,001401906
-0,01011507
0,1217819
0,1965786
-0,06109198
-0,07962189
0,03239531
-0,0740461
0,02272804
0,0952713
-0,08383991
0,04432136
0,05612802
0,006836417
0,1395291
-0,07796933
-0,06910402
-0,2014167
-0,1301516
0,03682815
0,0850383
0,1565897
0,1189212
0,001273827
0,0303792
-0,1148877
-0,01432887
0,03323927
0,05535407
0,0706933
-0,0106563
-0,02008369
-0,01997695
-0,02198612
-0,02430471
0,02831933
0,03176794
0,02992537
0,001810264
-0,1593399
-0,155509
-0,1007581
-0,1707633
-0,09525834
0,03410693
0,02878168
-0,06769677
-0,07118905
-0,07079713
-0,1496909
0,1053767
-0,1082916
-0,2139628
0,1399055
-0,09146353
-0,05404568
-0,04406543
-0,03615942
0,04745579
0,1240346
0,0153977
0,08959176
0,04607137
-0,04329944
-0,01070679
-0,09231306
0,1931595
0,01746637
-0,001825273
0,03715577
-0,06727782
0,08092637
0,06196598
-0,0184436
0,01112425
0,02732066
-0,03841875
0,02539882
-0,03367859
-0,0185034
-0,03531789
-0,009091066
0,01910343
0,01515073
-0,007240832
0,009314033
0,01569517
0,05101615
-0,05783847
-0,07985796
-0,08252971
-0,03132103
0,03310047
-0,01403864
-0,05873051
-0,03336184
0,01018437
0,07035824
-0,1939499
-0,05167346
-0,02221231
-0,03744717
-0,07115725
-0,101918
-0,1682799
0,05465059
0,01555987
-0,03899869
0,01042611
0,2156227
-0,1435722
-0,1400622
0,05003523
-0,1247561
-0,1909602
0,07265191
0,1255942
-0,01504884
-0,01827655
-0,05613333
0,08916976
-0,04094361
-0,03069585
0,02040153
0,04835469
0,01390776
-0,003440394
0,03835166
-0,0494125
0,02437779
0,07328904
-0,03932977
-0,01745791
-0,03579735
-0,01187896
0,009162338
-0,02008635
0,001507839
-0,002782282
0,04280288
-0,00304475
-0,01339391
0,03918497
-0,05994558
0,01912535
0,09791306
-0,02399505
-0,0153518
0,06399214
-0,002136813
-0,02751686
0,1113487
0,03386876
0,2258455
-0,1613716
0,07571362
-0,1059946
-0,07436755
-0,05068963
-0,151798
-0,1358394
0,04715072
-0,001872225
0,1127973
0,04206661
-0,01532717
0,0598543
0,05484885
0,1539534
0,02465233
-0,1580027
0,1568047
0,05597311
-0,1129239
-0,00289635
0,0225629
0,07183183
-0,006113871
-0,08612861
0,08737031
0,05366392
0,004600466
-0,0362791
-0,05365498
-0,04136848
0,01266908
0,05916736
0,06271695
-0,008646288
-0,007439456
-0,07199252
0,1286567
0,05191986
0,01068884
0,01771038
0,0943605
0,2195933
0,03796059
-0,06506461
-0,1298286
-0,07677991
-0,02457251
0,01092614
-0,08172096
0,04694542
-0,1695179
0,01802317
0,01342427
0,2039812
-0,2206514
-0,1273337
-0,02376128
-0,05387602
-0,1692298
-0,04824364
0,01649963
-0,07812977
-0,01416494
-0,05124917
-0,1301555
0,06770997
0,06834337
-0,1337289
0,0154734
-0,07982638
-0,1864391
-0,01837595
-0,03835904
-0,06564637
0,06473172
0,07660991
-0,02112713
0,02110814
-0,06277525
-0,01285306
0,03047872
-0,001171414
-0,01125553
-0,07858635
-0,04058522
-0,003344371
-0,1624057
-0,1312751
-0,03782867
0,03199464
0,103375
0,03406912
-0,1286819
-0,1344219
0,145681
-0,05742089
0,03743388
-0,08383318
-0,07504277
-0,02442466
0,02359481
0,06427233
-0,02599677
-0,08364534
0,0178565
-0,08559305
0,01703977
-0,1262929
0,02421903
0,1103599
-0,04125036
-0,04309723
-0,009415541
0,1695225
0,02779682
0,07721546
0,02095644
0,0384263
0,1202395
-0,03799375
-0,05478076
-0,07087081
-0,05774357
0,06402991
0,006874611
-0,00176731
0,007249844
0,04307956
-0,004329873
-0,02159108
-0,01898227
-0,01574333
0,03226901
-0,04108151
-0,002667163
-0,02593041
-0,06997681
-0,05868582
-0,01665069
-0,1313539
0,0724823
-0,02371963
-0,08928467
-0,03824089
-0,1478948
-0,08169371
-0,1289116
-0,01962157
-0,1169003
0,1491566
0,05765792
-0,1082329
-0,1023808
0,1649144
0,02180182
0,00462503
-0,1173567
0,02176771
0,1527101
-0,06627174
0,09513723
-0,0655024
-0,02639342
0,06848088
-0,1099443
0,09371434
0,02251189
-0,1054077
-0,05679962
-0,0330374
0,09599847
0,0451141
0,01914144
0,0196547
0,01323049
-0,01317694
0,02356038
-0,02056927
0,005073485
0,01451966
-0,02181339
0,007295081
-0,01223041
0,03432371
0,01543024
-0,03608049
0,05876101
0,01653635
0,01178242
-0,03120448
-0,04403867
-0,03752518
0,06107387
0,02690518
0,06068182
0,0651174
-0,03050773
-0,07296766
-0,09491047
0,04070567
-0,02635303
-0,08865219
0,03492682
-0,03511189
-0,1156738
0,03011692
-0,215276
0,02481312
-0,03021129
0,1102719
-0,08146414
0,2407076
0,1529811
0,08223901
-0,01182741
0,070477
0,05805307
-0,1040617
-0,06051681
-0,05748378
-0,004251186
0,08506456
0,06722825
0,0008117641
-0,0477888
0,004025339
0,05025709
0,02447135
-0,005313898
-0,0002383107
0,01482272
0,003505376
-0,001072088
-0,0437524
-0,0363343
-0,1696729
-0,1559091
-0,07263815
-0,07347602
-0,1349256
0,09689642
0,05131755
0,01139131
-0,1400751
-0,06506819
0,0005850367
0,02792447
-0,06554659
-0,1038885
0,03280291
-0,06623509
-0,05610603
0,06966349
-0,1347089
-0,08872644
0,02193859
-0,1065884
-0,1902508
0,07722651
0,03045673
-0,1183757
-0,06212912
-0,1032542
0,1714595
0,05340236
0,08430415
-0,2266529
0,06531809
0,08255215
0,03393393
-0,1149002
0,01543018
0,08788696
-0,0180785
0,02277438
-0,002796883
0,04255001
0,06422592
0,003088114
0,009356706
-0,02066801
-0,02166332
-0,008019283
0,0740786
0,03510403
-0,183405
-0,02509529
-0,07705842
0,01242134
0,02696956
-0,09017454
-0,02371783
-0,05581816
-0,04902557
-0,08256167
0,1352727
0,04356421
-0,2074373
-0,2086354
-0,1418231
0,0472403
-0,1377745
-0,01941159
-0,1354169
0,02020849
0,007460863
0,09619852
-0,1258089
-0,1238382
0,04157672
-0,05579485
-0,04820855
-0,06392877
-0,03031073
-0,08243774
-0,04233243
0,01161757
0,160652
-0,03233645
-0,06871943
0,07151172
0,1500833
0,01474435
-0,04910146
0,05283517
-0,04036964
-0,03671439
0,07967734
0,01449662
-0,02857786
0,02166083
0,02130445
-0,01637514
0,009213747
0,06027326
0,005140185
0,03279173
-0,01925763
-0,02139694
-0,08734082
-0,09567047
-0,02631418
-0,01343441
0,006214205
-0,05186075
0,01780606
-0,0241341
-0,06777014
-0,06602385
0,1465515
0,07707769
0,01249251
-0,1509911
-0,04333533
0,043435
0,04424632
0,09960907
-0,00531189
0,1219709
0,06232112
0,06167245
0,08752842
-0,006247857
0,04361104
-0,02943381
0,01903041
-0,02995456
0,01026347
-0,04003273
0,05007251
-0,09589603
-0,009966805
-0,1032587
-0,03442409
0,04994387
0,03059372
-0,0287497
0,05837686
0,03037226
-0,03393204
-0,01214158
0,00467574
0,013329
0,01646699
-0,03490953
0,003306006
0,1224878
-0,05420908
0,006614203
-0,1475162
-0,08897568
-0,01689237
-0,02156907
-0,01404866
0,03222349
0,01843896
-0,1293267
0,06572582
0,1559757
-0,03763758
0,02644595
0,05006811
-0,05737966
-0,07616133
-0,03994345
-0,145942
-0,3489273
0,02089356
0,05540788
-0,08304617
-0,1249921
0,06269401
-0,02193635
0,04991081
-0,04003274
-0,05458586
-0,04890299
-0,1488063
-0,05946672
-0,07712144
-0,07639401
-0,03678226
-0,03011419
-0,04423394
0,03262593
0,0784164
0,03104761
0,02079865
0,02838433
-0,0241242
-0,01665406
-0,02391491
0,04318564
-0,03341953
0,06278659
0,07835039
0,09311309
-0,1354325
-0,1279022
-0,1315913
-0,08824887
-0,02749697
0,1019311
-0,0996325
-0,051565
-0,07456221
-0,07847445
-0,05447557
-0,07548308
-0,01202476
0,1187527
-0,08853886
-0,04812153
0,01167961
0,1148651
0,006248671
-0,0420338
0,01641491
-0,02101967
0,2645456
0,08831349
0,02805909
-0,05724385
0,1894475
-0,08970025
0,1027035
-0,004178012
-0,1165719
-0,09147665
-0,05487811
-0,02476927
-0,02775547
-0,1010403
-0,005690709
-0,05404371
0,01612892
-0,003186425
-0,001474802
-0,01767806
-0,02012902
0,02489137
-0,01426226
-0,02266674
0,01662236
0,08786222
-0,03321813
0,07951946
0,05290128
-0,1431527
-0,09149754
-0,1062483
0,006900032
0,06459114
0,1147378
0,1250689
0,07410768
0,1015635
-0,185018
-0,1209039
-0,007581117
-0,06566085
0,0656749
0,07262626
-0,1005117
0,1090411
-0,1346535
0,08682084
0,1029185
-0,2134309
-0,1835153
-0,01807664
0,09949508
0,001575865
0,05366996
0,1509461
-0,06377382
-0,1456865
-0,1374041
0,05924078
-0,1059572
-0,161776
-0,04572918
-0,03658595
0,06780732
-0,003722227
-0,02214864
-0,03703941
-0,02399659
-0,01875896
-0,005714454
0,01551336
-0,02033413
0,0087082
0,06065367
0,1123621
-0,001130742
0,03553431
-0,01201583
-0,04652199
0,01927496
0,02676895
-0,03235279
0,1238798
0,06422309
-0,02733712
-0,1331566
0,01487381
0,1298344
-0,06488517
0,1056092
0,1643339
0,07904683
0,03838208
0,1366061
-0,01679779
0,0439788
-0,04332589
0,005924739
-0,07390967
-0,2273542
-0,109637
-0,2572356
0,01657336
-0,1941954
-0,05837778
-0,0328936
0,0334541
-0,006032807
-0,1200448
0,02188388
-0,03594861
-0,05351279
-0,002919395
-0,01390562
-0,0375572
0,01384903
0,04316971
0,01703625
-0,001392947
-0,01498039
-0,02460659
0,01680389
-0,0008112897
-0,01271004
0,004414394
-0,05632416
-0,06365357
0,06317653
0,04619951
-0,05118897
-0,01424586
-0,08751654
-0,07678822
-0,1269212
-0,08751278
-0,08012259
-0,04832903
0,0149636
0,08524529
0,01743949
0,08327973
0,1366339
-0,1547089
0,09931029
-0,1382159
-0,09908256
-0,07599598
0,1264012
-0,1606011
-0,194621
0,02502047
0,1026062
-0,06115844
0,003868294
0,02048618
0,07052434
0,09829195
0,09910935
0,06674798
0,005965672
-0,05556659
-0,005503238
0,05802068
0,04569231
-0,0169869
-0,05004176
-0,01018634
-0,02675784
-0,02757949
0,004871784
-0,009126508
-0,03118021
0,01762208
0,07775795
0,03269591
0,009248015
-0,07922152
-0,006064767
0,06151431
-0,1502533
-0,01500846
-0,004311079
0,02679802
0,03018932
0,03892791
-0,09907656
0,01597117
-0,1671028
-0,09104954
-0,1283608
0,01437195
-0,1938815
0,2014918
0,06083476
-0,04863678
-0,01042648
0,04825248
0,07410339
0,06845286
-0,08137588
-0,117127
-0,2243376
0,0645532
-0,1220227
-0,002160704
-0,1146781
0,03533255
0,02874236
0,08005277
0,0434844
-0,01650522
-0,05912497
-0,07985315
-0,01698667
-0,1192551
-0,06307098
-0,0401692
-0,02176445
-0,03025978
-0,03736119
-0,0102709
-0,02867283
0,02143256
0,04080968
0,06787306
0,01050772
0,01232204
0,03389389
-0,02025876
-0,04907356
0,02094824
0,0847427
-0,1133509
-0,09751423
0,06102794
-0,07812645
0,1450691
0,1947062
-0,00281674
-0,06922746
-0,05245594
-0,0662587
-0,03760195
0,04450853
-0,1488638
0,01131929
-0,1000537
0,01691094
0,02839397
0,1213018
0,001795314
-0,1506296
-0,2453773
-0,04087679
-0,0918814
-0,1032093
-0,01564346
0,00370761
0,07682202
-0,03481859
-0,01022224
-0,04971543
-0,05339677
-0,03334458
-0,1121727
-0,02615377
-0,05927785
-0,01968385
0,02296354
-0,01393248
-0,02527727
-0,03401477
-0,02040633
0,07763722
0,02108721
0,06519175
0,04952697
-0,025595
0,01711923
0,1072822
-0,06139377
-0,08022282
-0,04320314
-0,02136273
0,07451936
-0,08385183
0,08847268
0,03538457
-0,02620952
0,05611122
-0,01377143
0,06024191
0,2214494
-0,04558574
-0,1259201
0,1191101
0,07638914
-0,2046266
-0,004402656
-0,05272708
0,03983705
-0,1081983
0,05552614
0,05953684
0,04040371
0,1144141
0,03816321
0,06381489
0,04284457
-0,023657
-0,01407607
-0,1023662
-0,07470265
-0,09796254
-0,1270949
-0,02153337
-0,02648757
-0,02978687
0,007515822
0,01884308
-0,01626387
0,03899024
-0,04188035
2,326038E-05
-0,03672613
-0,06615488
-0,08982135
-0,1457168
-0,01908872
-0,07085217
0,06709746
0,08987325
0,1450109
-0,006080801
0,1217906
0,1292787
-0,1270281
-0,07924643
-0,02227545
-0,02636951
0,1740859
0,1010709
0,0003476527
-0,105242
-0,09832253
0,02221806
-1,599414E-05
0,07902379
0,1035367
-0,1129863
-0,05257244
0,003460462
-0,1335002
0,07674291
-0,1287645
-0,01051828
0,1066606
-0,001971771
0,0847529
-0,04311109
-0,004990057
-0,03933263
-0,06254866
-0,05137952
-0,06369514
-0,01147485
-0,04010812
0,01276785
0,01866912
-0,01204291
-0,0004673337
0,02825869
-0,07406741
0,002862206
-0,05467786
-0,1365852
-0,03628274
-0,0813562
-0,09469154
0,05155948
-0,07652824
0,0326288
-0,02241366
-0,03434518
0,05531356
0,02645983
0,1079358
0,01813963
0,08383639
0,09468825
0,1045371
0,004456758
0,07894828
0,1606368
0,09163088
0,1729858
0,08859184
-0,1683618
0,07149114
0,07308196
-0,1110794
0,08954158
-0,02906749
0,1864104
-0,1470875
0,2022787
0,09171522
0,04984153
0,06692387
-0,002760162
-0,05086433
-0,1295211
-0,04706852
-0,05355712
-0,05141052
-0,01612289
-0,008011885
-0,01398252
0,04064903
-0,008985032
0,002012703
-0,01008981
-0,001692442
-0,07802164
-0,05745746
-0,1680775
-0,1492958
-0,1385829
-0,004974315
-0,02304626
-0,1590217
-0,0874629
0,007787833
0,007121432
-0,04525211
0,07015619
-0,03081137
-0,1910943
0,09262849
0,08127833
-0,1533178
0,1548361
0,003769485
0,04437016
0,192774
0,03058587
-0,1619659
0,1347405
-0,06375386
-0,1807198
-0,2404278
-0,07955112
-0,2603916
0,00222232
-0,07098182
-0,03940026
0,06792714
0,03029908
0,07325509
-0,01733086
-0,06755544
-0,126727
-0,03902567
-0,02155561
-0,00294267
0,0580665
0,001735765
0,0188552
0,02371544
-0,005948283
-0,01708204
-0,001420832
0,04496076
-0,03388187
-0,08055914
-0,1892335
-0,06864207
0,006074271
-0,04400747
0,04388143
0,08471153
-0,1161266
-0,09975017
0,04086009
-0,08197708
-0,1515769
-0,0249615
0,01274759
0,1230691
0,08827507
0,2551802
0,0438089
-0,01812503
0,008786397
0,0253908
0,1028658
0,0364346
-0,01239039
0,05196619
-0,2148134
-0,1829835
-0,2192211
-0,2145223
0,08082551
-0,03598414
-0,09744098
0,08555991
0,06334205
-0,05947679
-0,09931149
-0,02534154
-0,007953252
0,04897669
0,09026954
-0,00332682
0,03300253
-0,02115993
-0,01776463
0,03462579
0,02638399
0,02084592
-0,01705453
-0,05413718
-0,03702372
-0,1122812
-0,06390127
-0,05599165
-0,09564247
-0,08833461
-0,02524093
0,03580098
-0,01877304
-0,05180917
0,1019099
0,06190936
-0,08441825
0,03220214
0,03076655
0,01070713
-0,0340001
0,02783394
0,03612548
-0,07361902
0,1753038
-0,0649607
-0,2236046
-0,03062563
-0,01209616
-0,2202844
0,07636553
-0,1271271
-0,1442751
-0,2449863
0,07052583
-0,05196076
0,05625607
-0,03984736
0,05834356
-0,09355307
-0,04399714
-0,07752994
-0,004101779
0,04319714
0,01700896
-0,070648
-0,01354127
0,01614737
-0,006033063
0,01201085
0,02559269
-0,008219798
0,03486812
0,005754349
0,0197439
-0,1528534
-0,1253964
-0,1670535
-0,04686862
-0,001917051
0,1286022
0,1702062
-0,0173406
-0,1438529
-0,05316322
0,03648078
0,005353148
0,003543232
0,005292848
-0,06333086
0,03017657
0,03398581
-0,1525889
-0,1164148
-0,06704624
-0,09456663
-0,2330299
-0,07466404
-0,07343757
0,07948899
-0,1217366
0,05714592
-0,1652273
-0,291124
-0,1570142
-0,1890347
0,02286974
0,02263159
0,04758875
0,0654301
0,1949985
0,1149621
0,0974028
0,05822555
0,02030354
-0,03476781
-0,06680867
-0,03527182
-0,007332353
0,01273049
0,03318758
0,02449858
-0,02494866
-0,008865179
-0,02647267
-0,08021978
0,006059743
-0,09388324
-0,107226
0,004583343
0,05880769
0,1346203
0,01866426
-0,1693113
-0,06869105
-0,1317566
0,188264
0,006541992
-0,08344997
-0,06750887
-0,03532453
0,003463388
0,0303962
0,105309
-0,2332723
-0,06879739
-0,06610355
-0,01417852
-0,05752141
-0,09579053
-0,1239385
-0,0104431
0,006540836
-0,08416983
0,02851361
-0,0003335093
-0,1219757
-0,1425452
0,03855364
-0,06300321
0,1629617
-0,01629399
-0,05557468
0,1246504
0,1342355
0,0503119
-0,001771534
-0,009300979
-0,04967672
-0,03219299
-0,001777674
-0,02105752
0,006784993
0,02547143
-0,01180097
-0,03170711
-0,1316119
-0,0975964
0,02337612
-0,1346769
0,06925918
0,1177692
-0,06803791
0,02974952
-0,02040015
0,00118099
-0,1577985
0,04020715
-0,01225451
-0,1032841
0,09067766
-0,07439172
-0,09110358
-0,2471747
-0,1136536
-0,2578577
-0,07169196
-0,1196403
-0,02466148
-0,0614724
-0,1324896
-0,0882174
-0,00305576
-0,06279992
-0,04708359
-0,1936906
0,02513082
0,05558498
0,02155955
-0,2406178
0,05910122
0,01263526
-0,1594456
0,01587796
0,1078168
0,01572735
-0,002930944
0,0002803373
-0,01152586
-0,01942695
-0,02802993
-0,01108613
0,003695879
-0,07382362
0,02021137
-0,009418597
0,07807438
0,08276582
-0,01250179
-0,06634943
0,08769502
0,2356733
0,101505
-0,004650693
-0,06039349
-0,1137841
0,0641299
0,04223016
0,1320184
0,1080035
0,01083574
-0,01440117
0,1546133
-0,3424605
-0,2566078
-0,1014823
-0,05475958
-0,1797942
0,09595155
0,1536994
0,05949261
0,03026888
-0,08163571
0,02327822
0,002759907
0,09175771
0,08309448
0,02318029
0,1086144
-0,05850991
0,0461105
-0,02079099
-0,04817908
-0,09361569
0,01937754
0,05861062
0,04409762
-0,04599895
-0,06100816
-0,0671593
-0,02461731
0,0006599906
-0,0169737
-0,04044535
0,006010967
0,03194368
-0,05407983
0,01564212
0,09035152
0,1682063
0,06246062
0,004324607
0,1612713
0,1734972
0,009093807
0,07029465
-0,1018422
0,05683427
0,06359402
0,06548075
-0,08436681
-0,05360684
-0,07948908
-0,09173167
-0,3112528
0,03411822
-0,1335107
0,04217619
-0,01128269
-0,03840291
-0,2792343
0,1868175
0,01275119
-0,008707311
-0,1340631
0,004914822
-0,03394948
0,0290194
-0,1782792
0,005241474
-0,06596268
0,04098562
0,02924085
-0,02922423
-0,1180743
0,01058748
0,07522903
0,003629572
-0,01575457
-0,01961703
0,01340029
0,02030974
0,01738873
-0,006599009
0,04896211
-0,003698881
-0,0514232
-0,1029337
0,146719
0,01747596
0,1335267
-0,005408003
-0,04657533
0,05600601
0,02742914
0,1587993
0,209584
0,1725096
-0,03330769
0,09651376
-0,1990699
-0,08748136
-0,1837256
-0,1305488
0,07295366
-0,1419116
-0,1578048
0,08056043
-0,08630195
-0,09233209
-0,08372149
-0,09547155
0,1562899
0,04622759
-0,08692849
0,05106064
0,03095773
-0,2139801
-0,06817511
0,02759902
-0,06466801
-0,1476298
-0,009744092
0,08815831
-0,02050386
0,02927976
0,05838154
0,002054064
0,004293529
-0,05110653
0,02137527
-0,004068054
0,00873191
0,01189042
-0,005708538
-0,01583602
-0,09342505
-0,01367733
-0,02903626
0,0248057
0,02991814
0,1448926
0,03275231
0,03631521
-0,02219248
0,01723561
0,03889613
0,06865763
-0,01982214
-0,05289082
-0,1231049
-0,06405189
-0,01390453
0,165742
-0,1098449
-0,06700765
-0,04637126
-0,01632906
0,234514
0,004761398
0,007370748
0,2068192
0,01519932
0,03382299
-0,07593136
0,04361809
0,05799044
-0,01354584
0,006890153
0,0370361
-0,005158611
0,04595346
-0,07011117
-0,004493228
-0,008716589
0,07746696
0,08166403
0,0363859
0,02722416
-0,02237696
0,0173298
0,01508646
0,01425135
-0,01073495
-0,09625922
-0,05119896
0,006380153
-0,05306763
0,06381616
0,06232156
0,03796497
0,04768665
-0,09537344
-0,1532719
0,04995926
0,01259713
0,05158864
-0,08166537
0,03511238
-0,056465
0,05005818
-0,1944299
-0,05650528
-0,1483188
-0,02612939
0,1138407
-0,0958597
-0,02854992
-0,01226002
0,1155425
0,1591845
-0,09812848
0,09262329
0,001059616
0,1131575
0,1131911
0,02255246
0,1260866
0,02691998
-0,0696969
0,009817868
0,05069574
-0,2317009
0,07656796
0,08641936
0,05346927
0,05597509
0,1044062
0,081813
-0,02122516
-0,001210366
-0,02155534
-0,04112561
-0,03797481
-0,03988791
-0,01675782
-0,1653852
-0,08239496
0,005702216
0,01778769
0,007259158
0,03553049
-0,04185703
-0,1374987
0,06793047
-0,007204514
0,05699158
-0,03534715
0,04816717
0,06130495
0,1084253
-0,0619543
-0,005882148
0,1772526
0,05796144
0,1097374
0,07923105
0,05851521
-0,05026133
-0,08829761
0,1631928
-0,04463742
0,1703016
0,09279149
0,1469835
-0,04388014
0,07326813
-0,01417627
-0,08592784
-0,02155617
0,04304834
-0,1571152
-0,02961557
-0,01562824
0,03014134
-0,01680746
0,05718581
0,08559243
0,07868955
0,01566147
0,01999034
-0,001806223
0,01251213
-0,02029987
-0,003882327
0,03199271
-0,07701132
-0,1451519
-0,05290794
-0,06224429
0,02188035
-0,1056458
-0,03940161
0,08063213
0,1378799
-0,09083354
-0,09696949
-0,02257515
-0,1560712
-0,2911651
-0,2329482
0,2160506
0,02963016
-0,007276697
-0,01326491
0,03822045
-0,06975978
0,144746
-0,1129243
-0,189819
0,07781162
-0,06910783
0,1029681
0,3201332
0,1483738
-0,02817753
0,08948875
0,0892636
-0,02975092
-0,04600461
0,04477583
-0,1750045
0,05362282
0,07730357
0,09101319
0,02871854
0,04176813
0,1011854
0,08128128
0,02309759
0,02218388
-0,01060418
-0,02575956
-0,001486444
0,0004225608
-0,05968786
-0,04908697
0,0004116886
-0,1350961
-0,1843649
-0,1203227
-0,03367316
0,0170295
0,1178101
-0,06131628
-0,1664557
-0,08105244
-0,01961873
-0,08376688
-0,2046332
-0,1957443
-0,1325631
-0,1035183
-0,002227417
0,0210548
-0,08239924
-0,02952592
0,165993
0,1886155
0,03318483
0,1477304
0,1117877
0,06930856
0,002052106
0,04653545
0,05217309
-0,03955404
0,05544433
0,02779775
0,0997187
0,10688
-0,1294208
-0,1046006
-0,04141206
0,01591033
-0,01481879
-0,1217549
-0,02022288
0,03942584
0,02247188
0,0184332
0,01468428
0,03202411
-0,003203474
-0,07149701
-0,02007023
-0,2169907
-0,07493174
-0,1307834
-0,106279
-0,2349068
-0,1214762
-0,06840467
-0,1944358
-0,2109889
-0,2026714
-0,1190204
-0,1137174
-0,1817558
-0,03559584
0,04323075
-0,07344224
-0,138058
0,03631111
-0,005503407
0,105181
0,04727161
-0,04595669
-0,09878667
0,1773739
0,06310739
0,05464398
0,2407637
0,02127163
-0,0146173
0,09627796
0,1003419
0,04952027
0,07134815
-0,009199363
0,02117529
0,006759821
-0,06543708
-0,03666043
-0,044654
-0,04669883
-0,05794031
-0,03829459
0,0289056
0,04244747
0,01794313
0,01088833
0,01543716
-0,00320749
0,02575491
0,0009728862
-0,119471
-0,03112826
-0,09141967
-0,09389321
-0,07304665
-0,1345897
-0,1396291
-0,07864673
-0,006553548
-0,05761797
-0,0915987
-0,3208722
-0,1386353
0,01114845
0,01637006
-0,09325289
-0,03042734
0,05414879
-0,1188765
0,17037
-0,006892669
-0,1514133
-0,0351708
0,04302888
0,1604613
0,1039822
0,09895917
0,1112637
0,1262434
0,205151
-0,03294919
-0,01087543
0,1061129
-0,04944767
0,0127853
0,04802273
-0,01596494
0,06810664
-0,02639273
-0,01688459
-0,008959416
0,02313616
0,03136051
0,01089025
-0,03129642
0,009214275
0,02360052
-0,0548096
0,01723211
0,005421593
-0,1440153
-0,05485055
-0,08608743
-0,01775766
0,0006132146
-0,1264866
-0,08575723
-0,1496789
-0,1184703
-0,1242818
-0,04583725
-0,1572195
-0,02485641
-0,1844882
0,03535216
0,06473325
0,1008755
0,2747922
0,1822141
0,2967755
0,06486507
-0,06875914
-0,0292991
-0,05891547
0,2070711
0,1660858
0,04036476
0,207097
-0,01814959
-0,005920164
0,1467543
0,1110585
0,1476281
0,01371296
-0,05200057
-0,00288632
0,03598602
-0,001256057
-0,01070588
-0,02563843
0,04076398
0,0652248
0,01035997
0,03216328
-0,02162313
-0,003025536
-0,02324379
0,03354115
-0,126049
0,005795917
0,03974907
-0,0002196863
-0,09550456
-0,04483357
-0,1445778
-0,120517
-0,07501816
-0,05493783
-0,01283535
0,052601
-0,2180395
-0,1024765
-0,2443863
-0,0311466
0,05375308
0,04387923
0,01820727
0,1875738
0,1587499
0,03777863
-0,009696375
-0,01055221
0,07800838
0,00344801
0,1671131
0,1965085
0,3163365
0,1957141
0,09632651
-0,07529244
-0,00987109
0,06811776
0,05158111
0,02457426
0,01729193
0,1085194
-0,04241207
-0,06312036
-0,01114394
-0,01034003
0,0577897
0,03507286
0,01976825
-0,02549899
-0,00177489
0,007704638
0,004576278
0,01481703
0,005954693
0,0288734
0,06843612
0,04468663
-0,001152577
-0,2305805
-0,2421481
-0,1000957
0,05475026
-0,05568615
0,005577823
0,04650662
0,03344277
0,1432717
-0,1204086
-0,06061304
0,1596022
0,09785436
0,1269258
0,1681256
0,1710497
0,1810764
0,01548262
-0,1231913
-0,1460431
0,138491
0,2649894
-0,2160179
0,1926903
0,05640799
0,05785848
-0,09244418
-0,02557102
-0,1653
-0,08826169
-0,0769978
-0,09579569
-0,1237158
-0,04901436
-0,1184699
-0,01429035
-0,01503238
0,03668462
0,02248293
0,003401221
-0,01329727
-0,01600201
0,01518999
0,036469
-0,01895835
-0,01737229
-0,009609615
0,01330053
0,01962592
-0,1443395
-0,1378515
-0,02864232
-0,07384837
0,007543201
-0,04814373
0,01919445
0,04562558
-0,02231096
-0,05083701
0,1048518
0,04852956
0,3047275
0,1945498
0,2873578
0,1723856
0,01233514
0,1670039
0,1742557
0,05474453
-0,06093618
-0,0994743
0,1451007
0,2077994
0,07758388
-0,08398558
-0,1402141
-0,0404244
-0,0487432
-0,06904156
0,05300298
0,01214341
-0,1482216
-0,1228988
-0,0167988
-0,08019607
-0,001828619
0,06467216
-0,014417
0,02619734
0,0259767
-0,0001677968
0,002557036
-0,005454798
0,007778904
-0,04200041
-0,03928734
-0,04863627
-0,1018815
-0,06158878
0,04352997
0,05568835
-0,1092044
-0,001645387
0,08697075
0,09570047
-0,05386394
-0,01782167
-0,03585979
0,1205345
0,0642781
0,101542
0,214497
0,01104195
0,05679722
0,05376334
0,09087641
0,1217284
-0,02126057
0,02827908
-0,001555022
0,003705865
-0,1450828
0,1
-0,01968424
-0,1504303
-0,1156275
0,03133047
-0,1258353
-0,02381279
-0,1001524
-0,09397214
-0,2393757
-0,2547386
-0,1495247
-0,08205502
0,002274627
0,04663087
0,00526775
0,03692568
-0,01810282
0,004117335
0,02025334
0,02456031
0,02179286
-0,0320597
0,01252119
0,003658849
-0,05559079
-0,02272364
-0,07892405
-0,04078625
-0,01307312
-0,04757455
0,1257421
-0,06470627
-0,08643713
0,01754151
0,112248
0,145776
0,02301487
-0,01786667
0,01379041
0,1023282
0,03708602
0,07230192
0,1507034
0,009346525
0,05188134
0,02711944
0,002986291
-0,03732506
0,03501713
0,05631937
0,07563234
-0,01245853
-0,06731401
0,03470132
-0,1473546
-0,06063744
-0,02932091
-0,1003118
-0,126944
-0,1104394
-0,1170757
-0,05319877
-0,06354488
-0,0435568
0,005893206
0,007896404
0,01253586
-0,02424566
-0,02035758
0,002334951
0,01816226
0,01927019
0,01472011
-0,02717178
-0,0184198
0,02405216
0,005906619
-0,005071268
0,01834523
0,03048792
-0,01611603
0,06883076
-0,07887765
-0,06798472
0,02978713
0,02183051
0,03005475
-0,07351214
-0,007023786
0,03077611
0,075239
0,0547562
0,04649464
-0,06295695
0,06594591
-0,04949364
0,02944616
-0,03856258
0,06029482
-0,2291378
-0,02858311
-0,05844665
-0,1365972
-0,1149504
-0,1032881
-0,08295155
-0,068132
-0,08244547
-0,0833565
-0,1088661
-0,03346531
-0,02219869
-0,06070526
-0,04453014
0,01007388
0,005303755
0,02820879
0,004701443
-0,02296035
-0,01154056
0,009401413
0,03261562
0,03153985
-0,03629723
-0,003194399
0,04323344
-0,05592825
-0,08487888
-0,0367703
-0,05225626
0,01699763
-0,03327603
-0,01581045
0,01645828
0,008010921
0,01193186
0,02837955
-0,06562571
-0,0971398
0,02916566
0,07280564
0,06013069
0,07156107
-0,08681031
-0,08951876
-0,05941336
0,00680671
0,08250571
-0,09336974
-0,1503357
-0,1363335
-0,1654297
-0,1246617
-0,08457918
-0,1198377
-0,05484449
-0,06356863
-0,0231085
-0,05104589
-0,02159493
-0,05696445
-0,05251673
-0,06956121
-0,009872032
-0,02284685
-0,01839305
0,02225445
0,001236828
0,01364817
-0,01400314
0,01670797
-0,02339159
0,01331449
-0,001400324
-0,02880639
-0,001603555
0,01998821
-0,04528345
-0,01277398
0,004839218
0,02123454
0,03453865
0,003971633
-0,03457085
0,0135105
-0,02429248
0,0330896
0,03894335
0,009156439
0,05639228
-0,01265989
0,08248841
0,05155306
-0,03892016
-0,08717848
-0,05334248
0,02846827
0,04179373
-0,05000013
-0,02725352
-0,117473
-0,1601416
-0,1120536
-0,08709771
-0,08080282
-0,03327564
-0,03087373
-0,02768327
-0,03098178
0,01429603
-0,03244145
-0,02008245
-0,03200471
-0,03693286
-0,009154299
0,004002478
0,0242379
-0,02196576
-0,0003101169
0,02573029
0,002856852
-0,01075051
-0,02616446
0,01025592
-0,01221733
0,02583836
-0,02337685
-0,02436999
-0,06165017
-0,002396174
-0,0407092
-0,03682084
-0,03497197
-0,04606608
-0,05026186
0,04695735
0,04283218
0,05876425
0,02558406
0,09382053
0,01725402
-0,006790093
-0,0546808
-0,05270378
-0,06247407
0,01917492
-0,001167329
-0,03161856
-0,04910513
-0,04257112
-0,1091382
-0,1153035
-0,06956753
-0,06260603
-0,02386273
-0,05693436
-0,05641574
0,01879572
0,01126488
0,004331759
-0,004278739
-0,009567856
-0,03098707
-0,0144333
0,002102319
-0,009751422
0,02491489
0,0004603204
0,01107025
0,001939096
0,02766138
0,02607086
0,003628023
0,01502684
-0,01610967
-0,02516696
-0,03205149
-0,0397393
-0,03165978
-0,02140352
-0,03277245
-0,06112327
-0,004895416
-0,04454913
-0,0392982
-0,0176144
0,01792269
0,01993286
-0,004494618
0,01773122
0,0243248
0,02394172
0,05958361
-0,02088585
-0,006645716
-0,006544201
0,01691636
-0,04445797
-0,06915943
-0,06604659
-0,05348115
-0,004854502
-0,06422272
-0,06314247
-0,02783241
0,0007888268
-0,03521018
-0,01081051
-0,02439749
0,02737978
-0,01253832
0,03268429
0,03032347
-0,02060795
-0,0184077
-0,01954364
0,01089359
0,01848254
0,02662516
-0,01904368
0,02359183
0,004030965
-0,004931975
0,009091998
0,004799125
0,01901137
0,02880493
0,01977874
-0,006712203
-0,04090912
-0,0001134335
-0,03855985
-0,002632464
0,01888119
-0,01471026
-0,01401517
-0,02030043
0,01084945
-0,01902691
-0,04194517
0,0148856
-0,02368239
-0,02045894
-0,03435115
-0,001616269
-0,06166277
-0,05664925
-0,03994837
-0,06237992
-0,05550897
-0,01952085
0,002032805
-0,03565787
-0,01032166
0,003957515
-0,02502605
-0,0006087667
0,00612146
-0,0003061697
0,02804485
0,01830598
0,0102857
0,03673705
-0,009968669
-0,01573708
-0,01960058
-0,002964524
-0,02913065
-0,02761254
0,01147054
-0,0202739
0,02961837
-0,01175446
-0,007671177
-0,01877409
0,02278569
0,003595463
-0,01107554
0,01403501
-0,001482545
0,0002435582
-0,04413583
-0,02266495
-0,007981513
-0,01092626
-0,04707426
0,006784761
-0,03972376
-0,04185426
0,005434923
0,01484623
-0,002690874
-0,03290632
0,005681389
0,02542595
-0,02040983
-0,0448046
-0,003231662
0,005391506
-0,002924609
-0,0009618041
-0,0188405
0,02361149
0,02453402
0,0267421
0,01199056
-0,012944
0,01502661
-0,02255236
0,02435011
0,007468673
-0,01277261
0,0253711
-0,02379474
-0,008562448
0,01762029
-0,007132679
0,009617922
0,01906971
-0,02470763
-0,01397656
-0,007459745
0,02408059
-0,02161115
0,0159524
0,01554074
0,02646078
0,01858415
0,008486045
0,01933796
0,02000597
0,009112904
-0,005800487
-0,02185058
0,02541495
-0,01033722
-0,0343808
-0,01828463
-0,013173
0,006388757
0,01131503
-0,01257579
0,0244143
-0,01124602
-0,00920147
0,0036072
0,00153074
-0,03072375
-0,02337946
0,02457003
0,02894639
-0,004069798
-0,02644197
0,02194447
-0,005615702
-0,01626826
-0,0107527
0,01797278
-0,02143834
-0,01654605
0,01293578
0,0008500404
-0,02129155
-0,004633846
-0,02634315
0,02294034
0,02190202
0,01130631
-0,02450947
0,02282139
0,01123031
-0,02742392
-0,01096999
-0,02492351
-0,01231762
-0,02564794
0,002160329
0,011587
0,01861152
-0,02512938
-0,02114336
0,02644684
0,008967371
0,006847608
0,01651909
-0,003048129
0,007850669
0,003227227
0,01446939
0,009484969
-0,0200159
-0,005801506
-0,01735431
-0,01983871
-0,02478998
-0,01047983
-0,02628027
-0,000264691
-0,0221615
-0,003300208
0,02079209
0,02725738
0,02658457
-0,01222481
-0,009669024
0,02775226
-0,0261933
0,02815176
0,002408964
-0,010852
0,01244483
0,006823916
0,02875901
-0,02560655
-0,02331612
0,01732874
0,02202731
0,0001192484
0,002846096
0,005568404
-0,01717321
-0,01297159
0,02680735
-0,007151944
0,01289078
-0,009017011
0,02256468
-0,01635581
-0,0262903
0,03036889
0,03037048
-0,02586197
0,002883099
-0,009586303
-0,01526603
-0,01738725
0,03057591
-0,008675182
-0,01061982
0,0234465
-0,003409143
0,01235621
-0,0280811
-0,004104616
-0,02872962
0,004566852
-0,006862132
-0,0208098
0,02992844
-0,01551276
-0,00339444
0,004940308
0,02569476
0,003875036
-0,01456835
0,002876226
0,02984473
0,003349905
0,005460775
0,02805169
-0,02419171
0,02081541
0,0242116
0,002755624
-0,01058653
0,00832004
-0,02604573
0,008118656
0,01982769
