0,004354065
0,007048406
-0,01865592
0,02253645
0,01878884
-0,01524401
-0,01642131
-0,004057921
0,02725412
-0,01897209
-0,01788535
0,007659082
-0,006961601
0,02558952
0,01027539
-0,009614239
-0,01550533
-0,02077165
-0,002478187
0,01922988
-0,001651187
-0,006037113
0,007738469
0,02437368
-0,01700372
-0,03010331
-0,01885728
0,0208682
0,02577568
-0,03319749
0,01091107
0,02330095
0,01336799
-0,006667297
-0,02644662
-0,01526889
0,006461988
0,02731055
-0,002938165
0,01961006
0,01154758
0,01290626
0,02976484
-0,01856594
-0,01665768
0,01177145
0,02405915
0,01852376
0,02629282
0,02815362
-0,02418892
-0,01643895
0,004532608
-0,01491233
0,008289341
-0,01904892
0,03492117
-0,00880824
0,009804263
0,02280446
-0,02695132
-0,00664606
0,001016674
0,02677944
-0,00554809
-0,01501457
0,02272699
0,029145
0,02181247
-0,005103881
0,01438319
-0,01034795
0,01305257
0,007641243
-0,02320814
0,01625611
-0,006160144
-0,004696378
0,006369472
-0,01180936
-0,03283447
-0,0130427
0,01802781
0,02648099
0,02261401
0,001136439
-0,0088477
-0,001915818
0,02317373
0,02669346
-0,01433393
-0,0128979
-0,01319481
0,0107909
0,01770325
-0,009002334
-0,01506358
-0,0262587
0,01852932
0,02854279
0,01880582
0,02531081
0,02581217
0,00334365
-0,01606151
0,01143454
-0,0007477015
0,02534311
-0,02083576
0,02581793
0,01198266
0,007352879
0,01424423
-0,01945599
0,01642193
0,009310028
-0,004826206
0,003473473
-0,03061842
0,02205752
0,02605475
-0,002947149
-0,02049865
0,02776808
-0,02222634
-0,008795302
-0,02647433
-0,03063254
0,01115021
-0,0002140915
-0,01906927
-0,02716743
-0,008816769
0,01525444
0,02864496
-0,02227466
-0,005173233
-0,003219625
0,02877026
-0,009622384
-0,02707749
-0,005982801
-0,009686762
-0,02245302
-0,020399
0,01335541
0,01142494
-0,01872707
0,02737863
-0,02255993
0,02442248
0,01417537
-0,03417549
0,03702483
-0,02891626
-0,01840383
0,004137904
0,03686835
-0,01788596
0,02169302
0,02388892
-0,000842985
-0,01400143
-0,01598993
-0,005639542
-0,001258595
0,02242694
0,02624899
-0,009534691
-0,007693462
-0,01971885
-0,03078131
0,003092201
0,02002786
0,01455718
-0,009725996
-0,04048348
-0,03776203
-0,005285434
-0,02600414
-0,01571806
0,004075113
-0,03179054
0,009371444
0,03565738
0,007625089
-0,007588621
0,03503104
0,01531215
0,004075687
0,02266882
0,003712201
-0,02489492
0,03644938
0,0008630541
0,00908333
-0,01045075
0,02995404
0,01378522
0,01328557
0,01720131
0,01630208
0,01185653
-0,002315642
0,01347053
0,01728884
0,03887134
-0,01571333
-0,03871667
-0,005320136
-0,01722086
0,005108708
-0,01822907
0,02747868
-0,02330009
0,02765499
-0,007218115
-0,003617534
-0,005001749
0,002991027
-0,02337199
-0,02006044
-0,02123413
-0,02656265
-0,04114895
-0,002078816
-0,05623624
-0,008919006
-0,0203045
-0,02173139
-0,02703082
-0,02294376
0,0007392168
-0,03545168
0,01739507
0,02970676
-0,02374244
0,04281601
0,0452839
0,006992825
0,05341658
0,003619899
0,001590439
-0,01683222
-0,0143085
0,02545368
-0,006896063
-0,01774064
0,02634227
-0,0005347873
-0,01571644
0,02218005
0,008659011
-0,02151651
-0,03063539
0,02366253
-0,0004587811
0,01241376
-0,005861099
-0,05784173
-0,01688633
-0,005902431
-0,004596862
0,01816209
-0,005459415
-0,01607456
-0,01804178
-0,03031501
-0,006235658
-0,02777103
0,01897103
-0,009399791
-0,01944572
-0,02477919
-0,01511717
-0,06799962
-0,04755803
-0,06852147
-0,06546015
-0,01415774
0,01832762
-0,002298334
0,03007485
-0,0370636
-0,05704869
-0,02188154
-0,02892571
-0,01585585
0,05132271
0,03289262
0,03076635
0,03619057
0,01580347
0,01966589
0,001178237
0,02035269
0,005377987
0,01726444
0,01883592
0,02573689
0,004562102
-0,01550121
0,01899292
0,009269435
0,001786299
0,001820984
-0,009461313
0,0335777
0,01182126
-0,01283203
-0,005794738
-0,02951862
0,005189152
-0,08024197
-0,02940854
0,02365509
-0,04345091
-0,002754192
0,04433529
-0,03325821
-0,005446058
0,01737628
-0,0163451
-0,04591027
-0,03454857
-0,06997065
-0,04222544
-0,04141302
-0,0590353
0,03071924
0,02126177
-0,06146513
0,007808774
0,006347021
0,008817011
-0,01348744
0,009652759
0,07893834
0,07211344
0,06708661
0,0924639
0,05894675
0,00818969
0,01642687
-0,009507804
-0,01534343
0,03098851
-0,004163682
0,03995689
-0,002736585
0,009068307
0,01401405
0,02150449
0,01860721
0,01121502
-0,061088
0,03381087
0,08878314
0,03824314
0,04602071
-0,01688515
-0,01358893
0,0632605
0,005699872
-0,05263059
-0,005225514
-0,02399545
-0,06102239
-0,03511945
-0,02140596
-0,04730366
0,01647637
0,02458575
0,0206242
-0,06379205
-0,09568941
-0,1222832
-0,104857
0,02008317
0,04414264
-0,06979393
-0,1345968
-0,03071817
0,03506931
0,02804112
0,07988777
0,01509453
0,1045363
0,03668537
0,01671681
0,05074272
0,01015321
-0,01032749
0,005756132
-0,04209144
-0,01523079
-0,02563359
0,004339771
0,04041594
0,01400969
-0,004811435
-0,01707009
0,02957143
-0,01187646
0,008324301
0,04109692
0,007215202
-0,01530333
0,016284
0,03267721
-0,02075104
-0,03512058
0,06413169
0,02485193
-0,02048414
0,02584382
0,01800249
-0,02736215
-0,05633662
-0,07273126
-0,06131095
-0,02793706
-0,03847001
-0,07264476
-0,04898297
-0,01925513
-0,1260721
-0,1268798
0,04991047
-0,007171344
0,02421731
-0,05516884
0,03880296
0,01669062
0,08995595
0,05216339
-0,0008387743
-0,0007284326
-0,007753671
0,07296938
0,04872275
0,01090048
0,01656118
0,06375076
0,01992629
-0,01499945
-0,02367417
0,005037455
0,05269075
0,001887187
-0,02338162
-0,02244111
0,01268244
-0,009500687
-0,03868971
0,009259329
0,02139538
-0,07064284
-0,01981457
0,02477723
0,05923667
-0,05025426
0,04921092
-0,06709149
-0,07223361
-0,06392252
0,01314239
0,01426649
0,03616932
0,06584413
0,07305837
0,02966995
0,02355285
-0,08720283
-0,004305376
0,06618336
-0,05146264
-0,09065653
0,008728453
-0,03286589
0,0209407
0,004765556
0,03691505
0,0429262
-0,01923191
0,07163323
0,03762437
-0,002526858
0,05155073
0,06513537
0,05834265
0,01728032
-0,02138845
0,05960812
0,04664957
0,02111405
-0,01907178
-0,0005328384
0,02552209
-0,007648875
0,01137329
0,01026045
0,02820283
-0,000967709
0,003733942
0,02590008
-0,05867134
0,01256288
0,04978837
-0,07682316
-0,002980151
-0,001251432
0,003531464
0,05675232
-0,008837882
-0,02393181
0,02225482
0,00664367
0,06161577
0,06371611
0,06590357
-0,0136442
0,02462559
-0,1566956
-0,09096283
-0,03131252
-0,001744392
-0,08621013
0,006183888
0,02847917
-0,03735692
-0,05836055
0,102299
0,06639756
-0,09904667
0,06842551
0,03857558
0,01806617
-0,04284553
0,02407809
0,07138284
0,01065907
0,01968138
0,006855944
0,01340701
0,04441736
0,03433026
0,00671268
0,05530269
-0,004246664
0,009467385
-0,0196212
0,01834335
-0,001386925
0,05963394
0,07685992
0,01513808
0,07983025
-0,006291308
0,0688183
-0,0223869
0,0690161
0,02367521
0,02480621
-0,03578705
0,01504364
0,06379659
0,07591011
0,1426397
0,107662
0,080818
-0,05850023
-0,003179171
-0,09121517
0,0335191
0,02418475
0,1447239
0,06940688
0,1176914
0,00837163
-0,04297366
-0,07468644
0,1083777
0,1084816
0,02323224
0,10618
-0,1223934
-0,0719846
0,01165589
-0,0659305
0,07723688
0,1107568
-0,02796768
-0,06073496
-0,08852834
-0,08333445
-0,003202438
-0,01330023
0,03662353
0,002033188
-0,005398269
0,01985433
-0,01154899
-0,01210896
0,009031491
0,04223615
-0,002973742
0,05278844
0,09092763
0,07674044
0,06419685
0,05079523
0,02242912
0,09496231
0,0607852
0,1054311
0,05957105
0,07825777
0,0853133
0,08113595
0,1691766
0,1145276
0,01718768
-0,0911309
-0,03941477
-0,03060269
-0,06574747
-0,08453785
-0,1024208
-0,007084884
0,03043893
0,01929059
0,002575967
0,09889948
0,1059944
0,04179888
-0,1150862
-0,03973893
0,04609744
0,04516782
0,05564259
0,08509751
-0,02858566
-0,03782685
-0,05792927
-0,01709159
0,01565221
0,03994289
-0,006721151
0,008791163
-0,02115475
0,006787727
-0,02587779
0,008922468
-0,002164841
0,01654815
-0,01295494
0,03755137
0,07874446
0,08721566
-0,02393122
-0,0537781
0,03611619
-0,003518925
-0,02108276
0,09101798
-0,06997317
-0,03758057
-0,04672406
0,02148384
0,05713054
0,09980109
0,01385021
-0,02611056
-0,1902599
-0,1119551
-0,0959468
-0,01163658
0,00254079
0,08657558
-0,05595754
-0,1152227
-0,1073498
-0,04277959
0,01375046
-0,04970654
0,04586147
-0,06297076
0,05501892
-0,03035665
0,07362571
0,1227619
-0,00539784
-0,1268603
0,005554566
-0,003126106
0,03181522
0,02605792
0,03037693
0,04810819
0,02025933
0,02526071
-0,004276098
-0,02303831
-0,008683055
-0,0561869
0,02157038
-0,0664378
0,01784826
0,0450234
-0,01672541
0,0009767686
0,01173052
-0,01065159
-0,01651882
-0,02638346
-0,01711554
-0,1348982
0,02944294
0,04260256
-0,003669882
-0,055311
-0,008242416
-0,03596494
-0,08252972
-0,129204
0,06420576
0,03193868
0,1187403
0,02300777
0,09056096
0,04990009
-0,09524059
0,0031921
-0,005692236
-0,04865288
0,06844052
0,01800618
0,02036783
0,09785865
0,03370218
0,06990651
0,04418732
-0,07675191
0,008437742
0,05518257
0,0309362
0,06003804
0,01534165
0,01017495
-0,02733087
-0,002752838
-0,04192539
0,0255169
0,0006411881
-0,01966503
0,042409
-0,007304509
0,0826349
-0,1251898
-0,1083161
-0,05388544
0,03386693
0,04882807
0,06248106
0,03254566
0,1125798
-0,01325489
0,1053378
0,1220403
0,1001821
0,04317848
0,1083758
0,06935445
-0,03978242
-0,1493235
-0,1143947
0,03673617
-0,1596603
-0,1479916
0,0213669
-0,1402767
-0,2823881
-0,0477615
-0,06541377
-0,1738098
-0,1536277
-0,05884361
-0,02786724
-0,03304135
0,06668874
-0,04047382
0,04747231
-0,05639132
0,02327793
0,0616162
-0,004395376
0,02809621
0,03563863
0,007832674
-0,003309189
0,009307936
-0,03308308
0,002764284
0,004637653
0,001477844
-0,05229795
0,03944883
0,1591573
0,01013665
-0,02247398
-0,0955669
-0,04387446
-0,1222865
0,03571554
0,01809113
0,002284935
-0,02235565
-0,01448725
-0,01214263
-0,02574158
0,04947849
0,07032268
0,006741067
0,07054367
-0,125698
-0,03460576
0,09909924
-0,21294
-0,07047882
-0,05639437
-0,07399099
-0,1065307
0,01952243
0,02802553
-0,06628656
-0,009119026
-0,01528411
0,04592906
-0,04363954
-0,06040685
-0,08297437
-0,04017198
-0,03157879
-0,01619481
-0,06884607
-0,02178841
0,05006014
0,04935665
0,001274671
0,01573428
0,0283269
0,0222033
0,03801043
0,02467936
-0,06666638
-0,07901775
-0,01253785
-0,05482298
-0,01742622
-0,09216595
0,05263477
-0,1861063
-0,144471
-0,04534524
-0,04410498
0,08229521
0,05941283
0,07639941
-0,1220189
-0,1831635
0,05836451
-0,0469611
0,003399831
-0,02790515
-0,1692027
0,06562386
-0,04363773
-0,08892681
0,03865452
0,1292368
-0,2340108
-0,09530604
-0,01934949
-0,05732077
0,09218108
-0,03469735
0,05311135
-0,0001160306
-0,02070606
-0,08953449
0,02306218
-0,0312713
0,05705917
0,00292497
0,007185399
-0,002869974
0,07377651
0,01374962
0,05360762
0,002020671
0,005025696
0,0003554589
0,001223135
0,06051021
-0,008777527
0,01811298
0,0760987
-0,03524518
-0,07692104
0,05947192
-0,03222432
-0,05820757
-0,05475602
-0,1187437
-0,009901001
0,1156894
0,02160869
0,06902397
-0,04237795
0,07523172
0,1568445
0,1723098
0,08713777
-0,07671224
0,01121702
-0,08380836
-0,165191
-0,0566659
0,003926071
-0,05612276
-0,01031788
0,01172018
0,09859855
0,0279737
0,1022112
0,1492756
0,1272738
0,1428433
0,04796035
0,1436481
0,06966441
-0,08489024
-0,03209696
0,02197696
-0,0399367
-0,07722005
0,01645646
0,018535
0,03544367
0,004140711
-0,007977822
0,01258359
-0,01478222
0,01292484
-0,02455026
0,0501866
-0,02132537
-0,03239821
-0,1457967
-0,1091804
-0,01191791
-0,02670933
-0,06649692
-0,1335606
0,0813342
0,1625588
0,0673549
0,009103635
0,1357127
0,1791537
0,1414503
0,01361088
0,03632537
-0,1153479
-0,1706326
-0,1779141
-0,01391751
0,05225194
0,01250016
-0,001589563
0,07643832
0,1288764
0,01127421
-0,01890192
0,1650706
-0,2112886
0,03466969
0,05751526
-0,0564493
-0,05318248
-0,1087729
-0,01480311
-0,006509013
0,05045483
0,02343556
-0,001021124
0,003171067
0,02679726
0,003447314
0,01797957
0,0029549
0,009740946
-0,01832983
0,05622989
0,08753931
0,016248
0,08344647
0,01491325
0,03122338
-0,1265804
-0,2282725
-0,0109098
-0,1512594
-0,07574149
-0,08541046
0,07318278
-0,03069576
0,07546145
-0,007816402
-0,06331868
0,1018426
-0,08276441
0,05376286
0,07715824
-0,1501319
0,01907981
0,03450498
0,02831137
-0,1256706
-0,2018247
0,05777234
-0,2825336
-0,04951371
0,1286568
0,04389208
-0,143733
0,09257068
0,1768763
0,08810944
0,07608947
-0,08550088
-0,0803419
0,06613568
-0,02220029
-0,01251242
0,02532112
0,03025684
0,05234955
0,01760611
0,004583618
0,0003454382
-0,01999453
0,04407885
0,04466928
0,01544746
-0,0757811
-0,05298596
-0,06618021
-0,08828986
-0,1698382
-0,1068449
-0,1026558
-0,08161698
-0,1146144
-0,15278
-0,07364216
-0,03209508
0,1105633
-0,2900389
-0,1370234
0,1170613
-0,06978156
-0,09692597
-0,07521553
-0,2264091
-0,08869248
0,1120377
0,1250856
0,08055206
-0,02143628
-0,1499389
0,0430462
0,1379106
0,00499469
0,01928542
0,02824301
0,1357174
-0,2048576
-0,03565247
0,1912248
-0,02656087
0,09379335
0,02993044
0,04829039
0,04075475
-0,02165834
-0,02411861
-0,01355746
0,02209784
-0,01604828
0,007322347
0,01804717
-0,03864063
0,02584719
-0,02377195
-0,03472824
0,003438097
-0,06398277
-0,2420438
-0,01347164
0,02754063
0,007204053
0,05191331
-0,09996586
-0,2310475
-0,02680688
-0,04811141
-0,07857549
-0,09018953
-0,1168205
-0,09269337
-0,03526842
-0,07271266
-0,06419779
-0,2158044
-0,09122366
0,01817956
0,03505233
-0,04367208
0,03960407
0,1990576
0,2721806
0,1243386
-0,02832398
0,1313529
-0,0647659
-0,02048316
-0,0257285
-0,001753345
0,1310193
-0,1134737
0,04537618
-0,1030955
0,004668823
-0,03257154
0,006245799
0,0222211
0,02655046
0,01863919
-0,004806909
-0,02475666
0,03286227
0,007981765
0,0169068
0,009369332
0,0002109259
-0,02780277
-0,02558772
0,126204
-0,1299997
-0,08666097
-0,07653231
-0,09019122
-0,1341572
0,1589968
-0,05091492
-0,005837751
-0,04185962
-0,1452558
-0,03935364
-0,2783073
-0,1351691
-0,05644612
-0,2581838
-0,2743953
-0,1307378
0,1008006
-0,08777344
0,06190492
-0,05549104
0,1691905
0,0541386
-0,02562876
0,03598738
-0,1057137
-0,04351775
0,0442288
0,06874095
-0,05452849
-0,1271743
-0,06649978
0,09595694
0,02847464
0,03986099
-0,07486679
-0,0328893
-0,006103495
0,03605534
0,006004156
-0,00637942
0,02701497
0,006899156
-0,02376595
-0,06833112
0,08490703
0,05062012
-0,002994045
-0,01556435
0,09496518
0,01805829
0,01943729
-0,02728027
-0,1962268
-0,04718131
-0,0189378
0,07945025
-0,0885535
-0,04246036
-0,1935984
-0,1781685
-0,1790895
-0,2102613
-0,1569993
-0,1084658
-0,0574394
-0,2001457
0,201032
0,05897725
-0,0188155
-0,1729077
0,07491986
0,2669559
-0,0451299
-0,0223746
0,1239705
0,134964
0,01860934
0,03756581
0,1007902
0,02013007
0,04158672
0,02364518
-0,04152418
0,02539277
-0,05076914
-0,03908165
0,005879266
0,04481295
-0,03054148
-0,02286717
0,02840453
-0,005362018
0,05418277
-0,04384249
-0,03855521
0,03807572
0,00642749
0,08132149
-0,1932023
-0,09952928
-0,004185893
-0,07079796
-0,08854759
-0,1092057
-0,1029785
0,1042295
0,01481807
-0,2774103
-0,07309335
-0,0980278
-0,05960602
-0,2438584
-0,02475527
-0,2288344
0,2049644
-0,1356579
-0,03205168
0,05786049
0,01213989
0,04691844
0,101267
0,08015427
0,05995098
-0,04164566
0,2556232
0,1806746
0,02294232
0,07976145
0,004073899
-0,04556261
0,03652585
0,1168866
-0,04035452
-0,04456344
-0,05783706
0,0005583853
-0,007272161
-0,003009221
0,01523188
0,01133771
-0,02335905
0,00400963
-0,005806822
-0,04513995
-0,008658421
-0,04687261
0,002512337
-0,03582233
-0,1127877
-0,1872669
-0,03058443
0,0423494
0,02098324
-0,01993709
-0,1390834
-0,01838849
0,05758828
-0,02073348
-0,04152084
-0,08049952
-0,2662598
-0,05872047
-0,2064072
-0,1106983
-0,1547451
0,03771537
-0,1245305
0,05326597
-0,1916775
0,1776062
-0,07367206
0,00507955
0,115188
-0,03279991
0,03112404
-0,008381233
0,1312967
0,0607401
-0,07199807
0,02395748
0,041501
0,06114178
0,05778646
0,0366431
-0,01565586
0,0232272
0,0135131
0,006469607
0,03402517
0,01986151
-0,02184804
0,006711768
0,07711438
0,0016139
-0,06254223
-0,07988864
0,01367431
-0,1759218
-0,04965856
0,1135992
-0,0888978
0,1497821
0,1161232
0,1045162
-0,02624877
0,1296437
0,1778973
0,0502717
0,3101595
0,06273863
-0,273857
-0,1846158
-0,3473553
-0,07928102
-0,103639
-0,1560474
-0,1018855
-0,09730786
-0,01247682
-0,04912032
-0,2777992
-0,06087453
0,01912067
-0,04739122
-0,1024862
0,0960413
-0,07779351
-0,04924822
0,0272756
0,08451077
0,08361982
0,03298989
0,06520583
0,06611042
0,1507135
0,02515076
0,0106138
0,01457593
0,03390665
0,02625476
0,01072672
-0,01515274
-0,06631756
-0,07759635
-0,1257696
-0,128871
0,02616558
-0,02722126
-0,06231127
-0,01423703
0,02047629
0,1642388
-0,06184746
-0,1062499
-0,2423254
-0,07094325
0,129618
0,1816457
0,0144345
0,1876756
-0,02452194
-0,4135247
-0,2362316
-0,0362608
-0,07968943
0,064976
-0,0196511
-0,2295893
-0,1285549
-0,1618805
-0,2182676
-0,02927325
0,1110481
-0,09325525
-0,122839
0,0449034
0,05306794
0,06279629
0,1058846
0,04228408
0,01351274
0,01491965
0,06844422
0,06132301
0,06022617
0,04243845
0,05331156
0,05465883
0,01972253
-0,01411689
0,0132584
0,04504141
-0,005394713
-0,1094673
0,03914254
0,01458782
0,02241652
-0,05163042
-0,09536341
-0,1182297
-0,05495862
-0,1573694
0,1503092
0,007697024
0,01332975
0,04577697
0,197256
0,2632045
0,240894
0,1225826
-0,04053266
-0,0795003
-0,1568264
-0,2188517
-0,1238577
-0,1939823
-0,1064152
-0,03382025
-0,2085612
-0,2956562
-0,2020991
-0,1839145
-0,1204491
-0,1074283
-0,06597261
-0,02885016
-0,0717777
-0,002834591
0,05115327
0,004412883
0,03846746
0,08392961
0,056875
0,02517324
0,007355457
0,01758006
0,01680306
0,06739365
0,00358295
-0,024257
0,02896667
-0,04764206
0,06796964
0,1037526
0,02058093
-0,03215441
-0,1159702
-0,07481584
0,0101129
-0,1906464
-0,07024086
-0,1542241
0,1009836
-0,07173274
0,2005092
0,08594786
0,2219665
0,4061664
0,4941173
-0,01246492
0,02927539
-0,06940015
0,01617471
-0,2618859
-0,295561
-0,1903316
-0,1079673
-0,3330267
-0,1770857
-0,1515817
-0,1901684
-0,2756241
0,01766214
-0,02787775
-0,1862829
-0,08093814
-0,03817035
0,04230762
0,07635047
0,03844441
0,06825872
0,0386539
-0,001852136
-0,003816379
-0,01364521
-0,03540959
0,0189657
0,04514694
0,03115734
-0,01864359
0,00485079
-0,009674557
-0,06865272
-0,0006772738
0,02769883
0,02170708
-0,02872762
0,02908848
0,1565532
-0,2077962
-0,1998852
0,001727069
0,07580145
-0,04858083
-0,1793139
0,006971075
0,1104201
0,2173655
0,2190557
0,2382677
0,3461344
0,1548601
0,01049982
-0,1577233
-0,1617979
-0,1428715
-0,1691122
-0,1910385
-0,32972
-0,2681902
-0,1754486
-0,169927
-0,1728393
-0,1714205
-0,1851658
-0,06096248
-0,08275164
0,02913359
0,03656239
0,06383611
0,1115903
0,01939069
-0,02973923
0,06526353
-0,03188196
0,001230568
-0,02482292
-0,02758756
-0,02355617
0,01765909
0,01581028
-0,006459068
-0,05445038
0,03846184
0,1669873
0,09739327
0,184129
-0,04802884
-0,04818429
0,09617529
-0,1146539
0,0596356
0,1167852
-0,01946522
-0,2785594
-0,180684
-0,1769587
0,1412481
0,2617685
0,1202888
0,3912718
0,2199291
0,04710171
-0,1094617
-0,3251702
-0,2328948
-0,1913908
-0,3969043
-0,08023434
0,02362428
-0,07603171
-0,1941591
-0,2026238
-0,3360375
-0,1711517
-0,1940666
-0,08564783
0,1466232
0,05209913
-0,006285924
0,1253486
0,04028452
0,01218311
0,03541066
-0,01589534
-0,01324472
0,008791116
0,01077109
-0,01306985
0,01344625
0,01731721
-0,03924433
-0,04870398
0,01266549
0,08474824
0,007200762
0,2320119
0,2884399
-0,05846588
0,07330548
0,1705537
-0,1161575
-0,03871939
-0,04483141
-0,1076318
-0,01805809
0,02190395
-0,02050164
0,1076577
0,2785755
0,003489732
0,2456534
0,2598028
-0,09060813
-0,2444918
-0,09257188
-0,3210385
-0,2703123
-0,2902811
-0,04456186
-0,3281407
-0,2080607
-0,1215799
-0,136149
-0,05481617
-0,06448202
-0,057986
-0,07428215
-0,0131807
0,03769088
0,01037072
0,04148462
0,04779733
0,04526179
-0,0420504
-0,005028044
-0,01539859
-0,03388597
-0,01868387
0,02608731
-0,02042156
-0,04100995
0,00248484
0,05316288
0,0003199923
0,01449731
0,05962557
-0,08663011
0,03488337
0,07078584
0,1541137
0,0757519
0,1389322
-0,08941489
-0,1574171
-0,07693501
-0,04299983
0,0920198
0,3097448
0,2881181
0,04614509
0,1130136
0,1552785
-0,07236265
-0,09809617
-0,1824972
-0,1503137
-0,1641553
-0,08296432
-0,1282879
-0,2644687
-0,2058613
-0,1703663
-0,2780695
-0,009865333
-0,1367978
-0,1404482
0,01137461
0,002237033
-0,03240075
0,05502473
0,05166169
0,02332818
0,0248078
-0,0383644
-0,02137714
-0,02256003
0,001735437
-0,005816445
-0,001609419
-0,01761217
-0,08143321
-0,07878833
0,06927551
0,03954948
-0,06772766
-0,1354479
-0,0243572
0,02435561
0,02929664
0,2147857
0,1898125
0,156026
0,102223
0,2614625
-0,1146228
0,03889829
0,1861093
0,1496379
0,09955951
-0,03891427
0,1598482
-0,09305022
-0,07943293
-0,0386851
0,1386355
0,103776
-0,09302203
-0,139165
-0,1996626
-0,3042766
-0,2392612
-0,05608879
-0,2866139
-0,248923
-0,07195531
0,1268304
0,1741742
0,05393722
-0,002083291
0,04831595
0,0516986
-0,01701069
-0,01721185
0,0185578
-0,03634421
-0,006052508
-0,03265431
-0,02085676
0,03324452
-0,03804778
-0,07611781
0,003039099
0,1807918
0,1103258
-0,03331654
-0,03072822
-0,1808207
-0,1090276
0,0265183
0,2611084
0,09357646
0,02237762
0,1154298
0,01853029
0,1496047
0,1849026
0,1581333
0,06331567
0,01426855
-0,08105835
0,07360721
0,01908177
-0,1218634
-0,04292048
0,06583679
0,07740609
0,1732031
0,08974668
0,007302366
-0,02251687
-0,01110717
-0,01087878
0,01711005
0,0512329
0,03252591
0,0307182
0,01233276
-0,1048803
0,06092367
0,1196708
0,1181238
0,03835088
-0,01953488
-0,01334116
0,004302685
-0,02672067
-0,003492676
0,008205169
0,01175745
0,02712166
-0,07914267
-0,03166922
0,09483051
0,05994189
-0,02261256
-0,0128923
-0,03751731
-0,1441018
-0,1365916
-0,02619704
-0,03418783
0,07627378
0,04040535
0,03430002
0,1379006
0,1549336
0,1656249
0,08444435
0,05961615
0,04380608
-0,1480511
-0,08115986
-0,02557249
0,01188996
0,1549476
0,1571699
0,05174499
0,0001435343
-0,1207862
-0,1637348
-0,1391351
0,02176115
-0,05428899
-0,09411856
-0,1017557
0,03627694
-0,09063177
-0,05941358
0,07871643
0,03407235
-0,01166285
-0,009904305
0,01241126
0,0171595
-0,02030626
-0,01398024
-0,02306522
-0,01162107
-0,01376143
-0,02349227
-0,02073497
-0,0156665
-0,05359602
0,124679
0,02911353
0,0003431663
0,08863454
-0,1341984
-0,05869771
0,01306658
-0,02128376
0,04192642
-0,04334636
0,3230395
0,3879126
0,05552842
0,01832442
0,1872994
-0,0164781
0,01838114
-0,2273882
0,04027596
0,0879101
0,03533969
0,1533083
0,122044
-0,07342412
0,07513675
-0,1137515
-0,1606513
-0,115494
0,06092658
-0,03395768
-0,1401982
0,004771211
0,05932363
0,07721686
0,02700669
0,03517894
-0,001235702
-0,008686052
-0,002473014
-0,01513925
0,00211569
-0,001273668
0,03391606
-0,003389877
-0,03177497
-0,03617829
-0,01392662
0,09634551
0,05357304
0,0007516755
0,0319398
0,013355
0,06326392
0,05569963
0,0215967
-0,0614221
0,09381481
0,0741314
-0,01786486
-0,04941745
0,1308812
0,05966608
-0,03555784
0,1080209
-0,01836255
0,114163
-0,08059579
-0,07613976
-0,1027804
-0,02834436
0,03522934
0,0830771
0,1933972
0,1466851
0,2171507
0,1135167
-0,06469493
-0,1323715
0,03640781
-0,1817052
0,01658544
0,04383129
0,03261627
0,06613833
0,05616697
-0,05525354
-0,01846626
-0,001102426
0,02717299
0,004094617
-0,03258293
-0,02210988
0,0187904
-0,001272767
-0,00389114
-0,02101322
0,02229975
0,09344434
-0,06765716
-0,09945785
-0,161092
0,00675235
0,1158289
-0,1407198
-0,002138301
-0,09881437
-0,03362155
-0,08515538
-0,05533595
0,02113625
0,1883173
-0,0130883
-0,07598596
0,05028656
-0,1462514
0,03147461
-0,0394062
0,01187487
0,08984976
0,04285011
0,01419598
-0,1031191
-0,01203443
-0,05161943
-0,0658562
0,02902945
0,03272559
0,1014262
-0,1136322
-0,2562821
-0,276699
-0,04794135
-0,05503136
0,02209309
-0,03395641
-0,1285927
-0,07784577
0,0221865
0,04400819
0,03706477
-0,01732736
-0,004753301
-0,006526503
0,02256405
0,02147655
-0,01273877
0,04330143
0,06609655
-0,04024884
-0,03422419
0,02846911
0,2113035
-0,003540006
0,02057717
0,1168305
-0,03958892
-0,0623905
-0,0004853341
0,0418017
-0,02704594
0,1003174
0,08475602
0,05806828
0,0597881
0,009704375
0,05971565
0,04916702
0,00829256
0,08783998
0,06844273
-0,1801342
0,03801377
0,06722965
-0,04270348
0,07402908
0,1432432
0,02955322
0,05202714
-0,05610633
-0,1484576
-0,04463517
0,07589817
-0,07507587
-0,03389179
-0,07376935
-0,1083268
-0,05177462
-0,001805347
0,02682949
-0,04029893
-0,001027116
-0,0180097
0,01961627
0,02048887
0,01647875
-0,01366848
-0,01618585
0,001890916
-0,02947324
-0,1411206
0,0101802
-0,1032308
-0,02630077
-0,1315872
0,08442571
-0,002812441
0,06475227
-0,06192496
-0,1453187
-0,008629598
-0,07135305
-0,05376014
-0,06935
-0,05562709
-0,1389031
0,0169008
0,1063245
0,04652293
-0,08497634
0,08858449
0,03401403
0,2793944
0,06059555
0,1223688
0,06081768
0,04572865
-0,15897
0,01018902
0,05577131
-0,05072865
-0,07587187
0,1468332
-0,09189139
-0,1850369
-0,129373
-0,05601116
-0,1016179
-0,08521739
0,02213405
-0,03182731
0,01080814
0,01052936
0,00982083
0,04301896
-0,02162615
-0,01847917
0,03089263
0,03706788
0,0002341235
0,01421937
0,02352663
-0,05424289
-0,08739263
0,02115187
0,09728101
0,02504467
0,02585765
-0,04707115
0,05820682
0,02371081
0,005647243
-0,05592296
0,01761383
0,01118785
-0,05173483
0,01467155
-0,1221096
0,004472319
-0,06275433
-0,03108407
-0,3297096
-0,1714154
-0,1615017
0,0005809123
-0,04320069
0,01729216
0,03241256
0,05893215
-0,1160735
0,0582937
-0,01079558
0,05715882
-0,01547698
-0,08066771
-0,06826926
-0,01622316
-0,06018663
-0,07583667
0,002319117
-0,06028665
0,003198972
0,01287796
-0,01537941
0,002000566
0,02586131
-0,008733738
0,03424075
0,001696983
0,01393937
-0,003353624
-0,05453412
-0,2118508
-0,1064034
0,04057394
0,02106784
-0,05530965
-0,09864316
-0,131466
-0,05750562
0,07030152
0,1914989
0,006223998
-0,1378481
0,02646258
0,1331811
0,1147908
0,1239315
0,04642349
-0,05674051
-0,08201808
0,04043058
0,1107834
-0,1576144
-0,136835
-0,07043169
-0,1719831
0,1074905
-0,05468466
0,1200787
0,02829633
-0,04681886
0,09141897
0,00654775
0,09052044
0,02642957
-0,1416164
0,03631708
-0,002497111
-0,01808041
-0,07456841
-0,01662077
0,01866804
-0,03572515
-0,02254582
-0,009866802
-0,01164199
0,01486674
0,07123744
0,02853471
0,02674454
-0,02267669
-0,02078029
0,0269404
0,05318682
-0,053649
-0,0147381
0,04070408
-0,02349247
-0,07951762
0,005721965
-0,08387699
0,01827857
-0,005533203
-0,01503975
0,07048625
0,03594524
0,08779763
-0,03600197
-0,1941917
-0,1744278
-0,003332315
-0,0854247
0,03470915
-0,04712596
-0,002318545
-0,01353379
0,09437658
0,1405789
0,1683804
0,1553337
0,1429286
-0,05634731
-0,1094093
-0,005256757
-0,08792175
-0,1131086
0,03249405
0,03568765
0,008321427
-0,01445721
-0,04050949
-0,02990995
0,02601374
-0,00932056
-0,02906905
-0,008586569
0,02826804
0,01509182
-0,0661601
-0,09278259
-0,1566936
0,04736491
0,02893621
-0,02788546
0,09548802
0,01813863
0,02175968
0,1536734
-0,008264664
-0,07305942
-0,1036702
-0,1978231
-0,1839579
-0,05968909
0,03948623
0,1999328
0,003226647
0,04622814
-0,05984787
-0,03651796
0,193208
-0,1218343
0,03369446
0,05717759
-0,1353391
0,0822762
-0,02907725
-0,05846063
0,1771621
0,1738808
0,06450703
0,09260429
0,01223391
-0,1308146
-0,08576655
-0,08977133
0,03663731
0,01684321
-0,05993512
-0,0504434
-0,03350312
0,03903266
0,04051027
-0,01861895
-0,001620365
0,01358437
-0,03073637
-0,05743381
-0,01001896
0,01537356
-0,06554175
-0,1174045
-0,01994687
0,05061883
0,1091964
0,007223003
0,0342194
0,1329796
-0,01838544
0,1365186
0,1154171
0,02607294
-0,04697
0,07528349
0,05381423
-0,08400065
0,04762056
-0,03960629
0,1803271
0,1752886
-0,1578285
0,02800364
-0,01375361
-0,04173759
0,02603607
0,3763647
0,169119
0,005971825
0,1477128
0,07192183
0,03568849
-0,08806095
0,03065844
-0,09787472
0,0966307
-0,05837527
-0,007278501
0,01968446
0,06083553
0,05241522
0,004590722
-1,302658E-05
0,0159041
0,008669026
0,01132389
0,01825062
-0,01733785
-0,01917353
-0,1020771
-0,08332959
-0,02372527
0,07099599
0,07608178
0,1022003
0,1230424
0,2768369
0,05732492
0,05265828
-0,04154061
0,03586206
-0,02427488
0,0763962
0,03739802
0,1173321
-0,05270759
0,01180335
0,09391779
-0,01722147
-0,02015736
-0,09206218
-0,1255127
0,03200372
0,1443513
0,08334453
-0,1344827
0,07539047
0,08271642
-0,09123731
0,1620893
0,05646893
0,1001135
-0,003795016
-0,089822
0,1103072
-0,02927571
0,141668
0,04093065
-0,04454254
0,1413649
0,08676434
-0,02117752
-0,05245876
0,002132743
0,01928435
-0,03456575
0,0002902607
0,01597251
0,04434181
0,0255414
0,003365869
-0,06651543
0,04047504
0,01092804
-0,139449
-0,1145456
0,09338566
0,09106405
0,1406253
-0,06496204
-0,01051467
-0,07851388
-0,08090035
0,0348391
-0,07678543
-0,05976455
-0,01211439
0,2028389
0,04921622
0,04067032
-0,004716118
0,04704744
-0,1033697
-0,1558242
-0,09163374
-0,1122108
-0,1414926
-0,1271959
-0,04274166
-0,01755961
0,1905141
0,08617586
0,1442999
-0,01942962
-0,05216614
0,00932541
0,1416157
0,03628347
-0,003938484
0,05593633
0,06738028
-0,008590527
-0,02956822
0,001423959
-0,03184159
-0,03525802
-0,01398566
0,01620763
0,003912235
-0,01439485
0,02031118
0,0006056561
0,07088235
0,08275321
-0,04824417
0,1700549
-0,03774593
-0,01351037
-0,01025198
-0,2139527
-0,1790929
0,08040776
0,03103632
0,01109334
0,007725702
0,1400193
0,1503816
-0,1100772
-0,01671415
0,03812685
-0,2209733
-0,1498087
0,04257402
0,01952091
0,07478348
-0,03881683
-0,06704795
-0,06579146
0,01412037
0,1351376
0,02315275
0,04968555
-0,05342053
0,0538406
-0,06996675
0,1056652
0,1354774
0,1161809
0,1144153
-0,04199573
0,08258898
0,008734535
0,04965146
0,01131492
-0,02951601
-0,02758985
-0,01746603
0,02260493
0,01410736
0,02066032
-0,01454441
-0,01103382
0,03272183
0,02664107
0,04760143
0,1604752
0,1490326
-0,01130909
0,05935061
-0,09073192
-0,1129963
-0,04812134
-0,06044696
0,04180194
0,07789092
-0,183274
-0,03532552
-0,01401784
-0,03034114
0,1852971
0,06458507
-0,0003635293
-0,1473501
-0,09553441
-0,06806154
0,0882322
0,07857665
0,05230732
0,06093653
0,08167981
-0,08687156
-0,03777267
0,03531704
-0,01917597
0,07820153
0,01511677
0,06020853
0,1097586
0,0007385937
-0,01946022
0,04208082
0,1147008
0,07625415
0,01585184
0,005707767
-0,006564821
0,02162351
0,03710434
0,03180429
0,04529388
-0,05125088
-0,05580011
0,01066152
0,001296443
-0,01438402
-0,07822349
0,005977423
-0,03380936
-0,06560016
0,02704857
-0,06476349
0,07770309
-0,02017551
-0,07763612
-0,07093524
-0,06592831
0,04518257
-0,0653898
-0,01137297
0,1243156
0,1488719
0,09344634
-0,1144266
-0,003413279
-0,272938
0,02291946
-0,0996495
0,09270752
-0,0961263
0,2354863
-0,1046938
-0,04628506
-0,03176051
0,06992981
0,07863326
-0,03433453
-0,1555792
-0,01220802
-0,04147661
0,01273882
-0,01829175
0,03125138
0,07259534
0,01087214
-0,01541907
-0,03857977
-0,005190944
0,01376757
0,01347289
-0,006703488
-0,04473481
0,01956742
0,06701051
-0,003243748
0,09006243
0,09485202
0,05908462
-0,03117976
-0,1415533
-0,1136417
-0,2226155
-0,06968579
0,2525225
0,1585474
0,0471715
0,02989728
0,158416
0,09627727
0,14155
-0,2018627
-0,07515039
0,1261321
0,07745543
0,0301599
-0,01195651
0,06510302
0,04681506
0,08728997
0,02116689
-0,05308395
-0,05600852
-0,04026084
-0,06011349
-0,1271363
0,04180465
-0,1335187
-0,1134323
0,0009442854
0,01868919
0,009344459
0,02349127
0,04443306
0,05695788
0,03976751
0,02116729
-0,04349231
0,009118855
0,01718106
0,006831605
-0,006118165
-0,07112783
-0,03821379
0,02919681
0,04262604
0,01311426
0,07511418
0,0888612
-0,1062033
-0,01249568
0,04354478
-0,08435448
-0,064702
0,09822924
0,02533614
-0,1479318
0,2154958
-0,06564328
0,05421707
0,1919259
0,01197155
0,01834601
0,07611592
0,07676152
-0,06752141
-0,02686122
0,09294639
0,02104149
0,1124212
0,0196281
-0,2216216
-0,08498836
0,1788414
0,0637143
0,0295887
-0,1003281
-0,03773375
-0,05074625
0,03178102
-0,06301667
0,1286941
0,07624825
-0,004764591
0,03127445
0,0206035
0,006807014
-0,03930993
-0,00883463
0,03509428
0,09515263
-0,01529714
0,07836383
0,0347676
-0,0811892
-0,04271226
0,02226548
0,04133606
0,0009150124
0,04734868
0,08246224
0,05394316
0,04386872
-0,01219967
0,07938696
-0,06398781
0,05409949
-0,06331132
0,02520938
-0,05140585
0,1542967
0,08077764
-0,05873714
0,137312
0,04468551
0,1118196
-0,03762641
0,01557464
0,02574837
-0,08253145
-0,07946454
0,007200173
-0,173084
-0,06177583
0,01888462
-0,1932832
-0,0649237
-0,1142014
-0,008030985
-0,02120179
-0,05850546
0,06276252
0,06203927
0,06419551
0,04927342
0,007960278
-0,004656438
-0,003297861
0,01653924
0,03851185
0,05407484
-0,03361448
-0,01405455
-0,1026084
0,04236924
-0,02781622
-0,01441028
-0,02492582
-0,03081174
0,122108
0,1627346
0,07982048
0,0410425
0,1115663
0,117246
0,1054393
0,01769606
0,06224646
-0,05715583
-0,08949134
0,05605349
0,08234292
0,116249
-0,02749728
-0,01737414
0,2163118
0,2464434
0,01689694
0,04397363
-0,02662314
0,02573602
0,2308859
-0,04759353
0,0751543
0,124992
0,05615582
0,06722348
-0,1505553
-0,08716516
-0,1043168
-0,07793513
0,08023397
-0,02129081
0,04420166
0,01278126
0,02866657
0,01164866
0,02398382
-0,0185725
-0,02184902
0,06177332
-0,04108503
0,02292073
-0,07698663
-0,05125579
0,08868133
-0,02368794
0,1174433
0,05764571
0,01080307
0,02490027
0,0613555
-0,07163195
0,034316
0,006198226
-0,06585227
0,07653564
0,02292306
0,1118216
0,04515496
-0,1312128
0,1700785
0,1485787
-0,0960936
-0,2070047
0,03760435
0,03853546
0,07162614
-0,02530759
-0,09497613
0,08907617
0,04598667
-0,1391871
-0,1003723
0,06630381
-0,03737663
0,000968202
-0,006339191
-0,05804072
-0,17499
-0,04976146
-0,01690874
0,007674704
-0,007394041
-0,04728235
-0,02336054
-0,02490854
-0,03383575
0,01573599
0,01872679
0,04794623
0,05412012
-0,03976183
-0,05119454
0,06601602
0,2057436
0,09166928
-0,1015095
0,006034203
0,0731435
-0,02968139
-0,1007728
0,02160941
-0,1157509
0,07564557
0,01168431
0,08809381
-0,006497049
0,05621825
0,1580437
-0,1562814
-0,005373536
-0,001813181
-0,04213791
-0,1889516
0,1383359
0,1954083
-0,1057131
-0,1889184
-0,3177496
-0,008031033
-0,01713178
-0,06998794
0,05065119
0,1392066
-0,06308973
0,1208943
0,1015969
0,05485798
-0,05598865
-0,01988493
0,03708892
0,0745009
0,04192701
-0,1096349
-0,05798528
-0,01976028
-0,04094956
-0,01709849
0,03161858
0,01395271
-0,02027533
-0,08234322
-0,04954091
0,01716445
0,0546027
-0,04961348
-0,06951583
-0,07694209
-0,1461941
-0,2427747
-0,1506161
0,101546
-0,1100797
-0,0820596
-0,1607066
0,006849496
-0,02111901
0,08187919
0,1037647
0,1101696
0,04368503
0,05642927
-0,09751024
-0,1079628
-0,04757918
-0,175041
-0,0009065856
0,07110517
-0,1252089
0,07190528
0,0191919
0,1113145
0,0942313
0,01362578
-0,1642612
-0,02113614
-0,07144614
0,06732053
0,02361328
0,03609607
0,07179964
-0,0614153
0,02772462
-0,06093205
-0,09959827
-0,04866735
-0,01458052
0,02483327
0,02591852
0,0227277
-0,06605104
-0,05813611
0,06899743
0,01064437
-0,006395312
0,07676638
-0,01961478
-0,00128372
0,04412211
0,03492391
-0,0869377
-0,06542356
-0,04433971
0,01353977
0,01117986
-0,1425233
-0,117563
-0,07361041
-0,005985126
-0,07552247
0,02255739
-0,04946687
-0,05536211
0,000861795
-0,09126578
-0,03558298
0,04049495
-0,08823785
-0,07814232
-0,0002709646
0,08437333
-0,04641491
-0,01782685
-0,03911852
0,00842969
-0,05785518
-0,02379595
0,008153217
0,08455398
0,1235904
0,0960486
-0,06245624
0,03388735
-0,02513102
-0,07534727
-1,672286E-05
-0,02327149
-0,01949511
-0,0269155
-0,02845705
0,04280773
0,03435506
0,07378989
0,1019558
-0,05072662
-0,03685064
-0,07850992
-0,1963577
-0,05540676
0,06290053
-0,04002688
0,1665859
0,1523857
0,1280026
0,02348831
0,02721016
0,0491837
-0,07186915
-0,02863521
-0,1043023
-0,1342998
-0,08682613
-0,1764957
0,05211985
-0,02428919
-0,09077212
-0,01374252
-0,158992
-0,2311199
-0,02816735
0,03734493
-0,1605461
0,0500057
0,08507536
-0,05510536
-0,003723234
0,002056762
0,07051883
0,1469784
0,1138015
0,02803967
0,0154461
-0,04514545
0,01666952
-0,06801693
-0,04310865
-0,04974625
0,02694865
0,006991322
-0,00190882
-0,007133082
-0,07884299
-0,06820045
0,1157962
0,08463268
0,006205965
0,05829793
0,01927358
0,05818472
-0,03503443
-0,08946015
-0,05155899
-0,01771936
-0,007659546
0,1734835
0,06470945
0,1658033
-0,0523981
0,1187095
-0,05983004
-0,05184919
-0,04263918
-0,03410321
0,04778105
0,08077323
-0,1566298
0,04631499
0,06721117
-0,0168718
-0,1243658
-0,03552492
-0,1851117
-0,09341429
0,01162093
-0,04922049
0,002801573
0,1424792
0,008244761
0,1961915
0,1161222
0,05821894
-0,01551056
0,003441961
0,01962904
-0,01587149
-0,02701359
-0,02029728
0,005528396
-0,006629285
-0,02807196
0,006521998
-0,02832817
-0,003068859
0,002966097
-0,08941095
0,06527101
-0,03722547
0,06662612
-0,1142616
0,1400844
-0,04717246
-0,01959289
-0,06522233
-0,07660481
0,02789124
0,1962779
0,09283743
0,0437252
0,03779905
0,07032324
-0,09017045
-0,09971416
-0,02121486
0,07818402
-0,1360573
0,1707926
0,01457244
0,1659681
-0,007802289
0,1580012
0,1507577
-0,07909075
0,05419301
0,1049729
-0,0120454
0,08003925
0,2974448
-0,1088492
0,0008956334
0,1281954
0,05638693
0,029675
0,03733892
0,003744568
0,03864125
-0,01325802
-0,044203
-0,000348402
0,0114534
-0,04431767
-0,01392166
0,04281829
-0,02691283
0,06495368
-0,0674849
0,1063387
0,1684754
-0,01236253
-0,07647689
0,05085541
-0,01121071
0,04186226
0,08755775
-0,06265622
-0,1353642
0,04829479
0,1060128
0,04568592
-0,0542022
-0,1747033
-0,04007594
-0,1220324
-0,2499923
0,03751635
0,1242676
-0,08120359
0,009544918
-0,06578476
-0,1158243
-0,03434614
-0,1168339
0,03821661
0,05207783
0,1796456
-0,06588219
0,07075492
0,01262338
-0,0302296
-0,003913017
0,03992303
0,03529179
0,08338228
0,01016214
-0,02298206
-0,002517708
-0,007386297
-0,01205033
0,02834566
-0,003231147
0,0403444
-0,02481402
-0,06702571
0,05440134
-0,06180091
0,09040449
0,04862557
0,05917054
-0,03573487
-0,08292903
0,1358704
0,09798335
-0,07136914
0,1386743
0,06958175
0,07056897
0,07832842
0,146299
0,1496556
0,1353892
0,1754902
0,01779008
0,06175676
0,1205334
0,1877795
0,01592389
-0,04248028
-0,05079876
0,06696334
-0,01469786
-0,04163489
-0,01740934
0,1219821
0,04195046
-0,1454342
-0,0178906
0,05464596
0,07386342
-0,083355
-0,09785419
0,002721526
-0,008293909
-0,01992686
-0,02836006
-0,03914547
-0,02826695
-0,0494184
0,0006137942
0,02968834
-0,002506284
-0,01873579
-0,05286083
-0,05909394
0,09712032
-0,1064385
0,003605753
-0,01432204
-0,09226515
-0,114157
-0,0862142
0,01477075
0,2173468
0,1318556
-0,06572598
0,05121497
0,2011745
0,004925921
0,143623
0,1336712
0,100752
0,1192949
-0,1060952
0,04411845
0,01723129
0,1869694
-0,1266729
-0,1449573
-0,002082627
0,1061011
0,07201336
-0,08095948
0,1387771
-0,06175825
0,02573829
-0,1993408
-0,1583495
0,03263965
0,0452955
-0,04217062
0,021186
-0,116332
-0,1373118
-0,01423846
0,01785539
-0,006476481
-0,03414097
-0,04815771
0,009142961
-0,01745959
0,02501653
0,003267378
-0,07512672
-0,04339622
0,03189713
0,04120484
0,1206196
0,0675929
-0,1068524
0,01944759
0,01883614
0,01563163
0,02589986
0,04634161
0,01929128
0,05952213
0,0058994
0,1234523
0,1212002
0,03933606
-0,0552563
-0,08401636
-0,04341478
0,07489877
0,08031853
0,1618201
0,009615275
-0,2130823
-0,1461008
-0,04702146
0,07464901
0,1960542
0,1068212
-0,0391668
0,1488013
0,1024068
0,1007439
-0,06894697
0,07531025
-0,0552685
-0,01274128
-0,04215777
-0,03629649
0,05989233
0,06681387
-0,03659332
-0,03520798
0,006573015
-0,04555095
0,02115718
-0,004371781
0,0006215067
0,1102827
-0,02908587
-0,09340464
-0,10339
-0,003534947
-0,06598409
-0,01513603
-0,1814397
-0,1298432
-0,1493053
-0,07720935
-0,06507218
-0,0844297
0,1439139
0,01843951
0,1270577
-0,02429646
0,1622435
0,1580213
-0,05479047
-0,08218137
0,07325151
0,1314444
-0,03555614
0,01253441
0,01415844
-0,1875692
-0,2117253
-0,0193668
0,1056199
0,2078523
0,03006406
0,08253618
-0,07774078
0,1612593
0,004508075
-0,07165378
-0,08737697
0,08435567
0,07853843
-0,0223953
-0,02813415
0,0206322
-0,004385984
-0,04562765
-0,001572206
-0,0154479
0,007771333
-0,02523802
0,04355552
-0,0665357
-0,1038862
0,08091912
0,0608942
-0,03266447
0,1231903
0,08436891
0,002706407
-0,07347081
-0,04283064
-0,02925239
-0,162532
0,06421702
0,182497
-0,01234295
0,2353896
-0,01180707
0,1286222
0,1385361
-0,1218041
-0,08502182
-0,01805553
-0,04988542
0,01627025
-0,08992974
0,06779117
-0,01191154
-0,2416241
-0,1430648
0,005108427
-0,1432699
0,1056211
0,05706662
-0,0036154
-0,04191783
-0,07193774
0,02821524
-0,1302248
-0,05243811
0,06974749
-0,001088304
-0,003206819
0,0449094
0,03225096
0,003390498
-0,02376861
-0,03429253
-0,01142084
-0,004975199
-0,07226358
-0,0324045
0,05076731
0,1025821
0,1559175
-0,07878537
0,07216583
0,05354949
-0,09354465
-0,08779112
-0,175571
0,05179293
0,006305954
-0,1202723
0,08823413
-0,1326455
-0,001892304
-0,07146946
0,1461506
-0,01804421
-0,05221832
-0,04452818
0,08317025
-0,03364607
-0,0341971
-0,1559989
-0,03763763
-0,1701835
-0,06934536
-0,055791
-0,002450383
-0,04350865
0,1264382
-0,0531451
-0,08787829
0,075452
0,1015822
0,007113836
-0,09435703
0,0288535
0,08624939
0,0633506
-0,0005721971
0,01284863
0,02010254
0,01228768
-0,0171782
-0,002078088
0,01417779
0,02482651
-0,008427609
0,04131566
0,005637106
-0,0775742
0,05465119
-0,05907708
-0,00995769
-0,02833532
0,05275004
0,05888217
-0,03974626
-0,06292469
0,03777629
-0,1417788
-0,06890819
-0,03222882
0,05880866
0,04676919
-0,1391188
0,09243181
-0,08492281
-0,0857584
-0,02443224
0,2602661
0,2361509
0,01164315
0,0111268
-0,07598336
-0,07914672
-0,08382823
-0,08946005
0,04472522
0,03262334
0,09228224
0,01817507
-0,08763727
-0,003719125
-0,01809891
0,004670782
0,1030325
0,1192262
0,04010194
-0,07438103
-0,02127797
-0,0164361
-0,02748821
-0,05103112
0,0007733763
0,0256955
-0,01098184
-0,01317851
-0,05025162
-0,03176484
-0,05964632
-0,01210117
-0,06229634
-0,0837001
0,03423883
0,06797276
-0,05024441
-0,1418746
0,02331021
0,0726001
-0,003139549
0,05375646
0,0530533
-0,0433892
-0,03899395
0,09102847
0,1235905
-0,1062662
-0,08914719
-0,1779914
-0,003514509
0,07448686
-0,07166782
0,002464493
0,05296731
0,03999968
0,1520512
0,06800231
0,1159231
-0,002790213
0,03764215
-0,07668976
-0,1615441
-0,05362819
-0,1143457
-0,08692195
0,03499106
0,07067629
-0,0369903
0,008093998
0,06645514
-0,008503284
-0,01153305
-0,01373668
-0,0493673
0,01866864
-0,009348823
-0,02377501
-0,02961065
-0,03271478
0,001261472
-0,08729283
0,02837369
0,02038014
0,09000912
0,1774864
0,002850105
-0,1612479
-0,04670525
-0,001449529
0,0361523
-0,1347376
0,04441775
0,07286959
-0,1208722
0,1578236
0,02969119
0,09105907
-0,02538146
0,01505076
-0,08198024
0,07202584
0,03036402
-0,03110734
-0,0645143
-0,02304711
0,06972556
-0,09384661
0,09942355
0,2150463
0,07612257
-0,05268349
-0,001562364
0,01341566
0,01843362
-0,04550445
-0,02809453
-0,05995946
-0,1342454
-0,01292355
0,05338545
0,0499017
0,01838539
0,002730538
0,002917029
0,02214187
-0,03372389
-0,0008356453
0,01633524
0,04090023
-0,04420149
-0,1833967
0,0118956
0,08995676
0,0006358314
-0,02925508
0,03636266
-0,1210237
-0,05126614
0,003549241
-0,0001042834
-0,05039634
0,00734015
-0,08710274
0,01836737
-0,004173678
0,03792019
0,1817459
0,01650211
-0,1361639
-0,08580581
-0,1099074
0,040048
0,03161368
0,1243198
-0,07209015
-0,1503321
-0,07349402
0,02163394
-0,08479003
0,06994568
0,07022839
0,09993874
-0,005585911
0,01983913
0,03477604
-0,009428189
0,03049771
-0,05709213
0,01076773
-0,01620907
0,02530585
-0,02611003
-0,03479333
-0,003000882
0,01995597
0,03205259
0,002440371
0,02262534
0,06567164
0,07533088
-0,1400128
-0,02223988
-0,06426122
-0,133469
-0,2802519
-0,1194706
-0,03558675
0,05076068
0,03441218
-0,02585832
-0,1082493
-0,1304669
-0,1124008
-0,118867
-0,07524728
-0,06803577
-0,08826585
0,1430296
-0,02852266
0,1759221
-0,0446552
-0,1076006
0,1408748
0,07457262
0,01151594
0,02738824
-0,1722612
-0,1969268
0,009695842
0,1758983
0,07482144
0,01272845
0,1476439
0,05377444
0,03482826
0,05513019
0,02601266
-0,0387782
-0,04797414
-0,002639844
-0,02851835
-0,02867284
-0,005714683
0,006683054
-0,007260454
0,03079554
0,04685953
0,03655563
0,0248716
-0,06557572
0,06836555
0,1603899
0,0132225
0,03442506
0,03681764
-0,04126078
-0,09760466
-0,005084566
0,0468843
0,006589716
0,1412813
-0,04628219
-0,1189395
-0,001918174
-0,1385584
-0,02112054
-0,1316838
-0,1215415
-0,04161508
-0,1326517
0,07876796
-0,04016287
0,2132482
-0,1091012
-0,02953598
0,3048787
-0,02825763
-0,06704752
0,04814682
0,1700263
0,07414734
-0,02949581
0,0741588
0,03280921
0,01207774
0,01362948
0,0643364
0,01959693
-0,06275111
-0,02191487
-0,03347182
-0,02250713
-0,05179095
-0,03889289
0,02273154
0,0237438
-0,03212484
-0,0003625521
-0,06219856
-0,02964304
0,06029901
0,1581109
0,01714964
-0,0255966
0,03355816
-0,08204393
-0,08782371
0,0376407
0,04554192
-0,02858428
-0,0978964
-0,02059702
0,001163745
-0,03859319
-0,0545567
0,1382173
-7,050895E-05
0,1066525
-0,05558771
-0,2406539
-0,02827398
-0,2215874
-0,05477688
-0,08345028
0,1083098
0,1251143
0,007849889
-0,05861531
-0,004851162
0,1811096
0,1819248
0,0872914
-0,07121233
-0,07431468
-0,0249965
0,0121845
-0,04141052
-0,01756675
-0,07792067
-0,05443812
-0,08703183
-0,01654722
-0,003442648
-0,009195019
0,01460866
-0,002144806
-0,04187151
0,03183664
-0,02376055
0,05077828
0,009517624
-0,03841707
-0,184721
0,01380627
-0,1914847
-0,04501679
-0,1023551
0,01202869
-0,1274519
-0,1127763
-0,1080371
-0,07382014
0,05151347
0,1166034
-0,0415298
-0,1067661
0,01728879
0,01322396
0,03626444
0,0390332
0,03092143
-0,1176843
0,04952548
0,1502179
0,08684993
0,1723204
0,04527277
-0,05785918
0,02361081
-0,04183695
0,05043827
0,07370217
-0,03949773
-0,08055496
-0,122385
0,004991169
0,09442957
-0,004959037
-0,08060953
-0,1105031
-0,08637243
-0,02054193
-0,006099311
-0,02841372
-0,02372444
0,005085938
-0,03282218
-0,01166151
-0,01061458
-0,07330582
0,04183787
-0,0665376
-0,007757033
-0,02273138
0,09953427
-0,03681968
-0,05653097
-0,07270522
0,07985787
-0,1065223
-0,1940471
-0,04023033
-0,01406332
0,1006185
0,1384935
-0,1848799
-0,2326474
-0,08440569
0,05372352
0,2038756
0,02842344
-0,001218414
-0,04008918
-0,02950802
0,01828058
-0,1123805
-0,149401
0,02815117
0,1097715
0,01842308
0,0344932
0,07672393
-0,003209631
0,002133925
0,02916546
-0,04165831
0,07372031
-0,03309504
-0,03922463
-0,0001560603
-0,04834795
-0,02097961
-0,01628597
-0,02821691
-0,02538587
-0,01101781
0,02565202
-0,009947989
-0,0964797
-0,07773113
0,03838657
0,07288067
0,1785638
0,03659487
0,01576185
-0,07964635
-0,1326561
-0,001911768
0,001361389
-0,02855958
0,02803524
0,07111219
0,06425866
0,03791439
-0,03653368
0,03404818
0,09014542
-0,08197102
-0,04148516
0,134373
0,04849792
0,1924624
-0,06558868
-0,1037661
-0,07619692
-0,1132835
-0,1012517
-0,06948361
-0,1864509
-0,187622
-0,2112356
0,1551241
0,03206733
-0,03123014
-0,01789052
-0,02708692
0,03933717
-0,03649794
-0,06818921
-0,02088297
-0,01936447
-0,02648971
0,02040002
-0,01196223
-0,005950509
-0,01377128
0,02257536
-0,07556699
-0,04337618
-0,07030245
-0,005698121
0,03285421
0,0729764
0,03809853
-0,04137364
-0,2216403
-0,04021906
-0,01649305
-0,02852345
0,0670445
0,08359771
-0,0995395
0,1140305
-0,04594935
0,01329833
-0,1977974
0,01212844
0,08358248
0,1150256
-0,104621
0,04859991
0,02181866
0,07297889
-0,1522878
-0,079694
-0,03724788
-0,165774
-0,1141945
-0,06931885
-0,005192787
0,06327634
0,06433176
0,1552773
-0,1286681
-0,05810779
-0,1049068
-0,1697592
-0,008984975
-0,07458629
-0,002520745
-0,06677721
-0,03548575
0,02676916
-0,02643724
-0,003932131
0,03129146
0,02592605
-0,01855572
0,009711346
0,002205956
0,0133273
0,1248466
0,06129333
-0,06753816
0,05388596
0,02487792
-0,002238081
-0,1290818
-0,1239954
-0,007866295
0,1876616
0,001959123
0,1851449
-0,09973612
0,03740555
-0,1095421
-0,06481431
0,05848343
-0,0186518
-0,1449186
0,001891237
0,06598207
-0,1103283
-0,1348916
0,04967456
-0,06274814
-0,09691894
0,01012636
0,05453312
0,05193099
0,04867805
0,06297114
-0,1157117
-0,1067961
-0,08914325
-0,08566623
-0,0503787
-0,04863634
-0,05964915
0,001601817
-0,04062496
-0,02661969
0,03474796
-0,02371419
0,03203762
0,01852955
-0,03123703
-0,072925
0,02102806
0,0896853
-0,04730839
0,1188144
0,09508108
-0,07543623
-0,04822392
-0,03837122
-0,0596404
-0,05535614
0,1399684
0,281723
0,04993108
0,05304786
-0,02021585
0,08866549
-0,09809875
0,04885579
-0,07026533
-0,0581244
-0,03958473
-0,0589397
0,04771518
0,163897
-0,08748827
-0,009724055
-0,0939865
0,09381183
0,01435658
-0,03465059
0,01754791
-0,06341399
-0,1177612
-0,02561521
-0,07026881
-0,03632115
-0,009688534
-0,01433322
-0,1065458
-0,08215965
-0,008366934
-0,06267164
-0,01790955
-0,00413722
-0,004294943
0,0289099
-0,006026949
-0,006476019
0,01865822
0,02953895
0,009816336
0,06202806
0,04520128
0,06415
0,007856928
0,0002554871
-0,1554248
-0,1277892
-0,09495775
-0,04347117
0,06230018
0,01318579
-0,07629289
-0,07628446
0,09299113
0,2193794
0,07030495
-0,002325454
-0,07291958
-0,1438237
-0,09274605
0,02328636
0,03045913
0,1234832
0,0508691
-0,02153747
0,1082951
0,001401702
-0,1293589
-0,2056902
-0,1538198
-0,183718
-0,03625375
0,06784444
0,003575381
-0,07479113
-0,01473526
-0,05282643
-0,07394339
-0,03957277
-0,007796448
-0,03899105
0,01411517
0,01022663
-0,009137405
-0,003574882
0,02492205
0,02415707
-0,04451191
0,01362607
-0,04112372
0,01566765
-0,08327854
-0,09418726
-0,0267986
-0,01184052
0,06704237
-0,02940946
0,0657829
0,01495532
0,005791231
-0,07238026
0,0109143
-0,03285228
0,03754949
0,03381864
-0,003909194
-0,07642385
-0,1286221
-0,08220813
-0,1151107
0,06822984
0,0805229
0,1240616
0,07489688
-0,0169851
0,136284
-0,05940113
-0,06278616
-0,1635972
-0,1677255
-0,09447306
0,1081376
0,02104655
-0,04674099
0,01239644
-0,04160025
0,01096131
-0,07710281
-0,0675495
-0,05553396
-0,007096445
0,04649648
0,02853031
0,03145134
0,01293155
-0,01582181
-0,0176878
-0,01273438
0,03796266
-0,02446693
-0,1135202
-0,1141098
-0,06269244
-0,05638614
0,0613975
0,01535457
0,03919848
0,1371955
0,02950475
-0,04241205
-0,1868096
-0,0308588
-0,05882673
0,06123557
-0,0473663
-0,03601504
-0,0593422
-0,1022624
-0,1539598
-0,03802687
0,1838888
0,01377775
-0,07743693
-0,09760354
-0,101863
-0,1946025
-0,09740778
-0,01399222
-0,0431178
0,1532256
-0,004381287
-0,01193894
0,03745216
0,1128827
0,06545508
-0,02541685
-0,03093241
-0,06517331
-0,03910953
-0,007128536
0,0247977
0,0333259
0,0410662
0,01246542
0,02567265
0,01042385
0,03262434
0,04553074
0,03195607
-0,03843736
-0,05549353
-0,1152666
-0,03555629
-0,09812795
-0,02511563
0,0326335
-0,1247995
-0,1085964
-0,07253283
-0,06137125
-0,05655121
-0,02948861
0,01366412
0,09859435
-0,09791532
-0,1045404
-0,05816165
-0,03776639
0,01454848
0,07111455
0,0789002
-0,04638052
-0,07386727
0,03357191
-0,05524447
0,001487807
0,01307921
-0,116169
-0,1002345
0,08900189
0,009089326
0,0200572
-0,03346248
0,1373934
-0,02404939
-0,04221551
0,0828478
0,03831201
0,01340934
-0,00646274
-0,004567172
-0,01603268
0,03804596
-0,0254338
0,02014014
0,02146831
0,007245905
-0,01142889
0,01105772
0,02754844
-0,03528882
0,005052371
-0,06603476
-0,01443981
-0,03564122
0,03517342
-0,1281956
-0,006045675
-0,009430967
-0,04215624
-0,04123634
0,02146134
0,1671728
0,1392795
-0,0567792
-0,07760266
-0,03305085
-0,09250174
-0,03062525
0,05670265
-0,02523101
0,09937759
0,1583104
0,09831483
-0,04337813
-0,02298712
0,05024017
0,05377807
0,02961721
-0,09961457
0,002356887
0,02762564
0,04311929
0,05553665
0,06646752
-0,04040555
-0,01267192
0,02870054
0,06125037
0,03721654
-0,002859485
0,01455142
0,03298234
0,02997807
-0,005780799
-0,02595225
0,0091139
0,004745094
0,04718686
-0,01009246
-0,03931876
-0,01647326
-0,0632934
0,06667131
0,01423329
0,0611849
-0,1910644
-0,09584858
-0,0724158
-0,01191537
0,03972649
0,0664201
0,1084182
0,00192922
0,02978366
-0,01302808
0,02271164
-0,1799954
-0,1535424
-0,05304917
-0,07597165
0,05471155
0,09674992
0,09812894
-0,04996224
0,03166194
0,06472342
-0,006446655
0,02693863
0,02209988
0,1148685
0,05226627
0,05474029
0,04531769
-0,04238801
-0,02650822
-0,003334383
0,02331587
0,07147957
0,06459986
0,004129683
0,03652102
0,03242948
-0,01482139
-0,02754157
-0,02642765
-0,02706664
-0,02496158
0,002106864
-0,02294686
0,01186062
-0,04947773
-0,05099261
-0,03663521
-0,03324518
-0,0314282
-0,0559235
-0,1002555
-0,06403165
0,07801463
-0,01277422
0,1053066
0,01753042
-0,01555928
0,04451028
-0,02600846
0,1224323
-0,06575482
-0,05544911
0,1079107
0,1389486
0,09304523
0,03986887
0,06352744
-0,05322622
0,05258135
0,07579545
0,03178497
0,01323696
0,06566596
0,07235581
0,06963035
0,04212007
0,05311807
0,01466289
0,06663992
0,01710525
0,0004722626
0,04239157
0,05602556
0,0199619
0,02617062
0,00469002
-0,02023713
0,02003277
-0,02404814
0,01701239
-0,01722327
0,02002926
0,02451273
-0,01238006
-0,007294504
-0,03800095
-0,0830388
-0,03634487
-0,0496616
0,04149523
0,002101668
-0,06073839
-0,1019405
-0,03685835
0,04202708
0,01091348
0,1025679
0,06260999
-0,03355134
-0,03781503
-0,08715715
-0,04922926
-0,08480406
-0,1244974
-0,06428931
-0,06210614
-0,0676668
-0,1120188
0,01113013
0,02533183
0,042707
0,004199192
0,03718558
0,148011
0,106495
0,02898484
0,04579923
-0,02266675
-0,001708658
-0,001020826
0,0280619
0,02345822
-0,02338262
0,02503142
0,007025625
-0,01379581
0,02161635
0,02713103
0,004483546
-0,005459669
-0,006725225
-0,01658837
-0,009513102
0,006999534
-0,03386433
-0,04493669
-0,01857911
-0,04018242
-0,06310317
-0,05478531
-0,03355315
-0,0299651
-0,03930539
0,00942493
-0,007954104
0,03591394
-0,0266192
-0,04754083
-0,02533095
-0,01630025
-0,05560227
-0,0005371188
-0,03442797
-0,01333783
-0,05351754
-0,04447566
0,03224472
0,01904029
-0,0281939
0,007392103
0,01002303
0,0471834
0,06581771
0,07811678
0,03908615
0,03501993
0,02206356
-0,007268524
0,04117406
0,04166127
0,01449871
0,01235054
0,01344384
-0,007718604
-0,02391228
-0,02934974
-0,009940425
-0,001571457
0,0008525426
-0,02530649
-0,01917402
0,02182437
0,02182673
-0,005611329
0,01061912
-0,001696084
-0,02707891
-0,02293298
-0,04776621
-0,04229027
-0,05543196
-0,05084286
-0,05798806
-0,03536278
0,0313471
0,009088881
-0,03361727
-0,05705281
-0,06081206
0,01951423
0,01159419
0,040532
-0,02770268
-0,06740647
-0,1069504
-0,07055186
-0,04535796
-0,01007097
0,000330934
-0,01150669
0,02938034
0,00984947
0,03169376
0,03267578
0,02590627
0,00555964
-0,01728501
0,006422344
0,04378016
0,02236793
0,02025856
-0,02361284
0,02505159
-0,006925523
0,02033746
-0,01692757
0,02026046
0,003813587
-0,01154541
0,008110171
0,02455433
-0,01021725
-0,02420182
0,01096512
-0,01193781
-0,009567632
-0,01357532
-0,002217258
-0,04855424
-0,01472837
-0,05114621
-0,06163178
0,005690399
-0,01372751
-0,01791631
-0,001741249
-0,04220696
-0,03440369
-0,04503228
-0,03885445
-0,02037197
-0,02062085
-0,1147342
-0,02292663
-0,06861433
-0,001590426
-0,04959576
0,0282691
0,01647539
-0,02190381
0,05523312
0,003559846
0,03917362
0,01246171
0,01488302
-0,03528335
-0,007635693
0,03976142
-0,005751688
-0,02300341
0,03371212
-0,006002561
0,03563596
0,03117677
0,0008542517
-0,004042068
-0,01363678
0,001204798
-0,02357987
-0,02079444
-0,0177854
-0,0155926
0,01956014
0,01573401
-0,01872505
0,02719707
-0,01173373
0,002540293
0,007261374
-0,004728187
-0,02856456
-0,02943538
-0,02314341
-0,00481405
0,03936806
0,02694355
0,02786649
0,01701424
0,01315541
-0,04256997
-0,05069396
-0,08101213
-0,02993767
0,02624107
0,02730892
-0,03051755
0,03010592
-0,005869184
-0,007748025
0,02852813
0,01135296
0,02625088
0,03925987
-0,00581443
0,01996318
0,0129474
0,02319856
-0,02238845
0,02587494
-0,003980511
0,02256483
0,02745559
-0,006056831
0,01818826
0,02329318
-0,005159486
-0,02634315
0,01704836
-0,02585576
0,01781849
0,02381871
0,005204332
0,00826958
0,02584177
0,02794517
-0,02147205
0,02699029
-0,02312444
-0,02486368
-0,02465389
0,02480641
0,02550836
-0,01183109
0,04610503
-0,01599999
0,01857098
0,03380047
-0,01815496
-0,003480081
-0,01586576
0,003602133
-0,03156478
0,007862633
0,006098221
0,001672148
-0,009287349
0,01460511
0,009392658
0,03326058
-0,01380634
0,03308653
-0,007974386
-0,01723938
-0,01014795
0,01522519
0,02531446
0,0289526
0,02676751
-0,01312161
0,009076425
0,01188503
0,01317646
0,03147203
0,01716989
0,00326819
0,024116
0,01298381
-0,005170509
0,008214695
-0,01693779
0,01407971
0,02908945
-0,007872947
0,01983574
0,02736153
0,002003863
0,01882651
-0,01557413
0,008088753
0,01593058
0,003862017
-0,004089227
-0,01114498
0,03070422
-0,009593273
0,02064342
0,0253301
0,02539708
-0,02078837
-0,01601577
0,01177744
0,01327391
0,02223677
0,01944246
0,00711456
-0,01960866
-0,008305313
-0,03054825
0,0213151
-0,005309293
-0,001769321
-0,01311752
0,03086854
0,007067443
-0,002880547
-0,02966923
0,02073937
-0,01377611
-0,004745985
-0,01441914
-0,02616176
0,01088056
-0,01270617
0,0003470723
-0,02233366
-0,01222675
-0,004790144
-0,02666281
0,006072797
0,02193208
-0,02850969
0,01678447
-0,01941479
-0,004432942
0,0004591643
0,02721655
-0,02075805
0,007208584
-0,01142858
0,01956282
-0,02318173
0,02132378
-0,006444147
-0,01515962
-0,01102578
-0,009778659
0,0006022692
0,01350241
0,001853558
-0,01823493
0,02215727
0,006659928
0,001766692
0,03337688
-0,0195074
-0,02937969
0,0005859494
-0,008906431
0,003929678
-0,01751405
0,01184219
-0,01024571
-0,003987116
-0,03016923
-0,007227858
0,01312072
-0,02577082
0,002281368
-0,02284612
0,001131716
0,02203993
-0,01548827
0,02818437
0,005389339
-0,02158827
-0,01443294
-0,01090134
-0,02861281
-0,01792542
0,0215978
0,02117487
0,0150175
0,005985718
-0,002869177
-0,02885072
-0,004201032
-0,01551729
-0,01866035
-0,01326748
-0,001221269
-0,001942363
0,02007058
0,02948651
-0,02584625
-0,02336383
0,01683164
-0,005558303
-0,007370585
0,02306212
0,005795721
-0,01682612
0,02637048
0,003953375
0,02762331
-0,01219287
0,006226037
0,00854489
0,02737219
0,02110062
0,02393123
0,01297876
-0,001244086
-0,02229204
0,01698127
-0,005936193
0,0287905
0,01516076
0,02844968
0,02977686
0,02777364
-0,001680293
0,02355956
-0,01443107
0,008834136
-0,02709081
-0,02844787
-0,01445308
0,02397451
