0,0007545644
0,002752267
-0,01417089
0,01719088
0,02995854
-0,02252694
0,02369741
-0,01103858
-0,0105065
0,002920571
0,007210365
-0,02759055
-0,01401494
-0,009196999
-0,01381685
0,008560403
0,02719983
0,01922235
-0,0195606
0,001337841
-0,02459726
-0,008996291
-0,00673961
-0,02089116
-0,02969032
-0,01711287
0,004541773
-0,0211782
0,01935213
-0,02778187
0,007606331
-0,01239924
0,01214975
-0,003440052
-0,009231685
-0,02167871
0,0133541
-0,005832416
0,005317843
0,006896301
-0,009933034
0,0122651
-0,0274665
-0,02577196
0,02458089
0,01676397
-0,02109955
0,01669707
-0,00454367
0,02086397
-0,02805899
0,0108597
-0,01240484
-0,00966398
-0,0298265
-0,02038682
-0,02019923
-0,02318567
0,01623912
0,01589885
0,003173743
0,01499274
0,0003837006
-0,0128346
0,0260247
-0,01057328
-0,009391662
0,01993166
-0,02995831
-0,02224727
0,02566146
0,002929598
-0,01619508
0,003991217
-0,01856326
-0,006569549
-0,0116603
-0,01103094
-0,01524393
-0,01629728
-0,02556539
0,01790368
0,01372898
0,02859017
-0,03016691
0,02794778
0,03018526
-0,008390098
-0,00378272
-0,0192166
0,02949628
0,006833529
0,008078402
0,01956821
-0,02646396
0,005619532
-0,01793743
0,01592394
-0,0212337
0,004974717
-0,004035502
-0,01026717
0,01659453
-0,01287908
0,02548323
-0,001618491
-0,003463192
0,01418688
-0,02117474
0,005757113
0,02184121
0,02110664
0,02255354
0,002528566
0,01140685
0,01525596
-0,02951019
0,00164485
-0,01288038
0,02927711
-0,01036607
0,02968319
-0,006817385
0,01909932
-0,02179739
-0,01187275
0,02613467
-0,004995033
-7,439822E-05
0,005976757
-0,02046685
0,002150033
-0,01972521
0,01060885
0,01833247
0,01569556
-0,02820326
-0,003834728
-0,02693819
0,0003562912
-0,0007263315
-0,01443209
-0,01788808
0,02021195
-0,01020452
-0,02175647
0,01498444
-0,02465159
-0,02227723
-0,01143769
0,004689829
0,01085787
-0,0009194212
-0,01967875
-0,01682085
-0,005605007
0,02463315
0,0261041
-0,02268541
0,004929218
0,005061058
-0,02896677
-0,01617393
0,003323242
-0,005592575
-0,01262442
0,009421594
-0,01900589
0,01461928
0,02655
0,01289925
0,004896159
-0,001952481
0,01401452
-0,001709198
-0,02704421
0,01602692
0,00207621
-0,002049339
-0,03088663
0,001407906
0,01746238
-0,01514637
-0,02147528
-0,02776664
0,003261201
-0,02634687
-0,02920857
-0,006436468
-0,01177911
0,01443037
-0,02779995
-0,01401262
-0,003113471
0,02770033
-0,00150098
-0,02770552
0,009792943
-0,004926944
-0,02889419
-0,00197327
0,003352184
-0,008586072
-0,01895393
-0,0002794837
0,02568267
-0,02066579
0,0093298
0,00703272
-0,02137069
0,006251857
-0,01150853
-0,004591204
-0,02452516
-0,0295928
0,01384788
0,01289948
-0,02939042
0,002204239
0,02476743
-0,01910152
0,007822577
0,01230403
-0,01169923
-0,02593599
0,006076245
-0,01996087
-0,03765727
0,007971501
-0,03567537
-0,03349262
-0,03087112
-0,02988881
-0,005267629
-0,0003173459
-0,03312866
0,0007847086
-0,02315517
0,005249689
-0,03141478
-0,01659665
-0,01290753
-0,01453169
-0,01684558
0,01309498
-0,00258985
0,007420801
-0,02009422
-0,005084175
-0,01792671
0,0131639
-0,02998476
-0,02127329
-0,002675622
0,01325435
0,01031966
0,008704007
0,02404654
-0,03017404
0,02039566
0,004120995
-0,028178
0,01490632
0,002384647
-0,02912763
-0,002613595
-0,0204482
0,0245485
0,0005991486
-0,02811732
-0,01846825
0,007308058
-0,007983846
-0,007272327
-0,003069568
0,01492267
-0,01724462
-0,008003585
-0,001172899
-0,007827537
-0,03731659
-0,02790676
-0,01026708
0,001418784
-0,01842412
-0,03162264
0,02763978
-0,001009213
0,003612492
0,007984951
-0,01887101
-0,00368707
-0,03216402
0,01065261
-0,01081522
-0,02464779
-0,002610613
0,009511477
-0,02592964
-0,02036845
-0,01780214
0,009276569
0,003505571
-0,01308792
0,01590125
-0,03462808
-0,0002544378
-0,001887209
0,01914859
0,01778147
-0,005470193
-0,02155018
-0,02256537
-0,01956309
0,01284119
-0,009213821
-0,007520046
-0,0201024
-0,01150743
-0,02353038
-0,00249831
0,001872983
-0,01434318
0,01564953
0,01351481
0,004560787
-0,01562061
-0,001770242
-0,05146791
-0,03223546
-0,02341106
-0,01541576
-0,02156385
-0,02127723
-0,01672927
-0,01406069
-0,01107217
-0,03102692
-0,002049999
-0,02139805
-0,01084025
-0,01859969
0,007060362
0,01528741
-0,01422424
0,02550193
-0,02218495
0,007572573
0,01692529
0,01556531
0,002483457
-0,01745134
-0,01227522
0,01111095
-0,007451859
0,008932879
-0,01093221
0,0008816246
0,0004885868
-0,03557072
-0,01627753
0,001291538
-0,01581007
-0,02021449
-0,01641867
-0,0001382679
-0,00353181
0,0002198011
0,01365393
-0,005971444
-0,04738877
-0,0208662
-0,01365254
-0,03120134
0,00988929
-0,0400263
-0,00456475
-0,02969613
-0,0219754
-0,009379967
-0,01559024
-0,001227024
0,002499864
-0,04626332
-0,02445273
-0,03240634
-0,01666985
-0,03168663
-0,004385734
0,005627493
-0,0321766
0,01035689
-0,0003998814
-0,002774974
0,01237159
-0,001731306
0,01515132
-0,01777067
-0,01200225
0,003801919
-0,01707077
-0,007280019
0,01180871
-0,01491842
-0,009043797
-0,02644268
0,01644321
-0,02510116
-0,04195435
-0,03147775
-0,00425359
0,001921368
-0,02789255
0,01116586
-0,005100288
-0,02259567
0,001711215
-0,03878169
-0,01755082
-0,03175936
-0,0313594
-0,04077338
-0,01176847
-0,05217832
-0,02015494
-0,04158255
-0,007447303
-0,06337135
-0,05800147
-0,06390865
-0,04501681
-0,01413752
-0,05533132
-0,03460111
-0,05368889
-0,06896785
-0,04235994
-0,01805432
-0,02530434
-0,009570428
0,00289392
-0,01189424
-0,01723011
-0,01139966
-0,03279382
-0,0253316
-0,001952295
0,01529729
-0,02978506
-0,004409658
0,01356903
0,01856059
0,01162199
-0,03731954
-0,0345993
0,02108886
-0,006218596
0,01042431
-0,01405434
-0,05074682
-0,04175736
-0,03498837
-0,00271541
-0,02713849
-0,04182951
-0,04999956
-0,02798763
-0,04281842
-0,04793075
-0,03860287
-0,04175517
-0,05148253
-0,04710112
-0,01287865
-0,01611191
-0,0496778
-0,003049379
-0,05191935
-0,0258482
-0,06904133
-0,02314847
-0,0153493
-0,06148457
-0,03337637
-0,05886933
-0,05162737
-0,007010814
-0,05496112
-0,03180472
-0,007624962
-0,004779355
-0,006132059
-0,00587524
-0,04300288
-0,02774358
-0,03925544
-0,0120145
-0,01403538
-0,001687943
-0,02141554
0,008356448
-0,01157625
0,008868452
0,0009041217
-0,03221272
0,01290243
-0,008195144
-0,05327866
-0,03214785
-0,06921009
-0,06003008
-0,07404726
0,002539294
-0,01437899
0,002117929
-0,02786021
-0,05111071
-0,05574581
0,01127865
-0,05560035
-0,04772783
-0,04884074
-0,05307046
-0,008946526
-0,03339223
-0,02484846
-0,07829563
-0,08050091
-0,09073664
-0,02976196
-0,003811038
-0,0179391
0,02058672
-0,0206054
-0,06158256
-0,07256328
-0,003695403
-0,02436651
0,01869898
0,02082442
-0,05060276
0,01431951
-0,01223876
-0,007304571
-0,006026669
0,006641557
0,006049034
-0,02297711
-0,006658544
0,02106735
-0,001990462
-0,00848381
0,001411881
-0,02693378
0,02252766
0,003701104
0,00140939
-0,0009654071
-0,04620064
-0,03618123
-0,09159528
-0,05697912
-0,04813633
-0,01238783
-0,07117642
-0,04375989
-0,05618801
-0,04388233
-0,03107334
-0,03371444
-0,04280945
-0,04280839
-0,05338725
-0,02025357
-0,0563819
-0,05707004
-0,0120278
-0,03826062
-0,102121
-0,002195637
-0,07069427
0,01255374
0,02369725
0,00296496
-0,0818285
-0,07515027
-0,08820835
0,01441693
0,01504342
-0,005078392
-0,008686088
-0,02349012
-0,03108763
-0,01394877
0,03509624
-0,01491474
0,002650361
0,0409667
0,005140808
0,02784084
-0,006522515
-0,01557303
0,004508997
-0,01447184
0,01867303
0,004294117
0,07150564
-0,001519027
-0,04604588
-0,03049366
-0,09553611
0,004897501
-0,04360975
-0,05585645
-0,08681371
-0,0422742
-0,0546573
-0,06127264
-0,0197554
-0,00620873
-0,05842852
-0,02440617
-0,03931588
-0,003063716
-0,04991987
-0,005350051
-0,04980974
-0,02998279
-0,08682653
-0,0774773
-0,1088457
-0,03444864
-0,0164526
-0,04298765
0,002973072
-0,02424892
-0,04030862
-0,01898282
0,02303158
-0,006906137
-0,04298477
-0,03814259
0,02124318
-0,01447784
0,009757993
0,04945837
0,04121544
-0,003797538
0,03959299
0,03207575
0,01086508
-0,02213214
-0,02155047
0,02789582
-0,005993479
0,05726141
0,02605321
-0,0207501
-0,04617454
-0,04946456
-0,04267843
-0,01234006
0,004361393
0,004103818
-0,04386868
-0,1039962
-0,05594652
-0,03302149
-0,05337135
-0,07267293
-0,0927608
-0,023705
-0,03508492
-0,01257649
-0,1202704
-0,04139831
-0,05329435
-0,05391826
0,03382887
-0,04252764
-0,1004498
-0,00628088
-0,08058123
-0,09641333
0,002313932
0,03036205
0,01317348
-0,02293
-0,01651985
-0,02355197
-0,1050989
-0,05501727
-0,08159847
0,03171632
0,04161461
0,0396118
0,01603393
-0,01017402
5,286464E-05
-0,02533017
0,02892217
-0,01742585
-0,009341839
-0,009658076
0,0232921
0,03296157
-0,01814331
-0,03359685
0,0212387
0,0003473086
-0,006385255
-0,03091183
-0,06361067
-0,05453508
-0,056133
-0,06444413
-0,03556463
-0,03249047
-0,06747872
0,003349585
-0,0918224
-0,05475019
0,02981348
-0,03728284
-0,1462473
-0,09821602
-0,08914939
0,01171544
-0,04793601
-0,006187628
-0,05505464
-0,02642466
-0,06761872
-0,03415207
-0,07743561
-0,05786557
5,294644E-05
0,001923528
-0,01557041
-0,01794425
-0,09972886
-0,0333535
-0,08021736
0,0181782
0,01707962
0,02797576
0,01669007
0,03565533
-0,01514042
-0,01350434
0,02168998
0,02245941
0,009199574
0,01541671
-0,02199001
0,03080371
0,007554689
-0,03325053
-0,1154008
-0,04127255
-0,06348474
-0,02333986
-0,008693436
0,007205056
-0,04568903
-0,05765549
-0,1165322
-0,001195768
-0,04295541
-0,05349777
0,002331076
-0,05438039
-0,05548418
-0,03891478
-0,123516
-0,08655217
-0,1669617
-0,03739792
-0,1022564
0,03071372
0,008535398
-0,01721739
0,04951993
0,03448112
-0,1108727
-0,01069119
-0,05843786
0,0160412
0,01356722
0,006351291
0,01257759
0,004511444
-0,05024155
0,01571618
0,07014671
-0,0004486771
0,0389794
0,01702183
-0,01176561
-0,04424023
0,01880006
0,02906467
0,009390005
0,01782376
0,005811665
0,02383124
-0,02786301
-0,03788986
0,1114135
0,06718851
-0,04259976
0,0005426317
0,002653165
0,005789577
0,02648839
-0,02644239
-0,03752818
-0,01210479
-0,02524023
-0,07440661
-0,1449073
-0,08941072
-0,07755489
-0,06200323
-0,08553246
-0,06435209
-0,07731261
0,003359985
-0,09573563
-0,0604772
0,05597828
0,08663712
0,08617865
-0,02861055
-0,1108865
-0,03746274
0,0105444
-0,02571597
0,09841464
-0,007855524
-0,0411873
0,04597933
-0,03244659
0,06507692
0,04785088
0,02063576
0,01872873
-0,0008119266
0,01965431
-0,004896152
0,007019748
0,02632283
0,002768262
-0,03334204
-0,01107296
-0,01160884
0,01313978
-0,03648021
-0,008726177
0,08181393
-0,03269635
-0,02086394
0,06854413
-0,03011552
-0,04600282
-0,07998713
-0,06008647
0,02434109
-0,03458732
-0,120916
-0,1579439
-0,07877778
-0,07231095
-0,06340237
0,0314436
0,01452274
-0,03561917
-0,0368392
-0,05179207
-0,07147487
0,03002592
0,01232775
0,07720445
-0,09574034
-0,06249106
-0,00438576
0,06187002
0,03387495
0,06077258
0,002685399
-0,062549
-0,03114842
-0,06023404
0,1017112
0,05756813
0,02050061
-0,02037235
-0,004706251
0,001422298
-0,04741699
0,01404489
-0,008369401
-0,01869095
0,02085621
-0,01327965
0,05337928
-0,0008118208
0,01968718
-0,03919958
-0,03798696
-0,05441505
-0,04267692
0,05587392
-0,03549183
-0,1726675
-0,1484608
-0,1008609
-0,0624972
-0,02474536
-0,04068368
-0,1052659
-0,2062126
-0,04371363
0,001385327
-0,009191815
-0,01515361
-0,0120125
-0,08162579
-0,153716
-0,007029101
-0,08865406
0,09904354
0,1259213
-0,01724979
-0,0797689
-0,1364655
-0,07984361
0,00487508
-0,01555183
-0,01163452
0,09030748
0,02068399
-0,06955888
0,08129288
0,02544815
-0,01087991
-0,008428003
0,01467384
-0,01919535
-0,03285327
0,004894214
0,01520199
0,00850186
-0,004772203
0,01592126
-0,02002017
0,01648257
-0,06611478
-0,03582412
-0,01727262
-0,1060188
-0,07137662
-0,03894955
-0,1177158
-0,1240614
-0,1692753
-0,171956
-0,1384165
-0,02225343
-0,1125396
-0,04759986
-0,1608131
-0,1591136
0,07003009
-0,1203986
-0,1907918
-0,1679422
-0,00127754
-0,001496771
-0,0632126
0,04163869
-0,07386703
0,02713044
0,05692406
0,01268772
0,01387148
0,03325523
0,01297927
0,03366463
0,05560932
0,09608836
0,04255653
0,1068059
0,09162056
0,04889418
0,01058646
-0,02164583
0,0137686
-0,00457519
-0,03788249
-0,003727815
0,007544402
0,004719846
-0,02675452
-0,01132863
0,009811874
-0,05718443
-0,05133379
-0,0722279
-0,01870231
-0,1288912
-0,02858068
-0,05231225
-0,1375349
-0,06002678
-0,08572444
-0,1189955
-0,1645279
-0,1990779
0,007570682
-0,02409872
-0,08254775
-0,05105195
-0,106717
-0,1088466
-0,07756227
-0,1732068
-0,1018648
0,02325706
0,07923377
0,1498398
0,007749441
0,1291453
0,08009139
-0,05599933
-0,1487057
-0,09899355
0,02976085
0,0313056
0,04860387
0,03873213
-0,01113948
0,01890262
-0,0170506
-0,02665566
0,05903045
0,02379359
-0,008685182
-0,004500795
-0,01568663
-0,0173999
-0,02959971
-0,02985151
0,02472388
-0,01104141
-0,00466835
-0,004213648
-0,03064479
-0,0667147
-0,07216328
0,06148783
0,02715553
-0,01808594
-0,05002593
-0,1522061
-0,1251366
-0,1391792
-0,09396213
-0,03199842
-0,03065279
-0,115227
-0,1639008
-0,06359342
0,06182065
-0,1163553
0,02552434
0,04921716
0,00969324
-0,006997926
0,1328402
-0,0352463
-0,01434514
-0,1066413
0,03175515
0,04152228
-0,01072146
-0,08238554
0,0355078
-0,0478524
-0,007712205
0,08060271
0,04065989
-0,02820888
0,02708691
-0,02678402
0,07923856
0,02244268
-0,009850775
0,007573034
0,01656003
0,01065117
-0,0262937
-0,02490809
0,002139388
0,02031883
0,008427384
-0,002136727
-0,06579579
-0,01751977
0,02689036
0,02279385
-0,04513823
-0,1094141
0,003443941
0,03619159
-0,08041723
-0,05450587
-0,1100221
-0,1389505
-0,02161399
0,07378658
-0,1157576
0,1211762
0,08565809
-0,01294597
0,1131639
0,07336042
-0,00947822
0,008585158
0,07815801
-0,1011082
-0,06287926
-0,08000572
-0,05433382
0,08401246
0,03902356
-0,0774236
0,02167328
-0,08483305
-0,01364989
0,08630472
0,06095491
0,04304356
-0,02043599
0,0155055
0,0008938279
0,02955613
0,00206707
0,01479098
0,0159264
-0,01204961
0,01950973
-0,02136953
0,001983845
0,07579408
0,07112844
-0,001467638
-0,02434097
0,1239744
0,04688065
0,0750563
0,1291301
0,103578
0,1783358
0,07216454
0,04633173
-0,02710076
-0,09201211
-0,1430713
-0,1049051
-0,06140694
-0,03208527
0,06764324
-0,1197539
-0,01145535
0,07828736
-0,09405249
0,09801737
-0,01381913
0,0988813
-0,006336245
-0,00768176
-0,005851083
-0,04461962
0,06006204
-0,02235205
-0,05539887
-0,0905368
-0,01645275
0,05901559
0,06223789
0,1034606
0,01505003
-0,03109235
-0,02094883
-0,0165392
0,04836513
0,0101214
-0,03568939
-0,001628811
0,01614926
-0,01334746
-0,001694108
0,003301865
-0,02546868
0,03564885
0,02583854
0,1010447
0,06545682
0,08815888
0,05535618
0,05189183
0,07488132
-0,03899811
-0,04158677
0,005465042
-0,05203884
-0,07430588
-0,07412942
0,06613227
-0,03144572
0,00356053
0,03142893
0,02298185
0,07820927
-0,1305469
0,01113497
0,05419734
-0,03214125
0,03057764
-0,05984074
0,1041824
0,08886044
0,03483852
-0,03041677
-0,1222089
-0,1122586
-0,08489554
-0,0753478
0,08025502
0,03701719
0,08578196
0,02994256
-0,03262538
-0,04774319
-0,0180095
-0,02096168
-0,03260638
-0,01711463
0,007139118
0,021503
0,01856878
-0,004281771
-0,01743143
0,02296976
0,02653166
0,02466483
-0,01689839
-0,04361343
0,1405867
0,1653629
0,1203525
0,09579063
0,06954989
0,1057237
0,1036647
0,08317221
0,004981179
0,06216696
0,05551311
-0,02119072
0,006080658
0,006649303
0,02815804
0,02406397
0,007662374
-0,06712656
0,006878331
-0,03096503
0,1085828
-0,02764734
-0,01693362
-0,08261245
-0,1000253
0,02720988
-0,1264886
-0,1335514
-0,05782966
-0,0270233
-0,07783375
0,02646257
0,01594063
0,003683216
0,06334852
-0,0224599
0,0006081035
0,0075636
-0,03781628
-0,004944471
-0,006862795
0,02069848
0,008200264
-0,04114594
0,03747778
0,01977635
0,03484083
0,1087103
0,07967658
0,04646226
0,1096735
0,05500602
0,02836052
-0,01476534
0,09108648
0,008972026
0,01612122
-0,09921141
0,03202862
0,06686739
-0,06942554
-0,1194316
-0,06167059
-0,02451135
0,01364756
0,02861982
-0,1487822
0,08837079
-0,02953666
-0,08167477
0,07133903
0,1081496
0,1387411
0,025033
0,1307606
0,07083142
-0,01413139
-0,09928723
-0,0880579
-0,01664084
-0,1249367
0,01608488
-0,02245128
0,009596297
0,01667975
-0,02654137
-0,007792038
0,02000722
-0,01350392
-0,05240541
-0,02462135
-0,01677308
0,001484825
-0,03123913
0,04961131
-0,02774747
-0,002514475
0,04949817
0,1246653
-0,005661014
8,350507E-05
0,07173134
0,2154857
0,08947792
0,09450532
-0,01175311
0,09640433
-0,07887001
-0,09187796
0,001588596
-0,05229466
-0,04509654
0,05061599
0,1149123
-0,009467266
0,1018884
-0,09454159
-0,09985077
0,06055415
-0,07442882
-0,03385017
-0,04292741
0,002606861
-0,0379912
-0,0125932
0,02138024
0,06090336
-0,03669523
0,03393259
-0,07254603
-0,09671419
-0,02263961
-0,005081911
0,03177912
-0,101994
-0,06635731
0,03252269
-0,00273721
0,03149488
-0,04469455
-0,01487495
-0,007483031
0,03231301
0,03109174
0,0186928
0,02062149
0,05606646
0,08283136
0,07035557
-0,028365
0,02717931
0,0012124
0,03615276
-0,01069191
0,01571292
-0,0620332
0,07869346
-0,1075141
-0,05791538
0,02476974
-0,07713249
-0,008230893
-0,01704148
-0,04803604
0,04695446
0,1599945
0,007877834
0,1129267
0,0533359
0,00375576
-0,03259757
0,04923328
-0,01998439
2,303477E-06
0,05091222
0,06431195
-0,0121486
0,02262764
-0,02399053
-0,04437469
-0,1252315
-0,07895926
0,05847591
0,05318538
0,04621051
0,02441535
0,01701585
0,04474622
-0,0100294
-0,01729781
0,002032134
-0,009109397
0,01734822
-0,01218025
-0,0220432
0,04922459
0,060995
-0,00637461
0,006160966
0,1019763
0,174559
0,01352058
-0,06178463
-0,07860274
-0,01647351
0,056097
0,1405131
-0,02553053
-0,1831117
-0,2514015
-0,04727867
-0,1074778
-0,04513555
-0,0280381
0,008787207
0,2294726
0,01511965
0,08612452
-0,002496136
0,1724289
0,1025559
-0,02052631
0,04856954
-0,01572234
-0,07932279
-0,1632302
-0,0361865
0,03228867
0,03822048
-0,007377859
-0,1023883
0,009845254
0,02731521
0,09810559
0,04785783
0,1034477
0,02901902
0,005766109
-0,0108351
-0,03584429
-0,02361717
-0,01493313
0,00402097
-0,02406013
-0,07357299
-0,006263372
0,02791793
-0,04579012
-0,0797738
0,008693196
-0,1027256
-0,009908041
0,12404
0,01933322
-0,1225147
0,000374341
-0,003594322
-0,1039483
-0,1680888
-0,2203019
-0,1584367
-0,05790138
0,000103102
0,09020542
-0,02916474
0,1804231
0,05818404
0,03414614
0,03480297
0,1194652
0,1693791
-0,004253469
0,01149634
-0,05961075
-0,02104095
0,009393278
-0,08801292
-0,02326159
-0,02821934
-0,01408226
-0,1165349
0,0980207
0,1231607
0,03656447
0,06945358
0,04386834
0,0382544
-0,008849879
0,02433541
-0,04004176
-0,02818573
-0,0113884
0,02670862
0,01120305
-0,0264022
-0,009650918
-0,09414766
-0,1388235
-0,03543009
0,01000725
-0,04045389
-0,1394685
-0,1296647
0,01677109
-0,1364851
-0,1762048
0,03812788
-0,02322466
-0,1621033
-0,05926339
-0,02688194
-0,03719278
0,08697653
-0,0534311
0,04007691
0,1447699
0,07185301
-0,02348749
-0,04203326
-0,0500444
-0,184807
-0,1020038
-0,02968393
-0,1365193
0,04255042
0,07648013
-0,1432383
-0,03318334
-0,01529403
-0,05798696
0,01880434
0,086176
0,06774206
0,08774181
0,08117926
0,05717284
0,01654564
0,02288988
0,02409607
0,02617955
-0,03611962
0,02912446
-0,02887133
0,02629118
-0,05715177
-0,1097295
-0,1289151
0,031783
-0,02596074
-0,02707509
0,01310274
-0,03097024
-0,0313828
-0,09884987
0,04851991
-0,07406018
0,0554815
-0,04583019
0,07365203
-0,02424892
-0,03890006
-0,03386694
0,04461809
-0,04376288
0,1450816
0,3574647
0,179373
0,1485212
0,1712108
0,09487086
0,03806956
0,1129271
-0,04957323
-0,01198057
-0,05652848
-0,02670291
0,0799757
-0,02010714
-0,01658804
-0,03991795
0,03372469
0,04895158
0,009476196
0,0220468
0,03532079
-0,005923416
0,01753004
0,009079796
0,03827032
-0,015815
0,01109828
0,01418142
-0,009183388
-0,01053718
-0,06104191
-0,03738673
0,005044589
-0,04968755
-0,08738249
-0,04521934
0,0079158
-0,01129786
-0,01192671
0,07926221
0,1535469
0,08024256
0,07479943
-0,01325525
-0,1134731
-0,1336453
-0,1021481
0,01600027
-0,02351579
0,1597507
0,2293385
0,3512988
0,1695063
0,01871093
0,1028106
0,06475729
0,0006823463
-0,038091
-0,1162796
-0,09719953
0,05742715
-0,100736
0,02773662
-0,02676829
-0,09411574
-0,09908932
-0,1083531
0,07002767
0,04948279
0,03714846
0,04316961
-0,008687094
0,01602262
0,05059433
0,01723834
0,02459507
0,006982209
0,01846144
0,03555934
0,01895858
0,02933175
0,001038216
-0,02479524
0,06693844
0,03959618
-0,0473451
0,03662064
0,09951852
0,009234884
0,1436368
0,1853144
0,2100129
0,04902523
-0,0120447
0,0744426
-0,1127086
0,09388021
0,2687605
0,2083973
0,3354356
0,3904842
0,4025592
0,08709642
0,05014688
0,1942843
-0,07945517
-0,2449092
-0,07040375
-0,1186299
-0,07658669
-0,06416231
-0,0333443
0,004628606
-0,01093769
-0,03900161
-0,09533423
-0,01100307
0,006717554
0,007603291
-0,01064035
-0,01762291
-0,02613796
-0,02375185
-0,005800544
0,008028788
0,02030018
-0,008485831
-0,01498691
-0,004663208
-0,05525781
0,01874495
0,01502626
0,07172033
0,05635868
0,03948129
0,0821188
0,116396
0,1189027
0,1151415
0,07629468
0,04944147
0,1852625
-0,02697482
-0,1201701
0,02912586
-0,02361941
0,1581908
0,2074422
0,2221
0,2363568
0,314421
0,3113277
0,06285425
0,09201797
-0,1049592
0,0007139319
0,03461534
0,08971473
-0,03695397
0,03027374
-0,02336605
0,03345343
0,1579118
-0,02675143
-0,01692357
-0,03360752
-0,1000735
-0,01274834
0,001478565
0,04505533
0,02983089
0,009666041
-0,01404102
0,02559372
-0,002855349
0,01863966
-0,01912645
0,02827293
0,004689133
0,03297396
0,0394418
0,01107195
0,04643788
0,0443869
0,004987569
0,06209285
0,04839004
0,01755682
-0,03763241
0,03966025
-0,01550907
-0,02324354
-0,04986512
-0,001698484
0,1240006
0,158553
0,1646959
0,1663701
0,1766677
0,356788
0,2397075
0,2285182
0,08613078
0,03305691
-0,06762034
-0,003312815
-0,1200923
0,1381365
0,05077728
0,1494796
-0,0103751
-0,03609299
0,04037402
-0,07591926
-0,2245883
-0,1342981
-0,06395735
0,05784039
0,02929083
-0,02535479
0,005606787
0,00972005
-0,02521104
-0,004426
0,01791407
-0,005457832
-0,02711327
0,02814787
-0,008347324
-0,08177536
0,02989588
0,07010061
0,03145121
0,1073311
0,0354642
-0,001050232
-0,00134309
0,05652782
-0,1014919
-0,04383609
-0,08450459
0,03317766
-0,05673528
0,06319837
-0,009872133
0,1000792
0,06247704
0,06879152
0,2043794
0,1448928
-0,005435837
0,07471459
0,01524125
-0,06246109
-0,08086395
0,02375977
-0,02080165
0,1560492
0,09483692
0,1337563
-0,01130553
-0,09745354
-0,05837156
0,001847563
-0,01314668
-0,04273283
0,04167587
0,002581008
0,02039944
-0,02602583
-0,03556221
-0,03396859
-0,01389134
-0,01306578
-0,01309752
0,0007274796
0,003050449
-0,001464565
-0,03197986
-0,01304826
-0,05352804
0,0442233
-0,09130471
-0,02227023
0,02329523
0,06984427
0,01089214
-0,04697476
-0,1246604
0,02928795
-0,08382791
-0,007208039
0,03155733
0,1304098
-0,04962316
-0,02204956
-0,05738868
0,002660553
-0,08499384
-0,01418478
0,1163348
0,00576898
-0,08721007
-0,1587715
-0,01276418
-0,04740169
0,06005545
0,1700798
0,002781889
0,01226922
0,0819939
0,03025533
-0,08646902
-0,02461695
-0,08353104
0,006294793
0,0004527922
0,01559892
-0,02500552
-0,02974622
-0,02244834
0,02721727
-0,02996252
-0,0005622826
-0,01273841
0,0153951
0,01140818
0,01283672
-0,03859395
-0,004655741
0,01079834
-0,01723599
-0,0991253
-0,09008465
-0,04680718
0,002866513
0,004047089
0,09116364
0,1443361
0,06041031
-0,02914437
0,05567169
0,08803206
-0,1233018
-0,1141405
-0,09066641
-0,2539479
-0,09299373
-0,03445432
0,04654847
0,0735219
-0,05209726
-0,01681852
-0,1653143
0,06377281
-0,106794
0,06036393
-0,03662646
0,03146453
-0,01254436
0,09641252
0,1244182
0,1226098
-0,002464568
-0,05497161
-0,01813417
-0,03500308
-0,004457369
0,02317981
-0,06404898
-0,02494593
0,020281
-0,02237415
0,01696817
-0,03340277
0,03042174
-0,01393471
0,002997478
-0,03674173
-0,0989619
-0,03603962
-0,08856142
-0,05420601
-0,07394676
-0,03391634
-0,0526279
0,03294827
-0,01851358
-0,01755171
0,09751672
0,01019412
0,08267343
0,06884497
-0,0946451
-0,09682292
-0,163783
-0,07483518
-0,01721688
-0,007898104
0,01201748
0,1767442
-0,2141664
-0,1639002
-0,1076429
-0,1219346
-0,04937385
0,01737181
-0,05758403
0,0293028
0,008105322
0,06337495
0,03019334
-0,02138775
0,0708473
-0,04508711
-0,09059807
-0,03129533
0,05892571
-0,02101536
-0,05244178
0,004880157
-0,02113106
-0,02394234
0,02087608
-0,02752446
0,03064391
-0,03051727
0,02881166
-0,006571513
-0,01808309
-0,09017575
-0,05545761
-0,01375439
0,0481571
-0,04479909
0,01057108
0,07271072
0,09807879
-0,1140537
-0,1786709
-0,08324313
0,03843389
0,06179315
-0,03222917
-0,1353206
-0,1083902
-0,0764302
0,02420468
-0,1205277
-0,01491092
0,1149771
-0,1540474
-0,1295719
-0,2214475
-0,04936614
0,0137141
-0,04994804
0,1169593
0,004137794
0,04254542
0,1540838
0,06490482
-0,003960351
-0,03924217
-0,01784681
-0,01234039
0,07628289
0,0747118
-0,07175002
-0,0101671
-0,01420167
-0,001070883
-0,02307441
-0,02694414
0,02527944
0,001559271
-0,03190998
0,03007235
-0,03264309
-0,01577049
-0,02307817
-0,05480787
-0,002981188
0,1581703
0,01810812
0,06833046
0,05962415
0,05323336
0,006260163
-0,07142248
-0,102638
-0,07605734
-0,01726307
-0,02020058
-0,1392762
-0,07607649
-0,1643916
-0,09122296
-0,1178637
-0,04389638
-0,100591
-0,08164618
-0,09963018
-0,173054
0,03388359
0,05444818
-0,08096827
0,006087214
0,05102399
-0,06242815
0,08930175
0,1071623
0,1165631
-0,01869424
0,04449473
0,0007772703
0,02602127
-0,002977227
0,004669803
-0,008122093
0,03672342
0,02991589
0,0164607
-0,007662969
0,0004408192
0,02055357
-0,01792101
0,01882961
-0,01243488
0,001596351
-0,02778291
-0,03386434
0,02483521
0,06113781
0,03948221
0,03292837
-0,01498667
-0,06461474
0,06420552
0,001305111
0,08375309
0,1146594
0,01667646
-0,1172279
-0,1938502
-0,1251734
-0,1430523
-0,0591694
0,009531904
-0,03878542
0,02296481
-0,1137625
-0,05374926
-0,08124404
0,05992869
-0,0823136
-0,009763033
0,03554584
-0,1097592
0,06740862
-0,02005674
0,05527652
0,1120211
-0,01390627
0,034619
0,04120318
0,1232485
-0,04812504
0,01352026
-0,02459491
-0,0290695
0,005978342
0,006525408
0,02992711
0,009387794
0,008117635
0,01669705
0,003958389
-0,006743125
-0,02525183
0,1135302
0,1261741
0,001067462
0,08215884
0,03773123
0,04692207
-0,03318463
-0,105701
-0,09740716
-0,02705097
0,1346597
0,2358362
-0,008138141
0,0236471
-0,005753124
0,006934885
-0,01641455
-0,03121049
-0,07984377
0,03308523
0,08346655
-0,01059809
-0,07490715
-0,02000807
0,05881865
-0,09019304
0,0383324
0,03825303
0,09748865
0,03113892
0,04729393
0,005282205
-0,01098713
-0,0998243
-0,05875629
0,06728923
0,07844
-0,0366462
-0,06518489
-0,008325828
-0,04117835
-0,05623491
-0,0479804
-0,00783237
0,008157642
-0,0004005978
0,01807659
-0,02032237
-0,009260905
-0,0313442
-0,003775096
0,02459926
-0,006464394
-0,06576685
-0,05254534
-0,06398792
0,0169992
-0,03330492
-0,09178745
-0,01976493
0,06765679
0,08279396
0,007105025
-0,002480034
-0,0670506
0,06535428
0,06020962
-0,02644405
-0,06943905
-0,04123076
-0,1078963
-0,1569064
-0,06224139
0,009418045
0,07165439
-0,02982899
-0,04495898
-0,1496498
0,07298531
-0,07802045
0,06603048
-0,009833214
-0,1341433
0,0358091
-0,04033378
0,02947948
0,1238262
-0,01414808
-0,04483369
0,03538906
-0,006062316
-0,0538001
-0,0285265
0,001883865
0,007634385
0,008819146
0,01548155
-0,01590477
-0,01890867
0,02093732
-0,006195428
-0,03506921
-0,02213324
-0,02033087
0,004857042
-0,02888822
0,01377391
-0,05648354
-0,00672088
0,01200006
-0,08948012
-0,1639585
-0,04937303
-0,05186762
0,06873557
-0,1270129
-0,07985109
-0,161083
0,1843711
0,05252304
0,03044049
-0,001147684
-0,1290264
-0,0418147
-0,07882491
-0,09361098
-0,01424997
-0,04874511
0,07359494
0,03810961
0,03733192
0,06493822
-0,000138615
0,02842944
0,03173075
0,07395865
0,006746943
0,01821457
0,02668935
0,03911521
0,06113299
-0,005519985
-0,02363887
-0,03448643
0,006337258
0,01429194
-0,01635232
-0,02952619
-0,007711833
0,01841361
-0,01845978
0,00482802
0,01174282
0,07988794
0,05125533
0,0127235
0,01651385
-0,02139243
-0,03131214
0,02704574
-0,02615397
-0,1334917
-0,08625698
-0,05670223
0,1666835
0,1278682
0,1800673
-0,07758099
0,03090597
-0,0294655
0,1183798
0,008658092
-0,04243616
0,006664896
-0,008512662
-0,1980521
-0,0365553
-0,0882934
0,007249903
0,0948917
0,111682
0,03292635
0,1690341
0,1127894
0,1897225
0,05504692
-0,06265312
0,04005252
-0,02460001
0,007590664
0,01774834
0,01253059
-0,01903156
-0,03078695
-0,001844425
0,02139731
-0,02366573
-0,00608128
-0,02215115
0,02078425
-0,08536968
-0,0596748
0,02778558
0,03653135
0,04617394
0,0479049
-0,03611412
-0,06109656
-0,05464265
0,01648487
0,06335126
0,01746904
-0,008545052
-0,1288236
-0,01895152
0,002445817
-0,03606631
0,01742015
0,007397437
0,1529009
-0,05412456
0,0299007
-0,08471859
-0,006923494
-0,02287108
-0,03131356
0,03503415
0,1793809
-0,1130008
0,01769861
0,04080942
0,002478944
0,01365141
-0,04587958
0,02266382
-0,07981879
-0,07716177
-0,04041069
-0,03235116
0,02297167
-0,01007193
-0,007359123
-0,001190593
0,008614181
0,03436826
-0,009136871
-0,003697296
-0,01375804
-0,02363758
0,02393653
-0,04635754
0,03286714
-0,02729674
0,05928358
0,07248941
0,089193
0,03625716
0,03024053
0,004482659
-0,02216046
-0,005687315
0,01919858
0,01698739
-0,08657105
-0,02446858
0,08934399
0,09347109
0,1447337
-0,1529358
-0,09538459
0,000948904
-0,04769908
-0,0323498
0,08655666
-0,01826693
-0,02219735
-0,09381253
0,06227236
-0,09497963
-0,104556
-0,04984159
-0,04337847
-0,02091298
-0,02139632
-0,07072478
-0,002652816
0,06019612
-0,06343368
-0,04076682
-0,02434123
-0,00343197
0,02605311
0,003889442
-0,01110057
1,625834E-05
0,01478483
0,01762057
-0,01603291
-0,00959139
0,002494213
-0,06452974
0,02429117
0,006805402
0,08225733
-0,003923798
0,08728572
0,04656595
0,07192324
-0,007937764
0,05305464
-0,077625
-0,0371752
-0,1114624
-0,0821855
-0,01474535
-0,04879642
-0,02212148
0,008053957
0,007650496
0,1038413
0,08812691
-0,02754478
-0,09990292
-0,1605597
-0,03566677
-0,1235662
0,08228237
0,2010572
0,005681863
-0,1056767
-0,0483286
-0,1143581
-0,04766274
0,00422736
0,02806965
-0,06135802
0,09648384
0,007862762
-0,02440161
0,009731029
0,01296657
0,006771185
0,006398031
-0,009317256
0,03752105
-0,009297627
-0,01552299
-0,02450785
0,01415674
0,03987052
-0,01886557
-0,05062843
-0,0487201
-0,009824298
-0,0743973
0,054189
0,02123452
0,08010166
0,05895216
0,06560571
-0,04111687
0,1788176
0,01185815
0,09395958
0,005610794
0,0007970349
-0,07520635
0,03163097
0,07643594
0,1580998
0,1367072
0,01502172
-0,0386389
-0,02773102
0,08518293
-0,1485678
-0,04763455
0,0700625
0,00956598
-0,1131686
-0,05576035
0,01353981
-0,02727297
-0,06430709
-0,03344103
-0,05517278
-0,06682581
-0,0826686
-0,04615601
-0,05474423
-0,03301345
0,003627614
0,009293448
0,03179767
0,04639257
-0,003121419
0,02054011
-0,01316859
-0,001459375
-0,001905214
-0,0157066
0,001537617
0,06314051
-0,01028383
-0,02877567
-0,0808905
0,04069975
0,08988409
-0,05930274
-0,01465499
-0,01556356
0,11288
0,02155588
0,003447339
-0,1229677
-0,03215452
-0,04708808
-0,04063458
0,02021259
0,01028403
0,02737787
-0,04784008
0,06998892
-0,14643
-0,07445071
-0,07024521
-0,02651758
-0,05879397
-0,07628771
0,02664505
-0,002835249
0,01267217
-0,1920123
-0,09669346
-0,03435593
0,1266307
-0,01670416
-0,0261579
0,01341646
-0,04242554
0,01638917
0,01836912
0,005405559
0,0448775
0,03844493
0,01332028
-0,009422688
0,02791318
0,004550556
0,02052637
-0,03301647
0,03278382
0,1091288
0,0009968356
-0,08437892
-0,01540428
0,02434287
-0,02910085
0,01314232
0,006802879
-0,1240367
-0,01865174
-0,08918974
0,06067526
-0,09156895
-0,03539776
0,1658625
0,005887917
-0,05202636
0,01214635
-0,08064168
-0,03775427
-0,01546266
-0,1046386
-0,06445931
-0,06232452
-0,05127667
-0,04352536
0,002895179
0,05890852
-0,1003525
-0,0782165
-0,103138
-0,03387766
-0,07743626
-0,004093623
-0,02102163
0,032511
-0,03069814
-0,01053252
0,00400521
0,008168328
-0,01295966
-0,003847143
0,04349359
-0,01500809
-0,01962419
-0,01342433
-0,004872064
-0,005000145
0,02852165
0,01100027
0,009087418
0,03288105
0,03201075
-0,07068103
-0,0718485
0,01920936
0,01074076
0,09506836
-0,06958853
0,02417916
-0,08095884
-0,0122494
-0,2013711
-0,02634713
0,03169752
0,05748386
-0,04845462
-0,08405459
-0,1330059
-0,1002686
0,06153581
-0,0515866
-0,01503116
-0,02004666
0,06606552
-0,01796751
-0,01626517
-0,007068108
-0,09473068
-0,04474735
0,04184315
0,005747523
-0,07334922
0,007113463
0,07821207
0,05473218
-0,002930723
-0,0359199
-0,02618328
0,0355153
0,01983633
-0,008019149
-0,02404832
-0,0115324
-0,002689747
0,01397925
0,02513137
-0,04627274
-0,02609531
-0,01761966
-0,03346829
-0,07614253
-0,02884549
0,008898036
-0,01796011
0,1080878
0,1283993
0,03371454
-0,1070177
-0,09757824
-0,04566704
-0,05897208
0,04308392
0,01698727
-0,09585968
0,05450093
-0,03578352
0,06534781
-0,0593106
0,03560222
0,03833732
0,03266728
0,04731704
-0,1303411
-0,0140862
-0,07291904
-0,1112155
0,02131054
-0,2135002
-0,08537623
-0,02318418
0,1430744
0,1654027
0,03049712
0,04324568
-0,06662173
-0,008840918
-0,1286829
-0,02555556
-0,02378528
-0,02774728
-0,03891881
-0,0231684
-0,008922041
-0,01737661
-0,01179734
0,02588333
0,0321118
-0,02841137
-0,006890004
-0,01799446
-0,01653328
-0,04180309
0,03126978
-0,04339144
0,04784479
0,0554471
0,02251117
0,09565548
-0,002331825
-0,180466
-0,02157729
-0,02415601
-0,01949161
0,03394639
0,1391231
-0,09025799
0,02708538
0,01066378
0,07971332
0,05998531
0,08435553
-0,05846452
0,0136077
0,09942571
0,05967745
0,1804334
-0,01181149
-0,05131757
0,01251585
0,02094353
0,004629992
-0,04038718
-0,009901123
0,008346058
-0,07120954
-0,005441
-0,01839676
-0,03747217
0,03373026
-0,03106264
-0,03877636
-0,002209214
0,02496387
-0,01702398
-0,0117724
0,01733535
0,001657009
0,01136735
-0,0009442873
-0,002652981
-0,08940613
-0,01799602
0,001120145
0,02116952
0,106756
0,04573346
-0,04721154
0,09811069
-0,1080965
-0,07404316
0,05963179
0,1655027
-0,09909336
0,0933309
0,1674561
-0,05770751
0,02883894
0,07639168
0,07854259
0,1285361
0,136224
0,003362957
-0,1855626
0,06664466
0,003820818
-0,05832156
-0,1289215
-0,1068276
0,07428592
-0,002243243
0,05114637
0,1000173
0,01082096
-0,02793355
-0,03109708
-0,03320563
0,009542075
-0,03734693
-0,008732731
0,05742434
0,02518573
-0,0003409926
0,01008789
-0,008477156
0,01440033
-0,01001217
-0,01627489
0,006268428
-0,0001613428
-0,02056394
-0,08537164
-0,1149572
-0,06626042
-0,0888513
-0,03479995
0,02229522
0,06304958
0,08290774
-0,01141189
-0,03705574
0,02953383
0,101928
0,006327719
0,03676075
0,03039478
-0,001486345
0,03353259
0,1221503
0,0654119
0,1473668
0,05610123
-0,09011631
-0,09038401
0,04491118
-0,1589161
0,02552591
-0,1201625
-0,1472987
0,1432309
0,01837007
-0,01835756
0,005755791
0,105176
0,01756643
0,09747323
0,04097951
-0,005961946
-0,004125234
-0,02948011
-0,02390248
-0,002712801
-0,008856196
-0,0007078467
-0,01986714
0,001995326
-0,01810025
-0,00117284
-0,04272581
-0,01078593
0,02637156
-0,04441466
-0,08782113
0,001195676
-0,02884748
-0,07679787
-0,07271288
-0,04826595
-0,005719755
0,06437597
-0,07289222
-0,1467375
0,04347117
-0,04562518
0,1291959
0,1888877
-0,03473864
0,07699738
0,009761651
0,1788995
-0,06703118
-0,01644211
-0,0710308
-0,1219042
-0,01285498
0,04671881
-0,006915661
0,008900951
-0,1167858
0,01897024
0,03124656
0,0001255889
0,06640292
0,03177223
0,1099285
-0,02934656
0,004894996
0,02830668
0,043892
0,02232743
0,01202312
0,007582395
-0,00296167
-0,01547474
-0,005736116
0,02977406
0,03331905
-0,00257575
0,0208174
-0,02070542
0,01913552
0,005130817
-0,006795436
-0,0663081
-0,07105623
-0,04238279
0,003051903
0,09964814
0,187619
0,03948251
-0,1022408
0,03669373
-0,09474286
0,0058253
-0,08237981
0,02281722
-0,0319251
0,1165833
0,03433079
0,07514366
0,005760612
0,002338833
0,003304304
-0,1541906
0,03998543
0,2180198
0,04798428
0,1367083
0,04467188
-0,03576103
0,03497923
0,03637592
-0,101851
0,02217518
0,1144659
0,1009525
0,06299289
0,04153756
0,03234843
0,02078285
0,04087623
0,05748298
-0,001204605
-0,04388823
0,01369565
0,008855287
-0,002343734
-0,004791357
-0,02951749
0,02154876
0,01963978
-0,01037887
-0,04659851
-0,06197725
-0,08810768
-0,1040483
0,008520258
-0,01281203
-0,01881773
-0,06113162
0,02536245
-0,03497414
0,0155922
-0,1320368
-0,1089178
-0,006429256
-0,06058323
0,02943231
-0,02490852
0,01335717
-0,06829973
-0,1111197
0,00324316
0,08157399
0,08634714
-0,04289356
0,03591204
0,05204588
0,0201508
-0,1628189
-0,09156124
0,01179884
-0,02680105
-0,1111925
0,08779939
0,1178931
0,09025587
-0,04875576
-0,01061892
-0,001786608
-0,025083
0,02213422
-0,006205286
-0,06294902
0,002439248
0,01654502
0,01756453
0,007959689
-0,01292675
-0,0212987
-0,1028979
0,005830608
0,007797184
-0,1325094
-0,05750743
0,004899973
-0,007927853
-0,02254065
0,002112875
-0,07748782
-0,1629806
-0,148213
-0,1059007
-0,1695537
-0,06851158
-0,03161772
-0,05283153
-0,07307335
0,0584198
-0,09089351
-0,02532909
-0,06984657
-0,1168294
-0,07617958
0,0008074113
-0,0935348
0,07955853
0,1918393
0,143758
0,1280004
-0,01810093
-0,01319259
-0,04160269
-0,09535529
0,01170474
0,1076335
-0,03295626
-0,01238918
0,008046549
0,03106768
-0,02171962
-0,01132533
-0,04425447
-0,01507043
0,009338903
0,02635367
-0,001036691
0,01509509
-0,04053154
0,03815243
-0,07375773
-0,09076305
-0,02719811
-0,09674963
-0,1743002
-0,05432875
0,1053296
0,008079786
0,06002565
-0,0328933
-0,0331247
-0,04030694
0,001151633
-0,121572
-0,08590866
0,06203673
0,06461009
-0,05025285
0,1532126
-0,01926801
-0,04537967
-0,07054705
-0,1302254
0,08346926
0,1171858
0,01715238
0,1176813
0,03169297
0,03272925
0,08933422
-0,1083057
-0,02916152
-0,08191029
0,08127529
0,08190051
0,05777249
0,01131646
0,02422858
0,004258574
-0,007456027
0,00484581
-0,05824846
-0,022339
0,02412228
-0,007818425
0,01483587
-0,01372756
-0,03438579
0,002045525
-0,06120804
-0,0454471
0,04163756
-0,05965245
-0,0530911
-0,1168475
-0,04596609
-0,02820625
-0,11351
-0,07637564
-0,05477649
-0,1072294
-0,09800716
0,003308126
0,03941808
0,05365502
-0,07477117
0,03654465
0,03897996
0,08950693
-0,0007962958
-0,04223624
0,0369055
-0,03440728
0,08315589
-0,06660169
0,01927887
0,04287533
-0,1142983
-0,03610026
-0,0819492
-0,003512557
-0,06647076
-0,08553911
-0,1496969
-0,06485334
-0,01149209
-0,04006202
-0,06560198
-0,005472052
0,01788934
0,02399196
-0,04641455
-0,03644839
0,003769972
0,0109985
-0,01294255
-0,02033641
-0,04643973
-0,06426626
-0,02465652
0,0574852
0,05961299
-0,0462895
-0,102674
-0,04827003
-0,06982013
-0,03357945
-0,1508303
-0,0660724
-0,08447479
-0,06410099
-0,09343667
-0,122163
-0,1145526
-0,1043689
-0,1184363
-0,05011432
-0,1484749
-0,02531076
0,0683846
0,0746794
0,04192634
-0,06540787
0,01675732
0,08060572
0,1086763
0,04162067
-0,003525552
-0,08477048
-0,01201146
-0,002700496
-0,1508985
-0,02169034
-0,149144
-0,06793153
-0,08894818
0,04870356
0,03205618
0,06163973
0,02188593
0,01177004
-0,04299239
0,02743407
-0,009022182
-0,002529067
0,005922764
0,01501895
-0,03603091
0,02861581
0,0503966
-0,02273995
0,0703168
0,04646673
-0,04833839
-0,002834234
-0,03736058
-0,1210868
-0,1314939
-0,06135332
-0,02131907
0,01734092
-0,03083729
-0,1003775
0,02518121
-0,1005682
-0,1675115
-0,192821
0,006650009
0,02017913
0,06215287
0,05787478
0,06618315
0,08458345
0,143078
-0,1136038
-0,06202376
-0,1964429
0,09259588
0,01085205
0,1185043
-0,005811906
0,07493941
-0,002987405
0,04206835
-0,01224347
0,01638119
-0,03755143
-0,04251195
-0,02576859
-0,01782577
-0,01136559
-0,02043818
-0,005868452
0,02843527
0,02292836
0,02826403
-0,01129815
0,07583434
0,03679466
0,0009206488
0,001106393
-0,0189782
0,09253743
-0,02834337
0,01301308
0,03999811
-0,1015178
-0,05991917
0,009210798
-0,006043098
-0,009430175
-0,08211932
-0,05597703
0,0930718
0,005273372
-0,04888226
-0,02634924
-0,003127701
-0,01973867
0,02216526
-0,0268641
0,08246703
0,05970954
-0,0955648
-0,1589763
0,0842815
-0,04673848
0,03549827
-0,05702244
0,01773742
0,01606816
-0,04764153
-0,0238716
-0,06381744
-0,06814369
-0,0899682
-0,1318647
-0,03305137
-0,008440871
-0,07190695
0,01483687
-0,003593055
-0,002304445
0,009035554
0,0181125
-0,02336469
-0,009058279
0,03395988
0,02512393
0,02543902
-0,05627856
-0,04612221
-0,004344033
0,004619143
-0,002802406
0,0647123
-0,03630702
-0,006572374
-0,03396457
0,09068805
0,01083329
0,05164235
-0,05233962
-0,06526668
0,05575285
-0,03840641
-0,02400365
-0,02684442
0,03191008
0,06859507
0,01746968
-0,08967685
-0,2181052
-0,1633054
-0,1836733
0,05203825
-0,04040994
0,07573235
-0,02785608
-0,02646526
0,05305114
0,08403426
-0,06249112
-0,06090733
-0,05099601
0,02803707
-0,08382468
-0,02865499
-0,06484758
-0,03168295
-0,05400885
-0,03434411
-0,017445
-0,002095921
-0,002970724
0,00495442
-0,01198833
0,01122462
0,03280916
0,004365431
-0,05433543
-0,06978197
-0,103558
-0,1118146
0,02638402
-0,009404521
-0,08421408
0,02073087
0,05908462
-0,003497019
-0,02875691
-0,08353344
-0,1269792
-0,0491545
-0,07645833
-0,06431784
-0,06876031
-0,0989086
-0,08598492
-0,04632419
-0,09285448
0,01221069
-0,01260853
0,04489999
-0,03666453
-0,08986357
-0,03534044
0,1192606
-0,05536692
-0,096322
-0,04002016
-0,04455253
-0,0006143347
0,004778125
-0,001130564
0,04036961
-0,0869457
-0,07824139
-0,06561681
-0,03154914
-0,05211812
-0,01287917
-0,01784908
-0,00115596
-0,009778899
-0,02846308
0,00971912
0,01743359
0,01290972
-0,004301384
0,03086475
-0,1012491
-0,05912146
-0,1381189
-0,02865048
0,04885419
0,1964259
0,05941933
0,06557181
-0,02812212
-0,003263667
0,01579585
0,05123151
0,06433089
0,05170463
-0,002688809
0,01049186
0,03002786
-0,06395712
-0,1020871
0,05347206
-0,08768891
-0,05852832
0,03445329
0,07418462
-0,158288
0,009135047
0,135465
-0,1160054
0,09400254
0,2269224
0,02742182
0,04498575
0,01769899
0,05249583
0,00945931
-0,007911693
-0,07152054
-0,04519645
0,009520255
-0,07238228
-0,03372058
0,009269371
-0,03857952
-0,00687785
-0,0127327
0,0193311
0,0183262
0,0513841
0,001286278
-0,006717005
0,003757105
0,002902042
-0,04629271
-0,02424356
-0,08952654
0,04393352
0,07114405
0,1303635
0,09724043
0,1747339
0,02680448
0,1480991
-0,005684447
0,07764705
-0,07038765
-0,1010927
-0,04497167
-0,04327342
-0,01599342
-0,0758855
-0,02645469
0,08574046
-0,03209991
-0,1389246
-0,05342381
-0,04234102
-0,01071217
0,01845725
0,02403964
-0,04920321
0,08050743
0,1059589
0,01743576
-0,09844851
-0,06817959
-0,09575561
-0,03773511
0,01581703
-0,001475904
-0,01530761
-0,01176989
0,003628499
0,0001346181
-0,01965153
-0,01270654
0,01755054
0,009553334
0,0533254
0,03086578
-0,05605973
0,02873782
-0,0248061
0,01023012
0,05781561
0,06017859
-0,03926776
0,126508
0,04246321
0,007611439
-0,02810498
0,01731317
0,0942403
0,2274189
0,134549
-0,06297578
0,07728213
0,01717924
-0,09231498
0,05274629
-0,1150849
-0,109941
-0,06178409
-0,0193153
-0,03914438
-0,02152645
-0,03941215
-0,06313132
-0,04005939
-0,001468186
-0,04866813
0,08668814
0,072753
0,03786657
-0,09542387
-0,06728854
-0,01913971
-0,06399843
-0,07281113
-0,03889966
-0,01604119
0,001422167
-0,02473633
-0,006569009
-0,008136492
0,004509085
-0,02397573
0,005747244
0,06431649
-0,02852024
-0,06518464
0,02444195
-0,08012393
-0,1071737
-0,002340401
0,02785216
-0,1212829
-0,06027949
0,02828429
0,09677947
-0,0519494
0,06621709
0,09054196
0,1223215
0,1213044
-0,0377909
0,1549956
-0,01585326
0,02163307
-0,02506664
-0,05337722
-0,06523299
-0,1382986
0,03397619
-0,01776011
-0,06636284
-0,003576699
-0,1188227
-0,0905789
0,02086678
-0,06299014
0,05878687
0,07184597
-0,09011871
-0,09633743
-0,008996554
-0,07019768
-0,01719491
-0,04103866
-0,01748252
0,01281436
0,0004076682
-0,01343871
0,005544861
-0,007076717
0,02117389
0,007168411
-0,04321926
-0,02801886
0,02507114
0,03012327
-0,04530178
-0,04875791
-0,05179381
-0,05834299
0,0179552
0,03309466
-0,02074597
0,01918527
-0,01212124
-0,1576643
-0,06281227
0,001514566
0,1054481
0,04398205
0,005445264
0,06788848
0,1318152
0,1031219
-0,0183966
-0,09627414
-0,06901442
-0,1671791
-0,09887159
-0,06503952
-0,001286446
-0,06019559
0,02162393
0,007697029
-0,07079639
-0,05192751
0,01001668
0,02180579
-0,1216243
-0,1485055
-0,04103594
-0,1113458
-0,05950488
-0,03880829
-0,0005363118
-0,01601867
-0,0311019
-0,01839984
0,01364276
-0,02273488
0,001176053
-0,006101769
0,003334842
0,07414201
-0,0006148703
-0,07076938
-0,09385172
0,06604909
0,05293382
0,04657856
0,06929287
-0,05686469
-0,05679998
-0,1101085
-0,1071674
-0,07546891
-0,2189608
-0,1697958
-0,08893708
-0,0867984
0,05210482
0,0632678
-0,0112949
0,005278854
-0,0512228
-0,1475761
-0,01989721
-0,02862864
-0,09793509
-0,2019451
-0,09483262
-0,06784662
0,02417442
0,08087208
-0,1352769
-0,1628096
0,01867945
-0,1449063
-0,08446691
-0,1514235
-0,07861381
-0,001034872
-0,01455598
-0,01113634
-0,01995668
0,03292563
0,005124197
0,01837985
0,01249861
-0,00797563
0,02702386
0,007803723
-0,0438538
0,06162555
0,04391627
0,001742718
-0,05832254
-0,02718283
-0,03779998
-0,04673225
-0,06866641
-0,01770768
-0,03408555
-0,167013
-0,1361963
0,03635977
0,06033323
-0,08169369
-0,03046804
0,05166189
0,1033141
0,1732343
-0,07516734
-0,06937568
0,02028366
0,08098937
0,1263712
-0,0564693
-0,06261564
-0,0191303
-0,08655073
-0,04525574
-0,01718851
-0,07967122
-0,1381967
-0,1456333
-0,04835672
-0,04854642
0,02797402
-0,06584597
-0,01705574
-0,03683294
-0,04157935
-0,02416545
0,004878622
0,007400448
-0,0271117
-0,008258862
0,008387839
0,01721131
0,00964471
-0,008241926
0,01117459
0,04461617
-0,01779235
0,005469795
-0,00412652
-0,07606351
-0,05317485
-0,03765328
0,1005603
0,04535176
0,03099254
0,04295297
-0,02087367
-0,05739124
-0,02242307
0,1831872
0,07501362
0,02740325
-0,104611
-0,06726601
-0,01710347
0,03488036
-0,01768097
-0,09782839
-0,09081011
0,0232099
0,05893916
-0,08742256
0,1269614
-0,04995446
-0,1175803
0,02820117
-0,05042728
-0,04936413
-0,04802592
-0,1239157
-0,05949021
-0,03601049
-0,04227166
-0,03537457
-0,03787006
0,03620708
0,001819169
0,005112188
0,003700417
-0,0009184512
0,01140495
0,0006859839
-0,01041379
0,0005327116
0,0005171408
0,009511613
0,06104233
-0,1112411
0,05273291
-0,08766728
-0,02720746
-0,1132701
-0,06147739
-0,01721976
-0,01383233
0,02710859
0,01051196
-0,04357181
-0,06327753
0,03888398
-0,03962909
0,03487965
-0,08806594
-0,09790703
-0,04895189
0,007643651
-0,02203764
-0,002472504
0,01318898
0,1366185
0,1472142
-0,01813885
-0,1809804
-0,09342203
-0,1292439
-0,06163702
-0,1696636
-0,169678
-0,06924231
-0,05094468
-0,0536996
-0,06685944
0,008693491
0,02644566
0,01597298
0,01128448
0,04038781
0,02447069
-0,01310144
-0,009315107
-0,01036824
-0,02634134
0,004453774
0,01667497
-0,02595784
0,01152585
0,03822272
-0,006820016
0,000384217
-0,05390041
-0,05599282
-0,07597518
-0,1267493
0,0200865
0,04514372
-0,02279571
0,0463442
0,03989665
-0,1115899
-0,09968081
-0,09203179
0,009545875
0,05605401
0,01693041
0,02509365
-0,004567385
0,04698592
0,02073367
-0,01698406
0,0005033062
0,1396586
0,04107991
-0,03546565
-0,01519539
0,001646082
0,02946852
-0,02089075
-0,1801673
-0,08462258
0,03590441
-0,06656975
0,002991506
-0,03026044
-0,06102203
-0,01718545
0,0005567126
-0,01755469
0,03123312
-0,009820832
-0,002537085
-0,0341114
0,009460893
-0,02052342
0,002857946
0,04125772
-0,0338936
-0,03077761
-0,07782579
0,02134199
0,0112255
0,01975299
0,03157401
0,01040328
0,06883249
0,05429992
-0,08819515
0,09560226
-0,1428021
-0,08658408
0,003258795
-0,04553726
-0,03140995
0,10647
0,05097307
-0,1295304
0,08273482
0,06992429
0,09207363
0,03639542
-0,05217404
-0,09363726
-0,06902441
0,01597484
-0,127208
-0,03621102
-0,02404864
-0,1213642
0,0006306816
-0,05902227
-0,04147209
-0,07567414
-0,02204978
0,006351972
0,008222483
0,0564164
0,006066153
0,03004027
0,01898104
0,01682853
-0,0005871077
-0,006693469
-0,01726612
0,02047877
-0,007478661
-0,03794771
0,0020811
-0,05879743
0,006102061
0,005062459
0,01472845
-0,01523782
0,01091031
-0,07171846
0,03195257
0,003749552
-0,005444909
0,04743061
-0,0894664
-0,04667746
0,006854193
0,09822793
0,07291596
-0,08364315
0,02061673
-0,1179727
0,008039163
-0,04857256
-0,05798263
-0,02792758
0,0078576
0,04920616
0,03128753
-0,02412399
-0,1636272
-0,05739221
-0,005574103
-0,09417047
-0,01474371
0,004826481
0,01545029
-0,1295673
-0,01484485
0,02123297
-0,0006642915
0,02345607
-0,004926119
-0,01333553
0,01335883
-0,01659594
-0,01154693
-0,009789272
0,02595305
0,02558483
0,02095836
0,02892421
0,0122578
0,01055159
0,01900152
0,01734343
-0,006679758
-0,05302308
-0,03296826
0,08190097
0,06829613
0,02723638
0,04503723
0,03400051
0,01363172
0,002084339
-0,06780825
0,03724261
0,007817329
0,01655031
0,07517106
-0,04827759
0,02093204
0,02408995
-0,05528865
-0,01540587
-0,08483764
0,03123838
-0,008372964
-0,09487922
-0,2542643
-0,1102885
0,02213713
-0,1047169
-0,06836523
0,02085616
0,06310489
-0,0008955745
-0,00779973
-0,03343993
-0,01696567
0,006744217
-0,007201856
-0,02370566
-0,02069406
-0,01673537
-0,006296385
-0,03011586
-0,02864787
-0,001813324
0,006720661
-0,04409883
-0,009154709
-0,08495302
-0,08248334
-0,01731871
0,01383679
-0,05078114
-0,01817182
-0,07441498
-0,05824199
0,002707664
0,03238634
0,03911114
-0,1202954
-0,05394243
-0,08099952
-0,02762555
0,02810099
-0,1484879
0,04190515
0,07376287
-0,04214295
-0,01223465
0,0460394
-0,01528539
-0,06139059
0,002843155
0,05878756
-0,02689143
-0,2079888
-0,05862265
-0,05257067
-0,1522931
-0,05356675
0,04046936
-0,06546605
0,03033623
-0,02015908
0,03575837
0,02128012
0,01504255
0,005529357
0,02409681
-0,00608857
0,02150362
-0,0385223
-0,002888323
-0,0107103
-0,004636849
0,007407671
0,01222087
-0,01034303
-0,02740493
-0,02934779
-0,002363637
0,02642021
0,03928968
0,03283961
0,003394828
-0,113257
-0,0332
-0,02281231
-0,04716985
-0,06083743
-0,03872405
-0,1372003
0,07880946
0,01134158
-0,0383038
0,03464557
0,002221702
0,005328898
-0,002891515
0,06998793
-0,0474444
-0,04456989
0,08010814
-0,07547383
-0,09173878
-0,1752844
-0,0410225
-0,04394269
-0,08652915
-0,03128203
0,02013901
-0,02248665
0,03568792
-0,01037018
0,002024886
-0,03093265
-0,03354909
0,006634585
-0,01243232
0,01997034
-0,02701728
-0,0193275
-0,01777052
0,02729117
0,000910639
0,005468578
0,01895241
-0,02602846
-0,001679239
-0,001551075
0,00817807
0,07614983
-0,04482357
0,01874995
0,05166202
-0,05526004
0,04724642
0,04147818
-0,06414375
-0,01633987
0,0950882
0,1096039
0,09622124
-0,0716107
-0,1179886
-0,008374837
0,01726064
0,05714696
0,02700513
0,1007723
-0,00082098
-0,1188745
-0,04878109
0,0001837896
-0,1019034
-0,1208584
-0,07959262
-0,05470441
0,01217762
0,01726081
-0,02114023
-0,0008225339
-0,03163813
-0,07068246
-0,01144514
-0,009516426
0,007326566
0,02540491
-0,009951197
-0,001762048
-0,01733889
0,01894062
0,02235317
-0,03018949
0,01760144
0,005442934
-0,01077016
-0,01182492
-0,01266229
0,1002021
0,02043306
0,01603388
-0,009103229
0,006011136
0,07381733
0,0523986
0,03619063
0,08318965
0,09463086
-0,0004549168
-0,00764822
0,01834345
-0,02178425
-0,06085078
0,06602544
-0,03914619
-0,08084923
0,0840874
-0,02968867
0,0002820777
-0,01704484
0,04153847
-0,02486394
0,01417404
0,02085828
-0,02849262
-0,09988133
-0,01650731
0,006416376
-0,03546078
-0,04231443
0,05075596
-0,03145314
0,0008544072
-0,0001065472
-0,03806821
-0,008530644
-0,01994304
0,02992403
-0,01723161
-0,0006717584
0,003257754
-0,02855577
0,02982367
-0,01394095
0,02531315
-0,01842998
0,01989278
-0,003882326
0,06103297
0,005669344
-0,006944244
0,03974579
0,04530622
0,08938859
0,02826676
0,08042157
0,005221272
0,1192197
0,06331623
-0,02049427
0,0214016
0,00735324
-0,01226561
0,1089589
0,1276389
0,01010253
-0,08193564
-0,01242739
-0,04295383
-0,00528656
-0,01039965
0,02972667
-0,08086481
0,04551439
-0,059326
-6,040572E-05
-0,009090292
-0,0400212
-0,06505812
-0,01483751
0,004452446
-0,01817053
0,0130524
-0,005607631
-0,001740025
-0,002094464
-0,01363439
-0,002100406
-0,001020143
0,01460117
-0,02040195
-0,02881479
-0,02808895
-0,02347575
-0,008975558
-0,01458671
0,02039113
0,009689114
0,03278854
0,01324618
-0,0126261
-0,00365669
0,003832625
-0,02687605
0,03068124
0,03148698
0,08275481
0,03691912
0,03725518
-0,02885929
-0,0974924
-0,1064883
-0,04525804
-0,03520377
0,04786909
0,01950157
0,05892687
0,07563485
0,03457738
-0,0007865394
-0,004505198
-0,01721365
0,005775234
0,04133979
-0,0001660739
-0,01557879
0,01161556
0,001961219
-0,004109151
-0,02095007
-0,03708538
-0,009790927
-0,01861976
-0,02797832
0,02128365
0,02278532
-0,01330287
-0,01341387
-0,01201276
-0,02416739
0,009210654
0,001696769
-0,01551574
-0,01558849
0,0006352167
-0,02097195
0,01561738
-0,02561863
0,002125723
-0,01112411
0,01502321
-0,02401562
-0,01771094
-0,007355648
-0,00484619
0,03138896
0,02879034
0,03484944
0,0777807
-0,02041526
-0,03119454
-0,02813121
-0,06611239
-0,0005528723
0,04183017
0,09580382
0,1106094
0,04414103
-0,05018497
-0,02560055
-0,03056001
-0,1138552
-0,0264651
0,008884162
-0,01717165
-0,01641378
-0,04374489
-0,0162821
-0,05042258
-0,009565935
-0,0234667
0,006011467
-0,01188822
-0,01153528
-0,001717342
0,01909949
-0,0178679
0,01144599
0,008959456
-0,01612599
-0,01372398
-0,002872214
0,007148794
0,01465772
0,001725624
0,01318957
-0,00644112
-0,02762852
-0,03644758
0,004436522
0,001869677
0,003019991
0,02677061
0,01603696
0,000162255
0,02319881
0,07490681
0,03146502
0,006504882
-0,002369523
-0,007844883
-0,007575253
-0,02158142
-0,1151755
-0,05120547
0,02108461
-0,005201993
-0,0229166
-0,06267507
-0,002706264
-0,02515503
0,03825079
0,003305564
0,02580132
0,00169588
-0,01867608
-0,02135827
-0,01266427
-0,002047914
-0,02717695
-0,0425786
-0,03093636
-0,01047567
0,01226757
-0,0249014
-0,001691456
0,02460841
0,01970506
-0,03136658
-0,02706489
0,02563754
0,01346875
0,01239196
0,006952627
0,02083257
-0,02666541
0,0202962
-0,002314812
-0,001290087
0,005440204
-0,01644742
0,006065484
-0,001915431
0,003064734
0,02717794
0,01725943
-0,02284172
-0,02901169
-0,03010804
-0,04810664
-0,05757754
-0,03138307
-0,02546
-0,0540983
-0,007783502
-0,0576126
-0,05029588
-0,0432146
-0,03659053
-0,02486415
4,47427E-05
-0,007528801
-0,003269439
-0,009001868
0,004311936
0,01531939
-0,03972544
0,01165729
-0,047275
-0,03563434
-0,02030199
-0,03503257
-0,03152134
-0,01391227
-0,01282383
-0,0006921379
0,001359539
0,02162757
0,02741101
0,008638335
0,001747848
0,02564868
0,006408238
0,02729195
-0,02890923
0,003450082
-0,02078194
-0,01860678
0,007610936
-0,003938001
-0,01537797
-0,02855423
-0,003848061
-0,000397564
0,0115107
0,01998864
0,005078134
-0,04966267
-0,04393135
0,002790146
-0,03442436
-0,0680113
-0,01975744
-0,01086058
-0,04701424
-0,06714203
-0,06313198
-0,05479064
-0,0555324
-0,02882488
-0,01129863
-0,002020267
-0,007241649
-0,05664725
-0,0362832
0,009599163
-0,002555236
0,0005945875
-0,01749363
0,00697593
0,01006641
0,02152747
-0,02078309
0,00113363
-0,02889176
-0,0076481
-0,00535156
-0,01668982
-0,003455457
0,001952695
0,01850908
-0,005780789
0,01055541
-0,02232506
-0,01914374
-0,01438344
0,02928405
0,01469044
-0,01185507
0,02816562
-0,01535587
0,01843139
-0,03648022
-0,02287454
0,005520899
-0,00911261
-0,02719532
-0,0308552
0,005780056
0,008001327
-0,001208457
-0,005146031
-0,01814716
-0,03931966
-0,05499403
-0,01347134
-0,03650586
-0,01957086
0,005595809
-0,03272426
-0,01505984
-0,03817451
0,01001388
-0,006771423
0,003553394
-0,01654469
-0,02862475
0,00775864
-0,03053916
0,01690824
0,02627246
-0,0205609
-0,001648631
-0,00589677
0,006535853
0,02522274
0,02533568
0,02690673
0,0152226
0,004002898
-0,01935129
-0,02186676
-0,002862778
0,004062403
0,01237503
0,02400994
0,01341019
-0,007200131
-0,02590096
0,009005629
-0,01990582
0,001772328
0,02452856
-0,02266819
-0,009618126
-0,02799186
0,02501655
-0,02215406
0,0006388865
-0,01353734
-0,01887096
-0,006049508
-0,03087376
0,01859026
0,009768442
-0,01148297
-0,01831804
-0,02742051
0,003965214
-0,03158034
-0,004411078
-0,0251992
0,01156946
-0,01652112
-0,02812969
-0,007897617
0,003466044
-0,01438341
0,02767956
0,01215949
0,008897408
0,01845455
0,006014444
-0,003775062
0,007579417
-0,002933912
-0,01270477
-0,009136345
-0,02808122
-0,004132082
0,02788634
0,005374485
-0,0123568
-0,008438887
-0,01377736
0,007854382
0,02606608
0,0004784521
0,0106347
-0,02559694
-0,001245747
-0,0007081567
0,01342206
0,02660824
-0,02717559
-0,02600599
0,01897884
0,007239859
-0,02493384
0,0268397
0,005067505
0,008283473
-0,01161189
0,02432412
0,008866684
-0,0122787
0,01497698
0,008382262
-0,01603821
-0,006981193
-0,01374814
-0,0298723
-0,02061139
-0,01617118
-0,01875999
-0,02999336
0,01897999
-0,01045683
0,03134813
-0,005176645
0,002150704
-0,02372769
0,007390018
0,02370901
-0,01655548
-0,02092298
-0,02481754
0,009967979
-0,008616866
0,001619442
0,004989091
0,00695807
-0,01753991
-0,02586969
0,02005498
-0,01464036
-0,01805325
-0,00947069
0,006727003
0,01767491
0,01220215
-0,02141499
-0,01928336
-0,01565154
0,01593672
-0,004800995
-0,01236402
-0,0007809452
0,01885342
-0,02616563
-0,01385942
0,001901821
0,009265042
0,01290844
-0,005872577
-0,001896365
-0,0271518
-0,001922019
0,01205762
0,003515259
-0,008256453
-0,0152392
-0,004914181
0,01736668
0,0217389
0,0128563
0,0211873
-0,02249157
-0,005562177
0,02596482
0,01933429
-0,001404389
0,01307199
-0,01797649
0,01228121
-0,006926882
0,02614851
-0,006709706
-0,02261969
0,0182275
0,02091566
0,005609658
0,02194046
-0,01288457
-0,01613333
-0,02840751
0,02556258
-0,002546598
0,0077568
-0,009841988
-0,01926307
0,01191051
0,006812153
-0,02951302
-0,006007812
-0,00449749
0,01287531
-0,007252365
-0,007229742
-0,02824678
0,003754115
-0,01938016
-0,02532425
0,02323875
-0,01503786
0,0197041
0,02068027
-0,0004579106
-0,02649483
-0,02595266
0,003355938
0,01088201
-0,007165834
0,02629163
0,01632051
0,01890468
-0,004880846
-0,02111687
0,004562199
0,02091732
0,01859177
-0,005655121
0,0001137485
-0,02587534
0,01407566
-0,0228337
0,02233264
0,01260587
0,01860633
-0,01320802
0,01015606
0,003000931
-0,0292882
-0,02473737
-0,01641876
0,009487534
-0,000352594
0,02808922
-0,02894886
-0,005281068
-0,01868547
-0,004555451
-0,005916021
0,003883554
0,01635916
-0,0007068645
-0,01167426
0,01093809
-0,01486941
0,005341599
-0,02987956
0,004783539
0,01921663
0,002371952
-0,01600888
-0,01974135
0,01152374
-0,02831163
-0,01996552
-0,02111732
0,02765923
-0,0224204
0,01150802
0,017241
-0,005564197
-0,02843535
0,01146242
-0,01164601
0,01331946
-0,02366052
-0,01078039
-0,002288645
-0,02236246
-0,02010136
0,009366122
-0,006807213
-0,02983927
0,02686631
-0,01171029
-0,01519489
0,01947573
-0,0184748
-0,002473849
-0,01703368
-0,01344101
-0,02462607
0,01447753
-0,001234445
0,02178534
-0,02682539
0,02821258
-0,002183632
0,01774032
0,02278496
-0,002753006
-0,02698844
0,01393926
0,007517548
-0,02046457
0,01511681
0,01877727
-0,02986377
0,02831144
-0,02138598
-0,01364121
0,003093656
-0,002899262
0,009231094
0,02378114
0,02150951
-0,01971993
0,0156942
0,0141592
0,02616805
-0,00996623
0,016512
0,01134078
-0,0008476856
0,0006359725
-0,01103058
-0,01251006
-0,01749497
-0,00300667
0,009912523
-0,0210846
0,02199529
0,01057116
-0,0145408
0,01320919
0,006297856
0,009829832
-0,006745243
0,01733894
