0,02483824
0,02432105
0,006944097
-0,01937706
0,01657874
0,01306558
-0,01288233
0,01878645
-0,02282143
-0,02161554
-0,02988688
0,02338347
-0,006684903
0,004023479
-0,01823803
-0,02967494
0,00468081
-0,001475302
-0,0164374
-0,01589184
-0,005423351
-0,02682566
-0,007332673
-0,01429515
0,01084438
-0,006961256
0,01996866
0,02146649
0,0309492
0,01391848
-0,02503822
-0,005859954
-0,02767271
-0,007710616
-0,02057466
0,01408505
-0,01720898
-0,02911614
-0,01067553
-0,01149117
-0,01303585
-0,01084073
3,300926E-05
0,007938104
0,004004963
0,02362041
-0,02227273
-0,006732603
0,0234154
0,02856781
-0,0002594899
-0,0152427
0,0003873903
-0,01329054
0,004001051
0,02139984
0,00166428
-0,01131143
-0,001183863
-0,003700142
0,02122884
-0,004107975
0,01690979
-0,006311767
-0,02769208
0,006504607
0,02069549
-0,02859848
-0,006396544
-0,00226489
0,01820946
0,004671539
-0,02338124
0,02457204
0,02788011
-0,02637666
0,001527931
0,01733264
0,01029188
0,01762321
-0,0136052
-0,004236454
0,0302499
-0,03023575
-0,01904153
0,01636037
0,01824475
0,01249484
0,01884664
-0,009703813
-0,01610114
0,02188575
3,249848E-05
0,02770011
-0,002241171
0,02060825
0,002522996
-0,0243504
0,003797684
0,02769507
-0,02763183
-0,02312331
0,02720215
-0,01303913
-0,01600295
0,02080904
-0,02609193
0,00629833
-0,01591971
0,0003544026
-0,01127246
0,01848911
0,007432281
0,007683127
-0,02935727
-0,00477403
-0,002653197
0,01773496
-0,01958175
-0,01753784
0,01280147
-0,02388745
-0,01853795
-0,02205289
-0,0104294
0,02720534
-0,01809587
-0,01823303
-0,01224164
-0,02664101
0,0004820075
-0,006176816
-0,01981744
0,003176638
0,004745143
-0,03190478
-0,01336701
-0,001868849
0,0235085
-0,008849411
0,01729092
-0,01442702
-0,004590664
-0,01136572
0,03026305
-0,003528451
-0,01763367
0,01824353
0,0204161
-0,02790091
-0,008711735
0,0155165
0,02033751
-0,01279601
-0,008395973
0,01762603
0,02165281
0,02072949
-0,02377639
-0,0112548
0,01980059
0,02364696
-0,03310173
-0,02218352
-0,03791644
0,02303061
0,001729256
0,02295207
0,02420831
0,0278694
0,02886314
0,03145316
0,02586754
0,0264267
0,003222483
0,006319734
0,02231868
0,03671709
-0,02912803
0,01107464
0,009825815
-0,01626631
-0,02576952
-0,02706744
-0,0004144358
0,009593265
-0,01666542
0,01361969
-0,00943712
0,01116767
-0,01327087
0,001659932
-0,01089167
0,006884051
-0,001572213
0,01795941
-0,02504435
-0,0192888
-0,01250531
-0,02342656
0,02215772
-0,01202699
0,01447746
0,008397883
-0,04302018
-0,02089349
0,006532996
-0,04475024
0,003902239
0,007041222
-0,02223726
-0,04093429
0,01469515
-0,0006584675
-0,0001585452
-0,002965414
0,005252244
0,01236746
-0,01565837
-0,01781943
-0,008531103
0,007895662
-0,01111463
-0,02027298
0,01494414
0,004743186
0,0001270005
-0,02801696
-0,0281286
-0,01055329
-0,02347819
-0,004441043
-0,001069539
0,02148134
0,002093924
-0,006649548
-0,003021136
0,004857656
-0,02647096
-0,02256936
0,01992565
0,001820394
-0,03615579
0,01318105
0,004744707
-0,01720065
0,01400032
0,031367
-0,02294983
0,0217419
-0,01395557
-0,009451186
0,02189524
-0,05108507
-0,01097048
-0,06614191
-0,01576531
-0,03533338
-0,05500002
-0,03705977
0,001512311
-0,04588053
-0,02311548
-0,03021534
-0,02949178
-0,001289652
-0,004639761
0,01310167
-0,01678574
-0,03498643
-0,04836792
-0,03973138
-0,01909899
-0,0131701
-0,01042647
0,04043207
0,03016142
0,01347742
0,03051838
0,007699149
0,02138533
0,002443518
-0,03056899
-0,001977054
-0,02427623
-0,02594163
0,00681855
0,0003368033
-0,05586701
-0,003045102
-0,008274226
0,007694335
-0,01322038
0,008264998
-0,003337893
0,002931289
0,03213668
0,02554671
-0,00595013
0,0200435
0,01928518
0,0317021
-0,0001846742
-0,0340587
-0,0007262359
-0,03721314
0,01043528
-0,04282388
-0,00980903
-0,02777297
-0,03542625
-0,0465938
-0,06133791
-0,01508155
-0,06975739
-0,06490942
-0,05741479
0,01749943
-0,00194328
-0,03405494
0,01598594
8,592223E-05
-0,006431266
-0,01523485
-0,01138199
0,01939613
-0,006235233
0,02895
0,007872319
0,07096281
0,04986854
0,05528537
-0,01803959
-0,0193073
0,01230088
0,003085159
-0,01422079
-0,0215626
-0,01825265
-0,03293476
-0,0313799
-0,02408205
-0,01404523
-0,03057859
-0,01755192
-0,01441795
0,01549975
0,01825304
0,01308471
-0,01650534
-0,01658043
-0,03560206
-0,02118761
-0,03212088
0,001817998
-0,01985552
-0,0171289
0,01568025
-0,0104567
-0,06269091
-0,07600288
-0,03878694
-0,00746099
-0,04473197
-0,09714838
-0,01504449
-0,06267162
-0,08935724
0,005826676
-0,06953403
-0,06361718
-0,07054099
-0,06780475
-0,0596827
-0,04126813
0,03791082
-0,03530299
0,01342411
0,01041728
0,03156544
0,001788673
0,06254806
-0,0174733
-0,05741829
-0,01988854
0,05816324
-9,741767E-05
-0,03499709
-0,01499015
0,003240352
-0,02422088
-0,04089447
0,001296411
-0,02065191
0,003859819
0,01753587
-0,01586268
0,01808298
-0,02456984
0,007956218
-0,01413904
0,001753772
0,0338597
-0,01021787
0,003357885
-0,05384972
0,03153212
-0,00642786
0,02754795
-0,01742803
-0,08570354
-0,1001284
-0,01835772
-0,09633034
-0,05386382
-0,006318278
-0,0404553
-0,002883146
-0,03538373
-0,1207908
-0,05878098
-0,04279976
-0,01562044
0,004238412
0,02155637
-0,03259046
-0,01378825
0,07098438
0,0227159
-0,03769724
-0,01668294
0,01671072
0,04312855
-0,03216299
-0,09688126
-0,02275284
0,01695798
0,0525791
-0,03275241
0,005467067
0,02161892
0,005940059
-0,01209204
-0,009835465
0,0129618
-0,0207484
-0,01104552
-0,00450853
0,02523481
-0,02025739
0,01858786
0,02880968
0,01430017
0,04582154
-0,01001376
0,001208929
0,02536396
0,001167804
-0,05872529
0,01562742
-0,03482002
-0,07754652
-0,005384041
0,04094883
0,01836186
0,001502385
0,004082642
-0,01569232
-0,07244027
-0,07005251
-0,05271401
-0,001858315
-0,01898264
0,09920118
-0,01483998
-0,02353103
-0,01330317
0,05968297
0,06246948
0,0255138
-0,05707178
-0,0009923849
-0,0150366
0,006351374
0,03941925
0,1055143
0,06378443
0,1159022
-0,02346778
0,03070165
0,04564707
-0,0281642
-0,0566431
-0,01286797
-4,568702E-05
-0,03144849
-0,03152317
0,0222355
0,005592858
0,03130455
0,007255237
0,002617591
-0,004640592
0,03541107
-0,006524155
-0,04005331
-0,0429871
0,03639787
-0,05295318
-0,05180801
-0,05510521
-0,02852926
-0,03223261
0,03206134
0,04362351
0,02919651
-0,04099957
-0,06920499
-0,02540731
-0,1267693
-0,1391873
-0,07295439
-0,003955241
0,006704045
-0,009202049
0,04649815
-0,004275188
0,002419903
0,0474396
0,02137987
0,02352112
-0,02467282
-0,08317566
0,05360844
0,07392593
0,09210336
0,001017994
0,05283909
-0,01120424
0,05333066
-0,01395352
-0,00951427
-0,01037389
-0,01656924
-0,02765416
-0,0451846
-0,03445079
-0,01867095
0,00533521
0,01881853
0,0009376089
0,02602813
0,02645381
-0,06449307
0,003468329
0,00346328
0,05296581
0,06052066
0,01790431
-0,02891311
0,0003659407
-0,02638735
0,007847748
-0,0014906
-0,0007254395
0,007682669
-0,03732859
0,009228352
0,131996
0,04407054
-0,06358175
-0,04641204
0,01516903
-0,01131991
-0,02792589
0,1024584
0,03286945
0,04657928
-0,004943611
0,1014181
0,08589496
-0,08374799
-0,08687327
0,01611573
0,1284368
0,00872419
0,01714896
0,02669816
0,08777689
0,0295094
-0,02771903
-0,07182389
-0,05308289
-0,006765555
-0,01610173
-0,0583145
-0,03934947
-0,008872683
0,01053653
-0,004458949
-0,0223773
-0,02031923
-0,002175524
-0,05111482
-0,03323353
0,02336475
0,0711126
-0,001214318
0,002297648
-0,0683532
0,04738835
0,0882762
-0,01781176
0,05390636
0,09415344
-0,08735613
-0,06442054
-0,0543873
0,08581269
0,02092815
0,05679296
0,04567749
0,0575709
0,05162229
-0,03176979
-0,06206596
-0,02048243
0,07816786
0,004665087
0,09719907
0,1402845
-0,1041542
-0,05319617
-0,06796842
0,02202523
0,07046897
-0,04865521
-0,07694266
-0,009533366
0,08925938
0,02041296
-0,01827344
-0,01848854
-0,01299227
0,02906665
-0,03236729
0,002850762
-0,01496637
-0,05973899
0,01645404
0,02476275
-0,01855085
0,007631486
0,01188113
-0,04827931
-0,01065757
0,008498549
0,06021975
0,07619855
0,02502325
0,01551598
0,03987062
-0,001363206
-0,03614075
0,04280445
0,03232399
-0,0984657
0,04672732
0,02456899
-0,04303474
-0,01155441
-0,05318553
-0,08427671
-0,05065814
-0,1118468
-0,06079515
-0,01635945
0,04621566
0,02268426
0,04617658
0,05362735
0,01969685
0,03701111
0,06365732
-0,03926037
0,04098026
-0,01144172
-0,06637204
0,01287398
0,03373997
0,06138527
0,00329455
-0,02669289
-0,03165309
-0,04176314
0,01833649
-0,01020538
-0,0659861
-0,06070764
0,0003404803
-0,02543389
0,006018168
0,01359811
0,002802115
-0,02283051
-0,04368484
-0,006724753
-0,009962674
0,04075815
-0,03229028
-0,1189316
-0,03571429
0,0182544
-0,05255492
0,100762
0,03895148
-0,01171733
0,03160509
-0,03518267
-0,07145174
-0,01577721
-0,1008706
0,0004201028
-0,04247589
-0,08766329
0,1078058
0,09511921
0,1393155
-0,06937741
-0,02866322
-0,04803434
-0,00608474
0,03207381
0,1242055
0,08687617
0,03122399
-0,005119554
-0,07158244
-0,0148099
-0,03359948
0,0105576
0,01388146
0,05700456
-0,02303084
-0,0205659
0,02909607
-0,01464829
-0,05726523
-0,02711328
0,01276775
-0,01497072
-0,008534169
0,02670015
0,001086078
0,03103351
0,07432154
0,02880024
0,09714985
-0,00712245
-0,02155543
-0,08938519
-0,006882207
-0,04088274
0,1104491
-0,07815094
-0,001229419
0,01569348
0,03699346
-0,1841706
-0,04529831
0,07968333
0,02648386
0,06146888
0,04887495
-0,119322
0,03234051
0,1357575
0,08776853
-0,05474462
0,09181059
0,07033831
0,05222484
-0,1129849
-0,07846858
0,06211549
-0,08257712
-0,02438691
0,05522351
-0,009437282
-0,0006907333
0,004638019
0,06539617
0,06815145
-0,02371535
-0,081548
0,0116402
-0,03432482
-0,008858889
-0,03400067
-0,02337473
0,005947745
-0,01909365
-0,04134845
0,01404771
-0,01744156
0,009559274
0,04462658
0,06658196
0,03227496
-0,08661529
-0,0570362
0,0710991
0,07949819
0,1330437
0,03051513
-0,0335515
-0,04352267
0,02907644
0,02780813
0,02459036
0,1019548
0,1066954
0,002350495
0,05568391
0,07708069
0,04251198
-0,05765084
-0,04942697
0,09198236
-0,05961498
0,07931744
0,03036822
-0,06195122
0,06702528
-0,003256333
-0,01723418
-0,06982403
-0,02334557
-0,06118456
-0,002189352
0,02399149
-0,006224012
0,04398277
-0,02880016
-0,0213548
0,01358193
-0,01030297
-0,02168485
0,001123891
0,001149894
0,03025227
-0,0008037428
-0,03450901
-0,001468935
-0,01276415
-0,03849299
0,05648179
0,1007378
0,04262803
-0,1150351
0,01656985
0,01398503
-0,01277415
0,08916672
0,01311345
0,1192135
0,1302171
0,02115843
0,0248446
0,0559827
0,06287771
-0,01107763
-0,03802334
-0,07721902
0,02926546
0,05273131
0,03415207
-0,124718
0,05530693
-0,08094161
-0,04256088
0,02084053
0,01107344
0,1078216
0,09810205
-0,05367933
-0,01048096
-0,08291221
-0,05949398
0,03016772
-0,06565865
-0,003859783
-0,04284633
-0,001679773
-0,03038577
0,007675041
-0,02452688
-0,05612143
-0,01143862
0,01659162
0,009790485
0,004435644
-0,02000157
-0,003458191
-0,04876483
-0,03921381
-0,009362414
0,06196337
0,09180674
-0,04574077
-0,04730297
-0,01649689
-0,07288171
0,1051087
0,07892264
0,00789172
0,1571045
0,05870752
0,1159185
0,04594155
0,08641489
0,04246802
-0,01780351
0,006603212
0,01547446
-0,07923326
0,1170844
0,06763665
0,09407888
-0,02501908
-0,0945105
0,005518225
0,05698481
-0,01587496
-0,009558316
0,01022287
-0,07528242
-0,137098
-0,1156168
0,016835
-0,06312897
0,06289656
0,001044628
-0,02618366
0,0001383734
0,002601339
0,01680843
-0,01988206
0,0005513775
-0,0189491
0,01553647
-0,02900166
0,02214919
-0,03947084
0,02084914
0,006608477
0,02795147
0,01880024
0,08348587
0,006677065
-0,0116073
-0,08716679
-0,0532851
-0,09175222
-0,05162535
-0,07378345
-0,06079676
-0,03360967
-0,0127873
0,01719497
0,08267165
0,1020599
-0,003587873
0,09541165
-0,02938462
-0,02080972
-0,06284574
0,09689301
-0,0691153
-0,00508592
-0,08591791
0,03687887
-0,0699034
0,06541754
-0,06262744
-0,02232595
-0,06924886
-0,07634701
-0,05278877
-0,08200763
-0,004945518
0,05399965
0,0002870242
-0,02934206
0,01394281
-0,004408916
-0,03205952
-0,04520192
-0,03150508
-0,02078591
0,0003417046
-0,002232455
-0,01055978
-0,02017873
-0,01647465
0,0230439
0,00801318
0,05587724
-0,03588162
-0,06290373
-0,1065356
-0,02181192
0,04606055
-0,03797022
-0,06127002
-0,05281767
-0,1197804
-0,03623225
0,1320669
-0,01223057
-0,07299221
-0,1027174
0,004330638
-0,07007089
-0,05467615
-0,08040679
-0,03847768
0,0674362
0,003782894
-0,108547
-0,06448687
0,01715292
-0,04408503
-0,05453813
0,05336152
-0,03572953
-0,01819693
0,01754935
0,005485838
-0,04050844
-0,02139382
-0,0117529
-0,05028459
-0,05921081
-0,0217617
0,01804424
-0,01061289
0,03045724
0,02922985
-0,0195036
0,01617442
-0,02596327
0,008872113
0,0268919
-0,005680111
-0,03743591
-0,09406973
0,01510864
-0,008777344
0,0276182
-0,08020268
-0,02791784
-0,0408298
0,07916595
0,03544229
0,132912
0,0130734
-0,05164899
0,04280107
-0,01716092
-0,001471903
-0,04677384
-0,02256077
-0,06397568
0,1028033
0,001018145
-0,07575655
-0,01250747
0,1190783
0,06112219
0,09100697
0,1325646
-0,1106655
-0,06413985
0,04327426
-0,005842512
0,06533537
-0,0339736
-0,008650178
-0,008902234
0,03302894
0,07011247
-0,009384413
-0,05582696
-0,07829084
0,0006309212
0,01067605
0,0141079
-0,01114623
0,02439894
0,009256586
0,008514233
0,003197189
0,03191616
-0,008539693
-0,01853453
-0,04390085
-0,005777531
-0,03226187
-0,1102683
0,01430849
0,03768446
0,02413293
0,03404076
0,03455577
-0,06397633
-0,05932508
-0,02794628
-0,1714551
0,1099884
-0,1017616
0,01585585
-0,06627402
-0,01632516
0,02944886
-0,09326667
-0,01627409
0,0290125
-0,006075836
0,02076348
0,05853888
-0,004188892
-0,1468925
0,02479994
-0,1161507
0,05242482
-0,04016905
-0,09549719
-0,04938843
0,02056759
0,1112373
0,03063076
-0,06398714
0,01609467
-0,07457568
0,02089905
0,05173758
0,01179799
0,002802268
-0,01046462
-0,0148679
0,02048099
0,00574645
-0,002960999
0,01186837
-0,06444844
-0,03655922
0,04063727
-0,01790655
-0,006466771
-0,01016427
0,1873067
0,02533594
-0,006969215
-0,08927122
-0,1272607
0,01577729
0,06120661
-0,03679966
0,008189662
-0,008320056
-0,03579439
-0,02925225
-0,01365334
-0,06375872
-0,04310871
-0,005062507
-0,1294733
0,1265555
0,0535956
0,01306984
-0,08714493
-0,04754934
0,1736378
0,00616592
-0,09116945
-0,03106683
0,02824103
-0,09992252
0,006112234
-0,01273168
0,01426573
-0,0239331
-0,04685489
-0,003607354
0,03197515
0,02768638
0,02478177
0,02130669
0,002332655
-0,000756485
-0,01389581
0,04138363
0,02246693
-0,001110655
-0,03038926
0,00840615
-0,01264131
-0,04686571
-0,04783725
-0,01938948
-0,05329365
-0,14924
0,01545165
0,004602964
0,0282244
0,08026498
-0,003738394
0,02084185
0,01060051
-0,08168285
-0,1784057
0,07064652
-0,06061162
-0,03945047
0,01520998
0,01508958
-0,02474531
0,07720245
0,03992449
-0,0969105
-0,02845996
0,1053399
0,11496
-0,01364738
-0,05294893
0,05081643
0,03103128
-0,0136516
0,02035964
0,06505504
-0,03067519
-0,05797442
-0,02439548
0,02921712
-0,02035451
0,03260992
0,02957878
0,02056008
-0,01662051
0,02305349
-0,02170004
0,01602895
0,07458174
0,07737498
-0,04503956
0,01292436
0,1298302
0,0477026
0,0001133738
0,1110094
-0,05544113
-0,000786905
-0,004857954
-0,04054405
-0,06471094
0,1254812
0,01758996
0,02563105
-0,04908176
-0,1192132
0,07049552
0,1273937
-0,06486199
0,004608852
0,008194616
-0,01181113
-0,1049107
0,05898122
-0,06305685
-0,03228003
0,01974222
0,0483685
-0,09743793
-0,02444047
-0,01761198
0,05580306
0,0589322
0,01279902
0,08570164
0,03949735
-0,04570291
0,08018119
-0,09902314
0,001112838
0,0422376
0,07549167
0,03806205
0,03377749
-0,01959155
0,01230343
0,00405425
-0,02692114
-0,01893664
-0,03593168
-0,05945133
-0,09664296
0,04592718
0,008153523
0,03252784
0,04499621
0,07398942
0,06723753
0,0003772388
-0,02665388
-0,08124951
-0,1019712
0,03272816
0,1044946
0,05864016
-0,008066862
-0,05036313
0,05063133
0,01377318
-0,09054653
-0,0387254
0,08733822
-0,1137361
-0,07342108
0,09275086
-0,08055954
0,08191707
-0,06230421
0,06610925
0,08326025
-0,002227235
0,1160732
0,06948084
-0,006194548
0,01243198
0,008640002
0,03489981
-0,04794156
-0,07062982
-0,002857245
0,01665109
0,05590773
0,001616856
0,05669311
0,03028589
-0,02249875
0,00510858
0,02562952
-0,001821322
-0,04990057
0,05271674
0,05022477
-0,03026844
-0,05339407
-0,04622116
-0,04288081
-0,07625612
0,005075511
-0,05105662
-0,0847961
0,0305318
-0,07369539
0,04923267
0,05751602
-0,01388439
0,02959081
0,002298636
-0,009091857
-0,09786689
0,01586895
0,1530857
-0,004416458
-0,1013294
-0,1075389
-0,06704105
-0,01453512
-0,003609724
-0,001858071
0,05196553
-0,020199
-0,1112255
0,1156767
0,05820337
0,008106238
-0,01046492
-0,07405282
-0,01288203
0,01148756
-0,00700572
-0,003555786
0,003260016
0,05836507
0,01070607
0,03953158
0,01723745
0,02645053
-0,03100733
-0,0002021455
0,05785621
0,01844802
0,03961985
0,07706641
-0,0008307413
-0,1033083
-0,1011497
-0,06899867
-0,0008521963
0,1141593
-0,08693236
-0,04996244
0,0172978
0,008008151
0,09646402
-0,06161373
-0,01445405
0,002045674
-0,002133948
0,0433855
-0,02723563
-0,1866134
-0,08307135
-0,07621621
-0,05827735
-0,006312377
-0,01606427
-0,0372785
-0,04185217
-0,01317349
-0,08525573
-0,1430845
0,09447687
0,05731157
-0,01369446
-0,05609088
-0,04697881
-0,09526427
0,00900963
0,007044089
-0,02856974
0,005041396
0,09808101
0,06975693
0,02422161
0,02014635
0,01729967
0,02178593
0,03392778
-0,008812536
-0,02866379
0,01430767
-0,03170548
-0,06414194
-0,009090419
-0,09525157
-0,04476833
0,09721246
0,02201666
-0,06257378
-0,04155606
0,08737182
0,03212833
-0,02070696
-0,02292076
-0,07165528
-0,01946998
-0,04653285
0,04058981
0,07832389
0,01893293
-0,002372813
-0,1251592
0,004212409
0,07673205
-0,1032289
-0,09386551
-0,003901037
-0,07235309
-0,07641068
-0,08602325
-0,06044906
0,1605984
0,0947818
0,08941729
0,04297075
-0,07080289
0,03207397
0,05021313
-0,02994905
-0,006123798
0,04315063
0,04211228
0,0392478
0,06737608
0,009225654
-0,01077937
0,01214542
0,04642357
0,02493399
-0,002208465
0,02168744
-0,01170319
0,0706853
0,01042678
-0,01904991
-0,06975376
-0,06668313
-0,04768858
-0,003574652
0,06422134
-0,01398078
-0,05639249
-0,02882403
0,1338852
0,0214087
-0,1091194
-0,03179422
0,006775971
-0,06841932
0,1512669
0,1394898
-0,06513803
0,09881251
-0,07417093
0,002185966
0,01882261
-0,04208804
-0,03015868
-0,08363197
-0,111942
-0,046893
0,08115441
0,05922408
0,025987
0,08059853
0,06563473
0,08279606
0,008705694
-0,04748975
-0,01250891
0,06212934
0,05430775
0,02408634
0,01495308
0,004175632
0,02108251
-0,0259606
0,008667747
-0,03087008
0,05351
0,08521041
0,1090962
0,04858533
-0,0771869
-0,05682135
0,07433318
0,1256672
0,05196308
-0,03124674
0,04686857
-0,04816164
-0,05917395
0,006345039
-0,03393643
0,0434882
0,02824936
-0,002452525
-0,100921
-0,01876576
0,03525923
0,03111879
-0,002921461
0,001472993
-0,1780387
-0,182076
0,1671617
-0,0202944
0,03809052
0,1240434
-0,06735102
0,03175841
-0,05371768
0,006105989
-0,0099249
0,1175004
0,05588869
-0,02996629
-0,07034621
0,02709432
-0,02354927
-0,02899135
0,002319791
0,01007745
0,02506555
0,003265904
0,00998027
0,01813593
-0,01742097
-0,02032562
0,07129829
0,03661335
0,112179
0,02416516
-0,03653213
-0,03734194
-0,02955098
0,0009087629
0,04744756
0,03701155
0,007021985
-0,01558467
0,06421781
-0,02011439
-0,1555982
-0,09374625
0,000326689
-0,05560904
0,05322808
-0,06551828
0,04899854
0,05635522
-0,01618766
0,09602746
-0,08175215
-0,05172665
0,04859442
-0,05068908
0,02867433
0,0003870911
-0,1257046
0,004270711
-0,02965957
0,02380583
0,02969384
-0,0577121
0,006321954
0,01480274
-0,06869411
-0,06098082
-0,002880898
-0,01281773
0,02960761
-0,002007491
-0,01075625
0,002354484
0,009313233
0,01041836
-0,0001979713
-0,08124989
0,011412
-0,02220409
0,0625404
-0,01419545
0,03662115
0,02022398
-0,03727627
-0,01726402
-0,1062425
-0,05207302
-0,04764365
-0,01511013
-0,03480721
-0,03173864
-0,08297721
-0,0169675
0,1133218
0,08245608
-0,03294449
-0,05159569
0,1316227
-0,04146515
-0,0711222
0,09244984
0,1107149
-0,04432019
-0,07202728
-0,04137133
0,01459766
-0,01091693
-0,01537104
0,09154522
0,06088493
-0,01460663
0,1431267
0,03975431
-0,006374747
0,01207317
-0,03764267
-0,01207548
-0,005604076
0,02803213
0,00201415
-0,00202794
0,02020121
0,02031199
-0,03007576
-0,01301131
-0,03881333
0,02094617
0,03435539
0,04641113
-0,06081124
-0,05693102
-0,03741698
-0,05002837
-0,04839258
0,02501363
0,1318829
0,06790658
-0,02987712
0,07002964
0,01291132
-0,0769718
0,1824523
0,06667335
0,01370973
0,05442652
0,03989845
0,04096339
-0,02256608
-0,07583919
-0,04680106
0,02033085
-0,03447556
-0,06650134
0,03233831
0,04114833
0,04024507
-0,04444488
0,03104173
0,07519957
-0,1172983
-0,0300831
-0,001726848
0,04867033
-0,01409443
0,006852264
0,01280725
-0,01411083
-0,005630136
-0,0002657777
0,0141507
0,01661463
0,000817406
-0,0299281
-0,04122381
0,02267251
-0,01799748
-0,04720351
0,05048696
0,03031617
0,08639851
0,02984537
-0,06808563
-0,1083376
-0,06603179
-0,08099423
-0,009614523
-0,0493594
0,02396408
-0,01838679
-0,01321764
-0,008351238
0,02623258
0,06627128
0,08492359
0,03805348
0,01712938
0,04092612
-0,0004539134
-0,03658732
-0,05256353
-0,01484166
0,07997617
-0,03113793
0,07143095
0,1080595
-0,12683
0,0581327
-0,07899826
-0,03772235
0,08745831
0,03168217
0,08220784
-0,09234972
-0,0150991
0,02256522
0,008506032
-0,0290771
-0,02031707
0,009128189
0,001370712
-0,02364395
0,0168791
0,002174744
-0,0358763
0,026669
0,01084763
0,02325473
0,02753504
0,03582374
0,07889665
-0,0195463
-0,04562932
0,0275718
-0,0157482
0,03989182
0,02217251
0,0348093
0,0599818
0,04267941
-0,05497397
0,01470566
0,04316359
-0,03524685
0,02322927
0,01604316
-0,01691134
0,06411517
0,1635736
-0,08122601
0,01052601
0,04792752
0,04744473
0,0894341
-0,01088774
-0,07493258
0,04101299
-0,02547864
0,1293193
-0,02195703
-0,09946581
-0,0292841
-0,0001776245
0,04599405
0,02297899
-0,05929112
-0,01539463
-0,01107903
0,0003887208
0,004631273
0,00046082
0,03255779
-0,01637447
-0,01370295
-0,0182684
-0,01640964
-0,01139341
0,01915616
-0,004780676
-0,02960196
-0,02652318
0,05114339
0,03215704
0,008364974
-0,02612456
-0,153641
-0,05712021
0,05072483
0,00838057
-0,1351354
-0,08460408
-0,07939523
0,07169341
0,06521758
-0,03318691
-0,08147319
-0,02868871
-0,01655489
-0,03019713
0,008210925
0,05750329
-0,1147315
-0,05207787
0,2008047
-0,01665463
0,1607726
0,02960244
0,02393455
0,06423246
-0,01669388
-0,0108145
0,09792068
-0,001377308
0,02674369
0,04591118
-0,02342594
-0,0514001
-0,02713454
0,02391732
-0,04321665
-0,00738759
-0,01879527
-0,0169297
-0,0406027
0,0043711
-0,010495
0,04477253
0,03956673
-0,06108629
0,07660262
0,03849129
0,01149968
0,01501706
0,01926537
-0,05554293
-0,04688759
0,07640985
-0,006443289
0,01153727
-0,06886689
-0,04543877
0,00991726
-0,07432524
0,06094378
0,07164737
0,1023557
0,09921106
-0,0637893
-0,05216739
-0,006746048
0,04912033
-0,07422127
-0,06091686
0,06882724
-0,03292228
0,006011663
-0,01340102
0,06280898
-0,03044147
0,02931093
0,02365939
0,04312759
0,05403969
0,09503192
0,01381619
0,0720136
-0,02780514
-0,02291265
-0,01160223
0,005646271
0,02059566
0,03572492
0,03008247
-0,003844448
0,01404276
-0,0277497
0,000917563
0,01164994
0,0151413
0,06159291
0,1046178
0,000283076
-0,03841997
0,08451696
-0,05580819
-0,05210924
0,05324752
0,04824937
-0,04342299
-0,04451623
-0,02235893
0,03232336
0,05756899
-0,03127455
-0,1632877
-0,1639074
-0,09353439
0,002091617
-0,05499916
-0,05613323
-0,05249085
0,0194659
-0,006915697
-0,1128244
-0,1668803
-0,0908123
-0,08017657
-0,01538761
-0,008007362
0,09882209
0,1226869
0,1081348
-0,006209288
0,08068684
-0,03858056
-0,009704583
-0,02752742
0,008385204
-0,01205876
0,0004924955
0,03730526
0,01914551
0,006043207
-0,003858272
0,01636147
0,02877795
-0,008920429
-0,02274748
0,02085967
-0,001969782
-0,1221891
-0,04799006
0,004868187
0,008431949
-0,01508813
0,0905783
0,0302882
0,01160399
0,06597047
-0,03435584
0,04935908
-0,05650999
-0,02604824
-0,05624762
0,01663567
0,001421651
0,04465455
0,02597257
0,0009529505
-0,01553805
-0,02743686
-0,09507063
-0,03959821
-0,04794389
-0,0394114
-0,06133407
0,07475285
0,09416527
-0,004214352
0,04695151
-0,0718172
0,04288156
-0,06170136
0,06940079
-0,06899329
-0,05396089
-0,00154706
0,02371313
0,03607779
0,05178271
0,02410621
0,03715726
0,01659513
-0,0271635
0,01556425
0,02884651
-0,02590135
-0,07934652
0,08659366
-0,002415736
-0,1032911
0,03020134
-0,004960939
-0,02697729
0,04410379
-0,01487288
0,07261177
0,01378739
0,06376687
-0,054297
-0,01079024
0,01796466
0,08354262
-0,009692961
-0,1050473
-0,05670427
-0,0893898
-0,0804868
0,001477245
-0,01847202
-0,04165723
0,05909355
0,1319293
-0,1277486
-0,01998397
-0,03697529
-0,1305688
0,0397506
0,0796828
0,04869172
-0,01710196
-0,02300996
-0,0489292
0,1045971
0,08012614
-0,07067236
-0,0005133579
-0,04237251
0,05157682
0,04134481
0,01337012
0,0004608402
0,04018252
0,0002300253
0,02114261
-0,02739114
-0,02422727
-0,04001089
-0,02170049
-0,03102065
0,001918504
0,01858285
0,01647241
0,05565985
0,01840433
-0,1020639
-0,08507334
-0,03723235
0,03857536
0,106811
0,07590532
0,06909051
-0,05297532
-0,008562367
-0,1743199
-0,1223297
0,04746478
-0,0644244
-0,1767301
-0,01603954
0,1067303
0,04290241
-0,08862742
-0,04150928
-0,1379337
-0,08912309
-0,189176
0,01118035
0,06939967
-0,01571117
-0,03323125
-0,06492168
-0,1519868
-0,08777793
-0,03667827
0,02191995
0,03002143
0,01829935
-0,006698183
0,04082063
0,03806738
0,007456739
-0,0005967188
-0,01488891
0,0318761
-0,02887547
-0,0452905
0,002569989
0,04094541
-0,01350742
0,08860209
0,02198011
0,07338613
0,06135634
0,1361249
0,008554082
-0,0987675
-0,06226559
0,04061167
-0,04510655
0,0113743
-0,00159452
0,02774826
0,002669645
-0,04130876
-0,1163305
-0,1492392
-0,01001056
-0,1066968
-0,2095568
-0,001140139
-0,01068738
0,02187048
-0,06505696
-0,05694545
-0,01480016
0,05877476
0,003968975
-0,04266513
-0,02434912
0,01153847
0,07887416
-0,01786687
-0,05301455
0,05959709
0,02276824
-0,01527265
0,01516537
0,03888133
0,01730096
0,03641694
-0,008999391
-0,004583241
-0,001873928
0,03308763
0,02895584
-0,01273948
0,03457022
-0,02210676
-0,01498451
0,03500508
-0,08670702
0,04673037
0,03662976
0,07193667
0,07272904
0,02369859
-0,1151556
0,00708667
0,06859873
-0,01396141
-0,1421588
0,05177049
0,02203577
0,003523252
-0,1253444
-0,03255336
-0,03014846
-0,09063484
0,03462842
-0,07034058
-0,05117059
0,07256051
-0,02807053
0,01152314
-0,01935083
-0,068404
-0,08056379
-0,007857801
0,005599075
0,05315726
-0,01953822
-0,07825461
-0,06561871
0,07710478
-0,02831397
0,0262609
0,01262567
-0,06769704
-0,0502262
-0,006644107
-0,02240239
0,01806682
0,03979434
0,006222886
-0,02377558
-0,01377917
0,0351312
0,06590229
-0,002271194
-0,05129486
0,009654431
0,02710525
-0,03495866
-0,02420419
0,004519526
-0,03075475
-0,02948919
-0,100153
-0,01940547
-0,007791465
-0,02224441
-0,05917503
-0,02474266
0,07181715
0,1143995
-0,04479391
0,0006700891
-0,1287115
0,04247858
-0,0773394
0,006330976
0,1125627
-0,09702861
0,05191473
0,06138207
-0,06678254
0,01345307
-0,03189534
-0,07735959
-0,0752874
0,01222275
0,04414196
-0,0566861
-0,02143456
-0,09531365
0,007847071
-0,01117442
-0,05694142
-0,06580792
-0,002161277
-0,006794692
-0,01267982
0,002603506
0,02228348
0,01354829
0,02188051
-0,00658201
-0,0172174
-0,01295343
-0,03554446
0,0607436
0,01622005
0,05169068
0,006697408
0,03839962
0,02169662
-0,007054315
-0,001935085
-0,01358944
0,04336843
0,02078836
-0,04099017
-0,06280246
-0,153189
-0,05537926
-0,0851113
-0,1256838
-0,07479116
0,1344888
0,1036814
-0,07880861
-0,02898123
-0,0577081
-0,01284953
-0,01667998
-0,07897311
-0,07699808
-0,03846252
-0,0233806
-0,09247103
-0,04523452
0,06272092
0,02232228
-0,09508832
-0,06004349
0,01282564
-0,01382812
-0,05525604
-0,07278313
-0,02061547
0,002230946
0,02960462
-0,002896782
0,004654712
-0,01159163
-0,006680012
-0,05073788
-0,02723661
-0,01908994
-0,04879567
-0,02254007
-0,04503725
0,004735122
0,01368709
0,07240696
0,08095591
-0,02943062
-0,0410253
-0,006999712
0,07030784
-0,009798404
0,02560819
-0,08731455
-0,01671444
0,02833749
0,06282163
-0,06894687
-0,004079951
0,00229101
-0,1190712
0,09076353
-0,03323856
0,01204728
-0,06591045
-0,06272482
0,0543206
0,01255895
-0,09269686
0,0100161
0,05812962
0,04844027
0,07400974
0,08069092
-0,09591501
-0,1193922
-0,01048514
-0,001680774
-0,03937788
-0,02973834
-0,009607659
-0,01102359
0,006841929
-0,002148997
0,01620734
0,02145131
0,006627006
-0,04744457
-0,03172413
0,02022646
-0,07872231
-0,02877877
0,03314889
0,05032904
0,07455164
0,009333665
0,06179906
0,1041676
0,0121323
-0,1002495
-0,05095207
-0,04600487
0,02317486
-0,03975612
-0,05105049
0,04595377
0,1340355
0,02137613
-0,02412074
-0,07674671
-0,02777829
0,05440314
-0,0204036
-0,03156061
-0,1113399
-0,05830072
0,1301157
0,0339325
0,02885926
0,06037452
0,02401148
0,06850585
-0,03573245
-0,01143249
-0,05883334
0,05534067
-0,01569013
-0,04499884
-0,02561992
-0,05726355
-0,003515344
-0,02291637
-0,005546626
0,03671374
0,02140232
-0,0003992592
-0,04630071
-0,008462144
-0,02814138
0,01836637
0,000579919
0,07705651
0,03478457
0,03197449
-0,06284013
-0,02456072
-0,05457482
-0,01537865
0,04315715
0,04698027
-0,06581099
-0,1447129
-0,04371716
0,09381341
-0,07749514
0,067692
-0,1266078
-0,009569076
-0,03071927
0,01513633
0,01137489
-0,01500913
0,01216879
-0,09638553
0,03247584
0,01568395
-0,004688263
-0,1066376
0,1112401
0,07530757
0,01164283
0,06004332
-0,02935547
-0,0289611
0,06738329
0,05434081
-0,05202457
-0,03708453
-0,02869485
-0,04578846
-0,03361686
-0,05462286
-0,004386144
0,02760904
-0,01660829
0,01325531
0,000225511
0,03362682
-0,02529702
-0,08108955
-0,06453916
-0,03213461
0,03296494
-0,08523227
-0,03521568
-0,03032567
0,01063981
-0,183259
-0,1035698
-0,0073014
-0,001302967
-0,03997928
0,1210074
-0,01899767
-0,05209304
0,01043041
0,03426816
0,0313249
-0,1334614
-0,1210962
0,02175654
-0,04314448
-0,1339705
0,06659014
0,02462875
-0,003342429
-0,07714033
-0,06458486
-0,08757324
-0,06394532
-0,05987186
-0,009179154
0,02572589
-0,0721445
0,01156124
-0,04677693
0,01528091
-0,03739413
-0,06752896
-0,0513516
-0,01698981
-0,02356675
0,0033465
0,01430811
0,005769866
0,002767854
0,01403922
0,001307417
-0,01190612
-0,08336254
-0,1039497
-0,02658732
0,02772991
0,01212726
-0,02362602
-0,04094367
0,01414268
-0,02284541
-0,03252841
0,1002839
-0,02526618
-0,02523049
0,02697151
0,04871396
-0,006277754
-0,05471341
0,06249054
0,05112872
-0,05289785
-0,08834852
0,01853732
0,05812483
-0,09163321
-0,04144628
0,0461555
-0,06760883
-0,03113096
0,02901193
-0,05469734
0,07166904
0,1003209
0,09335163
-0,0005604989
-0,04585137
-0,02898482
0,08580828
0,07327697
0,001841799
-0,003209908
-0,01769009
0,005802356
0,02286639
-0,004896174
-0,01155525
0,03035848
-0,008200496
0,00241383
0,03762696
0,01533404
0,009739228
-0,0747174
0,01643868
0,07589556
0,05442414
0,08086858
-0,06744253
-0,04808502
0,1033627
0,04222032
0,1314505
0,01177353
-0,02475128
0,1036012
-0,005674753
-0,08911006
0,0970438
0,005499876
0,05854582
-0,02690942
0,06389228
-0,1069963
-0,03115244
0,03833262
-0,03606408
-0,01248221
-0,07419189
-0,01709644
-0,08179944
-0,1395705
0,01235258
-0,03584803
0,03279559
0,0481349
-0,04660605
-0,06950265
0,01938389
0,1009685
0,03718924
0,0517417
-0,03932454
-0,02558425
-0,007196645
0,03669777
0,01900735
-0,02506094
-0,01314794
0,001283773
-0,003060465
0,02357588
-4,400709E-05
-0,006091008
0,01129832
-0,03137763
0,01235366
0,03559748
-0,1215668
-0,03089673
-0,009454779
0,006785776
0,007145198
-0,1118109
-0,08745187
-0,07961005
-0,05173572
-0,00538939
0,01860539
-0,08211616
0,1103782
-0,07961603
0,04636369
-0,04637069
-0,05971811
-0,0932193
-0,02180758
-0,1038667
0,03216947
0,03676812
-0,09346753
0,07429555
-0,01809032
0,007650325
-0,01176116
-0,01817494
-0,02372813
0,04107413
0,03480072
-0,0624882
-0,03800566
0,01881074
0,00905804
-0,01158956
0,001556044
0,001031085
0,003116026
-0,03035235
0,01409221
-0,0242943
-0,0436714
-0,0433848
-0,01078762
0,007870335
-0,03886811
-0,03219838
0,06024277
0,06724864
0,005786238
-0,0133238
-0,02796927
-0,08545704
-0,04634224
-0,1151952
-0,1046242
0,02386169
0,0504527
0,0482339
0,06017525
-0,05771003
0,07968962
0,08158384
-0,08309758
0,08377706
0,009076227
-0,02167166
-0,01655787
-0,1323037
0,01920463
-0,02633654
0,01109025
-0,06140745
-0,06821321
0,07313072
-0,02350757
0,02468571
-0,06257672
0,02443358
-0,02656318
-0,04803524
0,03443881
0,01115791
0,0332632
0,02091056
-0,00797968
0,03313008
-0,02856438
-0,0393271
-0,0260271
0,02182645
-0,0519683
-0,006572177
0,02516993
-0,008816477
0,09451095
0,05188872
-0,08839786
0,054653
0,1241693
0,07925671
0,06144363
-0,07793465
-0,01301985
0,02480715
0,08187871
0,06008632
0,01174012
-0,01292495
0,005680866
-0,06887221
-0,08103362
0,07614
-0,1642898
-0,0253159
-0,07444736
0,009572976
0,1536733
0,05865962
0,005134343
-0,00647249
-0,05410246
0,04217444
0,0269772
0,0208547
-0,06703643
0,02267554
-0,01227668
-0,01613651
-0,06101868
-0,0036116
0,04177721
-0,01141474
0,05913262
-0,0317328
0,004329961
0,02464101
0,001481179
-0,03660858
-0,003212951
0,01588549
-0,01438805
0,0414544
0,01415137
0,006661467
0,01495349
-0,05701486
0,07069378
0,05290326
0,1224584
0,1217941
0,1278535
0,04052633
-0,1299895
-0,000211406
0,03748135
0,09949811
-0,03047321
0,09393203
-0,03151365
-0,1528616
-0,03392915
0,1135148
-0,01726242
-0,05280461
0,01013231
-0,03251559
-0,06382663
-0,1085336
0,02068892
-0,05989552
0,01332628
0,01485705
0,05711567
0,04455311
-0,06906466
0,01975178
-0,02683895
0,00679499
-0,01962445
0,05431852
0,03933465
-0,01368618
0,02127703
0,05915891
0,03054042
0,03907181
0,001447924
-0,001284637
0,01058679
0,01742874
-0,01692064
-0,02728554
0,06816143
0,004891047
0,01502346
0,007136297
-0,02868777
0,003936244
0,02103269
0,07929335
0,1521702
0,02885727
0,00584904
-0,03642086
0,03281866
-0,07612585
0,01443294
-0,02091914
0,01129947
-0,04975703
-0,1251863
0,01883663
-0,02408881
0,05281882
0,003976382
-0,02973961
0,01086233
-0,06100314
0,0264456
-0,08780383
-0,01027682
0,04471033
0,01038045
0,1129988
-0,0384506
0,1030203
0,01860438
0,124273
0,09769223
0,01308744
-0,01570976
0,03879832
0,02288419
0,01271521
0,04649927
0,02254881
0,03391881
0,009085339
-0,006182954
0,007490614
-0,001356624
0,02513629
0,03978841
0,02916447
-0,02524972
0,04380134
0,02609806
0,06311434
0,04517767
0,0005528895
0,03368266
0,05434912
0,02310824
0,1331275
0,0001623961
0,02745643
-0,04028167
-0,01219753
-0,01044615
-0,08378547
0,01772046
-0,03382018
0,04810539
0,02363645
-0,02145666
0,0176832
-0,2116175
-0,0153753
-0,04002405
-0,05222796
0,04367514
0,1085454
0,1126506
0,08116733
0,02713463
0,005575426
0,07155716
0,05941424
0,04812317
0,002296111
-0,04818781
0,05987767
-0,002953422
-0,01866408
-0,0302175
-0,03615347
-0,017097
-0,01855348
-0,004563273
-0,02406208
-0,0379965
-0,00202481
0,0008788207
-0,04328472
-0,01658768
-0,05217605
0,02133374
0,02778541
0,04353796
0,07774024
-0,02712795
-0,1770209
-0,01570786
0,07855359
-0,0430964
0,04068217
0,02744376
-0,008762627
-0,02217686
0,1116675
0,014633
-0,08150399
-0,005826518
-0,01832245
-0,1553412
-0,1065032
-0,05199143
-0,04856615
-0,04240974
-0,01332489
-0,03520633
-0,052221
-0,005380498
0,03941137
0,005832227
0,02719375
-0,02490768
-0,102519
-0,0301257
-0,03021702
-0,06169252
0,005426269
-0,02564761
-0,01026641
-0,002224582
0,007227464
-0,0215512
0,01983125
0,01716014
0,01579141
-0,03316394
-0,06650283
-0,04283355
0,03484296
0,01445058
0,004095665
0,07688726
0,03439553
-0,03364357
-0,03829902
-0,002460936
-0,02792084
0,01124404
0,002261851
-0,07212152
-0,09699556
0,04302727
0,06892996
-0,06069121
0,04288713
-0,08792228
0,02569075
0,04961884
-0,1500039
-0,1714073
-0,038524
0,07111425
0,02154103
-0,08242512
-0,0008212481
-0,07080647
0,09839487
0,1386979
-0,1209493
-0,05909386
0,001429749
0,02454408
-0,08980983
-0,09908207
-0,08395546
0,001823659
0,07913718
0,0574192
0,03787066
0,0105197
-0,03092213
0,0103347
0,01137397
-0,01387003
-0,03051725
-0,02224353
-0,007977099
-0,05322909
-0,08029687
-0,02627495
-0,02693863
-0,007551098
-0,05990705
-0,001375225
0,0007024477
-0,0109713
-0,08675753
-0,03846435
-0,06347007
0,02324834
-0,07732145
0,0389256
0,09884576
0,003120559
0,02794731
0,01105427
0,04316481
0,108377
-0,03131209
0,102828
-0,05010252
0,09331608
0,01691535
0,0285089
-0,0272609
0,006600145
0,005215183
0,0001074668
-0,05720087
-0,03242046
-0,04587345
0,03190275
-0,01823289
-0,05384513
-0,05811781
0,02748728
0,01890478
0,002131239
-0,008342952
-0,0152809
-0,06467048
-0,03765596
0,0003505892
0,01902214
0,01716746
-0,01160863
-0,03267408
-0,06632944
-0,05259241
0,009278052
-0,07643869
0,03341127
-0,1226611
-0,03688902
-0,033469
-0,03089552
0,04711686
-0,006205129
-0,0790663
0,1245863
0,06284044
-0,06123721
-0,06191647
-0,09310267
0,003153153
-0,04678833
-0,04497297
-0,038794
-0,2040814
-0,1100199
0,06331047
-0,017762
-0,05171174
0,002192248
-0,131037
0,1026955
-0,03632779
0,02385696
0,06888364
0,06000876
-0,1033391
-0,01223468
0,03436978
0,06123367
-0,04544961
0,05042074
0,02945524
-0,007755842
0,03117691
-0,002250937
-0,04353258
-0,02981431
0,004908326
-0,02660089
-0,01248612
0,02565421
0,01748447
-0,01461978
-0,008732185
-0,0644136
-0,07911411
-0,05614277
-0,03245783
0,005998958
-0,07601776
-0,0133526
-0,01510823
-0,03238794
-0,00221019
0,03837153
-0,08649381
-0,2055487
0,02286839
0,0005546076
-0,0004827127
0,1012714
0,05372838
-0,05190416
-0,04249755
0,02186075
-0,02381873
0,1684238
-0,01695995
-0,00178235
-0,01529953
-0,02284693
-0,004234124
-0,05125378
-0,0239184
0,01655715
0,02377508
0,1248369
0,04442436
-0,02874648
-0,06482629
0,005257958
0,0003969685
0,04778943
0,03179828
0,02284222
0,01205654
-0,002982825
0,009934971
-0,004969111
-0,006551552
-0,03318214
0,005032107
0,01810977
0,02644677
0,02684828
-0,09170649
0,02694522
-0,04418404
-0,1108601
0,004875296
-0,07865651
-0,05761743
0,08304041
0,01498758
-0,1073281
-0,05192937
-0,0671877
-0,02234627
0,009925879
-0,007533262
-0,02388466
-0,06085252
-0,01235599
-0,03020084
-0,1586327
-0,01829976
-0,03728516
0,02059864
0,03889298
0,03819902
0,08753853
-0,0975987
-0,0959356
0,06521138
-0,08311392
-0,06072622
0,05098349
0,01208502
0,004870981
-0,04631806
-0,03613826
0,01008317
0,01958613
-0,01442629
-0,03071887
0,01259271
-0,004133714
-0,01618604
-0,01887576
0,008148755
-0,006031948
0,01160449
0,02262483
-0,01295295
0,01396107
0,07592525
0,1232697
0,0166247
0,0438099
-0,01717137
0,006230095
-0,02242079
0,03262554
-0,01312397
0,04148728
0,05665017
-0,1450639
-0,03314435
-0,03025275
0,04786528
0,03548864
-0,03292869
-0,07148995
-0,08374535
-0,09378445
-0,02031136
-0,06417061
-0,02175605
0,00504838
-0,0002826017
-0,01800791
-0,04474355
-0,1510635
-0,0295082
-0,02437463
-0,1961473
0,02503796
0,05374402
-0,0004890711
-0,04483803
-0,03621135
-0,04562875
-0,01789157
-0,004411596
-0,02089488
-0,03021884
0,01626934
0,00268952
-0,01762864
-0,001068181
0,03313853
-0,04713727
0,02419302
0,04710622
-0,02864719
-0,0156799
-0,01373309
0,02462848
0,06143748
0,05035624
0,1234944
-0,025311
-0,01259825
0,07961631
-0,02255328
-0,08689559
-0,02605482
-0,1346655
-0,01140783
-0,01948524
-0,1421029
-0,1058231
-0,05310111
-0,07585187
-0,06547011
-0,1506707
0,01968597
0,02612892
0,05393206
-0,09208905
-0,01661738
0,005509542
-0,1428044
0,05095622
-0,04510489
-0,10786
-0,10397
0,01240606
0,05406217
-0,04063715
-0,08788034
-0,04967947
-0,0417799
0,0008277767
0,008664113
0,002590327
-0,01116999
-0,02064277
-0,001402709
-0,001255931
-0,0003993049
-0,06566782
0,004178786
-0,05162647
0,002698415
-0,06542079
-0,02370915
-0,02575392
-0,06410316
-0,04247526
0,04797138
0,02447839
0,04426064
0,04468181
-0,07627951
-0,02310221
0,04838867
0,015597
-0,0004906281
0,04210538
0,06535504
-0,04763161
0,1072573
-0,1581264
-0,1215101
-0,1290181
0,02672211
0,04182423
-0,0156789
-0,1389797
-0,1207788
0,01428242
-0,08385571
-0,1163635
0,01156072
-0,1142668
-0,1810245
0,01838359
-0,09598943
-0,06514136
0,02237877
0,02972936
-0,01736101
-0,04478048
-0,01149573
-0,003178361
0,001098781
-0,01917089
0,007454083
-0,0006012658
-0,02692447
0,02472983
-0,03484531
-0,07924365
0,05528012
0,07338028
-0,008741835
0,03277071
-0,08751346
-0,06915256
0,09476175
0,0860524
0,01066357
0,1181666
-0,06108803
0,01327287
0,03333531
-0,007634718
0,04846593
0,03306403
0,120582
-0,1419813
-0,01276491
-0,07513729
-0,1847602
-0,03016547
0,07748108
0,02400853
-0,2060661
-0,03208616
-0,03318536
-0,02583699
-0,01311533
-0,009402621
-0,04256483
-0,1187616
-0,1309907
-0,04018746
-0,03594378
-0,02572894
-0,02853901
-0,04977331
-0,02695473
-0,04097015
0,01147448
0,02437824
-0,01753397
0,005566727
0,009303601
0,01898572
-0,03313605
0,02548528
0,07820501
0,1086694
0,002987495
-0,1421705
-0,0185978
0,06289829
0,02791941
-0,02368352
-0,01094395
0,01362594
-0,09296355
-0,04253643
0,0797192
-0,03294053
-0,05207057
-0,0140115
0,04268161
-0,006252629
-0,08727331
-0,1354315
0,04642566
0,008898949
0,05024097
0,01014411
-0,151221
-0,1446297
-0,1072236
-0,02372916
-0,06528208
0,1057731
-0,0407399
0,08475249
-0,02698035
0,000194337
-0,04629875
-0,02198725
-0,03447675
-0,01787534
-0,01804002
0,04080713
-0,06362645
0,01740216
-0,01540945
0,02473568
-0,008281823
-0,03412297
-0,003053063
0,004975702
-0,008497439
-0,05449095
-0,003128753
0,002743042
0,1111894
0,0008406747
-0,05438249
0,007543757
-0,04817015
0,03139756
0,02784041
-0,06926072
-0,1090982
0,08090807
0,03152372
-0,09607543
-0,01575941
-0,1147549
0,01129183
-0,005178837
-0,05814531
-0,2096482
-0,003928798
-0,02501834
0,0003607168
-0,06602044
0,06974657
-0,01489068
-0,05568718
0,02418818
-0,06340436
0,0514662
0,06964099
-0,03545477
-0,01700505
0,01078777
-0,009162485
0,008601644
0,05514902
-0,01786807
0,008131616
0,02571281
-0,008942314
-0,008310589
0,02495344
0,02417291
-0,01502533
-0,009624079
0,02554344
0,03862283
-0,008487855
-0,02268063
0,008989044
-0,01446056
0,06104239
0,03014259
-0,02097228
-0,023161
-0,08004983
0,03948355
0,008985573
0,02123355
0,06472033
-0,01924191
0,01549203
0,01871175
-0,04915876
0,0138921
-0,01820208
-0,03385961
-0,08994541
-0,07089594
0,07366225
0,02914961
0,04103069
-0,1027243
-0,1754407
0,02678318
-0,01257739
0,00438144
0,03751836
0,03388447
0,1655084
-0,08254831
-0,03616645
-0,01283014
-0,0819989
-0,02353467
-0,02803425
-0,05009092
-0,009795208
-0,01708695
0,003010772
-0,008604712
0,03015672
0,02358925
-0,02819279
-0,005408969
-0,02070734
-0,01711422
0,014289
-0,004109561
0,04324269
0,01212168
-0,02721803
0,0078196
-0,04934871
0,03901495
0,04299985
0,06492482
0,0082801
0,006790223
0,07110386
0,0711835
-0,0241429
-0,05267434
0,02467006
0,08670448
-0,003076992
-0,1365505
-0,02039799
0,09470572
-0,1287853
0,005867078
-0,05321966
-0,03134082
0,1023953
0,05779504
-0,1218332
0,0258542
-0,003092323
-0,02697673
0,03979301
0,0538067
0,01947917
0,04055166
-0,01717116
-0,02966114
0,0690164
0,01001289
-0,0009610897
0,02896357
0,0517866
0,009581221
0,03467387
-0,006249277
-0,004726061
-0,01764987
0,02123202
-0,0001240971
-0,07254873
-0,02477594
0,07562654
0,006452076
-0,0127252
-0,03483546
0,06173299
0,0001850476
0,005677252
0,05412728
0,08735818
0,01632081
-0,03948177
0,04838548
0,07382813
0,1256866
0,002827227
-0,08592159
0,03845673
-0,07979336
0,03805799
-0,04801508
-0,09033084
-0,189898
-0,03947508
-0,1449846
0,1149484
0,1190687
-0,05180816
0,02093918
0,0650585
0,05811676
-0,06237615
-0,01628627
-0,04791903
0,06692888
-0,02077934
0,103746
0,125513
0,0721252
0,04014583
0,08241422
0,0655578
0,01978731
0,02944252
0,01820076
-0,005259653
-0,008700397
0,007822104
0,007024309
-0,004352747
-0,03327795
0,0430284
0,06527509
-0,04695821
-0,03532534
0,04197485
0,01228714
-0,03398696
-0,03645089
0,07495116
0,1103422
0,07238604
0,01066161
-0,1243268
-0,0007037538
-0,1421635
-0,1752777
0,04956265
-0,03906701
0,08192907
0,009694068
-0,09669321
-0,1113773
-0,007644159
-0,1649368
0,08189305
0,09299882
0,02149249
0,03087771
0,09029853
0,1461538
-0,001309102
-0,0614724
0,02980326
0,06439699
0,0823755
0,1017854
-0,005546137
0,03090556
-0,000554366
0,0702331
0,0361082
-0,01385286
0,01160095
-0,02601037
0,01002362
0,0007975094
0,01888754
-0,0105996
0,03281802
0,04527924
-0,03479653
-0,004655945
-0,001724451
-0,0168485
-0,07006537
0,0817855
-0,04583566
0,1264562
0,0212774
-0,004907594
-0,02084346
-0,02364395
-0,1696374
-0,1000151
-0,1126943
-0,003902328
0,04652234
0,1331506
-0,02508806
-0,09630443
-0,1505765
-0,1061113
0,01610212
-0,06668583
0,07581559
0,05311327
-0,01073887
-0,004627715
0,01972691
0,0993744
0,01804864
0,1261605
0,1238421
-0,03045551
0,07764015
0,04503642
-0,008210983
0,02333772
0,03106461
0,02615899
-0,02839743
-0,002205673
-0,01937843
0,005359603
-0,02045743
0,006230826
0,0253779
0,01198716
-0,03496285
0,008830766
-0,06924458
0,0316071
-0,008612902
0,04352221
0,03621058
0,01650472
0,0195877
0,005209606
0,05758544
0,1349177
0,04767901
-0,1373798
-0,09790153
-0,242182
-0,06004323
-0,01893213
0,2219983
0,1392769
0,0142371
-0,1403669
-0,2486576
-0,2215074
-0,2288137
-0,003003029
-0,04500983
0,170235
0,2467447
0,1437433
0,08500557
0,01452535
-0,002598878
0,02050859
-0,02526778
0,03134998
0,02939375
-0,003057388
0,03816497
0,07135175
0,08631352
0,03806522
0,004849981
-0,001264032
-0,01486383
0,008097866
0,005360763
-0,02606373
-0,007670988
-0,02742333
-0,06022304
-0,01312805
-0,04102823
0,07460041
-0,04444334
-0,003828283
-0,0486109
-0,02466347
0,1069335
-0,1025671
0,1367504
0,1080176
-0,0634134
-0,02873096
-0,0468522
-0,170568
-0,05309332
0,1276482
0,1837442
0,1810911
0,1115911
-0,1750701
-0,3817392
-0,3088807
-0,172158
0,08082847
0,0508245
0,1377431
0,261241
0,1137206
0,04697269
-0,0168914
-0,05802627
-0,003539277
0,1102457
-0,04385568
0,1417034
-0,01394745
0,02438751
0,04222004
0,09921031
-0,02716282
0,07360709
-0,005721867
-0,03408275
-0,01943534
-0,007258769
0,01059693
-0,003754637
0,01135713
-0,01370101
-0,03787001
-0,03933006
-0,04065649
-0,002829536
-0,07396208
0,03177297
-0,01793214
-0,04206563
0,0546183
0,02041041
0,02680423
-0,04008703
0,005995358
-0,0988567
-0,2936639
-0,06021085
0,05813142
0,1559874
0,4391652
0,2369271
-0,03924804
-0,4361187
-0,4480636
-0,05447785
0,1255721
0,1730098
0,3237225
0,0490067
0,1217856
-0,02920808
-0,03956276
-0,2799838
-0,05524956
-0,03710615
-0,004491298
0,02989187
-0,09548536
-0,0365944
0,04599853
0,09112784
0,06631891
0,04483323
-0,0877457
-0,007504915
-0,00827681
0,005305811
-0,00486027
-0,002213001
0,02170203
0,007285
-0,08477231
-0,01029336
-0,09480713
-0,03529554
-0,05042849
-0,04877758
-0,04848451
-0,07325381
0,01655886
0,04625881
-0,107246
-0,1702631
-0,09889321
-0,2272667
-0,3907636
-0,04925614
0,1671287
0,2988748
0,5238132
0,299312
-0,2350489
-0,4530221
-0,3813906
-0,2351584
-0,02972446
0,1132949
0,2168802
0,1088679
0,1232424
0,04995413
-0,1607759
-0,1692903
-0,09994414
-0,0131546
0,006597152
-0,03467906
-0,09150183
0,02150652
-0,0271764
0,07970913
0,1092753
0,01963431
-0,02751284
-0,02643918
-0,0116916
-0,00714442
0,01421997
-0,001266372
0,002184515
0,002446408
-0,05053029
0,005342047
0,00908671
-0,02836354
-0,05473447
-0,04971111
0,03570011
0,02713773
0,07622345
0,008680557
0,01692478
-0,02740017
-0,2327948
-0,1655956
-0,2268779
-0,1741015
0,1315578
0,2809157
0,4392771
0,3284459
-0,01662653
-0,283941
-0,2027602
-0,3673544
-0,02288438
0,1373072
0,2284158
0,1462716
0,1386483
-0,08428331
-0,1082025
-0,2732295
-0,1210457
-0,1375585
-0,08741097
-0,05446729
-0,06989366
-0,02838332
-0,04328927
0,02242986
0,05241491
-0,01818826
-0,0797695
-0,05902707
0,02424578
0,03158409
0,01797982
-0,01774867
0,003447261
0,01184406
0,005051619
-0,00654703
-0,04343423
-0,1317368
-0,1480706
-0,09237604
0,01687591
-0,02179006
-0,0651405
0,05600103
-0,01947257
-0,1160073
-0,1834686
-0,3850289
-0,3280545
-0,05268916
0,1862026
0,2485313
0,6029691
0,3933539
0,03087712
-0,3891506
-0,1319758
-0,1322434
0,1281268
0,1171026
0,2442072
0,1930472
0,007175937
-0,1700358
-0,3083993
-0,3268846
-0,2906595
-0,05776037
0,01473666
-0,06861943
0,01215383
-0,06877658
-0,02169834
-0,01775579
0,05045497
-0,02790846
-0,0730142
-0,01621992
-0,01158367
0,02235894
0,02153472
0,0230131
0,0009826478
-0,04976515
-0,04036486
-0,03149329
-0,09825195
-0,005067913
-0,0603157
-0,05110054
-0,0708851
-0,01214605
0,04216415
0,02513489
-0,08250745
-0,09016705
-0,2924083
-0,3053215
-0,326371
-0,04629692
0,252243
0,1618685
0,4419524
0,3662203
0,05845445
-0,2249335
-0,09062747
-0,00320465
0,1401293
0,1607308
0,3515694
0,1425022
0,05935699
0,04578041
-0,135807
-0,2343275
-0,3706415
-0,1723664
0,006967287
-0,0339039
-0,09810739
-0,06471575
-0,07059693
-0,00877037
0,004185287
0,02014189
-0,02303231
-0,0449148
-0,003648206
-0,01080697
0,02657644
-0,01769228
-0,001713561
-0,0201484
-0,02976738
-0,09428236
-0,03000772
-0,04058479
-0,1052874
-0,002138541
-0,02666454
-0,002197847
-0,02901156
0,01915173
-0,1245697
-0,1004434
-0,1254735
-0,187525
-0,1890028
-0,1209179
0,1724066
0,2902086
0,4103578
0,2572299
-0,09668504
-0,1046793
-0,01429143
0,01511818
0,1286396
0,2758982
0,2433182
0,2908579
0,04550037
-0,02690964
-0,152111
-0,3300821
-0,2480161
-0,1090099
-0,09653749
-0,1221125
-0,07742046
-0,03166283
0,02823995
0,03342393
-0,07762382
0,01241907
-0,01216366
-0,0005136995
-0,03110621
0,02797684
0,01502695
-0,004476341
-0,03183984
-0,01336634
0,01994865
-0,03016766
-0,01862654
-0,01123759
-0,06593937
0,01521127
0,0116253
0,02255919
0,02637728
-0,03581108
0,01728651
-0,06813014
-0,1326426
-0,2741892
-0,2553996
-0,1664891
0,1353211
0,09587863
0,2440243
0,1252718
-0,05890564
-0,08696082
0,03018379
0,05649897
0,1427389
0,1651594
0,2891696
0,2303989
0,03561195
-0,04455948
-0,05630174
-0,2720049
-0,16819
-0,1111555
-0,04524766
-0,05913715
-0,08981163
-0,02066414
-0,02368283
-0,07129188
-0,03986735
-0,004543714
-0,00581049
0,007157409
0,02534465
0,01493496
-0,02315905
-0,007585624
0,01677307
-0,01339547
0,003009211
-0,07282903
-0,0187322
0,04095276
-0,05933713
-0,03575836
-0,01913051
0,09002595
-0,005584897
-0,006148177
-0,02350282
-0,04310422
-0,0419124
-0,1921317
-0,2969324
0,003757369
0,1037165
0,1469849
0,0785647
0,1292674
0,01399039
-0,03267505
-0,03245658
0,1766537
0,1310715
0,1470384
0,3356989
0,1694196
0,2682433
0,06052327
-0,02266149
-0,1802242
-0,1133813
-0,1253522
-0,05195042
0,01005938
-0,01496386
-0,07553578
-0,05687864
-0,04904631
0,01723786
0,01795946
0,002591409
-0,02624856
-0,008855783
-0,02588019
0,00348846
-0,001120178
0,008382156
0,01811431
-0,01115155
-0,01486492
-0,01643617
-0,03317315
-0,01135936
0,04665126
0,04974456
0,1078786
-0,01856522
0,0308464
-0,0511672
0,02342879
-0,08411261
-0,2357579
-0,1536374
-0,01454883
0,08982939
0,1225945
0,1749711
0,05399441
-0,07366418
0,0153868
0,01671515
0,1640766
0,2436672
0,2453366
0,2685256
0,1686592
0,1819465
0,1123985
-0,04371421
-0,08012712
-0,1712039
-0,1504598
-0,04710485
0,0005773115
-0,003459539
0,06072826
0,01273778
-0,02340053
0,01188785
-0,01982612
0,002173161
-0,04241895
-0,0152077
0,02345621
0,01709917
-0,02451983
0,01567413
0,004091932
0,02243791
0,02240404
0,002572597
-0,0667387
-0,01441989
0,004604709
0,06029507
0,06135084
0,01362964
0,04766656
0,01997214
-0,1075035
-0,1794225
-0,1958704
-0,07658287
-0,08997179
-0,03646874
-0,01261737
0,004524013
-0,0490442
-0,05840437
-0,1490991
-0,1076685
0,07984866
0,05765019
0,1311146
0,1402516
0,01109256
0,1668539
0,01801636
-0,1560713
-0,0829673
-0,1543037
-0,1302449
-0,07960916
0,01261471
-0,07793805
-0,03589051
-0,008843994
-0,04085485
0,02686734
0,03250599
0,01290042
-0,03979308
-0,02312606
-0,00779588
0,01962916
0,0142652
-0,02301453
-0,0171142
0,04605149
0,02431836
-0,0174346
0,0363501
0,02075278
0,04401181
0,03052051
0,04265054
0,04010022
0,02850464
0,01001734
-0,1182249
-0,103301
-0,03667831
-0,001411685
-0,02970286
-0,0739176
0,07653824
-0,02416939
0,01125624
-0,07751027
-0,04495883
0,005063376
0,00854027
0,2671338
0,1397922
0,08616106
0,1673924
0,05905079
-0,00274468
-0,05563847
0,009924952
-0,04629311
-0,00811936
0,00424572
-0,01715064
-0,08835176
-0,08190162
-0,005046031
0,01321886
0,009520395
0,01268227
-0,01062026
-0,0267832
0,001085242
0,02046496
0,002753323
-0,003108989
-0,001935622
0,03164693
-0,008898947
0,03717515
0,01660153
0,01941868
-0,02165265
0,02244659
0,02795769
-0,03386972
0,003839318
-0,01715355
-0,05945985
-0,04842949
-0,1082488
-0,02307495
-0,05160105
-0,1334538
-0,05985522
-0,04044593
-0,0979092
-0,007540146
-0,1349737
0,0006393617
0,004632555
0,06907488
0,07120617
0,1444414
0,02567327
-0,004176619
0,01156118
-0,008754332
-0,02097225
-0,06641445
-0,02559367
-0,0007057806
-0,06435161
-0,01796247
-0,07558798
-0,02228736
0,01073667
0,007337346
0,02451311
0,01495475
-0,009592805
0,0002300116
0,006665112
0,001935481
-0,004406904
-0,01758953
0,01121952
0,02776559
0,0005595438
0,009334136
0,004535744
0,001600492
0,02054876
-0,01592719
-0,02299775
-0,1055221
-0,02168941
-0,01745625
-0,09617687
-0,08697595
0,04367097
0,0159427
-0,08944834
-0,1273709
-0,1771477
-0,0190664
-0,08290058
-0,1339133
-0,07238813
-0,03980268
-0,1027421
0,01179868
-0,01080464
-0,07975961
0,08287262
0,06822756
0,01400576
-0,02059696
-0,05212542
-0,07355476
0,009770654
0,001348929
-0,003504257
-0,09697846
-0,04698892
-0,0688646
-0,06058455
0,004338662
0,007211423
-0,01505683
-0,01456121
-0,002041616
-0,01549595
-0,01622867
-0,02875346
-0,005295949
0,0183513
-0,003847272
-0,006357277
-0,02351749
0,03672427
-0,01253343
-0,02427069
-0,06310669
-0,07451943
-0,03336874
-0,009921489
-0,01563822
-0,05992341
-0,03563498
-0,01547281
-0,08450917
-0,09000152
-0,0482268
-0,1234886
-0,08926238
-0,1191129
-0,01090597
-0,04998407
-0,01990008
-0,09804849
-0,02535926
-0,01890805
-0,02426508
0,002252382
0,03822836
0,02193172
-0,009094646
-0,08352464
-0,03467871
-0,03722719
-0,01815429
-0,0128963
-0,03528745
-0,009807169
0,00175031
-0,02368715
7,869701E-05
0,02028598
0,03488392
-0,004169818
0,009249653
0,003685377
-0,02267472
-0,009285646
0,0188953
0,008138856
-0,02117113
0,02414923
0,01319876
-0,01066386
-0,02410076
-0,022652
-0,01544394
-0,03622803
0,004298032
0,01555406
0,02723594
-0,009705414
-0,03517689
-0,01301477
-0,09013097
-0,06538085
-0,1120631
-0,06644984
-0,05857078
-0,1192754
-0,1485471
-0,1786621
-0,05921585
-0,08059022
-0,02161417
0,081669
-0,04545859
-0,02049915
-0,01312964
0,003411559
-0,0571956
-0,0209004
-0,02602873
-0,07218059
-0,04974178
-0,01490446
-0,02671776
-0,03956766
0,01249891
-0,01772531
-0,0134611
-0,01156946
-0,003215845
0,02582149
-0,01503202
0,01512927
-0,0289584
-0,007141503
-0,01189073
-0,007504303
-0,004251442
0,006592981
0,0183887
0,02398221
-0,02648719
0,01257886
-0,02475361
-0,005145055
0,002779859
-0,05131024
0,009978519
-0,0189252
-0,01717064
-0,03533237
-0,03175204
-0,05374748
-0,05830022
-0,05603265
-0,06417955
-0,09063139
-0,06976771
-0,1210253
-0,1277702
-0,08318228
-0,00427616
-0,03741611
0,01760058
-0,01395567
-0,0544552
-0,01551761
-0,004983801
0,006564483
-0,03353305
0,02571927
-0,01396342
0,01827509
0,01186553
0,01834289
0,01590939
-0,01589576
-0,002047052
0,008320767
-0,001177168
0,008988233
-0,01138055
-0,006218848
-0,002029802
0,0192943
0,002205785
-0,01962683
-0,02820363
-0,0009252439
0,02695685
0,03709365
-0,002703876
-0,007532219
0,02340955
-0,008950235
-0,01466685
0,01691903
-0,03446973
-0,007608338
0,0217792
0,004296788
-0,02193644
0,007158052
-0,02646099
-0,02570332
-0,1004825
-0,06102747
-0,05489693
-0,02360216
-0,03739109
-0,04397035
-0,006844267
-0,01319045
0,0003763078
-0,0354232
-0,04340805
-0,02747221
0,0175938
-0,03817878
-0,03323696
-0,003026917
0,008523632
-0,006344375
-0,02472198
-0,01678899
-0,00282957
-0,02461512
0,03454196
-0,005039138
0,007192603
0,02668119
-0,02546029
0,01788525
0,01176879
0,0187297
-0,01087456
-0,005911001
0,02036542
0,007920513
0,01726388
-0,02442596
0,02614193
-0,01860626
0,02239721
0,004473869
-0,02294428
-0,01725721
0,01559856
0,008771257
-0,01818458
-0,03556821
-0,02850328
0,01421068
-0,01232521
-0,02590481
-0,01364833
0,001971768
-0,01622098
-0,02843927
-0,02939403
-0,002754256
-0,01231617
0,02880053
-0,01557684
0,007819484
-0,001894207
-0,02555801
0,00104627
0,0055505
0,009514072
0,003122028
-0,01385096
-0,03174869
-0,01086018
-0,02488841
0,01873735
0,01570652
0,00535056
0,002389983
-0,02025305
-0,0149256
-0,02347537
-0,01997293
-0,02000253
0,001280396
0,01037117
-0,0235949
-0,01357804
-0,009026614
-0,02882007
-0,0009404435
0,003886201
0,001891205
-0,007195961
0,02713775
0,007007432
-0,02460936
0,02896608
-0,01714062
-0,01828675
-0,04071683
-0,00346586
-0,0251823
-0,02934569
-0,002346478
-0,0009923353
-0,02906898
0,009988078
-0,007540884
-0,0002315033
-0,02589357
-0,01743972
-0,01818116
-0,02468168
-0,02890637
0,02342134
-0,02092101
0,004505591
0,01003081
0,03095221
-0,02281203
0,01602713
-0,02025804
0,007738312
-0,0161899
-0,02682312
0,01991743
0,01319886
-0,001932012
0,00407736
0,0133826
0,01422458
-0,004313352
-0,009853373
-0,02232813
0,002582671
0,02324028
-0,0254358
0,00083171
0,01808278
-0,002868157
-0,004218737
0,02337559
0,01699485
0,02861012
-0,01055133
-0,01009014
-0,006187818
-0,01477216
0,02603629
-0,02068539
-0,01117316
-0,0161865
-0,01962699
-0,0275836
-0,01688224
-0,004224415
0,004437744
0,01698045
0,001104035
0,02190095
0,003933535
-0,01813983
0,02123038
0,02230063
-0,01084661
0,01364984
0,02132032
-0,03048059
0,001912129
0,03010642
-0,01490669
-0,02041507
0,02327386
0,001724554
0,01460872
0,02705782
-0,004481076
0,01295394
0,02820219
0,01572997
-0,0001012116
-0,000591656
0,0001876824
-0,008292551
-0,008833963
-0,00325899
-0,01667954
-0,01412905
0,02509863
-0,02812845
-0,01011628
-0,01485719
0,02742981
0,02733866
0,02953563
-0,01530676
-0,02684508
0,02558117
0,008154539
-4,333646E-05
-0,006752735
-0,00905562
0,01371981
0,02943021
0,02593709
-0,01714931
-0,006669736
0,0107829
-0,01037707
-0,01396282
-0,02318252
0,0224891
0,02345205
0,01962673
-0,01006472
0,02855247
0,01178428
-0,002207742
-0,001021436
0,02303009
0,00424893
0,009398378
-0,02268293
0,0009468322
0,009288308
-0,02874922
-0,01755315
0,02777055
0,003814017
0,001430672
0,02511644
-0,001163204
-0,02690258
-0,002513391
-0,009319407
-0,02120395
0,01691595
0,0005432555
-0,005024537
-0,02214577
-0,026477
0,003821917
0,02675097
0,00877797
0,02679997
-0,0009862171
-0,007710126
-0,02173424
0,005278763
0,0298095
0,001413979
0,005155711
-0,003581581
0,01610137
0,02689278
0,01624255
-0,01617451
-0,01798984
-0,009182944
0,02633589
-0,02892872
-0,003645323
-0,02388636
0,01883943
-0,008023284
0,007792979
0,01844352
-0,004716983
-0,001211791
-0,01660645
-0,01679329
-0,0174653
-0,02561074
-0,007690767
0,02024528
-0,02978126
0,01349817
-0,0007491098
0,004786004
-0,01962543
0,009482245
-0,02587728
-0,007699915
0,004400702
