0,01460689
-0,02061952
0,02267777
0,01378566
-0,009999468
-0,00946881
-0,01889821
-0,02250491
0,01544735
-0,01987418
0,01934698
0,02146137
-0,01281816
-0,003573252
0,02866655
-0,01480015
0,01035871
0,01043414
0,03048466
0,02071972
0,008815933
0,002678862
-0,02659516
-0,007254863
-0,00742739
0,01201383
0,02842189
0,001592216
0,001043535
-0,01553469
-0,02686894
-0,008486539
-0,01569199
-0,02466058
-0,02532568
0,02741276
-0,01522601
-0,004112852
0,01342533
-0,01644991
-0,009722083
0,004153023
-0,01812892
-0,02677064
0,02125286
0,02056794
-0,02065784
0,02852626
0,01842079
-0,01517324
-0,0005247249
-0,02365055
-0,004698891
-0,001688866
0,01379963
-0,01808102
-0,02406042
-9,311164E-05
-0,008811341
0,008570895
-0,007261555
0,01014156
0,00707045
0,001030815
-0,02294197
-0,002085175
0,007169657
-0,01819146
-0,008237951
-0,02880063
-0,02962153
-0,0155726
0,02756576
0,01691356
0,0004428343
-0,02529038
-0,009106897
-0,02972211
0,002191139
0,002717743
0,002752052
0,030557
0,01383738
-0,01377406
0,01560886
0,02735858
0,02671126
0,01657127
-0,007864292
0,02332745
0,02147444
0,01549982
-0,02526204
-0,02511601
0,02142749
0,01075377
0,02767327
0,01144061
0,02675258
-0,006648009
-0,01659992
0,02814539
0,006749077
0,01721057
-0,01556765
-0,01513742
-0,02065765
0,008847143
0,02841818
0,009095914
0,0218263
-0,02415781
0,02835506
0,0191582
-0,02414806
-0,007154068
0,02694462
-0,009093377
0,01611835
-0,01964702
0,001701958
0,02112501
0,02025083
-0,0009009287
-0,01960345
-0,01435751
-0,0202139
0,02280307
0,02619302
0,02029859
-0,02230364
0,01008932
-0,02589219
-0,02124182
-0,01076579
0,005162854
-0,006249418
0,02714091
-0,02829121
0,0005166865
0,01797366
-0,01218782
0,01874623
0,01363974
-0,02832016
0,01570603
0,01766858
-0,01385532
0,02958563
-0,001446571
0,0143755
0,00677553
0,02601167
0,0165386
0,02219073
-0,007209674
-0,02231709
-0,0225582
0,006692082
0,02928881
-0,02470344
-0,01282499
0,01341792
-0,02174453
0,001544086
-0,01835821
-0,02835092
0,01961694
-6,17663E-05
0,001349705
0,02977781
0,0304538
-0,01077764
-0,01435259
-0,007036401
-0,0160969
-0,02750566
-0,0233367
-0,002735751
-0,004953986
-0,001654102
0,02397398
0,02370729
-0,002501778
-0,02416124
0,001514402
0,01480892
-0,01146012
-0,01280591
0,02698501
-0,002737278
-0,01406427
-0,009840554
-0,02718435
-0,004759615
0,0007526555
0,005013645
0,01058664
-0,01795487
0,02049138
0,01392259
0,02861415
0,01690758
-0,001693929
-0,0007087314
0,01446486
-0,01285227
0,009793253
-0,006955492
0,008225232
-0,009766827
-0,02908038
0,01073497
-0,01824272
0,0009969829
-0,01829791
-0,005998921
-0,01431651
-0,02797382
-0,02993667
-0,002098557
0,0141556
0,002728326
0,003669801
-0,02593616
0,01379132
0,01022392
-0,0137839
0,02077227
0,02258739
0,008948968
-0,008027634
0,02488302
0,00766538
0,0121133
0,0006238877
-0,02238167
-0,004337599
0,02863865
-0,008009049
-0,01615453
-0,02583499
0,02546468
0,009351158
0,006550674
-0,0039305
0,00556489
-0,02151369
0,00229895
-0,01656683
-0,02336065
-0,01081308
0,008374307
-0,01802706
-0,007172234
0,03041113
-0,004211987
-0,01764037
-0,0064153
0,01589697
-0,02575865
-0,02942864
0,01935596
0,001132153
0,0291741
0,02820245
-0,02365058
-0,02685323
0,000212413
-0,02946968
-0,02569476
0,02929671
-0,01249924
0,01079431
0,01681595
-0,006467394
0,01950928
0,02362326
0,02717155
0,008554589
-0,02215784
0,001324613
0,01479979
0,007590338
0,01600445
-0,009603
0,01487696
0,01319927
-0,01530636
0,01213545
-0,025342
0,02505889
-0,02843876
-0,01737325
-0,01218583
-0,01742526
-0,01519648
-0,005819425
0,01045113
0,008529074
-0,01053996
0,002066295
0,008479808
0,001563665
-0,02096413
-0,02174893
-0,02863804
0,02760895
-0,004699357
0,02965154
-0,01960404
0,00189519
-0,01492164
0,01550368
0,007954323
0,002554937
-0,0133198
-0,01800168
0,01540961
0,009054591
-0,01654328
-0,006853918
0,01888013
0,01940803
0,02763622
-0,01946891
0,0281341
-0,02471531
-0,007364923
0,004200866
-0,02119833
-0,004816363
-0,01597898
-0,01084545
-0,01153508
0,006543976
0,02410901
-0,01665744
-0,00135645
0,008255916
-0,01154351
0,01714118
-0,01192776
-0,01433744
0,001241219
0,00244382
0,008973425
-0,01414744
0,005114106
0,01525659
0,02585925
-0,027668
0,009176495
-0,02861832
-0,005297993
0,02632746
0,01307846
0,02026968
0,005498958
0,03008229
-0,01946008
0,02650889
0,004930287
0,02139452
0,0208917
0,01640574
-0,01114976
0,02685931
-0,003410851
-0,02926919
0,009016224
-0,0268238
0,01441069
-0,02237522
-0,009632664
-0,002642011
-0,02394989
0,003695149
-0,01278485
-0,00592267
0,001918712
0,01144143
0,0006003286
0,008054061
0,008612503
-0,0242748
0,01640251
-0,01741112
0,02527299
-0,006429937
0,02379612
-0,02677557
0,008484182
-0,0004452319
-0,002432988
-0,007230705
-0,0174248
-0,003191301
-0,004744395
0,01540898
-0,01704826
0,01215078
0,0194321
0,004079139
-0,02500137
0,02061923
-0,01235327
0,00068688
0,01060315
0,0276518
0,02022516
-0,02142908
0,002703947
-0,01857202
-0,00163488
-0,0005078792
-0,003994891
0,02632292
-0,01757496
0,01378069
0,0290124
-0,02363434
-0,02834158
-0,02724655
-0,02213838
0,006720034
-0,003326503
-0,01470636
0,0102009
0,02721656
-0,01563806
0,009025462
-0,02219454
0,002371461
-0,01869009
0,01975796
0,02301204
0,02804074
0,003186566
0,01769715
0,01873034
-0,01471863
0,001519019
0,02810373
0,004588764
0,01503774
0,00178776
-0,002301591
-0,02840478
0,0286722
0,02709613
-0,01382374
-0,01572393
0,01146586
0,01549884
-0,02450481
0,009468695
0,0155462
-0,004701964
-0,00131076
-0,005437254
-0,02827131
0,02098341
0,01346215
0,01373568
-0,01961505
-0,02922734
0,02995725
0,03018751
0,00806406
0,005539519
-0,002236262
-0,007656973
-0,005962772
0,0257924
0,01538171
0,006311646
-0,02524615
-0,001802092
-0,008402145
-0,02686039
0,0279697
-0,01761735
0,01250498
-0,02906414
0,02887205
-0,005501177
-0,002521383
0,01784554
-0,02453216
-0,01964192
-0,02243354
0,001649878
-0,02635478
-0,006691253
0,0164916
-0,005528184
0,01862095
-0,01563325
-0,006086593
0,0140755
0,002116007
-0,002003383
-0,006014594
-0,008538054
-0,001318037
0,0229325
0,0205719
0,01578468
-0,02884285
6,187648E-05
0,003092056
-0,01520708
-0,02754737
-0,005669384
-0,003798751
0,02049833
-0,02208145
0,01189689
0,01441847
0,013419
0,00218613
-0,01896155
0,02273917
-0,004231034
-0,00209928
0,02701774
-0,01134538
-0,02875247
-0,0224773
-0,01050326
0,01655974
0,01970162
-0,02414429
0,009751436
0,001949819
0,0005498939
0,01927578
-0,009212053
0,004003842
-0,02372259
0,006644024
0,01283422
0,0172577
0,005950209
0,006637356
0,02211928
-0,0008115528
0,009511563
0,0268503
0,02704877
-0,014486
-0,02432461
-0,0003886388
0,009585579
-0,02020813
-0,01075437
0,004729118
0,02710367
0,0232704
7,689154E-05
0,002287778
0,01727081
0,004941104
0,009515655
0,01267914
0,01389774
-0,02093836
-0,008059585
0,02088525
0,02436801
0,02840752
0,0156244
-0,0245581
0,006748568
-0,02354037
0,01964494
-0,007018864
-0,014005
0,01759731
0,005581238
-0,004093135
0,008425884
-0,02563953
-0,01808281
-0,02642459
0,01072377
-0,01042221
-0,002873366
-0,001321994
-0,01780757
0,02611968
0,02369462
-0,001539152
-0,02632504
0,0039842
0,01887516
-0,02379314
-0,02313012
0,02402906
0,0237379
0,01211966
-0,02358115
0,01737458
-0,02985081
0,02702018
-0,003008626
0,02834751
0,0217948
-0,0002164028
-0,01046771
0,02431756
-0,01367953
-0,02648927
-0,01598013
-0,02916349
0,02218868
0,01030379
-0,008680633
0,003023615
-0,03215696
-0,01003879
0,01030566
0,02170216
0,006387491
-0,03148133
-0,02575571
-0,01186926
-0,02846887
-0,02906669
-0,01371086
0,01099815
-0,01347137
-0,006334981
0,02741137
0,02556134
-0,00887913
0,02283431
-0,02493216
-0,01401445
0,008209734
0,01439248
0,000685768
0,0276554
-0,01952304
-0,01099055
0,008932794
0,01819769
-0,01752001
-0,02814041
0,01202203
-0,02348338
0,01382359
0,002690153
0,02360995
0,001385181
0,02989062
-0,01702568
-0,0212918
0,02990228
0,02099978
-0,02310225
0,02255418
0,0163852
-0,02193378
0,003025245
0,004495294
0,02167159
-0,02412788
-0,01213088
0,008238762
0,02517948
0,004596904
-0,02588469
0,02381767
-0,01445219
0,02071425
0,01316608
0,01047182
-0,01191447
-0,01216356
-0,015333
-0,02462258
-0,02922974
-0,008409079
-0,01519926
-0,02963367
0,01572596
0,001030489
-0,001979429
0,02685106
-0,02066191
0,01592859
-0,02482202
-0,003959696
0,002415266
0,0214075
0,0136561
0,01837512
0,005780255
0,0126571
0,01546972
0,00968523
0,02349882
-0,00739427
0,01390378
-1,076641E-05
0,006307509
0,00606119
0,006100957
0,009096701
-0,0165465
-0,001289639
0,01594904
0,0074308
0,0005027236
0,02726762
0,01787417
-0,01006704
0,02344682
0,0002474548
0,01579093
-0,0108402
0,009107624
-0,01239469
-0,004087702
-0,0212263
-0,004434512
0,005453511
-0,008105521
-0,007261252
-0,02375439
0,02608582
-0,02317719
0,007783726
0,007189569
0,00791503
-0,01604499
0,00792426
0,01013577
0,01390195
-0,004382657
-0,01849929
0,02591701
0,01848635
0,01434061
0,01128759
0,02840481
-0,001660636
0,02446215
0,003860435
-0,02965621
-0,0105588
0,02266289
-0,027229
0,02306152
-0,006539766
0,02784694
6,413311E-05
0,02432632
-0,0006544639
0,02907116
0,02606073
-0,02082679
-0,02225685
-0,0008853448
-0,01741934
-0,01222918
-0,024838
-0,03202025
0,01879725
0,008637724
-0,02372426
0,01080581
-0,02437719
-0,02881918
0,004538284
-0,007427225
0,01768343
0,004294407
0,01360319
-0,01864263
-0,02990257
0,01558148
0,01984061
-0,003778385
0,01808558
-0,02690325
-0,02817483
0,01402514
-0,01645859
0,01135487
0,01640252
0,0177015
-0,01983583
0,01503719
0,0002657624
-0,02861732
0,01691091
-0,01151945
-0,00124005
-0,00985562
0,01837426
-0,00263017
-0,02866948
0,02183853
0,02076782
0,005670587
0,01152
0,02671498
-0,01603779
0,02487392
-0,02787111
0,02144206
-0,02719237
-0,01690132
0,02533736
-0,02501006
-0,01586084
0,01095476
0,004523308
-0,02464207
-0,01902535
-0,01097253
0,01320463
-0,02404845
0,02153576
-0,01142284
-0,002002377
-0,01013493
0,002098271
0,004643809
0,007511667
0,003143386
-0,02218098
-0,005111553
-0,005848011
0,003922832
0,01399857
-0,0316675
0,006048891
-0,0162514
-0,005763169
-0,02042457
0,001768073
-0,01257757
0,008083832
0,02444885
0,01379059
0,02674021
0,01888875
-0,008395603
0,01257667
-0,02756556
0,008975116
-0,0111186
-0,02486249
-0,005415147
0,01140194
0,02157342
0,02415712
-0,003012107
-0,02970766
-0,01639448
-0,01361302
0,004541381
-0,01680596
-0,005041821
0,007414019
0,003059438
0,0135222
-0,01553706
-0,01239463
-0,0173925
-0,02855522
-0,01217359
0,009130089
-0,03014685
0,01627767
-0,007071763
-0,002619596
-0,03007131
0,005871646
0,003368676
0,00531528
-0,0159971
0,02266943
0,005227143
0,02518236
0,02100969
-0,006594603
-0,02650871
0,02581105
0,02509764
-0,02370898
-0,02239866
-0,01811164
-0,02102616
0,02155473
0,02518962
-0,02838712
-0,02023857
-0,01724131
-0,02277581
-0,0203784
-0,00249052
0,02955214
-0,006474508
0,02673567
-0,01561064
0,0008031901
0,02742155
0,0009527138
-0,01897072
-0,01351082
0,02045266
0,01534847
-0,009936111
0,004009815
-0,03035389
0,008916161
0,00287133
-0,005493999
0,01545784
-0,02651582
0,00613397
-0,01257188
-0,006795776
-0,02766137
0,02252829
-0,02383436
0,001068732
-0,01942903
0,02394396
-0,005785717
-0,007935105
0,0191273
-0,0003232503
-0,003575291
-0,02130942
-0,01315486
0,0006954884
0,01286605
0,01364648
-0,01119276
-0,003797181
0,002837402
0,01411496
0,006867922
-0,01357298
-0,009418887
0,01817988
0,00286153
0,01773664
-0,01752542
-0,006723864
0,00959437
-0,005538811
0,02703557
-0,002160399
-0,02822186
-0,003685183
-0,02077887
0,02423914
-0,03026718
0,02501993
0,01059891
0,001667219
0,01423845
0,02005954
-0,03494323
-0,0202479
0,01994253
-0,009978927
0,008043898
-0,02822341
0,01666076
0,01009086
-0,006951125
0,008394526
-0,0274242
0,00493037
0,01642781
0,02116827
0,00617796
-0,008337917
-0,02946366
-0,004586217
0,01430226
-0,02783696
0,01314242
-0,004023314
0,005653328
-0,02938606
-0,02371883
0,01841084
-0,00982622
0,0175813
0,01278958
-0,005886859
0,01340011
0,02968443
0,02990529
0,01138949
-0,01417164
-0,02493683
0,0217454
-0,02464358
-0,02892103
-0,02948752
-0,003025186
0,01982991
0,02097555
-0,02011663
-0,0145025
-0,009291737
0,00301521
-0,01815319
-0,01646631
0,00199916
0,01749806
-0,02263726
0,009497732
0,002332235
-0,02971995
-0,005946081
0,001548297
0,02218313
-0,01776373
0,02020841
0,01468123
-0,02978823
-0,03122533
-0,03198163
-0,03270104
-0,02366535
0,008874361
-0,02192723
0,008849221
0,002871943
0,002926641
0,02877666
-0,005660174
0,0127125
0,00591772
0,02395139
0,004370863
-0,005222674
0,01348744
0,01458405
-0,01928533
-0,02599825
0,0007236526
-0,02335861
0,002487947
-0,00143411
-0,01858787
-0,01181025
0,0009095835
0,01274227
-0,003036096
0,02579331
0,01571733
-0,02511716
-0,01895024
-0,01163574
0,01176895
0,01267571
-0,02603081
-0,02911203
0,005526546
-0,01023482
-0,00237402
0,004113731
-0,03670612
0,0166845
0,01375329
-0,03351375
-0,03631394
-0,02251004
0,02059597
-0,02252834
-0,0221863
0,001377318
0,01411095
0,01415972
0,005280763
0,02664899
0,003413694
0,004289091
0,02809803
-0,006408158
0,01104544
0,02755215
-0,02247013
0,008954213
-0,01653588
-0,007905632
0,001524379
-0,01465125
-0,02191581
0,01833936
-0,01468456
0,006796165
-0,02666104
0,01567771
-0,001001846
0,01669586
-0,02678339
0,008849976
0,0103603
-0,02027105
-0,0166147
-0,01542825
0,01318915
-0,02056427
0,01060397
-0,02329389
-0,01542994
-0,008603545
0,007622598
0,01015105
-0,02648898
-0,004888092
-0,03066973
-0,01883197
0,007706876
-0,0001742291
-0,004086896
-0,01546449
-2,74463E-05
-0,008103928
-0,002191034
0,01648734
-0,02560201
-0,02260457
0,02910183
0,005328824
0,002510324
-0,02778162
-0,0122892
0,01951951
0,02590661
0,02494732
0,02413249
0,02176553
-0,01961243
-0,003115733
-0,01655765
0,02719812
0,02719685
-0,02640788
-0,02532325
-0,02408315
0,002982736
-0,008010317
0,005362059
0,008526292
-0,002981777
0,01499271
0,02832615
0,02093585
-0,01779823
0,01059189
0,02804396
-0,01829756
0,00416935
-0,01012555
-0,03002756
-0,003072944
-0,02651033
-0,03434095
-0,002695218
-0,02501491
-0,03196829
0,01707901
0,01318353
-0,02358395
0,001912783
-0,02448942
-0,03112972
-0,01808156
-0,01267742
0,004377672
-0,006782885
0,003808426
-0,008513168
-0,005052219
-0,01158687
0,01764524
0,004839281
-0,0110568
-0,02120517
0,01831167
-0,02814087
-0,002689843
0,007128237
-0,0166346
0,02641133
0,0124265
-0,01430276
0,01681741
-0,007785087
0,01143319
0,01526104
0,02155962
-0,002476225
0,01880433
0,02706319
0,007805184
-0,001623906
-0,01083657
0,02898485
-0,02057241
0,005276728
0,01023244
-0,005990116
0,0009661462
-0,02240853
-0,01191652
0,01216722
-0,03220103
-0,03266859
-0,02419205
0,01553125
0,013848
0,01344951
0,004189859
-0,02912069
0,001165152
-0,02454184
0,001268777
-0,01594994
0,02551677
-0,03035548
-0,01116999
0,02512587
0,01049114
0,02309662
0,005657005
-0,02151034
0,002008605
-0,0003273357
0,009224259
-0,01235691
-0,01482786
-0,01030011
0,0270882
-0,01873874
-0,007711144
-0,02964917
-0,02881755
0,0294751
0,004322182
0,02200145
-0,0231743
0,009461946
-0,02643424
0,01172621
0,01804631
0,02471777
0,009147843
0,008050861
-0,01522407
-0,00955673
0,02043228
0,02544292
-0,03562466
-0,02819764
-0,02190256
0,005448217
0,002050741
0,002390739
-0,001553101
-0,02758888
-0,02183855
-0,004107826
-0,01527535
0,01715348
0,0003121243
-0,00592402
0,0229819
0,0009549301
0,01580037
0,007590035
-0,01690891
0,007650409
0,01231631
-0,02457166
0,02422456
0,01014584
0,02033623
-0,03046996
-0,02825692
0,01006458
-0,001569287
0,02411889
-0,01668256
-0,01334836
-0,002917111
-0,01446443
-0,01143885
0,01622432
0,02745142
0,00801456
-0,01265632
-0,01192342
-0,01287667
-0,0100005
0,0006427556
-0,004077332
-0,01759563
-0,02703177
0,02646187
-0,01665439
0,02215851
-0,03111749
0,01066453
-0,001933783
-0,02959822
-0,0270831
-0,02622419
0,01458801
-0,02427967
-0,006659882
0,01108142
0,003441217
-0,0006273467
0,02000194
0,006992608
-0,01333413
-0,01060302
-0,02552505
-0,001061327
-0,005644233
-0,01665894
-0,0185972
0,008015034
-0,01881483
-0,006497329
0,02663576
-0,01038406
-0,004848137
0,003804335
-0,005069601
-0,003229283
0,0182943
-0,02813984
0,01482895
0,01494348
-0,006289038
-0,02552324
0,008103929
-0,02034402
-0,01451687
-0,02812207
-0,006269238
-0,00184978
-0,008946087
0,01287483
0,001843229
0,008400871
-0,01204974
0,002094166
-0,02649452
-0,03082054
-0,03125974
-0,005608107
-0,003831254
-0,03311894
0,003387194
-0,0143388
-0,002858445
-0,027564
-0,02998733
0,01298417
0,007091677
-0,01986869
0,0150599
-0,03007204
-0,03475588
0,003051472
0,01997909
-0,01934805
-0,01170187
-0,01128017
0,01534171
-0,03274783
-0,01349226
-0,005500785
0,02013982
0,0127842
-0,01560476
-0,005287526
0,01841368
-0,01324201
-0,02953742
0,02176797
-0,002503794
-0,007881211
-0,008295731
-0,01345491
0,001067402
0,01247857
-0,02824126
0,02765627
-0,003521567
-0,00409395
0,02742933
-0,007754348
-0,01723844
-0,03018672
0,003247124
-0,01861252
0,009804063
0,02201553
0,01146732
-0,0287833
-0,02109189
0,01105956
-0,02102179
-0,03401262
-0,02739265
-0,03531957
-0,03213264
0,01781155
-0,03161388
-0,03047782
-0,0167729
0,01560976
0,01164043
0,01965559
0,01863118
-0,005213551
0,01292888
0,01747387
-0,02365295
-0,02040434
-0,01930877
-0,006856526
0,02273877
-0,01005041
-0,02963768
0,02277728
-0,01881712
0,01593233
-0,02570209
-0,03001147
0,01444046
0,02397425
0,002095115
0,02653565
0,009376351
0,01172046
-0,02492462
-0,01356472
-0,02847295
-0,005583767
-0,001606398
-0,02885159
0,01492021
-0,01745604
-0,0300231
-0,02748822
0,002670136
-0,01364663
-0,02030781
-0,02304657
-0,004560041
0,02088924
0,009591559
-0,007622777
0,01289698
0,009194877
0,01080735
0,01353626
-0,03916811
-0,01968453
0,01594819
-0,01276502
0,01683456
-0,02628518
-0,008465081
-0,005688179
-0,01065861
0,02485401
-0,01491435
-0,02234409
-0,007540461
-0,001728188
0,01425994
0,01182305
0,01145286
-0,02187821
0,006096587
0,006826284
-0,01337478
0,02512948
-0,01031936
0,02374498
0,003363301
0,0259541
0,0007373132
0,02013133
-0,02166035
0,03030811
-0,02645555
0,01960052
0,01654224
-0,02317104
-0,01991927
0,01026742
-0,000896976
-0,02661541
-0,02164865
0,008207594
0,01832002
0,0003251462
0,009206314
0,004560026
-0,03735788
-0,03831519
0,005372339
-0,03706764
-0,03084825
-0,04019686
0,005416711
0,001324418
-0,02906703
-0,023559
0,00134498
-0,02705574
-0,03569917
-0,03494474
0,02045869
0,02637553
0,005496354
0,003069967
-0,008491646
-0,008340441
0,02129476
-0,004951704
-0,008808233
-0,01611655
-0,01410166
-0,02810111
-0,01823087
0,006111426
0,02911242
0,02933441
0,01735277
0,01459979
-0,01741969
0,0106776
0,02231778
-0,0008199668
-0,02090274
-0,000235446
0,010713
-0,0256983
-0,02332013
-0,01100179
0,007266535
0,001150595
-0,004697302
-0,03196993
0,006878893
-0,004378755
-0,02377446
-0,02461584
0,02166229
-0,02623841
-0,02851627
-0,02108641
0,009695603
-0,005307558
-0,0005867713
-0,01304136
0,002877738
-0,0341118
0,01334316
-0,02203792
0,009484246
-0,02038044
-0,00320523
0,02244611
0,02483599
-0,01240635
-0,02296842
-0,008633077
0,01489811
-0,02361319
0,0246162
-0,01321311
-0,0177442
-0,0003799345
0,01630891
0,01774484
0,01630069
-0,01674663
-0,009312294
0,01074564
-0,007296876
0,01566087
0,03004008
0,003008015
0,002265533
0,02059571
0,020045
-0,01572834
0,01544385
0,006137344
0,01238954
0,003103393
-0,01963142
0,02132112
-0,0002872296
-0,01284037
-0,03446542
-0,006032474
-0,03141701
-0,01741668
-0,01885854
0,0117624
-0,01607071
0,009331938
-0,02252246
0,009351959
-0,03491534
-0,01841776
0,01635564
0,02022117
0,01069915
-0,002594259
0,01529646
-0,02099532
0,02036018
0,02958838
-0,01864233
0,02655784
-0,00759138
-0,0229825
-0,0005038384
0,02348261
0,002971751
-0,02222492
-0,009977922
-0,01255929
-0,02692937
-0,01230171
0,02332661
-0,0116655
0,01180095
-0,01957654
-0,02413021
0,02743001
-0,01355462
-0,0007049173
-0,01251608
-0,02599906
-0,02162266
0,005909501
0,008529683
-0,002977986
-0,008239033
0,0176915
0,01915818
-0,02043951
0,01290855
-0,03531187
-0,03575879
-0,002704896
-0,02935625
-0,0337929
-0,0315999
-0,04192505
0,01231383
-0,0119055
-0,02225281
-0,02108927
-0,002838642
-0,03517862
0,01802937
0,02133442
-0,003402457
-0,0003638125
-0,0194128
0,003561354
-0,006716204
0,01669865
0,02290126
-0,008568839
0,00870715
-0,02400852
0,01321436
0,01380404
-0,006611041
0,02882486
-0,002086987
0,008672017
-0,01744515
-0,02776711
-0,004423339
0,02897875
-0,01624264
-0,01484738
-0,02511576
0,0005090085
0,0284273
-0,0264488
-0,02836011
0,01519668
-0,0229646
-0,03291384
4,475542E-05
-0,02608932
0,01057208
0,01453801
-0,03559476
0,0154343
0,001468126
-0,0205285
0,0109829
-0,03834223
-0,03309238
-0,002316805
0,01576413
-0,03373521
-0,01197558
-0,01101344
-0,001049975
0,01761223
-0,0305487
0,008620686
-0,02589626
-0,004086
0,004906972
0,02207699
0,005270896
-0,01843036
-0,002890501
0,01036343
0,004150714
-0,01248035
0,01124259
-0,02474217
-0,01882832
0,008425988
0,002534155
0,003215556
0,02523259
0,001628652
0,0252446
0,004463464
0,02685338
0,02115431
-0,02132837
-0,008457119
0,01856519
0,003062297
-0,01331064
0,02523197
-0,02966641
-0,003543692
-0,005999418
-0,0248327
0,01021627
-0,003655352
0,01815426
-0,03109998
-0,005711961
0,01870429
-0,02521787
0,01063686
-0,01402993
-0,03907688
0,00508592
-0,003204871
-0,01634271
-0,03412874
-0,007651516
-0,01589097
0,0005468756
0,02051121
0,004337775
-0,02570866
0,02698774
-0,003280739
0,01296236
-0,01580865
-0,009787301
-0,01518366
-0,0269744
-0,02921147
0,02425165
0,0008970884
0,006139934
-0,02571077
0,01959005
0,0002450196
-0,01071723
0,01076498
0,01290886
-0,002755368
0,02986836
0,02808571
-0,01526808
-0,02798931
-0,02105712
0,02440978
-0,02777937
0,0007189317
0,02552559
0,008469306
-0,03025675
0,02441671
-0,01284275
-0,02340346
0,02172332
-0,01222397
-0,02510637
-0,02082956
0,007771879
0,0009143033
0,004400386
-0,0228163
0,01078474
-0,02671934
0,01982485
0,01668826
-0,009246734
0,006989297
0,0113225
0,02144023
0,01578832
0,01728463
0,006077005
-0,0252981
0,02274345
0,00560568
0,01952915
0,02574021
-0,01417444
0,01685239
-0,02119586
0,01728323
-0,01364106
-0,009606982
0,02721214
0,02684795
-0,02097539
-0,005437497
-0,02200998
-0,003697078
-0,01112556
-0,02921808
0,02399657
-0,02877349
0,01452194
0,01213006
-0,0272594
-0,03264293
-0,02673176
-0,0178277
-0,003006758
-0,01045006
0,01222897
-0,02986128
0,02189896
-0,01990161
-0,01663524
-0,02094257
-0,02050214
-0,02068448
-0,01102545
-0,02624254
-0,04242042
0,01884614
-0,006736942
0,01890794
-0,03599534
-0,002360096
-0,01705633
-0,03013312
0,01279102
-0,03187602
0,001493552
-0,01219756
0,002891382
0,01433566
0,02453343
0,003421013
-0,008836193
-0,01915797
0,0008047427
0,020358
0,02093318
-0,02811869
-0,01294887
0,01742136
-0,02985452
-0,01916584
-0,005788931
0,01107167
0,00594099
0,02502611
-0,02344282
0,01781841
0,02628312
-0,02619449
0,03092583
0,02574735
-0,0001181646
0,01589479
0,005622105
0,0007874274
0,009930531
-0,02717699
-0,003341357
-0,004224668
0,01294792
-0,009210538
-0,006144635
-0,03007895
-0,02249482
0,004106679
0,0129461
-0,0381254
0,008764098
0,003501742
-0,01267406
0,02497823
0,009787549
0,0115943
0,02314975
0,01867874
-0,0270737
0,003628186
-0,005313451
0,02221054
0,0225637
0,0145256
-0,005127227
-0,0003434354
0,01692008
-0,03013991
-0,02731682
0,004147393
0,002463176
0,02934556
-0,02231453
0,01696736
0,00124787
0,01628061
0,02792844
0,001038665
0,008840973
-0,01609471
-0,008762532
0,01963509
-0,03024041
-0,02899659
-0,03083349
-0,01896892
0,006941645
-0,03194781
-0,02078894
0,01217716
0,0167307
0,01299481
-0,01255047
-0,02907846
0,002134823
-0,0001045572
-0,0009090199
-0,03550637
-0,03910234
-0,04126153
-0,0175553
-0,01841459
0,005481076
-0,01635162
-0,0005582254
0,01680751
0,0005219661
0,004294409
-0,004889447
0,02474842
0,01586696
-0,005804915
-0,01960835
0,02182641
-0,01614558
0,005536031
0,02133599
0,02103506
0,0135428
-0,01960076
0,02044987
0,01512418
0,01762303
-0,01419069
0,01251934
0,01324988
0,002457473
-0,03075216
-0,0237115
0,0222073
-0,02332696
0,02260196
-0,002757272
0,007607824
0,01991178
-0,03054781
-0,02453007
0,0122526
-0,002900088
-0,0237893
0,003482854
-0,03423656
-0,0009428569
-0,02023988
-0,03793301
-0,01192827
-0,00475679
-0,01069708
0,009610052
-0,03815463
0,008238831
0,01020754
-0,01609426
0,01941193
-0,02276708
0,003897734
0,0002334748
-0,00440366
0,005388496
0,01929007
-0,01474174
0,003143228
-0,0009363785
0,002321571
0,01487297
0,02331375
0,02598424
0,003324578
-0,03016273
-0,01838576
-0,00114678
-0,02125992
-0,008683964
0,002769898
0,001315135
0,01739356
-0,02226327
-0,003120005
-0,0166757
-0,01796009
-0,02541022
-0,02986109
-0,0225557
-0,02592449
-0,02555637
-0,008168667
-0,0008969848
0,003307672
-0,0072661
-0,02469844
-0,009301247
0,0006287235
-0,03319012
0,001298676
0,01830813
-0,03568354
-0,008081404
-0,04229521
-0,008857293
-0,03289878
-0,007789203
-0,03474044
-0,003766526
0,004969547
0,001612374
0,006401014
-0,008755095
0,01635657
-0,00923136
-0,005305246
-0,001197837
-0,02654229
-0,01729594
-0,006866469
0,01283217
-0,01619793
-0,005275534
-0,006077501
-0,001988153
-0,007053805
-0,008760445
-0,01012193
-0,02379096
0,01753181
0,01234758
0,01784356
-0,02852204
0,01089222
0,004183102
-0,008385898
-0,01823133
-0,0242762
0,02741778
-0,02254359
0,008923227
-0,02919133
-0,003224965
-0,007078434
-0,004002236
-0,01162003
0,01726276
0,006398832
-0,02412112
-0,03682202
0,005428567
-0,01476156
-0,01496577
0,0004635817
0,01640283
-0,0002886227
0,002046134
-0,02822137
-0,001061532
-0,02783721
0,01583671
-0,01983609
0,02493676
0,0135899
0,02737925
0,01513083
0,005800735
0,01522902
-0,01728612
0,02831939
-0,02139396
-0,008905689
-0,02336399
-0,02424567
0,01313044
0,01187785
0,0146174
0,0277345
0,02400675
-0,02732205
-0,002599359
0,007840815
-0,02528098
-0,02912259
-0,0298759
-0,01679585
-0,01096838
-0,009347295
0,01478762
0,02594328
0,01018367
-0,02877408
-0,002059528
0,01167626
-0,01583037
-0,008897839
-0,03411465
0,007514521
-0,007825697
0,004421704
0,009249882
-0,02993983
-0,01195381
-0,02565266
0,01566838
-0,01760858
-0,02037743
-0,01446068
0,02533689
-0,02005262
0,02596741
0,01024744
-0,01944747
-0,002222533
0,01062454
-0,02284543
-0,02244189
0,0268076
0,01205925
0,01158386
-0,006703938
-0,01625
-0,0291261
-0,01276847
-0,01348173
-0,02535856
0,01851866
-0,01009153
0,01784925
-0,01302865
0,008524025
-0,03066353
-0,003285689
-0,02332993
-0,01953516
-0,01719073
-0,02469094
0,02053483
-0,02334627
0,008971211
0,02572827
0,0277127
-0,01248894
-0,005624242
0,02267429
0,02227405
0,01425776
-0,03592438
-0,03388258
-0,02897106
-0,01793326
-0,03225085
-0,03923875
0,00527238
-0,01853415
-0,007694606
-0,03259946
-0,02604122
0,02383953
0,01360049
-0,0001716099
0,02542024
-0,0005574382
0,008122862
0,005915032
0,02752012
-0,01268114
-0,02211458
-0,01206961
-0,002616634
-0,0290347
-0,01416709
0,01706751
-0,02768008
0,01597973
-0,004699244
0,02238126
0,003293868
-0,008845681
-0,009870712
-0,0142838
0,01684143
-0,01574923
0,006521384
0,02650593
-0,0008430865
0,02727593
0,009130804
0,01465729
0,005804098
-0,02794769
0,02196701
0,01875488
-0,01386739
-0,0283155
0,0252722
-0,008894142
0,004987184
0,0214912
0,02351887
0,00160458
0,00319975
0,003560202
-0,003478274
-0,03221258
-0,03820902
-0,02377867
0,01873508
-0,03720656
0,01984876
0,007665525
0,003436737
0,01792184
0,00492728
0,001329921
0,01799621
0,0142851
0,0277137
0,01554021
-0,02460306
0,02930036
0,006561152
-0,009434219
0,01060495
-0,006944858
-0,02309631
-0,006620289
-0,001271201
0,02904224
0,01941722
-0,03022003
-0,01846138
0,01043439
-0,01117028
0,007813586
0,002624776
-0,03000738
0,007956013
-0,002393773
0,02255615
-0,02051975
0,02682492
0,004290638
0,01662755
0,02172578
-0,008070176
-0,03200642
-0,02211778
0,01104586
-0,02088537
-0,0280013
-0,0128563
0,0134402
0,00508752
-0,04378611
-0,04064497
-0,02107783
-0,03686812
-0,02446272
-0,03485084
0,005084262
0,01733264
-0,0314259
-0,01834593
0,02434189
-0,00222755
0,02485012
0,0006909705
0,028209
0,02836294
0,0152925
-0,02332388
-0,001146907
0,02269227
0,02411732
0,02998232
0,02796843
3,61199E-05
0,01706407
0,02692875
-0,02550454
-0,02130427
0,01167655
0,01051447
0,003502667
0,0009578917
-0,01337624
0,02343072
-0,01054154
0,004959677
-0,01793774
0,02659358
-0,01120225
-0,008731795
-0,02333024
-0,01486121
0,02468617
-0,006559813
0,0221643
-0,01275993
-0,01163832
-0,008359855
-0,02304872
0,002271238
-0,01294427
-0,03628867
0,02028177
-0,03555299
0,01544061
-0,03643872
-0,031002
0,01507772
-0,01527542
-0,0127912
0,02380085
-0,0008290311
-0,02358444
-0,01203828
0,006195525
-0,006949396
-0,01721418
-0,02845142
-0,01991443
-0,00876925
0,01365403
0,01659139
0,01357145
-0,02763952
0,01068643
0,005103943
-0,02941926
0,00101057
0,003391652
-0,007687507
-0,006939866
0,001291396
0,02446797
0,02484383
-0,02026093
-0,0006343539
2,869803E-05
-0,01867489
-0,03376799
-0,01513556
-0,003250018
-0,01144837
0,007393938
-0,03073687
-0,006082274
0,003335607
-0,02876979
0,003816716
0,01290939
-0,009354962
-0,03297953
-0,01097236
-0,01784991
0,01816104
-0,03406994
0,00752242
-0,01434787
0,02243277
-0,01051654
-0,01343996
-0,03343225
0,002099648
-0,01606582
0,02188398
0,02267671
-0,00666412
0,006041513
-0,01856971
-0,02314001
-0,02434627
0,0216672
0,02761688
0,03018243
0,02020068
0,02084347
-0,01056563
-0,02670328
0,008276614
0,003348994
0,02891696
-0,008126729
-0,01245441
0,01050333
-0,02729939
-0,01846677
0,0255896
-0,02108171
-0,03241557
0,01893291
-0,005835549
-0,02455092
0,001578334
0,0195456
0,009215804
-0,02063636
0,01610597
-0,02936091
0,01186629
-0,02708052
-0,03704277
-0,03884385
0,01815749
-0,006586855
0,005860672
0,004404909
-0,02305079
-0,00612165
-0,0008913375
-0,02956445
0,01183279
0,006794172
0,0135162
-0,007856777
-0,008017656
0,02434648
0,01045419
0,02263816
-0,01858513
0,009906915
0,0283368
-0,01619841
0,006260451
-0,01128009
0,009601799
0,0281173
-0,01421443
-0,02754726
-0,01453829
-7,061457E-05
0,02443676
-0,02071264
-0,01861658
-0,006525566
-0,003263243
0,02406154
-0,008063489
0,01257457
0,02474036
-0,007201804
-0,03228223
-0,007733804
0,005985119
0,02428703
-0,02682007
0,01021756
-0,01624326
-0,02753272
-0,00765015
0,01056209
-0,00318816
-0,03793725
0,01705196
-0,03396638
-0,02748994
0,01490778
-0,009757089
0,0058417
0,02246898
0,01446749
-0,00893956
-0,0238098
-0,01762733
-0,03014611
-0,0207237
0,002591644
-0,004240246
-0,01191081
0,02316695
-0,001564917
0,001586597
0,02725319
0,0266112
0,01882381
0,008847841
0,002672507
0,004731647
0,008971385
-0,02199038
0,02182337
0,00336157
-0,02804864
0,0009561719
-0,003070723
0,0207402
0,02025604
-0,01916695
-0,02903952
-0,02161329
0,007549874
-0,00765352
0,009763954
0,01671476
-0,02354437
0,02440418
0,01603819
-0,0252311
-0,0005408997
0,009310947
-0,002285428
-0,01933045
-0,03482667
-0,02416451
-0,03804266
-0,01998906
0,004128829
-0,03073739
-0,02778334
-0,003304478
0,01043487
-0,01543881
0,01799639
0,00101717
-0,02884194
-0,01896849
-0,01056774
0,008378861
0,01685056
-0,0222941
-0,01064148
-0,009302774
-0,006391678
-0,02141378
-0,01476967
-0,02763743
0,01875973
-0,02353923
0,01564186
0,01902882
0,0167399
-0,008128411
0,02763299
0,02213362
0,001523514
0,0006961359
-0,001903746
0,01370035
-0,003871901
-0,02327253
-0,02181961
0,009027526
-0,03204022
-0,002794511
-0,006225882
-0,01197189
0,0007788365
-0,02495783
0,009782999
0,01909771
-0,001114641
-0,02649782
-0,015629
-0,01494578
-0,01174815
-0,02113027
0,0224533
0,01933403
-0,03208513
-0,03412622
-0,003459039
0,002168234
-0,01131788
-0,01121071
0,01406374
-0,008457668
-0,01103267
0,02940256
0,03111456
0,001477258
0,01270219
0,005985646
-0,0185956
0,008145558
0,02850608
0,006743726
-0,01433296
0,02177758
0,01019399
0,02346181
-0,003872895
0,006819744
-0,01103337
0,01655381
-0,02059837
0,003404107
0,0242875
-0,001732979
-0,008819357
-0,01482807
0,001509801
0,001023361
0,007156599
-0,007432722
0,003060662
-5,049587E-05
-0,01589897
0,007846303
0,007060521
-0,03414158
-0,03738498
-0,003535629
-0,02946041
-0,02558908
-0,02394301
-0,03547093
-0,03540941
0,01129044
-0,003857149
0,0180783
-0,03489009
-0,0275768
-0,01568102
-0,02083446
0,002477658
0,02139299
-0,01420664
0,004872258
-0,02007778
-0,02109635
-0,004751341
0,02099412
0,006874566
0,0136682
0,02771181
-0,0195813
0,02535236
0,01520937
0,02870267
-0,007679676
-0,01385427
-0,0003962592
-0,02712567
0,002419884
0,01671005
0,01848965
-0,004620711
-0,0284215
0,001910306
-0,02317602
0,00225659
-0,02272956
0,02537923
-0,003402944
-0,02086929
-0,009711466
-0,0216062
-0,009043649
0,01213984
0,006156315
-0,02025805
0,006707925
-0,00341016
-0,003493017
0,001105596
-0,02635489
-0,03619535
-0,008571648
-0,01634876
-0,0297788
-0,02688075
-0,01794812
0,01912703
-0,02078745
0,005966439
-0,0007650128
-0,02862302
0,01354738
-0,007369765
0,01431114
-0,003991857
-0,01672192
-0,0263204
-0,0274056
0,007880089
-0,01235372
0,02414698
-0,02391227
-0,002221049
-0,000819748
0,02411394
-0,006101864
0,02101635
-0,02201315
-0,03112926
-0,0006529796
0,02335139
-0,005453916
0,02167895
0,005846477
0,01763979
0,02682476
0,00865238
-0,008884093
0,02361233
-0,02137897
-0,01996446
0,01039148
0,01411734
0,005780008
-0,01222869
-0,004924499
-0,03247059
-0,03414666
-0,01812199
-0,03439168
0,002553162
-0,004521919
-0,03588741
-0,00933445
-0,01505462
0,02108238
-0,03041965
0,01931382
-0,0196977
0,01363706
-0,00646895
0,009265726
-0,02349317
-0,02544526
0,005231246
0,006055295
0,02282791
0,0181785
0,02602921
-0,0006774981
0,0001256328
0,00650742
-0,02631711
-0,008837719
0,02790549
-0,02722238
-0,02132969
0,01009468
-0,03066641
-0,0120814
-0,01458893
0,01376614
0,01744097
0,02392505
0,01870694
-0,01078824
-0,006713688
-0,006026527
-0,01947019
0,0203497
0,01884161
0,01469897
-0,02584495
-0,02415368
0,01356936
0,001616347
0,0005885964
0,009220832
-0,02824827
0,01350459
0,004512359
-0,01904727
-0,02319145
0,01852516
0,001985928
-0,02951136
-0,002491748
0,00885337
-0,00495859
-0,017511
0,0121523
-0,01065806
0,01770304
0,02196901
-0,003893649
0,008842369
0,02039659
-0,01803433
-0,01485298
-0,01735188
-0,01985482
-0,005407742
0,001992623
-0,03047671
0,002055781
0,006916794
-0,0114308
0,01465805
-0,003924489
-0,01397539
-0,006100571
-0,008687357
-0,0006666301
-0,02066207
0,006897908
0,02593226
0,0001024393
0,02242888
-0,01672129
0,009185138
0,01303978
0,006081077
-0,03861238
-0,0384604
-0,02845769
-0,001356043
-0,03449806
-0,01655316
0,01050773
-0,02559666
0,01282093
-0,007314776
0,000459586
0,02403083
0,004977854
-0,01698933
0,01601115
-0,01975907
-0,01020072
0,02881796
0,014574
0,01152958
-0,0193048
-0,02277131
0,01931821
-0,007790098
0,01859879
0,004821356
-0,01761742
-0,002058764
-0,02447449
0,02344519
0,02403158
0,0005889982
-0,01005779
-0,007177417
-0,009606035
-0,003217815
0,01629198
0,02370789
-0,001131047
0,02172272
0,02558858
-0,02013987
-0,007392188
0,02174854
0,01324084
-0,001329222
-0,002917115
-0,01588747
-0,02984616
-0,01810291
-0,002058319
-0,02071739
-0,04212661
-0,02835406
-0,004627559
0,01233649
-0,02884955
0,01108332
0,01453748
-0,003961364
-0,0218831
-0,0116878
-0,02430569
0,02803074
0,004750237
-0,02586447
0,009193964
-0,01419522
0,02429379
-0,01210094
-0,007033431
-0,004858647
-0,001753413
0,01996188
0,01510548
0,02666468
0,009134325
0,02330233
0,00566138
-0,01505258
-0,02900118
0,0205592
-0,01351311
0,01378033
-0,01648166
0,002087642
-0,002569802
-0,02426657
0,01661147
-0,005887531
-0,01703007
0,0255159
-0,02882273
-0,03558947
0,00728669
-0,001413069
-0,03188232
-0,005534831
-0,01602937
0,00220553
0,01710032
-0,02236893
-0,01316557
0,01139233
0,02142563
-0,02988313
0,00993083
-0,0300715
-0,01011983
0,00361428
-0,01723853
-0,01170437
-0,01717661
0,003479727
-0,00161207
-0,007510068
-0,02422901
-0,005947439
0,01036808
-0,02991766
0,0050035
0,0007124998
-0,002135586
-0,002727789
-0,02904605
-0,005854832
-0,01167601
-0,002681776
-0,02194104
-0,01943417
0,02103649
-0,02208247
0,001352757
0,02286936
-0,01169099
0,01210075
-0,009038241
-0,007001516
0,01456351
-0,03284153
0,0103575
-0,01380941
0,008434194
-0,02669034
-0,02389647
0,02306436
0,006822476
-0,006852579
-0,005968054
-0,01877029
-0,009420784
0,002057375
0,008785084
-0,02202298
-0,03323238
-0,01744472
0,0101776
-0,04154591
0,0147193
0,0004451159
0,02018522
-0,01078599
-0,03191639
-0,01909423
0,01690815
-0,02103622
0,02037962
-0,009421357
-0,01725556
0,01551389
-0,02837773
0,01068187
0,007890687
0,009264822
-0,01301264
-0,01423272
0,01696164
-0,01086301
-0,01349929
-0,02503162
0,009992237
0,01682276
0,0254797
0,01808239
0,008932015
-0,02320331
-0,01268879
-0,0200511
0,01573434
0,021927
0,02171397
-0,01229722
0,000164504
-0,02180691
-0,02745892
-0,0161851
-0,02065124
-0,01252644
-0,01692456
-0,03691061
-0,03032044
-0,0176812
-0,02392229
0,003671582
-0,02189002
0,0092644
-0,03664865
-0,02853833
-0,03316927
0,01570195
0,003037247
-0,005403146
0,008957117
0,01213717
0,02216896
-0,02244521
0,0003831095
-0,01751997
0,004060647
0,01126589
0,02028245
0,006783607
0,00259618
-0,01145598
0,02095049
0,009297887
-0,02562348
-0,004194128
0,002864711
0,028336
0,02927677
-0,01112329
0,0283646
-0,01835453
0,02628633
-0,01541229
-0,003092305
-0,02385855
-0,001316393
0,0206076
-0,02828883
-0,02455464
-0,02425294
0,02417011
-0,01811902
-0,01198814
0,001601533
0,01400709
-0,01479856
0,02357633
0,01472041
-0,03454476
0,01148757
-0,002624089
-0,02823626
-0,008386059
0,01256403
0,02047552
0,02074359
0,00401841
0,009649782
0,003027463
0,0006396243
-0,03027068
0,02071054
-0,01094881
0,003103957
-0,0008917695
0,01777426
0,007373902
0,008910567
-0,01001499
0,01303152
0,01303034
0,006927532
0,01048858
-0,00453733
0,004460581
-0,0279724
-0,003886226
-0,02794854
-0,01440476
-0,02219195
0,00305284
-0,02504393
0,02311593
-0,005974223
-0,01322826
-0,03083564
-0,008186031
-0,007322229
-0,002333916
-0,02161364
0,01757204
-0,02818234
-0,009637984
-0,004217214
-0,02978614
-0,02814458
0,02429196
0,01751018
-0,03609309
-0,04247307
-0,00145501
-0,01993537
-0,009890149
-0,01888664
-0,03124584
-0,03755103
-0,004514412
-0,02922834
-0,0195369
0,01970917
-0,004076621
0,004301659
-0,001796623
0,001069848
-0,02773061
0,02690953
0,02624693
0,02225962
-0,01736169
-0,00141803
-0,006439044
-0,01822437
-0,02371296
-0,02386146
0,02083376
0,007580535
-0,01863751
-0,02180803
-0,00977497
-0,003410939
-0,02727668
0,001741682
0,02388317
-0,01708309
-0,005440349
-0,01738138
0,003320451
0,001352495
-0,01800535
-0,01837319
-0,004026993
-0,01798143
-0,02637449
0,00130344
0,007597794
-0,02275568
-0,004705561
0,01355612
-0,01280591
-0,03471379
-0,03143143
-0,03435885
-0,0002094585
-0,003974882
-0,001581065
-0,008895483
-0,02527435
-0,01229315
-0,007845258
-0,004843082
0,01750838
-0,008032225
0,01638234
0,01878372
0,02360918
0,02787204
0,01227737
-0,01508406
-0,02432279
0,02071704
-0,007537985
-0,007554984
0,005196452
0,02574395
0,02850953
-0,02421688
-0,02629455
0,0005939698
-0,006780886
0,005414086
-0,0316525
-0,01453825
0,008154558
-0,01829943
-0,01404933
0,02710991
0,02116952
-0,01522495
0,005864239
0,0254687
0,02462643
-0,02544772
-0,03421506
0,007952358
-0,01013836
-0,03157786
-0,008116107
-0,01868524
0,005246978
0,008376415
-0,008120111
-0,01837301
0,009839252
-0,00147061
0,006459541
0,009260481
-0,007145138
0,009642641
0,003764661
-0,003058472
-0,008161966
0,0112127
-0,02993558
0,02405748
0,001751186
0,002922592
0,0157452
0,004494372
0,002948927
0,02423588
-0,02707253
-0,005725246
0,006474298
-0,0226559
0,02081948
-0,01725563
-0,009873739
0,0212107
-0,0001842709
0,02194735
0,002740338
0,01298878
0,01564543
0,005310205
-0,03141347
0,007774049
-0,004522142
0,02625505
-0,004690266
-0,005232994
-0,007080087
-0,02684959
0,001420838
-0,02904681
-0,00591748
-0,02496509
-0,03199932
-0,03224126
-0,02489118
0,01219003
-0,02061455
0,01743426
0,003365548
0,00966212
0,005710209
-0,02863367
0,009255592
0,00586163
0,01395166
-0,002342302
-0,003192927
0,008489648
-0,01598567
0,0200205
0,02737451
0,009647932
0,02753311
-0,004429936
0,02253893
0,023101
-0,02432486
0,01562415
-0,02479936
-0,02466151
-0,003143144
0,02786597
0,01859611
0,0004372273
0,005512772
0,005187915
-0,02729785
-0,01899936
0,00699471
0,006398497
-0,002052007
0,006073148
0,0278469
0,02531734
0,02255745
0,02183401
0,0220223
0,01290367
-0,02517076
0,02088163
0,02037468
0,008291139
0,01462564
0,009724441
-0,0276444
0,01380791
-0,02001034
0,004409045
-0,02524487
-0,01851624
0,00702159
-0,003343027
0,01618705
0,00567997
-0,01029579
0,01097614
-0,01118599
-0,01796644
-0,02565676
-0,01519805
-0,0025415
-0,01405632
-0,0263712
0,006354936
-0,01280995
-0,009895824
0,01125411
0,03028814
0,0004605898
-0,02996623
0,03018975
-0,009573821
0,004997854
-0,02021929
-0,02380667
0,00945205
-0,02665962
0,0287707
-0,01204276
0,01175347
-0,01627686
-0,01220231
0,02551219
-0,01724062
0,01889127
0,01975921
0,01059591
-0,01393896
-0,001690617
-0,02565167
-0,005988155
-0,00192223
-2,184701E-05
0,01887468
-0,009132001
0,002034276
0,003166146
-0,02671221
-0,009876575
0,007919969
-0,02679151
-0,01964364
-0,02325944
-0,02196096
-0,01320153
-0,007118749
-0,03192083
0,01104165
0,00075193
0,01265725
0,00883578
-0,009121357
0,02466921
-0,006050849
0,028346
-0,02331321
-0,01035634
0,01643928
0,01453776
-0,006479887
0,006950694
-0,007738834
-0,003842593
-0,009386088
-0,001483382
-0,007822651
0,01104778
0,00733444
0,009283422
-0,007782512
0,02360323
0,01608786
-0,004420096
-0,002476756
-0,002904003
0,02183685
-0,02482902
0,006192226
0,02124878
-0,00722749
0,01750906
-0,03910398
0,006535968
0,009964879
-0,008016924
-0,03086947
0,001016135
-0,02709433
0,0144235
-0,01872608
-0,01460548
0,02085818
-0,003724762
-0,02524755
-0,02056405
0,01716108
0,02177718
0,02186174
0,01642897
0,0286091
0,01195812
-0,009719355
-0,02983174
-0,02080726
0,01788931
0,02024786
0,0223659
-0,005446245
0,02427977
-0,02613135
0,029208
0,007398363
0,01998252
-0,01326108
0,0003370729
0,005132082
0,00525414
0,004464254
0,01765242
-0,01374312
0,006754146
-0,006901094
0,007881947
-0,01499474
-0,0339703
0,02260612
-0,01604291
-0,01465327
-0,01888324
0,005901251
-0,03487283
-0,02123404
0,01945961
0,01937537
0,004448892
-0,009160629
-0,04182176
-0,006163924
-0,0398919
0,001406525
-0,02217137
-0,01889938
-0,0147961
0,02112539
-0,007482692
0,01336196
-0,02149656
-0,01651294
0,006304853
0,006705278
-0,01944342
-0,01466417
-0,02851295
-0,001735195
-0,01059854
-0,01511016
0,01051778
0,01196195
-0,02100712
0,0221423
0,001879652
0,001060298
-0,02447694
-0,0175329
-0,0278453
0,01283912
0,01074995
0,02087736
0,001945036
0,02708641
0,001805153
-0,03148532
0,001265022
-0,02392399
0,02599944
-0,01221322
-0,02620416
0,01360942
0,02310337
-0,02012677
0,01319825
-0,03085216
0,009889973
0,00503491
-0,008311559
0,005249918
-0,02929495
-0,01577619
-0,007751515
-0,01310773
0,01044414
-0,01981957
-0,009400037
-0,02369855
-0,02405916
0,0148553
-0,02093179
-0,02521738
0,02114669
0,008802487
-0,02577508
-0,01410243
0,01168126
0,008838799
-0,02778665
-0,01959814
0,01342649
0,02361692
-0,001355884
0,02983025
-0,02141994
0,02248803
0,01486121
0,02506164
-0,02581122
-0,001631195
0,0175126
-0,006737246
0,01059651
-0,01414925
-0,001796505
-0,01928582
-0,01942041
-0,02824752
-0,02618587
-0,01771969
0,001650832
-0,01104074
0,02623696
-0,02338416
-0,02725526
0,02672497
0,02104728
-0,02009069
-0,02900375
-0,00995177
-0,02118196
-0,04229724
-0,007377408
-0,02462044
-0,04293831
-0,01943321
0,02447107
0,002684959
-0,01538242
0,02415118
0,0004776048
5,259962E-05
-0,02580756
0,008678418
-0,03173104
0,01688304
-0,006999887
0,003401012
-0,02071836
0,0222254
-0,02682072
0,006770815
0,001087762
0,01784614
0,005750044
-0,009493538
0,02484716
-0,01272388
0,02314342
-0,02216556
0,02513308
-0,002460067
0,01303321
0,00158517
-0,02520469
0,01261663
0,0141779
-0,008992963
-0,01776708
-0,02267387
-0,02097861
0,001137823
0,01523341
-0,02517447
0,005783049
-0,03279181
-0,01997045
-0,01787622
-0,02620053
-0,02057869
-0,006055614
-0,0194906
-0,03477184
-0,02044153
-0,0146941
0,004120007
-0,003279515
0,01533634
0,005302091
0,005253541
-0,009431451
0,01096843
0,01560649
-0,02223399
-0,02843376
-0,02478471
0,01701636
0,001025145
0,00247378
-0,01288032
-0,02824774
-0,0306167
-0,01308536
0,02999073
0,008928365
-0,0002796191
0,02183591
-0,008476004
-0,02298666
0,00209822
-0,02671704
0,005091082
-0,02571305
0,001804424
0,001510993
0,0003890916
-0,01093355
-0,007449579
-0,02598335
-0,009061136
-0,02367618
0,02262037
0,007431999
0,0001593043
0,008756419
-0,002856082
0,01217751
-0,003074912
-0,03374127
-0,005345183
-0,02777572
0,004539171
0,004421108
0,01709741
-0,02150435
-0,0008995575
-0,03011142
-0,031621
0,003023346
0,02045519
0,01959555
-0,02223417
0,01323712
-0,0213748
0,005385616
0,01910986
0,005918543
-0,01726939
0,007023469
0,001902431
0,01500037
-0,008600331
-0,006491902
-0,02027474
-0,02261226
-0,02321486
-0,01131031
0,01153998
-0,01529558
-0,02462788
0,01148293
-0,01590475
-0,01524576
-0,0003912625
-0,01544837
-0,01460478
0,01603621
-0,02433532
-0,0160844
0,02509527
-0,0102049
-0,0207008
0,01155587
-0,02397883
-0,003522248
0,02514795
-0,02144974
-0,004659958
0,02107646
0,01900074
0,01595025
-0,005163372
0,01865544
-0,004224503
0,01214467
0,01717918
-0,01363386
-0,001361984
0,01232391
-0,02574463
-0,01599536
-0,007661202
0,02110051
0,0006954966
-0,01652245
0,006094407
0,02437652
-0,01743446
0,02409369
-0,009472736
-0,02945294
-0,00430839
0,02751941
0,009318238
-0,0245998
-0,0001295002
0,004216598
-0,01794427
0,008476592
-0,02291221
0,0239974
0,01675844
0,01105258
-0,01295215
-0,01870667
-0,02423192
-0,0163927
0,01008064
0,009285039
-0,0127425
0,01793746
-0,0228357
-0,01242709
-0,03165416
0,006541707
-0,03450531
-0,01335573
-0,02263635
0,01967269
0,01648149
-0,03259388
0,01966583
-0,0009868616
-0,0005503772
0,01647289
-0,007097685
-0,001315537
-0,01794181
-0,006798538
-0,01261942
-0,0144037
-0,0239504
0,02553621
0,008193993
-0,0170507
-0,002085604
0,01178865
0,003428178
-0,009904074
-0,02251456
-0,01106375
-0,01830939
0,0004303565
0,001009425
-0,005243795
0,01726688
-0,02827492
0,0213117
0,02734932
-0,02703513
-0,02375042
-0,01259612
-0,01655639
0,01199955
-0,02962556
0,02283968
-0,02269001
-0,03007666
-0,008768068
0,008121706
-0,004985537
0,0230825
-0,02251555
-0,01403897
-0,03283301
0,007465037
-0,02283643
0,006877887
0,01318561
-0,02702168
-0,01881959
0,009167955
0,01371084
0,01090804
-0,002721609
0,01650329
-0,01063288
-0,03218381
-0,0204869
-0,0246399
-0,005181667
0,01355595
-0,01040289
-0,006585332
-0,01660119
-0,02849011
0,02453714
-0,01775613
0,005552895
-0,01103678
-0,01096792
0,009684362
-0,01970112
0,007835543
0,006515687
-0,009861693
0,02825922
-0,02104856
-0,002964776
0,008573942
9,821562E-05
-0,01392668
0,02746573
0,01351734
0,01190253
-0,01471076
-0,007699381
-0,00593253
-0,02356854
-0,02285859
-0,00652577
-0,0306157
0,01422035
-0,01942775
-0,01901587
0,01028033
-0,001004401
0,01214079
-0,03278541
-0,03729647
0,009431522
-0,03761926
-0,03054227
-0,004920213
0,0122034
0,002486221
0,0001737954
-0,01815986
-0,02358696
-0,01771237
0,02264849
-0,01176766
0,008215509
0,003699803
0,007138307
-0,01902794
0,01831721
0,006527022
0,01072813
0,02681844
0,008231595
-0,001051289
-0,0256332
-0,004238229
0,02124161
-0,01557048
0,02051567
0,02517137
-0,008364107
0,02112919
0,01114951
-0,02140102
-0,02901116
-0,005312916
0,01595253
-0,004248236
-0,02508864
-0,005629627
0,02013045
-0,02948562
0,004693449
-0,02980592
-0,02181602
0,01944851
-0,01882056
-0,02742443
-0,01257969
-0,02545823
-0,001280174
-0,03701393
0,01675211
-0,038144
-0,02924871
-0,02861319
-0,0149139
-0,01421035
0,02176865
0,008967757
0,007468055
0,00537265
0,0180695
0,01191955
0,02441522
-0,009628754
0,003610096
0,0174508
-0,01358195
-0,01779876
0,01712919
-0,01875273
-0,02511901
-0,007433497
0,01488981
0,006632451
-0,0129403
0,002596708
-0,01419464
-0,01943459
-0,02081572
0,01242878
0,01714913
0,006293725
-0,01115502
-0,011664
0,02410118
0,01010198
0,02950666
0,02067825
-0,03084885
-0,006701507
-0,007416746
-0,01343295
0,008599767
-0,02224021
-0,0217135
0,02048115
-0,02638868
0,01340441
-0,01838084
-0,009501786
0,01171034
-0,0273771
-0,01200619
-0,008604134
0,02113182
-0,001607426
-0,02022404
-0,001611259
0,02358099
0,02011619
-0,02637615
0,01633776
0,002343842
0,03042869
0,02077525
-0,0169981
-0,004836656
0,006246599
-0,003142032
0,02285583
0,01868617
-0,00336393
-0,01889404
-0,008241663
0,01325538
0,01208905
0,009748574
0,001102165
-0,00798791
-0,008580185
-0,008685398
-0,005429212
0,02088282
0,01312098
0,0205306
0,001128191
-0,02363598
0,0197205
-0,01273302
-0,01316059
-0,0122313
-0,01148746
0,02062643
-0,02662442
-0,01889618
0,003787608
0,01366692
0,006260438
-0,01936241
-0,03895251
-0,01163256
-0,006201504
-0,01715491
-0,008544899
0,001843696
-0,01118232
-0,03405906
-0,02935605
0,01123777
-0,01627346
0,02361309
0,01347401
-0,02122521
0,001976064
0,0002696844
0,01250219
0,02846933
0,02112577
-0,02127757
-0,01246962
-0,02481321
0,004504071
-0,01342962
-0,02173945
-0,002541794
-0,007318842
0,0004533296
-0,02908696
-0,02682841
-0,02681998
0,0218415
0,02630859
-0,02019585
-0,007704879
0,02321914
0,01671478
0,02898456
-0,01076741
-0,03226498
-0,008497549
-0,002436896
-0,03154927
-0,02684712
-0,03170722
-0,01343877
0,003908569
-0,0195355
-0,01047541
0,00118365
-0,002397589
0,0008205386
0,01865228
-0,006973629
-0,03315698
0,02009819
0,02167742
-0,0183085
-0,01972158
-0,03327185
-0,01656347
0,02467773
-0,03074862
-0,03040232
0,008771501
-0,005572828
0,03039001
0,006594182
0,01918639
0,009565455
0,0135335
0,01460289
0,007775503
0,02008119
0,01439004
0,01665536
-0,0286187
-0,003830271
-0,01550809
0,0154557
0,01882586
-0,02339504
-0,02551399
-0,007963302
-0,003480609
-0,007819857
0,02382174
-0,008136034
-0,02724556
-0,006670577
0,02504203
-0,004653053
0,0088435
-0,01477994
0,009687107
-0,006813135
-0,004635647
-0,03458651
-0,008682826
-0,0005778297
-0,01461028
-0,03551992
-0,01120162
0,006268325
0,01678971
0,01635956
-0,03374593
-0,03002671
0,01410725
-0,01521787
0,02302047
-0,001231425
-0,02786323
0,0003518996
-0,01857668
-0,0208485
0,01975134
0,01067102
0,004264788
-0,01510765
0,0001333955
0,007755056
0,0020122
-0,006633171
0,01298702
-0,01560845
-0,02888616
-0,01200339
-0,0247939
-0,0151757
-0,01336809
-0,03034544
0,02656714
0,006904584
-0,008391296
0,01615955
0,0108125
-0,009171793
-0,005592044
0,005374619
-0,009991788
0,01501921
0,0008648796
0,01481097
-0,003620284
-0,009610402
-0,01092734
-0,02468834
-0,02903017
-0,001515047
0,003875049
0,01319274
-0,0079923
-0,02091618
-0,03081749
0,01080658
-0,003088982
-0,03432931
-0,03415729
0,009276323
0,01900696
0,01412288
-0,02747666
0,005555032
-0,03005082
0,02450169
0,00306541
-0,003567432
-0,02266406
-0,004712091
-0,001520507
-0,0029229
-0,01564485
0,02738692
0,024212
0,01302146
-0,02536737
0,01580297
0,02203956
-0,01509057
0,01970858
0,01898236
-0,01995851
0,0008544208
0,005285051
-0,002723458
0,001396162
0,01248667
-0,002133123
0,007503958
-0,01406758
0,00779686
-0,01080554
0,01173341
0,01361631
0,002274105
0,008907288
0,0241597
0,01280478
0,003152729
0,02151431
0,02389616
-0,02960191
0,008669556
-0,03067798
-0,02197815
-0,0008419984
-0,005087723
-0,01360472
-0,007841304
0,009728475
0,01469142
-0,01853679
0,01617762
0,02316941
-0,0290551
0,005080746
0,001946998
-0,02993438
0,003817867
-0,00888695
0,01966616
0,02756958
-5,833353E-05
-0,02182372
0,01913836
-0,02430964
0,0007788816
-0,01922564
-0,01239097
0,02763863
-0,02385536
-0,02993068
-0,01549186
-0,009130922
0,02177503
0,01400039
-0,001980572
-0,005340648
-0,009269731
0,02239837
-0,02941095
-0,008189873
-0,02808456
0,02369571
-0,001585945
-0,003911698
0,002050436
0,01769906
0,01184507
-0,03163531
-0,02082013
0,02425602
-0,02363123
-0,02061307
-0,02943952
-0,03484895
0,001697339
0,002016811
-0,01330474
-0,02263158
-0,02562789
-0,009607066
-0,02784304
-0,002887552
0,004243674
0,01400197
0,02639419
-0,005491242
-0,02922454
-0,01378864
-0,02454995
-0,02363152
0,009197704
0,01129317
-0,01121228
-0,004357505
0,0221728
0,003402793
0,005600405
-0,01044306
-0,0002125594
0,009518891
-0,004637419
-0,01546665
0,01412249
-0,02136686
0,01902109
0,02941302
-0,01529398
0,01904372
-0,02120109
0,02438803
-0,02447263
-0,01901012
0,0140662
0,009426473
-0,01290657
0,00469231
-0,01169608
0,01446457
-0,001685191
-0,02261855
0,014495
-0,006734503
0,023403
-0,02518936
-0,01294655
-0,000154927
0,02663978
0,01107099
-0,01986211
-0,02781114
0,02890432
0,02873917
0,008041616
-0,005818244
0,02428791
0,01647596
0,01260011
-0,005016341
0,02573948
0,02751091
-0,0211408
-0,01952969
-0,02402644
-0,0199025
0,0291177
-0,00443428
0,02320217
0,005236923
-0,02723444
-0,01685962
-0,01966764
0,01720362
0,01604266
-0,0128267
0,01903661
0,02547695
-0,01178635
0,00651465
0,01925562
-0,01428388
-0,03115869
0,002941911
0,00682758
-0,02406649
0,02376297
-0,02407272
0,002847569
-0,01118818
0,01763118
0,002790355
0,02131495
0,02302397
0,02033137
0,00361431
-0,02953731
0,008357138
-0,007980227
0,01670347
-0,02191928
0,02341746
0,008011507
-0,008496175
0,006576494
0,02581446
0,02112467
-0,01916747
-0,01899125
-0,01081782
0,005898667
0,02796399
-0,002878548
-0,02482943
0,004778763
0,006962778
0,02573036
0,003752611
-0,0002903048
0,0269664
-0,018397
0,01835984
0,01985187
0,0002580376
0,01600876
-0,002569699
-0,01466085
-0,01929338
0,02240324
-0,02069558
-0,01448895
-0,02208101
0,00253781
0,001356911
-0,002306491
0,02645176
0,009040261
0,007966118
0,02784699
0,01339341
-0,0144351
0,0124763
0,02535589
-0,01763105
0,0145267
0,01977147
-0,02242889
0,02059016
-0,006632261
-0,01319251
0,01166429
-0,001242755
-0,02039481
-0,004555313
0,004391995
-0,01003817
-0,02702848
-0,02288766
0,006331282
-0,0211609
0,009770802
0,009175942
-0,01233393
-0,02884152
-0,02699892
-0,004097864
-0,005992677
0,02494369
0,006908467
0,006969921
0,02591514
-0,01494349
0,004190027
0,01558025
0,008654771
-0,004747687
0,01931769
0,002206265
0,01291062
0,02432775
-0,01173153
-0,004221922
0,01872172
0,00575191
-0,001793643
0,01678566
0,0277945
-0,02622555
0,02546322
-0,02493864
0,02274779
0,0004810511
-0,02851943
0,01862927
-0,02587929
0,00950588
-0,001142932
0,02754728
-0,01700603
-0,009133203
-0,002466911
-0,01602712
-0,01689125
0,0165302
-0,008229197
-0,004118219
0,02482737
-0,004378065
0,01869075
-0,02112225
0,00129052
0,0008348817
-0,004840509
0,01287705
0,02048795
-0,0166469
0,02060316
0,01178491
0,002649997
-0,01456424
-0,003979215
-0,01366402
0,02672688
-0,002091822
0,01334478
-0,008598767
-0,01987789
0,01425642
0,009748297
0,02921022
0,02659026
0,02072417
-0,01250215
-0,01133436
-0,006249085
-0,02635473
-0,01938757
-0,02972277
-0,01821409
-0,03028747
0,02150233
0,002297384
-0,0130583
0,01847309
0,006769876
-0,006307194
-0,02154307
-0,009270966
-0,0301202
0,02196412
0,01912065
0,01800821
-0,004571149
0,02808684
0,02637508
-0,01781105
-0,0117695
0,01684202
-0,02624905
0,03064592
-0,01488844
-0,02004269
0,01627549
0,01966601
-0,0173462
0,009826981
-0,01845529
-0,0256524
-0,01276006
0,01555645
-0,02898015
0,01839261
-0,002985674
7,663298E-05
-0,007278276
0,02090749
0,02644061
-0,02418369
0,02002152
-0,01113896
-0,0174015
0,01897996
0,01355209
0,01635361
-0,02131899
-0,02149596
-0,003935352
-0,009636443
-0,006514303
-0,01784395
0,01574035
-0,005490734
0,02783786
-0,01610517
0,01772562
0,01369964
0,01869289
-0,000731837
0,00715314
0,02813145
-0,01814182
-0,02553769
-0,02576972
-0,01500299
0,02137212
-0,02853422
-0,008807209
0,0261815
0,006142208
-0,02457885
-0,01467259
-0,01837334
0,02636116
0,01470333
0,01741018
-0,004451971
-0,004159681
0,02917705
0,01009333
-0,02605972
-0,01683923
0,0209609
0,01031235
-0,02591432
0,02892792
0,005533601
0,01972185
-0,01848463
0,01160346
0,00887568
-0,02892076
-0,003987052
-0,0008101959
0,02193175
-0,02342425
-0,02233621
0,0149211
-0,001116804
0,02599003
-0,02281991
0,01766771
0,0007161621
0,01539693
-0,01077007
0,02903732
0,005536701
-0,0002270943
-0,01625373
-0,002531223
-0,007562131
-0,01210938
0,02081971
0,02110956
0,003335561
0,01517397
-0,008322042
-0,005160545
-0,02943872
-0,01334136
-0,01428044
-0,01777803
-0,02081282
-0,01621806
0,02711655
-0,02658738
0,0191178
0,01237478
-0,02635785
0,007198377
0,008864985
0,01033075
0,02656845
-0,02780565
0,002175699
-0,01342195
0,01293853
-0,02501603
-0,009340158
-0,02451479
-0,007153076
-0,02530869
0,004765298
0,0139389
-0,01069473
-0,008880481
-0,01905404
0,005696701
0,02623288
-0,0233671
0,01550413
0,01403365
0,01479105
-0,01745293
0,01100834
0,02666569
0,009104125
-0,01290485
0,01897809
-0,01436048
-0,0205765
0,02392655
-0,003337199
0,007796343
0,019886
0,01296737
-0,008403771
0,01839184
-0,01118055
-0,01332452
-0,02768033
-0,01327865
-0,02593357
0,02539935
0,02393644
-0,01955257
0,007493907
-0,004753117
0,0247121
0,005340168
0,02227703
-0,01724171
0,01600497
0,02713077
0,02153355
0,02509778
0,02559703
0,01340045
-0,008240192
0,006402701
0,008186569
-0,004378815
-0,01376061
-0,02520048
0,02663827
-1,560126E-05
0,008898198
0,02790636
0,02485808
0,006916713
-0,03040452
-0,006240113
-0,01267869
0,0100948
-0,02518588
-0,0004419532
0,010231
0,0204425
-0,01046236
0,000469326
-0,01133932
-0,01654548
-0,007118592
-0,01608885
-0,005671498
0,0275189
-0,02203851
0,0003049408
0,01694151
0,02525816
0,01776398
0,008711344
-0,003405232
0,01284376
0,008839606
0,007020862
-0,02970952
0,02978025
0,02926505
-0,006111372
0,001879102
0,009951234
0,0006276054
-0,01253165
0,005294917
-0,001563829
0,02585967
-0,02454346
0,02205011
-0,00809989
-0,01491633
-0,02473246
-0,006320769
0,0216954
-0,01243235
-0,005100924
-0,02726715
-0,0275105
0,01130074
0,0298803
-0,008002213
-0,02098138
-0,01868139
-0,02997895
0,02008535
-0,00812161
0,02787994
0,005183033
-0,02862618
-0,001598265
-0,0008282876
0,01091665
0,02174103
0,02641213
0,02936256
0,009423792
0,01358694
-0,02432314
0,009304612
0,02648391
-0,02837889
-0,02754117
0,00884925
-0,00508188
0,0102028
0,01243918
-0,01518405
0,005379433
-0,00494724
-0,01605226
0,004169086
0,02839002
-0,01145203
0,03008198
-0,02820861
-0,007032974
-0,001234088
0,0005415919
-0,00222276
-0,01677631
0,001138746
-0,009444074
-0,0260351
-0,006512218
0,02327161
0,004643533
-0,01595342
-0,002040052
0,02298092
0,008861014
0,01183744
0,02780226
-0,006089386
0,01547578
0,02824844
-0,01037383
0,0006284984
0,01684224
-0,009660942
-0,02236165
-0,02287835
-0,007529443
-0,0197958
0,01816938
0,02491738
0,001463814
-0,007553575
0,02237109
0,02469322
0,006384321
-0,01928883
-0,01702175
0,008464685
-0,004012803
-0,004698372
0,01166138
0,02907151
-0,0147215
0,002159738
-0,02445502
-0,001669311
0,01741452
0,0129268
0,01670805
0,002617558
0,006994381
0,004584843
0,003794004
-0,02815937
0,01282144
0,02301631
0,01243203
-0,01984298
-0,009945134
-0,02387388
-0,02133002
-0,01965522
-0,01359006
-0,0007523174
-0,008092382
-0,01778217
-0,00759494
0,00392453
-0,01330271
-0,001738614
-0,001073939
-0,01070345
0,02844645
-0,009964028
-0,01347433
-0,0088771
-0,01469
-0,01527122
-0,01513743
0,009998959
-0,009646351
0,01016741
-0,005861367
-0,01441357
-0,01204719
0,02751067
0,01927022
0,02054423
-0,01812484
0,01397218
-0,001108729
-0,02719923
-0,01161124
-0,01013144
-0,01335676
0,001337741
0,01267894
0,01664663
-0,01974559
0,02394152
-0,0240207
-0,01652961
-0,003748484
-0,01153943
-0,02632833
-0,01233184
0,006687407
-0,01630148
0,01587008
-0,008369763
0,007663344
-0,00232215
0,02593693
0,0106813
0,0163544
-0,0009015988
0,01681439
-0,02916782
-0,01868209
-0,004981217
-0,006465244
0,002407044
-0,007930875
0,003320255
0,02995238
-0,003859886
-0,02907011
0,008587284
-0,02656746
0,01583192
0,009078315
-0,0007022413
-0,0255009
-0,00847246
0,004036185
-0,02311401
-0,01607282
-0,02431302
-0,01808092
-0,02971281
-0,009191463
