0,0006812648
-0,02018457
-0,008905184
0,007248601
0,008392083
0,004243396
0,001678113
0,03159048
0,02082127
0,02961443
0,02692757
-0,001185061
0,01714769
0,002988935
0,01988826
0,01811761
-0,0006566182
-0,0124356
0,01212223
0,01504997
-0,003968011
0,01377485
0,007563981
0,02906934
0,009102859
0,01810402
0,009347944
-0,01440377
-0,005151845
-0,02745629
0,004622664
-0,0126221
-0,0003701188
-0,006153655
-0,01275451
-0,007392654
-0,005138073
-0,004891155
-0,007541556
0,02030892
-0,01535972
-0,01954991
0,02024468
-0,01095637
0,01705952
-0,004975055
-0,0116218
-0,02533604
0,0179544
-0,007238735
0,009960269
-0,02423977
5,427709E-05
0,0188407
0,02901382
0,02141546
0,007519421
-0,0009073643
0,03560669
0,02746587
0,0298786
-0,004889502
0,01009087
0,01766321
-0,01047138
0,01127102
0,02765511
-0,006827541
-0,01519369
-0,001308988
-0,006935019
-0,02653508
0,02638815
0,02231457
0,001959845
-0,01362586
0,02571775
-0,008190859
-0,01899748
-0,01479552
0,001690291
0,003564802
-0,005832463
-0,03469193
-0,01450857
-0,001400269
0,01784262
0,01227628
-0,0008848826
-4,786987E-05
0,01920377
-0,029367
-0,002877057
0,003461256
0,03006225
0,03045928
0,004716832
-0,02654435
0,02690903
-0,02045277
-0,002756954
0,02498709
0,01686435
-0,009274789
0,0326899
0,01010469
-0,01139211
0,02602935
0,003508744
0,02248118
0,02309563
-0,01203547
-0,01237509
0,01598424
-0,0173189
-0,0145013
0,01838596
0,01126574
-0,002500537
0,02628871
0,02005134
-0,01456968
0,02649707
0,01082674
0,006929169
-0,01039344
0,01198738
5,414104E-05
0,01963246
-0,0008486679
0,01264099
0,01907576
-0,01941461
-0,03603093
0,009143711
-0,004972955
0,007113263
-0,03104085
-0,02743918
0,01058758
-0,0198054
-0,02184443
0,004722452
0,02058001
0,01160967
0,009388934
0,02276616
0,01128519
-0,01786121
0,01144416
-0,01767966
0,03389291
0,007375252
-0,0289702
-0,002994562
-0,003921795
-0,01175156
0,001773183
0,0466656
0,04362164
0,05687221
0,04296346
0,04385646
0,02828122
0,03295411
-0,03089563
0,02491725
-0,01898087
0,02305154
0,01865235
0,001172015
0,00756808
-0,009438609
0,002437717
-0,001177697
-0,006639128
0,01441666
-0,0127062
-0,0139374
-0,01436198
-0,001291251
0,02623495
-0,03707365
-0,0377708
-0,03809141
-0,02369964
-0,03780614
-0,02590771
0,01592402
0,01156688
0,01168628
0,01498939
-0,0002807941
-0,003160408
0,01890395
0,001286568
-0,007702062
0,009766208
0,02125588
0,004861603
0,01446819
0,01548082
0,01225506
-0,01205739
-0,02951987
0,02560944
0,02848462
0,06344588
0,01965488
0,04343716
0,02917378
0,04081316
-0,007248008
0,03164382
-0,01340032
-0,026277
0,003687713
0,009686383
0,001702709
-0,004774217
0,01527074
-0,01443583
-0,0263768
-0,0392213
-0,03096678
0,01229453
-0,004005456
0,0008445767
0,01771585
-0,02388831
-0,04392206
-0,03665301
-0,06407173
-0,05011757
-0,02848075
-0,01026925
-0,01537203
0,002058021
-0,04024639
0,00316139
-0,02106687
-0,01449375
-0,02765659
-0,02028689
-0,01084435
0,01227201
0,009403512
0,009260282
-0,01814299
0,01066977
0,01748887
0,02118115
-0,03005563
-0,03553035
0,005051734
-0,000481677
0,02731362
0,0120616
0,02100751
-0,003605824
0,02953943
0,005108615
0,003118931
0,05047749
0,04695433
-0,02669075
-0,01823043
-0,00336186
-0,02565841
-0,02346287
-0,01771346
-0,01165485
-0,03636375
-0,02196836
-0,05648372
0,06857938
0,03554054
0,02666849
-0,007333186
-0,01937718
-0,05497883
-0,02981437
-0,07756847
-0,05427865
-0,0249814
-0,01564805
-0,0182929
-0,02351543
-0,02521772
-0,06938276
0,0007362915
0,03067288
0,006608092
0,03036874
0,01104115
0,02637105
-0,01748623
0,02455529
0,01832219
0,02540815
0,02772228
-0,02661316
-0,02059135
-0,03133231
-0,008401011
0,0210595
0,0424472
0,03901124
0,0208518
-0,03724081
-0,00460889
0,01727984
0,0116624
0,1295673
0,1317328
0,08879782
0,003147717
0,02086969
-0,02060487
-0,08802214
-0,06330612
-0,03854647
-0,05056343
-0,05543048
0,0123166
0,04162353
-0,009621551
0,03632157
-0,03298113
-0,0270812
-0,03075135
-0,07253682
-0,09313336
-0,09955015
-0,09121153
-0,05317774
0,008325797
-0,03216025
-0,03371323
-0,01465823
0,002582715
0,02613523
0,0177435
0,05237043
0,001536731
-0,005236011
0,01900748
-0,02473454
0,02739538
-0,02951364
0,008135857
-0,003497474
-0,02971003
-0,08250293
-0,01743381
0,03493697
0,01079376
-0,03814728
0,0064965
0,01703647
-0,03091878
-0,06848432
-0,03685676
0,02444813
0,01890733
0,01882966
-0,03014497
0,01292024
0,02769119
-0,01415276
-0,0584859
-0,0362128
-0,05094668
-0,1203165
-0,09800719
0,03139328
0,01288265
0,06911105
-0,1362511
-0,04917864
-0,09615483
-0,129961
-0,1522297
-0,1465775
-0,1174885
-0,07232705
-0,04642319
-0,02612852
-0,008354898
0,001483858
0,06490675
0,03564298
0,02652781
0,07170767
0,06212859
0,01930773
-0,035799
0,01035519
-0,02997553
-0,02070396
-0,02911695
0,02332548
-0,03646154
-0,05649317
-0,03448485
-0,02498504
-0,04884038
-0,05000839
-0,06581739
-0,05655329
-0,1270756
-0,05048463
-0,00961682
0,0785438
0,0592634
-0,02286587
0,01646531
0,02544114
0,09568672
0,01901844
-0,03997665
-0,0757433
-0,1080529
-0,06700442
-0,03929458
0,04959777
-0,004287747
-0,01292261
-0,1183802
-0,09846179
-0,01584122
-0,1438843
-0,08917121
-0,07832861
-0,07747593
-0,09508389
-0,007936911
-0,02331199
-0,02570588
0,002289558
-0,02998843
0,04072374
0,04211498
0,08016356
0,05056654
-0,02208675
0,003890476
-0,03908642
-0,04141661
-0,004890074
-0,02450197
0,02149813
-0,01744632
-0,0009342235
-0,07128511
-0,01329258
-0,03951583
-0,02168864
-0,1074719
-0,1422243
-0,07920598
-0,09751036
-0,02236746
-0,003381762
-0,08643053
-0,1112685
0,01294635
0,03085361
0,03512931
-0,00461947
0,005190306
0,02486957
-0,005549292
0,08081663
0,08707394
0,1110024
0,09583734
-0,1007711
-0,1363051
-0,02997071
0,05027559
-0,09314807
-0,1375023
-0,06718116
-0,1107762
-0,06584769
-0,05696584
-0,01583189
-0,02809496
-0,05992556
-0,003396759
0,09472179
0,04435958
0,03011909
0,03171469
0,04371304
-0,05420314
-0,04523353
0,005119452
-0,007054093
0,002300519
0,0314513
-0,0351659
-0,04759287
-0,1178438
-0,03474244
-0,03407086
0,0736034
0,09749331
0,04308058
0,03386094
0,07861391
0,03725587
-0,03907155
-0,04705748
-0,04980651
0,06147424
-0,09522619
-0,1347114
0,005243284
0,0368014
0,01353799
-0,02787946
0,03076429
0,02241109
0,1380386
0,1466933
-0,09848474
-0,004128352
-0,1157219
-0,03775821
-0,1900093
-0,2246119
-0,08045686
-0,1091231
-0,09959734
-0,0630374
-0,02977717
-0,009447361
-0,054451
0,05167578
0,0420079
0,04880186
0,02486992
0,002929504
0,02661858
-0,07321517
-0,02214548
-0,05309044
0,0134848
-0,02944403
0,02893065
-0,06453142
-0,02470355
-0,03505212
-0,05721871
0,04809554
-0,04198796
-0,01650685
-0,04157018
-0,04500955
0,07927874
-0,08361358
0,03407535
0,03114571
-0,03457661
-0,0523983
-0,04060192
-0,02236059
-0,06013225
0,02353998
0,02124429
0,0483009
-0,03324888
-0,1379488
-0,02192118
0,1225587
0,07565505
0,06306276
-0,07011008
-0,1385457
-0,1578706
-0,1473897
-0,1543559
0,02101372
-0,0900749
0,04068613
-0,06466474
-0,01289985
-0,0700436
-0,07943709
-0,0608858
-0,0005716241
-0,006350425
0,01943417
0,002513412
-0,05600416
-0,08678524
-0,0482346
0,001540013
-0,02245802
0,001624752
-0,03519649
-0,09881575
-0,05072867
-0,05394665
-0,009399984
-0,07712663
-0,0356774
-0,05663993
-0,08126701
-0,02872414
-0,01091666
0,006648642
0,1958589
-0,05302849
0,07706653
-0,06657173
-0,03997699
-0,04741392
-0,08089967
-0,1658176
-0,01119957
-0,01779647
0,04136349
0,001755793
-0,03787175
-0,03906747
0,137615
0,019927
-0,07770815
0,03475759
-0,046228
-0,09548213
-0,09044799
-0,06683463
0,04373745
0,0931128
0,06026078
-0,0380366
-0,02741557
-0,09693493
0,01849438
0,05976768
0,08658642
0,0795784
-0,09476593
-0,0394934
-0,0231604
-0,0533346
0,007837907
-0,03058846
-0,01961934
-0,02695594
-0,07684267
-0,06497247
-0,01259821
-0,1319818
-0,1002523
-0,001075548
-0,1447975
0,04865564
0,1286737
-0,03987943
-0,0256051
-0,01077664
-0,1353639
0,0812941
-0,1108967
-0,2085619
-0,107374
0,04415982
-0,0806497
0,004157109
0,01745388
-0,06104594
-0,08706854
-0,04493663
-0,07997093
0,008435911
-0,0149463
-0,1219927
-0,2194485
-0,1588863
-0,06117264
0,03036441
-0,005848678
-0,01646097
-0,02662019
0,04031378
-0,02627317
0,06528956
0,07653456
0,006170627
-0,009552074
0,03504338
-0,05041822
-0,05558421
-0,03770451
-0,01667426
-0,02349747
-0,002062003
-0,002617367
-0,03040864
-0,05634263
0,002367924
-0,0419997
-0,0262631
-0,1399786
-0,04529686
-0,07997056
-0,09130319
-0,044698
0,00607042
0,158135
0,02881221
0,0733175
0,03118422
-0,0953012
-0,21081
-0,144509
-0,03444097
0,07524961
-0,05002083
0,2657472
0,1306058
0,1498009
-0,02519091
-0,0349052
0,01276242
-0,059418
-0,04832038
-0,2885611
-0,1312056
-0,12481
0,02929898
0,04388198
-0,06547089
-0,03222444
-0,0001719536
0,05914066
0,04859344
0,02514956
0,0932745
-0,03971552
-0,04377667
-0,0251684
-0,05074554
-0,07335662
-0,03088152
0,03098782
-0,01672345
-0,01955888
-0,02515062
-0,02930613
-0,001874688
-0,08479387
-0,05240827
-0,06479284
-0,128479
-0,07027477
-0,03334153
-0,005306089
-0,007366255
0,04155548
0,2642139
0,1026599
-0,08325024
-0,1405455
-0,03493267
-0,1151091
-0,04336938
0,07148461
0,06500945
0,138379
0,1124234
0,1083046
0,03769167
-0,07047564
-0,1425296
-0,1992658
-0,2492788
-0,1921375
0,03793486
0,09576922
0,09421758
0,165257
0,1306096
0,003482106
0,07530095
0,1307635
0,1445527
0,03069317
-0,03888898
0,06284747
-0,03091292
-0,05838605
-0,05930378
-0,06271696
0,01115594
-0,01291621
-0,03452121
-0,02572844
-0,01813145
-0,005519503
-0,04467451
-0,1132206
-0,1058043
-0,1305517
-0,05378823
-0,01052943
0,03954931
0,02107512
-0,07623116
-0,09349107
0,06575906
0,0362929
-0,08011524
-0,1519777
0,00283136
0,03848592
-0,0769235
0,01108079
0,147499
0,3454669
0,1243512
-0,05796034
0,06017702
0,05515056
-0,08161568
0,07894831
-0,2151998
-0,2811627
-0,1194394
-0,02163283
0,03285993
-0,01217505
0,2164115
0,06607236
0,01601326
-0,1593612
0,04493822
0,04937248
-0,05386207
0,02840009
0,0005847802
-0,0449019
-0,06675478
-0,02158951
-0,03237129
-0,02189053
0,004514922
-0,04283823
-0,02001818
-0,02787906
-0,00208418
-0,03735744
-0,1703518
-0,04274437
0,02451905
0,02376993
-0,1378152
-0,005224843
0,05391189
-0,1445486
-0,0841077
0,1397159
0,1589926
-0,03515885
-0,06503841
-0,2116529
-0,07829968
0,02775819
-0,003982698
0,2320683
0,09910073
0,09090721
-0,1524043
0,123405
-0,08514871
0,04338598
-0,3697668
-0,46529
-0,1610827
-0,1781496
-0,1169267
-0,1773117
0,03180917
-0,07418878
-0,03436448
0,1127569
0,06602195
0,03099293
-0,02801064
0,05437562
-0,04532955
-0,03707083
-0,06563575
0,006873426
-0,004919789
-0,01961459
-0,01602794
-0,01992718
-0,05636355
0,009978198
0,04720938
0,03042665
0,05812389
-0,04139427
-0,03219878
-0,06840016
0,1125778
0,02878448
-0,1687195
0,08412575
-0,07287741
0,1603525
-0,07551739
-0,03923846
0,05868903
-0,1389397
-0,1904378
-0,2745071
0,1812991
0,3883484
0,09362368
0,2883245
0,04298664
0,04008499
-0,07512768
-0,1460053
-0,003586872
-0,2392252
-0,3382475
-0,3061876
0,05174091
0,06837063
0,0885274
0,2542458
0,17627
-0,01646847
0,155055
0,02456743
-0,03673865
0,03636746
-0,04938947
-0,0536986
-0,07076769
0,01050965
-0,04042991
0,02742706
0,02115171
0,01668738
-0,07370535
-0,083188
-0,08776302
0,1107058
0,08778982
0,02408451
0,08389897
-0,0568871
0,01441891
0,05736407
0,03717392
0,1216127
0,125468
-0,02114741
-0,100093
0,01932169
-0,05454273
-0,03227775
-0,2185683
-0,2078329
0,03086884
0,1577913
0,2314895
0,2541787
0,1764257
-0,1742963
-0,0536803
-0,1733936
-0,01284396
-0,3640307
-0,2629297
-0,2384302
-0,01867355
0,009932197
-0,03868689
0,1685836
0,007300536
0,0002311103
0,02246004
0,03738153
0,05732292
0,01704505
-0,008718158
-0,05259489
-0,05286494
-0,04101616
-0,006012723
-0,02211512
-0,0006053887
0,001947412
0,01632234
-0,0201096
0,1525178
0,08407841
-0,05682153
-0,1285531
0,04012599
-0,05702593
0,03290664
-0,05371569
-0,116673
0,1281963
-0,2341104
-0,06331535
-0,06918469
-0,08402812
0,07564847
0,1640405
0,05576823
0,05331511
-0,0420186
0,07519671
0,1108617
0,4419956
0,1614667
0,1201738
-0,1144106
-0,1673754
-0,2715682
-0,3113016
-0,3108729
-0,0117131
-0,07167526
-0,147549
-0,1149478
-0,06224566
0,09175746
-0,02763843
0,1487643
0,08710781
0,01251568
-0,008784588
-0,02678055
0,01556761
-0,06350426
0,03370903
0,001584797
0,004877129
-0,003077052
0,01303413
0,00582174
0,00346068
0,06734539
0,07136828
-0,03168932
0,07921162
0,1164708
-0,06204739
-0,08659595
0,03856097
0,06857125
0,1171117
-0,07023273
-0,05957145
-0,05687106
0,1035143
0,0425781
-0,05594468
-0,08747293
0,02533807
-0,07575736
0,3966864
0,3647006
0,364361
0,1451772
0,03534443
-0,03131474
-0,08647063
-0,4497026
-0,3432563
-0,4702663
-0,2933939
-0,1573935
-0,141563
0,04133815
-0,01739575
0,06953862
-0,03486265
-0,1396076
-0,02649369
-0,03565247
-0,04192628
-0,02816436
0,008518903
-0,02720718
0,005315413
-0,003357569
0,02312285
0,002006221
-0,01837967
0,02235517
0,07202889
0,04490171
0,08815686
-0,03488421
0,07346126
0,1165027
0,0574092
-0,01250461
-0,1143913
0,09520951
0,0580467
-0,07872404
-0,03445623
-0,2112295
-0,02697529
0,03199317
-0,03396172
0,002085374
-0,08754947
-0,02208685
0,2580962
0,3070387
0,09262316
0,1571655
0,01224083
-0,1845484
-0,154767
-0,4992352
-0,3469227
-0,3303471
-0,06771229
-0,1969275
0,1486159
0,115796
0,1354503
-0,05778737
0,1388581
0,08591822
0,1127052
0,1296633
0,03329575
-0,02661493
0,0661051
0,01591291
0,01723265
0,02935277
-0,005526448
-0,001513145
-0,01890478
0,02494418
0,1196436
0,09594789
0,07513454
0,1477504
0,1273015
0,209105
-0,05379044
0,2417719
-0,02786317
0,1174103
-0,01745143
0,06492725
-0,1017165
-0,1347093
0,03931472
-0,008579056
-0,1947064
-0,04847976
-0,03264656
0,1070767
0,2141583
0,3388678
0,4873641
0,2643121
-0,151384
0,06509122
-0,04521459
-0,5519579
-0,2403239
-0,4444726
-0,2568635
-0,08127555
-0,05484123
0,191128
0,06515919
-0,1798576
-0,07814054
-0,02216592
0,03646326
0,05191709
-0,02290974
0,02097123
0,00841471
-0,02910873
0,01290417
0,001469187
-0,02957476
-0,02199413
0,02257547
0,05646837
0,0608516
-0,0430039
-0,09326421
0,0716619
0,1795105
0,2449004
0,140843
0,05142506
-0,04056356
0,1057442
0,133205
-0,02311129
-0,1759166
0,1369919
0,1788293
0,1029203
0,07200367
0,2271343
0,05031155
0,05141832
0,2153252
0,5192083
0,4353839
0,2160765
0,08972525
-0,01837206
-0,07785181
-0,3797919
-0,2991055
-0,1430172
-0,1296559
-0,0880251
-0,1557025
-0,05908111
0,1006005
0,05591422
0,116145
0,01628556
0,1216066
-0,02333997
0,1381895
0,07959912
0,01482746
0,004412624
-0,0009735993
-0,007697721
0,0008305922
0,02867961
0,0506806
0,08112054
0,06007961
-0,02937743
0,03741574
0,08882898
0,0380071
-0,08515973
-0,1049222
0,0902696
-0,06742682
-0,02981742
0,1267995
-0,1688631
-0,1396652
0,1217128
-0,01740066
-0,07999583
0,06778772
-0,02427366
0,04795982
0,08107318
0,2931514
0,2372689
0,3963077
0,2315364
0,0619556
0,01960797
-0,006325332
-0,3024899
-0,2858331
-0,1941039
0,003284912
0,07921503
-0,03544937
0,05051751
-0,00975551
0,07243762
-0,2134527
-0,1131456
0,107914
0,04470735
-0,03713195
-0,008075867
-0,005762463
-0,0152499
-0,0302226
-0,01592992
0,02441938
0,02457795
-0,003042883
0,02969928
0,01556171
0,03349832
0,04941629
0,01048481
-0,03164131
0,06810842
0,1001204
-0,03748464
-0,09058873
-0,05319189
0,09829342
-0,06604227
-0,2157724
0,0440142
0,1901809
-0,04873353
-0,04939995
-0,1220964
-0,03180576
0,2848701
0,3144607
0,1499941
0,1943237
0,1206087
0,1361644
0,1293284
-0,1022602
-0,01460141
-0,04385636
-0,2138655
-0,1767061
0,1502926
0,02495605
-0,008707705
0,06209595
-0,04730276
-0,2121322
-0,08166798
-0,1100598
0,009959032
-0,03627453
-0,06792381
-0,09399188
-0,01696682
-0,06437828
0,01557847
0,01211782
0,01981792
-0,008108817
-0,03256684
0,1068554
-0,04250313
-0,1068864
-0,05027164
-0,06993321
-0,1185871
0,05404701
-0,02804163
0,05785155
0,002523972
-0,03766251
-0,04246842
-0,01405603
-0,09965277
0,1566022
-0,2136687
-0,07808373
0,03114731
-0,2454176
0,06479094
0,1628646
0,1845579
0,1763226
0,1801174
0,1309461
0,04075044
-0,239458
-0,265376
-0,1641285
-0,03764386
-0,04411416
-0,07932813
-0,07099199
-0,0457574
-0,1178976
0,01711244
-0,01114195
-0,03328019
0,0007032533
-0,02924249
0,03696721
-0,00793596
-0,03578738
0,008301212
-0,04436929
-0,03526898
-0,005216782
-0,009601839
-0,02047732
0,05532026
0,004522365
-0,03894877
-0,03188369
-0,09278917
-0,04609808
-0,2464517
-0,1179525
0,005673796
-0,07082524
0,1232902
-0,02915292
0,04494598
0,02908001
0,1793499
0,1136752
0,1024062
-0,06143855
-0,01338864
-0,05125087
0,04974476
0,2042452
0,07907392
0,1814214
0,110075
-0,01767275
-0,1464876
-0,02322553
-0,1853628
-0,0639067
0,03830523
0,006181448
-0,1534352
0,09744254
0,04465967
0,1692885
0,004113005
-0,08393203
-0,07657038
0,01883699
0,02966055
0,07910689
0,08420745
0,03668339
-0,01092137
-0,02819236
-0,02845176
-0,01555051
0,009117244
-0,02017027
0,009848326
-0,1323031
-0,1170724
0,0271544
-0,01626761
-0,0672995
-0,1102214
-0,1329748
0,1964168
-0,04957408
0,1455589
0,0216347
-0,034418
-0,04665494
-0,05562704
-0,228245
-0,08413434
-0,09084152
-0,1006027
0,006444763
0,08719062
0,1175144
0,09579933
0,2808091
-0,06004811
0,3478209
0,1136099
0,03825145
0,09076997
-0,3612267
-0,07746059
-0,0778394
0,1413303
-0,1053959
-0,04489496
-0,04975825
-0,07115206
0,03226505
-0,03129258
0,009659098
-0,03549603
0,07553917
0,1038698
0,02328333
-0,03553661
-0,06368648
-0,05831987
-0,0007129494
0,0157003
0,002493598
0,072646
-0,02723127
-0,00931096
-0,08381446
-0,02972244
0,02952287
-0,04559367
0,03640186
0,04777936
-0,0229564
-0,1439267
-0,02675142
-0,02283763
0,03418028
0,04088308
-0,01574386
-0,03348934
-0,02325859
-0,04930599
-0,04524444
0,05611011
0,02485299
0,2151084
0,03058686
-0,1026049
-0,1206981
0,03590799
-0,01550894
0,1530073
-0,009787069
-0,1845099
-0,07170898
0,2037787
0,04124509
-0,1389584
0,01906651
-0,09429498
-0,002999669
0,03292888
0,06794942
0,07597616
0,0007884883
-0,003055542
0,01215814
0,02115387
-0,095606
-0,01369523
-0,01016908
0,01675307
-0,05802171
0,08014447
0,0386009
0,01351052
-0,1570467
0,1712072
0,03424874
-0,1495582
-0,1061862
-0,09931246
-0,05339467
0,08654644
-0,01752943
0,01346977
-0,01259705
0,07933436
-0,08333542
0,1073678
-0,06516895
-0,1102734
-0,08434391
-0,2267834
0,07279816
0,1283247
0,1964375
-0,07085501
-0,1359971
0,1385369
-0,09268466
0,04910868
-0,02860229
-0,1804367
-0,1207024
0,1115937
-0,01701428
-0,006810034
0,05114412
-0,06741998
0,08537029
0,08050963
0,02871058
-0,06832413
0,005779147
0,008202043
-0,002712044
0,01640954
-0,02121154
-0,02452738
-0,001272925
-0,004394517
-0,0187749
-0,06562156
0,03194564
-0,03337778
-0,1446057
0,06326906
0,0386684
0,1149151
-0,06860204
-0,06415016
-0,1931032
-0,04521395
-0,07846288
-0,0004778357
0,1039645
-0,05314009
0,05342485
0,03706429
0,1858578
-0,04577901
-0,01748822
0,08079962
0,076223
0,122926
0,1059146
0,00454149
-0,09102171
-0,02797371
0,1070058
0,09387526
-0,1102119
-0,09931175
-0,000541979
-0,04852018
-1,487763E-05
-0,09047166
0,04639912
-0,1063317
-0,0556055
0,04714387
-0,004316923
0,06061763
0,01697423
-0,06906993
-0,02951365
0,004537588
0,003400252
-0,001929022
0,01036893
-0,0180295
-0,07524686
-0,04918704
-0,03703202
-0,04270716
0,001328662
0,04296564
-0,04086629
0,1947082
0,06891706
0,2191203
0,1079104
0,001188927
-0,1513304
-0,09948848
0,07925957
-0,1166499
-0,1036965
-0,07978241
-0,04340253
-0,004506802
-0,1030944
0,128637
0,3557757
0,09291311
-0,1497967
-0,03935893
0,02609382
-0,295876
-0,06353782
0,01134856
-0,1170176
-0,09345122
-0,199032
0,09605902
0,1023327
0,04223385
-0,04010163
0,1005209
-0,05155479
0,1006537
0,04961618
0,06735379
-0,03698137
-0,03796351
-0,02443248
0,0006802367
0,009742436
-0,03480059
0,0072877
-0,01439445
0,03164021
0,07527915
0,01440914
-0,03699574
-0,01785704
0,0444029
0,1160206
0,05198036
-0,036522
0,01534619
-0,02926724
0,02425276
0,1093956
-0,068312
-0,05545477
0,05121722
-0,1095347
-0,03725189
-0,004697423
0,03655465
0,05029682
0,005535933
0,06339934
0,1727599
0,0300106
0,02179066
-0,1200011
-0,01284037
0,1944388
0,04431636
0,05779195
-0,02197342
-0,1916911
-0,02746983
-0,01190678
0,034454
-0,002291749
0,09143576
-0,01264422
-0,03309872
0,06524403
-0,03548704
-0,003893174
-0,03747801
0,008034595
-0,005494541
0,002840105
-0,02512431
0,01336483
0,03419113
0,02986505
0,02265815
-0,04717533
0,06801233
0,06235223
-0,09493098
-0,1299769
-0,01620031
-0,01989123
0,06883257
-0,0298951
0,1850791
0,03343451
0,1051206
-0,180672
-0,1088832
0,1062524
-0,06013522
-0,1625361
-0,190629
-0,2098272
0,1637694
0,06066521
0,003498466
0,1779643
-0,06013145
-0,09934556
-0,1188711
-0,1862247
0,1365961
-0,04198897
-0,1185294
0,07703362
-0,1596173
0,07504206
0,1369544
-0,01774957
0,04177731
-0,0322448
-0,219897
-0,1143465
-0,0429129
-0,08718482
-0,06802614
-0,005008142
-0,03342677
-0,07458919
-0,02681586
-0,002534048
0,05257563
0,09334818
0,01807054
0,05687326
-0,0473259
-0,04005222
-0,0683743
-0,068835
0,0009765881
-0,0009767262
-0,03587964
0,08565853
0,05760357
0,1317504
0,09485592
-0,01707095
-0,02594779
0,05302745
0,1657387
-0,03406304
-0,004888186
-0,1685952
-0,1238858
-0,05425654
0,05784374
-0,08989298
-0,09776251
0,03019553
0,07133803
0,02824016
0,07113791
-0,1099062
0,1601586
0,1404906
0,2208256
0,131837
-0,01833358
-0,03203685
-0,04473026
-0,03577912
-0,1573615
0,0007504505
-0,02912259
-0,02111242
-0,07993787
-0,06486751
-0,02541061
-0,03362662
-0,05100601
-0,01530595
0,02121633
0,05949114
0,001266396
-0,09683527
-0,03239661
0,02581931
-0,1922363
-0,07701024
0,1679851
-0,09419247
-0,03525263
0,02283976
-0,03975463
-0,02851373
-0,1307651
0,001857482
-0,1447766
-0,1695141
0,09505626
0,01616351
-0,1630664
0,05594251
-0,1033351
0,05519959
-0,05740684
-0,06251446
-0,2355118
-0,004039623
-0,1587798
-0,4044665
-0,0848082
-0,04394941
0,03419947
0,1144857
0,04205489
-0,01645363
-0,06728643
-0,097484
0,0565892
0,08000965
-0,08808754
-0,08372998
-0,04806924
-0,1040823
-0,07630676
-0,06480503
-0,08062388
-0,07713704
-0,01923278
-0,01876347
0,002675315
-0,02616292
0,0564309
0,06742599
-0,006993331
-0,0007019773
-0,06636698
-0,01802566
0,1073384
-0,09178846
0,01187096
0,1547875
0,1938852
-0,05113281
0,01346494
-0,06633189
-0,1065993
-0,03951851
-0,1486972
-0,09562344
-0,1210875
-0,0758348
-0,1973232
0,1867202
0,1326798
-0,05503043
-0,09274647
-0,03520145
-0,2037588
-0,1076976
0,005992117
0,03551592
0,1727629
-0,04141814
-0,07629847
0,03462078
0,01065757
-0,0439188
-0,04253276
0,09047555
-0,001133124
-0,04165486
-0,03589888
-0,02190177
-0,05315867
-0,06975801
-0,06550979
-0,04019212
0,007468751
-0,01798289
0,02049069
-0,03540031
0,0412395
0,1082018
0,01030509
-0,1217917
-0,007402009
-0,01295107
0,1146598
-0,07765304
-0,1086903
0,02552968
-0,1925467
-0,0552096
0,1388962
-0,003081341
-0,003463112
0,1668345
0,01145723
-0,1521357
0,04816623
0,1186932
-0,04243102
0,137723
0,3973757
0,05398076
-0,06624598
-0,08999661
-0,1330837
-0,1562887
-0,272597
-0,3247808
0,00647332
-0,09774246
0,1044584
0,1022074
0,01652331
-0,1180766
-0,09715703
-0,07405812
-0,04654763
-0,01791594
0,01663213
-0,01621354
-0,02253949
-0,02335037
-0,03534958
-0,01890635
-0,02614976
0,02894158
0,02891119
-0,004031798
0,1093345
0,06019537
0,03833703
-0,09782413
-0,02432943
0,06276688
0,03362826
0,05820577
0,008367078
0,03278211
-0,06213631
-0,167135
0,07475998
0,164691
-0,03189107
-0,006576258
0,05240963
0,08909149
-0,04155471
-0,02449854
-0,1470546
0,03193711
-0,1597721
0,01411273
-0,1223592
-0,2593433
-0,03718927
-0,1724088
-0,3239834
-0,1635598
0,1818513
0,05137294
0,05108308
0,08310182
0,07921876
0,04225172
0,05440541
0,1376126
0,04858515
0,08259967
0,04439336
0,05503923
-0,01336443
-0,02697018
-0,03698196
-0,02123518
-0,0002507957
0,001232775
0,01743796
0,07510509
0,07661489
0,07743224
0,05185235
0,09236411
0,1209018
0,02465271
0,07899521
0,07222319
0,06801971
-0,09924358
0,009674512
0,06957445
0,205063
0,05634548
0,02154378
0,04387929
0,01841843
-0,1094694
-0,1044831
-0,1449461
0,03033894
0,1950577
0,09039804
0,159003
-0,1204244
-0,05031111
0,01561446
-0,06080354
-0,3017019
0,1176895
0,1492696
-0,04168991
0,0381881
0,1516952
-0,01200117
0,06060369
0,0156877
0,03577074
0,03326842
-0,04743702
0,01169528
0,0021796
-0,006673064
-7,625026E-05
-0,007796852
-0,02105024
0,003833223
-0,02931769
-0,01800686
-0,03759385
0,03807659
-0,04333568
-0,1100432
0,07694836
0,157554
-0,06986579
-0,01551601
0,05592449
-0,1956423
-0,1988542
-0,1083148
-0,1513715
-0,2295984
0,1388621
-0,01223176
-0,09125686
-0,1377477
0,2261124
0,04811597
-0,07669674
-0,01553663
0,03363772
0,04840192
0,132362
-0,3068189
0,0693621
-0,2447982
-0,02356443
-0,09568096
-0,1030219
-0,04664322
-0,02162922
0,0008261371
0,01378869
-0,05985061
-0,01057389
0,00120238
0,06980281
0,06286839
0,04917341
0,0812082
0,06548353
0,008021737
0,008480427
0,02728113
0,00211258
0,001285888
0,02250839
-0,01110081
-0,07462496
-0,1524087
-0,08838575
-0,03788108
0,00524472
0,04320524
-0,01589944
-0,01698632
-0,1384452
-0,05942947
0,0876254
0,01862167
0,1057953
0,1376673
0,004254998
0,06593636
0,04090687
-0,1596877
0,04704603
-0,09321097
0,1086263
0,04410037
-0,1121621
0,1224789
0,09735565
0,006958834
-0,009641951
-0,1073344
0,1444356
-0,1190136
-0,1014404
-0,1192418
-0,06960423
-0,1233717
-0,07552641
0,00447763
0,07540669
0,08065255
0,09892692
-0,02535764
-0,1038708
-0,05122244
0,1383556
0,05022019
0,05272476
-0,003053519
-0,0478875
-0,01027091
0,01214579
0,03783102
-0,03865207
-0,07293457
-0,0166293
-0,1252321
0,0549173
0,0602737
-0,06315879
0,04547595
0,02087383
-0,01650736
-0,03997622
-0,1888945
-0,08591657
0,02913382
0,01742772
0,1492165
0,1646717
0,05475776
-0,1833676
0,01834921
-0,1695667
0,1332765
0,1343385
0,1060775
-0,1272312
-0,03143299
-0,01024123
-0,1290185
-0,154984
-0,2272014
-0,004419149
-0,154336
0,00761291
0,03191262
-0,00276783
-0,09952436
-0,04376478
0,1023191
0,02747205
-0,0179816
0,02641318
-0,03673678
-0,002657426
0,01639139
0,04535178
0,01637173
-0,01372524
0,02673783
0,02570896
0,03703504
0,02062698
0,008892756
-0,2151442
-0,1524844
0,002249334
-0,1276074
-0,01868702
-0,07267607
0,155698
0,07022749
0,1483865
-0,1060332
-0,2940629
-0,03089353
0,03688908
-0,01776864
-0,1111265
0,1153745
-0,04788488
-0,09820063
0,08685432
0,04726627
-0,06230607
0,158624
-0,1255338
0,05438684
-0,1061806
-0,01852303
-0,06725897
-0,2475195
-0,08877037
-0,1555941
-0,1008945
0,03181623
0,08121146
-0,01454393
-0,1125682
-0,002096312
0,01795218
0,07066571
0,0614999
-0,006772817
-0,03698396
-0,0253265
-0,01559538
-0,03140635
-0,06447262
0,01874851
-0,01868109
-0,0209821
0,02388437
-0,02162849
-0,05631683
-0,1743244
0,1063839
0,03054703
0,1170053
0,05172439
0,08232358
0,04404913
-0,1392537
-0,1600838
-0,02251532
-0,057936
0,04759197
-0,04426394
0,1925722
0,1088876
-0,02683078
-0,01599816
0,003919404
-0,04197929
-0,08895089
0,1428403
0,1699297
-0,1266513
-0,007828759
-0,220989
-0,04308435
-0,1457386
-0,02534991
-0,1313546
-0,000896615
-0,0519754
-0,00292422
-0,04744694
-0,1381905
-0,1008711
-0,08419798
0,02688073
-0,05327844
-0,04248862
-0,04886987
-0,01300867
-0,02327964
-0,06248778
-0,02218064
0,03273865
-0,01751039
-0,003972295
-0,002151935
-0,02265552
-0,03111439
-0,1029559
-0,004468411
-0,01802711
-0,1339752
0,09466136
0,09659297
0,1220799
-0,2128935
-0,04405455
0,07252302
-0,1220963
-0,03167373
-0,04502379
0,07153665
0,001194768
0,09844107
-0,09339094
0,1311161
0,02955669
0,1439347
0,1127402
-0,03172722
0,1466022
-0,03033741
-0,0576207
0,01403289
-0,05220444
0,11266
0,06813062
0,1723588
-0,1204418
-0,01816217
0,01050846
0,192493
0,0730663
0,0260301
-0,04971281
0,04804721
-0,004233183
0,0209371
0,05609818
-0,01785927
-0,00638584
-0,04534175
0,005843458
-0,02753673
-0,0240905
-0,01825625
-0,1008157
-0,2189875
-0,168706
-0,07559976
-0,1416426
-0,2233558
-0,09403577
-0,1977259
0,08036287
-0,1831912
-0,1174449
-0,04364359
0,1016818
0,07389678
0,007307186
0,1385981
0,1245377
0,2076811
-0,004001305
-0,006890719
-0,2010556
-0,08576264
0,07838165
0,09507789
0,1066877
-0,05654784
-0,1502544
0,09954975
0,0004148617
0,1314906
-0,07074965
0,1176997
-0,06144146
0,08156663
0,1146223
0,0450837
0,05931647
0,03654382
-0,01775595
0,144158
0,02220225
0,0239591
0,01666684
-0,01686691
-0,04394076
-0,07118534
0,0259262
-0,006154137
0,01087589
-0,04739797
-0,1139468
-0,2194652
-0,1273917
0,04840596
-0,2192886
-0,06946093
-0,1997312
-0,1454415
-0,1248148
-0,09808246
-0,1213415
0,03809523
-0,0467388
0,09300733
-0,07872567
0,09331104
-0,0008392186
0,03569928
-0,1242572
0,1453232
-0,006833935
-0,08700765
0,02748336
-0,0286327
-0,1818366
0,07295247
-0,2109893
-0,1374089
-0,07344068
-0,0009662887
-0,04155576
-0,07046886
-4,942502E-05
-0,02144494
0,1681285
-0,005304198
0,05895986
0,01328783
0,06496679
0,0585827
0,002661421
-0,01947014
0,01394482
-0,008781758
-0,05300403
-0,05120724
-0,0224913
0,01424004
0,01929885
-0,07364406
-0,1313721
-0,237883
-0,1649644
-0,03661984
-0,03545839
-0,1250051
-0,04825688
0,03094546
-0,1300956
-0,06720514
0,09725455
-0,04558372
-0,2314305
-0,00794218
0,2223176
0,109931
0,05951975
0,08051872
0,09866193
0,06792795
-0,07033699
0,1407338
-0,002198869
0,007432362
0,1015954
-0,006150255
-0,02183812
-0,09655154
-0,03323976
-0,1446292
-0,09404311
-0,2082978
0,09120471
-0,2312703
-0,1503527
0,00691478
-0,01872025
-0,1258147
-0,03949217
0,03474264
0,04519279
0,04805333
0,1336819
0,03317476
0,003992286
-0,01842482
0,006601332
0,02299548
0,001280937
-0,02854996
-0,09750661
-0,2116271
-0,1138982
-0,09292306
-0,06463145
-0,0986965
-0,008790402
-0,1283466
-0,1498248
-0,3116029
0,03200297
-0,04448588
-0,01497886
0,02579565
0,04286972
-0,02679387
-0,05499857
-0,1443674
-0,0855717
-0,09874707
0,167088
0,104037
0,05517821
0,05472459
-0,05864443
-0,03685996
-0,01519579
-0,02829922
-0,03037088
0,05551802
-0,1206623
0,019831
-0,02914682
-0,03623716
-0,2997068
0,05851414
0,1236819
0,1122594
0,01576712
-0,06339506
0,09444236
0,1134474
0,07974353
0,007242233
-0,003506033
-0,01972968
-0,01537872
-0,022358
0,0148284
-0,06707721
-0,06997126
-0,07218413
-0,04043633
-0,06383386
-0,1055604
-0,1681733
-0,04012732
0,01198074
0,06480297
-0,08177512
0,03791574
0,156995
0,1684083
0,08446331
0,01573241
0,0118523
-0,02742088
0,3601891
0,0136593
-0,06061016
-0,05905317
0,07775512
-0,1521115
-0,07940685
-0,004191793
0,1059456
-0,06318894
0,04346405
0,05276715
0,06263924
-0,0339292
0,08585822
0,1336814
0,04107259
-0,1150621
0,0133611
-0,08959345
0,0666045
0,02544433
-0,05024187
-0,07113527
-0,01044568
0,06477541
-0,02897522
-0,01274108
0,00792404
0,03791038
0,01183618
-0,004481193
-0,01975413
-0,0733773
-0,138486
-0,06735348
-0,05783859
-0,20859
-0,09935284
-0,1292283
-0,2642477
-0,2155733
-0,02314399
0,1200516
-0,08250491
0,067748
-0,05008855
0,04481335
0,1153487
-0,06046241
0,09847552
0,06381358
0,1372489
-0,1026169
0,08672815
0,1562174
0,1008718
0,01405703
0,07292816
-0,0344455
-0,08932959
0,02348957
-0,08012522
-0,06682352
-0,07178188
0,007783729
0,1393719
0,08769995
0,06170988
0,0674076
0,06877549
0,152938
0,07465799
-0,139214
-0,1449418
-0,02934626
-0,03966706
0,02793434
-0,02572802
-0,01809911
-0,01936808
-0,03811944
-0,08175664
-0,1130631
-0,1387085
-0,1014887
-0,07784139
-0,07736664
-0,05530789
-0,1869294
-0,0723431
-0,04158368
-0,01518768
-0,05500587
-0,02642887
-0,08527374
0,0828613
0,1880002
-0,0498247
0,03525622
0,03505216
-0,1379357
-0,0207679
0,2449747
0,1182281
0,1395669
-0,003974281
-0,1275848
-0,1228562
0,165479
-0,0613839
0,0491689
0,04488217
-0,0163346
0,1992466
0,08490452
0,05701153
0,06134371
0,009794693
0,07526622
-0,09413422
0,1289196
0,03815665
-0,02480145
-0,02612797
-0,04466775
-0,01768733
0,0178754
0,02498635
-0,003768728
0,02844881
0,02173512
-0,06425927
-0,12633
-0,1169978
-0,06648525
-0,1731184
0,007088589
-0,1298686
-0,1499834
-0,2189824
-0,01223804
-0,1059895
-0,1008947
0,009221474
0,188601
0,1644425
-0,004768898
-0,01938619
-0,03404725
-0,1798277
-0,02759616
-0,08910721
0,05819541
-0,1275486
-0,1300006
0,0694185
-0,09039868
-0,009450763
0,1376491
-0,2315784
-0,02790643
0,04128558
-0,1256803
-0,1575069
-0,2800045
-0,09234384
0,1282872
-0,08490902
0,03019932
-0,06084277
0,1340087
-0,01285777
0,08134699
0,05405167
-0,01372477
-0,04531422
0,01730203
0,03059847
0,02974237
0,008172781
-0,009667003
-0,0594591
-0,0576774
-0,06895117
-0,07758649
-0,1052909
0,04922868
-0,1213741
-0,2055642
-0,2153084
-0,1321221
-0,03141739
-0,08151182
0,07335441
0,01704613
-0,04163948
-0,03618718
0,06351975
0,04139082
0,3210522
0,1656698
-0,1022316
-0,02869663
-0,03703436
-0,02638759
-0,0007551995
-0,125402
-0,1389171
0,04358175
-0,08490638
0,08239925
0,1223697
-0,1058201
-0,07838961
-0,1047016
-0,05955558
0,08828494
-0,1113133
-0,03333844
-0,0651006
-0,09142908
-0,01583704
-0,1678718
-0,07020206
-0,03894577
0,02341154
0,02700837
0,03338072
0,04404238
-0,003945356
-0,03890468
-0,05941287
0,05538697
-0,0382161
-0,1475159
-0,1181089
-0,1365164
-0,07233908
-0,1209506
-0,009056157
-0,06968452
0,01509026
0,007655129
-0,07467473
0,005542206
0,007994127
-0,08255147
-0,05228812
0,08529612
-0,07455364
-0,0740324
-0,07660877
0,1922823
-0,00361553
0,06238175
-0,06403836
-0,04033622
-0,1454984
0,04045409
0,02486678
0,1601264
0,05348229
-0,001919376
-0,03435875
-0,002152555
-0,006564008
0,0332183
0,09185623
0,1769174
0,2258983
0,1529715
-0,06270289
2,258481E-05
0,04331625
-0,02063261
-0,02897772
0,003921958
0,0639906
0,05822012
0,01726253
-0,03543035
-0,05992433
0,01783782
-0,07926776
0,00464967
-0,1750352
-0,08301249
-0,2127134
-0,1023881
-0,07671336
-0,03464587
-0,1152361
-0,105188
-0,2127337
0,02590476
0,02044643
0,1238357
0,06694379
0,03069601
0,1335267
0,008985789
0,06946436
0,07824114
0,04901746
0,03018554
0,1006456
0,01339592
0,001462136
-0,1006315
0,1539186
-0,06456126
-0,04966671
-0,01013435
-0,02980943
-0,04610578
-0,0895387
-0,2173746
0,05204463
0,05952661
0,01668494
0,04035335
-0,02191083
-0,07413242
-0,01448387
0,06804397
-0,05155949
0,04987371
0,05281103
0,06243791
-0,01033311
-0,01689783
-0,03843692
0,01000777
-0,05537441
-0,1531904
-0,06990004
-0,07553572
-0,134801
-0,05502512
-0,02846795
-0,1068975
-0,1284698
-0,1506442
0,06897883
-0,06707842
0,1952898
0,02464033
-0,04073657
-0,06799021
-0,1264984
-0,2243892
-0,2428313
-0,1734035
0,006611738
-0,0006925549
-0,06540233
-0,00882724
-0,1023461
-0,06528083
-0,05291896
-0,02963083
-0,1680245
-0,01565825
0,1134477
0,04044858
0,05854303
-0,1333851
0,09521279
0,115234
0,008845053
0,04541126
-0,008521417
-0,1038209
0,002854798
0,03189959
-0,02997717
0,01624718
0,07441264
0,05810585
-0,02660979
-0,01375796
-0,008131439
-0,04339255
-0,0448178
-0,1783836
-0,1222105
0,04073132
-0,02834984
-0,07645506
-0,1737655
-0,1024229
0,002444421
-0,1226013
-0,2149013
-0,1823041
0,04994706
0,01305874
-0,04008589
0,1146028
-0,006351741
-0,08886933
0,2024705
0,09042057
0,06647066
-0,03764687
-0,1121066
-0,04591806
-0,1903445
-0,2168804
-0,1702022
0,02142736
-0,01322304
-0,01539816
0,1056653
0,01707447
0,07206436
-0,09712578
0,01167351
0,1326129
0,1100665
-0,003861926
-0,002345547
0,03831225
0,07805108
-0,05950873
0,06203482
0,02888732
0,04932792
0,004077559
0,01450438
-0,03886219
-0,03535157
0,000760267
-0,05168908
-0,09451943
-0,05010512
0,01814338
0,0160377
-0,1086211
-0,179494
-0,1283521
-0,1447473
-0,1449004
-0,263795
0,07678625
-0,09649464
-0,07788552
-0,09161112
-0,08820561
0,02921466
0,1947524
0,09144302
0,06325635
-0,04953447
0,09747816
-0,05384037
-0,002483733
0,007540041
-0,04040129
-0,03684884
-0,1272194
-0,02954508
0,1260052
-0,24066
-0,02116306
-0,143219
-0,03733094
-0,03039148
0,02244132
0,01020252
-0,1132417
0,02816207
0,05223352
0,03394508
-0,004894387
0,0616456
0,02877311
0,00293581
-0,01696317
0,00898055
-0,04530249
-0,02197087
-0,0300571
-0,06405273
-0,1364647
-0,03657683
0,1130236
0,01066323
0,02385093
-0,06896214
-0,1085912
0,03433712
-0,05944107
-0,2864471
0,03183207
-0,09909318
-0,0312077
-0,0496044
-0,1348734
0,07269756
0,1578772
0,05452838
0,06356389
0,2145618
-0,1794416
-0,03839417
-0,08013225
-0,01848506
-0,1604385
0,02154416
-0,303423
-0,2586849
0,1041846
0,03223448
0,1954383
-0,1936422
0,03386798
0,036102
-0,1377161
0,1479789
0,04650678
0,1726663
-0,000324322
-0,002735271
-0,01152911
-0,01598342
-0,02068578
-0,002901898
0,03205667
-0,003208148
-0,01299498
0,02485261
0,05358943
-0,07932582
-0,04848957
-0,189943
0,03695834
-0,002654865
0,09614648
-0,02681688
0,08698091
-0,04903901
-0,08293562
-0,005644671
-0,005401477
-0,09486185
-0,08048394
0,0003241664
0,04718116
0,003669329
-0,1636275
0,0595618
0,05746655
-0,1128671
0,03902128
0,1815697
-0,001375024
-0,01386388
-0,006857956
-0,03478019
-0,03570266
-0,0618377
0,01180077
-0,06642774
0,07949527
-0,01061756
0,02791249
-0,01842092
-0,06338835
-0,01055613
-0,02692096
0,09599159
-0,05327783
-0,1462293
-0,03298495
-0,005714618
-0,02438755
0,002327631
0,003943386
-0,01912353
-0,0264775
0,02346512
-0,005427941
-0,03357117
-0,01813009
0,1009739
-0,06585409
0,1251254
0,05900596
0,0103876
-0,1056776
-0,2543743
-0,07024739
-0,04142254
0,039429
-0,09179115
-0,02717651
0,06100246
-0,01293398
0,04609179
-0,1191429
-0,151089
0,1070147
-0,09692601
-0,1612546
0,01186663
0,1876286
0,09281146
-0,05409057
-0,0153903
0,004334392
-0,02053038
-0,1037252
-0,03968223
-0,0192408
-0,1267754
0,04422918
0,03253854
0,1113857
-0,09772673
0,07876608
0,1835863
-0,00459336
-0,05373361
-0,06213494
0,01650169
-0,00482813
0,003959279
0,002130556
0,01612576
-0,001696176
0,03573757
-0,02205577
0,02112616
0,1002219
0,06711236
-0,04489579
-0,02020776
-0,07366708
-0,06799987
0,006938122
-0,01644568
-0,1014644
0,02830916
-0,1396402
0,08581588
-0,06593851
-0,01547359
0,0686703
0,0474215
-0,0437624
0,04695208
-0,04461187
-0,1410979
-0,1319923
-0,224426
-0,04387987
0,008392931
-0,08540907
-0,1310538
-0,03088719
-0,009202261
-0,008187083
-0,03435049
-0,2287841
0,05204152
0,002782458
-0,1723055
0,02354014
0,06681758
-0,004547982
-0,007193048
-0,04144201
0,003329645
-0,01154516
-0,02006997
-0,0168145
0,007558926
0,01399144
-0,008825202
-0,00418361
0,01972945
0,04894619
0,008335384
0,04244022
-0,04909885
-0,001455151
-0,0402493
0,008371895
0,05077928
-0,1461951
0,01841237
-0,2316118
-0,1227773
-0,09585434
-0,004322952
0,007923601
-0,07498787
-0,1447724
-0,01104922
0,2406608
0,1904562
-0,1265133
-0,03076674
0,1102366
-0,04262664
-0,1442941
-0,06839848
-0,105264
0,01703658
0,02133079
-0,08881012
-0,1833591
-0,1555189
0,003070288
0,06414401
-0,1127454
0,0005458186
0,06870663
0,09172067
0,03156236
0,08469497
0,03010104
-0,0298426
-0,06603304
-0,06278847
0,002863781
0,04397785
0,02705569
-0,0008222663
0,01458838
0,03042762
-0,00374139
0,07157525
0,1438115
0,04493159
-0,02065538
0,05604192
0,01596318
-0,07507173
0,006094626
-0,05616183
-0,03209065
-0,08821817
-0,05990322
0,05937722
-0,03347502
-0,06731175
0,1016809
-0,002975909
-0,1012306
-0,2517342
0,003431867
-0,1080684
-0,0850136
0,04370521
0,1225026
0,01684569
0,009469307
0,04761304
0,02830892
-0,08383632
-0,08259299
-0,04231564
0,1333672
0,1025212
0,007893928
-0,04335517
-0,1166136
-0,02041611
0,07481537
0,04152683
0,01461562
0,04561547
-0,03913328
-0,04638284
-0,01815314
-0,02778353
-0,00782659
0,02777379
-0,01212432
0,07433174
-0,02662769
-0,04781789
-0,06103707
-0,03229067
-0,06131034
0,1777926
0,1547833
-0,1129338
0,02451795
-0,04680717
-0,04286461
0,03449775
-0,02074819
0,1764928
-0,06983837
0,08131796
0,01953941
-0,03894548
0,1013798
0,1701125
0,06149444
-0,2521505
-0,2511604
0,008720245
-0,04871247
0,05953531
-0,02714819
-0,0434358
-0,2189022
-0,1181383
0,008033241
0,006531347
-0,04992967
0,1295
-0,04562159
0,02263543
0,1142167
0,0753886
0,02973277
-0,1009598
-0,02987897
-0,01320223
0,01341517
0,01825256
0,003916374
-0,0151118
-0,03335889
0,02265824
0,02054071
-0,03959293
0,02265082
0,07122583
0,009017294
0,03270267
0,08973761
0,1555208
0,148314
-0,05430033
0,04968787
0,1133397
-0,07315981
-0,02729871
-0,05315561
-0,2556066
-0,110067
-0,01166233
0,07886843
-0,0263183
0,02823292
0,2201022
0,1499424
0,01425215
0,1416683
-0,1180884
-0,179844
0,004552606
-0,1078115
0,06565402
-0,1217414
0,04896738
-0,06824014
-0,005341195
0,07254904
-0,01289431
0,1129877
0,1229317
0,002169646
0,1174176
0,1062636
-0,008366035
-0,02940832
-0,04392894
0,06553832
0,0007408662
0,03759903
-0,02753553
-0,02873964
-0,006194814
-0,04872851
-0,008647787
-0,04977997
0,1339975
0,06973206
0,06316631
0,02646328
0,07554486
0,0173564
0,06099784
0,08973966
-0,01578647
-0,02158436
-0,06503218
0,09706948
-0,1296158
0,09142241
-0,0715231
0,02486887
-0,1618433
-0,04679426
-0,2696415
-0,09935847
-0,01934236
0,03199323
-0,1313946
-0,008845528
0,04239705
-0,03960953
-0,0505924
-0,2975661
-0,09892153
-0,1237324
-0,08189172
0,08833425
0,04160155
0,03258311
0,0417447
0,08119068
0,04587102
-0,07561685
-0,02192487
-0,02974937
-0,02756009
0,007363068
-0,00783024
-0,03034935
-0,03602664
-0,03519693
0,0001860425
-0,04289837
-0,06116436
-0,03557628
0,04095095
-0,1348451
-0,04742858
0,04467566
0,06259704
0,1343474
0,1021635
0,02126244
-0,05462004
-0,08552568
-0,07845825
-0,02001529
-0,01254239
0,08635075
-0,0143329
0,08098243
0,02088571
-0,03705442
-0,04675691
-0,09978834
-0,04299926
0,1460414
0,00150351
0,1347263
0,06372137
-0,02275058
0,05261932
0,04960087
0,09219486
0,1737482
-0,1533354
0,1289532
-0,05195556
-0,03893051
0,06008859
0,04721768
0,03078148
0,02279651
-0,03653265
-0,04908063
0,01678106
0,03648165
-0,03012598
0,003297667
-0,03970681
0,01083939
-0,001278946
0,02493218
-0,04224009
0,02759476
-0,1151881
-0,07982998
-0,06064693
0,06911988
0,01657454
-0,02352662
-0,03860011
0,0362139
-0,1626251
-0,1575642
0,01606159
0,005801541
0,1173381
-0,01232316
0,002040072
-0,0375941
0,002200398
0,078275
0,1434596
-0,05052192
-0,1623838
0,04751353
0,03915487
-0,04125149
-0,1749174
0,02166521
0,110693
0,09489719
0,05813348
-0,1820433
0,0112375
0,06634123
0,02722424
0,001386964
0,03935015
-0,02338284
-0,07356712
0,133679
0,05683106
-0,05622401
0,0006203909
-0,01448406
-0,01798798
-8,471207E-05
-0,02441425
-0,03020349
-0,02352164
-0,02604909
-0,0317221
-0,06646551
-0,08416567
-0,1393749
0,02319573
0,09541957
0,07796078
0,06321938
-0,01563947
-0,005514307
0,06955618
0,04710351
0,03091975
-0,2572902
-0,06164088
0,2219673
0,1282769
-0,03075271
-0,0504099
0,08552597
-0,08746317
-0,06572593
-0,1714609
-0,1636397
-0,1449993
0,1509606
-0,09834164
0,1101764
-0,1443135
-0,03548422
0,04257444
-0,1371437
-0,001720561
0,02635179
0,1195951
-0,1797904
0,003429777
0,04451486
0,09908098
0,1591845
-0,01394525
-0,1816721
-0,06603611
0,05007313
-0,0171835
0,0008122266
0,00055803
0,006921017
0,006882466
-0,02646674
0,01131189
-0,03241175
-0,1095613
-0,09108548
-0,008145771
0,148726
0,2466443
-0,05818476
-0,006204779
-0,1147355
-0,05653556
-0,04763728
0,04900462
-0,03837498
-0,0215168
0,05795557
-0,07183816
-0,1628431
0,04139161
0,1883579
0,03429973
-0,1499417
-0,1250634
-0,2470365
-0,05736991
0,0283269
0,1486872
-0,004626183
-0,293352
-0,1398901
-0,01318304
-0,02740022
-0,04138966
-0,1098492
0,1044105
-0,1451803
-0,007694977
-0,0178705
-0,07967102
0,05559762
-0,01039796
-0,0250088
-0,03205181
-0,01356315
0,03477016
-0,003976381
-0,02467554
-0,04166125
-0,0192648
-0,01635509
0,002203225
0,01394181
-0,09006551
-0,08185226
-0,1227234
-0,04894593
0,03311181
-0,01408738
-0,1783657
0,1929601
-0,08897465
-0,08800549
-0,1589846
0,05496009
-0,1691951
0,02476829
-0,006371265
0,05171657
0,1011966
0,03468605
0,1047641
-0,1617887
-0,01809188
-0,1774778
-0,04835823
-0,1173383
-0,09406656
-0,08581743
0,003198517
-0,006145729
-0,09667088
-0,1892906
-0,03273154
-0,05371573
-0,1889101
-0,1221171
-0,01338632
0,1336765
-0,0593467
-0,07526503
-0,05126727
-0,003057488
0,02733058
0,01106845
0,01804494
0,007876737
0,004468887
-0,02021591
0,02463328
0,006011035
-0,04690635
-0,02754764
-0,0357509
0,05915651
0,00656917
-0,1521016
0,0480336
0,007116433
-0,08106695
0,04146986
0,0437325
-0,04237877
-0,1715891
0,00042111
0,08721193
0,06177215
-0,06525768
0,021823
-0,02217171
-0,05649017
0,03119066
0,01875496
-0,1857102
-0,1874859
-0,1129755
0,1039759
-0,02088061
-0,2401385
-0,122288
-0,03318568
-0,01419775
-0,161448
-0,0541021
0,0537033
-0,2409581
-0,1041174
0,02914572
0,1009872
0,006840474
-0,004009652
0,01209295
0,09887759
0,01237554
-0,05701581
-0,07645977
-0,003118856
-0,04242383
0,005338384
-0,02262587
0,01815479
0,0003695539
-0,008636881
-0,001092345
0,03236612
-0,1171128
-0,05708816
0,03918876
-0,06565913
0,005620807
0,09139445
0,1560243
0,1631342
0,01491987
0,0909656
-0,07338774
0,04406054
0,06644436
0,09224164
0,02483337
0,171966
0,08417538
0,1036918
-0,09913187
-0,1740408
-0,09833335
0,123955
-0,2079882
-0,125536
-0,08432531
0,1357969
0,005620623
-0,05135562
-0,1204102
-0,09458214
-0,06210088
0,008965988
-0,04831553
0,1523549
0,2139434
0,09174912
0,06442211
0,02854913
0,0479351
-0,05881306
-0,02097023
-0,02934153
0,009595157
-0,02027114
0,002264034
0,0447625
-0,003556026
0,03536457
-0,1081838
-0,1223758
-0,1080624
-0,08948124
-0,02624142
0,2786333
-0,06621284
-0,07369982
-0,001502534
-0,0193942
-0,1260245
-0,04875331
-0,01428208
0,006868267
0,0131937
0,09554681
-0,01608994
-0,07187343
-0,122785
-0,00615433
0,06484276
0,09729443
-0,03476037
0,06321708
0,05787932
0,144061
0,2017624
-0,1208329
0,0505176
-0,06655238
-0,09065642
-0,1104398
0,05451558
-0,05379929
0,0568702
0,02479596
0,2013153
0,002145654
-0,1015603
-0,07463465
-0,02353691
0,004982999
-0,0292254
-0,02115134
0,01007938
0,01896909
0,01884411
-0,00914147
0,01944472
0,01163289
0,01421262
-0,1476967
-0,11986
-0,1351859
-0,06375149
0,1155827
0,02134184
0,05290215
0,0414266
-0,005995855
0,07970322
0,1466823
0,04128244
-0,02677697
-0,169884
-0,01339912
0,007544607
0,04635151
-0,01136214
0,1150841
-0,08913013
-0,2168744
-0,06279161
-0,1362516
0,03514762
-0,05374127
0,08598679
0,001654539
-0,1556561
-0,148491
-0,143423
-0,09961735
-0,05481683
-0,08958533
0,006391375
-0,01974396
0,1361853
0,07742929
-0,0003770872
-0,02647894
0,009950534
0,04849927
-0,003171411
-0,05950809
0,003268744
0,01438831
0,01420999
-0,01271257
-0,06858253
0,01221517
-0,1720799
-0,01402191
-0,08495277
1,992354E-05
-0,1747185
0,1049065
-0,04986839
-0,08371259
-0,07562575
0,1920002
-0,02791405
0,01048272
0,05200125
-0,04111948
-0,04091302
-0,03930506
-0,05202586
-0,01492485
-0,1000025
0,001583789
-0,1842513
-0,04149644
0,178659
-0,1184432
0,2237826
0,1409846
0,007306347
0,07175782
0,09027598
-0,07373392
0,1171834
-0,03119469
-0,07996422
0,07126772
0,02604447
0,01414404
-0,08745483
-0,02398098
-0,03992563
0,074912
0,05231046
-0,02804803
-0,01510201
-0,03738255
0,01633368
0,02435734
0,01993995
-0,03350534
0,03216164
-0,03309103
-0,05601579
-0,05108338
-0,05876585
-0,06682115
-0,0258705
-0,001970831
-0,08349656
-0,07338551
0,05284362
0,09229474
-0,005080089
-0,1027534
-0,2248646
0,01075519
-0,01081912
-0,09658743
0,01668292
-0,007571583
0,06451133
0,04959025
-0,04936077
0,1327435
-0,1330471
-0,1218507
0,168888
0,0132043
-0,08365668
0,1188541
-0,1081771
0,08228207
0,1277557
0,06251383
0,04492722
0,1244959
0,03398649
0,06967383
0,05009919
0,0170584
0,09212403
0,09853274
0,06239155
0,04025261
-0,03192089
-0,03085555
0,02304794
0,03803351
0,002512596
-0,007370122
-0,06254222
-0,04791385
-0,069045
0,02394255
-0,05553866
-0,03353912
0,1182396
0,1266534
-0,04367087
0,07984799
0,0400901
0,06368843
0,0938855
0,1497702
0,1718172
0,1566436
0,03309218
0,001546238
-0,1560197
-0,1031326
-0,1192902
0,05230132
-0,03127129
0,03954781
0,1190257
-0,02238495
0,1729898
0,1274464
0,09429961
-0,2088533
-0,01434223
0,06741428
-0,1396605
-0,03091204
0,1857502
0,0363495
-0,1363154
0,02803213
0,09474515
0,004115478
0,09553758
0,05349867
0,06603497
0,02522742
-0,006855283
-0,01172119
-0,005959757
-0,01292234
0,008797159
0,01858357
-0,006963473
-0,04033877
-0,01725071
0,01535866
-0,02289432
-0,04419368
0,001587784
-0,1419543
0,1899327
0,06523234
0,06237105
0,06237153
0,1214613
0,0308961
0,1674634
0,08881839
-0,05335122
-0,1916978
-0,1894742
-0,04926211
0,0984371
-0,1289278
0,06376202
-0,06406081
0,04438283
0,04155685
0,1390304
0,1862518
0,1161674
0,02243754
0,2060959
-0,0657039
-0,09924485
0,08926338
-0,02573319
-0,1569891
-0,1507904
0,001722804
0,1547234
0,1594222
0,06311306
-0,02107906
-0,0494612
0,002843724
0,02440123
0,00480131
0,02732115
-0,01298716
-0,01739324
0,01029905
-0,01536949
-0,0002438354
-0,06269514
-0,03484455
-0,002654621
-0,1038016
-0,0893183
-0,1026319
0,04005431
0,01319629
0,03674396
0,2004155
0,2377247
0,0377165
-0,03534729
-0,1346327
-0,1238755
-0,05871768
0,04237696
0,01514151
0,1716421
0,0751767
0,01468852
-0,0371192
-0,08209022
0,1448015
0,1314677
0,04536952
0,1693638
-0,01807403
-0,01935827
-0,01979299
-0,1435256
-0,07875632
-0,06503224
0,09479082
-0,009834315
0,06914981
0,03310367
-0,0004494342
0,05675935
-0,04991576
-0,05020972
0,06881983
0,06434148
0,01728982
0,02006498
0,01408114
0,0005715408
0,01119677
-0,03341801
-0,008253775
-0,1256765
-0,1536326
-0,05888651
-0,06298602
-0,08055207
-0,01370376
-0,09764891
-0,08469675
-0,06405019
0,01341125
0,1597796
0,04026804
0,0270376
-0,1292088
0,03405123
-0,1510931
-0,02314683
-0,08651482
-0,06078644
-0,132015
0,1083624
-0,053329
0,1104274
0,08403219
0,1078106
-0,06745951
0,04015547
0,02293058
-0,09083199
0,05667751
0,02387613
-0,272343
-0,1349609
-0,1001908
-0,03246408
0,1572283
0,03639038
-0,02003511
-0,01135646
-0,03222199
-0,0564347
0,03891569
-0,02392856
0,0155926
-0,01504692
-0,01641614
0,01178198
0,03336821
-0,01697685
0,03118949
-0,00416866
-0,05031099
-0,03183793
-0,08408377
-0,1353402
-0,04452874
-0,1518798
-0,1264027
-0,1388663
-0,1047278
0,1291188
0,03247196
-0,002401769
-0,1041825
-0,131897
-0,182184
0,01122409
-0,04237662
-0,01449826
0,1306681
-0,08609845
-0,02164756
0,1131388
-0,02097055
0,08294222
0,1460438
-0,04628483
0,04402224
0,03670657
0,0460095
-0,054762
-0,1717407
-0,09801571
-0,0104138
0,08257197
0,01086541
0,0327
0,01516092
-0,07769868
-0,05677133
-0,03612798
-0,0158905
0,00962539
-0,01001521
-0,006148465
-0,01403037
0,02377653
-0,02352616
-0,01776046
0,06739528
0,03514293
0,02922972
-0,04561989
-0,03716607
0,01188832
-0,06632823
-0,07245703
0,0828156
0,04127904
0,08034417
-0,1039827
0,01282305
-0,1134188
-0,04080651
-0,05430402
-0,286255
-0,07163835
-0,1108311
0,08067491
-0,07696553
0,03274246
-0,07948914
0,1930641
0,136251
0,2477719
-0,02278759
0,0176763
0,1040731
-0,1146222
0,03443142
-0,1353473
-0,1007144
-0,02340942
-0,05991859
-0,06921967
-0,04605608
0,0399482
-0,07202519
-0,03395861
0,02640725
0,07562031
0,01477912
0,03439789
0,01785133
-0,005316501
-0,01936738
-0,01143309
-0,01450099
0,001855002
0,004043873
-0,01065121
0,05061145
-0,06921798
-0,06391975
0,06941564
-0,04596734
-0,08224992
0,0920622
0,1729705
0,0001830858
-0,0365653
0,004397011
-0,07707917
-0,2329581
-0,1436866
-0,2344753
-0,2657303
-0,04198423
-0,009492416
0,03024885
0,1118812
0,08197368
-0,02251204
0,07704703
0,1292191
0,01696173
0,1963064
0,1309901
-0,02004777
0,00069513
-0,04459813
-0,05767495
-0,01132044
0,09152038
-0,09314888
-0,06718059
-0,0478824
-0,01343249
-0,02816303
0,02176645
-0,002145362
-0,06494178
0,000349308
0,05966182
0,02637442
-0,01518048
-0,0008777957
-0,02151858
0,03485462
-0,0004964127
-0,01805475
0,002467895
-0,04313518
-0,07873513
0,007212945
-0,1102502
-0,1378994
-0,08879424
-0,02241428
0,1643525
0,08813374
0,09233174
-0,1237394
-0,08226794
-0,1635329
-0,09348106
0,0971021
-0,06942812
-0,09579638
-0,1161827
0,04349471
0,1075934
0,01007838
0,04051663
0,06534959
0,03108463
0,1216338
0,02803696
-0,1366203
0,04763651
-0,04598361
-0,007851345
-0,0293
-0,05319729
-0,01619991
0,02527684
0,01902085
0,04873047
0,02971228
0,04285358
0,003659597
-0,02599071
-0,01542153
0,03512845
0,002423319
0,02087872
-0,0002753815
-0,02191568
0,01981169
-0,01349333
-0,01019112
-0,02441605
-0,01304099
-0,0125322
0,05617676
0,03695231
-0,1481925
-0,1198348
-0,03370746
0,08006114
0,08359092
-0,002076232
-0,1016903
-0,04039286
-0,06632083
-0,2054526
-0,02917697
-0,0752171
-0,08092421
-0,07503858
-0,0321047
-0,03189953
0,05426867
0,06793873
0,16382
0,07494715
-0,04075224
0,01779345
-0,03924105
0,02402204
-0,005736369
-0,01904787
-0,04312395
-0,01257264
-0,002548605
0,04190049
-0,03194122
-0,00356756
0,02785234
0,007664509
0,0311125
0,008605635
0,0008203259
0,009237204
0,01443851
0,008433562
0,00258934
-0,009009512
0,03137759
-0,001045595
-0,01368919
0,02460559
0,01767584
-0,004420617
-0,01051537
0,01926769
-0,00595718
-0,04064174
0,03974691
-0,008195315
0,01000648
0,01630224
-0,1277408
-0,1779546
-0,1296321
-0,1784947
-0,1517016
-0,1586299
-0,04568292
0,06925474
-0,03567916
-0,03076002
0,1305936
0,1046498
0,1052033
0,1008332
-0,008821299
0,1068849
-0,01875882
-0,02861264
-0,08495338
-0,08883898
-0,04843869
0,02214406
0,008882958
0,03250688
0,04004125
0,03718286
0,01797095
0,003774902
0,0279863
0,04732835
-0,01607553
-0,02112517
-0,02608903
0,01963878
-0,01833489
0,003149624
0,006341355
-0,01211592
-0,01839364
-0,03147523
-0,06182892
-0,04162154
0,002956337
-0,03431014
0,0006211
-0,01417208
0,03435176
0,006641761
0,0356428
-0,03088501
-0,06124932
-0,05680817
-0,06321681
-0,09540592
-0,09084302
-0,05724763
-0,03734401
-0,04794504
0,0319858
0,1256868
0,1250068
0,162924
0,131797
0,0759467
0,03038508
0,01763942
0,004450136
-0,08322448
-0,06015436
-0,04114521
-0,007596456
0,0007443802
0,02658187
0,06927497
-0,01572078
-0,007189675
0,0008953671
-0,001343459
-0,03970042
-0,007617465
0,02901358
-0,003959412
-0,03453113
-0,02028069
0,0297419
0,004891027
-0,02542521
0,02829939
0,0009599131
-0,01841342
0,01677964
-0,02270339
-0,0249352
0,004811592
-0,01738856
-0,02687874
-0,01500082
0,01810457
0,002053822
-0,008721608
-0,017573
-0,05544705
-0,01684074
-0,05987374
-0,06437154
-0,007348982
-0,02401204
0,06222112
0,03995802
0,07981488
0,03958951
0,07674266
0,0002562523
0,02526736
0,01682145
0,05550312
0,003466496
-0,0976873
-0,02882999
-0,003934314
-0,002914504
0,04990695
0,0238816
0,02709203
0,0238216
0,01964315
0,01570088
0,01573518
0,0118413
0,01224003
0,010962
-0,01466529
-0,01215248
-0,002997386
-0,002708471
0,01115808
0,02087482
0,02820021
0,02769933
-0,01824742
0,0007093388
0,01513088
0,01311135
-0,009134359
-0,02348569
-0,02659801
8,166266E-05
0,02831652
0,005119103
-0,0514524
-0,02072136
-0,03396477
-0,02215871
0,01714619
-0,00684181
-0,006161004
0,01516715
0,08615645
0,03061971
0,05563361
0,04752463
0,09233271
0,04934768
0,009217836
-0,02626427
-0,01284558
-0,04189555
-0,009768041
-0,009997281
0,04008194
-0,00472825
0,03177825
0,003450521
0,02895615
-0,01015309
-0,01428242
0,01076733
0,01140208
0,002990181
0,000542593
-0,01106294
-0,00857988
-0,00796127
0,007489301
-0,02895069
-0,02030213
0,006851872
0,004747928
0,03031019
-0,0126852
0,01009464
-0,03802428
-0,003873368
-0,01239499
-0,02604378
-0,01470696
-0,008691304
0,001619767
-0,02680816
-0,01314674
0,001428933
0,0020133
-0,02730888
-0,005578238
-0,002128947
0,06727248
-0,009797356
0,03615059
0,007651777
-0,002107442
0,02773588
0,04658984
0,03672303
0,04901406
-0,007926499
0,01624546
0,03044312
0,02460941
-0,007909088
-0,0173022
-0,006860705
0,02733526
0,01103862
-0,01769123
-0,01461229
-0,02288533
-0,01533496
0,02772769
0,016946
0,02764757
0,01674179
-0,02345366
-0,00140791
-0,02422423
0,02910469
0,01259171
-0,01416288
0,02296113
0,005134282
-0,02842348
0,01990365
0,01689939
0,0257124
0,01686841
0,01424359
-0,008511502
0,004658077
0,01047481
-0,02890924
-0,008964159
-0,02759921
-0,003186013
-0,03186548
-0,02765982
0,00136484
0,02405815
-0,03061594
-0,02958791
-0,007606633
-0,02436139
0,02868276
0,01096414
0,001477632
0,02543864
0,006356959
0,001772865
0,01237274
-0,01725852
0,02233012
0,01249079
-0,008679356
-0,0234312
-0,01443197
-0,00884193
-0,007177212
0,0003673359
-0,02568207
0,02756535
-0,008696799
0,0221582
-0,0136181
0,0004892437
0,02305172
-0,02025078
0,01139551
-0,01575466
0,02668772
-0,007899111
0,02249978
-0,01081596
0,01101434
-0,01611011
0,005735987
0,003509603
-0,01678535
-0,007985237
0,0001903721
-0,01878211
-0,01478089
-0,008987226
-0,004524173
-0,003385543
0,0139475
0,000278209
-0,003247404
-0,003141342
-0,003575343
0,02446988
0,01651515
0,01577724
0,01609427
-0,01912315
0,01188843
-0,006270062
0,009143094
-0,0142323
0,006031302
-0,02726524
-0,03446934
-0,01701898
-0,004872278
-0,001088331
-0,008936932
0,007388448
0,02575787
-0,02002532
0,0008147434
0,01071671
-0,02735677
0,02797335
0,02333205
0,01988897
0,008438364
0,02993837
-0,009626256
0,0142532
0,01380992
-0,004805097
-0,02837687
-0,001795612
0,02413474
-0,02819574
0,003691219
-0,02650151
0,01168117
0,002743243
0,001508378
-0,02270911
0,021583
0,0292381
0,01696487
0,000227942
-0,01974882
-0,02461896
0,03009519
-0,0220042
-0,009120405
-0,009893905
0,006585943
0,02976537
0,01447121
0,01200174
0,02015869
0,01871802
0,02139373
0,01611752
-0,0009545358
0,01152448
-0,02551417
0,0287334
0,002391237
-0,02037084
-0,02862124
0,004034572
-0,009397284
-0,004850029
0,02464237
-0,01501659
0,02233042
-0,008886633
0,006563795
-0,01048351
0,01825218
-0,02661625
-0,01926292
-0,005635149
0,01026451
0,005150371
-0,02514045
-0,01377198
-0,001754654
-0,0003470247
0,02140827
-0,02825557
0,0135486
-0,01927454
-0,01955349
0,01272476
-0,02088651
0,02406129
-0,02756843
0,02080706
-0,0272238
0,02304268
-0,002354457
0,00757532
0,0005180915
0,007011932
0,01303435
-0,00115402
-0,02064273
-0,02926668
-0,006600784
-0,01784118
-0,007438052
-0,004564081
0,02484676
0,01861641
0,01067299
0,0003673573
-0,02231699
0,02513807
0,007260099
0,02023035
0,001376459
-0,026514
-0,01116451
0,02930917
0,02101538
-0,02021203
-0,01546241
-0,01821651
-0,02435535
0,02821633
