0,0179413
-0,0002396725
0,02508576
0,01841836
-0,02432693
0,002711953
0,01876102
0,01186782
-0,02161024
0,02834797
-0,0164968
-0,01806896
0,01785266
-0,01397866
0,01046447
-0,004852243
-0,009008692
0,01061464
-0,02267039
-0,01215712
0,02759331
0,02807615
0,02613258
-0,01442018
0,001173966
0,01212794
-0,003934832
-0,02258844
-0,0222736
0,01634045
0,01652458
-0,01243437
-0,01200036
0,01077793
0,01967156
-0,02535338
0,01725416
0,009250445
0,01098206
-0,01613624
0,02436775
-0,002617337
0,01817085
0,01102639
-0,02231578
0,0190093
0,01567011
-0,01972225
-0,01779292
-0,02754204
0,0197163
-0,01834104
0,02301994
0,02391755
-0,004774051
0,02515851
0,01627598
0,01987654
-0,008464646
-0,02242967
-0,02551825
0,003114542
0,003410708
-0,003777287
-0,01936823
0,03031531
0,03025562
-0,02124143
0,000971614
0,01130679
0,006969984
0,01008168
0,03038668
0,02449774
-0,006884901
0,004242742
-0,02385591
-0,01872135
-0,02684574
0,01485421
-0,03310362
-0,01111662
0,02375614
-0,01459405
0,03303826
0,0006309621
0,006586899
-0,002645388
-0,02272738
-0,03855269
-0,01268257
-0,03451511
-0,01505025
-0,003533133
-0,01940059
-0,0113232
0,02357957
-0,005689549
-0,002325478
-0,01774571
0,02295738
0,01050839
0,0151092
0,002212075
0,002862598
0,0004463875
0,01059503
0,0682964
0,007422191
0,0001194575
-0,009051426
-0,01105349
0,01357138
0,02157549
-0,02953873
0,02315718
0,01672034
-0,004309356
-0,003402241
0,01953663
0,002781559
0,01307073
0,01636899
-0,004111219
-0,03476197
-0,02405284
-0,02680124
-0,006968436
-0,004286554
-0,05243393
-0,006254073
-0,008386739
0,00362407
0,05146266
0,03171875
0,01518675
0,01170038
0,0127183
0,006878854
0,01231382
-0,02916452
-0,01745056
0,00776899
-0,01346716
-0,01019113
-0,02237243
0,003816345
0,01443359
-0,008484472
-0,007821412
0,007644764
-0,005118053
0,02227982
-0,003450676
-0,02972416
-0,01540119
0,04046463
-0,009170429
-0,001494665
-0,001720729
0,0450129
0,03417652
0,01431669
0,007729135
-0,01904035
0,01025669
-0,005399741
0,001485619
-0,003831905
0,002389582
-0,01897833
-0,01416344
-0,00277274
-0,01021446
-0,0143102
-0,02818286
0,03724345
0,01969287
-0,008001528
-0,04399443
0,04037184
-0,01749123
-0,02053743
-0,0006694272
-0,002110661
0,02157773
0,04851811
-0,02086118
-0,02216868
-0,01538527
-0,002690418
-0,008942786
-0,02581421
0,02699814
0,02360358
0,009486344
-0,01838088
-0,01462461
-0,02998929
-0,003610787
0,007708881
0,042465
0,06195652
0,04644298
-0,04994963
-0,03267752
0,02882078
-0,01224604
-0,01745127
-0,02930552
0,028148
-0,00715849
-0,02402902
0,007613658
0,03711035
-0,004726605
-0,02549465
0,03105465
-0,06042657
-0,05146568
-0,04392575
-0,02390652
-0,03164556
-0,04743076
-0,051661
0,03497472
0,007698609
0,01278605
0,02060137
-0,01959297
-0,02885483
-0,03238915
-0,05857831
-0,04068942
-0,01504956
0,01663828
-0,01252329
0,01669516
-0,007008854
0,02308803
-0,0186524
0,001922262
0,003978331
0,02724957
-0,00579303
-0,01128608
-0,005797336
-0,03484869
0,01750878
0,00416804
-0,02164298
-0,008271013
-0,07335557
-0,0006774922
-0,06630033
-0,07013617
0,02806911
0,05600046
0,02933746
0,03044483
-0,03151779
0,04403795
0,01178139
-0,0169935
0,05329472
0,02773174
0,03307867
0,004676137
-0,01955668
0,02707244
-0,01874279
-0,08100796
-0,0578556
-0,0384542
-0,09298355
-0,1276154
-0,04877563
-0,044936
-0,02163061
0,02316738
-0,04423737
-0,06379857
-0,1491893
-0,07633003
-0,03246519
-0,03407262
-0,09055198
-0,01154442
0,04936532
0,04365307
-0,05239369
-0,02218105
-0,02850461
0,03606669
0,03371441
-0,03683709
-0,0366563
0,009111202
0,005843269
-0,0232537
0,00290638
-0,02506685
-0,03125182
-0,03049215
-0,01655002
-0,05965316
0,01787119
-0,02035332
0,0369627
-0,002721733
-0,1020752
0,03395151
0,05246658
0,002303607
0,007437392
-0,01346407
0,01481159
-0,1092604
-0,01520588
-0,02859765
-0,06298504
-0,003118874
0,0348803
-0,06932667
-0,02144177
-0,06490613
-0,07563619
0,006217532
-0,01623907
-0,07754896
-0,07394326
-0,04583104
-0,1513568
0,03659184
-0,02355171
-0,0648798
0,08568769
0,07360753
0,01882362
0,03677721
-0,1062194
-0,04886127
-0,002978311
0,007913224
0,01301903
0,02385002
-0,01979908
0,02173046
-0,03924298
0,005634115
0,003793885
0,01858464
0,0279215
0,05380529
0,0746079
-0,07587329
0,03796867
0,04215999
-0,05179168
-0,07767361
0,06815641
0,03794776
0,01583786
0,02610942
-0,04000933
0,01851291
0,02757459
-0,02660737
-0,0972143
-0,03402882
-0,03183273
-0,04033487
0,07633772
0,01914215
0,05638199
-0,03541593
-0,01710044
0,09881863
-0,0002601426
-0,09276362
-0,01636478
0,03101546
0,1137314
0,08008907
0,04884012
-0,0150912
0,1231897
0,1927973
0,02287686
0,04639134
-0,07226624
-0,02642889
0,02695862
-0,0008330232
0,0366772
0,009079683
-0,006999262
-0,01145412
0,02305691
-0,01342569
-0,01993292
-0,0228939
-0,08350235
0,03988673
0,0850838
-0,1120708
-0,1121905
-0,0541487
-0,01112538
-0,1507863
-0,04229616
0,04719518
-0,005483213
0,0103763
-0,06787428
0,009918707
-0,003250235
-0,1008276
-0,09739654
-0,04122331
0,01789942
0,03024986
-0,1214987
0,03785875
-0,01724292
0,1094462
0,1062694
0,1566488
0,2077678
0,1349218
-0,07835056
0,09177844
-0,0145188
0,06036096
0,05628368
-0,006197114
0,1802704
0,1620708
0,06044977
0,0850208
-0,04848536
0,03816194
0,06682435
0,01040357
0,02402566
0,02071101
0,03180478
0,03153855
-0,00324979
0,01585335
0,003879734
0,005566833
-0,03396583
0,1929064
0,1377884
-0,09559198
0,01272921
-0,07062717
0,09056397
-0,1545664
-0,1135168
-0,0406294
-0,006711254
-0,03748739
0,05333623
0,1161333
-0,09147716
-0,05628395
0,06021259
0,1216433
0,1906648
-0,05180364
-0,0713538
-0,003495019
-0,0007086395
-0,04139414
-0,01873499
0,012183
0,09765769
0,06559846
0,1817192
0,1268899
-0,01802975
0,07969601
0,03210875
-0,07204755
0,09512717
0,007749777
-0,01416906
-0,06264599
-0,1102605
-0,01589284
0,02298686
-0,01468899
0,01433759
0,01507001
-0,0006364117
-0,001938103
0,004330579
-0,02580517
0,02673793
0,01504194
-0,02852803
0,1414002
0,02147134
-0,05416572
0,1788527
-0,08442137
-0,04431334
0,17204
0,09017482
-0,006725373
-0,1280699
0,0007481627
0,02643442
-0,03020359
0,02541446
0,1226155
-0,04993077
0,07606132
0,1353843
0,1194451
-0,07737824
-0,06363867
-0,1315733
-0,00901808
-0,1439646
-0,07142563
-0,05031386
-0,06979557
-0,09798484
-0,1063596
0,09635161
0,04236922
0,01047104
0,06817804
0,08848246
0,1334502
-0,02170617
-0,1440861
-0,02488148
0,02411718
-0,07550289
0,05801352
-0,02100633
-0,1124686
-0,0129728
-0,0006536343
-0,002907095
-0,0001672798
-0,02444434
0,01443199
-0,06034023
0,007635635
-0,01218167
0,06141464
0,02589339
-0,1151574
-0,06325738
0,02044774
-0,05961391
-0,04431218
0,09482602
0,0539147
0,01364118
0,01503889
-0,1105296
0,1156097
0,05697095
-0,009359053
0,02112656
-0,03651981
-0,002161611
-0,1169254
-0,1156482
-0,0380877
0,05157812
0,1442928
-0,03112959
-0,01030466
0,1893043
0,01640188
0,09503265
0,03355413
-0,004927928
0,05325817
0,1731078
-0,03627804
-0,06400083
0,08161829
0,1598879
-0,06761864
-0,02144567
-0,01610428
-0,04607273
-0,06238122
-0,04519027
0,0195157
-0,01127552
0,0165854
0,01043734
-0,002767449
-0,1245094
-0,05112514
-0,05810869
0,04594054
0,03422797
-0,03041318
-0,05560692
0,02297615
0,09445716
0,03357762
0,1458296
0,05649775
0,03407635
0,02063977
-0,03819401
0,008342653
-0,1048657
0,014394
0,05118756
-0,01191271
0,006561111
-0,1002021
-0,1271107
0,04404282
0,01638531
-0,06519074
-0,0615714
-0,1068978
0,01272407
0,04057495
-0,05998272
0,03992738
0,1003754
-0,04465295
0,1024924
-0,01054876
-0,03955114
0,1222783
0,02661655
0,1009304
0,08003353
0,0389015
0,004143399
-0,0964207
-0,009041591
0,002129707
-0,01021702
0,02499044
0,03113324
-0,006510312
-0,035253
-0,03751199
-0,07001054
0,05578072
0,07042225
0,07170291
-0,1664896
-0,07068038
0,008607618
-0,02410767
-0,1382406
0,04490208
0,03335864
0,03870936
0,1314985
-0,1071845
-0,02649905
0,01300175
0,07913341
-0,1002152
0,1400655
0,08978006
0,02519035
0,02860727
0,1795901
0,1667535
-0,09356392
-0,03006027
-0,0258778
0,08768839
0,1042033
0,1569676
-0,009785209
-0,03413907
-0,06498079
0,1270182
-0,06762411
0,06802322
-0,0188711
0,1106641
0,02090448
-0,03486168
0,01422144
-0,01102859
0,01222949
-0,005128966
0,01033721
0,01993966
-0,004917915
0,01830999
-0,03733459
0,01538476
-0,01392542
0,05167302
0,1184039
0,1213414
0,07418674
0,06684837
0,07294917
-0,009123366
0,03002099
0,2237788
0,03060729
-0,01224247
-0,06684174
-0,136995
-0,07302792
0,06869352
-0,04522306
-0,07437088
-0,1368406
0,1055908
-0,04038344
-0,1219124
-0,02484702
0,1173681
0,04047705
-0,0207893
0,07713249
0,08192991
0,06960813
-0,05276802
-0,08474739
0,1056285
0,1014374
-0,076327
0,02678208
-0,07377828
-0,03907178
0,02323736
-0,03219825
0,02659049
0,05027812
-0,02678305
-0,01395334
0,02237827
0,01467708
0,007707815
-0,01862406
-0,02914679
0,02149019
0,06444118
0,03607991
-0,09665623
-0,003268725
0,1677254
0,04693265
0,05700834
-0,02246254
0,07038337
0,02075584
0,04048281
-0,077084
0,07126177
-0,06618295
-0,1146091
0,05237095
-0,05883861
0,1018466
0,1018766
-0,04169309
-0,06501918
0,0764773
0,03313389
0,1157658
0,01302687
0,05926473
0,2174386
0,003183665
0,01222318
-0,2115141
0,01305717
0,06601671
0,1583447
0,1249965
0,03943652
0,1007367
0,07906604
-0,04601216
0,205932
0,1253294
-0,03483444
0,06080776
0,03979026
-0,02372882
0,005598003
-0,002690246
0,008710489
0,01302845
-0,02666325
-0,02257444
-0,03297824
-0,08109156
-0,02303105
-0,08798308
-0,06550413
0,08439563
-0,03699987
-0,1011375
0,1077724
-0,07145295
0,04667421
-0,1953757
0,08261987
-0,06195327
0,07980392
0,139347
0,03092831
0,05514582
-0,05242971
0,1301488
-0,07791672
0,07470156
0,02252236
0,07899396
0,05762085
0,05344753
0,05429017
-0,03851709
0,05264344
0,04522666
0,03667996
-0,05685977
0,1115421
0,06232363
0,07378728
0,01283203
0,05832322
-0,03935836
-0,004288855
0,1275491
-0,101671
-0,1004746
-0,07666459
-0,05270818
-0,0324459
-0,03489294
-0,01237521
0,02605468
0,009303299
0,02750229
-0,016532
0,02439231
-0,03442588
-0,01047174
0,08486664
-0,01270349
0,06401259
-0,001821216
0,06339768
0,06450065
0,0260738
-0,005967958
0,08071902
0,05067594
-0,03778386
-0,05426804
0,08726181
-0,002663378
0,06346473
0,006042905
0,01541563
0,1982582
-0,0002947299
0,02292617
-0,0160658
-0,01496905
0,1370811
-0,1118707
-0,00476345
-0,09145614
0,0605139
-0,0817483
-0,2082367
-0,01103581
-0,08139301
0,08614825
0,04872677
-0,01691141
-0,1865106
0,01026085
0,1399124
0,06974933
0,07774
-0,04618119
-0,03208669
-0,02273946
-0,02891629
0,01877154
0,001023128
-0,006463798
-0,003524373
0,01386015
-0,01446591
-0,1224653
0,001401947
-0,02719316
0,03059219
-0,05273961
-0,05255363
0,1006373
-0,0611399
-0,1119546
-0,03012509
-0,01622313
-0,009993267
-0,1231593
-0,02268133
0,004120449
-0,001163749
0,123753
-0,08471995
-0,07274716
0,02972136
-0,1345063
0,1676575
-0,1271244
-0,02554208
0,1020039
0,02539233
0,1200229
-0,1164318
0,05297561
0,02516123
-0,04444266
-0,1055323
0,1876539
-0,1049959
-0,1552401
-0,09925472
-0,05028097
-0,04633766
-0,06319566
0,0107697
-0,07810051
-0,07182606
-0,04830924
0,01617858
0,02976224
0,005805298
0,009042208
0,06973506
0,04738763
-0,01143646
-0,006445389
-0,04484957
-0,02846987
0,009425854
-0,04203849
0,002209292
0,004588204
-0,005616693
0,01422045
-0,1491603
-0,006070102
0,03633956
0,04260766
-0,1086386
-0,03609595
0,04861182
0,03695523
0,09076347
0,1402915
-0,08810149
-0,0148803
0,002766606
0,1478245
-0,1766147
-0,01367784
0,1574227
0,2388734
-0,0378436
0,0800374
0,04365064
-0,1562984
-0,323213
-0,1318108
-0,2192666
-0,1117371
-0,1268724
-0,1556811
-0,1329672
-0,09500657
-0,1337581
-0,06033716
-0,07088406
-0,004817944
-0,008520144
0,01701364
0,02442379
-0,00639514
0,04424721
0,1005897
0,008990537
-0,04759639
-0,04895721
0,001607493
0,003659639
-0,1561037
-0,02248849
-0,2232261
-0,18534
-0,05134254
0,004286723
0,0780256
0,003408054
0,05016521
0,1106362
0,09597984
-0,04351472
-0,119301
0,08466764
-0,03741018
0,04312921
0,04945525
-0,09907255
0,06014885
0,05990779
-0,09854592
-0,05069923
-0,1094909
0,07556468
-0,04626923
-0,02251685
-0,04352708
-0,02055394
0,05073351
-0,01821529
0,0149361
-0,09483786
-0,005896468
-0,08346788
0,003599497
-0,03210153
-0,03240269
-0,05687162
0,007632816
-0,01195222
-0,006492999
-0,01511415
-0,02353019
0,006853773
0,007174561
0,08924573
-0,0732465
-0,005317133
-0,02772802
-0,02625984
0,02738936
0,03556345
0,17338
-0,04405982
0,06983685
0,285557
-0,006010854
0,09992629
-0,1760174
-0,09256406
-0,1816628
-0,1094751
0,02855961
0,008841451
-0,05450074
-0,02183522
-0,01163344
-0,02335474
-0,01027216
0,06567046
0,1067637
0,004313151
-0,03681676
-0,05473488
-0,1816352
-0,1693983
-0,2307036
-0,02954338
0,03035878
-0,07838653
0,1847662
0,04613428
-0,09998778
-0,1383133
0,0485852
0,02707998
-0,01104786
-0,01729639
-0,01000361
-0,02932022
0,001881028
0,00411087
-0,03081075
0,01066629
0,08902811
-0,0008272136
0,1290551
0,09329915
-0,02045316
-0,04493075
0,03594581
-0,04949627
0,1228152
0,1387219
-0,009115611
-0,03604378
-0,1800769
-0,1034361
0,05443419
0,1408413
-0,08654419
-0,002715557
-0,06096349
0,03052884
0,002500145
0,02163088
0,0559208
-0,05317168
-0,04814043
0,08618797
0,005829249
0,0241071
-0,07170165
-0,0162057
0,1490287
-0,134444
-0,05616868
0,08389437
-0,09726913
0,09255111
-0,02415746
0,03955118
0,002863223
0,03083918
0,03475592
-0,04081623
-0,07735001
0,006058475
-0,03106997
-0,009119703
-0,01775161
0,01857097
-0,008438197
0,007062851
0,09544753
0,06081072
0,09774446
-0,01694878
0,05639125
0,03411795
0,1025122
0,09952605
-0,08157272
-0,0230743
-0,02684014
-0,05628978
-0,008291058
-0,1091138
0,1351973
0,1205393
0,04394258
0,06431115
-0,03468117
0,06737946
0,0001069056
-0,01972131
-0,07096144
0,1185009
-0,01968216
0,008704456
-0,006949225
-0,0671139
-0,03410197
-0,002771931
0,03617639
0,1565669
0,1247029
0,07096824
-0,02691838
0,04922646
0,09617402
-0,07786564
-0,05760112
0,09540662
0,09170523
-0,1155308
-0,02904848
0,05704997
-0,02327668
0,01143502
-0,01595665
0,001695069
-0,01168578
0,004565591
0,02681432
-0,02361804
-0,0008628582
0,04208062
-0,03767226
-0,02531759
-0,02265147
0,06142022
-0,005307781
-0,09567048
-0,02510609
-0,03433918
0,08047522
-0,06606862
0,02446445
-0,003079807
-0,1169555
-0,2003005
0,02428989
0,08307555
0,01423544
0,06813732
0,03855865
-0,09683339
-0,2898137
0,06607428
-0,1458556
0,1255767
-0,1784982
0,01671514
0,1066904
-0,1350158
0,04393408
0,02616958
-0,1108629
0,1861368
0,117096
0,02412217
0,1622719
0,05607645
0,05037095
0,02493372
0,04035443
0,05470636
0,01328459
0,0009727933
-0,003348666
-0,03096776
-0,08104615
0,004546467
0,01760509
0,02435811
0,04692065
0,0568081
0,06005378
-0,006743369
-0,01567816
-0,1224799
-0,09322049
-0,03600904
0,1962112
-0,1013491
0,04427749
-0,1751055
-0,04195048
-0,02155112
0,02453699
-0,04064517
0,07255973
-0,08123055
0,01227069
0,01750874
-0,1590917
0,06515604
0,0261059
-0,01514523
-0,05703707
-0,04803116
0,06016966
-0,05535256
-0,074094
-0,05586649
-0,1074958
0,07828534
0,02937946
0,06901617
-0,03335942
-0,1387035
-0,0064152
0,06704597
-0,007187024
-0,01419016
0,02337437
0,06704769
0,05042296
-0,02765211
-0,01858996
-0,001206849
-0,01406731
-0,01403847
0,1122092
0,1033673
0,06475469
0,01849779
-0,04111351
-0,1522641
0,2088433
0,06887779
-0,01415864
0,002784639
0,1186846
0,03302075
0,1696336
-0,2080719
-0,1097389
-0,02177857
0,01919639
0,0553714
-0,1475789
-0,02757219
-0,1157275
-0,02749444
0,06625884
0,0290296
0,04247779
0,1460635
0,0439194
-0,08146171
-0,1488806
0,008366127
-0,02367819
0,04870829
-0,1033373
0,08106653
-0,1052741
0,06025174
0,02973393
0,05297686
-0,04437122
0,1152281
0,01393188
-0,035524
0,01755395
0,0167351
0,02360805
-0,01130975
-0,01563086
0,02467553
-0,02674574
0,01739688
-0,007012543
0,1340037
0,04922234
-0,0004477671
-0,08765396
-0,1711368
0,06687483
0,07300542
-0,04068409
-0,1384185
-0,0956362
0,09210808
-0,08979296
-0,2039305
0,07163458
0,09677754
0,03621054
0,05972263
0,05309212
-0,02568924
0,01612553
-0,0305001
-0,05578433
-0,09711827
-0,04827026
-0,1125454
0,2205249
-0,2276545
-0,03268417
0,2171358
-0,01507777
-0,07250153
-0,09078634
-0,1353907
-0,1044703
0,01553489
0,01478026
-0,005644961
0,02428616
0,08566946
-0,04095026
-0,04280504
-0,01130759
0,04717301
-0,02767432
-0,01633974
0,006730078
-0,006052854
-0,0334482
-0,05832453
0,01832803
-0,007467105
-0,05352624
0,1243929
-0,00161046
-0,1077277
0,08269376
0,06906992
0,07362183
0,01706158
-0,0602358
0,1832116
-0,05144876
-0,03536631
-0,005056913
-0,06619632
-0,1154442
-0,07601874
-0,04896839
0,01912221
0,09121893
-0,08227184
-0,0556523
-0,06827406
-0,09856641
-0,04777015
0,01932094
0,1220771
0,07345547
0,1143701
-0,04449583
-0,05573097
-0,03823922
0,08522727
-0,05584531
-0,008293488
0,08425144
0,1072228
-0,00296677
-0,002207704
-0,03650642
-0,03696929
-0,02609161
0,008798605
-0,01683291
-0,03247812
0,02002776
0,02031825
-0,03171995
-0,08425623
0,0358438
-0,007450975
-0,003521649
-0,04885935
0,06617237
0,02563117
-0,09728746
-0,09425548
-0,004202452
-0,06833813
-0,0006396832
0,0344864
-0,04791775
0,05241415
0,09765466
0,08668794
-0,04864823
-0,01952532
0,04962484
-0,1336719
-0,02616908
-0,05892785
-0,06059613
0,07792123
0,05053438
-0,06585332
-0,05494411
-0,06880149
-0,022419
-0,1425429
0,04444915
0,003180958
0,1169692
0,07351629
-0,002132592
-0,0281005
0,05426034
0,08600987
-0,1161047
-0,1589859
-0,08453848
-0,05420714
-0,008108562
-0,01334905
-0,01184347
-0,02645831
0,00130623
-0,02119635
-0,008152281
0,0007659824
0,01710944
0,1319113
-0,08636348
-0,1408596
0,02617564
-6,969579E-05
0,01733684
-0,03326133
-0,1357895
-0,06400893
0,07891864
-0,01345399
0,1135081
-0,07979565
-0,02683464
0,07444107
-0,05832006
-0,1111102
-0,1547482
-0,08012686
0,07907223
0,1974395
-0,233843
0,1584937
-0,004761316
-0,07575
0,0009190748
-0,1302523
-0,1650963
0,02822565
-0,08578504
-0,01061725
0,04963295
0,00573278
0,01505938
-0,0901925
0,01494007
-0,05941963
-0,06472395
-0,08247557
-0,04913547
-0,03900095
-0,01671637
-0,02940133
0,03609053
0,002295626
0,002965502
-0,008326247
0,08568949
0,04517178
0,04361305
-0,03759248
-0,1612568
0,005630819
0,01587236
0,01885638
-0,04807207
0,01324193
0,02778545
-0,08775872
-0,08807417
-0,1432727
-0,1376136
0,00192058
-0,01269308
0,1255643
-0,08234548
0,04527967
-0,140025
0,04611034
0,0002662739
-0,3028995
-0,01411708
0,05547
-0,1316113
0,02568861
-0,102922
-0,02152116
0,09686916
0,01173272
0,1443789
0,0006065135
0,1952699
-0,04078718
-0,1504438
-0,05722571
0,05264855
-0,03694497
-0,01324611
-0,02508626
0,04939806
0,04886493
-0,0237509
0,003405844
0,01837521
0,02282775
0,02241645
0,02528024
0,06779663
-0,03407764
0,06560162
0,03100252
0,05975949
-0,05643513
-0,04684561
0,1232537
0,1108036
0,05811667
-0,1114371
-0,0689018
0,09255798
0,07253917
0,03025444
-0,0648064
-0,05081731
0,1015248
0,003616345
0,05281115
-0,06604981
-0,05979898
-0,09908861
-0,1756919
0,01717513
0,01584511
0,03912222
-0,1006521
-0,01911049
0,108096
-0,02367034
-0,07991331
-0,001522638
-0,06971566
-0,06490315
-0,1147905
-0,0004105624
0,01800518
0,01739768
0,03831548
-0,01411736
0,02118278
0,06117088
0,01474456
-0,0280322
0,01089377
-0,01772703
-0,02209086
-0,02953515
0,01969744
0,06489471
-0,009552225
-0,02033118
0,02181861
-0,08969024
-0,05207779
-0,0196093
-0,06289411
-0,1055979
-0,04789231
-0,1119798
0,0948599
-0,008473591
-0,07015245
0,02264492
0,1647378
-0,024045
-0,05495676
0,1191641
-0,1329066
-0,02683022
-0,2124568
-0,03758335
0,01192415
-0,1679626
0,01595409
-0,05361307
0,004741057
-0,04877957
0,3046677
0,06577685
-0,05667101
0,03997391
-0,1167744
0,02986109
0,009160594
-0,1395826
-0,04741172
-0,01161478
-0,05733398
0,01299177
0,1285425
0,1165139
0,06240895
0,01051642
-0,02294714
-0,02585421
0,001115604
0,01214292
0,02626624
-0,08349082
0,04137712
0,01033532
0,1445833
0,1104004
-0,07442476
-0,0693153
-0,0519333
0,04185556
0,1234049
-0,06195706
0,0636742
-0,2302362
0,108012
0,04441814
-0,07359377
-0,09103706
0,09326901
-0,1303313
0,07406255
-0,1421284
0,1061388
-0,2078949
-0,07561783
-0,06882641
0,01606652
-0,1231305
-0,155692
0,007125083
-0,04605006
-0,0969281
-0,1067121
0,02361974
-0,06280146
-0,004387414
0,001339732
0,01454514
-0,1182448
0,07697129
0,04068056
-0,08887786
-0,07975641
-0,01748859
0,01259189
0,001968895
-0,02689225
-0,03537058
0,01324022
-0,003411433
0,04097595
-0,0632978
-0,01263241
-0,1622878
0,07316755
-0,08981233
0,1739226
0,117269
-0,001786246
-0,05014924
-0,05694677
-0,03308284
0,06836408
-0,08894781
-0,07714278
-0,09238238
0,001536999
-0,0162967
-0,06762923
-0,05163957
0,07156458
-0,2344029
0,001904717
0,0212782
-0,03490612
0,07696182
-0,2588274
-0,1446875
0,06728999
-0,04625252
-0,1129182
-0,07404558
0,02372902
0,06599318
0,08486711
0,0621581
0,06612837
0,07264084
0,1292038
-0,05303777
-0,07425421
-0,02157537
0,01412312
0,01248112
0,02171139
-0,01185511
-0,08450411
-0,03167244
-0,02334088
0,01461707
-0,01920332
-0,01920172
0,0918896
-0,04264364
0,007390129
0,09323593
-0,1071013
-0,09775782
-0,08675244
-0,002948301
-0,03424959
0,0008072946
-0,2098367
0,1044586
-0,03550755
-0,01205554
0,01609688
-0,1845414
0,08241919
0,03618407
-0,1271101
-0,006073611
0,08628362
-0,0546608
-0,1135371
-0,1466069
0,001791095
0,1249185
-0,1834884
-0,04071222
0,05670979
-0,09958677
0,01305422
-0,02962213
-0,0803612
-0,03319358
-0,02400738
0,06119114
-0,1555996
-0,01833806
-0,005835134
0,01044192
-0,005177192
0,02736846
0,003949744
-0,05014196
-0,05251569
0,02651291
0,01032911
0,001026777
-0,04092102
0,03637662
-0,01086399
0,1314858
-0,03606462
0,05802475
-0,008785713
-0,003383907
-0,001837617
0,03762867
0,03509906
0,0139133
-0,169572
0,01378334
0,1009761
-0,09394807
0,01991989
-0,07038629
-0,005206802
-0,08087303
0,1808658
0,1772307
-0,02948904
0,08854493
-0,04763298
-0,02063444
-0,03361122
-0,05013885
0,1103938
0,02971444
0,1120565
0,1205879
0,03957263
-0,07093433
0,01807029
-0,01337313
0,003364401
0,1177315
-0,04608599
-0,0008264451
-0,001075579
0,03515017
-0,03291359
0,02564311
0,06352834
-0,03351711
0,01199679
0,008248039
-0,02169868
-0,01753752
-0,03101043
0,04143628
-0,03888144
-0,0507801
-0,03109851
0,06802043
-0,1125174
0,005316347
-0,1285342
-0,0157296
-0,0005883267
-0,004175099
-0,04025655
0,07399782
0,08697618
0,1218128
-0,06097181
0,02639278
-0,0165829
0,102723
-0,1139911
0,01419501
-0,1092255
-0,08846461
-0,159341
0,06339297
-0,02146542
-0,01240345
-0,04384661
-0,1256447
-0,1427411
-0,0153937
0,0510312
-0,02409887
-0,03874349
-0,1133455
-0,01588871
-0,1056551
-0,0910877
-0,2307952
-0,01246755
0,00998991
0,02260304
0,04536487
-0,002969572
-0,03027822
-0,008341134
0,02735729
0,009691834
0,02709237
-0,02263106
0,04712009
-0,01950995
-0,03999498
0,05316746
-0,05469544
-0,0455902
-0,1040698
-0,06216469
0,09687413
-0,005369627
0,003959432
0,0992807
-0,0936581
0,02020417
0,07518776
0,03213976
-0,000951887
-0,1624181
-0,004861502
0,01695538
0,1086624
0,03304482
-0,02390352
-0,05094469
-0,09736629
-0,05254162
0,07799388
-0,09099656
0,07157294
-0,08392302
-0,1332257
-0,1148144
0,03922216
0,08686122
0,01846338
0,08306137
0,07155418
-0,158607
-0,1734377
0,02455136
0,1057536
0,04016643
0,05160596
0,02292633
-0,04196638
0,02939731
0,01130979
0,004190191
-0,01810032
-0,02174184
0,06788878
-0,08531991
-0,02338503
-0,01924602
-0,04473495
0,1746562
-0,05148547
-0,05456161
0,1189534
-0,06182584
-0,02945456
-0,04264127
-0,181176
0,02934781
0,02285375
0,03869244
-0,02806207
0,00180545
-0,03103827
0,1347057
0,04670051
-0,1028168
-0,01336078
-0,04201606
0,0415432
0,1311632
0,0766386
-0,1954081
-0,02630736
-0,04013393
-0,1016246
0,037594
0,03062159
-0,007116151
-0,1413661
-0,01378322
0,1337861
-0,1594911
-0,06573319
0,1742376
-0,006675563
0,01629645
0,0004404762
-0,03697686
-0,01521094
-0,01174861
-0,02472536
0,01024053
-0,01036817
-0,01240352
0,0138931
0,05691459
0,1362611
-0,06775487
0,04548471
0,01172876
-0,03648378
0,1293526
-0,05359585
-0,05658344
0,1400768
0,1406353
0,1727945
-0,03941938
-0,02075159
0,04757096
0,0113495
-0,1810542
0,1253069
-0,1323938
-0,0247697
-0,05693896
-0,005648551
0,09243473
-0,1696198
-0,07167172
0,01175413
-0,08665142
0,06550668
0,1284463
-0,108402
0,06366669
-0,03736993
-0,0632416
-0,003490583
0,0397506
-0,1481915
-0,07164197
0,02368023
0,1309808
0,1486686
0,06599466
0,02228537
-0,007212332
-0,01850644
0,01863185
-0,02529377
0,003840357
-0,01779008
0,006542991
-0,043612
-0,06553052
0,001046561
0,08333473
-0,1280273
0,0256561
0,0348599
-0,061223
-0,002471148
-0,09332804
0,05123306
-0,0326607
-0,01586075
-0,09362654
-0,2131121
-0,08600355
0,04981273
-0,07818744
-0,03758281
0,009111363
0,02337332
-0,138972
-0,1143906
0,02974726
0,0154054
-0,01188904
0,02439684
0,095362
-0,02112519
0,1677444
-0,2760536
0,05331402
-0,0397191
-0,08283225
-0,1074219
0,01282717
-0,0905317
-0,06165684
-0,02331452
0,01237053
0,04928594
-0,03009085
-0,04125778
-0,04346484
0,04277172
0,03146124
-0,01081756
-0,01763375
-0,01602818
-0,0107549
0,0138948
0,02560183
-0,04664496
-0,06188983
-0,01181431
0,05705424
-0,05773734
0,03359698
-0,09353773
-0,1311003
-0,02916211
-0,07031345
-0,1364373
-0,03550496
0,1425813
0,06444903
0,1455307
-0,103735
-0,04878035
0,1086354
-0,0977255
-0,02298391
0,07883605
-0,05286856
-0,00758065
0,05205925
-0,117718
-0,0342269
-0,1145103
0,04251226
0,0203126
-0,1864923
0,1942887
0,07166819
0,01203056
-0,04758924
0,02958723
0,01179383
-0,1616871
0,00312215
0,06093572
-0,006273826
-0,03543004
-0,07346494
0,04439001
0,03286524
-0,003336571
0,02400683
0,005366326
0,03652262
-0,07203647
0,02479685
-0,09623906
-0,01930102
0,0279073
0,02579375
0,07052217
-0,08368216
0,01640964
0,08016121
-0,09604737
0,1039901
-0,01942627
0,07393262
0,05616256
0,03278362
-0,02240765
-0,05567481
0,02785869
0,05639596
-0,06113329
-0,06426436
-0,1615106
-0,03375405
0,02761666
-0,1785833
0,09259156
0,05990236
-0,09834974
0,09350358
-0,05660743
-0,003019734
0,04029172
0,003159259
-0,1268261
-0,06207871
0,03600588
0,06009909
-0,04223236
-0,005837167
0,07294306
-0,06346128
-0,03849828
-0,1206788
0,01856534
0,01327746
-0,01162747
0,002524596
-0,02011843
-0,03546189
-0,006578968
0,008536332
-0,01588586
-0,1350731
0,01930579
0,1538384
-0,008499703
-0,07021607
0,07603621
0,02649309
0,1094017
0,004463268
7,885694E-06
0,1884922
-0,03962684
0,1261834
-0,01223951
0,06518566
-0,1591244
0,00493728
0,06265013
-0,04840788
-0,07007854
0,01777575
-0,1558355
-0,02581101
-0,04923432
0,06835949
-0,1442579
0,1211951
-0,06800953
0,04547765
0,07948407
-0,05633801
0,1101675
-0,03523344
0,04783241
-0,07355323
0,02775372
0,050125
0,08619529
0,07630023
-0,023145
-0,04672851
-0,0181258
0,01475632
0,002862809
-0,005524041
0,01238389
-0,03083287
0,002747844
0,05162315
0,005361554
0,1672015
-0,2148122
-0,06175159
0,1181174
-0,002238558
0,0890879
-0,1087906
-0,006784475
-0,0786626
-0,1180347
-0,08293112
-0,06107272
-0,09131111
-0,08724809
0,1447096
-0,01490496
-0,0216022
-0,1313076
0,05297298
-0,02160339
0,03260405
-0,02578897
0,06899659
-0,07197493
0,1920495
-0,02866921
0,1352395
-0,03044514
-0,1297477
0,02737479
-0,07082808
-0,08121017
0,03226043
-0,003674927
-0,04385496
-0,09359597
0,007707693
-0,02164642
-0,003590797
-0,02826231
-0,02242728
-0,01723579
0,01034378
-0,02659071
-0,01504831
-0,002771418
-0,02831093
-0,06170866
-0,0231803
0,0004317923
0,04233094
0,04889784
0,1833869
-0,06243245
0,04064153
-0,0148344
0,1498475
-0,201637
-0,06188873
-0,130675
0,008219864
0,009492783
0,02011533
-0,1337389
0,1169564
-0,1681239
-0,07671264
-0,06989591
0,01546129
-0,005202305
-0,1376352
-0,1172726
0,1135012
-0,04655885
-0,06588964
0,1290593
-0,07650596
-0,005341467
0,00770581
0,01376691
0,08624495
-0,1471849
0,1086206
-0,006179338
0,09652448
-0,1603305
-0,09448327
-0,03014432
-0,1179071
-0,09767935
-0,01091109
0,0008146882
0,005508602
-0,0203483
-0,009349534
-0,02664361
0,004265781
0,0714175
-0,04449068
0,06532096
-0,05908794
-0,08304854
0,1817936
-0,02128957
-0,03925162
0,005185847
-0,02594724
0,05868246
0,02865407
-0,1345144
0,02801608
0,01852367
-0,06515742
0,03075007
-0,006958138
0,06077317
-0,05445459
-0,0143482
-0,1658689
-0,005970094
-0,04247815
0,07892344
0,06409142
-0,09739845
-0,07055005
0,06067609
-0,01566049
0,04631613
0,006278316
-0,1466505
-0,007565746
0,03424246
0,1131871
-0,02110702
0,1050449
-0,09445721
-0,07829558
-0,01501237
0,0516408
0,03254251
-0,03194938
-0,01163036
0,0192115
-0,01742834
-0,01920588
-0,004985253
-0,01243916
0,02166265
0,07021533
0,02518296
0,07823774
-0,1121423
-0,06156857
0,09407232
-0,0218273
-0,01879248
-0,01160818
-0,1014891
-0,004648561
-0,007059146
0,1318593
-0,05696123
0,03699323
0,01829509
0,02643263
-0,06773308
-0,04105843
0,131064
0,0140497
-0,1263718
-0,07238857
-0,1356871
-0,09417338
-0,05802761
-0,07671192
0,0341295
0,007843567
0,08138043
-0,04062007
0,1628387
-0,0644327
0,01139475
-0,02389202
0,1745839
0,04148725
-0,06239777
-0,1501013
-0,004317041
0,06696378
0,1036227
-0,03793882
-0,02883539
-0,02468848
0,005905026
-0,01876619
-0,0125982
0,007859317
0,06793219
-0,1249067
-0,1075747
-0,0572865
-0,04927756
-0,03012064
0,2012479
-0,1287706
-0,05977388
0,1095224
-0,09479775
0,1607594
0,0280962
0,06605849
-0,06350012
0,1249986
-0,1396755
-0,09761706
0,0411404
0,01776446
-0,06894492
0,04376502
0,1253508
0,02518803
-0,1024038
-0,01543873
0,08800559
-0,1952743
-0,1354914
-0,01075769
0,07323013
0,06466702
0,1327105
0,1319146
-0,1761161
0,156417
-0,00738673
0,1580057
0,1142113
0,01275658
0,1416827
0,06261579
-0,09236328
-0,06136119
-0,0626842
-0,0294298
0,02701585
-0,007226913
-0,02638218
-0,05239344
-0,03537298
-0,01189351
-0,03462413
0,06400336
0,02580317
-0,09332582
0,03864899
-0,1924694
-0,1331957
0,03865337
-0,03742413
0,005254686
-0,08089755
0,03714024
0,06339666
-0,06123717
-0,07310493
-0,1093168
-0,1305772
-0,06930269
-0,08043028
-0,001695418
-0,1705736
0,07612082
0,1130809
0,00206775
-0,07064352
0,1541584
0,0558275
-0,03455943
-0,1118198
0,03055935
-0,109148
-0,06445732
0,05593582
-0,003603977
-0,03849459
-0,01017177
-0,1605563
-0,04858287
0,09337243
0,07573265
-0,08834001
-0,07639464
-0,07686808
-0,03277886
0,009285969
0,01175217
-0,00393732
0,04885209
-0,08114248
-0,07192121
-0,126043
-0,1324634
-0,2196024
-0,06368393
-0,02460155
-0,01987786
0,1143846
0,1014646
-0,1024074
-0,03761893
-0,1404396
0,01395737
-0,07984535
0,1024851
-0,06377392
0,1190794
0,10858
0,02580169
-0,07689647
-0,04720206
-0,1803213
-0,04830052
-0,1221241
-0,03274434
0,1077273
0,1297681
-0,1474277
-0,1022665
0,1233157
0,003876634
-0,04823594
-0,01462185
0,0352843
0,04275969
-0,02239372
-0,032219
0,00589406
0,03456882
0,1660059
-0,06126152
-0,0338322
-0,01879963
0,006358883
-0,01463884
-0,01258766
0,03801648
-0,005448778
0,00736295
0,03823204
-0,04912498
-0,02541899
-0,08245253
-0,01592677
-0,07410669
-0,1783985
-0,1298708
0,05759194
-0,0843764
-0,1719912
0,1565269
0,03972749
0,04123393
0,02402487
-0,002607566
-0,03573437
-0,120926
0,0627945
-0,08803424
0,0265916
0,07232853
-0,06784866
-0,05454041
-0,040848
-0,08900503
0,004813407
-0,1254946
0,1528499
-0,2284306
-0,0190332
-0,1119285
-0,04160737
0,08178338
0,07195739
-0,2020366
-0,01618779
-0,08799088
-0,1158765
0,071383
0,02255108
0,04975381
0,05046576
-0,0180901
0,02929718
-0,01786012
-0,03318029
0,05568173
-0,01735643
-0,01966054
-0,05088974
-0,09088112
0,01371213
0,08453079
-0,06232501
-0,1249465
0,05807385
-0,005957338
0,01881506
-0,06794581
-0,04927149
0,0620994
-0,156972
-0,07774904
-0,1100712
-0,1286232
0,002374778
-0,0482697
-0,03946604
-0,08052316
-0,1212856
0,1316896
-0,1018381
-0,1528175
-0,09322441
0,00904128
-0,1360652
0,06700021
-0,07138278
0,1169032
0,03742929
-0,06077308
0,03614693
0,08630864
0,09421653
-0,2217843
-0,1041075
-0,04008999
0,08034188
-0,05566405
0,008799697
0,02911479
-0,0228052
-0,04369495
0,02756026
-0,04830822
-0,009354342
0,03557124
-0,0005808339
-0,01194391
0,009415959
-0,02866888
0,005479917
0,05587439
0,06851279
-0,01556879
-0,03370062
-0,02941832
0,01066249
0,1595947
0,02056873
-0,03845347
-0,0378945
-0,02741241
-0,01827626
0,1628203
-0,06904287
-0,05502531
0,1648403
-0,1939632
0,02414437
-0,07055447
0,0564431
-0,08704418
-0,08521601
0,03304812
0,01249256
-0,116953
0,08964256
0,01756873
-0,1827882
0,1389515
0,06207959
0,01000287
0,05169733
-0,05514896
-0,02546313
-0,1193379
0,05124696
-0,09448656
-0,01210323
0,04523982
0,009352588
0,02633167
-0,05368201
-0,02792057
0,06663518
0,03582321
-0,0009399002
0,02181815
0,002177268
-0,02998552
-0,1090004
-0,02844362
0,08841982
-0,0375758
0,1769551
-0,02213724
-0,1783392
-0,0698496
0,133654
-0,1893946
0,09443514
-0,1234653
0,1108789
-0,1203809
-0,1069581
-0,08819313
0,02429502
0,03638367
-0,1236622
-0,05280225
-0,01077272
0,1306957
-0,1046933
0,05674218
-0,1405043
-0,1619426
-0,03546193
-0,005270071
0,0002382278
-0,02448221
-0,02233014
0,0939064
0,1526166
0,09688107
-0,009948503
0,003098436
0,1325692
-0,001264023
0,03832071
0,06993341
0,01781424
0,02936915
-0,01202311
0,04387381
0,0447697
0,02271195
-0,003440323
0,02426988
0,04052752
0,1291052
-0,04400162
-0,0479261
0,06514118
-0,1269992
0,07382187
0,06585593
-0,03906681
0,07370007
0,1110248
-0,04110527
0,1406685
0,03522784
-0,01848385
-0,03726762
0,04520937
0,04997211
-0,1266032
-0,01569074
-0,06638305
0,05104928
0,01498412
0,2149664
-0,09602477
0,0560615
-0,0005514963
0,06635008
-0,1085732
0,09915426
0,01416927
0,08337264
-0,07748385
0,1106674
-0,195643
-0,04479767
0,03777635
0,2003695
0,08757734
0,01581655
0,04703518
0,02263921
-0,01006219
-0,01371597
-0,007257178
0,04226405
0,03670684
0,009456138
-0,02386121
0,005176038
0,02998055
0,0007729881
0,05306627
0,05050297
-0,01785632
-0,04981626
-0,1039772
0,02746098
0,2111968
0,08162615
-0,135745
-0,008512224
0,07096714
-0,1324554
0,1184508
-0,03778517
-0,05755687
0,0205668
-0,08763333
-0,2222484
0,08298508
-0,07159689
-0,2623096
0,00324902
-0,02457052
0,1680827
0,09034273
0,02096309
0,06460476
0,08655901
0,03733701
0,1293367
-0,08126333
-0,01137001
-0,09765363
0,02328986
0,05910363
-0,1637834
0,05895226
-0,096099
0,07371483
0,01930873
-0,05415365
0,01795578
0,04634124
0,005593751
0,0542303
0,05324315
-0,02821218
-0,01539063
-0,02162688
0,01738369
-0,01693511
-0,118164
-0,03412172
-0,1377107
-0,1220069
0,06549699
-0,02024922
0,1294298
-0,04787157
-0,05437789
-0,005316739
-0,09783015
-0,01219078
-0,121582
-0,01825348
-0,03337952
0,1892883
0,07084918
-0,1982388
0,006204826
-0,04192535
-0,1180661
-0,1252151
-0,08586518
-0,009328229
-0,06200057
-0,1283524
-0,09849207
-0,07875612
0,00503127
0,004698233
-0,01303189
-0,09382632
-0,0371968
-0,01224595
0,1154839
0,1255539
-0,08361337
0,1255919
-0,04845341
-0,0007946151
-0,01802593
0,04468314
0,03746241
0,04380741
0,03616918
0,0218481
-0,01068443
0,05366922
-0,04429958
-0,01450602
-0,1017188
-0,02019755
-0,0138511
-0,126831
-0,1137204
-0,1401458
0,03678889
-0,1392128
0,01429202
0,02163346
-0,08529112
-0,004646088
0,01450708
-0,009155013
0,1200925
-0,2206703
-0,0445195
-0,08075072
0,0159738
0,00297357
-0,1120524
0,1117751
-0,07117182
0,05594117
-0,004727804
-0,1266015
-0,06731756
-0,07045145
-0,009181808
-0,1405706
-0,02866691
-0,02736701
0,01490879
-0,08085752
0,03796732
0,07819443
0,08010191
0,1139881
-0,05664552
-0,1007135
0,02242652
-0,000673156
0,05809048
0,06092984
-0,01044248
0,01965079
0,001232731
0,006289758
0,06392317
-0,04428351
0,03162064
0,0588276
-0,07348731
-0,1250638
-0,009765557
-0,1003296
-0,08975881
-0,04370189
0,1212325
0,0660255
0,03151731
-0,03969374
-0,1203515
-0,1035398
-0,04140948
0,04017334
0,08205962
0,07192645
-0,02988673
-0,07948615
-0,1457282
-0,01772916
-0,1335048
0,05382223
0,1589748
-0,05125709
0,03661523
0,1447571
0,1185075
0,09365907
0,1061507
0,09004335
0,119578
0,01873736
0,02999997
0,005870367
-0,02234526
-0,2040754
-0,02157974
-0,01930721
0,05490953
0,01252839
0,01657209
0,00021674
0,009195446
2,141439E-05
0,003330281
0,0004318087
-0,004198561
-0,01307875
-0,02829561
0,1472338
0,1119923
-0,06299758
-0,1298522
0,1237607
0,001799401
-0,04781234
-0,07031414
0,007872476
-0,06799328
0,01693976
-0,1505206
-0,1719302
0,1392538
0,001099443
-0,006428772
-0,1542897
0,01172855
-0,1830107
0,05960422
0,0171051
0,0004675552
-0,2065448
-0,1647302
-0,03900346
-0,006816668
-0,01263368
0,09422135
-0,1363927
-0,1433045
-0,1294999
-0,1134744
0,03090408
-0,02198017
0,1078226
0,002866181
-0,02061219
-0,05636946
0,0154811
-0,09653253
-0,09073437
-0,06130571
-0,03565929
0,01155235
0,003397656
0,03800811
0,1193537
0,185904
0,1175586
-0,04284833
0,07730933
-0,04596369
-0,09875008
-0,01269441
-0,08608144
-0,05137067
-0,2080435
0,04705634
-0,0634053
-0,01540923
-0,01271539
0,1153162
0,1201047
0,07517587
-0,1606804
0,1592819
-0,09792701
-0,1120774
0,04951099
0,03875849
0,00177796
-0,01002505
0,08133602
0,1095773
-0,004172285
-0,08347596
0,02259361
-0,08545914
-0,1398075
0,1016377
-0,04551763
-0,08047023
0,1391192
-0,0137844
-0,007967333
0,01940534
-0,1018163
-0,1905583
0,01985954
0,01898389
-0,04180995
-0,05795126
-0,01563859
-0,02153059
-0,006879848
0,007683819
-0,001119273
0,08602348
-0,05979005
0,04232778
0,01020728
-0,005326974
-0,1797016
0,07356621
-0,06000339
-0,03036986
0,1591262
0,1007991
0,02136537
0,05929758
0,08193492
0,008271188
-0,0636389
-0,02557552
-0,1232116
0,2161313
0,07970227
0,09134443
-0,03616034
-0,02771888
-0,05436426
-0,024096
-0,03498734
0,05557597
-0,01303888
0,004050974
0,07184417
0,03075345
0,02947261
-0,01610919
-0,09836558
0,1237574
0,1613953
-0,1438171
-0,1854575
-0,1763703
-0,001083488
-0,03013136
-0,03887019
0,02101184
0,01883953
-0,007613294
0,02704371
0,02009697
0,01202134
0,005320606
0,01340254
0,1195786
0,02243661
0,05954887
0,0340768
-0,03586409
-0,008660578
0,08936469
0,04858549
-0,1248365
0,0007678192
-0,1724837
0,0573413
0,07179403
-0,06810535
-0,1105169
0,1567532
-0,0677475
-0,0115457
-0,01554669
-0,1090035
-0,005070183
-0,0495535
-0,05245867
-0,09281573
-0,007523281
0,1405776
-0,01227753
-0,00293539
-0,05590908
-0,1248835
-0,07486846
0,05224364
-0,04201571
-0,1003352
0,0256841
-0,01040508
-0,003929548
0,2181987
-0,03610375
0,1047047
0,0483368
0,01165785
0,04902054
0,03770582
0,0144485
0,03210021
-0,02305985
-0,02909525
0,008936607
0,06548685
0,1155969
-0,0626754
0,009242086
-0,03070604
-0,03765333
0,1233362
0,02179685
0,02818
0,0493301
-0,07443862
-0,02038583
-0,0653014
-0,2114487
-0,1228446
-0,06170216
0,1959267
-0,04330573
0,08659093
0,2776324
-0,08795147
-0,002090913
-0,08921274
-0,1126067
-0,03985656
0,01995614
0,003306617
0,01475083
-0,02903344
-0,08494994
-0,09248738
-0,02143502
-0,1529193
0,05753006
-0,0780313
0,02491694
-0,05014063
0,1266497
-0,05162316
-0,1175552
-0,004445516
-0,04989166
-0,1065995
-0,04568385
-0,004163033
0,02545844
0,02003547
-0,01310938
-0,001407391
-0,03513878
0,03752811
0,0948386
-0,01200345
-0,06382512
-0,1231794
0,02572316
0,0020642
-0,08349226
0,05216765
-0,009342236
0,008400541
-0,01547265
-0,01929189
0,09522484
0,07048694
0,203568
-0,02175647
-0,1360223
0,1272532
0,05056944
-0,1682834
-0,02409753
0,02157101
-0,03693826
-0,0972478
-0,138184
-0,08301694
0,06448623
-0,001039148
-0,006743023
0,1016866
0,07926424
-0,04917812
-0,04099638
-0,07479993
-0,03347808
-0,01384592
-0,04591534
-0,09288216
0,04756348
-0,02515297
-0,0305939
-0,09580262
-0,1056535
-0,03291089
0,01982131
0,01011311
-0,001016331
-0,01092797
0,0282125
0,05109425
0,1401867
0,05615202
-0,01899127
-0,02954634
0,05769499
0,0843831
0,01592079
0,08654158
-0,07687685
0,05794575
0,08428862
-0,0490821
0,1142995
0,01181574
-0,07789778
-0,02114248
-0,1163961
-0,03698993
0,003800134
-0,1131768
-0,04733215
-0,05676081
-0,09122841
0,02491532
0,01314181
0,01838444
0,1215721
-0,001985213
-0,04469632
-0,1128018
0,01646637
0,01201403
-0,09517178
0,02786754
-0,01187495
-0,1856622
-0,1122802
0,07269803
-0,02209466
-0,06632854
-0,109762
-0,07394532
-0,09044597
-0,01335033
0,0287858
0,01483116
-0,004979944
-0,01580587
0,05359989
0,03248448
0,02172527
0,06341197
-0,01773081
-0,0423897
0,1305096
-0,08363175
-0,04893002
0,1228537
0,02284296
0,02140322
-0,01439385
-0,0576099
0,0226566
0,07317738
0,02038635
0,1167285
0,08031318
0,197628
-0,06576966
-0,04711014
-0,161404
-0,1096566
-0,09479865
-0,06055691
-0,08126619
-0,009055233
-0,1616874
0,02166307
-0,07805729
-0,014248
-0,08784625
-0,08365856
-0,07846542
0,1538353
0,01127199
-0,2443038
-0,07953276
-0,05423276
-0,07292148
0,00674289
-0,1216122
-0,1662611
-0,03242108
-0,00750615
0,03002448
0,03093695
-0,006701144
0,03325215
0,02199231
0,07751141
0,1618425
0,04336851
0,02434834
0,05972419
-0,009354303
-0,07529689
0,05644621
0,06376744
0,02758401
-0,02694658
-0,0818106
-0,1142459
0,03194887
0,0212385
-0,05162565
-0,1993459
0,08512468
-0,005257419
0,004695271
-0,09563851
-0,0432914
-0,1680231
-0,09466723
-0,03497019
-0,1691621
0,03623362
-0,09864116
-0,1033677
-0,01964341
-0,1981436
0,03168767
0,01487206
-0,008889412
0,04044806
-0,09858851
-0,2294502
-0,08889495
-0,02849658
-0,1344385
-0,1298248
-0,0612994
-0,08512636
-0,1024419
-0,003298598
-0,01901599
0,001262464
-0,02456847
0,02315219
0,03031208
0,07982451
0,111698
0,09092353
0,07234956
0,1488166
-0,05702066
-0,06230088
0,1089299
-0,062505
0,006001156
-0,1710472
-0,1629994
0,07523558
-0,009787813
0,004339248
0,04205186
0,02357103
0,04113269
-0,002629013
0,0282838
-0,04101541
-0,07062575
-0,2267357
-0,09198662
-0,2963657
0,01037018
-0,06457921
-0,04571519
0,1123999
-0,1133531
0,02627681
-0,01476933
0,08389965
-0,06475932
-0,008791749
0,08976233
0,04030126
-0,01669641
0,01632672
-0,02531585
-0,158241
-0,1079435
-0,09513762
-0,08235461
0,02686647
0,028051
0,01045333
0,005377229
0,01441474
0,02925838
-0,03081084
0,09313186
0,07567774
0,2324829
0,163473
-0,004825502
0,04304493
-0,08789068
0,1176354
-0,0665922
0,09059189
-0,04359331
0,007959044
-0,09920267
-0,1384322
-0,1748129
-0,125188
0,02155308
-0,1270439
-0,04970465
-0,1298375
-0,1414684
-0,15689
-0,07526381
-0,03603046
-0,09137429
-0,07369304
-0,01051653
-0,0816028
-0,003609926
-0,2280496
-0,1072909
0,05555758
-0,00290587
0,121496
-0,1325956
0,08105499
0,06808818
0,005120135
-0,01974921
-0,1662466
-0,05946029
0,0200254
-0,01539452
0,02231663
-0,002296258
-0,02768515
-0,006328701
-0,003623283
-0,02053584
0,04470161
0,1881915
0,1064902
0,03532128
0,1137365
0,1518896
0,2376442
0,03019201
0,04005981
-0,06136129
0,03436758
0,03892384
0,001080994
-0,1436183
0,2432431
0,1290798
0,04438929
0,1752945
-0,04773878
-0,1090242
-0,0273148
-0,1028789
-0,268308
-0,1661567
0,03791307
0,005571353
0,08053201
-0,09399106
-0,03104202
-0,2200141
0,1247586
0,1125956
-0,01019864
0,1926508
0,03520351
-0,04565577
0,1744725
0,01877286
0,007837437
-0,1026798
-0,1099704
-0,04994416
-0,01961045
0,0387231
0,03266202
-0,01875872
-0,02644291
-0,009218092
-0,01216751
0,01369434
0,002990972
0,05409542
0,0550232
0,2070929
0,01469565
0,08794634
0,1039854
0,01564332
-0,06227745
-0,03130342
0,03624089
0,09660331
0,04249775
0,08255488
0,2285555
0,001491784
0,0340101
-0,04043335
0,0879444
-0,2131142
-0,3009689
-0,2036502
-0,2334487
-0,03951731
-0,0912598
0,2053308
0,1203478
0,08208598
0,273267
0,1450672
0,054726
0,06187376
0,1331512
0,0790396
-0,1267365
-0,09920832
0,01682462
-0,1814163
-0,2102082
-0,05199053
0,02515095
-0,001333203
-0,03974393
-0,05207476
0,006591964
0,008165685
-0,01784408
0,001531093
0,006594579
-0,001067708
0,03575563
-0,0174193
-0,05036826
0,02792467
0,1852251
0,02343671
0,06945565
0,04139465
-0,03451688
-0,03163919
0,1814017
-0,0001698005
0,08942003
0,04181264
0,08775903
0,03482404
0,2252019
-0,1768792
-0,1893452
-0,2486981
-0,196158
-0,2063692
-0,1269039
0,09396124
-0,07840799
0,2472455
0,2090051
0,0607462
-0,02820764
0,04935891
-0,0600924
0,01793469
0,08562968
0,05906604
-0,2620929
-0,1978872
-0,06123722
-0,003770682
-0,1895288
-0,03951817
0,03575102
-0,01017788
0,04609567
-0,03050178
-0,03183393
0,01586068
-0,02858471
-0,03423147
0,008342941
-0,02257889
0,03011336
-0,04911782
-0,0363194
0,1219056
0,209559
0,01745465
-0,08556652
-0,0208853
-0,2222441
-0,0134168
-0,02998339
0,0919178
-0,0395351
0,01719858
0,04180017
-0,1623435
-0,09153232
-0,01240481
-0,1141228
-0,4304163
-0,4391652
-0,405416
-0,1356412
0,1186754
0,1369766
0,1654603
0,1143104
0,2759657
0,09682846
0,1344118
-0,1730349
-0,1372027
-0,2033224
-0,1040869
0,0219299
-0,06578323
-0,1642855
0,0956869
0,002703515
-0,0519122
-0,01976955
0,05406373
0,04182
0,01726916
0,009910503
0,02477344
0,01334335
-0,003302739
0,0004963665
0,01937048
0,01341896
-0,09090706
-0,1918814
-0,1193861
-0,07924149
-0,09273643
-0,09764224
-0,09257343
0,004650209
-0,05519349
0,05791009
-0,02461042
0,03420637
-0,2822315
-0,05140385
-0,05141052
-0,2015674
-0,468118
-0,3102439
-0,6869497
-0,3362684
-0,06626169
0,1053706
0,1783008
0,2634017
0,2093426
0,1121371
0,27436
-0,05611149
0,02683815
0,1309346
-0,0370762
-0,08273837
-0,1332551
-0,1571357
-0,04252879
-0,09314837
-0,1255245
-0,09737539
-0,004654744
-0,01243506
-0,06788884
-0,03768441
0,01521028
-0,01989949
-0,01134957
0,007202392
-0,002142935
-0,0208021
0,0113847
-0,009477396
-0,09808602
-0,1586801
-0,136588
-0,2158663
-0,2986284
-0,1625218
-0,209963
-0,3883264
-0,3183279
-0,155515
-0,2428216
-0,240253
-0,2309369
-0,5169543
-0,3540688
-0,4516928
-0,9029877
-0,5629453
-0,4929643
-0,1919834
0,1546996
0,1101493
0,2934996
0,3907268
0,3577751
0,05673014
0,1812187
0,1047736
0,1138828
0,1231778
0,06612621
-0,1385833
-0,07975343
-0,09038743
-0,099303
0,01216343
-0,005204565
-0,09470958
-0,0004280542
0,1050926
-0,05599789
-0,02895483
-0,01211688
0,01377045
-0,01966462
0,01520295
0,01270889
-0,02031573
0,02457273
-0,00574027
0,009507698
-0,1512431
-0,2052631
-0,1472825
-0,3304294
-0,5045094
-0,3906917
-0,3394421
-0,3184606
-0,398782
-0,6690966
-0,7718254
-0,7329057
-0,9134563
-0,9779862
-1,070297
-0,7782246
-0,3697278
-0,0229701
0,1584023
0,2875175
0,4282238
0,463047
0,4267535
0,2577712
0,1041918
0,08623619
0,05986263
-0,09187651
-0,07103348
-0,1241905
0,1698921
0,08549303
0,05045906
-0,04460836
-0,1362376
-0,01570209
-0,05526458
-0,0068244
0,0811736
-0,0506726
-0,01150714
0,009538027
0,03396956
-0,01287746
0,0232236
0,003611929
0,02629067
0,0343794
0,04077096
-0,1096602
-0,1479864
-0,2019985
-0,1534613
-0,2191712
-0,2886901
-0,54713
-0,4020658
-0,6688353
-0,7389506
-0,7003057
-0,8353563
-0,904359
-0,7726141
-0,5745375
-0,4466377
-0,08570629
0,1529767
0,4098812
0,1491415
0,2018602
0,2609158
0,2568986
0,3655328
0,1570021
0,02271148
-0,1836869
-0,01474828
0,0236694
0,07387595
0,003526194
0,04991799
0,1796418
0,007163092
0,003705584
-0,1713215
-0,03649879
-0,1038668
0,01786345
0,01718158
0,001999435
-0,02645893
-0,04091957
-0,02427926
-0,02465412
0,01009887
0,01766014
-0,02832926
0,005578465
-0,07895665
-0,1916905
-0,1611967
-0,2151381
-0,3474773
-0,4294978
-0,54198
-0,6085978
-0,6346729
-0,5789731
-0,629524
-0,6438065
-0,4267404
-0,3148127
-0,1624595
-0,1389559
0,07497151
0,2644923
0,227386
0,1015002
0,318152
0,4401623
0,2797179
0,3072752
0,3061677
0,03816582
0,01225946
0,0196141
0,03328558
1,464475E-05
0,05130971
0,1573043
0,05241294
0,02640425
0,0926613
-0,04369963
-0,112999
0,00808902
-0,05360987
0,00328006
-0,02623871
-0,03837496
-0,03233492
-0,05121903
0,002995476
0,008697457
-0,03135264
-0,02943651
0,003482558
0,01529515
-0,07864539
-0,1022133
-0,1752588
-0,1702927
-0,3309591
-0,4821865
-0,2841479
-0,2760327
-0,221331
-0,3482292
-0,1750262
-0,08290792
-0,1437595
0,116004
0,2061168
0,3030645
0,1176175
0,1877489
0,2885707
0,4422824
0,5747111
0,4476387
0,3300265
0,02269974
0,22145
0,009128614
-0,06063259
0,06467031
-0,1047052
-0,01009145
0,1452889
0,2063629
0,1836608
0,009479498
0,07128436
0,2262757
-0,02068447
-0,07641073
-0,04585129
-0,06437099
-0,03511525
-0,02145294
0,006249886
-0,03904461
-0,03805835
-0,01857688
0,005811486
0,01201965
-0,0008396553
0,02310067
-0,07691552
-0,1143394
-0,2097838
-0,05137363
-0,183548
-0,2135076
-0,09554969
-0,1578938
-0,1364067
0,03570589
0,04371768
0,1737278
0,3011861
0,05316698
0,0487986
-0,0484103
0,302844
0,3066789
0,3122006
0,5985785
0,381392
0,1644369
0,2319902
-0,07740612
0,0993144
-0,1478524
-0,1105468
0,1656688
0,08953391
0,0489833
0,02383018
0,2331319
0,09057341
0,1789184
-0,0004326836
-0,0960791
0,1267049
-0,1478437
0,06716764
-0,04309541
-0,08123045
0,0217744
-0,00216735
-0,0266777
0,03383423
-0,02479408
0,001061434
-0,002137865
0,0251355
-0,01671181
0,005987773
-0,07146072
-0,2742975
-0,01236676
-0,1706617
0,03464095
0,02899357
0,2425131
0,09818131
0,2787824
0,1671291
0,2751516
0,3685122
0,2421752
0,2932755
0,3231528
0,3049472
0,5009323
0,3492168
0,241699
0,1653135
0,1048627
0,09939033
0,001166578
-0,05289946
0,1419818
0,04154081
0,03072462
0,06681926
0,07713116
0,009045226
0,1142747
0,07554395
0,004831806
0,05005372
0,2419848
0,06506599
0,02709418
-0,00266567
-0,06572811
-0,06414948
-0,02025316
-0,03355177
0,008695846
-0,02445278
0,02904686
-0,007309046
-0,02807784
0,0270773
-0,00417533
0,02041479
-0,1225488
-0,02842467
0,04117789
-0,1174559
-0,005884557
0,253069
0,1802354
0,0681001
0,2539068
0,155172
0,2550003
0,3426146
0,2856823
0,4205711
0,3715456
0,4181173
0,3596185
0,258928
0,09357601
0,1185691
-0,02711394
0,06840209
-0,01461358
0,1078642
-0,0349731
-0,09461127
0,02451142
0,1357551
0,1477422
0,1527874
0,07985537
0,2244651
0,1202042
-0,02846407
-0,04508939
0,08083206
-0,1916813
-0,01611107
-0,06141249
0,03513295
0,008434162
-0,05888403
-0,0005996703
-0,003846637
0,03805751
0,02814997
-0,0004875746
-0,02995838
-0,01249021
-0,005959311
0,02368165
-0,07887462
-0,06783972
-0,06378364
0,09414097
0,1439985
0,2094724
0,1634579
0,2805165
0,1846758
0,3334719
0,371887
0,1814421
0,3153809
0,3987769
0,1670982
0,2390839
0,1244993
-0,03394515
-0,01136591
-0,01685097
-0,08323631
-0,03124098
0,1890888
0,2005315
0,232183
0,01625038
-0,1349487
0,07115278
-0,01878081
0,03753959
0,09194643
0,04987125
0,09129349
-0,006950717
0,0004522685
0,06349168
0,1152961
0,09337442
0,1151153
0,009035849
-0,03939373
-0,0478815
0,01832518
0,01597996
0,007838574
0,02012288
0,02558889
0,007377927
0,08159847
-0,02593721
-0,0879454
0,01350593
-0,004746684
-0,02393466
0,2559002
0,1506989
-0,04632314
0,2678304
0,3367514
0,3173501
0,3537648
0,213346
0,1311629
0,2808785
0,1212106
0,1587348
-0,01050249
-0,007635198
-0,1308694
-0,04889519
0,06171316
0,1191242
0,04312717
0,168683
0,2800105
0,06255494
-0,04158322
-0,006372062
-0,03151205
0,2552719
0,1509636
-0,004260071
-0,08189005
-0,083501
-0,1133852
-0,02224858
0,05234836
0,0187677
0,02076728
0,02501207
0,03618351
-0,01687393
0,002528843
0,002997018
-0,01580176
-0,001826634
0,01571748
-0,005000143
-0,01448874
-0,01412259
-0,00731362
0,09121733
-0,1180283
-0,02944443
0,1952402
0,223561
0,09735186
0,1018121
0,08171313
0,4212014
0,1738858
0,06636747
0,1084279
-0,02602846
-0,005518856
0,02333881
0,05313839
0,02105066
0,02257059
-0,06847171
-0,1980817
0,0878052
-0,09527246
0,04689833
0,2096929
-0,1302032
-0,04161882
0,05021718
0,07185329
0,04582716
0,02931571
0,1771222
-0,1056247
-0,1008149
-0,005136576
0,061683
0,04544389
0,01670599
0,0123787
0,01595985
0,01444505
0,02813423
-0,008717259
-0,02291471
-0,01416305
0,009985244
-0,01955099
-0,005106288
-0,07768684
-0,0002302091
-0,04424618
-0,03803527
0,04201528
0,06996532
0,004906048
0,06778952
0,2106676
0,06268526
-0,09727381
0,1278159
0,1889525
-0,1326679
0,04701102
0,01961009
0,04990486
-0,1915841
-0,01796161
-0,2460817
0,1143396
-0,08391547
0,001051728
-0,1135153
0,03382225
0,1367637
0,1643892
-0,1646077
-0,09227729
-0,08447626
0,08958866
-0,0104647
-0,01421788
-0,07611142
-0,2504602
-0,09865221
0,04174671
0,01939832
0,01736909
0,07532601
0,05107643
0,00940701
0,02385468
0,01309217
-0,0610673
-0,01368857
0,02155149
0,03055776
-0,01931264
-0,04531404
-0,04516691
-0,0294262
-0,03806287
-0,03083099
0,01258042
0,09456307
0,06274372
0,1053371
0,03181415
0,01912233
0,1606219
0,1589866
0,07433346
-0,18001
-0,08730089
-0,07294348
-0,1704924
-0,09815573
-0,155797
-0,1003201
-0,05422179
-0,09054784
-0,1255686
-0,1916674
0,01098486
-0,1411386
-0,1052462
-0,143195
-0,04697162
-0,03200233
-0,1462911
-0,0922761
-0,1315525
-0,04199802
-0,06798492
-0,06673187
-0,02111755
0,02390609
0,02459767
-0,01655523
0,03109259
0,0161872
-0,04217461
-0,005360169
-0,04280847
-0,03426452
0,00128502
-0,001872833
-0,01369408
0,01002581
0,04792671
-0,03807722
0,00587049
0,003560252
0,05249276
0,1045947
0,05841199
0,09431496
0,1746258
0,007307581
-0,003677895
0,006736079
0,1049161
0,02461926
0,0142841
-0,07439522
-0,1370438
-0,05395372
0,01008604
-0,1058432
-0,02992899
0,06021113
0,01594366
-0,01554991
-0,1009293
-0,05312761
0,169536
0,05417054
-0,02069966
-0,1121308
-0,1593241
0,01268545
-0,1073443
-0,02861746
-0,02859943
-0,002667371
-0,006902576
-0,02529338
-0,0125145
0,02625491
-0,01073978
0,01524525
0,0136696
-0,002803731
-0,03105319
-0,02492875
-0,02873025
-0,003192169
-0,002271713
-0,02322475
-0,01433671
-0,009287097
0,002223524
0,03836527
0,05003938
0,07108272
0,09138865
0,1030746
0,1561718
0,0472998
0,06853476
0,05402598
0,05362447
0,1359979
-0,02678756
0,01609111
-0,07232375
-0,03334963
-0,1179734
0,004277944
0,04208082
0,06913447
-0,07464872
-0,06625726
-0,1265964
-0,01378641
0,01293725
0,01334161
-0,07678027
-0,08574141
-0,1281277
-0,03245565
-0,07917356
-0,03661313
-0,03626844
-0,006274869
0,01500917
-0,02089958
0,007021034
0,00678532
0,02218636
-0,01677935
0,008056067
0,02445856
-0,0166799
-0,02815633
-0,002516688
0,01844916
-0,01747262
-0,009415502
0,03407852
0,00296982
-0,01557964
0,03331712
0,02335978
0,02036185
0,012163
0,04583637
0,1251704
0,05091077
0,06053473
0,02482696
-0,02180363
-0,09089243
-0,07999848
-0,1216333
-0,1154623
-0,102914
-0,1306822
0,007840266
0,07525121
0,06299433
-0,05325202
-0,1023683
-0,04407655
0,03572634
-0,01809321
0,04048735
-0,02546511
-0,01221139
-0,03361413
0,008677483
-0,01853851
-0,07787019
-0,0335949
-0,03556754
-0,02279312
-0,05895153
0,006214262
-0,0243807
-0,01635732
-0,02052268
-0,01094758
0,01267927
-0,01411288
-0,006686117
-0,008098003
0,001621919
-0,008771401
0,01959035
0,01758161
0,02658483
-0,01406717
0,04517349
0,03587627
0,02074492
0,01750771
0,05814565
0,04471845
-0,0240963
-0,03305838
-0,0618523
-0,03782634
-0,1077075
-0,09609633
-0,1262815
-0,09218353
-0,1298947
-0,07037611
-0,04435349
0,07807917
0,09640271
0,0708077
0,003835154
0,04709816
0,05490711
-0,06889106
-0,06797159
0,01194324
0,04515628
0,001083174
0,01934729
0,02719562
-0,03682332
-0,02360507
0,01376674
-0,02124273
0,0266231
0,01013486
-0,03017131
0,01622244
0,01192594
-0,007481379
-0,0100056
0,02579843
-0,005773002
-0,008856037
-0,01824142
0,02201444
-7,565514E-05
0,01841931
0,01473217
-0,02409211
0,04345817
0,04125351
0,03574464
0,003198125
-0,002536667
0,02012415
0,02613629
-0,004730093
0,04012644
-0,005851322
-0,06511758
-0,06396295
-0,09809067
-0,07132568
-0,1353988
-0,09791762
-0,04109205
-0,0254711
0,01097008
0,01556899
0,08397987
0,06098418
0,001244848
0,01755422
0,00915439
-0,02844517
-0,01031103
-0,01170449
0,0109005
-0,007013288
-0,009258742
0,01863062
0,02664277
0,007124126
-0,009637099
0,01904335
0,003325305
0,01213161
0,02898316
0,02998449
0,01719147
0,009098114
-0,02113045
0,01127399
0,02035818
-0,001660842
-0,003262891
0,0141494
-0,02859752
-0,01750925
0,01660139
0,02767548
0,03580968
0,03517098
0,03382524
-0,01142227
0,006143291
0,0132393
0,009698688
-0,01818265
-0,01693198
-0,02388125
-0,008020107
0,03590791
-0,007611883
0,004840389
-0,02601218
-0,004904888
-0,009425427
0,04656949
0,03535758
-0,004688473
0,008890432
0,02196843
-0,01257952
0,0204452
0,01153159
-0,005537514
-0,04310039
-0,0150862
0,02488763
0,03019062
-0,009549488
0,02317571
-0,02018495
0,02155256
0,009136875
0,02958721
0,03076922
-0,02988722
-0,01175626
0,01611671
-0,02701109
0,02200378
0,01753522
-0,008284384
-0,01129009
-0,01897966
-0,01737963
0,02511279
-0,0142034
0,001326169
-0,01979668
-0,002101968
0,01581771
-0,02464547
0,02029534
-0,02495601
0,003390868
0,03528676
0,01081182
0,0143104
0,02008682
0,01044978
-0,01279196
-0,03168415
-0,02972286
-0,008965123
0,0245926
0,02725492
-0,002889839
-0,01539122
0,03219443
0,01088953
-0,02159823
0,01937132
0,005403637
-0,02550608
-0,02305328
0,02291333
-0,004000117
-0,005342256
0,0029456
-0,01880018
0,01772271
-0,01446017
0,01828344
0,02646585
-0,01489246
-0,02972428
0,02711219
-0,002166677
-0,005898372
0,02920504
-0,00385651
0,01238644
-0,01735415
0,003731515
0,006201953
0,00364237
-0,01708409
0,01371361
-0,0149209
0,0003139768
0,003532864
-0,028203
0,00238683
0,01069438
-0,02258821
0,01347075
-0,0007682046
0,02399284
-0,02483737
0,003018363
-0,003857913
-0,01824706
-0,02306611
-0,0002057726
0,01912858
-0,02932488
-0,005671257
-0,02083236
-0,005851634
0,02432989
0,0113547
0,02380212
0,02342431
-0,02835016
-0,02083887
0,009747306
0,002454679
0,02973773
-0,002022584
0,00311932
0,00852394
0,01022267
-0,02422901
-0,02853265
0,008372336
0,01691198
0,01356737
-0,02183699
0,02253489
-0,005971298
0,001908092
-0,02055346
-0,002805726
0,01364506
-0,006226215
-0,01843629
0,006929537
0,01866425
0,02059572
0,005914332
-0,02337421
0,03009504
-0,009186896
-0,008366781
0,01523948
0,01335535
-0,02063902
0,00349318
0,005207754
-0,005551819
-0,01808419
-0,001622515
-0,01080506
0,0005294366
-0,02618348
0,0255663
-0,0223448
-0,02642252
0,0163509
0,02775586
-0,01300997
-0,01087911
-0,008394613
0,02954698
-0,007018745
0,006878428
-0,004882009
-0,02211788
0,007104542
0,02510105
-0,02852845
0,01693977
-0,02061451
0,02145914
-0,005084693
0,009075235
-0,01054808
0,01497969
-0,01291256
0,0268847
0,007437218
