0,01919422
0,007248757
-0,0140448
-0,02852952
0,004412389
0,002982206
0,01170189
0,01222718
-0,02673695
0,01087136
-0,001509186
-0,007015884
0,008472276
-0,02257824
-0,02755135
-0,0097749
0,01490863
0,021779
-0,02106104
-0,00870065
-0,002381125
0,02646811
-0,02469919
-0,001964085
0,008660399
-0,02445089
0,02542645
0,01674822
0,02742478
0,005095594
-0,005902268
-0,01187063
-0,005876304
-0,0222889
-0,02126007
-0,004052992
-0,006938495
0,0155075
-0,01497093
-0,002770425
-0,00912768
-0,0005931641
-0,01802032
0,008315454
-0,007477158
-0,02227964
0,0298512
0,02400916
0,01603184
0,009214814
0,02609591
-0,02616271
0,01857504
-0,01727955
-0,01506767
0,02345506
0,001987632
0,01866776
-0,006490722
-0,001128124
0,008052598
0,02558439
0,01553093
-0,001106567
-0,0131902
-0,01980515
0,02948067
0,0007820001
0,02926211
0,007069162
0,02771694
0,03003398
0,00678681
0,01236557
-0,02949349
0,02884986
0,01450819
-0,002434412
-0,02437794
0,0008572561
-0,02370778
-0,02849103
-0,02916908
-0,01177871
0,009669106
-0,009607138
0,0003764621
-0,01863926
0,02341416
-0,01396777
0,02477529
0,005169502
-0,007970904
0,01682086
0,01983791
-0,0040278
0,01459954
0,01377846
-0,008422396
-0,0176524
-0,02114705
-0,000944473
0,02525887
-0,02102661
0,01209849
0,02669304
-0,002259824
-0,02376581
-0,0175957
-0,01324976
-0,02129534
-0,0257861
0,01310342
0,02332878
-0,007265687
0,006528561
0,02473189
-0,002759895
0,01982011
0,02706465
0,01042791
0,01803691
0,007950682
0,01324137
0,01284236
-0,007413078
0,007955359
0,02062709
0,02321012
0,004995323
-0,01584035
-0,02905932
-0,02379609
0,02389745
-0,007666595
0,007956092
-0,02289703
0,02259887
0,006754817
0,01368786
0,02334914
-0,005765367
0,02966808
0,006875299
-0,02284524
0,02043342
0,0227316
-0,0005076305
-0,005747113
-0,01673276
0,001862172
-0,0126341
0,02450875
-0,004738713
0,00276503
-0,008531433
0,02186135
-0,01816255
-0,003531826
-0,01057835
-0,01156048
0,007655651
-0,01661332
0,0079423
-0,02731503
-0,0216685
0,029083
0,02003892
0,001213992
0,0154254
-8,640349E-06
-0,02777112
0,02098084
-0,02369969
-0,02634438
-0,01371861
0,01917005
-0,02866111
0,006263715
0,02362872
0,0006696052
-0,02114679
-0,003103206
0,01031802
-0,02609146
0,02829967
-0,02280177
0,01187397
-0,008434546
-0,02928112
0,01668726
0,02531854
-0,004066542
-0,01257567
-0,00505269
-0,01437168
-0,01948728
-0,008115119
0,004467163
0,02960815
0,02210294
-0,02701358
0,02926274
0,009624803
0,01386756
-0,0004806578
-0,003280706
0,01823229
-0,008557143
-0,01398667
0,00283028
0,02024462
0,006307164
0,004124618
0,0199073
-0,01967316
-0,01842429
0,004750817
0,005020445
-0,02414482
-0,02818115
-0,01260441
-0,001400219
0,0001581777
0,02877448
0,004587772
0,00741636
0,004007645
0,01241383
0,0195961
-0,02329274
-0,002039987
-0,002027228
0,007510213
-0,02803013
-0,001649437
-0,01991756
0,01738166
0,02650669
0,004326718
0,0004866774
-0,01099609
-0,009510815
-0,02463943
-0,00135768
0,02673101
-0,0111021
0,02266182
-0,001506562
-0,01515328
-0,02573205
0,006657261
0,0180023
-0,001183566
0,02794584
0,005219011
0,005200005
-0,001874121
0,01113932
-0,02150279
0,02398139
0,02454152
-0,02359559
0,003653267
-0,01947765
-0,02434525
-0,006364759
0,03073482
0,003578191
-0,007811266
0,03113721
-0,005646038
0,008196225
-0,03013091
0,005685839
0,01380601
0,02864267
-0,005522199
-0,02723251
-0,02666589
-0,01148865
0,01610072
-0,02416416
-0,002056862
0,01509103
0,000376537
0,01050492
0,02894359
0,01000616
-0,002525138
0,02413501
0,01240461
-0,0233193
0,01783211
0,01202394
0,007396014
-0,01723481
0,01801353
0,02560665
-0,007264875
0,003361432
-0,01034382
-0,009804773
-0,0232058
-0,01560912
0,01101352
0,02833245
0,0179131
0,02418704
-0,01483065
0,007646651
-0,01811384
-0,003435554
0,008289132
0,02388135
-0,02177015
0,01793331
0,009717196
0,01941061
0,01134962
-0,003497564
-0,005386507
-0,01017392
-0,02426304
-0,0002558702
-0,0102375
-0,01012843
0,02305236
-0,009782807
0,03024793
0,001772502
-0,0183691
-0,001684339
0,009300629
0,0001858242
0,02791917
-0,004843661
0,02916491
-0,01787916
-0,02546095
0,002686906
0,02287574
-0,02445623
-0,005038478
0,02038893
0,01193786
-0,01482914
-0,001268141
0,02505789
0,00339369
0,01932201
0,003534197
0,02895192
-0,01502139
0,02736694
-0,02158341
0,02902563
-0,01612724
0,005853639
0,02537854
-0,008185535
-0,02282579
-0,001212419
0,02550951
0,01563159
-0,00270452
0,0130644
0,0173518
-0,02175016
0,02603681
0,01367697
0,02000646
-0,002970795
0,01480064
-0,02103418
0,004291866
-0,008695592
0,02966117
-0,0107929
0,01900507
-0,02532654
0,02291536
0,02855782
0,01771828
-0,01874084
0,02692654
-0,02033324
-0,01786428
0,01297831
-0,009032483
0,02870338
-0,0193894
-0,009297187
-0,01362448
0,01307471
-0,005158097
-0,005823388
-0,02004978
0,009171599
-0,008013899
0,02865876
-0,001619055
-0,00991272
0,02938093
0,02162578
0,02992628
-0,02394377
-0,01404252
-0,02519291
-0,008914649
0,01772858
-0,02687588
0,02905142
0,02247104
0,02469846
0,003691423
-0,01969746
0,01227635
0,01543227
0,01843093
-0,01434478
-0,001738628
-0,02837703
0,0174655
0,03040347
0,004053684
-0,0004122969
-0,01773894
-0,02570205
0,01650367
-0,01733535
-0,01769716
-0,009968856
0,02640343
0,02146454
0,006341741
-0,00156112
0,02681936
0,02607005
-0,02016886
0,02173554
0,02651815
-0,02246395
-0,00898987
0,003975131
0,02525844
-0,01691846
0,0001928363
-0,007099926
-0,02051426
-0,01524568
0,01229307
-0,005959973
0,02044577
-0,02463082
-0,001385133
-0,007391175
0,003005218
-0,03014974
-0,0144807
-0,0006499097
0,0244037
-0,01699286
-0,00922736
-0,01738931
0,008873688
0,01503765
-0,02747527
-0,03063866
-0,01422646
-0,02801582
-0,01990678
0,01559786
0,004774434
0,02936036
-0,006699152
-0,008390877
0,01365031
-0,01497684
-0,02463534
-0,007780516
0,03303674
0,02024505
0,02500267
-0,0005043973
-0,0004768133
0,01615246
-0,003363254
0,02015737
-0,008812624
-0,01865813
0,02754652
0,02771761
0,009317701
0,01153088
0,0277243
0,0136709
0,01688497
-0,0214833
0,02566304
-0,02090858
-0,02016711
-0,001320897
-0,02494967
-0,0233705
-0,02554119
0,02737765
0,0201891
0,02195603
0,01295844
-0,0248061
0,009048948
-0,01033074
0,02686069
0,02722869
0,0006619582
-0,02720028
-0,01394147
0,01974545
0,01231486
0,02124811
-0,01459988
-0,01716907
0,01025876
-0,02477466
-0,02591337
-0,01691949
-0,02568549
0,0238974
-0,0286131
0,01073825
0,00736371
0,005377224
-0,01174382
0,0241458
-0,0211885
0,001074077
0,01419055
0,01664867
-0,003194379
0,001080362
0,02741197
0,004650735
-0,02429115
-0,01464355
0,002430966
0,009906536
-0,02876164
0,01223386
-0,02003512
0,02197281
-0,006589959
0,02482673
-0,005398813
-0,02652308
0,02436073
0,0288505
0,01918405
0,02879397
-0,03042972
0,01817623
0,02132555
0,02505892
0,0200184
-0,0271642
-0,0004887304
-0,02770673
0,02839958
-0,03134423
0,01675623
0,02776845
-0,01075261
0,001976587
-0,008686473
-0,02183962
0,0198581
0,009643204
-0,02808456
-0,00756252
0,0003165384
-0,002162373
-0,0180355
-0,007135961
0,01649747
-0,01974178
-0,01537452
0,01275301
-0,01909248
-0,01648829
-0,02905897
-0,01607807
0,01311225
0,01469541
0,01606372
0,009718167
0,01465707
-0,0252141
0,01676792
-0,02805648
0,01501184
-0,002569742
0,01105013
0,03004877
0,02353286
-0,02016855
0,002235696
0,02072976
-0,0004184214
-0,01761268
-0,01959189
-0,01814582
0,02180857
-0,005557017
-0,006124529
0,003473529
0,004445648
-0,008448032
-0,02167408
0,008426107
0,01819176
0,01721032
0,02319837
0,0108473
0,02475685
0,001414782
-0,02037876
0,00200275
0,01674958
0,01182276
-0,007171872
0,01590828
0,02503654
-0,02701362
0,01218977
-0,02236236
0,01612263
-0,01503939
0,001692002
0,0002669182
0,008437814
-0,004112325
-0,01752163
0,02897216
-0,02331137
0,02456139
-0,005345553
-0,007570009
-0,007560445
-0,01658403
-0,02555992
-0,009339822
0,02681684
-0,02394028
-0,01873343
0,02748079
0,00447836
0,02839857
-0,02769632
-0,01032578
0,0270658
0,02916629
-0,02406473
0,01336376
0,01545616
-0,01123675
-0,01670919
0,0144243
0,008696198
-0,01595147
0,01472105
-0,0102323
0,02455493
0,001337853
-0,03185972
-0,01087463
-0,0006088493
0,01976626
0,002847089
-0,03277235
-0,02448244
0,01864238
-0,0199066
0,001527316
0,007478491
-0,02536749
0,02095508
0,01774567
0,02303879
0,01337064
0,0008097184
0,01686188
-0,0165203
-0,01815913
0,009543019
0,01188442
-0,009028377
0,0001119393
-0,01414883
0,01746695
0,01086463
0,009208607
0,01121818
-0,02574974
-0,003843813
0,01584015
0,0007944761
-0,007500993
-0,02399864
0,01736696
-0,009608961
0,01333257
-0,006698319
0,02692401
-0,02158478
-0,02925055
0,01176297
0,0001516781
-0,03060961
0,004481712
-0,004336229
-0,005384319
0,02044624
0,02365952
0,01171772
0,02724974
-0,02398451
0,009317649
0,02120423
-0,01904605
-0,03063823
-0,02431169
0,007320962
0,01610316
-0,009142558
0,0008563692
-0,02260774
-0,0245711
-0,02310114
0,02849025
0,008764207
-0,002505859
0,01336029
-0,02522457
-0,004786725
0,0223581
-0,004089073
-0,01325022
-0,02559315
0,008960918
0,02929908
0,02190359
-0,002231413
0,008630995
-0,009860413
-0,01277606
0,01770047
0,0165085
-0,01120553
-0,002679807
0,008243858
0,02093657
0,001136775
0,01707425
0,01358331
-0,01793384
-0,03078787
0,001106138
0,002464824
0,005843611
0,01862895
0,004455931
-0,01133079
-0,03116684
0,02627189
0,02741103
0,006365644
0,01253204
-0,002265484
0,01658302
-0,0009957714
0,02012285
0,002664361
-0,02093847
-0,0170707
-0,01948851
0,005190899
-0,03251389
-0,000748572
-0,02562754
0,01162667
-0,005715101
0,01693994
0,01033818
-0,008993053
0,01918202
-0,03026059
0,02805652
-0,005572488
-0,01569353
0,02070584
0,02310626
0,01311599
-0,002059986
0,02073644
-0,006305245
0,0004492254
-0,00610272
0,01077757
-0,009696743
0,01003116
-0,02756721
-0,01342709
-0,002246386
0,02263086
0,01358574
-0,01703468
-0,01734807
-0,005028794
-0,00214415
0,003923361
-0,03234952
-0,03101597
-0,007724728
0,01562389
-0,01285157
0,01264463
0,006150821
0,0100868
-0,02553112
0,0203686
0,005841386
-0,01411464
-0,02439974
-0,03516911
0,004655132
-0,02819275
-0,02647156
-0,006630677
0,02562622
0,009721064
-0,01820376
-0,01154564
-0,0235329
-0,001299244
0,01327765
-0,01963522
-0,01049339
0,01966318
0,008078799
0,006529996
0,01600566
-0,0005141399
0,02391295
0,0119838
0,01941287
0,02018797
-0,01385615
0,007047274
-0,0009802763
0,00899981
0,02174763
0,01452772
0,002095097
-0,003278482
0,02783737
0,01008536
-0,02944474
-0,002247053
-0,02086404
0,002565187
-0,02983067
0,01315852
-0,0003170906
0,01516712
-0,01416752
0,006417631
0,01962962
0,02280515
-0,0260555
-0,03226166
-0,01422688
0,01286365
-0,03512941
-0,003895846
-0,02135778
-0,02032804
-0,006244555
0,001266053
-0,02059992
0,02129615
0,02187531
0,00134822
0,02585277
-0,01269642
0,02379044
0,006201079
0,02025513
0,0138507
0,004975681
-0,02765939
-0,02016364
0,02279884
0,007554198
-0,02735786
0,001602717
0,02679768
0,02640344
-0,0240498
-0,004538531
-0,02105459
0,02514586
-0,006659506
-0,004503896
-0,0148799
-0,02074338
0,02875112
0,007696385
0,02834063
-0,01842668
0,0109423
-0,01844311
-0,00394252
-0,01896941
-0,01544388
0,006778501
-0,002551333
0,016265
-0,02768612
0,01176879
0,00072524
0,009865043
-0,02546663
-0,01514988
-0,02926268
-0,03443426
0,00197261
-0,02278787
-0,03384803
-0,03156055
-0,01740082
-0,01276627
-0,008707367
-0,02364033
-0,0274258
0,02764283
0,002397703
-0,02397202
0,01047126
-0,01961544
0,02526161
0,0279465
0,02021844
0,0007081121
0,02347384
0,02001324
0,01229455
0,006013897
-0,01209511
-0,01069831
0,0286322
-0,02552231
0,01605693
-0,01782284
0,01424429
-0,01534421
0,01080157
0,02506477
-0,01340035
-0,01326367
0,00212831
0,011292
0,0007701402
0,02215574
0,02377233
-0,01194924
0,01478407
-0,01874992
-0,02866453
-0,01904264
-0,03186982
-0,01387952
-0,02405968
-0,03252046
0,02511288
0,009110251
-0,03054486
0,0108787
-0,004462381
-0,01986438
-0,01392065
0,0277347
0,02683688
0,0113704
-0,02900164
-0,01887917
0,002452535
-0,01775058
-0,004450461
0,01993248
-0,01324069
0,002793317
0,01431207
-0,007309833
0,007005584
-0,02134704
-0,00746626
0,02163585
0,00384483
-0,00490253
-0,03223849
-0,006909998
-0,004508112
0,02377025
-0,02357762
-0,0006051299
0,01924195
0,009996719
-0,01776709
0,02930599
-0,0222731
0,02835122
-0,007113989
-0,03601827
0,02341809
-0,001711734
0,01522737
0,01898929
0,01452114
0,004294181
0,0159022
0,001475465
0,01691432
-0,01581258
-0,03064609
0,004202135
0,01704862
0,02432357
-0,00769902
0,0171276
-0,009608987
-0,01813154
-0,02271808
-0,03006528
-0,01465211
0,0258584
-0,000277368
-0,02932842
0,004280904
0,003255121
-0,009543828
0,02043146
0,03005951
-0,004483949
0,006481402
-0,01383204
-0,02951629
0,01020866
-0,005302478
-0,03084666
-0,007678612
-0,0006536198
0,02584153
0,01511337
0,002588436
-0,009296587
-0,00134044
-0,02566364
0,01500925
-0,005597734
0,01265375
-0,03373374
-0,01904466
-0,01715887
-0,004204642
-0,03953752
0,01445409
-0,006864374
0,01133988
-0,03624112
-0,03512549
0,00898611
-0,01975074
-0,01669347
-0,01067441
-0,02566849
0,008743867
0,001241052
0,009856765
0,01656753
0,006448171
-0,02500369
-0,005180174
-0,007465183
-0,001607346
0,022393
-0,0162686
-0,009263788
-0,002203885
0,02235636
-0,003572788
-0,005818632
-0,01879228
-0,02611516
0,01658448
-0,01051386
0,004139771
0,006272058
0,01767978
0,003831608
-0,005186817
0,002250026
0,01736011
-0,01082423
0,02873416
0,001787058
-0,01846608
0,001439841
-0,01406594
-0,007018407
0,01228243
-0,03607971
-0,01286173
-0,03808326
0,01325155
-0,0007001656
-0,008734447
0,01278096
0,01645603
0,00504711
0,01382519
-0,002926071
-0,03610056
0,02167922
0,002996598
0,00925485
0,007729374
-0,01623484
0,006357594
-0,02549837
0,0006513061
-0,0297368
0,009379813
-0,02036046
-0,006727814
-0,02523455
-0,01545701
-0,0264165
-0,004199264
0,02316814
0,01127173
0,01203984
0,03010608
0,02967467
-0,02374398
-0,005612972
-0,0294172
-0,02202419
-0,01956521
-0,02543068
0,0136547
0,007324362
0,01103926
-0,02861435
0,01856571
0,02451104
-0,003746414
0,01992203
0,00995057
-0,01879197
0,02679327
0,02825712
0,02506565
-0,0237067
0,01777403
0,007769248
-0,01472638
-0,02699238
-0,001355894
0,008177112
-0,009460256
-0,006785355
-0,01151304
-0,03702284
-0,03279857
-0,03038416
-0,0007075847
-0,03217804
0,02187502
-0,02083545
0,009704939
-0,005693033
-0,0298759
7,733793E-05
-0,009796948
0,02063537
-0,01186729
0,006847535
-0,009236444
-0,00357904
0,007853281
-0,003234383
-0,009185858
-0,02007746
0,02287728
0,0130892
0,01384788
0,01282832
-0,02926576
-0,01005467
-0,02383796
0,01949832
-0,0009901965
-0,006226276
0,01104317
-0,02061477
-0,02556162
0,00663456
0,02462907
0,008314279
-0,008261457
-0,005883818
0,02402791
-0,008364952
-0,003609604
-0,00498294
0,01781469
-0,01036283
0,01219204
-0,03237147
-0,01242054
0,008057131
0,01492975
-0,02462224
-0,02336996
0,02440464
-0,02202712
-0,01350396
-0,0221272
-0,01243304
-0,008306278
0,01461942
-0,03123544
0,0006733765
-0,02576313
0,02012482
0,02465412
0,006394076
0,01759384
-0,02322656
0,01214757
0,01172098
0,01001777
0,009190836
-0,03022629
-0,01806863
-0,001493212
0,01715506
-2,764105E-05
-0,01195142
0,01995671
-0,01550259
0,02102556
0,0233692
0,02670705
-0,01012998
0,02170178
-0,01579414
-0,01839074
0,01310893
-0,03117028
0,02438862
-0,001961721
0,006960865
-0,01311715
0,008068658
-0,01398489
-0,01349176
-0,01531205
0,006450738
0,003508882
-0,01918381
0,006925669
0,01632576
-0,008297669
0,01116202
-0,03116529
-0,02184704
-0,02147628
0,0243786
-0,003471641
-0,01066723
0,01462535
0,01830253
0,001519395
-0,02870109
0,02312987
-0,02636259
0,001846351
0,008148615
0,02384184
0,00979988
-0,009280718
-0,02733674
-0,02743113
0,02067005
-0,01757834
-0,02960216
-0,01510604
-0,01280777
0,01835199
-0,03047996
-0,01396462
0,01524692
0,01046371
-0,003121003
-0,000814352
-0,03204468
-0,0003753249
-0,01817742
-0,009801207
0,008852171
-0,03362834
-0,01162628
-0,01865649
0,006033409
-0,03286528
0,00098589
-0,03475585
-0,01662488
0,01209095
-0,01514272
0,02422729
0,01990469
0,02064897
0,02635821
0,02128218
0,002743928
0,00977851
0,00342904
-0,002112168
0,02841754
0,02384681
0,02127375
-0,02406259
-0,005356104
-0,03103575
0,02622766
-0,02495077
0,02767371
-0,002648292
0,02181349
0,001815672
-0,01479336
-0,01682992
-0,02211121
0,002274946
0,02756408
0,0140322
-0,01804044
0,009651188
0,0007850946
0,02142027
-0,03415913
0,0003203343
-0,006300029
-0,03193234
-0,01151153
0,01787763
0,009498714
0,0007979663
-0,03493394
-0,01876343
-0,03864343
0,004579969
-0,01849604
0,003138913
-0,03428441
-0,02667392
0,01329609
0,004967664
-0,02167928
0,0006086551
-0,01948863
0,02188533
0,02487267
0,01625002
0,009997674
0,005776467
0,01191999
-0,008111888
0,02411514
0,02104652
-0,00208794
0,02363175
0,02814315
-0,02622496
0,02464551
-0,01360696
0,005831694
-0,008496964
0,003384755
-0,0292545
-0,01409081
-0,01139349
-0,003960424
-0,001175004
-0,0009221747
-0,005732887
0,009665352
-0,01603436
-0,01127784
0,01226359
0,02225032
-0,002216636
-0,009444375
0,01602301
0,007749587
-0,0248316
0,01117815
0,00952115
-0,01225638
0,009163005
-0,03011414
-0,01463195
0,00581324
-0,03283807
0,01163484
-0,03406068
0,01297205
-0,0142478
0,02005703
0,02318057
0,01043229
-0,001951176
-0,02021775
-0,02053376
-0,01187866
0,02145639
-0,008583265
-0,01082274
-0,01750044
-0,02005631
0,02052042
-0,007199311
-0,02991861
-0,02001163
0,02147611
0,02150807
-0,007686989
-0,02884976
-0,008064688
0,01410874
0,001754487
0,01984274
0,02547287
0,00880127
0,01323459
0,01457645
0,003621695
-0,01825258
0,005713753
-0,01173229
0,003621659
-0,01544954
-0,01925035
-0,01593967
-0,02966846
-0,004315286
-0,004597364
-0,01496521
0,003273053
0,009823969
0,004024
-0,01718373
-0,01001725
-0,024364
0,02120723
0,009418385
-0,01483394
-0,006833148
-0,01896527
-0,03597558
0,0155239
0,02000335
0,02712072
-0,02291292
-0,00552174
0,01721054
0,0006126199
-0,0004910643
-0,008404675
-0,002110562
-0,01607728
-0,02549863
0,01279312
0,02236748
-0,000352689
-0,002118819
-0,02672017
0,007296809
-0,02725439
-0,00954429
-0,007411016
-0,0262764
-0,008784937
-0,002408148
0,02309075
-0,0273243
-0,01355771
0,01178419
0,01274646
-0,03516772
-0,01123647
-0,03602628
0,01947582
-0,005112772
0,003542903
0,02603545
-0,008953233
-0,02514054
0,02662029
-0,01393603
0,02660063
-0,03889443
0,02337126
-0,03200818
-0,007012247
0,0009584171
0,001382447
0,005438875
0,007353204
-0,004374581
0,0110346
0,01349078
-0,002332086
-0,03426206
0,008396526
0,007007889
-0,01056869
0,0006913035
-0,01529134
-0,01540997
-0,003432287
0,01677139
0,01237168
-0,00726956
-0,02599707
-0,01511164
-0,01919066
-0,02397977
-0,01797179
0,006464431
-0,0279516
0,02283466
0,007816603
0,01302631
-0,01065112
-0,01218097
-0,02389945
-0,01616535
0,02649216
-0,01727931
-0,008809897
0,002822987
0,02110153
-0,02376924
-0,01683389
0,0054301
0,001701545
0,02489582
0,0223581
0,0182769
-0,01130892
0,01335266
0,01473935
0,005393029
0,009741846
-0,03751834
-0,0255699
-0,008754956
-0,03633106
-0,01870657
-0,003963452
0,0009860958
-0,006302582
-0,02514091
-0,003519363
0,01870244
-0,01857873
0,01668578
0,008063368
-0,01323112
-0,0001605651
-0,02457383
0,003070912
0,02949923
0,01636082
0,0182049
0,01971484
-0,000734921
-0,02412001
-0,0009957321
0,01468493
-0,01449716
-0,02115364
-0,01783447
-0,0288964
-0,0275034
-0,02917348
0,02851466
0,02181729
-0,02164511
-0,02808347
0,004231236
-0,0243341
0,00693287
0,01729927
0,02686349
-0,02106188
0,0198958
0,0133112
-0,01200209
-0,01594682
0,00357002
-0,02902522
-0,005145337
-0,01356636
-0,0181253
-0,01448542
0,02016588
0,01904399
-0,03531695
-0,01030813
0,01633043
-0,009756138
0,0002229555
0,0005487294
-0,01917383
-0,005055778
-0,01714664
-0,02706778
-0,01098237
0,01915549
-0,01719257
0,02489929
0,0009375101
-0,01381236
0,02351906
0,02349398
0,02329576
-0,01926615
0,01983144
0,006636498
0,02952503
0,01369029
0,007138621
-0,03076244
-0,03116031
0,03259093
0,004009109
0,01902008
0,009684034
0,01347073
-0,03127065
-0,03322755
0,0216253
0,009580255
-0,02356735
-0,02541452
0,004507415
-0,03361991
-0,006748462
-0,01167083
0,01665399
0,008271363
-0,01653748
-0,005885573
-0,0278428
0,01423913
0,009017265
-0,02137739
-0,003588628
0,0007787418
-0,002762199
0,01059811
-0,03095207
-0,01180167
-0,008441608
-0,02485915
0,01696569
-0,0006896757
0,0003619737
-0,01549243
0,0229866
-0,003742281
-0,006220858
0,00604579
0,01386265
-0,01957225
-0,02852552
0,01345127
-0,02605065
0,01152342
-0,01862446
0,01600621
0,004682089
-0,01211986
0,01136618
-0,02008707
-0,01391469
0,03019744
0,01903436
-0,02052719
-0,01884364
-0,02078177
-0,01694461
-0,03082396
-0,02904615
-0,01620952
0,02011718
-0,01347883
-0,01530684
-0,03624364
-0,02166498
-0,03168387
-0,003311282
-0,0193729
-0,002338257
-0,01066324
-0,01966752
0,007551344
0,02435659
-0,02610654
0,01652684
-0,03295476
-0,01748093
0,01670039
-0,01127693
0,01570155
-0,02268324
0,01628373
0,01453125
-0,01919677
0,02277538
0,02086542
0,01147201
-0,01086124
0,02985792
0,01067267
-0,02090775
-0,01338451
-0,005265278
-0,005700019
-0,01731603
0,003244132
-0,009198149
-0,03015449
-0,01213298
-0,02822907
-0,01952513
-0,0155242
0,007875231
-0,02050475
0,01872427
-0,004110962
-0,03416876
0,006986817
-0,01919841
-0,0285346
0,01838973
-0,01671606
0,006557134
-0,01838999
-0,03536509
-0,03117307
0,009137193
-0,02652906
-0,03496722
-0,004517084
-0,01544585
-0,02214586
-0,01131137
0,03161927
-0,01095816
-0,03002172
-0,008843833
0,002869275
0,02270184
-0,01553671
0,01466807
-0,01485149
0,002561734
-0,01338536
0,007458954
0,02484643
-0,02379828
0,004814487
-0,008861833
-0,003849307
0,01738079
0,02755761
0,02800512
0,01781496
0,0122638
0,01013656
-0,00299928
0,02839493
-0,01723406
-0,02714241
0,01591127
-0,03018627
0,01268834
0,009116895
-0,0001499049
0,02022973
0,01524254
0,002340022
0,007555931
0,002699203
-0,03700934
-0,007702695
0,01292655
-0,04100052
-0,01510537
0,0008411494
0,01881655
-0,01182187
0,01222518
-0,02117834
-0,03516288
-0,02471471
0,02545874
0,01451641
0,01216226
-0,00327064
-0,01969313
0,003730473
-0,01219893
0,01099372
0,007432052
-0,002714341
-0,009993145
0,01890813
0,0009189593
0,01109636
-0,003498733
0,01691234
0,01118128
0,0141673
-0,02734943
-0,002390357
0,01994909
0,007947086
-0,00584415
-0,01552563
-0,02664664
0,0221371
-0,01043009
-0,02988836
0,01473405
0,02056616
-0,02683429
0,01864038
-0,03621877
-0,0004536435
-0,02386583
-0,03417501
0,01951466
-0,03487728
-0,005353662
-0,0190643
-0,01718318
-0,03571286
-0,03428978
0,0004236592
-0,02451485
-0,03646681
-0,0007979099
0,007087487
-0,02651719
-0,0196207
0,02196579
-0,03142196
-0,02253327
0,001905621
-0,01329526
-0,01363219
-0,007730821
0,0002072229
-0,002257395
-0,003158736
-0,01400111
-0,01471787
0,02651682
0,0129976
-0,0137211
-0,006629619
0,01740611
0,02349185
0,001934726
-0,003879935
0,01942265
0,007451625
-0,02109899
0,01514234
-0,02514377
0,01295648
0,0002451561
0,01772875
-0,02972662
0,02417123
-0,01822382
-0,0006306468
0,009848244
0,004217364
-0,03190372
-0,03794349
0,005084423
-0,01692659
-0,03226141
0,01524993
-0,003848157
-0,009470912
-0,00272113
-0,03353436
-0,03859184
-0,03270637
-0,02856428
-0,01851584
-0,02056329
0,01514363
-0,01684185
0,006240187
-0,0191463
0,01896609
-0,01243091
-0,01270686
0,02839421
-0,002259626
0,001016801
0,008377369
0,01515604
0,004443017
-0,0004237862
0,001416631
-0,01785936
0,01380185
-0,0002132184
-0,01037712
0,01109779
-0,01665939
0,01106409
-0,009112152
0,009663743
0,01090648
0,01913965
-0,006760173
0,0336952
-0,02809521
0,01237481
0,02402693
0,003816578
-0,0226496
-0,005948348
-0,0213205
-0,0005952038
-0,004800882
-0,02146255
0,01275186
-0,02368671
0,01125802
-0,03125326
-0,02815942
0,01213876
-0,005864905
-0,02966046
-0,04168779
0,01204921
-0,03849425
0,01545484
-0,01760766
0,001939694
0,01278657
0,00922682
-0,02716066
-0,02145666
0,02919526
-0,0244828
0,006146899
-0,03018059
0,02860733
-0,01385033
0,02327603
0,0140482
0,004468787
0,03021537
0,006567788
-0,02329419
-0,01423335
0,02655552
0,009942274
-0,003523838
0,002509882
-0,02769423
0,02546905
-0,02303822
-0,001828141
0,0003361896
-0,03156063
0,0005288595
0,01474465
-0,01006069
0,02020529
-0,0290304
-0,01100565
-0,02034471
0,01274746
-0,01023176
-0,01313951
-0,02758612
0,003825707
-0,00463978
0,00775445
0,01846817
-0,02719039
-0,01274705
-0,02745001
-0,01407376
-0,02002013
-0,001124916
-0,01037672
0,01532733
0,004885409
-0,02555072
-0,01823598
0,02469644
-0,02406245
0,01252558
0,01662078
0,02843028
0,01123858
0,00138398
-0,02520129
-0,02785765
-0,01631997
0,0006466438
-0,009359716
0,01514762
-0,01246265
-0,01316197
-0,01870123
-0,02152213
0,01507903
-0,01994902
-0,01128764
-0,01644663
0,01412026
0,007323489
0,01337377
-0,009687736
0,02047028
0,02237833
-0,02712427
-0,01449575
-0,03530166
0,01575843
0,01441972
0,01315573
0,0206604
-0,000379266
-0,02330798
-0,03420796
0,005760157
-0,01816021
-0,02241508
-0,03441253
-0,01867861
0,002725015
0,003804551
0,008112006
-0,02541845
-0,00988004
-0,02234075
-0,03717139
-0,00756588
-0,008594216
-0,02280149
-0,003574303
0,01805228
-0,02724523
-0,02372372
-0,001811381
-0,03108311
-0,00659435
-0,02637638
0,01460123
-0,008371476
0,0134497
-0,02998156
-0,007583518
0,01466854
0,003955971
0,02152991
0,01407594
-0,02530901
-0,02045644
-0,002903149
-0,01134148
0,01565441
-0,01901636
0,01749754
-0,02972356
0,02301042
0,02132648
-0,02480522
-0,01098164
0,009658819
-0,02634136
0,02312252
0,007831074
0,004602087
-0,02350887
0,02016862
0,01605342
-0,01575335
0,002722292
-0,03927743
-0,01939204
-0,01354214
0,002873747
0,01051065
0,001215475
0,003714524
-0,01701793
-0,03134679
0,006040627
0,004237262
-0,003964574
0,02643583
-0,01058069
0,02605912
0,02026774
0,01159468
0,007796605
-0,01926357
-0,02720614
0,003093439
-0,02715068
-0,01981741
0,007000044
0,03038579
-0,01510658
0,01733506
-0,01069073
0,01026108
-0,001870495
0,005403403
0,03119542
-0,01410961
-0,01189013
-0,03062292
-0,02353953
-0,03252903
-0,02851757
-0,01287804
-0,02578015
-0,01223729
-0,00301127
0,01678906
0,003734672
0,01707662
-0,02277908
-0,03478633
-0,00280931
0,009335513
0,0130505
-0,001834964
-0,01795983
0,005499248
-0,01339424
-0,02841334
-0,03764379
-0,03149993
0,007430255
0,005899346
-0,0009543193
0,01717358
-0,01308212
0,008323594
0,007281443
-0,02876941
0,008400429
-0,01972871
0,008220211
-0,01420739
0,01476993
0,01688108
0,001804194
-0,01942158
0,02811809
0,006488384
0,02804464
-0,01992861
0,002535812
0,01543999
0,01221028
-0,0249387
-0,01625006
0,004963289
0,01611109
0,01776131
-0,01707888
-0,01435359
0,01632703
-0,03142966
-0,0360304
-0,03647394
-0,01698354
-0,00381393
0,02138861
-0,01412738
-0,03293651
0,01623669
-0,02880008
-0,009146681
-0,02736757
-0,02971535
-0,005104072
-0,01419767
-0,03440522
-0,03260327
-0,03405333
-0,02170003
0,008364011
0,01061872
-0,0208371
0,01864526
0,006158392
0,02739639
0,0259127
-0,005595864
0,007161811
0,01539945
0,02113955
0,01500643
0,01674288
-0,009468954
-0,01775803
-0,0008270941
-0,0192447
0,009716564
-0,002301821
-0,02964928
-0,01725288
0,005967294
-0,005414605
-0,03117401
0,02409489
0,02918387
0,002977005
0,002098354
-0,0002753746
0,01936799
-0,004944727
0,009459118
0,01566737
-0,03069393
-0,000746071
-0,01713612
0,02154384
-0,02594875
-0,01195768
-0,01779544
-0,0124599
-0,01429036
0,005378023
-0,01612139
-0,03091944
-0,005323112
0,01385814
0,01723367
0,02188066
-0,02977335
-0,02593985
-0,01057844
0,01068887
-0,02943982
0,02716737
-0,02107941
-0,0131785
-0,01603413
0,02743848
0,005799495
-0,004257625
-0,008090806
0,02038965
0,0175424
-0,01667158
-0,02254858
0,02642997
0,009083776
0,01810691
-0,02870653
0,001669996
0,02688431
-0,02387268
-0,02456253
-0,002672639
0,01318599
0,02221376
-0,02639675
0,02175852
-0,01308926
-0,03031677
0,00237156
0,005755004
0,002570706
0,01280994
-0,01966892
-0,02860743
0,005826027
-0,02865057
-0,01513308
0,01234681
0,001457102
-0,01969331
0,0183865
0,02130153
-0,0239436
0,002743355
0,02310173
-0,02921174
0,0227425
0,003794658
-0,02376238
-0,02736085
0,02330002
-0,0009176687
-0,01592962
-0,01726679
0,004517212
0,005476246
-0,01507636
-0,01073173
-0,01525617
-0,01080319
0,00521267
-0,0002694335
0,01527316
0,01166241
-0,01353482
-0,02297369
-0,02556569
-0,0295367
-0,02249225
-0,002521324
-0,007152956
-0,02009407
0,02286289
0,01061305
-0,01647316
-0,0306906
-0,02376077
0,02397375
0,02000081
0,01986131
0,02323826
0,01602346
0,02392585
-0,0009394639
0,0002714276
-0,03795081
-0,007693271
0,01647613
-0,01235436
-0,02554778
0,02010361
-0,03527069
-0,003383788
-0,01890382
0,005816101
-0,01316884
-0,0227615
-0,003331227
-0,009396145
0,01813904
-0,02079277
0,02607741
-0,003780146
0,01156908
0,01447267
0,015296
0,009294825
0,006961237
-0,02777545
-0,001293389
-0,005564385
-0,01388576
-0,004991404
-0,009250054
-0,004863332
0,02030024
0,004505534
-0,01854094
0,02713751
-0,01668294
0,009102685
-0,01803652
0,004407461
0,03129924
0,0002799217
-0,01991118
-0,007803475
-0,012012
0,02126296
0,01065106
0,01927647
0,009987134
-0,004166686
-0,03367612
0,005009179
0,01884604
-0,01936058
-0,02792699
0,01287893
-0,03566631
-0,01372039
0,009090535
0,006856013
-0,04231883
0,006402051
0,005258407
0,005489917
-0,0161195
0,02713617
0,02411243
0,02058507
-0,02834493
0,008212978
-0,01579241
-0,01975561
0,02580418
-0,003942951
-0,0005869116
-0,01515757
-0,001601837
-0,01427058
-0,01654332
0,009693281
-0,0153272
0,00674595
0,01525497
0,0148905
-0,008002541
0,003584441
-0,0006592966
0,001624135
-0,003690921
-0,006292074
0,02761583
0,01734478
0,01535007
-0,01887389
-0,006003125
-0,02582451
0,01134896
0,001230564
-0,01829374
-0,01286948
-0,03576785
0,01831419
0,011938
-0,03492477
-0,02700749
0,01552331
0,01602294
-0,008722147
0,01267375
0,01368899
-0,02721995
0,006838329
-0,02637501
-0,02501816
0,00228714
-0,006563243
-0,0282732
0,02714955
-0,01104456
0,01195422
-0,001680167
-0,009106525
-0,004938861
0,01049481
0,01360964
-0,002064596
-0,005983739
0,0106616
0,0275966
-0,01425371
-0,004590936
0,02384119
-0,02721075
0,01808709
0,008059132
-0,010286
0,01658302
0,01289689
-0,003723968
0,003070059
0,01409031
0,02362101
0,01185086
-0,005581204
0,02769593
-0,02608205
0,001317012
0,004162774
0,00627482
-0,04202015
-0,03013434
0,01320594
-0,02467755
-0,01078973
0,0160042
0,002315111
-0,008776649
-0,03101672
-0,02108257
0,01080531
-0,01417179
-0,02548626
0,002122988
-0,001988346
-0,007853497
-0,005314316
0,008794795
-0,004512426
0,003253708
-0,01273978
0,007820734
-0,01355434
-0,002754159
0,02045488
-0,02882667
0,004985568
0,01153355
0,03064911
0,01246692
0,001326557
0,02399218
0,01778267
-0,02942597
0,02716791
-0,0230678
0,005101406
0,009470878
0,004892333
0,0193439
0,02567458
0,02220281
0,007344286
-0,007874397
0,006265935
0,02611224
-0,002679817
-0,01014922
-0,03018492
0,02459437
-0,008088522
-0,01077319
-0,02835535
0,02243848
-0,01404499
-0,01178396
0,01473458
-0,01696347
-0,02110291
-0,01676132
-0,02128805
-0,04181459
-0,003907843
-0,005227096
0,01494111
0,01828628
0,00678313
-0,02210482
0,005634252
-0,002493823
0,02721937
0,02002996
-0,02368548
0,00270334
0,01095577
-0,002026404
-0,02948082
0,0276167
0,0224548
0,02118914
-0,0002545795
-0,01638192
0,004548618
-0,02690864
-0,01634515
-0,02492222
0,01572289
0,01596234
0,01139203
0,001178113
-0,01790774
-0,01757708
-0,01489674
-0,02199662
-0,001917309
0,02235873
-0,009701225
-0,01644612
0,001744431
0,01033092
-0,0154298
-0,01317722
0,009417589
0,002254995
0,02708944
0,007034054
-0,01922725
-0,00318545
-0,02456777
0,01126311
-0,01605973
0,01821712
-0,005250805
0,002546071
0,0217331
-0,02828208
-0,006889056
-0,0006856112
-0,01971177
0,01227064
-0,02027038
0,02262451
-0,0009720422
-0,02398266
-0,0137192
0,01640385
0,004612625
-0,02903255
-0,02794496
0,01633641
-0,02229866
0,01906142
-0,00643871
-0,02031245
0,004464395
-0,02126216
0,001313062
0,02758945
-0,02709807
0,0004833585
0,01238099
-0,02455135
-0,001962838
0,01999135
-0,01961125
-0,01180738
0,01166044
0,01541126
-0,01851296
-0,004555025
0,00048912
0,01958192
0,02582082
0,01056726
-0,003976694
-0,009893926
0,009941879
-0,004517627
-0,01965156
-0,02358862
-0,03190014
-0,01983745
-0,00552979
-0,002025393
0,01352039
-0,001135099
0,001457133
-0,01198173
0,02721419
0,01761793
0,004345668
-0,003426141
-0,007618578
0,01072561
-0,03021108
-0,0280876
-0,006193833
0,01277485
0,025369
0,02892062
-0,02606687
0,02179923
0,01912708
0,007033721
-0,01169114
-0,0161257
0,02119742
0,004062396
0,009767531
-0,02357937
-0,01461584
0,02342473
0,005113545
0,01666
-0,005448575
-0,003377628
0,009279209
0,03150411
-0,02316577
0,01021153
0,01695599
-0,01342028
0,005702467
-0,0122135
0,01407796
-0,03761772
-0,01121582
-0,01816133
0,01063809
-0,01014329
0,02303596
-0,03022107
0,009940678
-0,01191416
-0,01942415
-0,0195517
-0,002965186
0,02242849
-0,02059549
-0,003158918
0,01108578
0,02529003
0,01084095
0,02162981
-0,0003280283
0,01094992
0,02101423
0,00545905
-0,01809777
0,003173048
-0,001414539
-0,003345834
0,006352034
-0,0117559
-0,01683651
0,01178982
-0,02082495
-0,004114951
0,01781604
-0,01419542
0,01099766
-0,003396094
0,01597666
-0,02119206
-0,02395313
-0,02128532
-0,01670405
-0,01306171
0,01021487
-0,01910733
0,02194235
0,002223996
0,008128383
0,002740999
0,02068189
0,008170825
0,0008969242
0,01659168
0,01691169
-0,03079255
-0,02876134
0,0167577
-0,03042351
-0,02258555
0,02640462
0,0007865918
0,00218001
-0,009890849
-0,03149877
-0,007646509
-0,02941193
-0,02845348
-0,02195523
0,02948284
0,01769919
-0,01604619
-0,02190733
0,0007772568
0,01184604
-0,01042915
-0,001208595
0,003283568
0,02301481
0,02940423
0,008819728
0,0190887
0,01330728
0,03176498
-0,00642143
-0,006887007
-0,03087739
-0,01994301
0,0002648178
0,01279193
-0,02221494
0,01846718
-0,007912862
0,001343328
-0,02175055
0,00493117
0,001858628
0,01301471
-0,02622445
-0,02240146
-0,02801134
0,01702704
-0,00157597
0,009607572
0,008977163
0,0007345308
0,003059613
-0,027908
-0,0251872
-0,001912943
0,001151473
0,002256088
-0,03244267
-0,02493739
0,001719054
-0,02373677
0,01794085
-0,000135669
0,02783716
0,01369535
-0,005915245
0,02193531
0,004645072
-0,003807653
0,02092843
0,02906932
0,02290512
0,004557783
-0,01545648
-0,02544663
0,01364641
0,009227031
-0,007972685
0,007777291
0,02397541
0,01598085
-0,01368515
0,02710068
-0,02210312
0,01593562
0,01356394
0,02135246
-0,03151193
0,0201436
-0,03149015
-0,00326972
0,007149526
-0,02620292
0,02207876
-0,03147973
0,009369556
-0,02805257
0,0177274
-0,007502008
0,01005934
-0,02624003
-0,02465525
-0,03729824
0,01513776
0,01367986
0,006549098
-0,0302402
0,02225764
-0,02937277
0,01723351
0,02813761
-0,0182793
-0,006238751
-0,01698276
0,02092703
0,01770657
0,02139644
-0,007413465
-0,01779638
0,02965642
0,001443912
0,02069947
0,007395599
-0,009132679
-0,01036868
-0,01312376
0,009501633
0,005119284
-0,02294475
-0,01200016
0,007009623
0,01420354
0,02412158
0,01097994
0,002756139
-0,003093191
-0,02414914
-0,03671053
-0,01678065
-0,0333298
0,003545775
0,02206571
0,01587429
-0,03111802
-0,03148724
-0,02056714
-0,0233966
0,01723742
-0,03627287
-0,02779652
0,01098483
-0,004743214
-0,002053546
-0,009155247
-0,02151783
-0,01343533
0,004464316
0,009189839
-0,0009332807
0,001151596
-0,02583759
-0,003556284
0,0167846
0,02094485
-0,01380227
-0,01555191
-0,01092102
0,009198646
0,009467657
-0,007402681
0,005942537
0,01975011
-0,0274284
-0,01799334
-0,007886942
0,006221256
0,02692399
0,004482473
-0,01430663
-0,02824296
0,02925248
0,01090997
-0,0006833999
0,0179039
-0,009624522
0,02320464
-0,02886613
-0,01255316
-0,008126219
-0,0199051
0,01791629
-0,007353969
-0,008467253
0,006740959
0,01718398
-0,02851573
-0,03066392
-0,03945857
0,01131783
0,009756031
0,003358247
-0,009345757
-0,02639166
0,008845137
0,00933807
-0,03035557
0,003648551
-0,007579453
-0,0316833
0,01130231
-0,005502194
-0,02578544
-0,0007099117
0,001609276
0,005438578
-0,004605922
-0,03217142
0,02871957
-0,004680402
-0,01066253
-0,02227726
0,02548101
-0,01963406
-0,003236564
0,004876266
-0,02374113
-0,007893612
-0,01084667
-0,0103452
-0,01511229
-0,001904683
0,02382983
0,01232067
-0,006907118
-0,02573491
-0,01040119
-0,009488854
0,009134375
-0,02855939
-0,01503994
-0,01758067
-0,0004751553
-0,01893333
0,009675186
0,007062308
0,004261202
0,01937342
0,01461325
-0,02949793
-0,01699312
-0,0432942
-0,03637266
0,002770111
-0,006544414
0,01302445
-0,0351934
-0,0119427
0,01673739
-0,02213112
0,005368742
0,01193005
-0,01372699
-0,02155218
0,01883997
-0,0179521
0,003244805
-0,00779712
-0,02557479
-0,006868598
-0,01634283
-0,02794889
-0,01501198
0,02308652
-0,0237292
-0,02797635
-0,0006418154
0,005513163
-0,004280149
0,01223204
0,02543326
-0,02258705
-0,001394222
-0,02097908
0,02155942
-0,02443641
-0,0115329
-0,01911411
-0,02477721
-0,001480761
-0,02719209
0,01732744
-0,006377959
-0,002138905
-0,003350214
0,006111559
0,02098237
-0,003234286
-0,01012698
-0,007430637
-0,03304495
-0,02427047
0,01947486
-0,007606473
0,01618091
-0,0158939
0,01522942
-0,018075
0,002075932
-0,001241819
-0,01318077
-0,007345636
-0,03066604
-0,01999791
-0,01862882
-0,005726161
-0,01770721
-0,02239955
-0,01446012
0,01422493
0,02193303
-0,01180646
-0,01942241
-0,0006073695
-0,01239086
-0,0101659
-0,0002779285
0,009522164
-0,008126622
-0,0001595133
-0,02336173
-0,02943816
-0,01989094
0,02422027
-0,004706126
0,002662255
-0,0207544
0,02235285
-0,01811861
-0,005498626
-0,01919097
-0,02513019
0,01147234
0,01198598
-0,009994617
0,01093478
0,01838181
-0,01377447
-0,01607473
-0,03056011
-0,01672113
0,006248507
-0,03090743
0,002157777
0,001292828
0,01683449
-0,02727491
-0,008811867
-0,01641345
0,006515315
0,02367585
-0,0198337
0,02000002
-0,02918392
-0,009657452
-0,01944738
-0,0220083
-0,02837582
0,009237638
0,008142733
-0,01873915
-0,01423801
0,02533971
0,02095854
-0,00264451
0,01484779
0,003228412
-0,00347279
-0,02297239
0,003624497
-0,002524547
-0,02064218
-0,01127016
-0,01194178
-0,02716819
-0,01265936
0,01509179
-0,007469035
-0,01967401
-0,003883573
-0,00757099
0,02117095
0,01547705
0,010404
0,001176382
-0,02885699
-0,01784153
0,008362422
-0,01838514
-0,03333603
-0,01251651
0,01027025
-0,001963919
0,004120275
0,01647232
-0,03026494
0,01873494
-0,01845974
-0,01596079
0,02584368
-0,01143329
0,01117763
-0,01743576
0,005271043
-0,02624466
0,01381374
0,02056183
0,00137951
0,02851513
-0,02708136
-0,005548255
0,01726237
0,0207358
-0,02368609
-0,0224853
-0,01408203
-0,0006573221
-0,01526972
-0,01049922
-0,007296565
-0,001336568
0,02104322
-0,02715371
0,0262801
-0,02964573
0,008221911
-0,004102769
0,003776734
-0,009009589
0,01718192
-0,008120491
-0,001803523
-0,01974714
-0,01307587
-0,02378394
0,01711331
0,008724783
-0,03088295
-0,008834355
0,003066495
-0,02754815
0,004181685
0,006150751
-0,0224726
0,007897739
0,004896891
0,02168928
-0,001199837
0,00136188
0,00635831
0,005176068
0,007773785
-0,02951735
0,02163097
-0,009043451
-0,003690764
0,003417928
-0,01455443
0,00367348
0,001269278
-0,009833252
-0,01273787
-0,02413794
-0,02757881
0,004679916
0,02378185
0,006493866
0,0007290601
0,02193678
-0,01285453
0,004637111
-0,01021103
0,01461811
0,002989461
-0,02446517
0,01409426
-0,02267743
0,01280384
-0,01716597
-0,008608812
0,00615481
0,01743366
-0,03693304
0,01038876
-0,01776696
0,01701747
-0,006633127
-0,02488985
0,01285329
0,001992804
-0,03289025
-0,02134105
-0,003386145
-0,03772223
-0,008297998
0,02030945
-0,0005057848
0,01039084
0,01458745
0,01943559
-0,02606175
-0,002143311
0,01258953
-0,01617103
-0,0307922
-0,01560111
0,02284272
-0,003162494
0,01213948
0,01171744
-0,0077572
0,02143261
0,0301023
-0,01962799
0,01872909
-0,002229588
-0,01304595
-0,01424068
0,01494603
0,01233527
-0,007789513
-0,0149826
0,001324423
-0,02567879
-0,03222109
-0,02451589
0,01602207
0,00947472
-0,0234189
-0,01760331
-0,02918351
-0,01047582
0,02188629
-0,01335445
-0,02029791
-0,02289877
-0,0273131
0,001493907
0,00713928
0,01982331
0,01571565
-0,03840181
-0,002447701
-0,02176089
-0,01078965
-0,01106298
-0,009385962
-0,01051408
-0,02195654
0,02219007
0,003716556
-0,009453909
0,02676645
-0,0307104
-0,008766885
0,01582495
0,02298813
0,004990039
-0,014586
0,02200612
0,001962237
-0,01588264
-0,01373487
-0,003810933
0,002577271
0,02655992
0,02260495
0,006137933
0,02354713
0,004877273
-0,01382592
0,003450717
-0,005654694
0,01417203
0,01384721
-0,01303923
0,01038302
-0,01725933
0,008334552
0,002745733
0,01115449
-0,01373094
-0,01038298
-0,02512119
0,003203029
0,0119039
-0,006023039
0,01930104
0,0168638
-0,01051901
-0,01585258
0,001443393
-0,01151996
0,02259221
-0,005151698
0,009573507
0,01539616
-0,02593126
0,01120613
-0,004389851
-0,0002102883
0,02352634
0,002982073
0,01031957
0,008977808
-0,02851961
0,02357707
-0,02012557
-0,01391459
-0,0244623
-0,0265948
0,007207342
0,02303131
0,005918276
-0,02273526
-0,02020137
0,01738612
-0,02621188
0,01633031
0,01565966
-0,006482664
0,02204738
0,001164743
-0,009241788
-0,01410859
0,009844145
-0,02611489
-0,005510582
-0,0139179
-0,03043513
-0,003702468
-0,001651841
-0,005245137
-0,02428199
-0,03003203
0,01638517
0,01323856
0,01080407
-0,009570781
-0,003504487
0,01075881
-0,01390961
0,007188645
0,01483207
-0,0143289
0,00413598
0,005781204
0,01691666
0,02064624
-0,01581723
0,02272858
0,01466347
-0,005833825
0,02735743
-0,02858682
0,01125561
-0,01440356
-0,02037501
-0,005916541
0,02747805
0,02428825
-0,004565189
0,02275078
-0,01827147
0,003437796
0,0007138868
-0,02708115
0,00628264
-0,003084764
-0,01505148
-0,01417578
0,02664476
-0,003145762
-0,0252528
0,02192238
-0,02555964
-0,02080657
0,01282762
0,02074775
0,001330204
-0,03681779
-0,02044187
0,001726824
-0,04313495
-0,03044807
0,01595053
-0,0281636
-0,001610007
-0,0273309
-0,01028669
-0,004568762
0,006122695
-0,01339095
-0,005752793
0,008345798
-0,01032693
-0,007809951
-0,00374738
-0,01084592
0,02242496
0,006506779
-0,0235488
-0,003991244
0,00811626
0,03077605
0,02795248
-0,01358246
-0,01332128
-0,02649206
0,02396734
-0,004899777
0,001870531
-0,01696075
0,02097036
0,02779709
0,008138691
0,01407644
0,02028936
-0,02891281
0,01590756
-0,01025637
-0,006197853
-0,01149819
0,02009214
0,001142678
0,007635627
0,0005715215
0,02242656
-0,009719378
-0,006527608
0,006184049
0,005789894
-0,01198764
-0,03876593
0,01446231
0,01774823
0,01051685
-0,03970237
-0,03772046
-0,02903241
-0,01108956
0,01986125
-0,008039789
-0,01933801
-0,03231321
-0,03077233
-0,005397919
0,001072245
0,01148742
-0,02784001
0,006773786
0,005112811
-0,004476586
0,0009874295
0,004698647
-0,01323572
0,01452347
0,00228472
0,0305341
-0,01410479
-0,009245642
-0,005750217
0,0228381
0,006166898
-0,0149619
0,01458397
-0,02399308
-0,01830749
0,02721668
-0,02697965
0,0159193
0,01215161
0,01849381
0,01578649
-0,02025673
-0,003850873
0,02011359
-0,03105819
0,0132051
-0,007526541
-0,02133413
-0,03437487
-0,02200172
-0,02171266
0,01137531
-0,03315077
-0,02527606
0,009470228
-0,01323259
0,0005180323
-0,0283052
-0,01428713
-0,03290647
0,007657451
0,01318172
-0,02787052
-0,03254057
0,02644641
-0,03009933
-0,01203828
-0,03172274
-0,01767952
0,004208897
0,004238446
-0,008226511
0,0323116
0,01801375
0,007397746
-0,01042127
-0,02089883
-0,005497137
0,01365556
0,01235718
-0,0005866043
-0,02556161
-0,009427819
-0,0196939
0,003911755
0,01863125
-0,02044525
0,0001957234
-0,01605323
0,01700857
-0,01398015
0,02109474
-0,005856707
0,004303909
-0,0324945
0,02120353
-0,0320818
-0,01039604
0,0178462
0,02251689
-0,01244466
-0,006320945
0,02030633
-0,01459019
-0,008234101
0,02061493
0,006826316
-0,02235039
-0,000271123
-0,005820768
-0,01883199
-0,02492106
-0,01349537
0,00511482
0,00466134
0,008968554
-0,003319152
0,02386518
-0,006466664
-0,02136036
0,02727191
0,02501553
0,02067232
0,002851082
-0,01113373
0,01204015
0,02623491
-0,006350089
0,01387998
0,008027915
-0,01427771
0,01567742
0,002065636
0,01712888
-0,01495074
-0,03080796
-0,02341986
0,02614615
0,002119611
0,004854918
-0,02590256
0,02015699
0,02054628
0,01199655
-0,002968451
-0,03095505
-0,01087155
0,01335272
-0,03594068
-0,01233299
-0,01195879
-0,03166771
0,01705471
0,003410892
-0,03960916
-0,00359493
0,006518228
-0,01552293
-0,03784806
0,01483409
-0,03489074
-0,01576655
-0,007349531
0,02479358
-0,01855788
-0,0008859927
0,01142542
0,007900729
-0,01027162
0,003660667
0,003166869
0,005436935
-0,004325687
0,02555116
-0,02244773
-0,02792858
0,02956495
-0,02613487
-0,02618098
-0,01435481
-0,01173529
-0,02035017
-0,008793678
-0,01112796
-0,02229991
-0,02351802
0,01818539
0,01916874
0,01441391
0,01094949
-0,01203466
0,006617382
0,01621257
0,005794524
0,0005571501
0,007623971
-0,01676787
0,02145241
-0,004730198
0,02270751
-0,01467001
0,006642068
-0,01871793
-0,01501946
0,01010932
0,016939
0,004836543
-0,03923735
-0,005314572
-0,03682979
0,003879711
0,002371009
-0,02002402
0,01188026
0,004305799
0,02225351
-0,03058553
-0,01473504
0,02044941
-0,02173194
0,01238342
0,02292136
0,02586213
0,01108787
-0,01183113
0,02450202
0,0168254
0,01755089
-0,005931221
-0,002685528
0,01336813
-0,02708447
0,00515579
-0,02503574
0,02200896
0,002243233
0,01861493
0,02550672
-0,0007127268
-0,01505855
-0,006177282
0,01608145
-0,021702
0,01309079
-0,02542567
0,007168027
-0,01096452
0,02731432
-0,02936207
-0,0007030972
-0,001448061
-0,03239593
-0,0401244
-0,02492381
-0,03340037
-0,01207246
0,0100795
-0,007270129
-0,03297135
0,01879353
-0,03140682
0,01704845
-0,001122339
-0,02570229
-0,01258706
0,0002150844
-0,02975838
-0,01267129
0,02915182
-0,02814789
-0,02459162
-0,02484104
0,01512608
0,003890999
0,01173544
0,02380715
0,01471358
-0,01924381
0,005909021
0,009306189
0,004303359
0,01699364
0,01322862
0,01679904
0,0207751
0,009119674
0,03030789
-0,01685734
0,02114956
-0,004407506
0,01141263
-0,0262278
0,01249885
-0,005055059
-0,02553044
-0,002926614
-0,02227557
0,02722155
-0,005833308
-0,001706083
0,0006193116
-0,03205299
-0,03621152
-0,04224964
-0,0134425
-0,01319983
-0,02599596
-0,01648979
-0,0005420987
-0,01480102
0,006160475
-0,001674932
-0,03552265
-0,00512692
-0,007537048
-0,01306369
-0,01738815
0,02349014
-0,004399323
0,009226912
0,004882277
0,01994752
-0,00370578
0,001185456
-0,01163563
0,03098963
-0,008214738
-0,01617788
-0,002336715
-0,01874878
0,01294949
0,01384707
0,01142947
-0,02834201
-0,02629111
0,0022926
0,0158232
0,01221209
-0,01613551
-0,0117943
-0,006642176
-0,001560152
0,0002623612
-0,001322989
0,008770793
-0,03312218
-0,02865593
-0,01479382
-0,02598907
0,01427362
-0,01741701
-0,01159383
0,003671861
0,01334277
0,02244591
0,0006526448
-0,007497366
-0,01237944
0,0004487257
-0,0107157
-0,03322236
-0,03974638
-0,03760533
-0,001827833
0,002907923
-0,03463232
0,02877237
-0,02188605
-0,001019082
0,02087917
0,005469075
-0,002450721
0,00445097
-0,03166512
-0,018215
-0,02392894
-0,01150902
0,02552691
0,02018622
-0,01313592
0,02820458
-0,02674796
-0,02502083
0,01182834
0,02489957
-0,006912814
-0,02593018
0,0193152
-0,02683116
-0,01266213
0,02453247
-0,01798094
-0,03278972
0,01335251
-0,02100521
-0,01358891
-0,00391958
-0,02834971
0,01909765
0,01178206
-0,02379202
0,02464877
0,01194931
-0,02341317
-0,03156621
0,004595036
0,0006844607
0,004293913
0,0006763165
0,01757834
-0,009988109
0,008721797
0,006220699
-0,00633416
0,0003745505
-0,02859966
0,02871596
-0,004411258
0,007750633
-0,01597583
0,02707301
-0,02110164
-0,0302336
-0,02470971
0,02295851
-0,00907129
-0,001740147
0,02128328
0,01843819
0,02406908
0,009024712
-0,01614237
-0,02544775
-0,02188739
-0,01889096
-0,03177109
-0,01813115
0,01548797
-0,00122785
-0,02484599
0,008610507
-0,00554992
-0,01776568
-0,02567682
0,019115
-0,01519157
0,004238782
0,006952691
-0,01755499
-0,02556866
-0,008344917
-0,02893996
-0,01441402
-0,0065396
0,006263938
0,01542632
0,0136324
0,01097219
-0,01294081
0,01538966
-0,01751229
0,01448918
0,0166328
0,01106699
-0,02398801
-0,02224189
0,004586625
0,002768048
-0,01573669
0,004235601
0,02494027
-0,01828602
0,02125247
-0,001272299
0,002807057
0,000630005
0,0258865
0,02206645
-0,01706916
0,006701908
0,01585283
0,02098518
0,008556691
0,009589615
0,0009957048
0,003271866
0,01600187
-0,003349937
-0,01070777
-0,01909619
-0,03155809
-0,007687073
-0,01040134
0,007771189
0,01339697
0,01513239
0,005357039
-0,002480255
0,025391
0,008604379
0,008024248
-0,0329801
-0,01218894
-0,001435421
-0,0260084
-0,03062283
-0,01981815
0,02305287
-0,03839209
-0,01917014
-0,03575797
-0,03479056
-0,002673452
0,01574529
-0,03141364
-0,008629117
-0,01705329
-0,01673432
-0,01411478
0,01137302
-0,00279732
-0,02225714
-0,01981592
0,03061401
-0,0001994072
0,0001973473
0,02068712
-0,01841779
0,01235111
0,0133674
0,02576321
-0,001389625
0,02591177
0,001913617
0,02603286
0,01293325
-0,004218261
0,02941685
-0,00425612
-0,01183407
-0,01491391
0,01373738
-0,006075502
-0,02842969
-0,02131966
0,02826259
0,01707359
0,0003382507
0,007900635
-0,01318928
0,001889264
-0,00913646
-0,02959579
-0,02711219
-0,02792608
-0,006413801
0,01530541
-0,01300536
-0,02541605
0,01307859
-0,01566742
-0,03462274
-0,02099569
-0,01405898
-0,01292747
-0,001355734
-0,02057643
-0,02754829
0,02645246
-0,01104179
-0,02865142
-0,01508985
0,01642691
0,0264117
-0,007483257
0,01065039
0,01215202
-0,02578803
0,0183794
0,0004109137
0,006702403
-0,01075038
0,00681063
-0,006169099
-0,02403663
0,002643116
-0,01103105
0,01028355
-0,01233114
-0,007532312
0,02136812
-0,03013694
0,01611437
0,007888733
0,02436777
-0,01924219
-0,003921356
-0,02546517
0,01865811
0,004159854
0,01368419
0,01574884
-0,004114179
-0,02741542
-0,02334052
-0,01796327
7,347775E-05
-0,0207475
0,0174759
0,0009011518
0,01348662
0,005946442
0,00112254
0,01063242
-0,02286954
-0,03132569
-0,006477278
0,02559389
-0,01384584
0,01825259
-0,01344984
-0,0005933291
0,01570032
0,005634612
0,000672599
0,03045347
-0,005037106
-0,02585842
0,02691235
-0,0254514
-0,02000923
0,006992317
-0,01024221
-0,01997743
0,00928672
0,01748751
0,01272498
-0,009092589
-0,02491045
0,01079254
0,02362598
-0,03149214
0,01644734
0,01528045
-0,003184977
-0,02894135
-0,004855576
-0,02210135
0,003189718
0,02689442
0,0173989
0,002693465
0,01157908
0,01610197
-0,01848389
-0,02012014
-0,0310684
-0,03371369
0,01060056
-0,01597096
0,02574947
-0,001804089
-0,01185404
0,0199202
-0,01049305
-0,01818488
-0,005697608
-0,003040195
-0,03074426
-0,007134469
-0,009200376
-0,02524081
0,01837
0,002290457
0,02584875
-0,01405501
0,00994091
0,02911077
-0,025201
-0,004444512
0,003499582
-0,01291599
0,004395122
0,02809567
-0,01764611
0,003797121
0,01552378
-0,007743402
0,01645125
-0,01182578
0,008171793
0,01024261
0,006821848
0,01672027
0,01449464
-0,01038212
0,01293597
0,02773766
-0,01113067
-0,0179893
0,005786918
-0,03651201
-0,03271564
-0,03235793
0,002487346
0,008319986
0,01860207
-0,01207328
-0,03260834
-0,02942633
0,00835439
-0,02912999
0,02748009
-0,01241055
0,01004326
0,01025089
0,02840855
-0,009464314
0,005537209
0,02099469
0,001530117
-0,02457114
0,009267303
0,01156996
0,01313482
0,008985935
-0,007078124
0,02740352
0,0194621
0,005482053
0,005721211
0,01223085
0,008340281
0,02013083
0,01764991
0,003280066
-0,02157616
-0,00606141
-0,0169149
-0,007662724
0,01298315
-0,003207602
-0,008943989
0,01361439
0,008015044
0,0001081339
0,01082791
-0,01198491
-0,02565357
-0,03118377
-0,01248254
-0,01701869
-0,01649325
-0,005716995
0,0118628
-0,001272436
-0,01136269
-0,008124636
-0,002398004
-0,02853217
-0,003287762
0,02195508
0,0001640594
-0,004548481
-0,002558717
0,02943471
-0,002633383
-0,02203432
0,002469989
-0,01941914
0,003089381
0,003507312
-0,02463509
-0,01769369
-0,0234973
-0,02810799
0,01086384
0,02548827
-0,02599965
-0,02007196
0,02788143
-0,02745676
0,02151565
0,0167034
-0,01605829
-0,01334427
-0,01146809
-0,02350606
-0,0261597
-0,02240212
-0,0212047
0,01159868
-0,03166587
-0,01437579
0,03160654
0,02265947
0,02456408
0,02467195
-0,01553804
0,0128124
-0,02625736
0,001699083
0,01930938
0,02270703
-0,002459422
0,01763017
-0,02012249
-0,02385214
-0,006333985
0,01269892
0,02170262
-0,005585022
-0,01217546
-0,01918078
-0,02805844
-0,01082162
-0,0288425
0,01363729
-0,01734552
-0,01505947
0,01062851
-0,007695759
-0,02565486
-0,01170963
-0,03088975
0,01923862
0,002524784
0,02004134
-0,01577756
-0,01261024
-0,02366012
0,01429284
0,01122899
-0,005954747
-0,02565062
-0,006236974
-0,01784612
0,02586933
-0,01252955
-0,00461487
-0,03024529
-0,02212012
0,01249475
-0,01140984
-0,01034114
0,01250291
-0,01408548
0,01234909
-0,01832898
0,007260566
0,01775279
-0,01954555
0,01004482
-0,03300772
0,02569409
0,009115839
-0,004904987
0,0003680182
0,02590368
0,009485044
-0,01547778
-0,005305391
0,02413387
-0,02610748
0,003882112
-0,02311783
0,01835095
0,02943165
-0,0187835
0,01154852
-0,02073341
-0,02539489
-0,002059637
0,01749054
-0,01968063
4,447033E-05
0,007692246
0,01261831
0,02988539
-0,01272653
-0,0003910827
0,01748528
0,008476858
0,008128195
-0,001634219
0,02385699
0,02930813
0,008841039
-0,006906585
-0,009273417
0,02461299
0,01121055
-0,03022034
0,00515582
-0,02154477
0,00919706
-0,01631463
0,004123882
0,01366242
-0,02100885
0,02883985
-0,006055376
0,0024156
-0,002622323
-0,005912784
0,00980368
0,01207796
0,02690678
0,01897382
-0,004420537
-0,02562466
0,01733897
-0,000294501
0,008190448
-0,02124245
-0,00146642
0,0159562
-0,0122889
0,007166001
0,01389894
-0,02066137
-0,02378474
0,00380595
0,02046624
0,0149085
-0,002971015
-0,02508844
0,02216835
0,007763016
0,00157126
-0,01229307
-0,02939725
0,02760731
0,01966634
-0,009350213
-0,02178168
-0,01633861
-0,02336202
-0,01748339
0,01765972
-0,02179169
-0,02928924
0,0214921
0,02759056
-0,01325743
-0,02099879
-0,02137625
-0,01046312
-0,007121356
0,009661168
0,02220696
0,02564992
0,02976441
-0,02972063
0,02718974
0,01807065
0,01826395
0,01560129
0,0159234
0,02676458
0,00640445
0,02557542
-0,0113172
-0,01221908
-0,0193332
-0,02425444
0,0199186
0,01413809
-0,01140304
-0,02765589
-0,01470065
0,008977485
-0,02364876
0,02174123
0,004452388
-0,0214386
-0,01437537
0,008279135
0,003849949
0,005187157
-0,01280595
0,01313313
-0,002829942
0,02584267
0,008057952
-0,00632931
-0,0277166
0,02496395
0,01987295
0,001304928
-0,01053549
-0,00212243
-0,01081881
-0,01573722
-0,01894229
-0,01371678
0,009955937
0,0005528894
0,01261794
-0,02174156
-0,01239084
-0,005240875
-0,02625644
-0,01232409
-0,005942115
-0,0185348
0,0149564
-0,02382222
-0,001437802
0,02062562
0,003285456
-0,02193501
-0,01870354
-0,01858777
0,01192484
0,02414994
-0,005630543
-0,003775968
0,01232284
0,01896924
-0,02689176
0,02479228
0,02374955
0,01755738
0,01521897
0,01857791
-0,009731006
0,02362277
0,0114046
-0,01195109
-0,001717894
0,01539907
0,02393085
-0,008187263
-0,01556896
0,02018001
0,008554722
-0,02379368
0,0008679981
-0,005589281
0,005751959
0,02457792
-0,004367562
0,02880497
0,02670895
-0,02146023
-0,01546972
-0,02480242
0,0009933198
-0,01577015
0,01940256
-0,01524006
0,02118522
0,02631094
-0,0229416
-0,007242498
0,00230586
-0,01307742
0,004524839
0,005478711
0,02423301
0,02435791
-0,003912852
-0,01994697
-0,007124897
0,01822713
-0,01279761
0,02086204
0,02925901
0,02293914
-0,01359956
-0,009932635
0,02490327
-0,01292697
-0,0163878
-0,02062073
-0,0001170987
0,02597023
0,0210066
0,006415107
0,002070073
-0,01626088
-0,008586628
-0,005482113
-0,001999122
-0,0175525
0,02574785
0,02833888
-0,01591332
0,01942554
-0,01377131
-0,01004693
-0,0003385954
0,02323913
0,00114467
0,01035185
-0,003956479
-0,01557182
0,005160764
-0,02460006
0,02024469
-0,00486658
-0,02340537
0,008903796
-0,03020199
-0,001887309
-0,0107909
0,002051842
0,01183185
0,02947665
0,02781838
0,008382256
-0,003259779
-0,02948892
-0,02497429
0,009497656
0,004539249
-0,02743532
0,01418349
-0,01974907
0,02488321
-0,01039535
0,007045398
-0,02012487
0,006785446
0,02721136
0,0213362
-0,027905
0,01638299
0,003596867
0,01320973
-0,0141382
-0,009593846
0,01324248
0,01515679
-0,02417614
-0,02424002
0,01184878
-0,005723614
0,02927447
0,02273288
-0,008177639
-0,0149213
-0,01441493
0,02418369
0,008098871
0,0218801
-0,001912715
0,01687382
0,02064154
-0,0242993
-0,005361601
0,0004509515
-0,004170367
-0,01474551
0,001570615
0,01895649
0,02844494
-0,02683273
-0,02503281
0,009767741
-0,01197755
0,01688049
-0,02074018
-0,01422958
0,01076768
-0,01153277
0,01510593
-0,01344309
0,03118185
0,004932581
0,02318671
0,009654257
0,01613708
-0,01190489
0,001873838
-0,02548467
-0,00771495
-0,01323155
0,02948476
-0,02466004
-0,007893084
-0,01517597
0,0252357
-0,002845494
-0,0109987
0,01592424
0,0258049
-0,0004401164
-0,01672988
-0,0134792
-0,02263456
0,007918515
-0,009418018
-0,01015957
0,004427559
0,004879998
-0,02484856
0,02956619
-0,01654625
-0,01018932
-0,02184848
-0,0158512
0,01824837
-0,01271171
-0,01553987
0,01690793
0,01692074
-0,02237004
0,01334707
-0,00241086
-0,002558491
0,01151345
-0,02538907
0,02963488
-0,01217178
-0,02634256
0,02268431
0,01302217
0,02822425
0,02551932
-0,006513942
-0,01378672
-0,02727418
0,01413084
-0,002774401
-0,01505027
-0,0110734
-0,003924839
0,01417463
0,02710931
0,02914089
-0,006330231
-0,02631463
0,01034985
0,02933177
-0,02123695
-0,002560066
0,008305706
-0,01720761
0,003774096
-0,03000158
0,01859113
0,01781311
0,01677308
0,01987298
-0,003665329
0,003732294
-0,007449467
-0,02672525
0,001439678
0,0143017
-0,005269401
-0,02818336
-0,0113565
0,02719014
0,02225602
-0,01814652
-0,02538064
0,0205594
0,03049415
-0,002994508
-0,01059431
-0,00631607
0,01640269
-0,0009596955
-0,02607958
0,008266086
-0,004956102
0,03040317
-0,02162439
0,006731751
-0,0152993
-7,619955E-05
-0,006354966
0,02472181
0,005148446
-0,001214431
-0,01334481
0,02519288
-0,02853413
0,01240658
0,02753225
-0,006606132
-0,01659002
-0,01609301
0,005220216
-0,007770427
0,01584793
0,01432014
-0,02213912
0,02829001
-0,006463014
0,0184632
-0,01638688
-0,02257943
0,0116123
-0,004806686
-0,02783765
-0,01188765
0,01578221
0,01818601
-0,02218481
-0,007730134
0,02543051
0,02490739
-0,0009371056
0,02497153
0,008826624
-0,005340833
-0,008282897
-0,007247334
0,0249562
-0,02048337
0,0191948
-0,01248935
-0,0002759636
0,02640897
-0,01989399
0,002059375
0,02418386
0,01230272
0,02326868
0,01139664
0,02225115
-0,01951605
-0,01691404
-0,003293792
-0,01397059
-0,01389928
-0,01691726
-0,01995782
-0,003033271
0,0295751
-0,02034178
-0,01590924
0,004360518
0,00513125
-0,00099081
-0,01067226
0,01588511
0,01111686
0,0144365
-0,008379021
-0,007053953
0,01603476
-0,02662085
-0,01566637
0,03019666
0,02710909
0,008737215
0,01580539
-0,01538667
1,207607E-05
-0,005989351
-0,02684049
0,02542197
-0,002662173
0,000773169
0,01484287
0,01179053
-0,02787914
0,008865773
-0,007622825
-0,01866477
-0,01848934
0,02617957
0,0258252
0,03018953
0,004856513
0,01362768
0,02499842
-0,002503932
0,02138347
0,01680461
-0,01685177
0,02844319
0,00165141
-0,01158385
-0,023769
-0,02310491
0,02930648
-0,002859018
-0,01030419
0,008150986
-0,00215976
0,02569064
0,0271771
0,005465011
-0,02358346
-0,01066249
-0,02293712
-0,02552235
0,0150856
0,008395751
0,01387412
-0,0276794
-0,007793863
-0,01953769
-0,01840922
0,02050068
-0,02167778
-0,01535882
-0,004832916
-0,01686555
0,01407434
-0,01163242
-0,005792325
0,01422216
-0,0189821
-0,02454706
-0,006299811
-0,02111651
-0,005520855
0,007652614
0,01290475
0,005390946
-0,01096395
0,01472276
0,01393591
-0,01373047
0,02957298
-0,009657153
0,02378477
-0,01448877
0,006552789
0,02051063
0,01301917
-0,01693756
-0,02706826
-0,01918899
0,006243684
-0,008752262
-0,02315965
-0,01367071
0,02909844
0,01452444
-0,02818657
-0,02359968
0,02461622
-0,02049362
0,001562977
-0,01698376
-0,005495198
-0,02897243
0,02624853
0,02881315
0,01068084
-0,02249045
0,02611903
-0,02149808
0,01389801
0,00804568
-0,002956251
0,02586589
0,02149804
0,01863812
-0,008439411
-0,02021815
0,007333684
0,02422625
0,005897843
-0,01895168
0,01122439
-0,02986483
-0,000243716
-0,02756015
-0,02798028
-0,02190209
0,009105125
0,0289514
0,003577607
-0,0173691
0,02070265
0,004422299
0,01531547
0,01653328
0,02642419
0,02275846
-0,01012826
0,008320406
