-0,006717824
-0,0283651
-0,02852818
0,010506
0,008228789
-0,01910971
0,008229923
0,02960763
0,01388159
0,01436487
0,01987302
-0,002959328
-0,02058342
-0,0237793
-0,001187895
-0,0168145
-0,01857117
-0,01197214
-0,008638311
0,02457015
0,02887635
-0,0134834
-0,02692341
-0,0003869455
0,02899252
0,02764961
0,01527611
-0,01096225
-0,006802895
0,01153726
0,0007049391
-0,001415602
0,01739443
-0,02221083
0,02857303
0,02149662
0,004156211
0,003419032
0,005708457
0,01121129
-0,02315163
0,02017478
-0,02277687
0,01477088
0,001954757
0,02559708
0,0286182
0,02865798
0,0282143
0,0251436
0,01309097
-0,02408426
0,001558285
0,01150449
-0,0263403
-0,02318596
0,02915657
0,002537719
0,01208677
0,01126453
-0,003753773
-0,01073708
0,006494551
-0,02759757
-0,0163636
-0,00871995
0,01027124
-0,02826139
-0,02169285
0,007850728
0,009603474
0,008574651
0,01296763
0,01077668
0,01780369
-0,02117847
-0,02057127
-0,01101335
0,02840577
-0,02663723
0,02970176
0,01736747
-0,008416225
-0,001166182
0,02912276
-0,005181241
0,02778897
-0,02399463
-0,02572995
0,02179122
0,02299235
-0,02835559
0,02190706
0,02515675
-0,01485849
0,01828401
-0,01623322
-0,02520439
0,001054229
-0,01934861
-0,0146935
0,02691636
0,02032055
-0,009707067
-0,01456646
-0,02555644
-0,006443211
0,0212786
0,02450334
0,0256488
0,02821553
0,0101376
0,004847318
0,008894444
0,01218433
0,009343665
0,02833926
-0,02213741
-0,02583499
0,01958742
-0,005873946
0,00429278
0,0281119
-0,01278777
0,01554829
0,008281901
0,01761106
0,0186666
-0,004230359
0,02988362
0,02538412
-0,02529437
0,0187327
0,01770444
0,0188217
-0,02735593
0,02784204
-0,02891462
-0,01682608
0,02455819
-0,02878499
-0,02373044
-0,01786399
-0,0205513
0,02433177
-0,01716848
-0,002491437
-0,01687516
-0,01702378
0,006271876
0,02055621
-0,02397522
-0,02932442
0,0120889
0,01707105
0,01136551
0,02945936
0,003145548
0,005675864
0,008156669
-0,01246029
0,005485316
-0,004725988
0,0248304
0,03061748
0,02356764
0,02238519
0,01777394
0,02082983
0,009522908
0,01274476
0,02719995
0,02546163
-0,01948236
0,01854236
-0,01187411
-0,007184444
0,0191691
-0,00631638
0,002923066
-0,01949923
0,003940446
0,005299312
0,02008839
-0,01994891
0,02009036
-0,02588251
-0,02348705
-0,0295488
-0,02286034
-0,02630804
-0,005865415
-0,003778619
0,005749452
0,006852218
-0,003760564
0,01136925
-0,01208895
-0,020416
-0,02926528
-0,009010346
0,01037395
-0,006715326
0,004172632
0,02419565
0,02427519
-0,01841959
0,02156591
0,02439238
-0,0008363178
-0,01096205
-0,0199533
-0,02088076
-0,02741857
-0,002085283
0,01445199
-0,02947233
0,006562941
0,01562377
-0,01900953
0,02007817
0,01611785
0,01735443
0,01401172
0,005779993
-0,01143407
0,001902037
-0,009653016
0,004990718
-0,006878316
0,007661403
-0,0254579
0,008844001
-0,007234837
-0,01777531
0,001185063
-0,01861568
-0,02857584
0,02600714
-0,01414968
0,007962094
-0,01704666
-0,0170761
0,002334082
0,01870165
0,02383554
-0,01544623
-0,006590747
-0,02179709
0,02327465
-0,004057704
-0,02503239
0,003537086
0,02968942
-0,01888631
0,005223341
0,02412814
0,009908307
0,02874052
0,0059136
-0,006363433
0,02234266
-0,0134469
0,001402121
0,0221616
-0,01531012
0,002069074
0,01771278
0,0220795
0,02766369
0,003121324
0,02986767
0,01075382
-0,0003202713
0,003942035
0,007235446
0,003980019
-0,01409936
0,02618875
0,01250697
-0,02533242
-0,02259797
-0,01837366
0,01222681
0,02725867
0,001888326
0,001552936
0,01035557
-0,01913899
0,006380902
0,008148411
0,001873047
-0,02694012
-0,009256997
0,02432052
0,01626568
0,02640707
0,01109142
0,01032946
0,00365676
-0,008418615
-0,002738539
0,002237765
-0,01833861
-0,0100746
-0,002992495
-0,004827898
-0,02642597
-0,004350584
0,004953392
-0,02754779
0,009291748
0,01483598
-0,01392271
0,00131662
-0,01531641
0,01030646
0,00626243
0,006294793
-0,00914738
0,01310472
0,02216865
0,006818037
-0,01392961
-0,008878971
-0,02738221
0,02807778
-0,009251136
0,005689128
0,01697531
0,009580022
0,02329598
0,005322014
-0,007631007
-0,009511984
0,006236339
0,006331106
0,03089845
-0,00918536
-0,000189999
-0,02259314
-0,002415389
-0,01542204
0,006760642
0,004911347
0,02977797
0,01704201
0,01643153
0,01879297
0,008761977
-0,02498805
-0,01024255
-0,02522854
-0,009552134
0,02138407
-0,0003571337
0,02036863
-0,01270556
0,02210497
-0,01175435
-0,0002535001
-0,02501377
-0,001240668
0,009067032
0,02437902
-0,02160954
-0,02830313
-0,008563147
0,02580697
0,02511605
0,008932012
0,01043639
-0,01470319
-0,0235824
-0,01690225
-0,01323355
0,008124615
-0,03089364
0,0104974
-0,0108921
-0,01635863
-0,02001159
0,002262806
0,02852608
0,01269599
-0,009604272
0,01832752
-0,01458971
0,0009583899
0,02100355
0,0160515
-0,0116117
-0,02211259
-0,0283138
0,02976074
-0,02731072
0,02941996
0,005949089
0,01203048
-0,005193731
0,02618311
-0,006109931
0,0202012
0,02301854
0,03042356
-0,00576596
-0,02558479
0,02889061
-0,02279916
0,003284655
0,02115162
0,02051318
0,006347502
0,002471338
-0,02569771
-0,009806072
0,001893935
0,001571946
0,0251784
0,002785937
-0,009540729
0,01727954
0,01912695
-0,02618619
-0,0206617
-0,009268138
0,003280871
-0,01878752
-0,02287288
-0,02103203
-0,01403043
-0,02859233
-0,009697978
-0,01196605
-0,003079194
0,02202992
-0,009260113
0,008405782
0,0275659
-0,01214401
-0,01309337
0,01794222
-0,02210067
0,0287546
0,03050941
0,02597262
0,0128328
0,006425564
0,02824549
0,008981762
-0,0001761111
-0,002674841
0,009035345
-0,02256729
-0,02706874
-0,02267615
0,002733533
0,01627449
0,01435152
0,008202585
0,02042077
0,01924974
0,02256964
0,02653288
-0,01285754
0,02019098
0,0007632924
-0,01127657
-0,02452244
-0,01843998
0,02946348
0,02314581
0,0035549
0,008375361
-0,01175648
0,005848472
0,009382717
0,02293126
-0,02393437
-0,01672938
0,009599295
0,02786492
-0,01410177
-0,000253166
0,01210511
0,02265755
-0,006143659
-0,01821449
-0,01588886
-0,01167083
-0,01150002
0,005931275
0,02523008
-0,01015622
-0,001408127
-0,002734706
0,02764563
-0,01841528
0,01094124
-0,01987873
-0,006871607
-0,007970453
-0,00161541
0,01422837
0,009052121
0,006383369
0,02496043
-0,02917584
0,02130629
-0,002879432
-0,00344008
0,007689453
0,008040473
0,0008681798
0,03102717
0,02388095
0,00232474
-0,01102774
-0,01744383
-0,004916023
-0,005035316
-0,00864491
-0,02377304
0,01975834
0,02661752
-0,007298467
0,02751946
-0,01839632
-0,01970361
0,02033731
0,007235233
-0,001473683
-0,01731812
0,02591711
0,02326206
-0,01094181
-0,0005726175
0,002630699
0,02049651
-0,02440936
0,02514487
-0,008710363
-0,01082308
0,01501671
0,02135421
0,01080252
0,02828081
-0,003841174
-0,009558846
0,005381766
0,02311967
0,003552844
0,02551169
-0,01612101
0,0141598
-0,02781285
-0,01486851
0,009446495
0,01946998
-0,01457126
0,006088575
0,01012311
0,02127603
-0,02878386
0,021616
0,02883916
-0,00634961
0,01331177
0,006123039
0,01282097
-0,006787829
-0,02812158
0,001437918
-0,02053051
0,001549249
-0,02718655
-0,02870713
-0,009333597
0,03086169
-0,01755164
-0,005014307
0,001459987
0,02310474
0,007161258
0,02882841
-0,02574647
0,004187876
-0,02860563
-0,01710069
0,01957066
-0,0292554
0,01792638
0,01075269
0,004497189
-8,601002E-05
-0,01263838
0,00231606
-0,01053295
0,02506638
0,02351359
-0,01442942
-0,01558532
0,01807264
0,006722941
-0,02017252
0,02034086
-0,03107906
0,01453951
0,01208782
0,01087991
-0,0285564
0,02507139
0,01083943
0,00451448
0,01988246
-0,02685301
0,01581938
-0,01538422
-0,02916292
0,01750388
-0,008986538
-0,005736889
-0,001680832
0,01904861
0,01173034
0,005374524
-0,009501235
0,03209868
0,01000818
-0,01730797
-0,0009331749
0,009114465
-0,004995404
-0,02448788
0,03166429
-0,01757717
0,01664216
-0,01283241
-0,007506208
-0,02290344
-0,02595131
0,01944805
-0,01235202
0,003565169
0,02036625
-0,02206963
-0,02123945
-0,02166125
0,01730913
-0,002946167
0,001315087
-0,01336975
-0,01479596
-0,02402789
-0,0007426599
0,02138375
0,01410521
0,03011294
0,02618594
0,004593956
0,001734659
-0,02717744
-0,02720809
-0,004466176
-0,02568924
-0,01357361
-0,002111459
0,002738752
0,004528309
0,00884348
-0,0111006
0,001763146
0,0202962
0,02625995
0,01226354
0,004476348
-0,02433413
0,02885013
0,02523206
0,001815505
-0,008286368
-0,02340845
-0,01838575
-0,01660778
0,01467068
-0,01407475
-0,004369144
-0,01299284
0,003168838
-0,02255316
-0,002787438
0,01582636
-0,00954838
0,02012086
0,005500011
-0,02934171
0,01451487
0,0200507
-0,00430933
0,001703946
0,009922722
0,003871496
0,001964898
-0,02138695
-0,02068155
-0,02872258
-0,004878339
-0,01064192
-0,00761319
0,0237066
0,01413942
0,01815323
-0,02809562
-0,008164802
-0,02323956
-0,01079561
0,021462
0,02186408
0,01449043
0,02361511
0,02545695
-0,02123516
0,02622217
-0,003663992
-0,0246522
-0,001382526
-0,02437125
-0,03408572
-0,01584378
0,008636492
0,01852601
-0,01325128
0,00409303
-0,00334553
0,02528951
0,02299813
0,006164929
-0,02892473
-0,02879262
0,009398745
0,01546958
-0,02458699
0,02675193
0,0133033
-0,006816046
0,01150071
0,01489956
0,02926999
0,01278391
-0,01387726
-0,01897929
0,0239406
-0,02629547
0,002974523
0,01031825
0,0008087331
0,0046626
-0,02904656
-0,03036088
0,008694362
0,0217604
-0,00640792
0,02860716
0,008739501
-0,02702047
-0,0008543152
-0,01546066
0,005239553
-0,001929168
-0,01426613
0,009018472
0,01590029
0,0148443
-0,02876766
-0,03003405
0,009098229
-0,02624078
-0,01873632
-0,03104541
-0,008375644
0,01626586
-0,0188784
-0,01345771
-0,03138666
-0,001431381
0,02576208
-0,01920963
-0,03223719
0,01372304
-0,0108089
-0,0153161
0,003879978
-0,02919006
-0,005331919
0,01817973
-0,007429891
-0,0196224
-0,01156467
0,0132048
0,02692248
-9,432249E-05
-0,01951568
0,0008932916
-0,002043815
0,006348962
-0,006303408
-0,02393399
0,02914761
-0,001639069
0,02846905
-0,01159684
-0,01011909
-0,02966997
0,00748048
0,0226269
0,01580308
-0,0199591
0,0217742
-0,02403957
-0,02277672
-0,01885057
-0,02286609
0,01267419
-0,03067623
0,02322282
-0,03248293
0,01202985
-0,01364474
-0,0170544
0,004583254
-0,0004429659
0,0206034
-0,003661763
-0,03068925
0,02291038
0,001235641
0,005548502
0,0189199
-0,001534712
-0,02203649
0,02156236
-0,01755334
-0,001904107
0,01625388
-0,02920486
0,02609066
0,005283736
-0,003357248
0,004263361
-0,02300456
-0,01371631
-0,01264945
-0,01977034
0,008797733
0,01318906
-0,01350246
-0,007053495
-0,003343735
-0,0002349455
0,001947836
0,005318254
0,01472277
0,01111442
0,02122641
-0,004169218
-0,004348835
0,01961652
0,02201215
0,006493341
-0,01482754
-0,02948168
-0,02009682
-0,01009359
0,02363341
-0,01980995
0,02437431
0,009722086
0,02907047
-0,03118297
-0,03620445
-0,007878514
-0,01534908
0,01034703
-0,03172802
-0,009948289
-0,01764193
0,008740911
0,02058217
-0,008229552
0,01033902
-0,01984678
-0,01839379
-0,0125826
0,02463254
0,003346829
-0,0246146
0,001264197
0,01100255
-0,007254839
0,004714074
-0,02266173
0,01309201
0,01777888
-0,01253916
-0,02429486
-0,031621
0,02300494
-0,01729591
-0,00367125
0,01493177
0,002011686
-0,006423554
-0,007274964
-0,003232604
-0,02973676
-0,01834459
0,02702253
0,004184218
-0,003568988
-0,01656536
0,01797178
0,02780017
-0,0007519197
0,02492656
-0,03520511
0,01230556
0,02209748
-0,006545875
-0,01235731
-0,0336837
-0,0107374
-0,0368671
-0,001784771
-0,009330815
0,01847674
0,01429653
-0,001024884
-0,004816913
-0,02694513
-0,007169447
-0,008150423
-0,001244809
-0,005022603
0,009288624
-0,0252896
0,01953529
0,02047182
0,02140541
0,0242432
-0,01230337
-0,02274197
0,02699692
-0,01657734
-0,0188855
0,02052001
-0,01797812
-0,01642821
0,01821488
-0,01569033
-0,01333041
-0,02911631
-0,007702275
0,01756438
-0,01108005
-0,01633448
0,0003494713
0,0128281
0,0254489
0,007773129
-0,01378133
0,0119232
-0,002774631
0,00039694
-0,03723905
0,01002737
-0,02135177
-0,005415075
0,01247254
0,01920391
-0,02296011
0,02493668
-0,0310458
0,001444013
-0,03079104
0,02334966
-0,003177285
0,01805602
-0,008635103
0,003917699
0,01149928
0,001794049
0,01720852
-0,01318575
0,01555805
-0,01047744
0,02842434
0,01477731
-0,02297456
-0,005098537
0,003099804
-0,02679028
0,02454479
-0,01705979
0,005873109
0,005927983
0,01141657
-0,005800837
-0,02217137
-0,01005046
0,004612627
0,01012169
-0,007918633
0,02352577
-0,03051922
-0,01187692
0,0256122
0,01739556
0,008835568
-0,007971943
0,01096629
0,01073809
-0,01610969
-0,02219338
0,01806022
0,01270236
0,02531796
-0,02229289
0,005602299
0,005743317
0,01466257
3,29975E-05
-0,01271914
-0,007871362
-0,0121073
-0,0277696
-0,03028403
0,02160515
0,0252964
-0,0006907914
-0,01115288
-0,02727464
0,00688933
-0,02614553
-0,02803767
0,02948692
-0,0259549
0,02174895
-0,01500496
-0,002012959
-0,008192974
-0,0199748
-0,02562818
0,01477177
0,008732567
0,01892372
0,01279153
0,007328369
-0,01379002
0,02081729
0,009137622
-0,003090891
0,006969992
-0,003283095
-0,0005786965
-0,02671767
-0,01326267
-0,03368689
-0,00438182
0,01597737
-0,0198471
-0,03001841
0,01747763
-0,03118781
-0,03946339
-0,004279437
-0,03325972
-0,02186198
-0,02502795
0,02240464
0,002635346
-0,02995429
0,01961887
-0,01569591
-0,0103372
0,01024714
-0,00426379
0,01124584
0,01299941
0,002556575
-0,003310509
-0,002952563
0,006365172
-0,02042459
0,02322652
0,02291619
-0,003315706
-0,01684106
0,00224112
0,02786914
0,008913402
-0,02607319
-0,009825584
-0,007497384
-0,01854297
-0,01442019
-0,009968394
0,02733385
0,01233467
0,03103005
0,0136178
-0,00627716
-0,01582779
-0,01343111
-0,01940635
-9,177338E-05
-0,002738124
-0,01413503
-0,03215989
0,01256146
0,003019953
0,005460721
-0,02033885
0,02096263
-0,01380334
0,004510698
-0,01406046
-0,0007188987
-0,02385304
-0,03174118
-0,02914337
0,01408812
0,005731876
-0,01486016
-0,01576481
0,00459691
0,01813713
0,007571972
-0,02164122
-0,02296655
-0,01059942
-0,003493927
0,02604419
0,01825739
0,01953144
-0,02965558
-0,02289096
-0,01220208
0,02751072
-0,01103078
-0,005868218
-0,02308314
-0,02052871
0,01061181
-0,01240467
0,0258757
0,01792538
-0,01079065
0,02534282
-0,00720613
0,01644282
0,008582214
0,01034115
0,001620324
0,01729522
0,02195639
0,00752627
-0,03252706
0,02556251
-0,0007726979
0,01295356
0,02013693
-0,02456693
0,02219316
-0,00419756
-0,02791082
0,008629258
-0,01273022
-0,03511641
-0,01963165
-0,002833696
-0,02734772
0,01278931
0,0213063
0,01341824
-0,02501257
0,01767346
-0,02399743
-0,02822996
-0,008752165
0,01647506
-0,00586566
0,007642128
0,01265424
-0,01124229
0,008297909
0,01585736
-0,006648369
0,02913442
0,02782247
-0,009166514
-0,02350615
-0,01182662
-0,009138745
-0,001142685
0,0005966589
0,02256257
-0,01659285
-0,02448218
-0,02664126
-0,02232681
-0,01444385
-0,02062329
0,002136214
0,01427196
0,000734799
0,0201179
0,01155994
0,01435654
0,004818199
-0,02702321
-0,0005692771
0,02164337
0,0005333254
0,006353309
-0,01750363
-0,02503451
-0,01419453
-0,008208375
0,01013691
-0,01451755
-0,01417167
-0,006091766
-0,02262593
-0,02759399
0,005187649
0,02469774
-0,005237332
-0,00632013
-0,0169376
-0,02154967
-0,001824731
0,02667962
0,02598365
-0,01771125
-0,002480131
-0,01998461
-0,02650104
-0,03040023
0,01861886
0,01514364
0,03058762
0,005134715
-0,0138977
0,01862367
0,01440508
-0,02261344
0,0101766
-0,001747353
-0,03090429
-0,01683657
-0,008136823
0,009573814
-0,01401975
0,01088373
0,01345199
0,01182877
-0,03621793
-0,0006846804
-0,026363
-0,003670837
-0,009708643
-0,01854111
-0,005529573
-0,003550333
0,0008796121
-0,001625379
-0,03903875
-0,01917159
-0,02313827
-0,02784745
-0,02688505
-0,01105166
0,01133558
-0,02201045
-0,006995941
0,01377128
-0,02155022
-0,01500934
-0,01673354
-0,007628364
-0,02177757
0,02073394
-0,008901899
0,02874585
0,01232973
0,01694354
0,01177021
-0,01338411
-0,003500636
0,01122207
-0,01908958
0,002176695
0,01965979
-0,01991648
-0,01612382
0,01009967
-0,02932244
0,0101932
-0,02393013
-0,02689788
-0,0271221
-0,01146719
-0,02222243
0,0141362
-0,03148365
0,02065912
0,02243411
-0,02835746
-0,02058548
0,02257809
-0,005475936
-0,002185537
-0,02631377
0,005486075
-0,01086028
0,0006247651
0,02271499
-0,002691471
0,01122431
0,01506212
0,0237987
0,01325554
0,02484923
0,00477346
-0,02789834
0,007914818
0,002585209
0,0001551868
0,02078564
0,0116496
0,01326514
-0,002010218
-0,02007117
-0,02368653
-0,01475849
0,01945025
0,009790621
0,004699992
0,02635294
0,01628627
0,02041883
0,002063437
0,02991023
-0,001951733
-0,02077195
0,002998326
-0,01345298
-0,02920068
0,008762458
0,0007479663
0,0101123
-0,003621216
0,02381113
-0,0186887
-0,02709529
-0,01701784
-0,01265538
-0,005972425
0,007508092
-0,01162219
-0,02137608
-0,01987791
-0,02805975
-0,008775401
-0,02614562
-0,03975491
-0,0150125
-0,04075362
-0,01689031
-0,003585996
0,02393496
-0,0123171
0,001121644
-0,03266417
-0,03275115
-0,007473357
0,01233293
-0,002935255
-0,0006223244
0,0008829499
-0,009982306
0,003153332
0,01847605
-0,01501633
-0,03237629
-0,01384376
0,005730765
0,02621546
0,03005996
0,02685369
-0,005028917
-0,02328189
0,0192919
0,00166042
-0,003190909
-0,004987093
-0,0182853
-0,007259001
-0,02081238
-0,02676424
-0,02616878
-0,02253579
0,003766086
-0,02486851
0,0007964341
-0,01646747
0,0174579
0,01523692
-0,0212537
0,007596696
-0,004836932
0,01399332
-0,04180075
-0,02666116
-0,03738471
0,004067828
-0,005673988
0,01772011
-0,007952224
0,0210497
-0,00861172
-0,004908807
-0,02811577
-0,003509132
-0,01838543
0,0223375
-0,0003483704
-0,02767096
0,002871473
0,002305428
-0,02376371
-0,01164741
-0,01846113
-0,009819767
-0,00882683
-0,02171715
0,02628963
0,01500777
0,01361178
0,01024674
-0,004827137
0,01288694
0,01125977
-0,01563872
-0,009843179
-0,004324465
-0,02995745
0,002142246
-0,002897476
0,008053606
0,02004557
-0,01809962
0,02103517
-0,01682433
0,003496862
0,004471096
-0,0287094
-0,02900571
0,02379327
0,009913669
0,01475075
0,007301289
-0,02543414
-0,004847303
-0,008902962
-0,02244997
0,003916374
0,002297391
0,0129559
0,01847375
0,01271645
0,01082041
-0,0154767
0,02352772
-0,003171141
0,01022219
0,01821241
0,01859903
-0,02061199
0,01416672
0,01839591
0,02700986
0,003609831
0,02294438
0,0112887
0,02170461
-0,006421816
0,02777433
0,01352272
0,01684671
-0,02833078
0,01991046
0,01922498
-0,0302534
0,02218568
0,006339361
-0,007971019
-0,0329872
0,006536243
-0,02860064
0,01474448
-0,009541376
0,0110935
0,003794999
0,01605448
-0,03463273
-0,0344911
-0,02875052
0,01210298
0,01776436
0,01279959
-0,01664952
0,0176208
-0,03019334
0,01858933
0,00970692
-0,03348972
-0,01962926
0,01762266
0,01159281
0,02003552
0,01210512
0,02211658
-0,03046734
0,02073008
-0,03135516
0,02681742
-0,01964834
-0,03161158
0,02411849
-0,01081466
0,01689682
-0,02038395
-0,022284
0,02834421
-0,005418298
-0,01575136
-0,02934288
-0,0247223
0,009202975
0,0184629
-0,009338548
-0,01808713
0,0152591
0,02800953
0,01204288
0,02181382
0,00646314
-0,0249656
-0,03000658
-0,003277787
-0,03390005
-0,02890605
0,02153882
-0,02832542
0,02407469
-0,009516775
0,003660104
0,008737634
0,01703343
-0,03241723
0,01288794
-0,03803443
0,01244642
-0,00472597
-0,04379139
-0,04098969
0,004031625
-0,03080806
-0,009165207
0,0001272719
-0,02508735
-0,01229278
-0,01476097
0,02515613
0,001545514
0,005977716
-0,0180215
-0,02348293
-0,02297987
-0,02422488
-0,01157293
-0,02502103
0,0294115
-0,006025443
-0,0119456
0,01171157
-0,01422422
-0,02834813
-0,02879675
0,02819722
0,005695435
-0,01397631
-0,01661405
0,002376608
0,02866044
-0,01295441
-0,01425187
-0,0220959
0,02471426
0,007286803
-0,02806239
-0,003586223
0,007522108
-0,01144971
-0,01637862
0,0104493
0,01474517
0,02823362
-0,001575742
-0,0137952
-0,02509022
-0,008776289
-0,00524811
-0,0008609821
0,006869337
-0,003396111
-0,04304838
-0,01149574
-0,01551352
-0,01355549
0,01430497
0,01064667
-0,02533924
-0,0003753476
-0,02746104
0,0271873
-0,02668856
0,01504094
0,02778034
-0,01695332
-0,0126068
-0,02565927
-0,01756988
6,683057E-05
-0,0285906
0,02120689
-0,004370705
0,005264306
-0,02246326
0,004299752
0,02383746
-0,01335223
-0,002927563
0,006380888
0,01102618
-0,02734429
0,007076551
0,001639812
0,01810683
-0,01932895
-0,0156344
0,01824022
0,01494903
0,001683464
0,01286985
-0,01696126
-0,01681973
-0,03148582
-0,0143657
-0,01438784
0,004227906
-0,03464862
-0,03827152
-0,01952271
-0,03406791
-0,03140325
-0,02103406
-0,03150292
0,008692991
0,02149995
-0,01847011
-0,005753177
-0,01170091
0,01051321
-0,006314101
-0,001027643
-0,01377213
-0,003427394
0,01318736
0,02473861
-0,01699551
0,0009626772
0,02531116
0,01263717
0,0283678
-0,0003810721
-0,01203743
0,008351848
0,01452441
0,01109206
0,002597203
-0,01382286
-0,02168638
0,0130145
0,02411234
0,02067016
-0,01502699
-0,02587899
0,001638471
-0,00159684
0,01195361
0,0007490696
0,02103007
0,02460449
0,02479215
0,01400554
-0,01245765
0,02219911
-0,03055946
-0,02817003
-0,03896652
0,009152083
-0,01813967
-0,01298927
-0,03809468
-0,03676183
-0,03279083
-0,02112572
-0,01977699
-0,004414313
0,01929688
0,007114719
-0,01327075
-0,03489117
-0,01349382
-0,03025628
-0,01530865
0,003428205
0,01787465
0,003380477
-0,01412029
-0,02008475
-0,03088505
-0,0111105
-0,01859153
0,01534962
0,01353514
-0,02778938
0,01788838
-0,02016603
-0,02535138
-0,01086247
-0,001839096
0,0007081956
0,01110901
0,01667976
0,02487338
0,0117123
0,005942192
0,01821185
0,009503421
0,02813924
0,02012664
0,02300271
-0,0002936989
-0,03352638
-0,0285233
0,01183546
-0,002245721
0,01859012
-0,0009676142
0,008073332
-0,03475959
-0,01028069
0,01313262
0,006165978
0,006340711
-0,04015195
-0,02944673
-0,02291087
-0,01323516
-0,02325505
-0,00473939
-0,02335442
-0,002843351
0,003864237
-0,02261423
0,01900047
-0,0107831
0,0003656558
-0,02452257
0,003276729
-0,03171644
-0,02579638
0,026149
-0,009235483
-0,007822873
-0,02740959
0,01572363
-0,02192273
0,009156235
0,02428682
-0,001947475
0,02111522
0,006330089
-0,01428807
-0,0187742
-0,03425711
0,003107888
0,01349049
-0,03522573
0,02149105
-0,008699662
-0,0202441
-0,01672272
0,002825827
-0,007106712
0,003457868
-0,007485486
0,02461319
0,01794007
-0,02319472
-0,01273745
0,02516234
0,01423496
0,01353699
0,00845369
-0,04014302
-0,006787471
-0,006388586
-0,001622253
0,0112409
-0,01898014
-0,02682716
0,005743015
-0,003729594
0,006104383
0,006276005
-0,0003460013
-0,0173488
-0,007217084
-0,02016306
-0,01940661
0,001702845
0,003658712
-0,01854213
-0,02341059
0,01483026
0,0118518
-0,01040655
0,02292427
0,01165289
0,002411098
0,01383436
-0,0182483
-0,008956453
-0,004058879
-0,004638486
-0,02936681
0,007133014
-0,006129886
-0,02355487
-0,00819971
-0,03371007
-0,01715257
-0,02016838
0,001476088
-0,0130285
0,002786936
0,02284697
0,0294324
0,01516348
-0,03272576
-0,02423972
0,002058343
0,004017487
-0,03538549
0,01376543
-0,01038278
0,009832012
0,02097922
-0,02787925
-0,01190047
-0,0184367
0,00200055
0,01162306
-0,02390251
-0,001101922
0,01994152
-0,0127196
-0,03096382
-0,02293214
0,002766837
0,02089875
0,01618362
-0,01728661
0,01523089
-0,02196023
-0,01589627
-0,01283217
0,002241703
0,0150668
-0,02092651
0,01672699
-0,01065027
-0,02913913
0,003997038
-0,01338898
-0,02694044
6,719882E-05
-0,007849922
0,00472208
-0,03338478
-0,006979391
0,01586417
-0,009641722
0,0213985
-0,02342391
-0,01053797
-0,004401881
-0,03357568
-0,03100408
-0,01086491
-0,0244928
0,01927596
0,01137481
-0,02362188
-0,0276712
-0,008962876
-0,01159572
0,02553313
0,02535225
0,003974834
-0,02564975
-0,02878065
-0,02514148
0,02505923
0,004673424
0,02294613
0,004613273
-0,02281759
0,01967012
-0,008668671
-0,009490815
0,02813564
-0,003435649
-0,02411151
-0,02107974
-0,02608065
-0,006254981
-0,007589436
0,002628604
0,01238681
0,01070069
-0,02087521
-0,006366323
-0,01464839
0,02081955
0,01851053
-0,005228687
0,01889812
-0,008044465
0,01859845
0,01042798
-0,0002793419
-0,00937534
0,0218365
0,01826506
-0,01330444
0,009331679
-0,00929474
-0,02165476
-0,02069015
0,01493071
-0,01253028
-0,02597886
0,007009654
-0,03293875
-0,01935672
-0,01156383
0,01042699
-0,02587402
-0,02323888
-0,03215061
-0,03337789
-0,008134319
-0,01706651
0,03108127
0,03024878
0,01036448
0,01729087
0,02789666
0,008552265
-0,006440729
0,0156074
0,0151964
0,02968763
0,009885417
0,01914633
0,001507483
0,0008272133
-0,019013
0,01479419
-0,01021351
0,026914
-0,02483496
-0,0167351
0,01998693
-0,01813007
0,01972486
0,005870169
-0,02005156
0,008066715
-0,0005235128
0,01685864
0,0128333
-0,01885201
0,009629333
0,005997445
-0,02885827
-0,0243036
0,02106984
0,02098694
0,002811179
0,01683455
-0,01041343
0,0007286955
0,01698345
-0,03325091
0,001845685
-0,02353723
-0,03056343
-0,01737499
0,01047145
0,02711846
0,003341914
-0,01067274
0,0199621
-0,02059386
0,02647692
-0,02061348
-0,008012111
0,01429535
-0,02666273
-0,0285258
0,005036268
-0,0106575
-0,01794557
0,008807762
-0,0277756
0,001299713
-0,01882383
0,02829047
0,01224736
-0,01131676
0,004881867
-0,01605018
-0,02612905
-0,008355319
-0,007346907
-0,001737373
-0,0117058
0,01434111
0,002753045
0,006151735
0,002274483
0,01847729
0,01589921
-0,007636907
-0,0217025
-0,01121241
-0,009187358
-0,0007028176
0,006467117
0,01839934
0,01104989
-0,02679719
0,01770304
0,001504003
-0,01571408
-0,0267017
-0,00854601
-0,02092641
-0,03447535
-0,02457481
-0,02923589
-0,02397289
0,003869019
-0,001896371
-0,008123129
-0,01279677
-0,0179696
-0,006084412
0,01455144
-0,004534391
0,01825088
0,00789001
-0,01941562
-0,00422275
-0,0009100235
0,01060935
-0,006237284
0,01065161
-0,005346452
0,007947291
-0,02327983
0,002194138
-0,02027992
0,01408903
-0,003829376
-0,008836186
-0,01179024
-0,008121299
-0,03167663
-0,02217891
-0,02887697
-0,02952147
-0,0001285237
-0,01418051
-0,004028555
-0,01187362
-0,01685408
-0,0129559
-0,03228174
0,0160828
-0,03193644
-0,03997478
0,01784698
-0,01745856
-0,02896718
-0,02447533
-0,03263002
-0,009750576
-0,0251943
0,009413232
0,008631635
0,01076701
0,01748372
-0,004005975
-0,02512505
0,00136372
0,02489735
0,01942941
-0,02976665
-0,0289328
0,02606894
0,01682459
-0,00953041
0,002107886
-0,009326023
0,01162576
0,02622198
0,0163785
0,0229657
-0,02428408
-0,00692221
0,02938308
0,002544232
0,002772709
-0,002629236
-0,02512997
0,01178745
0,01965196
0,003447779
-0,02252946
-0,01557104
0,01912269
-0,02399384
-0,01541636
-0,009742007
-0,0161878
-0,02531219
-0,02379919
-0,01729151
-0,03597528
-0,01191779
-0,0112362
-0,01349448
-0,03314458
0,02196785
-0,01097317
0,007628882
-0,01594475
0,02522351
-0,005278804
-0,01812901
-0,01991082
0,004624812
-0,02258259
-0,01072352
0,01613042
-0,02176327
-0,01515668
-0,02975839
0,02854989
0,01917111
-0,02888078
-0,01827527
0,01865587
0,01274294
-0,02894844
0,000654768
0,02690559
-0,02493312
0,02875711
-0,00565377
0,01029598
-0,004197473
0,01862906
0,003959808
0,02407305
0,007982383
-0,005152142
0,0005156723
0,02065537
-0,01331134
-0,01085044
0,01469319
-0,02501656
0,019261
-0,03151836
-0,02025148
-0,03765874
-0,04165355
0,0001968032
-0,03023788
-0,04042202
-0,02378905
-0,01365367
-0,02093024
-0,007837571
-0,01740272
0,0001753815
-0,01072897
0,02212164
0,02082379
0,01236293
-0,0142329
-0,02891574
-0,02632925
0,007853289
0,01731536
0,01465593
0,003504279
-0,002933569
-0,01820003
0,01046674
0,01012733
-0,02958154
0,003712709
-0,001790448
-0,024135
-0,02924844
0,02438855
0,004766833
0,01345495
-0,005922375
0,02435239
-0,006583692
0,01677673
-0,01039756
-0,005162362
-0,02440698
0,003342221
-0,0267079
0,001144809
0,02437435
-0,02782321
0,003638012
-0,02771718
0,004254163
-0,03801964
0,012704
-0,03511208
-0,02639554
-0,0263917
-0,002001379
-0,002825101
0,005687288
-0,005120179
-0,0007138925
-0,009453816
-0,02427574
0,01454082
0,01027548
-0,01278008
-0,01496181
0,01177616
0,01605237
-0,01370206
-0,0003796836
0,01789949
0,02294646
-0,0145628
0,01277351
-0,01480084
0,01277731
-0,02236727
-0,0003771156
0,02295936
-0,01551501
0,005504953
-0,03045672
0,02570757
0,02022508
-0,005882669
-0,01417702
0,02061539
0,007460293
-0,01030217
-0,02626725
0,02014711
-0,01658859
0,01952332
-0,02382488
0,02266068
-0,02622529
-0,01544287
0,01592041
0,0003777928
-0,02165141
-0,02051696
-0,01761887
-0,01300264
-0,002996919
0,01302011
-0,0333272
-0,004570292
-0,01157523
-0,0307124
-0,002399685
-0,00682223
-0,03485794
0,007829823
-0,01767677
0,02632005
-0,01043655
-0,01387699
0,02587627
-0,009065934
-0,02631944
-0,004368366
-0,02389584
-0,004887867
-0,02124359
0,01096089
0,002433565
0,02908846
-0,02688086
0,01716026
-0,0221646
-0,004362401
-0,01588137
0,01513654
0,004742752
0,02850113
-0,01068395
0,006287564
-0,01020577
0,02304249
-0,02254088
0,006514306
-0,004785646
0,0006055492
0,01218375
0,004860524
0,01354584
0,001533847
0,00302599
-0,02665473
-0,001677329
0,01395684
-0,0185187
-0,01012772
-0,001132457
0,01148074
-0,03959804
0,01319298
-0,0227915
0,0214041
-0,01289699
-0,02483229
-0,004117672
0,005436556
0,01973132
-0,02242743
-0,02175124
-0,01404526
-0,02256332
-0,01554953
0,00997372
0,01756377
-0,0289517
0,02924048
-0,021549
-0,004171856
0,0287053
0,0005556648
0,009184213
0,002459494
0,02553422
0,02976416
-0,01052707
0,02014074
-0,01803509
-0,01204981
-0,02465051
0,0155846
-0,02526879
0,01196331
0,018578
-0,01198679
-0,01509515
-0,009164152
0,000953127
0,02805913
-0,02560144
0,01339899
0,008931089
-0,003184652
-0,01051137
-0,01213352
-0,01426943
-0,01829251
-0,01025709
0,004416636
0,002942722
-0,0178904
-0,01664744
-0,01780961
0,02021886
-0,0008746898
-0,02143951
0,01073129
0,03020829
-0,01080837
0,02037693
0,01456156
-0,004766633
0,002297377
-0,02937781
-0,004352844
-0,02112036
-0,004077543
-0,004919543
-0,01044694
-0,0008198405
0,007272741
-0,007831685
-0,02005638
-0,01094511
-0,02165503
0,01819383
-0,02735596
-0,0216212
-0,003332713
0,003929576
0,02565467
-0,0187958
-0,009326688
0,003001599
0,01396647
-0,006335191
0,020552
0,01071739
-0,02071001
-0,02742135
-0,004135702
-0,01170527
-0,02406135
-0,03210212
-0,01580769
-0,01521696
-0,02839416
-0,006644444
-0,04706294
-0,02456633
0,01969629
0,01902067
-0,01881607
-0,0167442
-0,02570938
0,02655139
-0,02038271
0,02523203
0,0131107
0,02020058
-0,0192991
0,005677825
0,003352245
0,01456257
0,02545608
-0,0007382629
-0,02921686
0,02910702
-0,01192207
-0,02826433
-0,0145297
0,008635351
-0,01822339
-0,01889611
0,02347033
-0,01788599
-0,02378505
-0,02715597
0,02479726
0,0151261
0,005167311
-0,009105547
-0,0281871
-0,02077601
0,009657859
0,03156221
0,02377436
-0,02977168
-0,01270451
0,01057495
-0,02753649
-0,03636626
-0,03081415
-0,01248826
0,01652703
0,0231468
0,01809939
-0,004091872
-0,03284914
0,01007014
-0,01841258
-0,02937946
-0,0184955
0,02362157
-0,03667204
-0,02331259
0,01377981
-0,0267458
-0,008365137
0,02380527
0,02088401
-0,02100547
0,02652904
0,02640685
-0,01840124
0,0160025
0,002538177
-0,007745644
-0,02386024
0,02663148
0,0005434513
0,02407391
0,00245452
0,001285854
0,01944345
-0,01737069
0,004368546
0,01695104
-0,01367921
0,0257865
-0,01217201
0,002612577
0,01961149
-0,02765187
-0,00877991
-0,006916716
-0,02559377
-0,02996789
-0,02881226
-0,0129395
-0,02215155
0,02015693
0,01090228
-0,004043823
0,02200012
-0,03039373
-0,03091053
-0,03486739
-0,03216727
-0,03293623
-0,01183789
-0,006594721
-0,01207669
-0,01617245
-0,01619364
-0,007889045
0,008746125
0,0175202
-0,02301884
0,01395811
0,01034638
0,02687448
0,01325831
-0,00129425
0,005745611
-0,01682684
-0,01258867
0,02358237
0,006556673
0,01751442
0,006244415
-0,004844249
-0,01698384
0,01412064
0,01286895
0,00376682
-0,01910645
-0,02622875
0,006640654
0,01452454
-0,02513514
-0,003661305
0,003415372
-0,02417831
-0,006707272
0,01349776
-0,0240036
0,001805695
0,007735168
0,02280515
0,01175356
-0,01015414
0,02294268
-0,012518
0,008687063
-0,02319059
-0,03256845
-0,03019186
0,0118402
-0,001773756
0,01029274
-0,02401739
-0,003726944
-0,005303556
-0,002416196
-0,0339839
-0,01109116
0,009797614
-0,002032679
0,01475964
-0,01408299
0,008193366
-0,02071524
-0,003620454
0,009179701
-0,01782706
-0,008478538
0,01004038
-0,02803241
0,01815353
-0,02593595
0,01194673
-0,02031321
0,01328491
-0,02796304
-0,01800944
-0,002326173
0,02049531
-0,0263454
-0,003523526
-0,004905432
-0,03399955
-0,02412364
0,02470782
0,02571249
0,02249494
-0,03082485
-0,02079957
0,003643459
-0,002610704
-0,002190194
-0,005146658
-0,03136389
0,01980131
-2,94628E-05
-0,02786997
-0,02590843
-0,006320131
0,001391299
-0,01097924
0,01415032
-0,005528233
-0,02677865
-0,02396006
0,006893148
-0,03044859
-0,02910152
0,01605243
-0,009916179
-0,01374862
-0,0003964669
-0,006054116
0,006168297
-0,02394393
-0,00792953
-0,01240598
-0,002209908
-0,01279939
-0,0007160025
0,01260491
-0,0193831
-0,01928794
-0,02692113
0,004671514
-0,01289895
0,003315044
0,01077042
-0,01814969
-0,02519425
0,0240502
-0,03319408
0,02611073
-0,0220358
0,004349753
0,002406141
0,02555384
0,02032735
-0,02721482
-0,01410269
0,01664532
0,01831813
-0,01670226
0,01347343
-0,01966244
0,02121203
-0,03378297
0,01412527
0,02590987
-0,001917614
-0,02230454
-0,0003727052
0,01888525
-0,03567239
-0,02908386
-0,01119366
0,01126408
-0,003897835
0,005153777
0,01740409
-0,03147401
-0,007692257
0,01810168
0,01113171
-0,0008932053
-0,009595218
0,003754151
-0,01306477
0,03130096
0,001642433
-0,004211903
-0,003670762
-0,007011577
0,02791447
0,007564242
0,0195362
0,02320289
-0,007590569
0,01862076
0,009893021
-0,01976782
0,008964486
0,01135552
0,007465559
0,01301437
-0,01939014
-0,03067623
0,02297471
-0,02048401
-0,01073745
0,02203287
-0,00743991
-0,01870354
-0,02023063
-0,01895837
-0,00934502
-0,03842841
-0,005286065
-0,01692858
0,01714391
-0,01756407
0,01278885
0,01884675
-0,01155438
-0,02736973
0,02403507
-0,01663512
0,03048691
-0,005811926
-0,02122273
-0,01266472
-0,01149261
0,00838648
0,02571906
0,006278498
-0,009530857
0,01078859
-0,02113171
0,02596275
-0,01565041
-0,01329373
0,007821464
-0,02305025
0,006842546
0,009092208
0,02883991
-0,01872043
-0,02456828
0,009379136
-0,02125435
0,01427937
-0,01500033
-0,03002195
0,01749303
-0,01546148
-0,007907736
0,01401823
-0,0172117
-0,003431643
0,02124261
0,02911088
-0,02828129
-0,005137302
0,02487618
-0,03399833
-0,005384877
0,006223019
-0,02106724
-0,0003646487
0,01487555
0,006732067
0,01681121
0,008078563
-0,03126681
0,002590508
0,01258791
0,006559157
-0,01635248
0,01698157
-0,01992617
0,01174084
-0,02369523
-0,01337154
-0,01660055
-0,002385806
-0,02612999
-0,01375199
0,01851865
0,006437998
-0,01703308
0,00431643
-0,003070246
0,01008515
-0,02995178
-0,01493767
-0,01835854
-0,02512085
-0,02355732
0,004198818
-0,02697877
-0,0236841
0,01944136
-0,003343738
0,01469879
-0,002645212
0,01875582
0,001566398
0,02146203
-0,02672755
0,004735882
0,01354649
-0,003156796
-0,007623123
-0,01996584
-0,02567124
0,01239495
0,005901113
-0,01968346
-0,001680961
0,01781852
-0,02283565
0,02400119
0,005718457
-0,01050281
-0,01835642
-0,02231057
-0,02293458
0,009581817
0,02090711
-0,003956754
0,00532291
0,002343146
0,0111385
0,01189566
-0,02910895
0,02096506
0,0126412
0,002436663
0,0152078
0,006348974
0,0001981008
-0,006892161
0,00762502
0,02710476
-0,001434086
-0,02648684
0,025384
-0,01193089
0,01585363
-0,007071776
-0,009909523
0,01380915
0,00337056
0,003084902
0,01543742
-0,01961693
-0,0289175
0,02301322
-0,007363238
-0,0194378
0,001655375
0,01859839
-0,03376195
0,004901052
-0,03740155
-0,02937735
0,007665723
0,009337954
-0,02401501
-0,02137893
-0,03650471
-0,02430511
-0,002236251
0,02415715
-0,0148536
0,01340999
-0,01485583
0,01400246
0,02761382
-0,015138
-0,01350048
0,02297672
0,02720049
-0,002785557
-0,02598894
0,02259506
0,02747982
-0,02758405
0,02211506
0,02335641
0,01453299
0,01634978
-0,02016987
0,001354555
0,02865028
0,007466927
-0,0110842
0,02402277
0,02418053
-0,01455222
-0,01857137
-0,02539334
-0,03000631
-0,00863327
-0,01414537
-0,02230056
-0,02533751
0,002978936
-0,02031671
0,02635464
0,01818429
-0,01613755
0,02128635
-0,04096248
0,01250657
0,006353985
0,01991921
-0,007290145
-0,002442229
-0,03558775
-0,03115784
0,003887102
0,01847858
-0,01354162
-0,002044295
-0,01657043
-0,03195024
-0,02840896
0,02433023
0,01569679
0,0022768
-0,005746346
0,02340045
0,01062735
-0,02705158
-0,01687486
0,02232173
-0,0009655416
-0,02606371
0,02477203
0,01315101
-0,009548215
0,02000418
0,02513352
-0,02566117
-0,004710298
0,01724255
-0,02617137
0,006482352
-0,01634465
0,006749942
0,009384844
-0,01637874
0,01301356
-0,02993878
-0,006298169
-0,0222654
0,006869443
0,01176802
-0,03276674
-0,02471545
-0,02791708
-9,759206E-06
-0,01603424
-0,01629219
-0,0167368
-0,01370538
-0,02385539
-0,03582564
-0,001319269
0,01529299
-0,01248665
-0,006890734
0,001552056
-0,01085201
0,01631243
0,02324603
-0,03118835
-0,01141137
-0,01920129
0,003757139
0,02728815
-0,004272259
0,01354067
-0,0211684
0,02374691
-0,01923897
-0,02345497
0,0076934
0,007347642
-0,02593663
-0,01830068
0,009784828
-0,02692499
0,01627062
0,006410134
0,01217002
-0,003374141
0,0005854088
0,01084632
0,02761172
-0,001598438
-0,02567378
0,02642836
-0,01059465
-0,02213611
-0,02328695
-0,001723869
-0,01555419
-0,01933482
0,00106548
-0,02963208
-0,02090463
-0,002435815
-0,008816994
-0,02973903
0,005175558
0,01627969
-0,02331176
-0,009683003
-0,02753344
-0,02079429
-0,002067687
-0,01981241
-0,003322693
0,001980444
0,0165022
-0,002474151
0,02892231
0,02061162
-0,01841156
0,002052301
0,0005903568
0,003812765
-0,01759172
-0,02860216
0,02461388
-0,002264738
-0,008463411
0,02830076
0,01418649
0,008359364
0,01757009
-0,004015291
-0,02482522
0,02617321
0,02267473
-0,02864623
0,002259964
0,006136391
0,02451047
0,01719973
-0,02193264
-0,03252297
0,003651385
0,00751452
0,02004122
0,008217517
-0,01242828
0,006409685
-0,008367046
0,005740414
-0,000115521
-0,004377059
0,0253714
0,0264573
0,004198383
0,002357266
-0,02026838
-0,01205566
-0,02589257
-0,03016618
-0,00813043
-0,01886912
0,01028571
-0,004926161
0,002835958
-0,01582267
-0,00927859
0,00739819
0,0184092
0,01598268
0,02580022
-0,008793481
0,02254582
-0,008139013
-0,01015287
-0,002750667
-0,03013431
0,00367016
-0,01920437
-0,01656621
-0,02292325
0,01038208
0,005574531
-0,02870465
-0,02731731
-0,012745
-0,005763447
-0,02363607
-0,01071599
-0,02175523
0,008909823
-0,02627575
-0,008070929
0,01801269
-0,01504082
0,02328389
-0,0191355
-0,02876176
-0,0243488
0,002981774
-0,01019418
0,006841101
0,01966825
0,004173017
0,008987725
-0,02593176
-0,005729881
-0,007042211
-0,004303926
-0,03505295
0,001090416
0,01099097
-0,01785775
-0,03388008
-0,03231393
0,0224517
0,01326976
0,01073747
-0,004198194
-0,01637453
0,01763875
-0,01626398
-0,01093759
0,007537587
-0,02464442
0,01980936
0,02795693
-0,02227407
-0,02125945
-0,0002665807
-0,0149227
0,02658599
-0,007087423
0,0006846469
0,02159112
-0,005036
0,01663934
-0,02926338
-0,01291865
0,01997098
0,009189249
0,01583492
-0,00271353
-0,01562902
-0,0005780624
0,02008026
0,01949353
-0,008831335
0,01291115
-0,00830109
-0,02700561
-0,007610236
0,00263556
0,02435714
0,01300674
-0,03108672
-0,02233655
-0,02597144
-0,00585986
0,01748097
-0,02147518
-0,004634115
-0,009908727
-0,02866996
0,01603796
0,01381178
-0,004697098
0,01215196
-0,02048917
0,00612567
-0,02584598
0,0131733
-0,0008493728
0,007023836
0,002543502
0,03087734
0,01766864
-0,02172387
-0,01881282
-0,01500021
-0,02985861
0,005208055
-0,005899995
0,01583555
-0,009879715
0,01593313
-0,01240793
-0,004399661
0,01037401
0,01318878
-0,028479
-0,004051842
-0,0001823174
-0,008684303
0,001572694
-0,01282072
-0,00936658
-0,01183346
-0,008911315
0,008700422
-0,01131144
-0,03325471
-0,02453195
-0,03263926
-0,02649632
-0,0135683
0,01890211
0,01870693
-0,01677543
0,01582633
-0,01332958
-0,02066119
-0,03156986
-0,01915009
0,02435674
0,01335523
-0,02808525
0,01260099
0,02033466
-0,02366858
-0,005042539
0,02937893
-0,02390799
-0,001778852
0,003155912
0,005397795
-0,01725888
-0,02100343
-0,0224241
-0,01066534
0,008671219
-0,003175285
0,01620429
-0,0007483064
0,01972123
0,02849335
-0,00923568
-0,01403312
-0,005088622
0,02285665
0,01749506
-0,00863749
-0,02879133
0,01696668
-0,009560743
0,02505217
-0,00411446
-0,0167018
-0,006106054
0,01187473
-0,03077256
-0,002200024
-0,005852656
-0,01900182
-0,0248436
-0,01683707
0,0140992
0,003467804
-0,007785317
0,005517381
-0,02389827
0,01254809
0,01394636
-0,02721524
-0,01880638
0,02326358
-0,007304235
0,004884055
-0,006311012
0,02631179
-0,01198619
0,01596598
-0,01170411
0,02512022
-0,01318209
-0,0245123
0,02798139
-0,0103832
-0,0223654
0,01135427
-0,0230256
0,02724141
0,01406086
-0,01213804
-0,01874265
-0,02912778
0,02392299
-0,001202516
-0,01777516
-0,007558128
-0,03031085
0,008412758
0,01097047
0,009956686
0,007990228
0,02917313
-0,001853236
0,02763666
0,002071781
-0,005952359
-0,01090232
0,01817587
0,01442503
-0,01474464
-0,007692603
-0,0250413
-0,0220065
-0,003630063
-0,03880439
-0,03192251
-0,01542006
-0,007412111
-0,001921222
0,02217761
-0,0002966823
-0,01536939
-0,02756381
-0,002591068
0,02517009
-0,0179312
0,03258238
0,02921153
-0,007520647
0,02510895
0,02317905
0,009967809
-0,02728042
0,003953317
-0,01400922
-0,01108804
0,0008385872
0,03036853
0,01569978
0,01432884
-0,0135244
-0,01585215
-0,02612286
-0,01482004
0,01736026
0,01858543
0,00941721
-0,009680127
-0,002870493
-0,0285692
-0,03291112
-0,006651899
-0,0298575
0,02176005
-0,02472561
-0,01581689
0,01367426
-0,03405042
-0,0338294
-0,02211937
-0,01834592
-0,01683194
-0,01246376
0,01139709
-0,003511922
0,01255523
-0,02307168
0,01068054
-0,01371471
0,008981104
0,003643311
-0,006261592
0,01740368
0,02200627
0,006882747
-0,009262064
-0,01854478
0,02284348
0,01540593
-0,02828703
-0,001969638
0,008441628
-0,00107188
-0,01246448
0,02727442
-0,00244794
0,005488591
-0,01859517
-0,003026732
0,02513147
-0,00441581
-0,004612254
0,02756201
-0,007330624
-0,01396326
0,01686202
0,01307276
-0,02134212
0,01295651
0,02770581
0,004422435
0,02096184
-0,03192817
0,01624069
-0,008929458
-0,004529966
-0,007283756
-0,03248775
-0,02222495
0,005066148
-0,02906591
-0,03658275
-0,01738412
-0,04046996
0,01488578
0,005793894
0,0169469
-0,01685282
0,02605617
-0,02652044
-0,01746
-0,03005388
-0,01468352
-0,006799856
-0,01436064
-0,01855643
-0,0004127811
0,0008230815
0,003541157
0,01631175
0,00657431
-0,02688503
-0,02309833
0,01388238
-0,002706932
0,003117466
0,007006346
0,01224022
0,02328447
-0,007996242
0,02150283
-0,008485006
0,02868442
0,012801
0,01348102
-0,009608253
-0,02490037
0,02573926
0,001064858
-0,0008859242
0,02509305
-0,0006193906
-0,01833582
0,008114198
0,01122433
-0,004526478
-0,002604347
-0,0002211247
-0,005759875
-0,02727571
-0,03510134
-0,02974101
0,0008285451
-0,01627735
-0,02941226
-0,03311948
0,01360955
0,0006225786
-0,001268131
-0,01477392
-0,02724406
-0,02194852
-0,01322145
0,004487387
-0,01494183
0,02011882
-0,02280939
0,006949906
0,009466594
0,0196964
-0,02558935
0,002834332
0,02596283
0,02867131
0,02336314
-0,02345045
0,02273885
0,0003131566
0,02862578
0,02577082
0,02685237
0,02999308
-0,02139581
0,008403463
-0,01096641
0,0132681
0,0131967
0,00140609
0,002844553
0,00495702
-0,005721559
-0,002312709
-0,004804922
-0,01865505
-0,005634854
0,008486308
-0,02637198
0,002371516
-0,01031602
0,01955169
-0,01539568
0,02095136
0,01939494
-0,0008098913
-0,0342029
-0,01033577
-0,03060598
0,001138002
0,006387801
-0,02882084
-0,01729231
-0,0111907
0,005522824
0,006963269
-0,006457958
-0,01931271
-0,02526502
0,009878067
-0,01281647
0,0002157898
-0,02249489
0,007617291
-0,02767279
-0,02751597
-0,007650051
0,006181823
-0,020909
0,01405447
0,0031366
-0,01703795
0,02745027
-0,01289038
-0,02182109
-0,02581371
-0,001162575
0,02360665
-0,03040691
0,001220724
0,003185584
0,01732864
-0,001806664
-0,02881908
0,02477348
0,004049586
-0,006089267
-0,0285713
0,01572697
0,01534821
0,01637815
-0,01765658
-0,006918504
-0,01118623
-0,02107734
0,009285262
0,006092428
0,01029416
0,01961355
0,01938498
-0,0144507
0,001580235
-0,009717461
-0,003542724
-0,02883532
-0,009993369
-0,0268149
0,02844984
-0,01373828
0,003348676
-0,02484643
-0,003924154
-0,02499466
0,003991278
-0,02217253
0,0005501818
-0,02898527
-0,02400887
0,01358845
0,0003524092
0,009640397
-0,01316404
0,01708753
-0,006705011
0,0251088
-0,01359095
0,007533323
0,0007773897
-0,02698041
-0,0102659
-0,01057413
0,01737718
0,02948987
-0,02075865
-0,02212459
-0,02907126
-0,002523148
-0,02685683
0,01510598
-0,002645405
-0,006232379
-0,008975009
0,0105004
-0,02618892
-0,0004748636
-0,01739152
-0,02646936
-0,03607741
-0,01991638
0,005008231
0,01166467
0,004473418
-0,03308833
-0,006397022
-0,01793655
-0,03074753
0,01849836
0,02878027
0,003254399
0,0212538
0,01461543
0,004658455
0,02415667
0,02779098
-0,0166071
-0,01113713
-0,002225587
0,0248318
-0,005634177
-0,02318662
-0,02536522
0,02721406
-0,01803394
-0,01973964
-0,02731015
-0,01694154
0,000124106
0,004431571
0,01263799
-0,0002389271
-0,02811502
0,006442369
-0,02384682
-0,01353827
-0,003803559
0,007462928
0,01240518
9,87526E-05
0,02063798
-0,02180932
-0,02190332
-0,01711264
-0,01317678
-0,04187628
0,01112655
0,01375302
-0,00601683
0,01185615
-0,03961283
-0,017675
0,01515809
-0,01771587
0,004898788
-0,02338821
0,008630192
0,02146441
-0,001112935
0,02222594
-0,007351143
-0,02940969
-0,0008954932
-0,01730129
-0,01589385
-0,02835178
0,01960184
-0,02277807
-0,00251294
0,008636688
-0,002167512
-5,236081E-05
0,002841559
0,02303387
0,02759372
-0,01502354
0,02401358
0,009945008
-0,004896082
-0,01820825
-0,00777396
-0,02212372
0,007106282
0,007854217
-0,002643949
-0,01392401
0,001270907
0,01062955
-0,03290544
0,01579459
0,003561566
0,007259073
-0,0188363
0,01715415
-0,03386289
0,01913061
0,008926534
-0,03178211
-0,02652799
-0,01196937
-0,02985666
0,0007365656
-0,009238704
0,01820367
-0,008741943
-0,003774474
0,01502672
-0,029052
-0,008056677
-0,006877632
-0,01019409
-0,03163249
-0,008642304
-0,01421182
0,001739878
-0,01005625
-0,0051241
0,01964165
0,01223593
0,02414704
-0,004582876
-0,02675418
-0,02399687
0,002298449
-0,02705946
0,02046775
-0,01572786
0,01284525
0,01563411
-0,02691878
0,003798138
0,01587923
-0,007010445
-0,0342486
0,02621825
0,004430695
0,005196038
0,009856864
-0,01464476
0,02529084
0,002402651
0,0004365594
-0,009019972
0,0006596597
-0,004378956
-0,001760739
-0,02216038
0,02181581
-0,02154083
0,009153216
-0,01528867
0,01101578
-0,01844567
-0,01980772
-0,03336794
-0,0265704
0,002188653
0,02642806
0,02472165
0,004252863
-0,0125825
-0,02512609
-0,01301724
-0,01262342
0,0212072
0,006931541
0,00527607
-0,006304758
-0,01257616
0,02565465
0,01115231
0,01119988
0,0006126431
0,01383643
-0,01060384
0,02191084
0,00967855
0,0008994965
-0,02958592
-0,001042291
0,004351911
-0,01590785
-0,01305015
0,02419852
0,000920322
0,006252651
-0,005896372
-0,0237211
0,02519238
0,02093352
-0,03325078
0,007728473
0,01313045
0,00759469
0,004901634
-0,01233739
-0,02403006
-0,03683193
0,001876278
0,01334592
0,01707325
0,009612887
0,004403264
-0,007422017
-0,02590773
0,0157425
-0,01104328
0,008443467
0,02671751
-0,02239542
-0,0007413866
-0,02581723
0,02584043
-0,008178902
0,03031466
-0,02596795
0,01852762
-0,007918024
0,01553309
-0,01969801
-0,01886162
-0,005517023
-0,004434022
-0,002056104
0,02327862
0,02891223
0,0213859
0,01449557
-0,02858496
0,02349838
0,002799826
0,0003282515
0,01225728
-0,02491877
0,0008146037
0,01077016
0,002065439
0,02596981
0,01634759
0,01386838
-0,01111229
0,01450699
-0,0240357
0,009342281
-0,01460064
0,01582841
0,005261637
-0,01218681
0,005093663
-0,004803622
-0,004198779
0,02134842
-0,01337171
0,003733945
0,009027395
-1,096061E-05
-0,007307999
-0,01632611
-8,655872E-05
-0,02371771
0,02654303
0,00481549
0,006283473
-0,02618837
0,008270752
0,02921139
-0,00572287
0,02277151
0,02171375
-0,01271191
0,0006848467
0,02223943
0,004415806
-0,02858652
0,02305712
-0,004007113
-0,01696131
0,00753288
-0,02377344
0,02829831
-0,01736673
-0,006046465
-0,03183809
-0,006882497
-0,01753911
0,00855443
-0,01937253
-0,02580486
-0,01319435
0,02614356
-0,0155209
-0,01199931
-0,01466062
-0,001939355
0,01082714
0,0008037149
-0,02998221
-0,03148122
-0,03175864
-0,01578386
-0,01071103
0,01828882
-0,0005651392
-0,007880023
-0,03030955
0,01562907
-0,01043773
-0,0132335
0,01559801
-0,01151546
-0,007009832
0,01964717
-0,02454
0,001995422
0,02691583
0,006628207
0,005184641
-0,01851554
0,02088148
0,02878908
0,01847885
-0,01216051
0,002047802
0,02288715
-0,02876946
-0,01847656
-0,002718458
0,02473498
-0,0152946
-0,02426711
-0,01516872
-0,02602723
0,0005417218
0,01742349
-0,00419519
-0,01527994
0,01828411
0,000745866
-0,01540254
-0,005427199
-0,0166893
0,01978583
-0,01126711
-0,04230269
-0,001030675
-0,01217748
-0,01956065
0,01664689
0,005429545
-0,02373586
-0,03025963
0,02562122
-0,01791699
-0,02535638
0,0004311255
-0,0203341
-0,007824338
0,01566785
-0,006137703
0,02542691
-0,009737556
-0,004596108
-0,02840681
0,005620394
-0,02745837
-0,01178122
-0,01228461
-0,01071932
-0,02638035
0,005571383
0,01901597
-0,0277399
0,02216127
-0,007904693
0,01251091
0,02878979
0,02500996
-0,00169909
-0,01598487
0,001227425
0,02617539
0,005917944
-0,0153312
-0,02250893
-0,02953947
-0,01173952
0,01280874
-0,01640876
-0,02172979
-0,01999721
0,02404582
-0,03124706
-0,03270889
-0,01917145
-0,03096057
0,01632219
0,01472297
0,01332864
0,01789945
-0,01986168
-0,02699068
0,0224286
0,01381973
-0,02304998
-0,007235944
-0,02716874
-0,0257221
0,02292728
-0,0007120952
0,005360776
-0,01291319
0,02298954
-0,0009132141
0,02351942
0,02848898
0,01553935
-0,01681169
0,02632337
0,003623469
0,01402425
0,000171583
0,02975617
-0,02403884
0,01884447
0,008788883
0,01699985
0,02614828
-0,004414198
-0,01693043
0,01841077
-0,02085494
-0,01884639
0,001965184
0,02432936
-0,01133361
-0,02592269
0,01452992
-0,02703277
0,01261958
0,02053742
-0,02544139
0,01488037
0,00419944
-0,00335819
0,01501669
-0,03246547
-0,0007734462
-0,02130911
-0,01219792
-0,009506669
0,008798166
0,01997849
-0,0179284
-0,01705522
0,02145915
-0,01891329
0,01734359
-0,02996172
-0,0001489125
0,004964033
-0,01961401
0,01101211
0,01155685
0,01234848
-0,004623371
-0,0220276
-0,008443639
0,003024408
0,00270132
0,02489906
0,02846275
-0,02222304
-0,01953218
0,00774564
0,001721552
0,007225978
-0,02153907
-0,002929311
0,01968324
0,0021959
-0,01831614
0,009048007
0,02941731
0,02072703
-0,01804094
-0,01073417
0,0227586
-0,01801251
-0,02683648
-0,0209537
-0,01959666
0,01126755
-0,003136811
-0,02834433
0,01020411
-0,002887038
-0,02118952
-0,02720075
-0,02100571
0,01875619
0,01481224
-0,03222517
0,008084906
0,002858191
-0,005229014
0,0003326134
0,01155178
0,007406501
0,01412211
-0,01823832
-0,02844289
-0,009203319
-0,0173191
0,02977056
-0,006918421
-0,003687578
0,009280751
0,02003061
0,0006203623
-0,02354046
-0,01713768
-0,02396052
-0,002462324
-0,00713081
0,009730595
-0,01884655
0,001039151
0,03017698
0,01839985
0,02851136
-0,004980297
-0,03056778
-0,01705983
0,0272875
0,02028844
-0,02025872
-0,03189239
-0,005742034
-0,01032013
0,007885735
0,008083778
-0,01321372
-0,004051032
0,02180622
-0,02389411
0,01946284
0,002628824
0,005319378
0,01498584
-0,01595964
0,02083492
-0,007897079
0,00802279
-0,02687977
0,006862072
0,01050316
0,003997688
-0,01417387
0,02360359
-0,01561358
0,03030385
0,01326695
0,01729111
0,01454134
0,01726237
-0,02927796
-0,0256552
-0,01742841
-0,01920181
-0,01706517
-0,003147162
-0,01727414
-0,004232847
0,02171864
-0,002213871
0,02415207
0,003820606
0,001646861
-0,01661927
0,01680903
0,006872486
0,02562879
-0,01837775
-0,00210045
-0,02525528
-0,03157339
-0,01044017
-0,02406943
-0,01625142
-0,02615058
0,006144321
0,01022122
0,00140892
-0,02020377
0,01075818
0,02200361
-0,00527739
0,01213361
-0,02285046
-0,02359771
0,01948618
-0,005886655
-0,006440267
0,000736888
0,02182928
0,01318778
0,02568687
0,01553738
0,008804203
0,01411032
-0,0271224
0,02948992
-0,02661842
-0,02254193
0,007394806
-0,02592301
-0,001931401
-0,01107989
0,009574195
0,01532665
0,009292364
0,02559685
0,02231218
-0,02774966
0,00452478
0,0125859
0,008385207
-0,01637496
-0,01825312
-0,00205294
-0,007813889
0,01886239
0,000394496
-0,02079516
0,02853597
-0,01498506
-0,004312692
0,008660979
0,004862129
-0,005994992
-0,02668667
0,003437144
0,0004244717
0,005293039
-0,02876654
0,002574069
0,004883275
-0,008522026
0,001727552
0,001452288
-0,005516036
-0,02038168
-0,02706736
-0,01345968
-0,003989073
0,02200373
-0,002019147
-0,005613599
0,0292654
-0,01858567
-0,02973412
0,01060001
0,005592087
-0,02334166
-0,008637557
-0,01621443
-0,0006037537
0,024827
-0,01816076
-0,005765532
0,008636395
0,01954451
0,0129298
-0,01632494
0,00697179
-0,02828571
-0,008369111
-0,01566295
0,02964072
0,02558022
-0,02986214
-0,015976
0,01439086
0,008524681
-0,0283094
-0,02192843
0,01170434
-0,02233476
0,01147013
-0,02646866
0,01437968
-0,02619902
0,007391619
-0,008939699
-0,01226172
-0,007551861
-0,03611236
-0,009830231
-0,01843393
0,01594369
-0,02734142
0,01233896
-0,01957163
-0,02237397
0,02597698
0,01110327
0,003562784
0,02366672
0,01341749
-0,005301659
-0,0005249535
-0,01509605
-0,003293307
-0,02784479
-0,02208654
0,01777537
0,028196
0,02780008
-0,02487028
-0,01783268
0,002424118
-0,009204442
-0,01597558
-0,01985329
0,01025436
0,005557695
-0,02172641
-0,01440055
0,01943011
-0,01763883
-0,02767249
0,02945858
-0,02920141
-0,02090183
0,01872767
-0,01312928
-0,03314764
0,001474263
0,008575929
-0,009836916
0,009762394
0,0209675
-0,005982715
-0,01792155
-0,002378982
-0,003341012
0,005541747
0,004994242
-0,01610548
0,001475566
-0,005412697
-0,03136405
-0,01544292
-0,0274291
-0,01185728
0,02047248
0,002210155
-0,02652206
-0,001041659
-0,008455278
0,001104696
-0,0165094
-0,02604087
0,0007471427
-0,00845128
0,001896324
-0,01439195
-0,01180073
-0,01578069
0,0220069
0,0181391
-0,007260158
-0,01397191
0,01345074
0,002286336
0,0126816
0,02447651
0,02878008
0,01034047
-0,01606102
0,03200421
0,002107056
0,02875745
-0,01675659
0,0154379
-0,03008494
0,008750964
0,02370792
0,02002469
0,02806661
0,01239141
0,02448717
-0,02475921
-0,009546061
0,01963772
-0,003971548
0,01601485
0,02508226
0,02500304
0,02535741
-0,02003931
-0,01383535
-0,006991117
-0,001927363
0,02003238
-0,02396287
0,01767425
0,00652087
0,001714357
0,006334752
0,02464072
0,00407103
-0,006028674
-0,01451509
-0,008485847
-0,02950555
-0,01524035
0,02134655
0,01683458
-0,00883666
0,02200887
-0,01183322
-0,002177014
-0,01558193
-0,02355596
0,02091831
-0,01491083
0,02565024
0,02274588
-0,02193409
0,0269097
0,03092136
-0,02675776
0,0113275
-0,02893196
0,01310664
-0,02350122
0,001184794
-0,006132876
0,005031297
-0,02040035
-0,02857454
-0,005591845
-0,01661083
-0,02323032
-0,02086166
0,002383834
0,02161585
-0,03106379
0,01882545
-0,02081154
0,02437946
-0,01928
0,005989444
-0,02269618
0,0242376
0,01978439
-0,01969435
-0,01051835
0,02922739
0,02116371
0,02297948
0,01379617
-0,005898425
0,01038497
0,02655726
0,001897421
0,01348794
-0,0149342
0,009214243
0,02434116
0,01276901
-0,002917606
-0,02217944
-0,02252555
0,01774338
0,02167626
-0,01711386
-0,02022792
0,02799794
-0,01108899
-0,005039153
0,02582708
-0,02790537
0,02684986
-0,02821017
0,01937833
-0,00274237
0,002404378
-0,02387162
0,02352189
0,02601891
-0,01660028
-0,005015519
0,01805598
-0,01157878
-0,01044945
-0,02871809
0,003524794
-0,02114067
0,006843478
0,01972396
0,007248654
-0,008369437
0,02821928
-0,0008446842
-0,0009551774
-0,02778526
-0,003037808
-0,009041826
-0,02626755
0,008773935
-0,02904871
-0,007365462
0,01138898
-0,002903174
0,02848563
0,01241385
-0,001154663
0,008524878
-0,02309044
-0,02665958
-0,01955763
-0,0211494
0,01770449
0,02746251
-0,0001612429
-0,02880776
-0,01013849
0,0176341
-0,002282254
0,01893281
0,007863821
0,02966609
-0,009897752
-0,001138859
0,01753972
0,002487525
-0,02516378
-0,003215766
0,003698415
0,01739761
-0,02911883
-0,01802305
-0,0294361
-0,01880931
0,02413352
0,02076577
0,01437256
-0,009134856
-0,006792158
0,008848887
0,004937167
0,02822078
-0,02631835
0,0053129
0,01106482
-0,001267576
0,005038855
0,0300959
0,02988148
-0,002324163
0,01328981
0,01083272
0,02426974
-0,01399534
-0,02816368
-0,02757649
-0,02640763
-0,01660953
0,01040162
-0,004411884
0,007596832
-0,02787058
-0,02434971
-0,009796951
-0,02814801
0,02878649
-0,02372033
0,004634385
-0,02841488
0,009132674
-0,01338089
0,02901028
-0,005469772
0,01956891
-0,01725602
0,008379114
0,02606238
0,01423719
0,01770163
-0,01086659
0,0287982
-0,02520213
-0,004063479
-0,02675185
-0,02648849
-0,007760147
-0,01144022
0,01761143
-0,01708963
0,0248723
0,01786724
0,002039548
0,01175732
0,02850713
-0,02845991
0,003017501
0,02319099
0,0142048
0,00397702
0,01231058
-0,007758985
-0,02931034
0,02877012
-0,00916401
-0,01838477
0,01564571
-0,01341989
-0,02438299
-0,02654887
-0,006271061
-0,02294824
-0,01011626
-0,004203512
-0,008364098
-0,002514256
0,002402112
0,0055265
-0,02938607
-0,01384663
0,01118218
0,009568756
-0,01018779
-0,006790027
-0,02109733
0,02219643
0,01413567
-0,01395824
-0,003636698
0,01660698
0,01029212
0,01631656
-0,01738372
-0,01944561
-0,02429948
0,02745451
0,02869755
-0,02279256
-0,02356909
0,0247065
-0,0102245
-0,0250355
-0,01700739
0,01395808
0,0187781
0,01670596
-0,002065931
-0,02315883
-0,009043899
0,001123026
-0,0003318696
0,02843757
0,02252585
-0,002330712
0,0235045
-0,0272848
-0,02735369
0,008066117
0,02041453
-0,0005034342
-0,002228092
-0,0002061113
0,02091985
-0,01105968
-0,006182952
0,007820348
0,02510577
-0,02075161
-0,01041624
-0,005111204
2,176497E-05
-0,004640111
-0,0006086706
-0,02262265
0,02783191
0,005994718
-0,003178272
0,007243175
0,006182142
-0,006969821
-0,004750324
0,008889424
0,02611199
0,02599235
-0,01271986
0,01352764
0,02569162
0,01571301
-0,01223521
-0,02639029
0,02504313
-0,009562283
-0,01276402
0,007546608
-0,003639066
0,02002691
-0,0153003
0,02517567
-0,009990467
-0,0195482
0,0220127
-0,01139665
0,01752719
0,02612741
-0,02925505
-0,02588642
-0,001320661
0,01518822
0,000780823
-0,01216953
0,007070771
-0,003225327
-0,0272346
-0,001984018
-0,02486172
0,02029331
0,004558866
0,02531151
-0,02888564
0,01170085
0,01383749
-0,02010428
0,02212537
-0,0134641
0,0009964044
-0,02011494
-0,02134204
0,0231873
0,01189957
-0,0224162
-0,00873753
0,002079461
-0,01338562
-0,005177983
0,0009220292
-0,02414703
0,02156558
0,03059457
0,02559692
-0,01614808
-0,01563439
-0,02016137
-0,01528714
0,03079945
-0,002942052
-0,002082448
-0,01260834
0,01982941
0,002151542
0,006531941
-0,01452412
-0,009958607
0,02387014
0,008864443
-0,002572738
0,01214046
-0,002951505
0,0009043005
-0,004882634
0,02171915
0,02639556
0,006424627
-0,02640756
-0,006727031
0,02747133
-0,02478504
-0,0197113
0,008582532
0,02758194
0,02983908
0,02961661
0,004841807
0,0304785
0,01798023
-0,002444237
0,004124027
0,02604992
0,0221528
0,02030289
-0,02664501
0,02291796
-0,01116841
-0,009610759
-0,02489013
0,02271785
-0,0291367
0,008623475
0,008128485
0,02812883
0,01954846
0,009551087
-0,009387331
0,005281141
-0,02609091
-0,01193899
0,008352099
-0,02396297
0,02188746
-0,02694336
-0,008390324
-0,01253252
0,009458489
0,0227354
0,002973119
0,007575308
0,01110705
-0,009831896
-0,02420264
-0,01863797
0,02396207
0,01686616
0,005544765
0,01129093
-0,008145068
0,02938871
0,007260558
-0,01418513
0,02911642
0,00118401
0,02656676
-0,002796861
0,002766063
0,0110763
-0,02185262
-0,009677144
0,009118943
0,03040612
0,0268541
0,0001691184
0,01987981
-0,001945082
-0,02615725
0,01884886
-0,001467888
0,01635217
-0,01661566
-0,003052357
0,01819648
-0,001891081
-0,01847028
0,01128372
0,00279257
-0,003238503
-0,02591143
-0,02737643
-0,02610372
0,009742364
-0,01671132
-0,02509787
0,01123794
-0,00753147
-0,02252333
-0,009246552
-0,02287482
0,02499808
0,01527763
0,02896489
0,0146139
-0,01732576
0,02906353
0,01135671
-0,006004863
0,006273377
-0,007898696
-0,004097874
0,01294039
0,01714986
-0,017311
0,006070225
0,01593816
-0,01973401
-0,00176661
0,001006238
-0,01039891
-0,01474623
0,0249765
-0,02400896
0,007033497
-0,02446785
-0,01357798
0,0299363
0,01704771
0,02181911
0,01944046
-0,002604146
-0,009418699
0,01379683
0,01189984
0,004230688
-0,02890125
-0,01492305
0,01296412
0,005525505
-0,0003474327
0,0008375891
-0,01266962
0,02714375
-0,02532565
0,008775652
-0,009722685
-0,01262853
-0,00291791
0,007831318
-0,01041205
0,0009814024
0,02484828
0,007066038
-0,02883791
0,02249419
0,03059182
