0,02754248
0,01060583
0,01658185
-0,0129375
0,002437397
0,001434125
-0,003593232
-0,0216993
-0,02569554
-0,02015317
0,02500743
0,01803572
-0,01144402
-0,007421627
0,008939527
0,02913307
-0,02404176
0,01783351
-0,005881428
-0,02023985
0,02394232
0,02143899
0,009901064
-0,002039267
0,01050189
0,02299887
0,02597789
0,01730308
0,002839414
0,02861901
-0,003546054
0,02823626
0,02392748
-9,512107E-05
-0,007089243
0,02217206
0,01887298
0,009421299
0,01987156
0,006287745
-0,01017354
0,00954932
-0,00989822
-0,01433135
0,006027195
-0,02292453
-0,02192025
-0,007782213
0,02467272
-0,02248631
-0,02085822
-0,01864094
0,001926945
-0,002192273
-0,01402417
-0,02388572
-0,02936311
-0,01136881
0,007184887
0,01005324
0,006078978
0,009702422
0,006081024
-0,0235798
0,0141077
0,02744613
0,02473612
0,01930164
0,03031584
0,0173877
-0,01973395
-0,002847946
0,02852358
0,01846002
0,02059342
-0,01553824
0,001379428
-0,005821534
0,0225173
0,003417338
0,01498983
0,003849307
0,02335563
-0,004566817
0,01950368
-0,01491192
-0,003711213
-0,00394067
-0,01605587
-0,01325618
0,02160597
0,000259434
-0,02775838
-0,02008169
-0,02968482
0,01075436
-0,0265142
-0,01622847
0,002198349
0,009209579
-0,01705318
-0,01061191
-0,007521659
-0,02272001
0,02796175
0,01249014
-0,0165456
0,01399862
0,007836071
-0,0284465
0,005543153
0,007074803
-0,003285677
-0,02606086
0,02581334
-0,02777852
0,016968
-0,01926655
-0,01248799
-0,0009572929
0,001101409
-0,001426634
0,005253065
0,01361403
0,02648869
0,01077774
-0,005125876
0,01846212
0,01807336
-0,02025297
-0,0189454
-0,01211745
0,0228432
-0,01661079
-0,009395685
-0,004387429
-0,01856095
0,01596945
-0,001847178
-0,02306226
-0,02823727
0,01287417
0,01890955
-0,01748878
0,01202226
-0,01548973
-0,02645149
0,02908258
-0,01514156
0,02870526
0,02434347
0,02332916
0,0268586
-0,02676807
-0,02195415
0,01467665
0,01461908
0,00949415
-0,01862856
-0,01293786
-0,01239012
-0,004669635
0,02643499
-0,001715376
0,02137257
-0,01207403
0,01485704
-0,01672268
0,01391213
0,0001380074
0,02153767
-0,02901447
0,01319111
-0,01929429
-0,002655337
0,01894717
0,01032876
-0,007443727
-0,02860014
0,01216212
0,007295327
-0,003491565
0,003859155
0,02009005
-0,01382121
-0,01138973
-0,008466597
0,01977116
-0,02474967
0,006117004
0,011636
0,002433319
0,004564774
-0,01905466
0,01986301
0,006891318
0,0169247
-0,009133535
-0,008055354
-0,005804899
0,0001172265
0,02084179
-0,01473107
0,01534136
-0,02312842
0,02279638
-0,02067973
0,01539202
0,006242807
-0,010366
-0,02554914
-0,00855708
0,007766966
-4,907106E-05
0,01070702
0,02181744
0,02240664
-0,02344955
-0,01802829
0,002953766
0,02715561
0,02596612
-0,02191661
-0,02255396
0,01912029
-0,01092082
-0,002929062
0,002105151
-0,008598724
0,02144793
-0,02830829
-0,01042192
-0,02948676
0,007934662
-0,01816383
0,01710171
-0,01857917
0,01896181
0,01252186
-0,007066139
-0,02188289
0,00577787
-0,01668836
0,01610315
0,001580955
-0,01049945
0,02484641
-0,02557278
0,0009162844
0,02863655
0,01527032
0,01045574
-0,02088512
0,01898433
-0,003184709
0,003880151
0,01234744
-0,02377595
0,02610914
0,01763653
-0,003901752
0,007849284
-0,006297721
0,0157554
-0,01284901
0,01544251
-0,009013368
-0,02940921
-0,01150996
0,02434961
0,01053441
-0,02710492
-0,006216849
0,01863023
-0,005162064
-0,008218621
0,01389339
-0,007097037
0,006872578
0,0004888726
-0,004312605
-0,006717754
-0,02795069
-0,006492188
-0,02414793
-0,006984869
-0,01921016
-0,01823667
-0,02011109
0,007557877
-0,02574692
-0,02604884
0,02323003
0,02504492
0,02801087
0,0003360772
-0,01916108
-0,002112534
-0,001630013
0,01642063
0,02902884
0,02489446
0,01663866
0,006655614
-0,01289056
0,01165
-0,01475431
-0,01023401
-0,006042493
-0,02469571
0,02123218
-0,01090296
0,0002441603
-0,003600982
-0,00651995
-0,02744122
0,006131771
-0,02906177
0,01010839
0,02634802
0,005478432
-0,02082337
0,02023659
0,01142035
0,02084035
0,007189052
-0,01806626
0,0008079392
0,02232777
0,02584254
-0,01784663
-0,01354998
0,02523508
0,02092678
0,001122731
0,001025723
0,00696055
-0,005464086
-0,02508389
-0,005345119
-0,02400949
0,02103392
0,01828767
-0,02570346
0,01649446
0,01509844
0,003384425
-0,003672642
0,001583725
0,02462507
0,02389284
-0,02056096
0,01822837
0,002548277
-0,01928048
0,01955329
-0,02707014
-0,0252404
0,01621668
0,01079848
0,0007361749
0,01604076
-0,001633105
-0,0004604499
0,02630513
0,006600272
-0,005098107
0,01034628
0,02583096
0,0232141
-0,002439115
-0,01759024
0,02717019
-0,01340729
0,02011682
0,01511694
-0,008336049
0,01634537
0,02595034
-0,02456877
-0,02619444
0,01647928
0,02876115
0,02726989
-0,02889479
-0,02906444
-0,00355741
-0,00799076
0,009575258
0,01195876
-0,003326384
0,000747635
0,008079275
-0,00553989
0,02391332
-0,01005732
-0,00808103
-0,01201542
-0,0213803
-0,02072791
-0,01094428
0,02310119
0,0008231642
0,008542836
-0,002973858
0,0101553
-0,01862697
0,001435565
0,01143464
-0,005093914
-0,002609145
-0,01165562
-0,01962676
0,01242547
0,008831052
0,01664745
0,01774443
0,001004276
-0,001817217
0,02402683
-0,02138248
-0,02712192
-0,02954892
-0,01612025
-0,003564756
0,02744493
0,005937395
0,003541949
-0,005830041
0,000325926
-0,005787977
-0,02525154
0,00808993
0,01497164
0,01628988
-0,0196086
-0,01613869
-0,01005623
8,56945E-05
-0,009936727
0,01893804
0,0248923
0,008910915
-0,01696528
-0,01533573
-0,02164255
-0,009812641
0,02562157
0,01560913
-0,02353018
0,001543374
0,02054333
0,01999011
-0,01639795
0,02891639
-0,015959
0,01985464
-0,0139488
-0,01886608
-0,0009812064
-0,02530632
0,009873189
-0,02032609
-0,01784215
-0,02634136
-0,006777099
0,009194842
-0,005814291
0,02594108
-0,00295748
0,001551239
-0,002811971
-0,02892107
-0,02202987
-0,02331411
-0,01351401
-0,004539668
0,01938918
0,03079926
-0,01222527
0,00751645
0,01176574
0,01786048
-0,01340192
0,02883233
0,003598759
-0,01483108
-0,005979899
0,01696502
0,001500279
-0,0108333
0,02690015
-0,0231744
0,02990813
-0,01595226
-0,02188128
0,01506817
-0,003396037
-0,02085536
0,02089313
-0,002548739
0,02508405
0,02938463
-0,01269592
0,002769792
-0,02858533
0,0170869
0,0108812
-0,02223237
0,01448581
0,02036088
-0,02846731
-0,01185465
0,02440211
0,02389389
-0,004417242
0,02114398
0,02033449
-0,01915758
-0,001863699
-0,02258642
-0,01433804
0,008348079
-0,004773194
-0,01999026
0,006169465
-0,009014982
-0,02962497
0,0246942
0,0289582
0,001051882
0,02975985
0,01007008
-0,02059992
0,02103773
0,01236621
0,01192153
0,001143207
0,01275288
0,02694332
0,01493475
0,003776903
-0,01417171
-0,02840757
0,01077462
-0,01409017
0,009779787
-0,01687513
-0,02425253
0,01779933
-0,01515866
0,02102
-0,01783572
0,008182397
0,01088578
-0,02097085
-0,01612155
0,003159266
-0,02180577
0,02641888
0,0103173
0,01640176
0,01609696
-0,02163734
-0,0185637
0,02095316
-0,007915857
-0,02485725
-0,03149256
-0,02204636
0,01293898
-0,009397907
-0,0219171
-0,01394403
0,01556221
0,005271257
-0,02809468
0,004386016
0,01404085
0,02341473
0,0269397
-0,02456764
0,02515575
-0,02284866
0,01461661
0,010628
0,016059
-0,03061487
-0,002857915
0,01089289
-0,003096948
-0,02350854
-0,009684803
0,01568081
-0,01461887
0,02822641
0,01704236
-0,02357567
0,01910477
0,01902834
0,02229682
0,001226057
-0,02013526
0,0233993
-0,02962478
0,02170904
0,00901126
0,02376049
0,0223151
-0,02650061
-0,0240051
0,007990267
0,01891019
-0,01402904
-0,02985366
0,001388718
0,01891188
0,006342421
-0,009482646
9,645296E-05
-0,0280895
-0,008836998
0,007960804
-0,01016768
0,01274041
0,005160421
-0,03000103
-0,005520711
-0,03101333
0,01892505
0,01689014
0,02359788
0,01847495
0,02735391
-0,02914308
-0,003674001
0,02933535
-0,02805039
-0,02725654
0,0215834
-0,02897307
0,02155064
-0,02059714
-0,007671835
0,003919811
0,01797563
-0,01231791
-0,02484805
0,01522368
0,01229871
-0,02311651
-0,02279691
0,01169504
-0,01436572
0,01304121
-0,001592797
0,02006884
0,01867632
-0,02325073
-0,008248891
0,02022619
-0,01653504
0,02135679
-0,02716878
-0,01556272
-0,02117266
0,01803237
0,01980985
-0,01985144
0,001945943
0,002678454
0,0166724
0,001697626
0,001729008
-0,00133427
-0,01897212
-0,01993467
-0,01604528
0,01568615
0,02790768
-0,01006935
0,02582848
0,009997994
-0,01132975
0,01016451
0,01114329
-0,01761467
0,002114594
-0,01719032
0,001440482
0,003636289
-0,02052451
0,02417162
0,01088117
-0,02891551
0,017254
0,0295262
-0,02483344
-0,02320933
-0,008595258
0,02736115
-0,006029328
0,02030078
-0,02031182
-0,02288075
-0,01207683
0,00166271
-0,02300215
0,01222175
-0,003081065
-0,01531921
0,003292445
0,03026103
-0,02002339
-0,02808281
0,0206429
-0,0003456775
-0,002919472
-0,01240931
0,003292009
0,02597704
-0,013459
0,009309063
0,009972075
0,02769424
-0,005504619
0,02400385
0,01895167
-0,002148599
0,01415966
-0,01542365
-0,0211135
-0,02175865
-0,004440098
-0,03108453
0,02338107
-0,02808512
-0,0009363462
-0,01888581
-0,008225681
-0,02231282
-0,02418401
0,02026449
0,01438755
-0,01255185
-0,02957228
-0,01963367
0,0155675
0,008998585
-0,02184298
-0,01536573
-0,002623735
0,01358699
0,002584861
-0,00673735
0,008976698
0,01227849
-0,02411528
-0,02100746
0,01392745
-0,006142342
0,009220639
0,005907488
0,02834094
-0,01880945
-0,02834897
-0,008954781
-0,0005066367
-0,02540435
-0,0274218
0,01409861
-0,03175543
-0,01624133
0,02325737
-0,008040542
0,01919737
-0,005081228
0,02587101
-0,009090329
0,02668363
-0,01894973
-0,02268528
-0,01854032
-0,009958233
-0,002641457
0,01488945
-0,007387282
0,006899275
-0,03005966
-0,01082471
-0,01710429
0,02823587
-0,009200396
-0,0007505272
0,02796632
-0,002613595
-0,0008497083
0,02419834
0,003111311
-0,01683906
0,008558842
0,00790251
0,006988132
0,00338463
-0,008550678
-0,01627569
-0,02225841
0,01446181
-0,02514111
0,001195637
-0,01927293
0,01483705
0,01070927
-0,01913089
-0,001222292
-0,01545042
-0,005318386
-0,01858058
-0,007893506
-0,006981593
0,005971702
0,01042871
-0,005069332
0,009921132
0,01983996
0,0122555
0,004087219
0,01479089
-0,03299396
0,0228655
-0,01146902
0,0006831933
-0,01086991
-0,02244059
-0,01388664
0,0006053154
-0,002207475
0,008569287
-0,03181664
-0,01455887
0,009135317
0,009869996
0,0001304386
0,0005176247
-0,02006033
-0,004013973
-0,01458539
-0,02046228
0,03056059
0,01322468
-0,02864815
-0,01465838
-0,001771051
-0,02104525
0,004421346
0,02322383
-0,02324178
0,02051651
0,009939205
0,003301398
0,004157147
-0,01194416
0,01356304
-0,02040313
-0,01974368
0,007447723
-0,007025472
0,0001100787
0,02084075
0,02244983
0,0106739
0,01106819
-0,02297814
-0,02846406
0,00940649
0,02149718
-0,02405369
0,02486494
0,001531769
-0,01182032
-0,003669036
-0,005589944
0,01404034
-0,01662806
0,02332706
-0,02531889
-0,02921109
-0,0197533
0,003858172
-0,00372848
-0,002435953
0,01029629
-0,03092291
-0,001760044
0,01432029
-0,009288033
0,02700354
-0,00811071
-0,008546227
0,002086827
-0,02757887
0,01505539
-0,01138694
-0,02394382
0,03000574
-0,01433292
-0,02806001
-0,009536901
-0,004783183
0,006652879
0,009565894
-0,02109457
-0,01592963
-0,0145596
-0,03002228
-0,02839293
-0,001199804
-0,004934748
-0,01763647
-0,02816434
0,002862217
-0,0209736
0,02112826
-0,01296919
-0,01032698
-0,0314933
0,008396812
0,003839779
-0,01610646
-0,01663595
-0,03325291
0,01726979
0,003151428
-0,02919742
-0,01239087
0,01180707
-0,02402891
0,008414397
-0,01443589
0,007141085
-0,02807051
0,01256033
0,01679155
-0,0308139
0,01778708
-0,01090905
-0,003400792
0,01513783
-0,001737925
0,01260572
0,02241553
-0,0003760855
-0,0214418
-0,01177389
0,02878712
0,02067868
0,01917015
0,02561542
0,01091899
0,02821992
7,455295E-05
-0,01259564
0,02700482
-0,02766475
0,005576116
0,01595609
-0,001079765
-0,02152067
0,02144619
-0,02052887
0,01900522
0,01596794
-0,02393089
-0,002294437
0,02274117
0,01002885
-0,01585896
0,01556521
-0,00231507
-0,03179814
-0,0006743342
-0,03443783
-0,01738088
0,005985189
-0,005418867
-0,004623514
0,008687689
-0,01588791
-0,03066069
-0,003361859
0,02445684
-0,01541163
-0,03045679
-0,01055083
-0,0212849
0,01576832
0,01783368
0,01461418
-0,005368162
-0,02914375
0,01867252
-0,01488308
0,02166448
-0,01607147
0,02120171
-0,02514655
-0,01041882
0,005449512
-0,01111744
-0,02185755
-0,002857749
0,02446971
-0,01578513
0,004020256
-0,01052688
-0,001680708
-0,02896954
-0,01509267
0,0003460168
-0,03075384
-0,02729676
-0,02343386
-0,02833324
-0,01063064
-0,01980765
-0,002926304
0,01005639
0,01132728
-0,01513235
-0,02473782
0,02721852
0,0035124
-0,003960982
0,0009806664
-0,01573665
-0,0127214
-0,02329842
-0,03181947
0,01718513
-0,009423812
-0,02046381
-0,02371839
-0,0320031
0,02372575
-0,02852999
-0,02889152
0,02858464
-0,002504894
0,03056942
0,01020786
0,01356638
0,002045053
-0,01979451
-0,01065968
0,02727693
0,006379671
-0,021062
-0,001825125
0,02727094
-0,01237768
-0,008816401
0,0004147588
-0,02022485
-0,0250193
-0,02136569
0,01909544
-0,007739305
0,008875052
-0,02109391
-0,03543245
-0,01409367
-0,0351264
-0,01160803
-0,02997136
0,01739573
0,02099147
-0,02674648
-0,03039673
-0,02164998
-0,02441794
-0,001325813
-0,02077936
0,01253188
0,008952929
-0,002527038
-0,00538419
-0,003812281
-0,02326082
0,005202358
0,01102907
-0,01851934
0,009279802
-0,0262906
0,001889523
-0,02804463
0,009675357
0,0259199
0,02401528
0,01309664
-0,01914343
0,006329734
-0,0145106
-0,01990922
0,02943599
-0,01064497
0,01301081
-0,02669583
-0,03268874
-0,005372492
-0,02991988
-0,005397283
0,02673643
-0,02446636
0,01133801
0,01059049
-0,02602008
0,01085785
-0,005354315
0,001564314
0,008514969
-0,01036213
-0,02025245
-0,03468054
-0,005221672
0,009945931
0,000732025
0,01915555
0,01554869
-0,03619418
-0,02457843
0,02671964
-0,01775935
-0,008792827
-0,02646317
0,005574294
-0,01517633
-0,02629608
0,01645577
-0,007226889
0,01664255
-0,008477767
-0,004473069
0,0140024
0,005057689
-0,01540838
-0,01648641
0,002827937
-0,009150198
0,01894367
0,02842077
0,02802225
-0,003489357
-0,01321709
0,02916088
0,01855498
-0,009271021
-0,0222502
0,001493689
-0,02143325
0,008794821
0,01476781
-0,02126237
0,02310376
-0,01987065
-0,03105423
-0,02600598
-0,003835214
0,02373976
-0,0313677
-0,01441528
0,02247337
0,01536487
-0,03531189
0,008962441
-0,01522906
0,01762819
-0,01156116
-0,01327658
-0,0206464
-0,002221092
-0,02840835
-0,003386927
-0,03302045
-0,02859124
-0,01998647
0,0001615679
-0,03444343
-0,002345193
-0,0112325
-0,01422443
-0,02256075
-0,0004526236
0,007313063
0,01215789
-0,03076471
-0,01838313
0,003373978
0,001058466
0,003908009
-0,02096525
0,01679269
0,004585597
-0,01374234
-0,00512938
0,03091281
-0,02652202
-0,01097085
-0,003960044
0,006936609
0,02239828
0,01979301
0,005557717
-0,01780298
0,003385798
-0,0003637677
-0,02253498
-0,02784674
0,01065645
0,02205226
-0,008627645
-0,03350674
0,02100201
-0,002518078
0,009012286
-0,02392739
-0,01335115
-0,02843133
-0,01914784
0,01239821
-0,02931687
-0,01559005
0,0230379
0,02013887
-0,02120219
0,0122404
-0,001150994
-0,01476715
0,008921697
-0,02552389
-0,01824971
-0,01830075
0,002236902
0,02190547
-0,003262148
-0,004730379
-0,001746132
-0,01266057
-0,03019682
-0,02067767
0,01934534
-0,02246408
0,0177453
0,003617058
-0,0239818
-0,02580225
0,01869872
0,02630126
-0,001306679
-0,02088407
0,0008362338
0,01639129
0,02610161
0,004296384
-0,005386894
-0,001921988
0,01842991
0,01039524
-0,03113636
0,01517062
-0,03627949
0,01648989
-0,01084287
0,002563767
0,01147536
-0,02089822
-0,009479321
-0,03897635
-0,03199911
-0,01836769
0,00624555
-0,02992757
-0,02255427
-0,02375512
0,02695964
-0,03419125
0,002368399
-0,005941418
0,01701231
-0,02567696
0,02864104
0,004305062
0,01958662
-0,0001184216
0,003455594
-0,01038208
-0,01694239
0,02536204
-0,006243282
0,02471426
0,005246021
0,0152854
-0,01626665
-0,01990764
-0,02022544
0,02790769
0,01415023
-0,02203649
0,01745123
0,02030511
0,0004771856
0,009272523
0,0131435
-0,02423052
-0,007717105
-0,008304256
-0,001080976
0,009934112
0,000106746
-0,009589698
0,02398591
-0,010565
0,01860246
0,0216012
0,01241823
-0,01539636
-0,04059151
0,01228112
-0,03690686
-0,01450741
-0,03671636
-0,004462807
0,003239854
-0,02068587
0,01308593
0,02835294
0,02150915
-0,02660711
-0,03026471
-0,0284616
-0,01296575
-0,007290006
0,006714673
0,02914547
0,00295798
-0,01640196
0,01684949
0,01064381
-0,02595187
-0,02199145
0,01868323
-0,0007817213
-0,0126889
0,02822566
0,02753873
-0,02172469
0,01802031
-0,01597746
-0,01166738
0,01337847
0,02307545
0,01739839
-0,02802702
-0,008432463
0,01683839
0,02138854
-0,03112254
-0,002870063
-0,01149651
-0,009554284
-0,006493094
-0,007529451
0,003295137
-0,0008525456
-0,03319689
-0,008110929
0,00566291
0,01377856
-0,01955059
-0,000260242
-0,0002628698
-0,01897225
0,01340914
0,02148345
0,003940619
0,001269547
-0,01518916
0,009537354
-0,01514889
0,004622281
-0,02032469
0,006590916
0,01456867
-0,01296034
-0,02286646
-0,00227989
-0,01314532
-0,01714359
-0,02071695
0,008964429
-0,0178003
-0,01428487
-0,01284493
0,008691873
0,007216768
-0,0113941
0,01516339
0,009507601
0,01697997
-0,01046678
-0,01157479
0,02262844
0,02144684
0,010525
-0,02542908
0,0002143839
-0,03549699
-0,02497513
0,01453812
-0,01598611
-0,0005010787
-0,01792348
-0,02661368
0,008053208
-0,02203147
0,01508669
0,005231192
-0,01827659
-0,01386999
0,004923483
-0,02051375
-0,005991678
0,0134277
0,01270617
-0,01143564
-0,01249433
-0,03083883
-0,02467898
-0,01342304
-0,01415803
0,01497194
0,006131527
0,02510782
0,02463777
-0,01721164
-0,01467475
0,0132601
-0,02967599
-0,01869598
0,004818909
-0,003483947
-0,02441474
-0,005870247
0,02164888
-0,02828448
0,02207593
-0,02964696
-0,002672772
-0,008051935
0,01249939
0,001579126
-0,01126147
-0,02110063
-0,02605004
-0,03022977
0,01187296
-0,02720131
-0,02490558
-0,01611379
0,01056484
-0,006775863
0,01361845
0,01156814
-0,003442908
-0,003881342
0,02138754
-0,01332163
-0,020614
-0,006182131
0,01939121
-0,03323398
0,003615187
-0,0246508
0,01956332
-0,0191392
-0,0237123
-0,02543892
0,02257285
0,009381188
-0,001089136
-0,01064276
0,004041102
0,01606192
0,003247991
0,01080092
-0,006784115
-0,006094484
0,01594074
0,02104753
-0,001420713
-0,02174349
0,00340982
0,01130878
-0,004148718
-0,02389454
0,004102357
-0,0197379
0,01888732
-0,01493855
-0,02925095
-0,006284809
0,01270407
0,02108653
-0,01151851
-0,0006286926
0,01702501
-0,02735832
-0,01527879
0,02043781
0,01926659
-0,001805372
-0,02284802
-0,01008148
0,01261721
-0,01470857
0,01431458
-0,04053335
-0,02331117
0,008724823
-0,03585672
-0,008670295
0,001696523
-0,007646441
-0,0299979
0,01745511
0,002226157
-0,03283608
0,01517573
0,01497149
0,006816112
0,0301586
-0,01175769
0,005273616
0,007878312
-0,02683008
0,005883563
0,01083469
-0,006496747
-0,02706416
0,02253587
-0,01390903
-0,02597522
0,02440283
0,02761727
0,02378995
0,02549801
-0,0271549
0,02237125
-0,02904109
-0,0177445
0,0001238881
0,02100084
0,02881309
-0,0216488
-0,006459409
0,01380584
-0,01795317
0,01344786
-0,001277768
0,02178632
0,01322687
-0,01466759
-0,006936088
-0,02501611
0,01477011
-0,02579807
-0,005465212
0,008535559
0,0005653927
0,004755959
-0,0303137
0,002920804
-0,0174561
0,02417607
0,01781399
-0,003687264
0,01221141
-0,001579574
-0,02131264
0,02421654
0,002404714
-0,02282371
0,01627498
0,002455769
-0,02390327
-0,02445894
-0,009314158
-0,004331574
-0,01827009
-0,01173529
-0,009161175
0,0211402
0,0220623
-0,02196794
-0,02650083
0,02549955
0,0003877594
0,008518846
-0,02889198
0,008541954
-0,01022411
-0,01873122
-0,02545157
-0,02113692
-0,03272974
0,01745413
0,004037588
-0,03604239
-0,01609899
0,0229647
-0,03528151
0,009564186
-0,0004580599
-0,003364784
-0,02013187
-0,002537354
-0,008529486
0,01808628
-0,03609445
0,006774061
0,01450518
-0,02744551
0,001552183
-0,00938238
-0,007788318
-0,01422211
0,0163546
-0,02455898
0,02380494
0,02632515
-0,03073421
-0,02439326
-0,004694427
0,001658084
0,004821746
-0,0116086
-0,0276016
0,004834234
0,0009835634
-0,01410118
-0,001325825
-0,008787647
-0,02351299
-0,01495136
-0,01343312
0,004596455
-0,01947784
-0,01691866
0,01557662
-0,004423162
-0,009011653
0,002184146
-0,000178378
-0,01750471
0,01129066
-0,02082067
0,006904479
0,006843155
0,008261965
0,002566475
-0,03621531
-0,008284243
-0,03585611
-0,01977306
0,01640302
0,01503106
-0,02651914
-0,03707897
-0,04302884
-0,03788356
-0,005744224
0,02157488
-0,006441949
0,01571078
-0,01543332
-0,001902287
-0,03140808
-0,009854786
-0,02221924
0,02236309
-0,02222543
0,002280783
-0,0113668
-0,002244803
0,005316386
-0,0004691191
0,002715569
-0,01890449
0,01731382
-0,004663573
0,01366443
-0,00829394
0,02030621
0,01860903
-0,01969526
0,02758659
-0,01621968
0,01464792
-0,01033106
-0,007102132
-0,01550632
-0,02356855
-0,01845345
0,01107114
0,01603525
-0,01124272
-0,02836877
0,0103868
0,02178107
-0,02477872
-0,03212874
-0,02597776
-0,006755024
0,01411795
-0,009279098
-0,01319673
-0,03238764
-0,005655469
0,004435115
-0,01565734
-0,02081509
-0,03214334
-0,01469152
0,001923466
-0,01517367
-0,02255184
-0,02580741
0,007821359
0,007150161
-0,009723083
-0,01505939
-0,01370677
-0,02931499
0,01505993
0,007287046
-0,02631694
-0,01001402
0,006613623
0,007667948
-0,0154724
-0,001943596
0,02061424
-0,01497473
0,004189046
-0,01263109
0,0004659519
0,02049688
0,02839519
-0,01304774
0,01248226
0,01725893
0,01042739
0,02747094
0,02184212
-0,02967585
-0,0239335
0,01357027
0,001729157
-0,01150123
-0,001614768
-0,02583663
-0,01780579
-0,03688056
-0,006684707
0,01471875
0,007562168
-0,02773441
0,007119667
-0,02793232
-0,01055538
-0,02882976
-0,001032935
0,02558098
-0,001511325
0,02517525
-0,002169804
0,02171028
0,01435736
-0,0132354
0,01641342
-0,006659105
-0,02110934
-0,00753029
0,02556228
0,003634878
0,008146685
-0,01164507
-0,02305723
0,01453587
-0,0003486635
-0,01105242
0,01421694
-0,01905854
0,02901755
-0,02899893
-0,02425323
0,0154696
0,007869634
0,0051716
-0,002233822
-0,01438595
-0,02898247
0,0120679
0,01528655
-0,001460063
-0,01907673
0,006017168
-0,005975942
0,02445597
-0,00616702
-0,02288097
0,018135
-0,0230524
-0,003454051
-0,02752368
-0,03899983
0,02105873
-0,03494048
-0,03686877
-0,01845955
-0,005497321
-0,03005516
-0,03177232
0,01138623
-0,02522619
-0,009428198
-0,01069432
-0,0301662
-0,001172909
0,0204825
0,01318619
-0,01869111
-0,02208589
0,01811589
0,0004852345
-0,009611322
-0,004744085
0,003455389
-0,005994165
-0,009715179
0,03013263
0,02085868
-0,02017927
-0,01718019
-0,01632187
-0,01071144
-0,003544611
0,00528734
0,01376974
0,02755628
-0,02495302
0,004856716
0,005060213
-0,01165539
0,02765057
-0,01970261
-0,03174477
0,02618982
0,003799913
-0,02978655
0,01716614
0,003599404
0,02259232
-0,03163731
0,007030102
-0,03805444
0,01175631
-0,01282953
-0,03254437
0,01602855
0,000657498
-0,00983585
0,01076336
0,00707855
-0,0177852
0,007524676
0,02320762
0,01868739
-0,0004153489
0,01882446
-0,03173193
0,01738772
-0,01738619
-0,0006876589
0,01445033
-0,02265372
0,004335636
0,01930107
0,02055123
-0,01245972
-0,01037148
-0,004413471
0,02382961
-0,01196205
0,0004320928
-0,008325131
0,02352349
-0,02612408
-0,002797783
-0,01901446
-0,002530314
0,0259267
-0,002208981
0,02535799
-0,008798044
0,008834783
0,01928202
0,02249794
-0,03448401
-0,01917863
-0,01914914
-0,02230579
-0,01084571
0,01549001
-0,03359408
-0,03743789
-0,0172118
-0,01218908
-0,01894316
-0,001877097
-0,01051449
-0,03788575
0,002824407
0,01237328
-0,001953585
-0,02104176
0,00137539
-0,004490097
-0,02012478
0,02678839
0,01727854
0,01986346
-0,01044787
-0,01156834
-0,01030395
-0,02736278
-0,01115834
-0,009213532
-0,02207259
-0,02354038
-0,01437845
0,007506474
0,01900232
0,002252556
0,03052504
-0,02172517
0,02564698
-0,02674685
-0,01709973
-0,001397192
0,028349
-0,006968612
0,01373052
0,02157419
0,01308147
-0,002730481
-0,01564811
0,007525773
-0,01582629
-0,02870384
-0,03115724
-0,01076651
0,006558305
-0,03595035
-0,009019383
-0,009571837
0,01038256
-0,03338167
-0,01231241
-0,03668538
0,004613509
-0,03729234
-0,01690871
-0,02367174
-0,01230955
0,01908512
-0,02005851
-0,02655591
0,01826168
-0,003938161
-0,0147161
-0,0004696662
-0,01690385
0,0128949
0,02857669
-0,00508192
-0,02551347
0,0005937988
0,007164531
0,02428216
0,01563057
0,008378432
-0,0289947
0,02937985
-0,02978793
0,01853792
0,02050892
0,01451268
-0,02727413
0,0001403579
-0,01577623
0,01603095
0,002039542
-0,02359472
0,01118785
0,02071268
-0,03242659
-0,001399762
-0,00650337
0,01691824
-0,01906079
-0,024584
0,01484246
0,01477781
0,0143157
-0,004879821
-0,02951841
-0,03725179
-0,03700502
-0,03772782
-0,0162763
-0,01879768
-0,004187765
0,0003222261
-0,01844231
-0,02867194
-0,02991015
-0,01017053
-0,02012388
0,00179615
-0,03129617
-0,001798551
-0,02572736
-0,01313596
-0,02231624
-0,0007692267
0,02767383
-0,02611613
0,02838255
-0,02557599
-0,007020702
0,00212963
-0,02858003
0,01770385
0,009863254
0,002780501
0,0146194
-0,02510218
-0,02735864
-0,006853638
0,005428298
0,01912738
0,008741215
0,02729098
-0,02526872
0,02177284
-0,02199858
0,0234202
0,01881596
0,005906363
0,01615099
0,004776194
-0,01709668
0,01890117
0,008895533
0,003424425
-0,03711153
-0,008782368
0,001333451
-0,01917802
-0,0029267
-0,02966045
-0,03188547
0,02571436
0,007481625
0,01781868
-0,01330872
0,01517178
0,02497933
0,01218347
-0,01068736
0,02527867
-0,01239344
0,01636349
0,02452903
-0,02007509
0,01861648
-0,02286089
-0,0196222
-0,01727885
-0,0144151
0,0300872
-0,01831106
-0,0124241
-0,01857179
0,01283419
-0,02019571
-0,02707001
0,02312973
0,0239772
-0,004679353
-0,01831908
-0,007295003
0,0112966
0,01481237
-0,006085328
0,01008909
0,003726203
-0,02014854
-0,01973993
0,005187912
-0,006288942
-0,0340315
-0,02637537
-0,01683705
0,01664259
-0,02297587
-0,01168248
-0,045024
-0,0002726905
0,01849502
0,02613547
-0,01318925
-0,000639747
-0,0261175
0,004342459
0,02715421
0,01570267
0,01658451
0,02733606
0,009648032
-0,01588652
0,02145245
0,02940352
-0,01489145
-0,02424197
0,005168479
0,008041159
0,03013076
-0,004934952
-0,004644804
-0,02059771
0,02220191
0,02456313
0,005473693
0,01670281
0,02709843
-0,02990584
0,02636118
-0,01530557
-0,01104966
0,008558521
-0,02690996
-0,0151315
0,02510408
-0,00627454
0,01347546
0,01228895
-0,006182683
-0,03064939
-0,003524977
0,02403728
0,01580871
-0,02204721
-0,00313725
-0,01683105
-0,005073979
-0,03973397
0,01247682
-0,02371731
-0,01603225
0,01080437
-0,002067566
-0,0005229842
-0,02062898
0,01263889
-0,02351398
-0,002131524
0,02437247
-0,01059261
0,01279032
0,02566776
0,02059136
0,002920292
0,008928658
-0,02700459
-0,01706284
0,00639907
-0,02982693
0,01813248
-0,01165261
0,01829406
-0,02228731
0,02222115
0,02204872
-0,004750072
-0,01497778
0,003869221
-0,01214338
-0,01765034
-0,0189292
0,02247321
-0,0247669
0,01113148
0,02174125
0,0001271534
-0,0351546
-0,01163953
0,02500345
-0,02404926
-0,01755383
-0,01704636
0,01494183
-0,02847102
-0,01736876
-0,004083709
-0,03555516
-0,02328802
-0,005132283
-0,006946355
-0,0285269
-0,0369986
-0,03550649
-0,02879169
0,02258016
-0,000620942
0,005847056
0,01174961
0,01436408
0,01783978
-0,001176021
0,00085731
-0,02131769
0,01532971
-0,020414
0,0186149
0,01929571
-0,02008215
0,007898436
-0,02684069
-0,02892438
0,0195158
0,007345171
0,01877628
-0,002448864
0,02890824
0,02764839
0,02571439
-0,007982314
-0,01755355
-0,01537018
0,02701532
0,02835924
0,01879736
-0,03001167
-0,02073363
0,01585125
-0,03761621
0,008459928
-0,01299273
0,02565512
-0,01399139
0,00074739
-0,0313626
-0,000405599
0,006771246
-0,03385409
-0,03871615
-0,04196469
0,002584988
0,01379232
0,02279546
0,00412506
-0,0005147636
-0,0007395413
-0,0111053
-0,007252885
-0,01877888
0,009075554
0,02756389
0,005643953
0,0111868
-0,0122511
0,000454531
0,001153554
0,001870046
0,004519905
-0,006413119
0,01324276
0,02806949
0,02779958
0,01932892
-0,002797337
-0,01391305
-0,02719637
0,01114651
-0,02079804
-0,006225121
-0,02811713
0,007628393
0,0192281
0,02180391
0,02559602
0,0166774
-0,00816069
-0,01638723
-0,01748926
-0,01052997
-0,01901947
0,007063624
0,0114476
2,969892E-05
-0,01749593
0,003599031
0,004816076
-0,0235925
-0,03819871
-0,03575799
-0,0002347324
-0,02542658
-0,0222818
0,009086559
-0,01371413
-0,03441823
0,01119488
-0,03261003
0,0004672579
-0,005469565
-0,0005651597
0,02194234
-0,0202144
0,0272989
-0,02091904
-0,03022519
-0,02202603
0,01277594
0,01251604
0,001597959
-0,02324064
-0,01810209
-0,0145073
-0,01904018
-0,02212491
-0,02866223
-0,02131484
-0,01080527
-0,003089282
0,009818737
-0,0009323379
0,01568552
0,007711464
-0,02667318
0,01459822
0,02220533
-0,008093751
-0,0287793
-0,004106745
0,01909693
-0,02871949
-0,009962503
0,01173816
0,01005715
0,01496152
-0,01292195
-0,008423012
0,01114934
-0,01158117
-0,01925035
-0,003733022
-0,03628692
-0,0004214729
-0,007363325
0,02261967
-0,008306348
0,02450562
-0,02991679
0,007435475
-0,008146841
0,02308766
-0,01009054
0,0009425526
0,01924154
0,02426488
0,01248604
-0,01977941
-0,02483078
-0,02035212
-0,01375893
0,007540416
-0,02597624
-0,01832093
0,02003618
-0,003386259
0,01229344
-0,005912308
-0,005908633
-0,01408892
0,01019989
-0,0007017534
-0,01242937
0,02200069
-0,02353184
-0,02976934
-0,006445179
-0,02367139
-0,02369731
-0,02909657
-0,01354436
0,02386406
-0,01611057
-0,009859227
-0,02804021
0,02205861
0,006860327
0,01535635
0,01893638
0,01988343
-0,02876037
-0,0243378
-0,01261994
0,002788928
-0,02715937
0,004052495
-0,00417965
0,01850814
0,01528086
-0,02549519
-0,01504483
-0,02805929
0,00219818
0,01737276
0,02480681
0,01951598
0,004317003
-0,00398511
-0,007864862
0,01639752
-0,002390862
0,005169424
-0,02841198
0,02987401
0,02137183
-0,009661856
-0,01268218
0,00807993
-0,02913527
0,02022059
0,01050852
0,0179205
-0,003436867
-0,0009664993
-0,0250374
-0,007023993
-0,03022391
0,005197025
0,009683175
-0,007623632
-0,001386761
0,002225947
-0,01379529
-0,033168
0,01221823
-0,02138851
-0,01145284
-0,00446663
-0,007888769
-0,01880592
-0,01702148
-0,02729611
-0,01035729
-0,031013
-0,008827165
-0,0005158909
-0,0200596
-0,003050542
0,01916055
0,02293509
-0,007062288
0,02487999
0,02061237
0,02512405
-0,01000884
-0,003800755
0,004418164
-0,02794083
0,008562374
0,001558688
0,01744689
0,02734945
0,0145484
0,02518872
-0,0157084
0,02235893
-0,01695929
0,02720008
-0,01900796
0,004291893
0,02382849
0,01067633
-0,02329355
0,01081776
-0,007008757
-0,008010823
-0,01579439
-0,01664794
-0,03408405
0,0003966707
-0,01950208
0,004012855
0,01293846
0,01499062
-0,03546754
-0,001376581
0,007962782
-0,01158558
0,005376131
-0,01817361
0,001046908
-0,01838195
0,01413504
0,02135172
-0,003256944
-0,005794839
0,0007688027
0,0006346777
0,02492359
0,004234945
-0,01106749
-0,01523583
-0,01387203
-0,01650799
0,02337284
0,008989662
0,01666159
-0,0214121
0,0006417188
0,02803171
-0,02001942
-0,01045693
-0,02844686
-0,02375165
-0,009570628
-0,01916545
-0,0203584
0,02153103
0,02207801
0,006366531
-0,02705801
0,01434098
-0,01624674
0,01990475
0,0222641
0,0005074916
0,01529213
-0,02451514
-0,02682737
0,02395272
0,01779748
0,007579803
-0,01739905
-0,01108203
-0,0243018
0,01442981
-0,01818697
-0,00426788
0,02116058
-0,01710585
0,01047878
-0,003652961
0,01581427
0,006992981
-0,02647326
-0,01339886
-0,01229901
0,01305475
0,006098913
-0,007678757
-0,01495868
0,0109856
0,0154369
-0,01139308
-0,00113107
0,002959378
-0,02791991
-0,004123518
-0,009207916
-0,008046963
0,02145234
0,009353742
-0,02775664
0,00410832
-0,02260203
-0,001641739
-0,02847553
0,007840818
0,02478526
-0,004603747
0,02055125
0,006204742
0,02324281
-0,003697346
0,0137224
-0,002134399
0,01840489
-0,004063993
0,006001993
-0,002297611
-0,02266648
-0,03561563
-0,005119278
0,01156249
0,002861943
-0,03069934
0,01802562
0,02155919
0,01368647
-0,0006157983
0,01100228
0,01390245
-0,02768138
-0,001819304
-0,004264873
-0,02438126
0,001939046
-0,01345874
0,004823773
0,01359316
-0,01469747
0,01227081
0,0235719
-0,01912502
-0,0001064776
0,01163512
0,01879113
-0,01220617
0,0004773432
-0,0305269
0,01211295
0,004402461
0,01930749
0,02061414
-0,01917319
0,02099314
-0,02040306
-0,01237409
0,0245085
0,02718565
0,000674817
-0,03025315
0,01130238
-0,01490211
0,003628963
0,02696478
-0,009975879
-0,01578021
0,02120698
0,004410589
0,02260737
-0,001673099
0,01677172
0,02025549
-0,02521284
-0,008921742
-0,03380962
-0,02314272
-0,02964391
0,01626594
-0,01988681
-0,003430909
-0,01102232
0,01874276
0,01736047
-0,01731974
-0,02740426
-0,01368666
-0,006456662
0,01076627
-0,03285772
-0,01516455
-0,005921807
0,00710297
-0,02056904
-0,01549641
0,02818006
0,003805243
0,003757062
0,001972651
-0,01328647
0,001202478
-0,006707676
0,02452193
-0,02674921
-0,02033322
0,01260773
0,02341492
0,007977296
0,012481
0,01275621
0,01905815
-0,03082565
0,0243656
0,005204863
0,01882008
-0,0022982
0,01591593
-0,009810875
-0,01263205
0,02392799
-0,02855247
0,02037188
-0,02241621
-0,002185218
-3,602984E-05
-0,03672034
-0,02840835
0,0006746213
0,01473851
-0,0102806
-0,009025247
0,008138999
0,006343842
0,006118341
0,01483
-0,02010103
-0,003599647
0,01798166
0,0126779
-0,0002329336
-0,02242139
0,01000385
0,01130601
0,02721872
-0,02341913
-0,01784035
-0,001313644
0,02822174
-0,01330553
0,01254512
-0,02116421
-0,01725698
-0,01589042
0,006456397
-0,01730036
0,007907367
-0,02122019
-0,01266661
-0,00741232
-0,02749675
-0,006371703
-0,02570053
0,007191087
-0,02054899
-0,02124713
-0,02645656
-0,01175268
-0,01595734
0,01829167
0,004648367
-0,033234
-0,03441846
0,003445918
0,008978691
0,007769553
-0,01917697
-0,03195275
-0,02716698
-0,0133955
-0,01305202
-0,002072889
-0,02059506
-0,01053272
-0,02444977
-0,01454617
-0,0169273
-0,006517911
-0,02850229
-0,00527321
-0,02441054
-0,02920597
-0,01695136
-0,004947472
0,01011543
-0,0254541
-0,03031029
-0,03134155
-0,003239374
0,01396092
-0,03037184
0,02364177
-0,01650874
-0,02171827
0,007389092
0,01156289
-0,02058292
0,003082983
-0,003477641
0,01912558
0,02003598
-0,004833462
0,02079644
0,01465281
0,02293739
-0,004248637
-0,02003109
0,007766955
-0,00238682
0,02033404
0,0198034
0,008394873
-0,02214235
0,0144609
0,004306482
-0,003913109
0,005372361
-0,008184573
0,0180241
0,002202673
0,001978844
-0,01731888
0,00499763
-0,007589897
-0,008431791
-0,003549092
-0,01455058
-0,02883765
0,01665115
-0,001740896
-0,022043
0,01098137
-0,02856243
-0,01467102
0,003952939
0,01122395
-0,02036402
-0,002366337
0,001086785
-0,01836313
0,0222549
-0,008814084
0,0004611526
0,002847522
0,02005715
-0,009895294
0,01033982
-0,006109097
-0,00292461
-0,0282117
0,02582158
0,004365541
0,004132764
0,01332986
-0,02540116
0,0006281228
0,01255574
-0,008380596
-0,01196362
-0,009191899
-0,02860245
-0,02680048
0,01409069
0,02599102
0,01085118
-0,02469579
0,0006764762
0,01922991
-0,02636788
0,01606172
-0,01738119
-0,02266725
-0,03768281
0,007950419
0,010806
-0,01565069
0,01230937
-0,02660461
0,007820849
-0,02493248
0,02007536
0,02536134
0,007898035
0,01863347
0,003174978
0,002758598
-0,02277684
-0,01491391
-0,02174102
-0,02673033
0,02910065
0,01817576
-0,0214785
-0,02281827
-0,02359174
0,01609236
0,00405744
0,001236451
0,01767893
0,007677997
0,01043705
0,01037243
-0,02027197
-0,002066214
0,005938123
0,007724314
0,002082509
0,01517535
0,02178393
0,01294806
0,008664554
-0,001544112
0,007370207
-0,02582535
-0,006521008
-0,02846288
-0,009558453
0,02210447
-0,01611974
-0,03027581
-0,04076234
-0,02018393
0,006379731
-0,03061993
0,02175575
-0,002419021
-0,03187391
0,0207188
0,006497757
-0,03120659
0,01546211
-0,01471755
-0,01086994
-0,02891747
-0,004178145
-0,01969965
0,01760169
-0,02175159
-0,02236708
0,02395799
-0,02909338
-0,01053803
-0,0100162
-0,005799931
-0,006720541
-0,004134859
-0,0241156
0,02686724
0,006054787
0,02743228
-0,01440466
0,001721748
-0,02396162
0,008385325
0,004799774
-0,01198109
0,020524
-0,0320406
-0,002069104
-0,02812919
-0,0008656671
0,005368564
-0,02344039
0,01878197
0,02178566
-0,01418265
-0,02698091
0,002866771
0,007395548
-0,02104008
-0,02158587
-0,02602651
0,01043125
-0,003978472
-0,02791411
0,009971399
-0,03070867
-0,005917546
0,01500518
-0,002568172
-0,005067741
-0,02335303
-0,01368512
0,01006543
0,01245698
-0,01603215
-0,0190981
0,01264923
-0,005590872
-0,0248099
-0,01190895
0,01670805
0,006720057
-0,02831078
-0,008855497
-0,007097014
-0,02057455
-0,004017395
-0,002847408
-0,03142827
-0,01840673
-0,005643172
-0,02016492
-0,01562272
0,006835129
0,02638014
0,008223581
0,002496641
-0,006225538
0,0206264
-0,01566641
-0,006390905
-0,01824965
0,02730157
0,00301944
-0,01389023
-0,01559417
-0,008991884
-0,03183526
-0,001093023
-0,03391919
-0,01688555
-0,02620292
0,004100732
-0,03713852
-0,0004327358
0,01020745
0,01852128
-0,023607
0,01181579
0,0009104821
0,003644974
0,02574749
0,01618008
-0,01440505
-0,02884665
0,02850862
-0,03093958
-0,02803917
0,01630061
0,002983603
0,007729176
-0,01602342
0,0006967751
0,01611561
0,01958425
0,0007762378
0,006554144
-0,006213867
0,02747392
-0,03017363
0,008643749
-0,01246299
0,0154825
0,02119348
0,01703331
-0,01998918
-0,003218855
-0,0182778
-0,03207343
-0,01661676
0,01552184
-0,0100987
0,0088973
-0,0135751
0,009125814
-0,00696168
-0,007983558
0,002546716
-0,005902463
-0,01927946
-0,01752279
-0,01083059
-0,01558524
-0,02849696
-0,004730476
-0,02299622
0,01032706
0,02238696
-0,02380458
-0,0305625
-0,02617843
-0,005525253
-0,0183274
0,01176452
0,02261938
-0,01552511
-0,02165476
0,02523663
-0,0004034221
0,01904452
-0,003226129
0,01383009
-0,03021743
0,001067484
0,01161803
-0,01726933
-0,0002194829
-0,02193449
-0,03108327
-0,01357954
-0,02939972
0,02670937
0,0183076
0,003219561
0,009166601
-0,01761921
0,02339551
0,00603484
-0,01575117
0,001855145
-0,006214411
0,002688081
-0,0305505
0,02606959
-0,02633829
-0,01185341
-0,02638593
0,01834116
-0,009386859
-0,008648309
-0,01486899
-0,002721309
-0,02494346
0,01335853
0,02080598
0,004224106
-0,00597956
0,01884261
-0,007952848
-0,01547717
0,009651293
0,002545134
0,02097204
0,0222834
-0,03071986
-0,02075006
0,005878904
0,008236481
-0,02623937
0,009977229
-0,01146803
-0,0002078601
0,006499225
0,0245105
-0,01027264
0,02021733
0,008979497
-0,03107623
-0,01056514
-0,01508104
0,02999248
-0,000273362
0,00943215
-0,002578036
0,0200945
-0,005912085
0,009121171
-0,03313564
0,0008293223
-0,03043345
0,01434247
-0,02784053
-0,02121999
0,02862065
0,01971902
0,01902065
0,004138653
-0,03541493
0,0151179
0,02106332
0,008876807
-0,004973319
0,01589285
0,009737386
-0,02775864
0,01892032
0,02231817
-0,01487998
-0,005725607
-0,02566401
0,02373232
-0,006960768
-0,002087211
-0,02041809
-0,01341265
-0,02013999
0,02219231
-0,007050343
-0,02877409
0,004381504
-0,002362275
0,006028591
-0,02916642
0,03057037
0,02236611
-0,01705568
-0,01162175
0,006180604
-0,03079329
-0,004682147
-0,02150579
0,0005321123
-0,03070031
-0,01230823
-0,008011926
-0,005993742
0,0001962809
0,02044964
-0,01200393
-0,03171246
-0,003880752
-0,01029005
-0,001945155
-0,004438916
-0,0302181
-0,01278923
-0,003220251
0,01910066
-0,001010715
0,003224003
-0,03581534
-0,02087164
-0,03479714
-0,0170213
-0,00749566
-0,02337053
-0,0004394178
0,02310879
0,02305016
0,0242746
0,001536412
-0,01309451
-0,01306547
-0,0296447
-0,03087032
-0,005077527
-0,005757077
-0,02064617
0,01677155
0,02405692
0,005643914
0,02678859
-0,02922747
-0,02813341
-0,0247646
-0,02549436
-0,02605057
0,001895161
0,02244099
-0,001979307
0,006202066
-0,01144715
0,02512139
-0,01683083
-0,01276306
0,01248158
-0,011649
0,006230042
0,01912765
-0,02046566
0,01883092
0,006414097
0,02347167
-0,0134091
-0,01270235
-0,02953695
-0,03534258
-0,00982949
-0,01123353
0,001783151
0,01844064
-0,01349396
-0,02939746
0,00705412
-0,02994741
-0,0305369
-0,01498296
-0,02728883
-0,01698274
-0,00707124
-0,0249399
-0,03069218
-0,03146647
-0,004889694
-0,01121733
-0,01622421
-0,007035329
-0,02957392
0,01159996
-0,01583811
-0,02820816
0,01444039
-0,009907013
0,005113704
-0,02691503
0,02766701
0,02814414
0,007085097
0,005383594
0,02653352
0,02859209
0,001531201
-0,03054899
-0,02173503
-0,003070256
-0,02257047
-0,02797159
-0,02053136
-0,0211341
-0,02043886
-0,009282719
-0,01778426
-0,01610666
-0,01851975
-0,03540451
0,01010637
-0,004259279
-0,007344432
-0,03676489
-0,03279238
0,001691467
-0,03944512
0,008262974
-0,02280805
0,003725307
-0,01906656
-0,02730448
0,005397868
0,009646927
-0,02353333
-0,02648361
0,01068088
-0,003686222
-0,01101551
-0,002496115
0,00523162
-0,02978958
0,0215799
0,0276188
-0,0188137
-0,0205181
-0,01774198
0,02064022
-0,002699118
0,01833672
0,01418132
-0,005413117
0,02868859
0,00107567
-0,01716534
-0,01123868
-0,007399397
0,001823007
-0,006814667
-0,02051885
0,02267848
0,01107034
0,01365068
-0,000537691
-0,01771816
-0,02977438
-0,009635384
-0,01297167
-0,04025484
-0,0332522
0,006529604
0,008954778
0,01804721
0,01477884
-0,01438664
0,009565577
0,005418002
-0,006383068
0,01566216
-0,03573737
-0,001999206
-0,01939903
-0,01280544
-0,004264552
0,02077944
0,01792824
-0,0234874
-0,02524911
-0,004243945
0,01822078
0,01053757
-0,02127641
-0,02796119
-0,01937909
0,004771283
0,02213278
-0,01536194
-0,01157461
0,01451516
-0,02253442
0,0112264
0,01508297
0,02020202
-0,01071544
-0,02718657
0,02232786
-0,008873629
-0,02809814
-0,02767161
-0,007975371
0,001570852
0,01974959
0,008824308
-0,009064222
0,004295873
0,005438584
-0,01633963
-0,02238036
-0,001013954
-0,01809736
0,01660954
-0,01567781
0,01670888
-0,0320387
-0,01852032
-0,00442317
0,008680478
0,00979412
-0,019438
-0,002168606
-0,005952674
-0,009353797
0,01434226
0,01183402
-0,0134919
0,01738776
-0,007651073
-0,03229806
-0,009372682
-0,03052896
-0,004373999
-0,02769477
-0,02916349
-0,02641949
-0,01376059
0,02202621
-0,001220125
0,007588073
0,0042075
0,02598546
-0,0005645554
0,02680667
0,01164868
-0,006839342
-0,0184829
-0,01319364
0,01381544
0,00882455
0,02629756
-0,001840297
-0,02545383
0,004289641
0,01118424
-0,002498891
0,016761
-0,0285838
-0,03784773
0,01552823
-0,03527838
0,009055026
-0,02578957
-0,01661767
0,01318261
-0,007320645
0,01238514
0,01140285
-0,01840549
0,01673229
0,01786738
-0,005504302
-0,03201669
-0,02520496
-0,02129486
-0,01029344
-0,02679242
0,005810061
0,01504003
-0,003220226
0,0008360515
-0,03027027
-0,02830119
0,01277268
-0,02792271
0,02348538
0,02461575
0,02136201
-0,009857657
0,002246852
-0,01882044
-0,0214286
0,02055723
0,002914985
0,0008660174
0,0165976
0,01123607
-0,02460939
-0,03068656
-0,02571655
-0,00271327
-0,008892789
0,02589197
0,01896861
0,01481251
-0,006466339
-0,01042783
0,02304092
-0,01387624
-0,02213749
-0,01698009
-0,02276576
-0,01900732
-0,01062427
-0,01718391
-0,03822393
0,005568381
-0,007142492
-0,01930213
-0,03521177
0,003131505
-0,03779429
-0,007567552
0,01414014
0,01186136
0,01494461
0,008461801
6,252676E-05
0,006348989
-0,004622884
0,01084149
-0,03024699
0,004279155
0,009505525
0,02751483
-0,02051326
-0,02642744
-0,01639616
0,02796151
0,006553263
-0,001165448
0,02662475
-0,001643504
0,03001388
-0,02046731
0,02729551
0,01667925
-0,01442295
-0,02103784
-0,004913189
-0,02982222
-0,0233246
0,01568145
-0,03047178
-0,008875197
-0,006311073
0,01950248
-0,02458016
-0,02856257
-0,03798037
0,007766852
0,01689077
-0,01696228
0,02001406
-0,001773196
-0,01810728
-0,0004878781
0,00459931
-0,00268417
-0,02697112
-0,04108445
-0,008477601
-0,005552305
0,009255289
-0,001967061
0,01365564
0,001242327
-0,002277766
0,005654995
0,01514508
0,02819436
-0,005313969
-0,008567005
-0,02115727
-0,003385084
0,003365579
-0,0159206
0,006112806
-0,0136672
0,001253268
-0,01241843
0,02567768
-0,0223497
0,0259195
0,02247545
0,007669183
0,005508791
0,002612555
-0,007272684
0,01589662
-0,01444353
-0,02755805
0,008686423
0,02590965
-0,006405763
-0,002780576
0,003952729
-0,02949631
-0,006880388
0,001232413
0,01834954
-0,01481832
-0,006739894
-0,02172585
-0,0414686
-0,02353854
-0,01466919
-0,03192923
-0,0110013
-0,03734388
-0,03162848
-0,03422415
-0,009559228
-0,0315046
0,02288204
-0,02706046
-0,008181689
0,004823769
0,02001946
0,0269199
-0,01980226
-0,02999381
-0,02246578
0,02046149
0,001108945
0,02496788
0,01385233
-0,002760883
0,01489323
0,02804073
0,02909663
-0,01798452
-0,02207157
0,007762525
0,008759665
0,02709798
-0,003696406
0,02077772
0,02414001
0,001114457
-0,02605796
-0,008405554
-0,02885964
-0,01249244
0,008531981
-0,01899948
0,006349692
0,004240897
-0,0322651
-0,01770757
-0,03003889
0,02077731
-0,0293634
-0,008395734
-0,01309273
0,01121102
-0,02779913
-0,004496993
0,006146513
-0,03497275
-0,002475421
-0,03368861
-0,009580469
-0,00622124
-0,03118049
0,02321324
0,02322596
0,01600218
-0,004970475
-0,03123668
0,009142986
0,001876215
0,01240395
-0,0102043
0,01968332
0,01579394
0,02662339
0,02086991
-0,01851467
-0,009751308
-0,01255907
-0,02303298
-0,004085682
-0,00537236
0,02240974
-0,02940922
-0,02884943
0,007577204
-0,02027973
0,01556038
0,01036664
0,01809472
-0,02763644
0,01665214
0,02380666
-0,02901188
0,02488806
0,0003121589
-0,02035127
0,008602627
-0,02247412
0,009056978
-0,03145577
-0,04089512
0,001733792
-0,003172968
-0,02703052
0,007938899
0,001957182
0,003388189
0,01732711
-0,01437799
-0,01137219
-0,009465554
0,01604625
-0,002590624
0,005076976
-0,02845265
0,009243275
-0,02658351
0,02377313
-0,01260378
0,008070456
0,009303759
-0,01270518
0,02146571
-0,001473211
0,02770014
-0,00366867
0,01694928
0,01655102
-0,009140404
0,006020909
-0,003787084
-0,02510895
-0,0006474247
0,02735223
-0,005390428
0,01223448
-0,01559538
0,01365635
-0,01774144
0,02368318
-0,003629914
0,01993239
-0,01446099
-0,01046357
0,008422001
0,02634664
-0,007088498
-0,01130929
0,0123032
0,01144461
-0,03317519
0,0141293
0,02037453
-0,02930182
-0,01173518
0,0002181879
0,008777491
-0,03401264
-0,02036391
-0,01252204
0,02086992
0,0232208
0,002519727
0,01902741
-0,02974887
-0,01035872
-0,009595958
0,002480468
-0,01802217
-0,01017761
-0,008206794
-0,0128673
0,01351402
-0,008601915
-0,01979994
0,0204634
0,02993672
-4,404276E-05
0,01821494
0,03020222
0,03077982
-0,01005871
0,02070113
-0,004920235
-0,004552462
0,00516493
-0,0274726
-0,01468602
-0,003952591
0,01066633
0,0232234
-0,02109515
-0,005835313
0,01446798
-0,03119093
-0,002001215
-0,02070517
-0,004433769
-0,01734363
-0,02479737
-0,005399424
0,01455799
-0,02759763
-0,00490968
-0,005303519
0,01051724
-0,03016661
-0,001245087
-0,03643537
0,006750812
0,009535108
-0,01274589
-0,01411542
-0,0112132
-0,00476161
0,004839218
-0,02459696
-0,02086798
-0,007965384
-0,004992529
-0,01394762
-0,02490991
-0,02416698
-0,001395366
-0,002509125
-0,01822821
0,02062583
0,02662927
-0,01086397
0,00813523
0,004851363
-0,002307762
-0,0209533
0,000820715
-0,005704914
-0,02426431
-0,02498236
-0,01860925
0,01802349
0,002543932
-0,004821037
-0,00310141
-0,0153888
0,01424617
0,02878948
-0,001925647
0,01368601
-0,0275965
-0,01661636
-0,01217055
-0,01489907
-0,03751748
-0,03306145
0,01678725
-0,03780331
-0,009357051
0,007399956
0,005255736
-0,02970408
-0,01243991
-0,0315281
-0,02230581
-0,0141959
-0,006028878
-0,02224761
-0,01499161
-0,01900016
0,01719796
0,02392772
-0,0138197
-0,00194909
0,02411776
-0,01099968
0,01836201
0,02837482
0,01946278
0,02047017
-0,009877436
-0,0006423852
0,02619142
-0,0116367
0,01044893
0,003636144
0,02185727
-0,0166606
-0,0009439535
-0,01392062
-0,01984837
-0,004677426
0,0209892
-0,01178579
-0,01174593
-0,02839521
-0,003870166
-0,001099822
-0,01765512
-0,02677129
0,01642508
-0,000268442
0,005882436
-0,01985856
-0,03669778
-0,02789435
-0,03039045
0,02277152
-0,005088296
0,007332023
-0,01556069
0,02075139
-0,02350781
0,006220647
-0,007530142
-0,0163997
-0,01486395
-0,02760674
-0,01044231
0,00765404
-0,00305297
-0,0192636
0,00545998
0,02646148
0,02913402
-0,009127424
-0,02794868
0,02824332
-0,02156088
0,01992333
0,02071569
-0,01300653
0,01201525
0,008875833
0,0284347
0,01069671
0,01415666
0,002732984
-0,01766257
-0,00662574
-0,004050852
0,01877356
0,005626887
0,009470601
0,026682
-0,01806146
-0,01801252
-0,02045429
0,02044624
-0,02872354
0,01633947
-0,01475518
-0,03133458
-0,002119917
-0,000110467
-0,004966135
-0,03367196
0,01379959
-0,01315161
0,007141042
-0,02292095
-0,02982227
0,01766006
0,007393423
0,02359069
-0,02687849
-0,01439254
0,003262087
0,01049095
0,01711202
0,002075297
0,009969168
0,01893054
0,02563783
-0,01987937
0,006374672
0,001828611
0,02285828
0,02793148
0,01280236
-0,02517052
0,02049656
-0,02511525
-0,0259097
0,02983842
-0,005878324
-0,02419272
-0,02571495
0,02599594
-0,01365881
0,003598415
0,02333278
-0,02570761
-0,006621636
-0,02068106
-0,01533592
-0,03477444
0,02395734
0,01461041
0,02394433
0,02599944
0,005695328
-0,006815072
-0,03418847
-0,005746692
-0,02877634
0,0003308135
-0,02145688
-0,006503476
-0,02927116
-0,02845733
-0,02344395
0,02161309
0,007846685
0,007394226
-0,00869141
-0,02760468
0,01870137
0,01149103
0,00181699
0,02988887
-0,01786202
0,008012813
-0,006200037
-0,01796356
0,006433796
-0,000860509
-0,01248442
0,009839972
0,01874528
0,006091487
0,004872575
-0,02617883
-0,02827614
0,01244522
-0,007546757
-0,01122927
0,0290627
0,0002936895
0,01821534
0,01499949
0,01822945
4,421667E-05
0,0152728
-0,02151709
-0,008950302
-0,03154321
-0,002869298
0,01954404
0,01957921
-0,01707687
-0,02780757
-0,02514313
-0,02131773
0,02017409
0,01090807
-0,03426385
-0,02988764
0,01981612
0,02442717
0,008337869
-0,01415976
0,006099279
0,007852498
-0,001042479
0,00162965
-0,02288321
0,02037742
0,02705345
-0,01428315
-0,02670901
-0,02623068
-0,0125131
0,02596613
0,01316412
-0,02398001
0,007633513
0,01659224
-0,01897579
0,01586841
0,003416314
0,03010712
-0,004004145
0,0167978
-0,0002812196
-0,005992517
-0,01132081
0,01468442
-0,0272588
0,02493954
-0,01376608
-0,02192487
-0,03146784
0,001127387
-0,02583133
-0,005311906
-0,01806952
0,02514703
-0,01163637
0,005229968
-0,01766392
-0,02592954
-0,006944602
-0,004852577
0,01292191
-0,02382265
0,01917545
-0,01757362
0,002613184
0,01883884
-0,02214563
-0,01438416
0,02687779
-0,02319218
-0,009281495
0,009531875
0,02235615
0,02133366
-0,0203293
-0,02355473
-0,01682094
-0,00825517
0,01629648
-0,02765266
0,0285638
0,02201787
-0,02950725
0,01341064
0,01725489
-0,01580087
0,02223881
0,01324609
-0,003281209
0,002160152
-0,002913098
-0,01095281
-0,003002044
0,02058791
0,02328295
-0,01698821
-0,002686487
-0,03133268
-0,02331535
-0,02259449
0,01457888
0,02983475
-0,01829982
0,02522399
-0,02055916
-0,006042334
-0,001266638
-0,01403113
0,003129337
-0,02623739
-0,01430853
0,01773881
-0,0101386
-0,005654937
0,006425189
0,02842044
-0,02011761
-0,0225364
0,002197795
-0,01315786
-0,03249107
-0,004070051
0,02162487
-0,006542027
0,01281253
-0,02572608
-0,01615301
-0,02489539
0,0257963
0,02555155
0,00708413
-0,01799387
-0,01872285
0,004295913
-0,01231365
0,02850547
0,008398746
-0,02273489
0,002140902
-0,009187961
0,008477853
-0,002752055
0,02860537
-0,01768134
-0,02449008
-0,001200611
0,02037258
0,0269321
-0,02240555
0,02377459
-0,02781648
-0,01017297
-0,003054123
0,01671661
-0,0208382
-0,01479648
-0,02893147
0,01148716
-0,02801301
-0,02861502
-0,02714957
-0,007932358
-0,007556297
0,01430585
0,002875935
-0,0195715
0,0108673
0,02037237
-0,01995967
0,008423747
-0,01061708
-0,02431868
0,008814162
-0,01837861
0,01170349
0,002508435
-0,001831968
0,009630073
-0,01247428
-0,01863191
-0,01758654
-0,01533378
0,02467057
0,02965497
0,02353301
-0,01168
0,01472608
-0,007796005
-0,007308097
0,03091289
0,02183298
0,02057499
0,02693893
-0,006632096
-0,0220189
-0,02307286
0,02637566
-0,02112962
0,005373488
0,02431096
0,01496643
0,02825499
0,01755522
-0,001756288
0,003209108
0,02160634
0,006255527
-0,02180921
-0,02782175
0,003349032
0,01410645
-0,005646317
-0,0006667244
-0,02969065
0,02441572
0,02945863
0,007600567
-0,001472511
0,02397997
-0,01411567
-0,001054025
-0,006852043
0,0008717331
-0,0187585
0,02152108
0,00196432
-0,0194159
-0,01630447
-0,02705158
0,00425665
0,004126555
-0,01293283
-0,02765906
-0,006245139
-0,005086214
-0,01546345
-0,003317649
-0,005913416
-0,005518087
0,0290683
0,009303379
-0,001672614
-0,0145919
0,01440021
-0,0220465
-0,01000278
-0,01544869
0,02274286
-0,003007342
-0,01965859
0,001581173
-0,002528407
-0,01694902
-0,01281312
-0,005826313
-0,01164826
-0,007462924
0,002829805
0,007289338
-0,03359376
0,01004345
-0,01034636
-0,02079074
0,003252364
-0,02573749
0,003305017
-0,00645093
-0,0265555
0,002531365
0,009720483
-3,689171E-05
-0,01620203
-0,02309235
0,02803989
0,01096581
-0,02926819
-0,02220978
0,01657223
-0,02901161
-0,001755235
-0,01628228
-0,0144678
0,01679363
0,02257175
-0,02826024
-0,02429972
-0,02879784
0,01411691
0,02912805
-0,02885306
0,01808793
0,02026135
0,01466552
-0,007524463
-0,01726833
-0,01828721
-0,01578984
0,009213874
0,00867486
0,006585218
0,02540663
-0,02149431
-0,01502991
0,01603051
0,01022363
-0,0131017
-0,008205744
-0,01412337
0,006653133
-0,01065126
-0,02026668
0,003761279
0,003266569
-0,02053214
0,0152925
-0,003356276
0,005119797
-0,01284445
0,0003223989
0,02886586
0,002992638
0,01585249
-0,01885013
0,005783489
0,02579405
0,01133991
-0,002230669
0,01385723
0,01431441
-0,002870355
0,01589707
-0,003397448
-0,02250666
-0,004089617
0,003387207
-0,02474317
0,02659025
0,02930213
-0,01788586
0,01284454
0,01284249
0,01368727
-0,02483695
0,004015702
0,0147384
-0,02421964
-0,01714777
0,002596186
0,002430989
0,01388778
0,004165357
0,0236072
-0,02387099
0,007888263
-0,02849595
-0,01821772
0,03106889
0,01187743
0,01932464
0,02458858
0,01678799
0,006005258
0,002920929
-0,01902799
0,004556138
0,01883119
0,001059533
-0,02108766
0,008618917
0,0136223
0,003296805
0,01056512
-0,02016788
0,02095087
-0,01184813
0,02056359
0,007219083
0,005288037
0,01990293
0,0174523
-0,001783119
0,02548656
-0,01978611
0,02977478
0,02282611
0,02276833
-0,01235517
-0,002732164
-0,007833949
-0,009276575
-0,02435642
-0,01855257
-0,02385171
-0,01530138
0,02264326
-0,02734756
-0,02191396
0,02388866
0,02705184
0,0274596
0,003166802
-0,02803447
0,02359435
0,02038055
-0,01969265
0,02254731
0,01379013
-0,009853642
-0,007850152
-0,01867966
0,003362952
-0,007079511
0,02509097
-0,02487642
-0,001378638
0,02602047
-0,001104195
0,0045593
-0,01129901
0,0171204
0,001428253
-0,02378429
0,01935989
-0,01147454
0,007315955
-0,007562177
0,004980266
0,02539651
0,02818699
-0,01617939
0,01173394
0,01519708
0,01032781
0,02340708
-0,01725635
-0,005376923
0,03048274
-0,01067908
0,01744303
0,02834063
-0,02195662
0,02883203
-0,02715384
-0,02242545
0,01628126
0,01122557
-0,01486503
0,02928605
0,01532339
0,02747824
0,004723525
0,001905722
0,004178735
-0,02044407
-0,006403096
-0,001445678
-0,01466719
0,005692895
-0,02092012
0,01923193
-0,01012929
0,02016285
-0,009536703
-0,02190689
0,0002211391
0,01892244
0,01440133
-0,02810466
0,02454271
-0,02586565
0,02560829
-0,01997275
0,01988834
-0,007350042
0,009229819
0,004410149
-0,02718209
0,01109618
0,002693549
0,02751612
-0,02317247
0,007052195
-0,01954241
-0,02802208
0,01112575
-0,02061051
-0,01893893
8,493666E-05
-0,002209487
0,01437847
-0,02145009
-0,00686229
-0,02402681
0,02746573
0,007306128
-0,01232977
0,005893943
0,0234755
0,005478753
0,02643
0,02765234
-0,01713017
-0,02580808
0,009315339
-0,03147511
-0,009131249
0,01311503
-0,01896451
-0,0009857948
0,0205355
-0,006710712
0,003435197
-0,02732475
-0,01612039
0,01202571
0,01254647
0,008727822
-0,0105825
-0,0006296422
-0,007582478
0,009536038
-0,01452797
0,00621315
-0,01886949
0,02811645
0,004112158
-0,02452098
0,02274089
0,01570204
-0,007941439
0,02913286
-0,01979805
-0,02469815
0,007531282
-0,0289264
0,02529129
0,002728839
0,001506943
-0,02829018
-0,01201444
-0,004219508
0,03001404
0,02962442
0,006796627
-0,01164122
0,003072536
-0,01321746
0,01972126
-0,01685545
0,02441671
0,007122975
-0,01560203
-0,006939019
-0,01860011
-0,0158623
0,009597837
0,005093053
0,02269301
0,01171234
-0,004272845
-0,01246491
0,02024617
-0,005184649
-0,02148919
0,02248348
-0,01439291
-0,000375925
-0,0024078
-0,01420604
0,01896145
-0,01899439
-0,02118041
-0,01125691
-0,01799815
0,02864082
0,01054768
-0,01342504
0,03015807
0,02342326
-0,005108471
-0,01343832
-0,01449156
0,009003325
0,02158572
0,01477911
0,01419785
0,01744356
0,02397144
-0,008605838
-0,009677999
-0,01146862
0,009366797
0,01970903
0,005640958
0,03079417
0,003867657
0,002902398
0,02009586
0,01445264
-0,02791587
-0,02800119
0,01918982
0,003889338
-0,006074648
0,01190028
-0,002382695
0,02581029
-0,01946463
-0,01658353
0,006919726
-0,005016763
0,006255265
-0,02978537
-0,01223731
-0,0196885
-0,02718191
-0,0165645
0,006069941
-0,004447138
-0,0212015
-0,0005732507
0,007643121
-0,02283945
0,02626644
0,001326576
0,00280314
-0,01023928
0,01437559
-0,01751753
-0,005354527
-0,02248756
-0,002995507
-0,01381707
0,02126925
-0,007151579
-0,001896423
0,01183542
-0,01582813
-0,02134112
-0,01429038
0,01812279
0,006232305
0,009933248
0,01584375
0,02630067
0,01195708
0,00870169
0,001959342
-0,00468572
0,02772958
-0,009900486
0,02720451
-0,005703391
0,004806654
0,003109791
-0,005573978
0,01164831
0,008309107
0,02358739
-0,02021993
-0,02095733
-0,01747083
0,02997986
0,02012971
-0,001715778
0,02829462
-0,008735251
-0,02010269
0,02523473
0,01263635
-0,008161555
0,03024595
-0,002498834
-0,02014513
-0,008080245
0,02385833
0,02836064
-0,007732358
0,03039584
0,01956206
0,02452932
0,01819978
-0,01123965
-0,01503361
-0,02567688
-0,01899729
-0,02758705
0,01183545
-0,01223179
0,02835987
0,01670551
-0,027233
-0,009682708
0,02916993
-0,02373544
0,005230064
0,006788245
0,02036063
-0,01310801
0,02826699
-0,009399571
-0,001352061
0,007333557
0,01320893
0,006290983
-0,008927274
-2,524806E-05
-0,01487869
-0,0169285
0,01025027
-0,00248827
-0,009644214
0,009671596
-0,0249271
-0,01380908
-0,007959954
0,02462048
0,0148759
0,01560135
-0,01209398
0,02615448
0,00986642
0,02268223
0,02762596
0,02666135
-0,0113017
0,009804199
-0,0008472404
-0,02657455
0,01679499
-0,01347773
-0,02245109
-0,02506857
-0,02820956
-0,001255842
-0,004071143
-0,01900569
0,006105766
0,009148142
0,01410391
0,01203589
0,01810448
-0,001354357
0,007994195
0,0009439297
-0,003244387
-0,006030294
-0,01474304
0,01259134
0,01489687
0,0116405
0,02282411
-0,02528583
0,02988639
-0,02769754
0,01153312
0,006207621
0,01007145
0,0173087
-0,01193595
0,0118298
-0,02927957
-0,01833411
-0,002792962
-0,00613407
-0,01002128
-0,01496947
0,007571359
0,006746485
0,02115713
-0,01907106
-0,01159876
-0,02436262
-0,02839882
0,006254929
-0,02214979
-0,0187181
-0,01501489
-0,003245362
-0,000252521
0,02514075
-0,005628792
0,01687698
-0,01127035
-0,02495807
-0,005754422
-0,02733328
-0,02452896
0,0299098
0,01794033
0,02033397
0,001499892
0,01946257
-0,008614843
-0,02754558
0,01156202
0,006468807
-0,028512
-0,01588788
-0,01903375
-0,01813032
0,01691255
0,009045421
0,02226013
0,004373353
-0,006667996
0,01728317
-0,02690383
-0,006248035
0,02527442
0,0001836622
-0,008786541
-0,01654414
-0,01248601
-0,006605681
-0,01262055
-0,01574638
0,02351308
-0,007987779
0,0301996
-0,01272377
-0,02048159
0,008291317
0,01947541
-0,02935112
0,009860404
-0,0005522241
0,01487828
0,02976652
0,02529705
0,002040185
-0,02030853
-0,02922003
-0,01435109
-0,01222593
-0,02198821
0,01575649
0,0250266
0,01494228
0,01233959
0,007620488
0,03002685
0,01228234
-0,02531138
-0,01218032
-0,0008508016
-0,01182467
0,001961048
0,02876017
0,01581638
-0,002604477
0,01353601
0,01012396
-0,01543332
0,02447797
-0,02750286
-0,02113668
0,02029284
0,02174396
0,02505422
0,02444009
-0,02762608
-0,02590371
-0,0008847747
-0,006771443
-0,009573879
-0,009642622
0,02828987
0,03033191
-0,01477901
0,002123284
-0,01022966
-0,02143992
0,0102799
-0,007456127
-0,0122152
-0,002218714
0,003575562
0,001639973
0,002108224
-0,008279075
0,0281007
0,01676635
-0,01605287
-0,00213014
0,01908517
8,328359E-05
0,01675122
-0,00821409
-0,01468502
0,02976679
0,02601376
-0,02677815
0,02042686
0,01849402
0,005284451
0,02593933
-0,01682501
0,01210593
0,02799334
-0,02126032
-0,00955613
0,002230951
0,01350427
-0,01629163
-0,02236347
0,004965425
0,03050954
0,02266809
0,006639744
0,005257238
0,005896617
-0,01127357
-0,01027665
0,003419868
0,02694732
-0,01384669
0,02074204
-0,02875147
0,004712238
0,02096385
0,004270448
0,006526824
0,01502464
-0,01393419
0,006705889
-0,01346108
-0,01126007
0,02238133
0,01787104
-0,007549307
-0,01538196
0,02207544
0,004254229
-0,006630172
-0,02873348
