0,01580864
-0,02581382
-0,0241902
0,001408715
0,02563755
-0,008382956
0,003914126
-0,0192417
0,02799506
-0,02689707
-0,0142902
0,0164034
-0,002110658
-0,009296355
-0,01209481
-0,01793993
0,01366726
-0,02305455
0,02511392
-0,01193531
-0,006693516
0,005650054
-0,007803241
0,01575594
-0,00190211
0,01061414
0,003414008
-0,006169029
-0,01549771
0,003137676
0,005739475
-0,002519775
-0,004197406
0,02579567
0,008255295
-0,0179511
0,02268485
-0,01235005
-0,005427314
0,01854201
-0,01385395
-0,01228455
-0,004639956
0,002630755
0,01869723
-0,0192313
0,01440532
-0,009008801
-0,005494104
-0,001406424
-0,02847817
0,02922037
-0,02679154
0,002062183
0,01664707
-0,02010385
0,01272503
-0,009353157
-0,02672409
-0,01482735
0,01886901
-0,01996537
0,02679883
-0,005086121
-0,00202367
0,0188576
-0,009375657
0,002672789
0,01309417
-0,0240746
-0,009944459
-0,004101427
0,01290441
-0,02352284
-0,02810225
-0,02449839
-0,0197735
0,01997366
0,02743245
-0,01285267
0,02676968
-0,01769146
0,03022564
0,01668055
0,001867381
0,007513186
-0,005938269
0,02438461
-0,02103798
-0,001921809
9,665354E-06
0,001978372
-0,01559809
-0,02060918
0,03038064
-0,02393835
-0,008495483
-0,02955096
-0,02536311
0,03042577
0,02075715
-0,018356
0,008478434
-0,01152994
-0,0219989
0,005577908
-0,01385684
0,02741825
-0,000487744
0,0108735
0,03048286
0,02279953
-0,006449725
0,01659645
-0,01107259
0,006367228
-0,01930042
-0,01977327
0,02388996
0,02141359
-0,005405919
-0,003277881
-0,00634779
-0,01522241
0,006235268
0,01828608
-0,01898634
0,002878226
-0,02380475
0,02639379
0,01445465
-0,02008193
0,01606584
0,02842791
-0,002289613
0,01604207
0,004728407
0,0116335
0,007711512
0,02623973
-0,00877844
-0,002474451
-0,005525986
-0,001724663
-0,001880562
0,007496598
-0,02167084
-0,001630595
0,02101091
-0,005983524
0,0258904
-0,01902621
-0,02302098
-0,01695762
0,005077279
-0,006771144
0,01740858
-0,007049254
0,01184579
-0,009780484
-0,005109491
0,01357987
0,02111639
0,004412773
0,02734203
0,02068173
-0,02242174
-0,003743039
-0,01074625
0,004500807
-0,02851487
-0,0001096606
0,002610696
0,02781771
-7,479497E-05
0,02734697
-0,02856387
0,02528043
0,01601756
0,0279595
0,01068109
0,01348829
0,01290615
0,01354458
-0,03018102
0,004433253
-0,02703367
0,002557748
-0,007288154
-0,02671814
0,0274804
-0,0186341
0,02970314
-0,01249409
0,001277767
0,008074703
0,007235094
0,02072858
0,001636094
0,008121377
2,718905E-05
0,01258973
-0,02074549
-0,01490093
-0,009016025
-0,006035898
0,007615655
-0,02255549
0,01276984
0,008101591
-0,008392048
0,02280721
0,00540323
0,01134663
0,01014004
0,01136423
-0,02961731
-0,02260988
0,00366253
-0,007138039
0,01750471
0,006026033
-0,02622665
-0,01374265
0,007347722
0,02053239
0,0003533921
-0,01625348
-0,005419336
0,01966414
-0,01180102
-0,0199852
-0,008732048
-0,01984356
0,0003664647
0,02769958
0,006403182
-0,002399133
-0,009019515
0,006342054
0,02536837
0,0244451
0,0190222
0,01430792
0,01199386
-0,02564319
0,005220869
-0,01392151
0,007765237
0,02048476
0,008000378
-9,953847E-05
-0,01075408
-0,02421224
0,01838
0,02121471
0,006115739
0,02256277
0,005318662
-6,10094E-05
0,02270654
-0,008452859
0,01028973
0,01444144
-0,01595269
-0,02238202
-0,003005481
-0,003238712
-0,0184212
0,008466537
-0,02693663
0,0006847314
0,01762112
0,02903229
-0,002881261
0,01994974
0,01435382
-0,01746932
-0,0008913537
-0,006978154
-0,02110091
-0,02271932
0,003077866
0,005733492
-0,01370828
0,02053814
0,02160618
-0,01769946
-0,01588083
0,003615179
-0,0101687
0,01223486
0,01722158
0,02011227
0,01002739
0,001238147
-0,01886342
0,02827089
-0,002996705
0,003245963
0,006572345
-0,02247805
-0,0298639
0,02072543
0,007851417
-0,03433505
0,004511418
-0,0188104
0,00596437
0,01948129
-0,0319884
-0,01604816
-0,0168904
-0,02625324
-0,01580871
0,009134914
0,01327689
-0,02700353
0,004022575
-0,00668864
-0,02019931
-0,02559505
-0,02910824
0,0003237237
-0,01579417
-0,01403
0,007585006
0,01401507
-0,02555499
0,001652895
-0,01426228
-0,004406359
0,005476237
-0,04416399
0,02007937
-0,03424665
-0,03495532
-0,001982798
0,01125314
-0,02334407
-0,02379574
0,006060958
0,007481702
-0,007303137
-0,0004886959
-0,02827012
-0,006779145
0,01252954
0,005166362
-0,02960227
0,01590483
-0,02477502
-0,01151644
-0,0364898
-0,0173074
-0,01416885
-0,04177398
-0,01613964
-0,007562245
-0,02729625
-0,02807443
0,005945036
-0,03654811
0,004121065
-0,02054499
-0,01975601
-0,01016103
-0,01748983
-0,02861919
-0,03373682
-0,01148435
-0,03711734
-0,02983261
-0,01602322
-0,02376347
-0,0167571
-0,0230149
-0,008267767
-0,0522691
-0,05295397
-0,07501937
-0,0738961
-0,05103532
-0,04626021
-0,03758187
-0,01067204
-0,02879653
-3,237341E-05
-0,008640224
-0,005021666
-0,02504264
0,0146008
-0,02281149
0,004843839
0,0226221
-0,009930846
0,006140852
0,02703321
-0,01953199
-0,01618101
0,008084712
-0,02616067
-0,0006529128
-0,00857381
4,381935E-05
0,00881285
0,002670457
0,008502065
-0,01256113
-0,01743074
-0,001696052
-0,02943732
-0,02672947
-0,02615391
-0,02332938
-0,02596833
-0,01619211
-0,001122309
-0,01570611
-0,01632028
-0,001701337
-0,02513928
-0,01783491
-0,02776571
-0,03417965
-0,05523658
-0,06704579
-0,07900206
-0,0586758
-0,02220813
-0,09024956
-0,04363346
-0,05333013
-0,01815512
-0,02564618
0,001773032
-0,04266852
-0,009343988
-0,01366607
-0,008965068
0,005551487
-0,009633883
-0,02286634
-0,03485601
0,00870854
0,02111011
0,001068497
0,02816752
-0,01046819
0,01088606
0,02657618
0,0242235
-0,003514317
-0,0002015156
-0,006013253
-0,0296006
-0,020962
0,003633905
-0,03833137
-0,004716118
-0,005340045
-0,03339043
-0,02176276
-0,006109614
0,002342625
-0,02730511
-0,009446166
-0,03064701
-0,03264114
-0,04313582
-0,03532899
-0,04880035
-0,01554159
-0,02346855
-0,02878089
-0,09707032
-0,114643
-0,08491115
-0,07758614
-0,1164816
-0,1517789
-0,0724647
-0,0936814
-0,04499706
-0,087024
-0,07387873
-0,08015116
-0,08548515
-0,0460523
-0,03039652
-0,02813284
-0,02232804
-0,02394386
0,008165191
0,002602236
-0,00518919
-0,02878769
-0,002166371
-0,009808797
-0,0002228836
-0,01844601
-0,01640874
0,005104508
0,03321628
0,01533455
-0,04204573
-0,02387526
-0,03249767
-0,0197589
-0,05973269
-0,03818806
-0,02301742
-0,06014867
-0,04151923
-0,01068567
-0,004621866
-0,002063448
-0,03006655
-0,03011599
-0,04825869
-0,06994527
-0,01984126
-0,03382383
-0,03442349
-0,04110163
-0,1028257
-0,0732778
-0,06255143
-0,03094228
-0,1106017
-0,1244638
-0,0927042
-0,1320059
-0,08782848
-0,01857828
-0,04126414
-0,09568008
-0,1281356
-0,06061849
-0,05593717
-0,07484172
-0,04092038
-0,05133386
-0,02700788
0,006071699
-0,006084402
0,0001427045
-0,02367427
-0,02520425
0,01696945
0,000373173
0,005607425
0,009520564
-0,0003768093
-0,01317724
-0,03128133
-0,07163933
-0,06658357
-0,06865009
-0,0157341
-0,05362696
-0,0529789
-0,06379829
-0,0593228
-0,01303417
-0,0185294
-0,02055865
-0,006323037
-0,03256903
-0,0576613
-0,06990647
-0,0383044
-0,08622009
-0,101505
-0,05929235
-0,09416991
-0,05115525
-0,03990634
-0,07649808
-0,1249936
0,01933515
-0,03971037
-0,1519203
-0,05970624
-0,03275229
0,01598573
-0,1163596
-0,09253686
-0,05120501
-0,07849894
-0,03968673
-0,02126176
-0,05255982
-0,05358757
-0,03588346
-0,01210139
0,004880281
0,02685322
0,0008709372
0,01959408
0,02119772
0,02565677
0,01100533
-0,02604082
-0,02479254
0,01856572
-0,05900412
-0,05493957
-0,07505782
-0,08720111
-0,0576453
-0,05446203
-0,08842996
-0,0502797
-0,07361051
-0,04661029
-0,006104813
-0,01367601
-0,02037355
-0,09049096
0,003471098
-0,05052428
-0,04823715
-0,02939109
-0,03409139
0,01780151
-0,05891809
-0,02092123
-0,05398164
-0,07424814
-0,03546442
0,01777824
-0,06852443
-0,03581079
-0,03972905
0,01123803
-0,05983724
-0,04825556
-0,1142216
-0,1723403
-0,08813347
-0,05412536
-0,05394715
-0,01187262
-0,02229942
0,01111711
-0,01634348
-0,007026584
0,01907116
0,003226813
0,001300018
0,01822778
0,004967166
-0,01889437
-0,02395706
0,007651448
-0,04554427
-0,09136907
-0,1427632
-0,05060048
-0,09833686
-0,09506785
-0,07611232
-0,0803949
-0,1022105
-0,09425025
-0,003224144
-0,07832395
-0,07770018
-0,003918772
-0,01295545
-0,07326791
0,02916192
0,04320207
-0,02709611
0,09053925
0,0001994488
0,05101416
0,04915147
-0,04770338
-0,006653499
0,109927
-0,004647085
-0,02107127
-0,003751357
-0,01069559
-0,08223613
-0,1185605
-0,1691033
-0,03535411
-0,04173239
-0,1018864
-0,05453513
-0,08511303
-0,04014746
0,0002700069
-0,02448252
-0,009890711
-0,00843741
0,0009595379
0,01602026
-0,02523384
-0,02151148
-0,02535793
-0,05472049
0,002304611
-0,07492357
-0,1044183
-0,1341282
-0,08226468
-0,07298797
-0,09233673
-0,1682291
-0,1096897
-0,130318
-0,04708311
-0,0233956
0,008583848
-0,0187149
-0,06439286
-0,09238816
-0,06873796
0,06064891
0,02936581
0,02859601
-0,01367782
0,04160159
0,1692655
0,03460465
0,02484964
-0,1181163
0,01551981
-0,06545732
-0,04894226
-0,0838911
-0,06548907
-0,2115897
-0,09579268
-0,07075482
-0,1219735
-0,03188328
-0,1184939
-0,1342178
-0,007051731
-0,03452572
0,003736334
-0,02981316
-0,04147667
0,0001655427
-0,03136233
0,0004452358
0,01979167
0,03813557
-0,07596412
-0,03098063
-0,1215096
-0,08912379
-0,05873089
-0,08551102
-0,0841685
-0,1304587
-0,002759363
-0,06943414
-0,1025187
-0,1211099
-0,1095165
-0,03830624
-0,0631111
0,009268551
-0,0300405
-0,1700361
-0,02353425
0,01690331
0,05584601
0,132096
-0,0924378
0,124415
0,01156732
-0,04991193
-0,03904522
0,048211
0,1155984
-0,1189032
0,03360094
0,01321086
-0,06784714
-0,06785995
-0,02914584
0,01598066
-0,1400389
-0,001220905
-0,02732332
-0,1739356
-0,0563866
0,0015227
-0,02731584
-0,04617754
-0,02788003
-0,02959075
-0,03288374
0,01143969
0,02395866
0,006481783
-0,03972538
-0,05156798
-0,06955575
-0,1036668
-0,1329023
-0,07333454
-0,1090458
-0,171459
-0,146938
-0,04961085
-0,1019056
-0,06579853
-0,02700467
-0,01736846
-0,01321469
-0,1199761
-0,121253
-0,03334909
-0,1027091
0,07652384
0,06662818
0,07858892
-0,06000083
-0,02804672
0,01420313
-0,05310653
-0,07270717
-0,06880638
-0,1199714
-0,1165456
0,1171731
-0,02389574
0,05268224
0,07836993
-0,04614349
-0,1983203
-0,1403092
-0,2588538
-0,04640057
-0,09363114
0,006603707
0,02661815
-0,02881057
-0,03546301
-0,04567128
-0,002786684
0,004403655
-0,004190003
0,01066187
-0,02959274
-0,06732868
-0,04277542
-0,08491697
-0,09783623
-0,03646101
-0,06918842
0,007924682
-0,2670856
-0,06475843
-0,169127
-0,1685568
0,07906014
-0,03843256
-0,05277167
-0,05101087
-0,1403498
0,0499227
0,02707318
0,08403835
0,02734853
0,0242957
-0,03569934
0,1138891
0,137708
-0,09014053
-0,02867624
0,1113012
-0,009059335
0,1129861
-0,01223257
0,03122503
-0,05793108
-0,03365964
0,09577508
0,01605419
-0,01813824
-0,06422408
-0,07246295
-0,0668899
-0,08684901
-0,02714438
-0,1102127
-0,07962956
-0,05038086
-0,03379606
-0,01428412
-0,0160131
-0,002448998
0,007331225
-0,02640482
-0,02008521
-0,07190597
-0,06205998
-0,1932108
-0,1640111
-0,08468606
-0,1003267
-0,1188601
-0,1334388
-0,2797075
-0,2373614
-0,1085261
0,0005715726
-0,05326141
-0,0499326
0,09132458
0,06884526
-0,09826191
0,06806749
-0,02883437
0,01350958
0,04636969
-0,03013953
0,03201649
-0,09203114
-0,03208536
0,0398783
-0,1086417
0,007094975
-0,2747856
0,001419346
-0,02555358
0,0317171
0,1471148
-0,1332555
-0,06520148
-0,06570641
-0,09826625
-0,03066084
-0,186492
-0,08402091
-0,09158983
0,03077945
0,001672988
-0,03076044
-0,05049425
-0,04111078
0,02883898
-0,01118645
-0,02341133
-0,008955077
-0,04736691
0,00296189
-0,0967688
-0,1002712
-0,2672598
-0,2307908
-0,03314811
0,002007489
-0,09294891
-0,03013201
-0,03617034
-0,2728118
-0,1515439
-0,05058691
-0,001627823
-0,0002476661
-0,1178881
-0,02494675
-0,001944852
0,05250731
0,01831704
-0,06626339
-0,1574724
0,08128275
0,04795704
-0,1583329
0,01438554
0,03897093
0,08944006
0,1076196
-0,04192687
-0,011183
0,03653784
-0,1495234
-0,1931403
0,03746872
-0,1466522
-0,06252421
-0,02524479
-0,005793154
-0,05168835
0,05381399
0,02696065
-0,003559281
0,007986546
-0,005887186
0,009608611
0,01038116
-0,02294524
-0,0238737
0,02616024
-0,06660255
-0,00791369
-0,1222152
0,02215713
-0,1629286
-0,1862769
0,07061271
-0,01881733
-0,01644738
0,09901202
-0,1886209
0,1075308
-0,08720224
-0,06464995
-0,1876673
0,006932665
0,1063401
-0,03340036
-0,1648709
-0,03218703
0,0538953
0,093669
0,1289699
0,07134994
0,03456235
0,0402441
0,1523196
0,1118507
-0,06218361
0,05822742
-0,07792693
-0,0007043873
0,04107664
-0,02518192
-0,009412508
-0,04428579
0,03332724
-0,0595418
-0,08423284
-0,0682584
-0,07271461
0,02779733
0,01878582
-0,0003078891
0,03024545
0,004661866
0,002306563
-0,001694741
0,0193647
0,02931426
-0,04790179
-0,03226097
-0,0020146
0,158337
-0,01328333
-0,1765259
-0,03981053
0,09067366
-0,03832346
0,12192
-0,04945456
0,0320562
-0,007992812
-0,1787435
-0,07770314
0,02736633
0,05029263
0,1544548
0,08858757
0,06896387
0,03511863
0,03007827
0,02390681
-0,05935035
-0,04884973
0,150194
0,06782573
-0,05155351
-0,005377605
-0,008420782
0,05167677
0,01264316
0,0176354
-0,01074712
0,1594748
0,09014097
0,02575658
0,0426728
0,008668453
-0,006964015
0,0003408894
0,04892873
-0,01526372
-0,02194279
0,03658688
-0,01659241
0,0200736
0,03739853
0,02303441
0,02979697
0,02610449
-0,01108416
-0,07867453
-0,03218485
0,214012
0,04840527
-0,04011596
0,05717176
0,05896051
0,1119066
-0,06894048
-0,1809789
0,09212091
0,0634377
-0,111409
-0,07706185
-0,1514154
-0,02945595
-0,1520722
0,002154572
0,0884954
0,2187649
0,02980478
-0,07105145
0,0717973
-0,1768343
0,03840806
0,1897935
-0,02753564
0,1565025
0,182888
0,008240594
-0,01137264
0,08604439
0,06715611
-0,04342826
0,03945674
-0,007205529
0,07974919
0,04227055
0,04863035
0,03392474
-0,008713081
-0,009051151
0,007842966
0,002994063
0,01364509
0,004769666
0,04235307
0,04078413
0,02890997
0,03509018
-0,08797643
-0,005526136
-0,03120055
0,03084579
-0,02082496
0,1478779
-0,00245539
0,08736489
-0,09940019
-0,1557592
0,134884
0,01822102
0,364416
0,06942133
0,03889065
0,04568625
0,06395423
-0,02434548
0,04482011
0,02693153
-0,08791767
-0,03801605
0,01745626
0,1108823
0,04670597
-0,0745153
0,2022957
-0,04081032
0,0424913
-0,005735466
0,1675506
0,05363671
0,1410341
0,08692027
-0,02523115
0,09575832
0,1760836
0,1053139
0,008633576
0,00346928
-0,03934049
0,006027485
0,006447651
0,02436764
-0,02622351
-0,006675779
0,009712084
0,04632305
0,09467936
0,1053584
0,03834837
0,1476692
0,1113799
0,006552169
-0,0442135
0,08733968
0,1721856
0,02419403
0,06675541
0,05582589
0,1680468
0,009605686
0,1397389
-0,02985736
0,0840624
0,1009661
0,0956291
-0,09081254
0,09732205
0,02275274
-0,005319152
-0,01935047
0,1362958
-0,076414
-0,02705669
-0,1650067
0,003512026
-0,0934495
0,08405788
-0,05616505
-0,0918611
0,08534132
0,04666461
0,02683712
0,1104914
0,1652429
0,06781856
0,1344282
0,04601237
0,0162813
-0,01005832
0,01217679
0,03964601
-0,02583559
-0,01590328
0,06662165
0,1135262
0,08337092
0,09723558
0,03196667
0,05249531
0,0855977
-0,03670511
-0,1218725
0,1488504
-0,05092749
0,04157184
0,03013396
-0,0323076
-0,01093823
0,1129764
0,1642962
-0,07307305
0,1967386
0,05537456
-0,05494968
0,09835651
0,03866752
0,01853688
0,06418934
0,104809
0,1281205
-0,06282158
0,01674194
0,04460958
-0,002751858
0,1938294
-0,01141072
-0,0724737
0,07309859
0,01592022
-0,01099152
0,1466171
0,09648557
0,07246418
-0,05868176
0,1151739
0,1452263
-0,03869889
0,04305449
-0,00446486
-0,005230937
0,04937326
0,02812119
-0,01825233
-0,02555166
0,02906829
0,03437746
0,03787556
-0,1214592
0,1345298
0,275156
0,1488674
0,02384529
-0,08764756
0,1905137
0,1425527
0,07237445
-0,01539086
-0,04353177
0,07751806
0,1424751
-0,04990079
-0,06194194
-0,017658
0,08484218
-0,04971953
0,07424691
-0,03558167
0,02825559
0,01232966
0,07037376
0,04412413
-0,0003976673
0,1044991
0,1006573
-0,03045266
0,07415574
0,1093358
0,1397959
-0,0008401095
-0,008152085
-0,008377061
-0,01721318
0,01506859
0,06119634
0,07168675
0,04362803
-0,07444557
0,003941926
0,01110825
-0,008267498
0,02212655
0,02038107
0,005542808
0,03887558
0,04366675
0,05761158
0,00866841
0,106295
0,09570589
-0,06385396
0,03767068
-0,09043599
-0,08488732
-0,03625054
-0,1091595
-0,03188477
-0,013332
0,2002578
-0,09756474
-0,1074438
-0,03848955
0,1579461
0,05518708
0,02473295
0,1312123
0,03439463
-0,05810574
-0,1278462
0,1887878
-0,0967625
-0,01683896
0,04868129
-0,1328496
-0,05505425
-0,09760362
-0,1037658
0,05897636
-0,01140344
0,06582407
0,1864115
-0,09384669
-0,0210026
-0,009316253
0,02499833
-0,002693957
-0,02812828
0,08520489
0,03414979
-0,005703621
-0,01143977
-0,01032281
-0,0228974
0,007682893
-0,003740764
0,03062735
-0,08350872
-0,09830969
-0,09637917
0,1518985
0,07855694
0,01995618
0,01717844
-0,09919243
-0,1089211
0,04139203
-0,08416546
-0,05298029
0,2743125
-0,08124431
0,01561431
-0,04558282
0,04237916
-0,006054372
0,07632542
-0,1342202
-0,04220707
0,1433488
-0,08749533
-0,1153599
-0,09043621
0,02271512
-0,1457273
-0,1550068
0,01112233
0,0728737
0,01393775
-0,04295351
0,1748851
0,01164302
-0,02784061
0,06212257
0,08041761
0,07260024
0,03982336
-0,009849896
-0,03242721
-0,02598495
0,04288771
0,01979018
-0,009945427
-0,01256102
0,02296073
0,02356663
-0,003206656
-0,009339156
-0,09145801
-0,07083338
-0,0622901
-0,08453994
0,05876866
0,026274
-0,03042784
-0,04566358
-0,2776095
0,01437502
-0,06019713
0,0870814
-0,07886901
0,1016482
0,1069951
0,0920219
-0,1566008
0,007550276
0,1563905
-0,02792889
0,01616025
-0,06390409
-0,1865388
-0,1929242
0,121668
-0,08580971
-0,109987
-0,1083334
0,01636639
0,1511334
0,03889919
0,08128425
-0,0720159
0,1785628
-0,01435211
0,002395233
0,1388932
-0,05104917
-0,003326609
0,01625018
0,02692834
-0,01064575
0,04970585
-0,002292024
-0,03226105
-0,06506713
-0,01290576
0,0595173
0,03604683
0,0609589
0,1179519
-0,06720424
-0,1219921
0,08231705
0,03695226
0,04399521
0,03452251
0,116531
0,05388525
0,07100423
-0,01480046
0,02706422
0,003920936
0,0897762
-0,1382235
-0,08784635
0,04266354
0,06027602
0,006248824
0,07341211
-0,1865471
-0,02295035
-0,06286561
-0,1382327
0,1454889
-0,06672109
-0,05946748
-0,1222257
-0,0759216
0,01760074
-0,07764871
-0,1252435
0,1035517
0,1018585
0,05117586
-0,009738873
-0,0004409957
-0,03428888
-0,01510388
-0,004620743
-0,01472867
0,02949518
0,0415305
-0,05859418
-0,05107582
-0,02676352
0,00243892
0,009949916
0,1098818
0,03297501
0,03967537
-0,08518986
-0,1444346
0,05302942
0,002169339
0,007995154
-0,1211894
-0,07258648
-0,2180297
-0,0463826
0,05484418
-0,1147055
-0,1768106
-0,0180362
0,07258423
0,2125279
-0,09283714
-0,1008886
-0,04393238
-0,1056264
-0,09186426
-0,04670332
0,1486621
-0,1371785
-0,05149855
0,04104312
-0,03705999
-0,07495925
-0,1156523
-0,1287908
0,01713278
-0,0562161
-0,006068878
-0,1809678
-0,1793449
-0,08742115
-0,106789
-0,1302733
-0,1146146
-0,01946615
0,08338071
0,04794227
0,01186378
-0,04104617
-0,004491148
-0,02692994
-0,01611104
0,005500294
0,01944192
0,005543132
-0,04431173
-0,07892929
0,01326832
-0,004762941
-0,01272241
0,1191625
-0,0007664099
0,1019064
-0,007209725
0,07261811
-0,1244189
0,107534
0,04901288
0,05853175
0,02773362
-0,1103889
0,06886474
-0,07951139
-0,01342196
-0,1044667
-0,02300232
-0,05614466
-0,1335241
-0,1137407
0,03674158
-0,05859554
0,08468784
-0,0514256
0,01867699
-0,002495436
-0,05643055
0,2059712
-0,02704322
0,01990591
0,07942875
0,02490137
-0,02813723
-0,08904289
0,009438916
0,09065693
0,05171929
0,03230632
-0,01009076
-0,04443355
-0,00259819
-0,03227184
-0,02334834
-0,03882211
0,0438485
0,1695123
-0,04162331
0,0690079
0,0307798
0,03467694
-0,003889278
-0,03649656
-0,0506221
-0,03003578
0,01911048
-0,01056158
-0,1271897
0,043083
-0,06370199
-0,03919461
-0,07634493
-0,006131891
0,07695255
0,1067052
0,1277018
0,06376927
0,02877743
-0,1399442
-0,05435598
-0,0823553
-0,03475763
-0,02353243
-0,1194039
0,09299855
-0,109011
-0,02893098
-0,02875046
-0,07384656
-0,06989327
0,007053622
0,05197145
0,09946338
-0,1019245
-0,0763272
0,0151216
0,0866995
0,03767354
0,05535191
0,005626717
-0,04547657
-0,02835759
-0,01255761
-0,01345449
-0,01015038
0,01933298
-0,005849482
-0,119881
-0,02214435
0,06987902
0,2382225
-0,0718742
0,008644293
0,1985433
-0,00490703
0,07612865
0,1368122
-0,01877761
0,0206345
-0,04109767
0,01014609
0,04799329
-0,011505
-0,05516565
-0,0486546
-0,1584834
0,03942565
0,0401535
-0,1834031
0,02423878
0,1424416
-0,01023806
-0,01333055
0,2014077
0,1822599
-0,1106195
-0,1565412
0,04598193
0,1337608
-0,06271734
0,01549957
-0,128018
-0,08358948
-0,09667007
-0,04632546
0,03702501
-0,04968253
0,01761142
0,0123656
-0,007235705
-0,04807805
-0,02664048
0,01811863
0,02101468
0,02792581
0,002154808
0,03682056
0,08710162
-0,04382396
0,01068109
-0,1211126
0,05468369
0,1347331
0,03010956
-0,1129275
0,03657224
0,04389957
0,09099048
-0,02052603
0,000879098
0,03690188
-0,01097342
-0,04159557
-0,07910033
0,006655173
0,04427848
0,06902165
-0,0588816
0,08589025
-0,04106434
-0,216611
-0,0433338
-0,1344945
-0,1906601
-0,1047937
-0,0277899
-0,1238765
-0,03182767
0,06102816
-0,08413275
0,02338111
0,05245382
-0,009058559
-0,002716935
0,03106293
0,08529048
-0,02674965
0,01081173
0,01827682
-0,02074723
-0,01396982
0,02570449
0,02058652
-0,003997871
-0,03768676
0,05550266
-0,02564608
-0,1147679
-0,03750626
-0,1138836
-0,03146218
-0,009823591
0,0843452
0,06452244
-0,02010638
-0,0280221
0,005531461
-0,06771174
0,06628097
-0,1257454
0,07822923
0,0855578
-0,03088041
-0,1713691
-0,1131632
-0,003784169
0,03718023
-0,2051617
-0,0665902
-0,08083277
0,06607574
0,1559575
0,03998967
-0,08501667
0,008546897
0,0522573
0,02625437
0,01051205
-0,0826461
-0,04821206
-0,1152221
-0,002791218
-0,1179045
-0,0446349
0,009934483
0,01925922
-0,06640899
0,008647486
0,01324377
0,00824645
-0,008959268
-0,02246424
-0,03216268
-0,01127435
-0,008712173
0,07672837
-0,06953657
-0,1365002
-0,1892826
-0,01248305
0,02371831
0,09536829
-0,1071728
0,01307815
-0,07268985
0,1111382
-0,01555071
-0,1636346
-0,1021051
-0,01272983
-0,09722857
-0,07965078
0,1539823
0,07043064
0,1997528
-0,1049129
0,1262991
-0,05537668
-0,02497812
-0,01783151
-0,1010832
-0,04015106
0,03304512
-0,1634475
0,01121961
0,1748436
0,05947465
0,1587784
0,1814211
0,08720023
-0,07084433
0,1561474
-0,1560437
-0,007421382
0,06988914
-0,07483062
-0,05327181
-0,009417293
-0,03782507
0,01813295
-0,02195792
-0,01345046
0,01808858
0,0002233548
0,01038101
0,03849228
-0,09000001
-0,1358122
-0,1405805
-0,1086587
-0,1927781
0,1487655
-0,06925187
-0,008092675
-0,07583648
0,1280525
0,001513835
-0,138607
0,02344514
-0,07484002
0,1981761
-0,1838149
-0,03903687
-0,0275359
0,02448693
0,01933859
0,07585448
-0,03497871
-0,08900337
0,1281638
-0,01508913
0,1386528
-0,02803475
-0,2097206
-0,01339504
-0,001109236
0,03608433
-0,03093495
-0,1012098
0,1900011
-0,07018407
0,06669941
0,02356968
-0,04716861
-0,0287761
-0,01868155
-0,003997308
-0,01150741
-0,01113674
0,006378355
-0,03478458
-0,007784312
0,01066182
-0,006749131
-0,02366404
-0,02981196
-0,1829204
-0,07556228
-0,03717822
0,01035382
0,0689631
0,1545914
0,07789984
-0,124171
-0,1217696
-0,03234886
-0,02615931
-0,09333043
0,1169907
-0,03270831
-0,008672518
0,01442316
0,01389107
0,07890719
-0,08845469
0,03404923
-0,1899091
-0,03233012
-0,0230572
-0,01266601
0,06709761
-0,07768089
-0,09171139
0,04171636
-0,1515393
-0,07539451
0,05464455
0,07905867
-0,04169139
-0,04440926
0,0967675
0,06559171
-0,1143719
0,01003565
-0,001841409
0,02559692
0,05796885
0,03374811
0,01553556
0,01928993
0,01883488
0,02031466
-0,0007986589
0,004095217
0,01831147
-0,05061819
-0,02108946
-0,07422407
-0,09079066
-0,06802613
-0,1444789
0,0192863
-0,05283783
-0,05667867
0,008918113
-0,0157004
0,00785954
0,02393091
0,16483
0,06114558
0,1724505
-0,05409558
-0,04036039
0,2186396
-0,1772931
-0,02596352
-0,02364496
0,1130603
-0,02851964
0,1617799
0,03440903
-0,05944429
-0,001525637
0,05545909
-0,0152761
-0,03246465
-0,05988376
0,06977387
0,07401697
-0,1993551
0,1100584
-0,006367675
-0,06894728
0,1285806
0,1003693
0,004913258
0,07621442
0,03893038
-0,03708906
0,004121885
0,01689863
0,02640643
-0,00601338
-0,01628683
0,0692291
0,04487956
-0,01781787
-0,008388996
-0,1500685
-0,007843779
-0,09807166
-0,06776975
-0,1212042
-0,03805728
-0,0501564
0,08460894
-0,07788023
-0,02965478
-0,02591899
-0,2104624
-0,1890518
0,03127296
-0,09032376
-0,02557799
0,07731634
-0,1103962
-0,1052334
-0,1127206
0,03844532
0,01168282
0,0846971
-0,01180993
0,1116516
0,07636099
0,136077
0,1388142
-0,01419352
-0,2200993
0,1236524
-0,0791555
0,1181243
0,05822638
0,08649884
0,09525134
0,1022187
-0,006129224
-0,03799467
0,02547267
0,008769929
0,04620483
0,03055823
-0,002443237
-0,009441469
0,02045918
-0,04044344
-0,0120082
0,0670254
0,1657077
0,0954627
-0,001230212
-0,02453451
-0,1026243
-0,07966961
0,1179982
0,05436639
-0,1572645
0,1348596
-0,04202877
0,09460676
-0,1088148
0,186234
-0,02164367
-0,002068132
-0,117868
-0,06860454
0,1581137
0,06326435
0,03856934
0,06140411
-0,2080884
0,04279934
0,04425776
0,006817415
0,0103768
-0,1731317
-0,05567371
0,04635524
-0,1522192
0,02874822
-0,1005686
0,02628829
-0,08821084
0,002360109
-0,1210538
0,06385436
-0,0166811
-0,04773407
0,008227598
0,05306114
0,08225699
0,01830087
0,03831757
0,03568935
-0,0003298585
0,02559086
0,01035113
-0,03023642
0,02297053
0,1700166
-0,009942293
-0,08270505
-0,088591
-0,005980368
-0,05910534
-0,09096318
0,04713558
0,08583517
-0,08983797
-0,09269714
0,06509878
0,09578909
-0,09570486
-0,1161615
0,006091457
-0,04038636
0,04884127
-0,04010818
0,06679414
0,07846141
-0,06206981
-0,03858566
0,009936918
-0,0991936
0,06087816
-0,07631572
-0,05337703
0,1261395
0,1132535
-0,1007498
-0,02586852
0,07671404
-0,152667
0,1324179
-0,1263744
-0,01452479
0,03852593
-0,06656759
0,04540996
0,06476483
-0,01640139
0,02991733
0,03100561
0,01898857
0,02400135
-0,02465092
0,03039425
0,02548456
-0,09397783
0,05452174
0,0781562
-0,1158635
0,03069969
0,1270408
0,09564119
-0,06297786
-0,05374108
-0,1558501
-0,03891944
0,01272555
-0,01087655
0,07309257
-0,06471227
-0,0844823
0,2159276
-0,1537375
0,07642003
-0,112105
0,08452994
-0,04398109
-0,02661994
-0,1371178
-0,03350175
-0,1052706
-0,06418697
0,0274054
0,1509742
0,0421589
0,006600931
-0,03983096
0,005613084
0,01061329
0,02857395
0,06977051
-0,1737652
-0,03561251
0,01620143
-0,0716713
0,003568494
0,04050677
-0,04080063
-0,02210855
0,03592714
0,009379917
-0,01059468
0,02193718
0,01159582
-0,08225679
0,06366619
0,1300096
0,023873
-0,1865622
-0,09551299
0,08662316
0,01346338
-0,03091991
-0,02306706
0,1466412
-0,0390778
0,08086035
0,01596422
-0,05405998
0,01728926
-5,062819E-05
-0,06810163
-0,05893895
0,005655043
-0,02983906
0,03512901
-0,02852419
0,05856029
0,01074585
0,07599612
-0,05545107
0,02438018
-0,06904303
-0,06690699
0,07508897
-0,01571358
-0,07116695
-0,01793712
0,1285982
-0,07626205
0,003793096
-0,04012318
-0,02217627
-0,001842031
-0,02640078
-0,04830406
-0,02542623
-0,01431771
-0,005301476
0,03569153
0,04479998
-0,001443504
0,02632762
-0,002720243
0,06264755
-0,07479277
-0,003721276
0,03643006
-0,07989198
0,1471088
-0,07553256
-0,08030041
-0,05313076
-0,03173937
-0,03341645
0,02962736
-0,02959876
-0,01060287
0,09537442
-0,08433557
0,06358292
0,01706307
-0,1063583
-0,04735968
-0,07773677
-0,02539197
-0,03255291
-0,1215122
0,04953782
-0,04929288
-0,07365063
0,1266877
0,05818047
-0,07241882
0,01971846
0,0567808
0,02832027
-0,07129299
0,02594621
-0,01423772
-0,05153649
0,1222439
-0,05003598
0,03189602
0,0467832
0,06168079
0,08062801
0,01729592
-0,007372219
0,02375711
0,002906357
0,01383892
-0,00997229
-0,08790615
-0,04912503
-0,05106954
0,09058023
0,1117291
-0,01395683
0,0004468061
0,07258607
-0,04424323
0,1116618
0,07580224
0,0518498
0,007427333
0,07324214
0,03331682
0,05583454
-0,01645654
0,003731766
0,1883432
0,106687
-0,1125823
-0,05500802
-0,0803511
0,1096904
0,0432806
-0,07250514
-0,1313268
0,08799767
0,06360076
-0,0342576
-0,01517641
0,05551216
0,08301507
0,1088064
0,01356491
0,02975382
-0,1832997
-0,1819453
0,08877392
0,01149963
0,09901753
0,06223067
0,005884038
-7,013113E-05
0,07560214
0,02715157
0,01792503
0,01667325
-0,02299437
-0,01552692
0,01712076
0,01869993
-0,07906631
0,002493178
0,09973685
0,1066568
-0,04632846
-0,114819
-0,01271368
-0,08752731
-0,1015204
0,01570946
-0,05615078
0,04757907
-0,1221407
-0,1490427
-0,007865069
-0,1345389
-0,04030693
-0,09907144
0,02722078
0,00630703
-0,1467033
-0,01911892
-0,05275939
-0,06529719
0,03779495
-0,04812898
-0,16983
0,08166494
0,1296927
0,06107704
-0,2204397
-0,1011669
0,1590622
-0,1953055
-0,0547838
-0,04705482
-0,03624753
0,01676354
0,01639224
-0,06520451
-0,03673515
0,01757951
0,03605277
0,05791083
0,01762013
0,02645204
-0,02005367
0,01234975
-0,09047762
-0,06269797
-0,09519955
0,01286981
-0,2096577
0,07295786
0,08670998
-0,01712343
-0,01516214
-0,04166046
-0,04026552
0,1225051
0,1123256
-0,09342901
0,1165761
0,02992401
-0,05938328
0,0649346
0,0541271
-0,003791216
0,06429205
-0,1292196
0,05174038
0,04565329
-0,1352385
-0,009362572
0,1462094
0,01373972
-0,06720847
-0,07082611
0,004418822
0,125568
-0,06931373
-0,0017267
0,1834066
0,05294917
-0,04378197
0,110046
-0,08419119
-0,06300267
0,02730545
0,04525809
0,05091203
0,0252378
0,05446608
0,01380254
0,001405535
-0,005213237
0,004719561
0,008681188
-0,03277023
-0,002484039
-0,03890657
-0,05076559
-0,05672386
-0,05373022
0,1221425
0,1363823
0,03389863
-0,09280551
0,1072221
-0,08612327
-0,02033117
-0,0343336
0,09585822
-0,01777859
-0,1026559
-0,1990266
0,1579008
-0,07113632
0,06296741
-0,06773616
0,09632719
-0,04183427
0,03077836
0,06261723
-0,1691933
-0,04948054
-0,1213813
-0,1722156
-0,04820789
-0,03664121
-0,1639795
0,11078
-0,1354725
-0,05201513
0,03540128
-0,03920339
0,1340486
-0,07220528
-0,02765027
0,02763682
0,02904699
-0,03657766
0,02233969
0,04815445
0,0263593
0,005350249
0,01498517
-0,02094324
0,03723985
0,1101752
0,08440916
-0,006676416
-0,08542042
0,07440506
-0,07793697
-0,07255618
0,01237529
-0,01585439
0,1228947
-0,1177215
-0,06092497
-0,0468264
-0,04641783
0,0344061
0,04607004
0,1091485
-0,03504733
0,182441
-0,05996688
0,1558505
0,03738399
-0,08759882
-0,01869621
0,1101632
0,02849602
-0,0635057
-0,03925559
0,1081708
0,2126091
-0,01571797
-0,1453415
-0,04041601
0,02716814
-0,02434299
-0,1995825
0,1114395
-0,0208583
-0,03010357
-0,09461118
0,049433
0,02504007
-0,04752288
0,02692938
0,02058188
0,05263848
0,01963376
0,006811288
0,004403503
0,01813294
0,0959549
0,03210732
0,05192794
-0,05483386
-0,007440792
-0,0003651324
0,1162825
-0,03276048
-0,02789645
0,005240358
0,08114301
0,08356636
0,001849009
0,02760069
-0,1172984
-0,0241092
0,1396084
0,004994553
0,1029998
-0,143475
-0,1868922
-0,04242728
0,0590518
0,06156362
-0,1058835
0,08259161
0,01141302
0,07045367
0,03825042
-0,02755025
0,09126778
2,941145E-05
-0,08516381
0,05313086
-0,02859171
-0,02291005
0,02377564
-0,08601837
0,009735805
0,01469542
0,04213907
0,003253603
-0,006902637
-0,07084051
-0,01064585
0,02031181
0,02691767
-0,0155735
0,01306406
-0,006428299
-0,02724149
0,04050123
-0,09897514
0,1270363
-0,05804615
0,1016958
0,04055361
-0,1160012
0,01819155
0,03694143
0,005734296
0,05348308
-0,0937109
0,08878118
-0,07582489
-0,09732898
0,1446685
-0,1347432
-9,445539E-05
0,01719838
-0,02341771
0,0681868
0,00174455
-0,04359712
0,01585896
-0,202295
-0,1065699
0,1659274
-0,08072137
0,06304781
0,1284233
-0,03100878
0,07109243
-0,0303801
-0,05345135
0,03463395
-0,1789833
-0,07910913
0,1507862
0,1208069
-0,0533987
-0,1009765
-0,03525208
-0,1025958
-0,05688427
0,01117928
0,008624039
0,02521248
0,03007888
0,05002275
0,08534634
-0,0008451227
0,06793442
-0,0349306
-0,04490721
0,1010697
-0,1139919
0,06933232
0,05888142
-0,00298446
-0,08482655
-0,1422395
0,01438015
-0,04230265
-0,1906707
-0,1031401
0,03660573
-0,03697352
-0,07492737
-0,04111031
-0,05185032
0,03899741
0,09671067
-0,1152319
0,06725492
0,06816813
0,003709084
-0,3131281
-0,01160556
0,07400811
-0,2600893
-0,07940914
0,2084668
0,02570315
0,001962416
0,104429
-0,09213776
-0,08165438
0,05855745
0,15451
0,05224823
-0,01556863
-0,07703312
-0,04118413
-0,05183943
0,02400049
-0,002194173
-0,0188422
0,02542427
0,08199572
0,104337
-0,01288269
0,181278
0,1198664
-0,1644086
-0,03001244
0,01690306
0,06192877
-0,06883862
-0,01492531
0,06264388
-0,1246692
0,1372843
0,01629935
0,1078593
0,005558221
-0,05879161
0,1584993
-0,01215876
-0,0486968
0,02404406
-0,03014567
-0,04954024
-0,1115292
0,1088613
0,09728415
0,009920022
0,1965032
-0,03333784
-0,1161943
0,0110924
0,02754581
0,1251078
-0,06412362
-0,05297459
0,07956522
0,05062664
0,06956938
0,1142246
0,09117383
0,08859489
0,02840906
-0,1187825
0,007455221
0,03510159
0,0125213
-0,004205312
-0,003346754
-0,0213028
0,02265793
0,01637715
-0,04323451
-0,009657782
0,03992228
0,08779477
-0,01962414
0,01374512
0,03721195
-0,1663914
-0,06662702
-0,05371213
-0,05238036
-0,003687931
-0,0603418
-0,05794495
0,1855313
-0,0651176
0,04715157
-0,02022398
-0,1089347
-0,07628471
-0,03729067
0,09698086
-0,003552817
-0,08349187
-0,1261743
-0,05712479
-0,110446
-0,02893496
-0,06265794
-0,1937703
-0,03776581
-0,02492213
0,1051705
-0,07089829
0,04811642
-0,1150196
0,08339447
-0,04150191
-0,02006293
0,03134362
0,02654768
-0,06724978
-0,01913452
0,04269413
0,01032799
-0,02317595
-0,008476673
-0,02705185
-0,0314247
0,009763779
0,04783814
-0,02283393
-0,06290484
-0,04661995
-0,1156512
0,08713169
-0,08249246
-0,04955192
0,1224703
0,1447416
0,04216971
-0,02513709
-0,03983945
-0,01616908
-0,08760287
-0,03724483
-0,1572995
-0,113509
-0,06978991
-0,02279661
0,0203789
-0,03446988
-0,02963813
-0,06806877
-0,05717026
-0,02772214
-0,0336245
-0,06494212
0,01506496
-0,07444409
-0,02629844
-0,01254117
0,03413605
0,03766837
0,03596653
-0,1085593
0,07436343
0,1225186
0,03856951
0,09504163
0,04384309
0,03638656
0,1077326
0,08162295
0,01715145
0,02135989
-0,02353761
0,03929685
0,02022873
-0,03421426
0,02746776
-0,01359028
-0,05624491
0,09651371
-0,04716377
-0,04824112
-0,031193
-0,1498741
-0,131164
-0,1533531
0,1023995
-0,02011686
0,09144798
0,1144655
-0,1171593
-0,06513474
-0,053437
-0,02738295
0,05866075
0,0473981
0,03429832
0,01196351
0,02215291
-0,06478865
0,00144204
0,1210166
0,02925521
-0,1516419
0,02918505
-0,06025392
-0,2110134
0,1332759
-0,2774393
-0,04236808
0,09530915
0,0305677
-0,07225156
0,08698519
0,04119291
0,0495933
0,02178682
-0,06630441
0,02112907
0,05240983
0,01194738
0,02082673
-0,02248877
0,04683423
0,01319135
-0,004858839
-0,008242379
-0,08177663
0,03287279
0,06211599
0,02019054
0,075045
-0,02968841
0,02331832
-0,03441595
-0,001069261
-0,07276799
-0,1598543
0,1396101
-0,2218152
-0,01008562
0,07927335
0,1152337
0,04890142
0,01407894
0,04987366
-0,09621849
-0,0538917
-0,001560056
-0,122882
0,0941805
0,0771008
-0,0691365
0,1351682
0,03270408
-0,021829
-0,1329047
-0,1224233
-0,1554697
-0,01182964
0,02720984
0,1044531
0,07907697
-0,006458489
0,04470419
-0,04376616
-0,09078442
0,002899504
0,006353145
0,004435978
0,03201538
0,02103352
-0,01449305
0,002580853
0,00598541
0,07160636
0,03067696
-0,04127244
-0,1032052
-0,1706071
0,03177884
0,1600334
0,08860312
0,0516219
-0,02489014
0,05461358
-0,00224011
0,09172028
-0,1679443
0,1159587
0,03193804
-0,02308434
-0,1810828
-0,08849678
0,0301675
-0,06680506
0,006680233
-0,130392
-0,1072455
0,03805086
-0,03452946
0,2778601
-0,04609569
0,07147381
-0,01961326
-0,1247646
0,00212244
-0,1383966
-0,06829288
0,005291311
-0,05565862
0,01547976
-0,1057338
0,01986393
0,03230307
0,08076915
0,017936
0,0484838
0,05737785
-0,05647862
0,03833875
0,04002293
0,007571898
0,003916983
0,04887153
-0,04135311
-0,01413501
0,02337145
-0,06231835
-0,04056292
0,1236501
0,06432687
-0,07146145
0,09947278
0,1680989
0,03531106
-0,08084905
-0,008599339
0,009718628
0,128697
-0,09839451
-0,009685018
0,1410183
-0,003167869
-0,1691037
0,004588415
0,006684507
0,0241085
0,05958138
-0,01500427
-0,1658973
-0,03757733
0,08795475
0,05429846
0,06161671
0,1474118
-0,01374311
0,007509651
-0,07397687
-0,1178745
0,09738947
0,03844646
-0,1280259
0,03542005
-0,07377209
-0,017736
-0,04482598
-0,03434487
-0,004364845
-0,01863736
-0,003873016
0,008750886
0,001705022
0,06065169
0,010571
-0,05237349
-0,02845338
-0,03911265
-0,1048603
0,005036296
0,1164244
0,1255259
-0,07160442
-0,02428206
-0,04018978
-0,06977884
-0,008911678
-0,1523896
-0,0122122
-0,1022414
0,02031262
0,01500615
-0,1083035
-0,01445867
0,004241583
0,02940815
-0,04130131
0,09348144
-0,06837946
0,05422672
-0,1072381
-0,01440791
0,1638953
-0,04058147
0,06929822
0,01947212
0,07591147
-0,0260474
-0,04840128
-0,1589797
0,06756453
0,09720965
-0,003428261
0,1037335
0,0858805
-0,07395203
0,02479532
-0,01040522
-0,01646195
-0,02323717
0,0317093
-0,0116402
0,02147027
0,01570851
0,04531114
-0,006641416
-0,03227195
-0,02242642
-0,05274346
-0,1245052
-0,04773298
-0,03732112
0,01127558
-0,03706847
-0,05950344
0,1076049
-0,1429755
0,06235429
0,07862774
0,0262816
-0,0795489
-0,1278405
0,1051945
-0,04906982
0,0004832161
-0,1921404
-0,1060665
0,01753116
0,08721048
0,05734288
0,01385782
0,0817401
0,0007355855
0,1331195
-0,04684062
-0,1064714
-0,09545476
0,08479716
-0,0780251
0,01578039
0,1002726
-0,03965148
-0,05136856
0,09054992
-0,005153934
-0,07163843
-0,09294639
-0,02017938
0,01432573
-0,003413279
-0,004737736
0,03305047
0,00190849
0,03195659
-0,03212945
0,01376916
-0,02877149
-0,03205558
0,0122736
-0,05531534
0,01751283
-0,0788286
0,02513018
0,09891409
-0,04798234
0,08859998
0,1650869
0,05781576
-0,05787533
0,04876656
0,04124949
0,09070377
-0,04075278
0,01774601
0,1916182
0,07418428
0,05301306
0,1076544
0,03134824
-0,06720434
0,04895547
-0,1359055
0,04567871
-0,1223083
-0,08971854
0,0004871312
-0,08629511
-0,1183353
0,08712737
-0,0324115
-0,07214763
-0,004227354
0,02657734
0,02227422
-0,08396818
-0,1548414
-0,05844386
0,008634246
0,02618038
-0,04759265
0,009120729
0,0573782
-0,003953903
-0,004915208
0,05908186
0,05775138
0,043748
0,03688898
0,09358843
0,02898826
0,06874004
-0,06717664
-0,1418293
-0,1135752
-0,08906411
0,1477835
0,01333913
0,01908389
0,0623567
-0,0917357
-0,03995546
-0,07551962
-0,1903685
-0,05330136
0,1542954
-0,03898858
-0,05988997
-0,01253206
-0,05461334
-0,0196104
0,09708286
-0,008698391
-0,01375337
-0,05040755
-0,04799876
-0,003590744
0,01994716
0,1230416
-0,120095
0,01165048
0,05334821
-0,04329019
-0,1623822
0,02262694
-0,003961564
-0,06863141
-0,015309
-0,0522048
-0,02044689
-0,01371763
0,008867298
0,02866757
-0,007812639
0,01825276
0,01003989
0,04318974
-0,0544221
0,0266607
0,09349976
-0,02211949
-0,1099874
0,07211529
0,06135803
0,02164465
0,02572362
-0,01557047
-0,07864825
-0,04497875
-0,08595932
-0,03290756
0,05334982
-0,01781653
0,1337642
0,003534408
-0,04221835
-0,03055363
0,01308313
-0,0192789
-0,1158721
0,06886666
-0,08069931
-0,01475422
0,1235202
0,114397
0,02623324
-0,03732675
0,1202189
-0,1093713
-0,09107823
-0,05056057
-0,02105835
0,0537992
0,0725746
0,0110185
0,02819307
-0,08502643
7,770874E-05
0,0003831148
0,008515761
-0,02486687
-0,008940125
0,03311438
-0,02109676
-0,02130425
-0,09819474
-0,0250516
-0,177284
-0,1409891
0,07037868
-0,06859142
0,01206037
-0,01072115
0,02730724
0,008252782
-0,1397436
-0,05885809
-0,04713111
-0,1260611
-0,07402013
0,127108
0,03465531
-0,1008988
0,08774137
-0,02090109
-0,1563654
0,1382025
0,2206468
-0,05513331
0,09104764
0,06067164
0,03809383
-0,211982
-0,118612
0,07895178
0,02291427
0,08620583
-0,08968763
0,08147191
-0,005777127
-0,01763278
-0,01604698
-0,1656912
-0,01299452
-0,04268429
-0,06844255
-0,07728676
-0,02181394
-0,03510354
-0,02102001
-0,02728418
0,04668651
0,02352116
0,007284411
0,01075515
-0,06127926
-0,009020977
0,001524907
-0,05754051
-0,1776204
-0,1775372
0,02683074
-0,04888741
-0,03524842
0,04663462
-0,0607945
0,05266926
-0,06290312
0,1325356
0,1365348
-0,05454817
-0,08115773
0,0141396
-0,08327156
-0,2189728
-0,04950812
-0,1097453
-0,01675386
-0,04096635
0,1817662
0,001579788
-0,02063599
0,06960451
-0,0508575
-0,2097308
-0,04207737
0,1028018
-0,03924331
-0,0256155
0,2068181
0,1332819
-0,1702987
-0,2177568
-0,1558719
0,0169671
0,01742742
0,008426812
0,06120916
-0,04782309
-0,05927551
-0,007928761
-0,005882194
0,03650383
0,01084493
-0,0286247
-0,06625087
-0,09224339
-0,1847427
-0,03573541
0,01328174
0,0306112
0,1059761
-0,1241083
-0,08092549
-0,1154022
0,03084162
-0,09048405
-0,02074476
-0,01051971
-0,1311111
0,124897
0,04716489
-0,08631956
-0,09560596
0,09121627
0,01630688
0,08369934
0,01820484
-0,08168834
-0,01900801
-0,1954406
0,03856618
-0,006801312
-0,2064831
-0,03626757
0,0003913507
0,1837486
-0,1029191
-0,1295628
0,002680401
-0,07316533
-0,1132193
-0,2117758
0,00776213
0,1044998
0,05335173
-0,06010325
0,02609052
-0,04180966
0,02961029
0,0667724
0,02474748
0,0166927
-0,02676018
0,02153182
-0,07262875
-0,05181921
0,03387614
-0,05894988
0,02192902
0,05333339
0,07960092
-0,02266831
-0,0462003
0,01212733
-0,00527641
-0,06080323
-0,1223696
0,08465888
0,09039834
-0,06051984
-0,01458219
0,08039951
0,04954175
-0,1358653
-0,03827041
-0,01731598
-0,1019846
0,05860294
0,03413962
-0,04299874
-0,04105846
0,1124666
0,1057754
-0,05621501
-0,0484779
0,009861381
0,02401596
-0,06121628
-0,115181
-0,09721994
-0,1630128
-0,2010635
-0,002114698
0,08740579
0,03633548
0,04695444
-0,01236823
0,01215817
0,05151849
0,01825075
0,008103867
0,01852719
-0,0164332
0,03550022
-0,04605571
0,01205595
-0,108941
0,003263771
-0,1532007
-0,03930991
-0,02447954
-0,06558256
-0,2141334
0,1101077
0,05997497
0,08205768
-0,09380332
-0,02753394
0,002236571
-0,2207412
-0,05196796
-0,02839998
-0,1307123
-0,03200807
-0,2288498
0,09120018
-0,2466771
-0,02872994
-0,152868
-0,145542
-0,09352519
-0,08937819
-0,09864717
-0,2177733
-0,1388266
-0,05778265
0,08385511
-0,03577396
-0,1601225
0,05351768
-0,2157194
-0,008478994
-0,02808166
0,06647608
0,02491642
-0,009956745
-0,07165655
-0,04360105
-0,01715109
-0,01760866
-0,008725013
0,0006387733
-0,01393184
-0,005074617
-0,01920048
0,04903317
0,01998699
0,03570958
-0,1119179
-0,05765477
0,07706388
0,08828179
0,02296482
0,08672912
-0,06293112
-0,01430514
0,03519727
-0,06254856
-0,1968353
-0,05219531
-0,2483349
-0,3510913
-0,0991037
-0,1231468
0,1151219
-0,2154047
-0,0945839
-0,08956088
-0,08882512
0,0003114942
-0,1239385
-0,0945935
-0,0434413
-0,04632875
-0,09523343
-0,08123421
-0,1048266
0,02037907
-0,1793951
-0,0643105
0,1086815
0,06872719
-0,05081586
0,05482956
-0,02120424
0,03708657
0,04067132
0,02579241
-0,01927759
-0,02050054
0,01589033
-0,01772825
-0,0075208
-0,04238352
-0,04915612
-0,004982079
0,004762276
0,1141969
0,1317683
-0,10576
0,0322469
0,09207661
-0,06295155
-0,01981417
0,1017585
-0,08296313
0,0673035
-0,08385888
-0,09956861
-0,02591709
-0,1033938
-0,07667892
0,04794153
-0,08906464
-0,01556338
-0,02615163
-0,06662115
0,1324698
-0,1012985
-0,055309
-0,02762199
0,1439589
0,0541808
0,1693176
0,08883495
0,0599486
-0,04469048
0,04975215
-0,01270924
0,0420947
0,06958714
0,01693119
-0,03626817
-0,03891082
0,002541873
-0,01981187
-0,03102238
0,01624256
-0,02377021
-0,0125651
-0,01265237
-0,02197932
-0,01783966
-0,004067032
0,009953441
0,02423363
0,09928849
0,009392704
0,08233133
0,1935818
0,1767689
0,2737302
-0,0159352
0,003869441
0,1046192
0,008640217
0,08162575
0,06551422
0,003644467
-0,07837654
0,0225393
0,1666755
-0,03623897
-0,1109309
-0,02402199
0,005175693
-0,02063799
0,05933184
0,07395811
0,2239253
0,1565351
0,08613054
0,3229885
0,1426286
0,03372559
-0,1541232
0,05589504
0,007442453
-0,08202272
-0,02580442
0,06705391
-0,0723103
-0,03805601
0,009662488
0,05451521
0,005201297
0,01870045
-0,01256047
-0,02530134
0,02772411
-0,02349774
0,03181022
0,003647173
-0,01472
0,03017097
-0,02968433
0,1100547
0,0391786
0,3793753
0,1053052
0,0231697
0,02541397
0,05262492
0,04235024
0,1968493
-0,03146784
-0,06346422
0,08947724
-0,03080905
-0,02611955
0,2121758
0,02001098
-0,114116
-0,03613516
0,1393221
0,06117074
0,1291191
0,07342396
0,2236699
0,2732187
0,1700728
0,1662631
0,1940073
0,04735288
0,1884798
0,1668316
-0,03075446
0,09105177
-0,1823556
-0,05382013
0,1207576
0,2426816
0,1011908
0,02183761
-0,01080566
0,001079857
0,01396821
0,0231306
-0,03175281
-0,007710251
-0,00213198
-0,01828342
-0,01913904
-0,002224425
0,06642603
0,03945657
0,1192661
0,2421288
0,1886932
0,140835
0,1832858
0,190629
0,07970069
0,01780505
0,1486676
0,03387483
0,1164813
0,1819156
0,2401892
0,1770514
0,1962552
0,1332827
0,07682081
0,2892142
0,1552396
0,2894409
0,3408054
0,2107349
0,1352681
0,3828884
0,1758228
0,3720158
0,1615585
-0,01511648
-0,1220584
0,03140669
0,06056277
-0,1342991
0,06184997
0,0721276
0,07882699
0,2020859
0,06871721
0,02151475
0,07596301
0,06761014
-0,03042993
-0,02451544
-0,009742463
0,004284587
0,0002077554
0,03875856
0,001999485
0,02122182
-0,049095
0,07127564
0,1725708
0,125115
-0,03063546
0,06751727
0,1589984
0,1823979
0,01152397
0,1931973
0,2462604
0,252474
0,08065592
0,2469637
0,2984012
0,3534063
0,2731622
0,3328014
0,3513041
0,3231636
0,3484657
0,1515376
0,4379969
0,1824003
0,2732884
0,4415302
0,1086576
0,1283734
-0,06475569
0,06586853
0,1566329
0,1206151
-0,0309572
-0,0779133
-0,002189006
0,105762
-0,01254894
0,1890478
0,02807795
0,0181746
0,009010884
0,2075827
-0,03900268
-0,0303359
-0,004160429
-8,075093E-05
-0,02335042
0,0363375
-0,02445575
-0,01142659
0,06263126
0,04266866
-0,01058752
0,01999547
0,1597814
0,08323981
0,1077916
0,07353532
0,09556094
0,02055111
0,09101454
0,3367999
0,1462201
0,0705099
0,2720291
0,2525339
0,1676708
0,4437996
0,1115506
0,05728891
0,1203355
0,1437489
0,2331338
0,08539907
0,403964
0,266096
0,1465832
0,2406229
0,1519539
0,09012968
0,03849985
0,06054344
0,03197731
0,1119903
0,3178325
0,1345366
0,09133547
0,1904155
0,01942232
0,02876921
0,1709973
0,1732511
0,01776545
0,005777484
-0,02052847
0,001187359
0,007451063
0,03609857
0,03034463
0,01199133
0,05885151
-0,03490373
-0,04592394
-0,1984145
0,04257029
0,07901811
-0,1581909
-0,06156875
-0,114325
-0,1408256
0,039624
-0,07535762
0,02230646
-0,0893936
0,07338537
0,1945806
0,2034152
0,1529399
0,18895
-0,0136421
0,03088471
-0,04747018
0,0736922
-0,1403903
0,03838367
0,1162801
0,01816161
0,1457931
0,1395957
0,1599032
0,2400707
0,1525489
0,1756408
0,05076311
-0,04470093
-0,1505828
-0,1814013
-0,1062622
-0,08733598
0,05246846
-0,001473298
0,03163785
-0,04426356
0,0054614
0,01424189
-0,008712587
-0,01856443
0,01303397
0,03057566
0,008204486
-0,03995803
-0,07543339
-0,1516061
-0,1926551
-0,347832
-0,2306834
-0,3005041
-0,08653167
-0,2498435
-0,2638094
-0,03196989
-0,2404057
-0,2352239
-0,07337484
-0,1844114
-0,1642596
0,04668291
-0,02617636
-0,1301901
-0,1980329
-0,007573701
-0,1338596
-0,08097916
-0,09869056
0,0589945
0,04768825
-0,06791981
-0,0163461
-0,1873849
-0,06722678
-0,06223413
-0,1521772
-0,1441576
-0,2408461
-0,1295437
-0,06250514
-0,334155
-0,1544082
-0,03022278
-0,06350332
-0,01189702
-0,009376513
-0,02181882
0,01229914
-0,03697586
-0,03245767
-0,01512947
0,0002003979
-0,004141117
0,006020938
-0,001067827
-0,07601848
-0,1318289
-0,07866206
-0,2317039
-0,2031259
-0,2048869
-0,1341454
-0,1539944
-0,1359939
-0,07923853
-0,2372496
-0,1298454
0,06742639
-0,2210098
-0,3322521
-0,2236988
-0,09575179
-0,07932739
-0,2874823
-0,3332567
-0,1409628
-0,1238762
0,1675982
0,161252
-0,02962468
0,05317048
-0,1748781
-0,1410214
-0,2152409
-0,2126125
-0,2078021
-0,2508599
-0,2320901
-0,2178654
-0,1639038
-0,2190379
-0,1775884
-0,04502196
0,01432117
-0,06382968
-0,04212781
-0,02114703
-0,02524741
-0,02511151
-0,003735744
-0,002963925
-0,0251277
-0,01884997
-0,01706998
-0,01082195
-0,04995049
-0,05530537
0,002448068
-0,09796462
-0,1293387
0,01339248
0,05398753
-0,06007734
-0,0230176
0,02954919
-0,150346
-0,1138949
-0,08539969
-0,2549385
-0,07850739
-0,2476485
-0,2282737
-0,2498678
-0,2449944
-0,1318385
-0,2458618
-0,2899415
-0,08044416
-0,07477167
-0,2922414
-0,2979167
-0,1399909
-0,2356688
-0,3969443
-0,44113
-0,5656868
-0,4880762
-0,300091
-0,2023413
-0,1793427
-0,088631
-0,1478113
-0,1356446
0,002160924
0,01323423
-0,01736749
-0,05344955
-0,05257944
0,0006052429
-0,03097962
-0,01653501
-0,01898382
-0,003300646
0,0200578
-0,01938076
-0,07410675
-0,06181067
-0,08061943
-0,117573
-0,09684654
-0,1153088
-0,1396746
-0,1869485
-0,3013972
-0,2953974
-0,05281014
-0,1057789
-0,1044967
-0,2981799
-0,2169798
-0,5638158
-0,6659566
-0,7696983
-0,6044512
-0,5960177
-0,5893492
-0,4687686
-0,3153653
-0,1756031
-0,2937379
-0,3055978
-0,258092
-0,2211353
-0,2696021
-0,2814623
-0,3595611
-0,3729996
-0,1709283
-0,2455867
-0,1257011
-0,1106418
-0,06310888
-0,1378093
-0,09210283
-0,04160556
-0,023588
-0,03380468
-0,03719512
0,02176372
-0,005350345
-0,000203327
0,002782434
0,01716998
-0,02114613
-0,03989562
-0,0433595
-0,03163473
-0,03080158
-0,05934938
-0,09432217
-0,0264191
-0,05845908
-0,0721484
-0,1306459
-0,1415923
-0,1506881
-0,2683595
-0,1589238
-0,3733138
-0,4416402
-0,4808075
-0,6068653
-0,50786
-0,6609047
-0,653797
-0,5192559
-0,5279213
-0,272161
-0,3782894
-0,2527224
-0,2424759
-0,1752812
-0,1144691
-0,1870901
-0,2666363
-0,2733198
-0,3070472
-0,1388777
-0,2536102
-0,08733914
-0,047765
-0,0200533
-0,03593314
0,02782383
-0,04126225
-0,004405685
-0,008079684
0,01201384
-0,0279206
-0,01313398
0,01312397
0,02187933
0,01877727
0,01089599
-0,03298368
-0,02082088
-0,03547877
-0,05615462
-0,07407442
-0,0213305
-0,04514484
-0,05068551
-0,07735886
-0,03943073
-0,2085918
-0,1006312
-0,08782642
-0,19951
-0,2763565
-0,3714779
-0,4809766
-0,4539184
-0,6129674
-0,583025
-0,5821082
-0,5219055
-0,5151111
-0,3766593
-0,3937837
-0,2317603
-0,2134407
-0,126254
-0,1189748
-0,1829302
-0,1606534
-0,1563781
-0,1939715
-0,1260108
-0,1443367
-0,1239776
-0,08470988
-0,06191513
-0,07794285
-0,06117101
-0,06713359
-0,01142943
-0,02295216
-0,0212746
-0,03708289
0,004760325
-0,01689168
0,003932132
0,00331889
-0,0251794
-0,01654164
-0,02062961
-0,001608646
-0,01821817
-0,02425288
-0,05805659
-0,0175148
-0,04498729
-0,08348515
-0,03850639
-0,1104849
-0,1307461
-0,111253
-0,1671746
-0,156382
-0,2570544
-0,3091175
-0,3355314
-0,3516128
-0,4860597
-0,4260264
-0,4425969
-0,481945
-0,3935624
-0,3466652
-0,2230367
-0,1382676
-0,1401494
-0,1018431
-0,05904352
-0,1107733
-0,1059414
-0,06804378
-0,06916441
-0,1008232
-0,01294945
-0,01760451
-0,04540332
-0,06028948
-0,03896224
-0,006765969
0,007623862
-0,01483279
-0,003118383
-0,01588087
-0,01142657
0,008913408
-0,03014826
-0,02946541
0,03029115
-0,01694652
-0,02680258
0,003364546
-0,00852826
-0,04873459
-0,04296469
0,00063839
-0,04425975
-0,0180558
-0,06185987
-0,0520624
-0,1040552
-0,09240016
-0,05900328
-0,07430636
-0,1199583
-0,1507242
-0,1938411
-0,3264221
-0,3153744
-0,3507191
-0,3552227
-0,3706548
-0,3085052
-0,375195
-0,2799262
-0,1773021
-0,114544
-0,08439782
-0,08484001
-0,09963844
-0,07901117
-0,09240621
-0,09334121
-0,06816535
-0,05466096
-0,02521684
-0,01867929
-0,0002885437
0,006699677
-0,01237584
-0,009230733
0,01493403
0,006255788
0,01895325
-0,01837951
-0,02607511
-0,0002660486
-0,02519159
-0,0002808053
0,01051121
0,01325586
0,01544399
-0,01652947
0,003855892
-0,03342295
-0,04394475
-0,004610855
-0,04247922
0,005482975
-0,08329685
-0,02098322
-0,03150599
-0,0710832
-0,08463341
-0,1260233
-0,144332
-0,1638672
-0,2068754
-0,2369043
-0,2324623
-0,2479098
-0,2445433
-0,2425429
-0,2346044
-0,1903854
-0,1558083
-0,1039429
-0,03765853
-0,06263112
-0,06516278
-0,07412852
-0,02694563
-0,03273929
-0,0158916
-0,03440601
-0,0440053
0,004300376
-0,02193867
-0,03628041
-0,02910041
-0,005333511
-0,01692366
0,0107207
0,01185925
-0,006479018
-0,01582802
-0,01042975
-0,0193217
0,01258654
-0,02209129
0,002555222
-0,01644598
0,02406628
-0,02500772
-0,005591562
-0,0159298
-0,02263548
-0,006821137
0,01222169
-0,007047334
-0,003810185
-0,03366559
-0,06019256
-0,03130069
-0,05484455
-0,06969734
-0,09884938
-0,1267203
-0,0932202
-0,1346477
-0,1758555
-0,1677052
-0,1625775
-0,1950566
-0,1358768
-0,1424887
-0,06523006
-0,03878247
-0,05534565
-0,04072885
-0,07035819
-0,04254379
-0,04601805
-0,00200753
-0,01248938
-0,02783121
0,01992362
0,003913879
-0,005978954
0,01364961
-0,03125563
-0,01957306
0,005422266
0,006626515
0,001658012
0,00530557
-0,01824788
-0,0293749
-0,02290929
0,006122493
0,01235848
-0,03005441
-0,01845095
0,02443072
0,03018092
-0,001901113
-0,02491434
0,006538303
-0,03405758
-0,01997103
0,01412432
0,003293055
-0,009775858
-0,05076139
-0,049073
-0,06601698
-0,04021068
-0,08781642
-0,0969971
-0,0881799
-0,05868788
-0,05545229
-0,05910226
-0,1068266
-0,06600891
-0,0382757
-0,05001376
-0,031438
-0,03221252
-0,05293262
-0,01073726
-0,01415342
-0,01081496
-0,01454262
0,02020074
-0,01967389
-0,0258347
-0,02240416
0,02513517
-0,01595605
-0,0223027
-0,02634818
-0,01014281
-0,02153872
-0,02545332
-0,00604553
0,005398552
-0,0008238588
-0,01465504
-0,01223422
0,01472331
-0,02327617
-0,03012767
0,01455645
0,01081579
0,01435562
-0,0198114
-0,02857687
-0,02787808
-0,04130322
0,01423254
0,002819242
-0,01796488
0,01502919
-0,01953723
-0,04227268
-0,05606756
-0,05596941
-0,06175056
-0,06570704
-0,07274026
-0,04270232
-0,06958263
-0,02538648
-0,05521299
-0,01616647
-0,01775376
-0,005759204
0,01575912
-0,02178923
-0,01448162
-0,02979431
-0,02498354
-0,02187787
-0,005817024
0,009884056
0,003402982
0,01061582
0,01483376
-0,02035145
0,02793323
-0,03005929
-0,02987628
0,03007277
-0,003469002
-0,000537584
0,01444855
-0,008036271
0,006562521
0,02234233
-0,01101381
-0,001323728
-0,01084922
-0,02360534
-0,01715209
-0,02346157
-0,02870289
-0,01658731
0,009824532
0,022962
-0,02580052
-0,001873485
-0,02640608
0,01519767
-0,004487967
-0,0008804231
-0,02509195
-0,0450766
-0,02351748
-0,007842217
-0,01752157
-0,03414382
-0,033416
0,008724521
-0,03330543
-0,03942859
0,001485471
-0,02693699
-0,01895239
0,0008378429
-0,0321343
-0,01931618
-0,03064606
-0,02648513
-0,03190036
0,02175775
0,01203922
-0,02293124
0,02905407
-0,008396807
0,01185185
-0,009915141
-0,02907454
0,01847557
-0,02650328
-0,005589944
0,0213712
-0,02232638
-0,006865137
0,01179813
-0,02797339
0,005590891
0,02284714
0,01688048
-0,01449959
0,02881709
-0,02125412
-0,01040587
0,02370151
-0,02240943
0,001031526
0,02595659
0,02805023
-0,03003869
0,01836731
0,01580594
-0,00653957
-0,0415142
0,01143782
-0,003988067
0,01448
-0,02085181
-0,02931195
-0,03248902
-0,02740695
-0,01644955
-0,01096289
0,0002284694
0,02147683
0,01501149
-0,01778301
-0,003964594
0,01044874
0,003704397
0,004995739
-0,004589152
-0,009567624
-0,01510915
0,02097104
-0,02784806
0,01620478
-0,005631924
-0,0199148
0,01851458
0,02119622
0,01673675
-0,009474551
0,0263431
0,0222623
-0,02025491
0,02277882
0,01842385
-0,01507079
0,01066927
0,01173147
0,01057447
-0,004493939
0,01656451
0,009539501
0,03029116
0,0086007
0,006762689
-0,004192159
-0,02259089
0,02402636
-0,03074502
-0,01982749
-0,01199122
-0,006870712
-0,005968871
-0,003572866
-0,0184479
-0,02210913
0,01573133
0,02411225
0,002524764
-0,02093429
-0,01078382
-0,01642515
-0,01110271
0,02497451
-0,006748665
0,0101292
0,01420937
0,02347044
-0,00607997
-0,0171746
-0,02827726
0,02361765
0,02533403
-0,02873212
0,005813369
0,005617686
0,02189928
-0,005321587
-0,02073065
0,02787043
0,03028635
0,02060858
0,01741415
0,003102185
0,02669416
-0,00318791
-0,008180444
0,007808262
0,005821866
0,006401617
-0,004753796
0,01358493
-0,02333064
-0,0002343885
-0,02752491
-0,001371861
-0,01239489
-0,0282209
-0,01709083
0,02547033
0,01206018
-0,0136291
0,002427568
0,0190037
-0,02179188
-0,001727245
0,002639706
-0,00238168
0,02600663
0,01068823
-0,009561693
-0,005106056
0,01689072
0,006468532
-0,01957778
0,001509469
-0,001671411
0,01803258
0,02959793
0,02738004
-0,01177359
-0,02298085
-0,01196709
0,01885806
0,01829837
-0,01168534
0,01668203
-0,004909856
0,02843013
-0,02510056
-0,01394088
0,01799804
-0,01992487
-0,01751943
-0,01521852
0,01321251
-0,01321526
0,02672297
-0,008224572
-0,003938019
0,02316082
0,02379035
0,01118855
0,02442979
-0,01493347
0,0299164
0,02640815
-0,0006164616
-0,01077481
0,00249175
-0,02729954
0,001888814
-0,02585499
-0,01346569
0,007639159
0,004887674
0,02820249
0,01451061
-0,02711775
0,02332404
0,01455036
-0,02084189
0,001063196
0,02188602
-0,004702376
0,00325437
-0,01468914
0,005353471
-0,006960645
-0,001843939
-0,01491734
0,002839576
-0,003071885
0,004195435
-0,02534969
-0,004630947
-0,003975352
-0,006302907
0,003312302
0,01843181
-0,007623799
-0,01331568
-0,02458637
-0,003740025
-0,02705136
0,01492566
0,01355151
0,02330611
0,004607127
0,009441894
0,01473275
0,00193585
0,02391189
-0,001464672
0,01141236
0,01359956
-0,007378436
0,02017559
7,012972E-05
0,01337498
0,01500442
-0,008353044
-0,02296978
0,02198636
-0,01333035
-0,0005630588
-0,02545075
0,0009153194
-0,01746389
-0,01650401
-0,0199859
0,005616783
-0,01788133
-0,01491831
0,001147607
-0,001858733
-0,0261499
-0,02516015
0,0191908
0,01119824
0,02029625
-0,00720848
-0,02868168
0,01450473
0,01453731
0,01383185
0,009531679
0,02897211
0,02301381
-0,008721137
-0,02717501
0,006646197
0,02468309
0,02081014
-0,02660895
-0,02899876
-0,02017697
-0,01593061
-0,02072266
0,003819746
0,01008363
-0,01731907
0,01054345
-0,009481105
-0,0007620471
-0,02132598
-0,009996486
0,008932537
0,02843792
-0,01609589
0,01023523
-0,01230054
-0,02929891
0,01898969
0,02345382
-0,00775304
-0,009889971
-0,006884106
-0,02253381
0,003721466
0,02077331
-0,02352251
0,008509845
0,02209822
-0,01924638
0,004008632
0,01167197
-0,008128124
-0,01836635
0,0001678436
-0,01175403
0,0203261
0,0261585
-0,0146048
-0,0288902
0,007618926
0,01291306
0,01136964
-0,01470936
0,005897526
-0,006057709
-0,02936924
-0,02905224
0,009300002
0,01166098
0,01567883
0,005854615
-0,02424888
0,02805348
0,01179058
0,01155219
0,01746753
-0,02336913
0,006099146
0,01363579
0,003632361
0,004827601
0,01907201
-0,02023535
0,02583847
-0,002329693
0,02863659
-0,002748024
-0,002149342
0,02606921
0,02053404
-0,007785169
0,01601165
0,0179682
-0,01418494
0,009934355
0,009291861
-0,0223274
0,00212931
-0,02016885
0,02016088
-0,02451222
0,02976513
-0,01959001
-0,004328866
0,02876772
0,006027807
-0,005515696
0,0004503971
0,01922255
0,00138725
0,01369671
-0,009940559
0,002365327
-0,001916106
