-0,026734
-0,02647238
0,02724032
0,01335541
0,0133747
-0,01093617
-0,003154025
-0,003265021
0,02760919
-0,01341864
0,0301802
0,0005692763
-0,00142651
-0,006617064
0,006105172
0,004168495
-0,01568245
-0,01145974
0,00787036
0,009966184
-0,007837142
0,02941188
-0,01015998
-0,01677146
-0,005360404
0,007336578
0,01415682
-0,009357244
0,02044973
0,01675167
0,01987394
-0,02968762
0,02553562
0,01089104
-0,01043393
-0,02891264
-0,0006677211
0,009526747
0,0265945
0,0004447362
0,004084948
0,02620453
0,006053459
-0,02378445
-0,02156275
-0,01873809
0,01347158
-0,001169941
-0,006748646
-0,0140552
0,01380035
0,003181828
-0,02922536
-0,02437678
0,0175702
-0,02550392
0,01426044
0,01400282
-0,01127002
-0,02397118
0,005523403
-0,02379605
0,006861401
-0,01903922
-0,002603508
0,02990313
0,005639424
0,01828132
-0,02614628
0,00506089
-0,02517189
0,005400559
-0,007506689
-0,0226193
-0,02408155
-0,003422106
-0,006639658
-0,01630132
-0,0251728
-0,01657806
0,02450294
-0,01463644
0,02803968
0,004459504
-0,02703713
-0,01329513
0,03014272
0,01989053
0,02404975
-0,01493807
-0,01258896
0,0159529
-0,009185632
0,02061822
0,02554232
-0,002145474
-0,01064622
-0,004818612
0,009424434
-0,02085138
0,006227038
0,02582369
-0,005090605
0,01878459
-0,01880569
-0,02175162
-0,01939228
0,02395809
0,0303714
-0,009047967
0,01168255
0,0006481077
0,009155322
-0,02458207
-0,01779576
-0,009823139
-0,02119543
-0,02760505
-0,02201214
-0,01923298
0,03032355
0,01630401
0,02484628
0,01940291
-0,01233388
-0,0104304
-0,01532324
0,002607832
-0,01749611
0,008693908
-0,02280578
0,02893104
0,004890664
0,02624844
0,007598509
0,02936555
0,02105127
-0,02076657
-0,006608312
0,0251872
-0,02395699
-0,02371473
0,02015546
0,003116758
0,003967308
0,01734195
-0,02326538
-0,01450606
0,008456944
0,005358956
-0,01095831
-0,01304132
-0,0128459
-0,001321566
-0,02061897
0,02036901
-0,02911548
0,006002367
0,001197137
0,02207532
0,02418193
0,008444161
0,01136666
-0,008240253
-0,01625058
0,01352714
0,02638202
0,01351556
-0,001929724
-0,01654855
-0,0001328892
0,03018174
0,009580177
-0,01664591
-0,02525694
0,02406804
0,02683987
-0,008053156
-0,01454645
0,001017178
-0,0172309
0,02947426
0,02461748
0,007673515
-0,01051212
0,02101106
0,01171501
-0,02364939
0,01679154
0,01785915
0,02834467
-0,01517822
0,008661952
0,001810028
-0,02927177
-0,002136527
-0,004584041
-0,001499241
-0,01058942
0,02103099
0,02148103
-0,006218751
0,01796443
-0,004978125
-0,02452662
-0,0108088
0,007803187
-0,0266812
-0,006293166
-0,01423983
0,02412507
0,009448284
-0,00980232
-0,0300183
0,009258089
0,02523566
0,01454148
-0,02645325
-0,02820084
-0,006612456
-0,02798158
0,02043056
0,02746802
0,01100712
-0,01414353
-0,01479849
-0,008103534
-0,02209869
-0,01716571
0,007516857
-0,001801211
-0,002118346
-0,02767038
-0,005021408
0,009857519
0,0197701
-0,0180233
-0,0002782699
0,002221663
-0,02994972
-0,01732335
0,007788938
0,01286296
0,0009056783
0,02419043
-0,01154158
0,02460418
0,008560791
0,02300669
-0,02394239
0,01379932
-0,008347839
-0,003634275
0,02606436
0,01878981
-0,02872722
-0,003113961
-0,02384685
-0,02099298
0,02104848
0,02904613
0,0003830324
0,02119997
0,01669459
0,01734424
-0,00418076
0,007094847
0,02619388
-0,009476145
0,01979498
0,0131652
-0,01498655
0,00226298
-0,02818117
-0,0190594
-0,004657854
-0,02202689
-0,003977368
0,01691562
0,02802488
-0,009314528
0,01305617
-0,01428574
-0,02365879
0,0244871
-0,02240308
-0,0275786
-0,02359962
0,006598723
0,008600459
-0,00738765
-0,02509571
-0,009263395
0,01191912
-0,02768808
0,01300057
0,01657816
0,02662558
0,01373815
-0,001819949
0,01163922
0,02887676
-0,01216525
-0,02774173
-0,007196878
-0,001208687
0,0201203
-0,005824314
0,01546097
-0,006420827
0,02405814
-0,02940388
-0,01030605
-0,01893021
-0,0006082705
-0,01588494
-0,01585256
0,01419742
0,02262046
0,009964678
-0,006852685
0,0003399283
-0,01036853
0,01248508
-0,002048547
0,008911531
0,02555951
0,02106983
0,03009236
-0,001471897
0,00834797
-0,01821774
0,01338721
-0,01130292
-0,01386777
-0,0075379
-0,004453552
-0,01717452
0,01381549
-0,004885365
-0,01241913
0,008086834
-0,008486776
-0,01735968
0,01529981
-0,008026789
0,01510309
-0,02130179
-0,01815313
0,0180209
-0,001873969
-0,02859612
-0,02678613
-0,02738544
-0,02640958
-0,01898563
0,008671669
0,005641429
0,004613718
0,01408732
0,003583568
0,029775
-0,005129712
-0,01305407
0,01495312
0,01178948
-0,01350015
-0,02970857
0,02587912
-0,02318717
0,01887411
-0,02875029
-0,0291735
-0,003095954
-0,007825213
0,01638904
-0,02112204
-0,02301357
0,02754525
-0,02497934
0,02442578
0,01636328
0,008698904
-0,01809241
-0,03005588
0,006696298
-0,02256037
0,01003862
-0,01530841
-0,02490841
0,0141729
0,02006466
0,008237286
0,02961655
0,02190867
-0,01179141
-0,01705514
-0,0261312
-0,002697817
-0,02772558
-0,02587367
0,0139068
-0,01751219
-0,02548052
0,02823435
-0,004419785
-0,0303369
0,005441361
0,008603459
-0,013383
-0,03017378
0,0006868188
0,00832074
-0,0009476973
0,02154788
0,01828783
-0,01059416
-0,01867839
-0,01373059
-0,02237242
0,004224326
0,006777323
0,01473832
0,0197561
-0,007061533
0,02971569
-0,005550935
-0,02788392
0,005888097
-0,02670487
0,00332985
-0,02410206
0,01140038
0,02554864
-0,02884541
-0,02050316
0,003485358
0,004603117
-0,01755175
0,003861106
0,006691558
0,002043444
-0,02988236
0,02788349
-0,02494694
-0,0171681
-0,01853574
-0,02141597
-0,02181879
-0,02686486
0,02811757
-0,02967574
0,01689737
-0,01202262
-0,00286779
-0,00376537
0,02776803
-0,006867809
0,01101334
0,02788105
-0,03060724
0,02801053
0,02985855
0,004063051
0,01444788
0,02572088
0,02053788
0,01285978
-0,002702134
0,01004398
-0,01595425
0,01409789
0,02797278
0,01179484
0,001671065
-0,02851159
0,006323811
0,01785495
0,01392407
-0,02233401
0,01744013
-0,01441936
0,02425113
0,004553817
-0,02335623
0,002486365
-0,01085971
-0,008222562
-0,003514348
0,004453058
-0,01756967
-0,01961662
0,02309474
-0,01494376
0,003605688
0,009193975
0,002611947
-0,00406421
-0,01682052
-0,02008509
-0,008108732
-0,001767712
0,01097044
-0,003348623
0,01768479
-0,01924298
-0,02833775
-0,0251483
0,0173186
-0,005239274
0,01838107
-0,02269364
0,006671632
0,0005146213
-0,02052886
0,01450824
-0,0274685
-0,004962707
-0,003902275
-0,02104907
0,003332034
-0,00269159
-0,01572777
0,02053152
-0,004148157
-0,02774277
0,02080228
0,01080134
-0,02188135
0,02122081
4,112707E-05
-0,018401
0,004625067
0,006452793
0,01777342
-0,01041951
0,005590621
-0,003187346
0,01499069
0,02571726
0,001441333
-0,01425365
0,005308496
-0,02789292
0,01698378
-0,02538829
0,003239578
-0,007866254
-0,02559892
0,01820893
0,004581157
-0,02421293
0,02906475
-0,02840533
0,00403456
0,02196875
-0,01859131
0,01900287
0,02970559
0,0122544
-0,01400459
-0,01443848
0,02371199
0,02278207
0,02327487
0,005282285
0,001214739
-0,03037634
0,01044306
0,01912478
-0,02221066
0,004745282
0,00792838
-0,002944932
0,005556768
-0,01254793
0,02017836
-0,02029296
-0,02647052
-0,009404325
-0,001040983
-0,0005946547
0,008904772
-0,007572707
-0,01092838
-0,005913844
-0,01839519
0,003354125
-0,02953741
0,02496803
-0,02300904
0,01620189
-0,002553541
-0,02822401
0,009134407
-0,0153449
-0,009304294
0,01182271
-0,02243441
-0,02134616
0,0024662
0,001356962
0,01027642
-0,01711939
0,007092617
0,02704961
-0,005788486
-0,001766542
-0,007503229
-0,01791204
0,02802775
0,02843207
0,01223485
0,00413189
-0,02077123
0,01485161
0,005418125
-2,271434E-05
0,000943664
-0,001496276
-0,008099516
0,026886
-0,03221483
0,01375841
0,01095509
-0,009600578
-0,02380562
0,004945982
0,01908036
-0,01056703
0,02510332
-0,02117086
-0,02448246
0,02797574
0,02160364
-0,0309151
0,0208359
-0,005045931
0,01127036
-0,009503505
0,02995469
0,0146419
-0,01879877
0,01800748
0,02831242
-0,02034293
-0,0265481
0,02253974
0,02177249
0,0223884
0,006832665
0,018332
-0,02269196
0,006998517
0,01502854
0,003813283
0,0003257485
0,02491149
-0,0005409275
-0,01918986
0,01581762
0,01416175
0,004957312
0,02744314
-0,01957146
0,01293382
0,01819776
0,01100013
0,01120513
-0,02287241
0,02325572
-0,01915048
0,01640888
-0,01915421
-0,003333152
0,005371315
0,01402637
-0,02202756
0,0126495
-0,002228445
-0,01272105
-0,01645207
0,01480482
-0,03070506
0,01817876
-0,01850152
-0,02699291
-0,002692716
-0,01886477
-0,01497461
-0,002356685
0,02641941
0,0245484
0,0008508689
0,004759914
-0,01541818
-0,0204049
-0,01686956
0,0049049
-0,01856775
-0,01292422
-0,01153035
-0,02274507
0,01095146
0,02682716
-0,006913096
0,02875775
0,02464409
-0,02427307
-0,02819193
0,01486403
-0,01329514
-0,02589523
0,02544261
0,0192542
-0,004693695
0,0232083
-0,0001636418
-0,02379692
-0,03057073
0,008717393
-0,00935645
-0,0006608403
-0,00543764
0,006333746
0,02368493
-0,01401918
-0,01480691
0,001834214
-0,01895172
-0,003537335
0,0009543347
0,005927891
0,006046496
-0,01522145
-0,0298496
-0,02301412
-0,02639333
-0,0295818
-0,008874251
-0,01996608
-0,01977953
-0,00693407
-0,02251776
0,0009643926
-0,01825121
0,02129239
0,02792574
0,00924565
-0,02573254
-0,01384135
0,00482847
-0,02694618
0,002783388
0,001071605
0,02388055
0,01593461
0,009302004
-0,02991076
0,02702874
-0,026137
0,01000602
-0,01563691
0,01517601
-0,001165165
-0,02173892
0,007060469
-0,006202063
0,007394609
0,01906788
-0,01097153
0,01715788
-0,002454901
0,01362848
0,0133101
-0,005578283
0,02534049
-0,009245931
0,01905124
-0,005158863
-0,02686235
-0,01486792
0,006191193
0,0007223741
-0,03061997
0,02425181
-0,003638206
-0,02883545
-0,02774826
-0,00904901
-0,01589565
-0,002736349
-0,02522877
-0,02615076
-0,01325511
4,253937E-05
0,02536039
0,004259546
0,003686438
-0,01145319
0,0003513395
-0,008442023
-0,01381543
0,01869681
0,01394547
-0,004279258
-0,02743981
-0,01386811
0,01185761
-0,03092802
0,02042686
-0,01048794
0,01251036
-0,001455062
0,01598328
0,01398532
-0,02937188
0,007559896
0,01415566
0,006948085
0,006668712
0,0005617411
-0,01205226
-0,01830179
-0,001712361
0,0149245
0,008262232
-0,006926671
-0,004647555
-0,01520625
0,0005219861
-0,009834559
0,01494096
0,002812127
0,02623986
0,01186219
-0,03145317
0,01502822
0,01641914
0,003846746
0,02171517
-0,0184566
-0,009804886
-0,0272038
-0,0007005027
0,02457504
0,01469806
0,005048261
-0,01692769
-0,0008635607
-0,004437695
-0,01748663
0,01609923
0,02356169
0,00666672
0,02373487
0,02714014
0,0271277
-0,01530908
0,02152856
0,008203982
0,003154732
0,01601826
-0,01050259
-0,008770403
-0,006734265
-0,002526204
-0,02763062
-0,00237366
-0,02993816
0,01031297
-0,02039811
0,01688897
-0,02329105
0,01186857
-0,01042319
-0,02371082
-0,01737717
0,01572062
0,005183426
-0,0281446
-0,02710457
-0,02308485
-0,03699451
0,01932891
-0,01062335
0,005548487
0,02238339
-0,03195013
-0,02711234
0,01601798
-0,02647877
0,002428276
0,02519872
0,02439704
-0,01259299
-0,003712465
0,0281188
0,007849121
-0,02879251
-0,007756223
0,007804553
-0,02754042
-0,02253378
0,01546063
-0,01998705
-0,01054167
0,00358095
-0,02442095
-0,02305801
0,005779111
0,00700889
-0,02587024
-2,097492E-05
0,01066845
-0,004314363
-0,01401722
0,01192283
-0,004817681
-0,03003767
0,01219917
-0,000390824
-0,0316835
-0,007755138
-0,01666391
0,003435029
0,002104875
0,01947619
-0,02150406
-0,01146151
-0,03593606
-0,02041677
0,004631629
0,01161001
-0,01658498
-0,004050135
-0,02519849
-0,02744218
-0,01724085
0,01147461
-0,02918646
-0,02574686
0,0172792
0,02059451
-0,004562263
-0,02054479
0,02817751
0,0300974
-0,01896631
-0,005480534
0,02713975
0,009322618
-0,001763209
0,003013128
-0,01603715
0,01818087
0,0005503088
0,007455011
0,02030835
-0,02512536
-0,002447855
-0,009568014
-0,01677359
0,004875266
-0,02703572
-0,01336186
0,02239167
-0,0131115
-0,01500666
-0,01815287
-0,0112985
-0,02342933
-0,005781604
0,008972194
-0,03324461
0,002318998
0,006715356
-0,02754313
-0,04185634
-0,03663852
0,002834294
0,004311682
0,01000403
0,01704168
-0,0005270456
-0,008800672
0,01783458
-0,02435438
0,001288419
-0,002031935
0,02512446
-0,001760994
-0,01676122
-0,02182718
-0,01597317
0,009012895
0,02236099
-0,0182176
0,01608714
-0,02374413
-0,01652073
0,007228103
0,01227849
0,02472425
-0,02947121
0,01372081
-0,02140266
0,01372859
0,0001806546
0,002287192
-0,03071535
-0,01574566
0,003336896
0,01074597
-0,009315228
0,012057
0,005226922
-0,01087588
-0,02922733
0,008065478
-0,002442316
0,01028308
0,009636509
0,01315283
-0,01979211
0,01327315
0,0190776
-0,01604198
-0,009096316
-0,01790883
0,01300949
-0,00370992
-0,006696062
0,01800631
0,02119617
-0,02997715
0,02825998
0,01737575
0,02003727
0,01644625
-0,01872152
-0,02536126
0,007000705
-0,03083679
-0,00112683
0,009826438
0,02688144
0,004875279
0,01547398
-0,002685417
0,03006763
-0,001179654
-0,02484361
-0,02791341
0,005236497
-0,004355504
0,02190635
0,02493712
0,005186891
-0,02167959
0,01508321
0,01645878
-0,01945808
-0,02525462
0,01178082
-0,007872832
0,01634892
0,006959769
0,01201345
-0,01354324
0,01391243
0,01068069
-0,01152688
-0,02190647
-0,01037812
-0,01587163
-0,02932479
0,006989569
-0,02611473
-0,001926573
0,01685912
-0,01646155
-0,002745101
-0,03241035
-0,00983668
-0,01606426
-0,003877315
-0,008387166
-0,01522761
-0,005414827
-0,01898747
-0,02772408
-0,01715614
0,0135154
-0,02694195
-0,001785408
0,02543134
0,00252944
-0,0145557
-0,02661167
0,02142567
-0,01453663
0,01563358
-0,00495329
0,009630713
-0,01973064
0,0288242
0,01856446
0,003184199
-0,02145148
-0,0132384
-0,02843082
0,005428554
0,02713079
-0,02101599
-0,01105836
-0,02284274
-0,02546006
0,007643069
-0,009894754
0,02064437
-0,01638234
-0,02176492
-0,02298116
-0,0340189
0,004685839
-0,005649086
0,002795264
-0,03161479
0,02073604
-0,008605114
-0,00103944
-0,007567214
-0,02380383
0,0112
0,002770321
0,004741166
-0,02005582
-0,007598164
-0,01828573
-0,01034019
0,008418209
0,02159518
-0,02373467
-0,02108911
-0,02224391
-0,005069244
-0,01241463
0,001524924
0,01237477
-0,01151474
0,01654847
0,01968116
0,02065529
-0,02291725
-0,001336535
0,02306628
-0,006175181
-0,01425081
0,02465517
0,005702933
-0,01857662
0,00586632
0,002691433
0,007693105
0,00365868
4,263179E-05
-0,00714292
-0,02608146
-0,003671537
0,009132093
0,01835332
-0,0002379548
-0,01167862
-0,03580056
-0,0231569
-0,01130148
-0,02783695
-0,02982466
0,02039522
-0,0177023
-0,02454601
-0,02541415
-0,008478844
0,004844213
0,007142966
0,0130303
0,008338698
-0,02730298
-0,01177096
0,01584523
-0,0178769
0,0222944
-0,00193564
0,005915123
-0,02082095
-0,02723108
-0,01174767
-0,00377908
0,0009189023
0,003976829
0,02856901
-0,02232917
0,03044207
0,02949871
-0,0105774
-0,02774186
-0,01137535
0,01734242
0,01943146
0,02571866
0,00681353
-0,0175042
-0,01122953
0,004280807
-0,01368178
0,0267468
-0,02402844
0,02003479
0,02226166
0,01621341
0,012897
-0,02176477
0,007806761
0,005032793
-0,009422227
-0,03817172
-0,02939872
0,0133638
0,01526493
-0,0253931
-0,02674655
0,009902273
0,003478659
-0,01187431
-0,01260417
-0,0214615
-0,0166116
-0,001651037
-0,008429375
0,009801962
-0,003644431
0,02187089
-0,01416536
-0,006752545
-0,02178978
0,02919281
0,003248367
0,02220999
-0,01373462
-0,0182238
0,02478947
-0,003689353
-0,001283693
0,008554289
0,008986557
0,006944637
-0,01390508
-0,01696318
-0,00445428
-0,01945077
0,01362201
-0,005036898
0,02147551
0,003973435
0,01215209
0,01965322
0,003443859
0,02365698
-0,02156199
-0,03102154
-0,001088303
-0,004831392
-0,01236595
-0,02524711
-0,01828823
-0,0411571
-0,04304257
-0,0176286
-0,005672054
-0,008844847
-0,004619006
-0,01264211
-0,0007446195
0,006306217
-0,01551616
0,01546075
-0,01284676
0,02856677
0,01526597
0,01318959
0,01990848
-0,03120711
-0,02588214
-0,02333472
0,02442746
-0,03088762
0,02897667
0,009239257
0,008682409
-0,01275835
-0,006911871
0,008746256
0,009066913
-0,02339252
-0,0008484705
-0,01312574
0,02456709
-0,01901505
-0,01745023
0,003579797
-0,0009051042
0,01735535
0,005410388
0,0211906
0,008001052
-0,01140319
0,01604693
-0,02415627
-0,02081194
0,01530776
-0,01150107
-0,005662559
-0,03434441
-0,01123855
-0,02463188
0,003009361
-0,005556535
-0,01876376
-0,01736547
-0,0146827
-0,03569491
-0,01343654
0,01413133
-0,0134913
-0,02779107
0,0194111
0,01347397
-0,002358367
-0,01749953
-0,03161898
0,02032103
-0,02389953
0,01575715
-0,02286497
-0,01996007
-0,02996098
-0,008393256
-0,02191012
-0,005897487
0,0004802503
-0,02106444
0,01883597
-0,005643008
0,01097512
0,01383077
0,01687141
-0,001331779
-0,02435702
0,01604533
0,01297629
0,01236435
0,002308932
0,0183464
0,01421148
-0,0003583173
-0,0283583
-0,03517484
-0,01851408
0,009260754
0,01011647
-0,003794971
-0,02003014
0,0161091
-0,02480443
-0,03435202
-0,01501805
0,00965006
-0,04026204
-0,01527883
-0,01780234
-0,01459715
-0,01143673
0,02543508
0,01754244
-0,02057195
-0,01997104
-0,03111531
-0,02432506
0,004400396
-0,01039236
-0,007504987
0,007751382
0,01450322
-0,002436731
-0,01325171
-0,01190499
-0,01440527
0,026197
0,004210229
-0,0270689
0,02962635
-0,02618558
-0,007532261
0,004482827
0,02016138
0,01654634
0,01660481
-0,02544593
0,001568477
-0,0151961
0,02415664
-0,004083602
0,01415267
-0,007507981
-0,01039527
-0,0139731
-0,002065672
0,02107305
-0,005431096
-0,02067945
-0,03782882
0,01361573
0,007655085
-0,01526545
-0,01476878
-0,04188317
-0,005273197
-0,00950082
0,01833476
0,01110691
-0,02556575
0,02021753
-0,007461211
-0,01637609
-0,01417004
-0,01718364
-0,03081851
-0,008284425
-0,03245861
-0,004727717
-0,004797671
0,02507811
0,002817947
-0,01309149
-0,00560851
0,02651522
0,02352309
-0,01307851
-0,02644252
0,02797871
0,01637817
-0,01285848
-0,008673752
-0,01505231
0,02875878
-0,02652773
-0,01126833
0,02509806
-0,02595066
0,0168418
-0,02263671
-0,01481628
-0,02582156
0,01125146
-0,03202141
-0,03374713
-0,03369723
-0,00761277
-0,02877305
-0,03243525
-0,02365321
-0,03484928
0,01645673
-0,03645061
0,01157404
-0,03251047
-0,02170637
-0,01503486
0,01876166
-0,01085572
-0,02903694
-0,01395249
-0,009491343
-0,03479086
-0,02888763
0,02254122
7,756152E-05
-0,02059706
-0,01152272
-0,01719136
0,02694443
-0,02669336
-0,01455544
-0,01776029
-0,01210899
-0,02375461
0,01670849
0,01917033
-0,01784266
-0,007359206
0,02620567
-0,004370774
-0,02228839
0,02763661
0,0117201
0,008272768
-0,01287785
-0,01660649
-0,01189424
0,01731298
0,01182782
0,02035215
0,02397158
0,003778295
0,003837839
0,01380615
0,01965587
-0,02836236
0,006931977
-0,02956111
-0,007161777
0,01086159
-0,03203931
0,01191117
-0,03879782
-0,03286053
0,007770624
0,004466893
0,008270088
0,009966508
-0,01147258
-0,002224358
-0,02232845
0,004582193
0,00155673
0,009457922
-0,02388663
-0,00254198
-0,01007639
-0,006860514
0,005039711
-0,01408084
0,02231832
0,002756063
0,00197207
-0,02666447
-0,02293518
0,009491059
0,002107282
-0,002612742
-0,01481017
0,008560965
-0,02400628
-0,02948371
0,02112253
-0,02244915
-0,01398225
-0,01574806
0,01703497
-0,004252704
0,01629002
0,0005219331
-0,006702729
-0,001541993
-0,01010697
-0,02413381
0,004430693
-0,01583266
-0,03459672
0,02087916
0,001956566
-0,01785973
0,005246294
-0,0265836
-0,01279524
-0,03002515
0,01054105
-0,008416463
-0,0194023
-0,034305
-0,03557225
-0,0248985
-0,02143236
-0,01280014
-0,002741475
0,01388954
-0,007261593
-0,01819123
0,01416448
-0,006046562
-0,004328964
0,02694265
0,013447
0,02445377
0,005367272
-0,02860229
0,01944233
-0,009651113
-0,01893045
-0,009440494
-0,006063101
0,01743901
0,004704472
0,005064492
0,01741338
0,02329348
0,01875632
0,01536153
-0,004425029
0,006233843
-0,01897411
0,01100388
0,02166383
0,008391035
-0,01216653
0,003512282
-0,01201494
-0,02811855
-0,03978352
-0,001560098
0,006294893
-0,01578855
-0,00747969
-0,003478184
-0,01485693
-0,002662753
-0,007433697
0,0127651
0,003420803
-0,004213484
-0,01449186
0,001012716
-0,01197098
-0,03321263
0,01165824
-0,01209782
0,00643007
0,007266986
0,002881905
0,008251843
0,02597128
0,01100182
0,01872093
-0,02347463
-0,01690648
0,01241372
-0,0286318
-0,02719187
0,003208169
0,02917041
0,01171613
0,01236603
-0,01114557
0,004772372
0,004201501
0,02449905
-0,02253237
0,02193224
-0,03004367
-0,02875313
-0,01614139
0,02487249
-0,03197523
0,01747769
-0,02012904
-0,0004176803
-0,01583323
0,0175849
0,01934319
-0,04171674
-0,04070253
0,001473506
-0,01107332
-0,01860272
0,0002385363
-0,03423678
-0,001785811
-0,008357298
-0,01185939
0,008931694
0,001241784
-0,001273406
-0,01481815
0,01009149
0,0195014
0,008772356
-0,0145797
0,01936718
-0,00606694
0,01686259
-0,02142688
0,01189948
0,006333529
-0,002623984
-0,006294714
0,02967318
0,007059757
0,02921079
0,0244992
0,004971799
-0,007717222
-0,02157395
-0,02664211
-0,0006569673
0,0254109
-0,03138843
-0,02157301
0,0261169
0,02147421
-0,001748186
-0,01519083
0,009145025
-0,006501875
-0,01720165
-0,01035093
0,00548022
-0,002160172
-0,01942115
0,01992337
-0,008631544
-0,0189533
-0,01170688
-0,01807495
-0,03030648
0,01025607
-0,0223091
-0,03417967
-0,03182166
0,01752726
-0,001228083
-0,01153808
0,006024027
0,001614413
0,01748782
-0,007214581
-0,00308445
-0,00309319
0,01748349
0,01566053
0,01966377
0,001378316
-0,01383077
0,02493647
0,02510198
2,730655E-06
-0,0007171127
-0,01545374
-0,008102663
-0,02704995
0,01334262
-0,005521435
-0,01108352
-0,02995384
-0,009201093
-0,01990651
0,01937041
0,01066182
0,02211728
0,008623128
0,007180681
0,02176961
-0,02894644
-0,03299921
-0,02080078
-0,03229651
6,33395E-05
-0,03474142
-0,005514958
0,009196137
0,01020302
-0,02960684
0,003343198
-0,01220025
-0,03673608
0,02228841
-0,03234359
-0,001809932
-0,00667091
-0,0008814622
-0,02052814
-0,03319549
0,01225265
-0,02953124
-0,019687
-0,01706272
-0,02428522
0,007958435
-0,01790064
0,01004716
0,003277402
0,01950022
0,005816226
-0,02206866
-0,02410403
0,02793659
-0,001117346
-0,01309927
0,01221533
0,02311936
0,02390181
-0,005578767
0,008432062
0,001514106
-0,02254613
0,001327233
0,003700203
0,01494659
0,02378438
-0,008798051
-0,02790678
-0,02214888
-0,02748513
-0,02379181
-0,01342824
0,001272833
-0,0267288
-0,03863408
0,007477362
0,01560595
0,01680263
0,01700861
0,01322629
0,01419215
-0,02752098
-0,03918076
-0,009880171
-0,002436653
-0,01202347
-0,03203898
-0,008303857
0,01433229
0,02210896
0,006526848
0,01385492
0,02160792
-0,005155714
-0,02086754
0,021918
0,01114125
0,008764309
-0,008383838
0,01343879
0,0191209
0,003141461
-0,008859996
0,01263257
-0,004070329
0,02081829
0,001357217
0,01689014
-0,002221092
0,0006981328
0,01385496
0,02875339
0,02597768
-0,0002858635
0,01215796
-0,01217914
-0,02498147
0,02533728
-0,03348718
-0,01227315
0,01399654
0,02039685
-0,01505906
-0,01578173
-0,007712896
-0,01179549
-0,01412459
-0,02672896
0,02174008
-0,03307442
-0,03769776
-0,02505506
-0,009829846
-0,02893412
-0,03670803
-0,0158811
0,01382443
-0,01173739
-0,02608075
0,01447862
0,02069472
-0,01344192
-0,03372537
-0,01314185
-0,01987335
0,009114918
0,02160129
-0,004222968
0,01358354
0,02323285
0,01674961
0,01221253
0,008242157
0,03059986
0,02628217
0,02624441
-0,01370457
-0,02760259
-0,01704986
-0,02919929
-0,003671453
-0,009974108
0,01698333
-0,01217145
-0,004184269
-0,002478234
-0,00240754
0,0097272
-0,00525801
-0,009906952
-0,005644947
0,01239735
0,01878836
-0,02034196
-0,006655833
-0,008492935
0,01470945
0,02289096
-0,03487583
0,01052698
-0,007951385
0,01234135
-0,01589493
-0,0350534
-0,01951461
-0,01670377
0,002109878
-0,004831959
-0,01886
-0,02570456
-0,02710468
0,01769928
-0,02556828
-0,02674207
-0,01278858
0,002084342
0,003248381
0,01408265
0,02425711
0,01499732
-0,01685678
-0,02158481
0,02991946
-0,006068507
-0,00339231
-0,02848795
0,02053936
-0,005442992
0,001717242
-0,002450161
-0,02574321
-0,01249438
0,02262532
-0,006822662
-0,0007994423
0,005540587
0,02727894
0,0100914
0,02767104
-0,02839368
0,01655189
0,02374769
-0,007884318
-0,01642234
-0,02282778
-0,0003666347
0,0004271349
0,008127431
0,01908689
0,01978463
0,01447537
-0,03359568
-0,03568239
-0,01797919
-0,005096323
-0,01307815
0,02044227
-0,03563399
0,004317168
-0,01395827
-0,0008090599
-0,01670016
-0,03219061
0,02111761
-0,02413381
0,0194459
0,02654586
0,01403475
0,01041905
0,01454631
0,005384512
0,02474926
0,01563002
0,02189179
0,0279828
-0,01214606
0,01413241
0,01111832
-0,02021132
0,02038484
-0,006526266
-0,02649335
-0,0008671968
0,002632914
0,003351659
0,02760191
-0,01548346
-0,0002716495
0,02075653
-0,0266619
0,008360395
0,0231692
0,02594048
0,004372169
-0,007916978
-0,005079373
0,02096574
-0,002972952
-0,02368636
-0,01526488
0,0001482953
0,0134544
-0,03804111
-0,02878756
-0,02000202
0,01886465
-0,0159226
-0,02598011
-0,01239896
-0,01900763
0,005646837
-0,01890607
0,02379938
0,02349962
0,02851928
-0,00215506
0,01797754
-0,004052533
-0,01267269
-0,02438999
0,001199732
-0,005954827
0,02244845
0,006224205
-0,02477695
0,01275179
0,02586652
-0,0240535
-0,009633532
-0,002080214
-0,008010998
-0,0222166
-0,006305785
0,01125823
-0,02323425
-0,002933535
0,02757289
-0,01477784
-0,01845693
0,002185305
0,002311117
-0,02972266
-0,02561033
0,002038417
-0,01240966
-0,00997702
-0,03551592
-0,02997322
0,002864478
-0,03846099
0,003018177
-0,01105024
-0,02532347
-0,0334981
0,0127147
-0,02405476
-0,03754988
-0,006531349
-0,03120688
0,00443594
-0,03049587
-0,01799114
0,02006289
0,03072623
0,0277293
0,001692747
0,02041465
-0,02019818
0,0134913
-0,003557011
-0,003285482
-0,003037538
-0,02018592
0,01269447
0,0009878429
-0,001627932
-0,01201494
-0,01317647
-0,01714683
0,01176208
0,01104031
0,01833181
-0,007512719
-0,01542535
0,009786616
0,02030855
0,02070069
-0,01448357
0,01623297
0,01860588
-0,007279369
-0,004806416
-0,01827049
0,004685639
-0,005044662
-0,01796514
-0,02456355
-0,02938664
0,002505278
0,01172346
-0,005973759
0,008232105
-0,01754169
-0,02621225
-0,008364185
-0,02388787
-0,02251229
0,001015337
0,003020575
-0,006306253
0,02553563
0,01337118
-0,0140933
-0,006973757
0,02519171
-0,01172121
0,02447986
0,005402518
-0,01213189
-0,02938956
0,006518711
0,0007427291
-0,009163122
0,02120702
-0,02937153
0,0277761
-0,01720793
0,00175068
-0,01838495
-0,01737024
-0,01348105
-0,01935264
0,006454377
-0,01086196
-0,02747357
0,01805417
-0,01103851
-0,02641628
0,005516866
-0,01213863
-0,001067696
-0,01443051
0,007307699
-0,01201058
0,01531232
0,0005919572
-0,02500059
0,01259555
0,003396199
-0,02786988
-0,016358
-0,004945866
0,009910301
-0,001645611
-0,02668541
-0,03601323
-0,01061582
0,002051915
-0,01813992
0,004762627
-0,02960662
0,01526726
-0,009495795
-0,004956037
-0,01911802
0,01963364
-0,01867384
0,02722203
-0,01145284
-0,02492961
0,02322695
0,01676797
0,02595742
0,02413765
-0,001316031
-0,01183716
0,0208276
0,02934649
0,02977053
-0,007992081
0,01424903
-0,007937552
0,01959549
0,02642613
0,0170072
0,008670221
-0,009607106
0,02397874
-0,02829062
0,02527814
-0,01464716
0,01443217
0,01754864
-0,03370333
-0,01863071
0,006198657
0,01618908
-0,02609424
-0,02844805
-0,03770322
-0,0107565
-0,02358378
-0,01049366
-0,004316245
-0,01856771
0,001438406
0,003404122
0,02387559
-0,02269397
0,02430519
-0,01708627
9,236023E-05
0,003470241
0,0232768
0,02592864
0,01468266
0,03012635
-0,004693583
0,005793238
-0,001579949
-0,004629466
-0,01697047
0,02155208
-0,01103147
0,01626946
-0,02494483
0,02613675
0,0259684
0,006455431
0,01571542
-0,00853903
0,005528438
0,01591314
0,02411267
0,02175299
-0,003172495
0,01876506
-0,02127351
0,00175524
-0,02492121
-0,03412655
-0,006695756
0,01419037
-0,02603246
0,008685174
0,0111982
-0,02461163
0,01933898
-0,03570206
-0,003707449
0,004421089
-0,009413644
-0,002232504
0,0003791334
-0,00197382
-0,02307466
-0,01062192
-0,02475792
0,01711886
-0,01689338
0,01159004
0,01331596
-0,0107453
-0,00472218
0,004115951
0,01126576
0,01667478
0,009705073
0,02907757
-0,004463234
0,02170441
0,01749897
0,01876717
-0,002377417
-0,001453931
0,02813719
-0,002155954
0,0135643
0,005742367
0,02822562
0,02096589
0,02723184
0,01882512
-0,03141131
-0,03177264
0,01753256
0,02351659
-0,02905768
-0,01793398
0,00427851
-0,02934293
0,005893594
-0,009451577
-0,01160091
-0,009990658
-0,02397699
-0,02924964
-0,02085817
-0,007744907
-0,03589988
-0,03813817
-0,006507851
0,02115305
0,0006888982
0,002177012
0,01538678
0,004884586
-0,02957627
-0,02113065
0,008257569
0,01506499
0,01009083
0,004463622
0,02072328
-0,007088793
0,01523785
0,02557259
-0,01319068
-0,006244039
0,0148126
0,01348102
0,01243325
-0,009278949
-0,01159806
-0,00925382
-0,01700262
-0,003513963
-0,000945528
-0,027726
-0,01717543
0,01688341
-0,02697357
-0,0220819
-0,0004718311
0,02439969
-0,01534714
0,02447688
-0,02393364
-0,01928355
-0,03285554
-0,02598801
0,01546563
0,01510072
0,001943992
0,01631157
-0,01544841
-0,03507573
-0,01169208
0,01508091
-0,002156835
-0,02084293
0,01191774
0,01679544
0,01038122
-0,0191549
-0,02381534
-0,02540359
0,001901626
-0,01841178
-0,001094277
-0,002030178
-0,01762518
-0,02381211
-0,0293795
0,02172004
0,00911124
0,0009731629
-0,02659112
0,02671944
-0,02247754
0,01794068
0,01582204
-0,03080463
-0,01118445
0,006877056
0,02701977
0,02696629
0,01566108
-0,003166875
0,02813017
-0,020543
0,02676895
0,002180547
-0,01092468
0,02223486
0,0251102
-0,02393092
-0,01068768
-0,02308389
0,003716042
-0,03197593
-0,01624591
0,01544727
0,01277765
-0,001621662
0,01611546
0,001924924
0,00832047
0,004199359
-0,02726401
0,01299948
0,01828505
-0,008715238
0,007593856
0,01203498
-0,008889799
0,009552703
-0,002048885
-0,02665199
-0,008817229
-0,008595667
-0,002323278
-0,01721953
-0,01194893
-0,01140411
0,002273143
0,009743338
0,01468468
-0,0217582
0,02558266
-0,00045602
-0,02156047
0,02431729
-0,0105125
-0,02468172
0,001539966
0,02776207
-0,01548054
0,01637027
0,01298216
-0,01313651
-0,01912001
-0,02854313
-0,01718195
-0,02602818
-0,02027642
-0,008020476
0,01331351
-0,004155962
-0,01377139
-0,02774195
-0,001530845
-0,02295415
0,01280638
-0,02135099
-0,001173047
-0,03383882
-0,01116761
-0,01301384
-0,03995524
-0,02787165
0,01274246
-0,008494972
0,001839226
-0,002155388
-0,00032451
-0,03922109
-0,02700193
0,003989716
-0,01227947
0,005977245
0,00720641
0,0214511
-0,00465461
-0,02498147
-0,02197152
-0,004747745
0,02754182
-0,01467888
-0,02283714
-0,02258787
0,02398228
-0,0132972
0,02095292
0,0219131
0,02866103
0,02858645
-0,02086798
-0,02351918
0,002241089
-0,00325151
0,0005291157
0,01856138
0,01479826
-0,003767385
-0,009377837
0,003608534
-0,01870331
-0,001461226
-0,01334136
-0,02223686
-0,01686598
-0,03082815
-0,03087997
0,007738933
-0,007082333
0,005079437
0,007546894
0,0006781294
-0,04022455
-0,03664653
-0,04182738
-0,03449071
-0,02892694
0,006369875
-0,02518298
-0,003278773
0,006074575
0,01676175
0,0111292
0,01374452
0,02342996
-0,02622361
-0,0229132
0,02210479
-0,0257648
0,01675458
-0,02492685
-0,02996317
0,01521559
0,00427311
-0,01928197
-0,00451163
0,0251301
0,0297529
0,02486056
0,01960198
-0,01990442
-0,02127808
-0,006300752
-0,01538352
-0,0154742
0,0001365597
-0,02717367
-0,00766889
-0,007125294
-0,01265827
9,750465E-05
0,02046549
-0,0254871
0,01307362
0,01922354
-0,01520871
0,01294116
0,001818366
-0,02280845
-0,03005954
0,01827124
-0,02713816
-0,004112476
-0,001474348
-0,004295561
0,001148814
0,008481305
-0,01376689
0,01601705
-0,003101665
-0,02063088
-0,01580765
0,02757308
-0,00143204
-0,003012629
0,004656064
-0,00063642
-0,003911688
-0,0004591565
-0,009616652
-0,03136291
0,01589133
-0,0003849189
0,01647822
-0,01492426
-0,01785788
0,02220608
-0,02847751
0,01405039
0,02168155
0,007256797
-0,01188616
0,01493429
0,01626159
0,02267058
0,02710048
0,003397884
0,01302875
0,006318769
0,0007493473
0,01004238
0,004071193
-0,007968065
0,01132683
-0,03014938
-0,01944287
0,01693592
0,001048597
-0,020918
-0,02357638
0,009664095
-0,02001081
-0,03191376
0,01411706
-0,03555572
-0,03259864
-0,001577531
0,003408409
-0,01867534
-0,01608946
0,01697686
0,01605485
0,01200702
-0,02718832
-0,0303495
0,02554528
0,001771368
-0,0212169
0,007362187
-0,0009522599
-0,02669121
0,01982673
0,02049311
0,02781331
0,01031198
-0,005662665
-0,009582459
0,01791885
0,01571908
-0,02839126
-0,01145254
-0,01543168
0,01474696
-0,001311229
-0,02813971
-0,01475106
-0,01927895
0,02031678
0,01005899
0,01349971
-0,01503011
0,0148058
-0,01646264
-0,02192297
0,005642619
0,01639199
0,01499535
-0,01803731
0,005176138
-0,03313959
0,002417336
0,004114869
-0,04378578
0,006895732
-0,02802954
0,01644758
-0,01359298
-0,03649269
-0,0313271
0,002042099
0,01211005
0,02129385
-0,03082061
-0,01171475
-0,02589423
0,001304105
-0,02723492
-0,01721483
-0,03094208
0,01348927
0,01654039
0,01144296
0,002986447
0,02243337
-0,01728965
-0,01381574
0,002596881
0,008353526
-0,01291626
0,02067422
0,001988556
0,02981275
-0,02487741
0,01029123
-0,00920694
0,006150688
-0,01671886
0,0265617
-0,01573627
-0,027234
0,01366331
-0,03094831
0,005953838
0,02289212
0,02436121
-0,009322074
0,008535552
0,0168713
-0,03037304
-0,03606585
0,003682425
-0,003946386
-0,02279835
0,01857611
-0,02214252
0,01785774
-0,03230919
-0,03370069
-0,004920421
0,0190744
-0,008467183
0,02037219
0,01881052
-0,01474127
-0,02405347
0,01540398
0,01697468
-0,01021425
-0,02967287
-0,001019126
-0,008780841
-0,02314329
-0,02984824
0,0295599
0,03078228
0,01495021
-0,02652159
0,006931708
0,02820173
0,02042156
0,002298884
0,008837903
0,001952225
-0,01818385
-0,02691579
0,02400866
0,01024043
-0,02335879
-0,008848404
-0,01168798
-0,004842171
-0,02531204
-0,009322445
-0,01351966
0,006633631
0,02341901
-0,0256126
-0,0188759
0,009377423
-0,03361189
-0,005929464
-0,01730035
0,01292678
-0,0004618012
0,006659406
0,002432033
-0,002869819
-0,02370544
0,01701342
-0,00539255
0,02100416
-0,002476575
-0,02575075
0,01056661
-0,009801123
0,0171494
-0,01203885
0,006454707
-0,01177564
-0,01655971
-0,0241919
0,009127955
0,02803117
0,01141756
-0,02659003
-0,01442212
0,01646038
0,01380342
-0,006332719
-0,02314047
0,003312969
0,01596393
0,02150373
0,02165441
-0,01554691
-0,02189772
0,01696196
0,02737383
-0,0008432352
-0,005869577
-0,01450561
-0,008811552
-0,02329989
0,01456364
-0,003386678
0,02290929
0,02334068
0,005062616
0,01456376
0,008833786
-0,005365996
-0,009089874
0,02030868
-0,008981025
0,02219121
0,01579493
-0,0188454
-0,03252573
-0,01043124
-0,01214384
0,01915693
0,0158776
0,01936366
0,01541527
-0,03361605
-0,02338388
0,01076345
-0,01277903
-0,001734654
-0,01728355
-0,03064066
-0,006879446
-0,02108376
0,0242593
0,03024291
0,01550383
0,0005515037
-0,01764614
-0,01449986
-0,02291068
-0,01244145
-0,0219896
0,02161196
0,005600499
0,003171376
-0,02852251
0,01662943
-0,009351538
0,02353059
-0,01130275
0,01546257
0,007889475
-0,01165405
-0,03218439
0,0025986
-0,008078839
-0,004359229
-0,01456706
0,007523059
-0,02552174
-0,02799138
-0,004420284
-0,03214956
-0,0008008588
0,01003589
-0,03150304
-0,02210506
-0,0360087
-0,006624327
-0,02790008
-0,01360718
-0,02992761
0,0172173
-0,006962617
-0,02398977
0,01166753
-0,03241212
-0,01311232
-0,01402072
0,02864449
-0,006967406
-0,01128884
-0,007876784
-0,02166695
-0,001252177
-0,007827524
-0,02896439
-0,02188315
-0,007160053
0,004901047
-0,01252292
-0,01855494
-0,002787597
0,02989317
0,02210884
0,00756892
-0,03138614
-0,01751767
0,01837397
-0,006567233
0,006159023
0,006507874
0,01942263
0,009248592
0,02356059
0,002039938
0,01257642
0,0203818
0,01450908
0,008737997
-0,0192145
-0,03194553
-0,03824718
0,003256704
0,01027499
0,01428732
-0,02673472
0,01724343
-0,0355342
-0,01501631
-0,02853281
-0,02646243
0,009047075
0,02455684
0,02139096
-0,02245612
0,01141983
0,02429396
0,003671183
0,001105184
0,01623478
0,01851467
0,002986023
0,02259506
-0,01040964
0,0140263
-0,0007226829
0,01213734
-0,01743854
0,02290894
0,009244441
-0,02406324
-0,01336369
0,005827132
-0,01788839
-0,02180961
-0,0227258
0,007763024
-0,02471932
0,028704
-0,00835097
-0,03182498
-0,02593865
-0,009535307
-0,01501536
-0,006383423
0,02502358
0,02090939
0,0091718
0,009230268
0,01299235
0,007435493
-0,02115365
-0,02222091
-0,04091967
-0,007561076
-0,008106479
-0,03493392
-0,01759678
-0,03077332
-0,01212037
-0,00437336
0,01384494
-0,0184142
0,01446741
-0,03497547
0,02557869
-0,02291654
0,01321772
0,01565263
-0,02675988
-0,02712049
0,02077959
0,005481492
-0,02197889
0,01353799
0,01289602
-0,01948607
0,004863852
0,02256056
0,01797188
0,005534831
0,02471575
-0,002540595
-0,03043169
0,02127917
0,01378826
0,02669679
0,005413703
0,007752795
0,005175876
0,02692727
-0,01905613
0,02421973
0,001137259
0,01807635
-0,01952976
0,01677329
-0,0028966
-0,02094595
-0,008974107
0,009476049
-0,03039826
-0,04208001
0,00174024
0,008512326
0,01366284
0,003010635
-0,03438096
-0,02300554
0,01278025
-0,01339029
0,001189938
0,001912827
-0,01286053
0,01744389
0,008085462
-0,009543817
-0,01287082
0,02449769
-0,01390405
0,02930409
0,004305234
-0,02769325
-0,02164069
-0,02654086
0,01984233
0,02390115
-0,02861134
-0,01097842
-0,001325514
0,02264794
0,004678773
-0,01308881
-0,009740312
0,0289582
-0,006912138
0,02267221
0,0173925
-0,01985971
0,02302134
0,02728126
0,01554667
-0,01576707
0,01678605
-0,02199856
-0,009798308
0,004623067
-0,0001197288
0,008118464
-0,02854579
0,01771723
-0,005486402
0,0003924548
-0,04013067
-0,01119084
-0,03139423
-0,03586233
0,01017522
-0,001866675
0,02136078
-0,03434146
0,01266485
0,02061467
0,01930108
0,02829495
0,01946873
-0,01334223
-0,01536056
-0,007636937
-0,006613625
0,01482004
0,001990374
-0,02698157
0,02892718
-0,01283988
-0,01882795
-0,01267655
-0,01589548
0,02861544
0,01060009
-0,01877448
-0,01179415
-0,01367592
-0,02446052
0,001849638
-0,01314808
0,02201534
-0,01223371
0,02075186
0,01489131
-0,01629783
-0,03481671
-0,0254814
-0,02122186
0,01820699
-0,02079178
0,0205848
-0,008494023
0,01718647
-0,01392462
-0,03068691
-0,01276613
-0,03135006
-0,0261041
-0,01378354
-0,01588726
-0,01120132
0,001016142
0,002587275
-0,01712923
0,02097329
0,02206887
0,02487519
0,02720082
0,01925979
0,01565934
-0,001260925
0,0157989
-0,01357944
0,008721386
0,02431334
0,02934973
-0,007775384
0,005542977
-0,02369747
0,01506327
-0,007268303
0,02140808
-0,02355649
-0,02582572
-0,01422068
0,02162407
-0,00605027
0,006336805
0,003493432
0,01286469
-0,02694723
0,02721525
0,009665467
-0,02404926
0,0125204
-0,02351203
-0,0001347385
-0,004112583
0,01348514
-0,009762282
-0,02828635
-0,02452748
-0,009186604
-0,023183
0,014306
-0,0261932
-0,03117381
-0,03055402
-0,01368643
-0,03546947
-0,04060711
-0,006632947
-0,03065275
0,003281967
-0,03571282
0,006796965
0,003111054
0,006565205
-0,02507631
-0,02540901
-0,001545195
-0,01236943
-0,007169548
-0,02813429
0,006774726
-0,002116212
-0,02880447
-0,02195657
0,02443822
0,01380414
-0,006723743
0,02340607
0,01734294
0,01318889
0,009736158
-0,01849417
-0,002061213
0,02826992
-0,01415713
-0,02848776
0,01138426
-0,01726227
-0,0244035
-0,005905652
0,01012551
-0,004812278
0,01367819
-0,034805
-0,02822035
-0,03130205
5,318212E-05
0,02567186
-0,008738944
0,009966807
0,01751644
0,01171427
0,008772172
-0,0172876
-0,005145336
-0,02208897
-0,03074628
0,01800714
-0,02673997
0,005211288
0,004648898
-0,02856814
0,01656716
-0,005129696
-0,03033616
0,01923627
-0,01864743
0,007086923
-0,0096913
-0,03075309
-0,008157676
-0,01506356
-0,01987679
0,02645146
-0,01062928
-0,02134369
0,01193747
-0,03050919
-0,02941328
0,01941482
-0,02178182
-0,003600665
-0,001850094
-0,02826758
0,0143102
0,01859997
-0,008508826
-0,0251149
-0,00547372
0,02570622
0,02221112
0,009634831
0,02503048
-0,006471656
0,008735024
-0,004388493
0,002931777
-0,020542
-0,03897031
-0,02038467
0,01554515
0,02066365
-0,003693581
-0,0145745
-0,01898029
0,000963916
-8,073272E-05
0,01489299
-0,03802392
-0,01608215
0,0004030761
-0,02756737
0,02641766
-0,006795469
0,001851186
-0,01464771
0,009045564
0,0172166
0,01052178
-0,02137455
-0,004500959
-0,02411743
-0,02109515
-0,008597065
-0,02479079
0,008998298
-0,01511064
0,01163659
-0,01806761
0,01722524
0,0009772918
-0,004565039
0,02961161
0,01246983
0,02476448
-0,02289713
0,01685458
-0,03019041
0,008222976
-0,02876286
-0,02008995
-0,001715783
-0,03232611
-0,02782932
-0,01409787
0,007447372
0,006547314
-0,00317559
0,01448299
-0,01272409
0,01201626
0,01218668
-0,003617834
0,01075302
0,0122545
0,006524721
0,00582815
-0,03065009
-0,02688323
0,003374852
-0,01092964
0,02277512
0,006420324
-0,01829301
0,01849679
-0,02140704
-0,02033168
-0,01232333
-0,0009678507
-0,00663454
-0,001057526
0,007572806
-0,02515823
0,008235895
0,02876389
0,02592893
-0,02615718
-0,02675157
-0,02977843
-0,005812614
0,02667229
0,0130585
0,01988407
0,01578997
0,02366067
0,004987122
0,01818384
-0,02535146
0,01748153
-0,02305836
-0,01198551
0,0009565424
0,009493342
0,02410954
0,004209111
-0,02122243
0,01457923
0,0124153
-0,02268096
-0,02969612
-0,008164738
-0,01433327
-0,03480193
-0,01366166
0,01409774
-0,02749327
0,004797616
0,01616799
0,01435628
0,01848706
0,003996101
0,0114936
-0,01943454
0,02280184
0,01798427
0,01344575
-0,02049927
0,02364182
-0,01191327
-0,01888561
-0,008980515
-0,02806699
-0,0008307751
-0,007643358
-0,02578692
0,02583615
0,02482728
-0,02116835
0,03023008
0,01628756
-0,02389952
-0,01316259
0,01819943
0,01953669
0,02213694
-0,001352473
0,006737557
-0,01232135
0,01703259
0,0105739
0,02221816
0,0202921
-0,01766431
0,01670027
-0,007625393
-0,0005840106
-0,01696527
0,01305453
-0,02729549
0,01362757
-0,03778365
0,01521496
-0,009200728
-0,03378676
0,008987078
-0,01541525
0,01344108
-0,000291957
-0,01841174
-0,0410448
-0,02122608
-0,0006653689
0,02272846
-0,02524501
0,02066698
-0,00446696
0,02703866
-0,006207976
-0,03024865
-0,01610899
-0,02772758
0,01706506
-0,02375685
0,009477835
-0,009119977
-0,0018008
0,01791271
0,01039953
0,02762319
0,001683978
0,008420818
-0,02450271
0,02824359
-0,0255931
0,01170108
-0,01887352
0,01814261
0,01374376
0,02933037
-0,00811922
0,00504697
0,02812328
0,02627533
0,01178675
-0,01321429
-0,02504555
0,01682564
-0,02819878
0,02258711
0,02074858
-0,0007057964
0,01183141
0,006541241
0,01704399
0,009763845
-0,03260121
0,001226446
0,004425895
-0,001266614
-0,02105325
0,003489249
-0,01821942
0,009671252
0,01975469
-0,007238244
-0,01717429
0,01107436
0,02083677
-0,008450228
0,008162183
0,004151357
-0,01804516
-0,005506259
0,009231624
0,01149034
-0,0266272
0,02170472
-0,007220469
-0,01302937
-0,02209881
0,003726637
0,009122338
0,01183762
0,02806196
0,02606539
0,01518086
-0,01308942
-0,02906204
-0,01594736
0,0006051717
-0,005218742
-0,03158614
-0,03025051
0,005048047
0,006202655
-0,02077969
-0,0177079
-0,02993574
-0,01424841
-0,03336433
-0,007710604
-0,03653578
0,003827422
-0,02581144
-0,02302265
-0,02563739
-0,01602354
-0,03597165
-0,02758839
0,008203563
-0,0120921
-0,009625063
-0,003022382
0,001500644
0,01848196
-0,02993199
0,00399151
0,01400524
0,02383821
0,007591811
0,02638169
0,006327392
0,006058359
0,02345068
-0,01648965
0,005723091
-0,01739976
0,01780073
0,02879983
-0,005538078
0,0174672
0,01530164
-0,02957986
-0,02258691
0,006023903
0,0006219603
0,0239956
-0,004801754
0,005090472
0,006804227
-0,01211319
-0,02137248
0,01666131
-0,00333042
-0,02700948
-0,03432557
-0,002584441
-0,008756912
0,01524971
0,000567773
0,00545913
-0,007569876
-0,02816854
0,002914403
-0,0309766
0,01025004
-0,01990523
0,009063806
-0,03493702
0,01065726
-0,02730245
0,004646769
-0,02323442
0,01615526
0,02614268
0,003356585
-0,01046919
-0,009042402
0,02840153
-0,01305799
-0,02017722
-0,02068675
-0,02223334
-0,01097465
-0,009410181
0,01740238
0,02013004
-0,02056804
0,01858804
-0,01767269
-0,02308987
0,01642253
0,02661
-0,01004917
0,01269707
-0,01539226
0,003493982
-0,01144836
0,02737845
0,009648154
-0,02527336
-0,02824179
-0,01265535
0,01239225
-0,009387733
0,003564932
0,02745272
0,02459716
-0,007928978
-0,00867959
0,001863124
-0,03090505
-0,01108393
-0,007513517
-0,01095843
-0,00821533
-0,02049775
0,008951397
-0,01878964
-0,01426284
-0,02964751
-0,01803077
-0,03095157
0,01920896
0,00834348
-0,009610291
0,0103707
0,01806808
-0,02246901
0,01584583
-0,02601535
-0,02496047
-0,005412016
-0,01094516
-0,01698554
-0,02296913
0,02105603
-0,009221473
0,0236443
0,0135359
0,01861277
0,02067147
0,01137647
-0,01135046
0,002661472
0,03049623
-0,01352067
-0,006700673
0,02372849
-0,02175143
0,01942745
0,0071683
0,02254426
-0,001638053
-0,0003961972
0,01372224
-0,03250046
-0,005668827
-0,02538823
-0,02978203
0,02197829
-0,0247124
0,01302185
0,004915996
-0,0140846
-0,00522907
-0,001428584
-0,0316656
-0,02243664
-0,01891346
0,003760506
-0,03616408
0,02116563
0,003493885
0,003383464
-0,018856
0,002564895
0,01191106
-0,01435072
0,00960587
-0,02386779
-0,0100724
0,0278684
0,02940536
0,02280419
-0,006927588
-0,01858632
0,02230376
0,01537869
-0,004559021
-0,02282257
-0,008587367
-0,01778782
0,01932544
0,01967303
0,008292825
0,02913185
0,02557793
0,02528013
-0,03100361
-0,01445595
-0,02516052
-0,03218529
-0,000453336
-0,005372153
0,01965259
0,01340739
-0,01876257
0,01958295
-0,01487455
-0,02324275
-0,02410296
-0,02861882
-0,01056296
0,01762782
-0,009407064
-0,03003156
0,01199665
0,01078922
-0,03728379
-0,01432593
0,01307911
-0,009958734
0,02083895
-0,02009766
-0,01095916
0,01945668
-0,02223258
0,02014046
0,02694961
-0,01411315
0,009736513
0,01835036
-0,01218554
-0,005624904
0,03021838
-0,009088582
-0,003617109
0,002252891
-0,02721775
0,009897118
0,02480145
0,02443103
-0,005774048
-0,01694485
0,02109202
-0,01922152
0,01088135
0,02292284
-0,01282187
-0,007863163
-0,02847981
-0,0296359
0,02037837
0,004367519
-0,005781453
0,009749941
-0,03189113
-0,02016145
-0,03151904
0,01790054
-0,005632532
-0,01543139
0,01994721
-0,03612296
-0,008584666
-0,01569694
0,01028519
-0,0367327
0,01787067
-0,02414144
0,01129175
-0,01430687
0,01553287
-0,01155637
-0,003112118
0,02546426
0,02847659
0,01163196
-0,006645128
-0,01932359
-0,02215624
-0,01425901
0,00475829
0,005131147
-0,01961211
0,00315108
0,0260794
0,01054524
0,02783369
-0,01420893
-0,01282218
-0,02066113
-0,005163667
-0,02964857
-0,02606454
-5,548449E-05
0,02461532
-0,009675797
0,01062256
-0,01085414
-0,01602413
0,006171505
0,0222433
-0,03155067
0,003017874
0,007951829
-0,0204092
-0,006019479
-0,02666201
-0,00895978
0,005326225
-0,0180812
0,01617509
0,01821833
0,01268446
-0,02091824
0,01040495
-0,01415027
0,01413047
0,02258579
-0,001868026
-0,01966069
-0,02500155
0,008446597
0,02432889
0,007706221
0,0248611
0,01300712
-0,01442731
0,0269349
-0,03019041
0,007651455
-0,02720101
-0,02850864
0,02380958
-0,001600017
-0,009376034
0,0007158305
0,02825646
-0,004920471
-0,01479333
-0,004859093
-0,001622309
-0,003637444
0,00253616
0,02413841
-0,01701324
-0,001528652
-0,02249992
0,0139131
0,006808708
-0,0003895789
-0,006110683
0,007833214
0,01494522
-0,03217091
-0,003816091
-0,02133511
-0,03264803
0,01878819
0,00963953
-0,006125974
-0,02519421
-0,02862063
-0,01466778
-0,03677513
-0,02135159
0,01450454
-0,03854109
-0,01341096
0,02303107
-0,01305693
-0,00578864
-0,00518942
0,01262842
-0,02189861
0,01305765
0,009553881
-0,02028863
-0,02806991
-0,006458442
-0,003897573
0,004892423
0,0001141909
-0,01062244
-0,0009037316
-0,01986279
-0,008339675
-0,0181413
0,01962848
0,02758341
-0,02257639
-0,007054871
0,02871244
0,007196097
0,01402192
-0,02186111
-0,01707925
0,02313806
-0,007064578
0,001450755
-0,008342287
-0,003251156
0,01537524
0,01645677
-0,01485243
-0,02743001
0,02695753
0,01689951
0,0003786603
-0,0188529
0,009133912
-0,03623966
-0,03482433
-0,002501932
-0,01434274
0,02176534
0,006379105
0,01843638
-0,03580803
0,02109142
0,02538265
0,007972345
-0,02063326
-0,002861014
0,02111904
0,02660452
-0,003685336
0,0226183
-0,02806166
0,02904942
-0,002696807
0,01486842
0,01595858
-0,000334372
-0,02817103
0,02864982
0,01815949
0,01095885
-0,02813989
-0,005842258
-0,01939689
-0,004472387
0,0003458231
-0,001658313
-0,02452038
-0,02683705
-0,01319381
-0,005075122
-0,01954052
0,01205874
-0,00996686
-0,01150898
0,02345249
-0,003690669
0,001755345
0,008939756
-0,01802423
-0,01832965
0,01656399
-0,02112397
-8,867599E-05
-0,03050851
0,01469673
0,004683326
0,01471604
-0,03193469
-0,01933542
-0,001611016
-0,003941083
-0,009360379
-0,02272938
-0,02914923
0,02255095
0,008026082
0,01586003
0,002534676
-0,01924738
0,01565032
-0,008815165
0,01773619
0,009172092
-0,0273007
0,01107516
-0,01231449
0,002672755
-0,02504513
0,01982129
-0,01270344
0,02469769
-0,00948167
0,01430391
-0,001624101
0,01125791
0,01081385
0,0175701
-0,02680078
0,001564081
0,01602603
0,004794671
0,03004639
0,01176587
0,007883664
0,02012136
0,01188231
0,001498497
-0,01270522
-0,005449851
-0,01996562
0,008632325
-0,03426852
-0,006103247
-0,009797402
0,0195872
-0,03223244
0,0009302765
-0,0002719065
-0,01464891
-0,002444242
-0,02596791
0,01450324
-0,01471466
-0,03281144
0,01073872
-0,02065951
0,01103188
0,01144278
-0,007207969
-0,01704325
0,02249078
0,01226364
-0,03031224
-0,00550953
-0,02071487
-0,008507857
-0,02677362
0,02661727
-0,01969875
0,02527685
0,01342768
-0,01943923
0,004586311
0,002335712
0,003975621
0,02173644
0,02160353
-0,01713139
-0,001052776
0,001446161
-0,03330484
-0,02266483
0,004801778
0,01904089
0,0006236199
0,01056812
0,008093604
0,008142997
-0,03548587
0,005048665
-0,03292297
0,01648831
-0,042246
-0,02042672
-0,01443266
-0,04022644
-0,0376428
-0,03031403
-0,01772124
-0,003001874
-0,03053214
0,009860182
-0,008536769
-0,0003397092
0,02243677
-0,03256537
-0,01705654
0,01423596
-0,002238374
0,02007113
-0,006627595
-0,0008159277
-0,01675428
0,02019379
-0,01946579
0,01069368
-0,02637124
-0,02472381
0,01904226
-0,005736394
0,009151742
-0,009550802
0,02531886
0,0008278412
0,02172057
0,02065641
-0,01810687
-0,01506564
-0,02559886
0,001781101
0,01715655
0,01094738
0,02282497
0,01899405
-0,009978178
-0,01834297
0,01302819
-0,02777695
-0,0326865
-0,0005768744
-0,00755572
0,01837368
-0,02582273
-0,03081548
-0,02627802
-0,006364468
-0,001983265
-0,02900182
-0,02916028
0,009611103
0,02190462
0,02237675
-0,01584402
0,02426266
0,02603683
0,01684036
0,02123866
0,02414507
0,01129886
-0,02644116
0,02158841
0,03006074
0,009899239
0,02532815
-0,02851116
0,01010986
0,005474355
-0,009104719
-0,004014159
0,02562412
0,02507459
0,02791757
-0,02607725
-0,01607773
0,02314455
0,01175587
-0,0263516
0,01161055
-0,01798801
-0,01749723
-0,02270007
-0,03283431
-0,02805937
-0,01249017
0,001874384
0,01938632
-0,007218615
0,02543925
0,01945498
0,001091125
-0,01163365
0,01210313
-0,01714686
0,01639289
0,004167311
-0,006720271
-0,0237284
-0,01884609
-0,02574005
0,001301744
0,02202176
-0,01455013
0,01057822
-0,01655335
0,02007574
-0,03126487
0,023298
-0,02688591
-0,02614756
-0,01288414
0,01581005
-0,02094408
0,0111631
-0,005134715
0,02475759
0,0201276
0,02392658
-0,01033784
-0,008681413
-0,02009569
-0,0145077
0,008332317
-0,001770999
0,01965476
0,001079636
-0,02658653
0,001138302
-0,02512888
-0,001279857
-0,01283717
-0,009097254
0,008030784
-0,001352118
0,002547048
-0,01781871
0,01945123
-0,01784641
0,01573469
-0,005351562
-0,003177965
0,02131268
-0,01436987
0,01709439
-0,002067265
0,01272313
-0,02225114
-0,02963122
-0,03805648
-0,03228701
0,01974212
0,001487041
0,02353721
-0,03201491
-0,03091487
-0,008847094
-0,008505828
0,02072692
0,02494639
0,01423146
0,01804488
-0,001490447
0,01825728
0,005016079
0,01550233
0,02616584
-0,02500058
0,006297222
-0,02566558
-0,02053431
-0,02677418
0,003674943
-0,02716011
0,02194215
0,01861748
-0,0169166
0,02518363
0,01401167
0,02419679
0,02797647
-0,01730818
0,02294029
-0,001232501
-0,0311613
0,002275387
0,007152163
-0,008678871
0,008031623
-0,003216889
-0,0232691
0,01822116
0,02456491
-0,01239848
-0,02902536
0,002363505
-0,03186778
-0,02368392
0,01042326
-0,02862622
0,005414766
0,008743053
0,005236278
-0,02690597
0,01973844
-0,02983848
-0,009144351
0,006258353
-0,02397788
-0,01770899
0,01914099
-0,003373262
0,00707123
0,02857824
0,026435
-0,001076886
0,02642903
0,02959727
0,01751248
0,03021573
-0,02468436
0,001417396
-0,005003177
-0,02519899
0,02068744
-0,01435892
-0,02637354
-0,01789788
0,02418248
-0,01945952
0,01366807
-0,02843321
-0,02161185
0,006099784
-0,01861914
-0,01941879
0,002821801
0,01603382
0,007212912
-0,03309883
-0,02231741
-0,03246464
-0,01892509
-0,008121902
0,007123116
0,01215093
-0,01845643
-0,03314768
-0,007522724
0,006227242
0,01090042
-0,03146993
-0,0109321
0,01332088
-0,02765672
-0,02034092
-0,007742203
0,005043654
-0,01404794
0,005520032
0,02820424
-0,02072223
0,01140849
0,0258742
-0,001946363
0,01599146
-0,01144214
-0,02784749
0,01584568
0,01476223
0,02485686
-0,02090379
-0,01032717
0,01752172
0,01633876
-0,02777115
-0,01513718
0,0270104
-0,008908809
-0,02881876
-0,03158978
-0,02788204
0,0155421
-0,01384852
-0,003139039
0,007702272
0,008725396
-0,01002605
0,00103054
-0,02926419
0,01762839
0,02632835
-0,005020395
-0,03126484
-0,03070655
-0,02992039
-0,01166391
-0,01244974
0,02508503
0,02273533
-0,005183715
-0,02000844
-0,0179793
0,01145289
0,01469295
0,006667946
0,0188028
0,006839495
0,03115143
-0,02818443
0,02505875
-0,005339147
-0,01642545
-0,01529302
0,005670624
0,02394922
-0,005943319
-0,00526026
-0,002765921
0,01863385
-0,0242058
0,02587121
-0,0003040679
0,01157676
0,02433796
0,02503636
0,007841934
-0,01431597
0,01395939
0,01217269
0,01010955
0,02205066
0,02702032
-0,005841302
0,001958087
0,01447302
0,01740387
-0,02752531
-0,0001766341
0,0214034
0,02191216
-0,02771143
-0,01068588
-0,001988505
-0,02338005
-0,008683958
0,01347996
-0,01768823
-0,006210658
-0,02409876
0,006721565
0,02461613
0,02425432
-0,0173605
0,02192487
0,006284719
0,01521149
0,004844682
0,01761892
0,02072881
0,02780935
-0,0001266908
0,02127256
-0,01230601
-0,01019389
-0,02816341
-0,002882638
0,01878841
0,01103462
0,01893586
-0,02471462
-0,01045117
0,02225553
0,003945875
0,02471676
-0,02893774
0,002976732
0,02816179
0,001437964
-0,002084112
-0,02297593
-0,009839057
0,01695013
0,003675153
-0,02858846
0,01439578
0,02733737
0,0136972
0,0007577372
0,02619781
-0,03166911
-0,01922079
-0,01538766
0,01113065
0,02541921
-0,008509581
-0,01898795
-0,02776117
-0,02018915
-0,02522198
0,02698672
0,02979912
0,008338393
0,01258547
-0,02508319
-0,008827846
-0,02512098
-0,009018907
-0,0131926
0,02067686
-0,0279596
0,01732623
-0,02803649
-0,01115807
0,0114011
0,005608652
0,01306148
-0,01295851
-0,01470864
0,00601693
-0,02588775
0,01111578
-0,01533923
0,01188852
0,01609081
0,02120094
-0,02814198
-0,02203131
0,007069022
-0,0005574502
0,01678601
-0,003500114
0,01481361
-0,005867088
-0,0007590204
-0,02105483
0,01289946
-0,02458085
0,0002081966
0,01113589
0,009059141
0,005714578
-0,001686382
0,0109499
0,02648126
-0,01528104
-0,0201534
0,02751241
-0,02977757
-0,01056183
0,009881857
0,02715085
0,02273676
0,008739222
-0,02630209
-0,01222554
0,01439992
0,02649453
0,02501259
-0,0164245
-0,01114685
0,02742606
0,01508943
0,01874983
-0,02662102
0,004619578
-0,02887458
0,008222848
0,02000204
0,002200575
0,0216507
0,005879881
0,01675428
0,003178851
0,0271229
-0,002546088
-0,01773597
0,001517278
0,01440079
-0,0008630866
0,008140155
-0,02678528
-0,02493143
-0,01508294
0,01805727
0,02036701
0,006980343
-0,02171148
-0,009670066
-0,01969729
-0,005551252
0,01935335
-0,01783299
-0,01477755
-0,006363484
0,009958157
0,02136851
0,009636356
0,006833161
-0,008697371
-0,01602518
0,004470907
-0,02126618
0,0009565133
0,0005760189
-0,02367542
-0,01845975
-0,01197449
0,01045644
0,006705005
-0,02393552
-0,01707555
-0,01863245
-0,004556742
0,005772044
-0,01534044
0,02184838
-0,00100762
-0,02969266
-0,01596642
0,02860855
0,02293308
-0,01274776
0,008213034
-0,02372514
-0,02842939
-0,007056229
-4,457325E-05
-0,02082822
-0,01569469
0,004660005
0,001438494
0,02215275
-0,008415218
-0,01519059
-0,02691056
0,02511248
0,005493586
0,01556581
0,01108483
0,008651475
-0,01146042
-0,001928912
0,01381675
-0,02483482
-0,0186565
0,007579002
0,01722812
0,01101151
-0,02153619
0,02066095
-0,005742301
0,01017879
-0,00398312
-0,004777178
-0,007385485
-0,01220359
0,001333934
-0,005453761
-0,0009425186
0,01383624
0,0117194
-0,02146768
-0,003676738
-0,02761964
0,004906075
-0,008872655
0,02017018
-0,01999628
0,002030245
-0,009598702
-0,01346779
0,01370368
-0,01127797
0,005090223
0,009212772
-0,006164735
0,003118507
0,002458586
0,02398287
-0,006974149
0,004480747
0,01849076
-0,03029105
-0,006673556
-0,02034662
0,02135587
-0,004246491
0,02596782
0,02269283
0,01626258
-0,006613585
-0,01987109
-0,01364635
0,02866343
0,02779809
-0,0198635
-0,02779848
0,01211105
0,000989261
0,02210708
0,01998123
0,008598133
-0,02024585
0,01926189
0,004745713
0,01128621
-0,008102952
0,02170376
0,01668258
0,02934892
0,01509022
0,02995766
0,0016197
-0,02437141
-0,02112651
0,02342841
-0,02154489
-0,02795962
0,02269681
0,01420105
0,02559927
0,02366076
-0,01239311
0,01585228
0,02731284
-0,02419324
-0,003240682
-0,009423732
0,007666885
-0,00159366
-0,009468346
0,02104146
-0,02901329
-0,02863187
0,003903146
0,0269816
0,009091122
-0,0188948
0,01997131
-0,0008295925
-0,0003529416
0,005472909
-0,01982723
0,02411694
-0,02809878
-0,005051716
0,009896063
-0,01895996
0,01986667
-0,02521662
-0,02755849
-0,02910925
0,02043655
0,01782811
0,02772196
0,02662242
-0,008657176
-0,005057933
0,02294715
-0,000968738
-0,01549721
-0,02818593
-0,01593774
-0,01169393
0,008580129
0,02432854
0,0283784
-0,0001299171
0,001895914
-0,01732934
-0,01539435
0,02772834
-0,01740631
-0,006906858
-0,01517081
-0,009701605
0,01334897
-0,005828417
0,01417264
0,00267316
-0,003716947
-0,01451837
0,001150631
0,002873237
-0,004135129
-0,01029401
-0,02888846
-0,0158892
-0,02489199
0,008676593
0,006218166
-0,0155257
-0,01084544
-0,0088202
-0,01472471
-0,001982692
-0,008073751
0,02305742
-0,01431353
-0,02212793
-0,003331353
-0,01962259
0,01005393
0,007501537
0,02107638
-0,02449433
0,01914261
-0,002641225
0,002961244
0,007181277
-0,01681176
0,02764429
0,01108745
-0,00997842
-0,02759325
0,02944995
0,0009402694
0,01175401
0,02300784
-0,01094113
0,02339676
0,01425006
-0,00498545
0,02383076
0,007366255
-0,02970442
0,008543469
0,02205837
-0,02199845
0,01779349
0,029486
0,02108246
-0,02154865
0,006158937
-0,02414389
-0,01381621
0,006311576
0,02486755
0,01287558
-0,009149409
0,001288865
0,004217866
0,01172496
-0,001463041
-0,004378823
0,009115114
0,004148731
0,02989593
-0,01142648
-0,01377604
0,02725744
0,01016228
0,03031167
0,02727748
-0,01481206
0,01317973
0,01577996
0,01674828
0,03051207
0,02046686
-0,002633479
0,02773446
-0,01062712
0,01577948
0,008236722
-0,007309725
0,01916568
-0,02541476
-0,0159919
0,01682512
-0,006733385
0,006931876
0,02967671
0,002388622
0,01859681
-0,01085879
-0,02764554
0,02732051
-0,001609968
0,02904203
-0,003040563
0,009241811
0,003241746
0,02220159
0,02100295
-0,01076554
0,02133771
-0,0180093
-0,008569448
-0,006487979
0,001031879
0,01994577
0,02464027
0,02291789
0,02382881
0,003937267
-0,0150172
0,02665165
0,02066283
-0,02725787
0,02037024
-0,0006031281
0,01583406
0,002535681
0,02364388
-0,009563075
0,01118281
-0,00206298
-0,02144666
0,0265127
0,01074379
0,01907672
-0,01163695
-0,02846619
-0,006437665
0,01870647
-0,005536602
-0,002364825
0,02531944
-0,01101471
0,00198518
0,007296196
0,01387056
0,02117151
-0,01422257
0,003799835
0,01279399
-0,02316462
0,009176277
-0,0153028
-0,025726
-0,0237595
-0,02339406
-0,004372711
-0,02135067
0,02811076
0,02403456
-0,02921807
0,02941769
0,0006508167
0,008683438
-0,00666672
-0,02671505
-0,004541294
0,01336924
0,01256848
0,001716425
0,02322236
-0,0007195845
-0,02487513
-0,02057926
0,01787506
-0,02856972
0,001725548
0,001402161
-0,0169362
0,01611375
0,02527354
-0,01324785
-0,01022861
0,008216807
0,004326167
0,01938717
0,02447227
0,02228307
0,004528768
0,01249325
0,02335301
0,02347538
-0,003944964
0,02525449
-0,00630092
-0,001116508
-0,0052981
0,01090583
-0,02137425
0,003992539
-0,01153019
-0,02212023
0,003837941
-0,02790056
0,02016197
0,008170018
0,004057753
-0,02473678
-0,01303421
-0,02521983
0,005488772
0,02484338
0,02614584
-0,01801006
0,02938542
0,0145984
0,009552135
0,0230019
-0,02563492
0,004583927
-0,0205363
0,003737521
-0,02124139
-0,0299503
0,008961831
0,03038164
-0,02677534
-0,01951341
0,01635391
-0,01100433
0,007337996
0,02141091
-0,007248141
0,009693557
-0,002339242
0,01739328
0,01352472
-0,01232489
0,01867403
0,02676811
-0,01466488
0,01920844
0,005314301
