-0,0004610987
0,0107044
-0,01338162
0,02352312
0,01260319
0,02237593
-0,01494188
-0,0273075
-0,02917017
-0,01977732
-0,007839807
0,006402459
-0,02138983
-0,009030158
0,01850193
-0,02815147
-0,0283454
0,02548682
0,02763738
0,02594765
-0,00950087
0,02430498
-0,01247648
-0,01666482
0,01570008
0,02136974
-0,008494117
0,002277314
-0,007306765
0,001939323
0,02207331
0,02886639
-0,02110908
-0,01528697
0,005996299
0,009357677
0,01220281
-0,01408698
0,00948678
-0,006697397
0,02795918
0,01486515
0,02242876
-0,0152763
-0,008215672
0,01483749
-0,02207578
-0,02798873
0,008797025
-0,01486198
-0,01462984
0,0007435358
0,001693542
0,0217882
-0,0004026624
0,003349735
-0,01248876
-0,03084929
-0,01982047
0,01633049
-0,0005557456
0,01947493
0,01683681
0,005186423
-0,002725574
-0,0007440269
0,006326208
0,02401022
0,009131171
-0,02021442
-0,01239335
0,01579139
-0,01349847
0,003393598
0,02734953
0,001532906
-0,03454332
-0,03404418
0,01603143
-0,02796464
0,01137951
-0,0165688
0,01882186
-0,02826442
-0,008209611
-0,006561722
0,003581526
-0,002274996
0,0198734
-0,03068246
-0,01813794
0,01274432
-0,02156821
0,01986201
0,02437259
-0,01925173
-0,02803569
-0,007296924
0,02659548
0,02692967
-0,01397599
-0,01219396
0,0008283174
0,002392375
0,02943908
-0,002360684
-0,01834459
0,0149449
0,0138828
0,02275543
0,01559067
0,003241729
-0,0123617
-0,01289209
-0,01523875
-0,01107488
0,03642533
0,02060574
-0,00817893
0,02479621
0,02066505
-0,03431591
0,02577566
0,008745484
0,02096992
0,004893599
-0,004965562
-0,01017266
0,003767414
0,007591777
-0,00346236
-0,0006334999
-0,03396045
0,01677932
0,006842347
-0,007308843
0,03145925
0,002305832
-0,02084287
0,01437614
-0,01337624
0,01144085
0,00868987
-0,02558945
0,002168295
0,02551961
0,001419446
-0,02705896
0,01464482
0,01273344
-0,01269097
-0,002978712
-0,01515488
-0,02440488
-0,02209923
-0,0182859
-0,02690885
0,0284218
-0,004692583
-0,02145927
0,03454043
0,03075335
-0,007226874
0,0443701
0,00956706
0,03470057
-0,004055258
0,005913484
0,008784082
0,008892842
-0,02367042
-0,002537532
0,0009912786
-0,006529443
0,0037954
-0,01961765
-0,01776826
0,01604322
-0,03545912
-0,05911017
-0,06894381
0,0001900468
-0,007995048
-0,03956015
-0,009866414
-0,05131572
-0,01270752
-0,02264297
0,03050189
0,005727221
-0,01690397
-0,01576547
0,01596341
0,01650778
0,03530086
0,008209929
0,0025926
0,01014458
0,01553319
0,00334601
0,01109477
-0,01976997
0,003764386
-0,01722538
-0,006347765
-0,005645526
-0,02288136
0,01262754
0,01867265
0,05256438
0,03949701
0,01798449
0,03002902
0,0308569
0,01433809
-0,01160797
0,04150196
-0,006685985
0,002761423
-0,03878202
-0,006822671
-0,03016802
-0,01330696
0,01962717
0,009268374
-0,04479139
-0,007535423
-0,01317468
-0,01828881
-0,05575661
-0,005519799
-0,007853633
-0,0295572
-0,003978713
-0,05568475
-0,04333939
-0,002179482
-0,01622413
0,02144829
0,02995766
-0,03246118
0,00624366
0,01197953
-0,0359024
0,02010851
0,02928005
0,01230355
-0,01116885
0,001519801
0,0166307
0,006830283
-0,009172851
-0,02076947
-0,002480617
-0,008477671
-0,02475429
-0,002160795
0,03942621
0,03195158
0,01016419
0,032491
0,005997559
0,02916789
0,02796642
0,01146585
0,0617901
-0,009849976
0,05877222
-0,01065599
-0,02131089
-0,01270406
-0,02548974
-0,04857277
0,009001438
-0,04903305
0,03794053
-0,004339891
-0,03210385
0,01982157
-0,03869258
-0,1195476
-0,07650939
-0,07430535
-0,01198523
-0,04210532
-0,07208467
-0,02812858
-0,04011442
0,004668855
0,01426911
0,01032603
0,02464967
-0,0123916
-0,02520784
0,01232842
0,02022816
-0,00645933
0,01338284
0,02670101
0,02492346
0,01576945
0,007998835
0,03923694
-0,05438653
-0,01749056
-0,05567925
0,06448991
0,07190315
-0,01496839
0,03702648
-0,004924288
0,01008167
-0,0408345
0,04211934
0,06118194
0,1300012
0,07689411
0,07763752
0,01349074
-0,009415863
-0,003322444
0,0319716
0,007389084
0,01036365
-0,01391733
-0,004799579
-0,04120579
-0,03069397
0,009549936
-0,03608543
-0,04297068
-0,0467929
-0,06178511
-0,07521564
-0,01696609
-0,03716617
-0,02472641
-0,04408059
-0,03676431
-0,0164431
-0,007866942
-0,03437406
-0,02221908
-0,01965349
0,01702232
0,02145995
0,04072018
-0,01110997
0,03047442
0,028541
-0,01788871
-0,004343108
-3,054483E-05
0,00657728
0,0004604698
-0,03286039
-0,00514259
0,08582678
0,01507182
-0,02377094
0,04047377
0,07170171
0,07690323
-0,002365402
0,1088166
0,1069517
0,1160203
0,138107
0,1386896
-0,01066845
0,02316467
0,112662
0,05954985
0,0415119
0,008831291
-0,1031624
-0,02357862
-0,02715656
0,003830571
-0,03370741
0,005441956
-0,02593398
-0,002659388
-0,1076836
-0,07672855
-0,09725296
-0,01286757
-0,05335213
-0,07932214
-0,003576565
-0,03818097
0,01618926
0,005710023
-0,01995617
-0,003932511
0,03182552
0,02809642
-0,01346419
-0,01416601
-0,02264191
-0,01232451
0,008057436
0,0008258293
0,04198996
0,01040804
-0,007455946
-0,06128484
0,004557853
0,003032718
-0,06492753
0,04149455
0,03286029
0,06901173
0,03343576
0,04094339
0,07858668
0,03509108
0,0590564
0,07246426
0,1336455
0,1147099
0,08143377
0,04838246
-0,01750479
-0,02456728
-0,1062161
0,02210282
-0,006085359
0,006721891
0,05345645
0,04713282
0,03949343
-0,04928814
-0,01572516
-0,03966054
-0,03610831
-0,04280018
-0,07131936
-0,09802516
-0,05543292
-0,05685049
-0,03388529
-0,04120636
-0,03719331
0,02075722
0,03181915
0,007561614
-0,009016324
0,005247966
0,02513588
0,01323785
-0,01211207
0,004221111
-0,04885491
-0,08756199
-0,05897651
-0,08659047
-0,06105565
-0,06217765
0,02069408
0,03655802
-0,01028489
-0,01288405
0,06636333
-0,002128588
-0,02752887
-0,003576574
0,03556426
-0,01260143
0,02843301
0,003279418
0,06916193
-0,06241057
-0,1094084
-0,02848732
-0,06019347
-0,04736023
-0,003331234
0,0249819
0,03405727
0,02430582
0,1377211
0,04871784
-0,0003061691
-0,008279718
-0,007880623
0,02691598
0,02456856
-0,04574991
-0,04243746
-0,07707842
0,02704565
-0,01423683
0,004893563
-0,0006295358
0,04901028
0,03751191
0,01546609
0,01823523
0,02429347
0,008620532
-0,009637523
-0,02055258
-0,03872618
0,03166747
-0,0707809
-0,04897053
0,01381767
0,04538167
0,01771685
0,01207665
-0,04420625
0,04204335
-0,03438704
-0,01937465
0,002996206
0,01788828
0,02940781
-0,01267086
0,02455711
0,1041164
0,04349395
0,00392856
-0,06694602
-0,05695976
-0,04066214
-0,01007048
0,01650763
0,1229054
0,05189729
0,02561195
0,03474032
0,07123593
-0,02780407
-0,07417942
0,02232088
-0,01395855
-0,02185218
-0,0005528597
0,02743431
-0,007232305
0,04276333
0,0411384
0,08549079
-0,02322507
0,0006505859
0,04399136
0,01304216
0,01268303
-0,01937886
0,0001285116
-0,003762277
-0,07914885
-0,01284353
0,03638054
0,0214349
0,002710288
0,0362153
-0,004851775
-0,0600646
-0,02091265
-0,07210041
0,02554586
0,08305281
0,02972794
-0,0638636
-0,04490096
0,08395977
0,1028692
0,1870203
0,02280092
0,06661924
0,01710408
0,0571043
0,1074299
-0,01062776
-0,01386938
0,1080019
0,1366271
0,08493543
-0,01568907
0,1002518
-0,01011561
0,04174175
-0,05713614
0,06173403
0,0617846
-0,09692644
0,0003323008
0,01253678
0,1423309
-0,01661678
0,05784288
0,07579984
0,06731675
0,02685169
0,05454841
-0,00547362
0,03181751
0,01616923
0,001772301
-0,01123122
-0,02311432
-0,001831025
-0,07948124
-0,03353335
-0,02056222
0,01284443
0,02507949
-0,02991538
-0,01702997
0,03275803
-0,07609354
0,04597637
0,1486021
0,05927601
-0,02556947
-0,01391464
0,03414698
0,0779982
0,03643694
0,01767908
0,02604595
0,09788468
0,1049416
-0,02410484
0,06747229
0,1102998
-0,02508034
0,02930706
-0,004670976
0,1627741
-0,06671274
-0,02674231
-0,07184342
0,03719394
-0,01797944
-0,04108247
-0,01997567
0,0521522
0,02272186
0,06531638
0,06480115
0,01811552
0,05351163
0,02763963
-0,001314291
0,01938862
0,01907122
-0,008699896
0,004691863
0,02186847
-0,000324664
-0,01808013
-0,0152505
-0,08785874
0,03597501
-0,009427351
0,08559045
-0,004644329
-0,01660811
-0,07907164
-0,1859667
0,07551302
0,1159997
0,0170155
0,08967528
0,03433788
-0,0635926
-0,118879
-0,1195577
-0,005981337
0,082257
0,01423024
-0,1364311
-0,09794139
-0,05977188
-0,006350952
0,1075564
0,157222
0,1850609
0,157335
0,03052048
-0,06764548
-0,05732629
0,0860119
0,03011451
-0,01520578
-0,004081156
0,06362537
0,03177228
0,1165961
0,02332782
0,05715827
-0,01126586
-0,04339861
-0,0169031
0,02696126
0,02254659
0,004448382
-0,03021148
-0,007724961
-0,006622351
-0,04089877
0,02443141
-0,0610346
0,0173808
0,002147067
-0,06154446
0,09194332
0,03959788
0,0687381
0,01322273
-0,1524237
-0,007861111
0,007377048
0,006327777
0,07966544
0,1686759
-0,08114669
0,00485012
0,002003939
0,1612985
-0,02531791
-0,0526138
-0,06489693
0,09854335
-0,04961367
0,09006525
0,0901235
0,126864
0,0786181
0,05034069
-0,1143545
-0,001504907
-0,07530075
-0,07273594
-0,0338918
-0,003894063
0,0651461
0,09626007
0,04192255
-0,05490214
-0,03233888
0,03585593
0,004421048
0,00461758
0,05600086
0,053866
-0,01499663
-0,002604817
0,02228519
-0,0008614812
-0,02345381
-0,01722997
-0,07651214
0,01023206
0,05636201
-0,0562621
-0,03181161
0,07746954
0,08301526
0,06180872
0,08944155
0,08053267
0,09666517
-0,02732323
-0,06784496
0,0627353
0,08192843
0,1342769
0,1117073
0,126093
0,07031304
0,04801668
-0,006833088
-0,06638443
-0,09184918
0,01260856
-0,07834579
0,01915262
0,02980706
0,07382374
0,09852003
-0,06692275
-0,1029357
-0,07891628
-0,0007350119
-0,02083522
0,08757817
0,05010441
0,02325805
-0,04850392
0,00389172
0,08439209
-0,01418996
0,009513516
0,01439231
0,02296957
0,03983208
-0,006904724
-0,002255918
0,0119686
-0,0005998772
-0,03922551
-0,02637032
-0,03382948
-0,03546909
-0,03074621
-0,05201506
0,02981774
-0,1322004
0,0742657
-0,001664177
0,0406036
0,01001033
-0,09014549
0,04034391
-0,009137146
0,1000309
0,1184173
-0,0414784
0,0001870425
0,03770618
0,06741767
0,0172914
-0,06322963
0,09566595
0,1352965
0,009793261
0,09588427
-0,01146647
-0,02705229
0,04437614
-0,1093727
-0,08002654
-0,1010897
0,02402283
-0,002640855
0,09393918
0,0872771
0,002183795
0,06333341
0,003455122
0,008925572
-0,06804035
-0,01258687
-0,01747325
0,04314532
0,03801049
-0,003330726
0,009857349
-0,01581425
-0,07031288
-0,02095307
-0,03004546
0,0003440633
-0,0227776
0,03099248
-0,06384537
-0,04306623
-0,1227615
-0,05037022
0,009243777
-0,04387344
0,01481356
-0,001959969
0,0111338
0,0277772
0,165179
0,06869382
0,01539889
0,03177597
-0,04922001
-0,2417899
-0,1916186
-0,2006437
-0,01539061
0,1526281
0,08342431
0,1626833
0,01903659
-0,01812839
-0,1798405
-0,05280771
0,004326677
-0,03099229
-0,07209002
0,0811152
0,002515531
-0,004235633
-0,03281396
-0,00730921
0,009144166
-0,01490437
-0,02816003
-0,00183108
-0,01247113
0,004874045
-0,001779527
-0,0001713323
0,01014711
0,002268807
-0,03130275
0,0308448
-0,02131001
-0,0472072
-0,01192168
-0,04568296
-0,1027957
0,003141352
-0,003055154
0,081304
0,02953222
0,05248631
0,09599879
-0,04361554
-0,04213933
0,01345872
0,06617431
0,04868471
-0,09650101
-0,01138904
-0,1952092
-0,1972777
-0,06630228
-0,08419428
0,03279377
0,06173306
-0,01267434
-0,09781276
-0,1450207
-0,07535104
-0,1289493
-0,1705723
0,04795933
-0,1388259
-0,09517734
-0,1582889
-0,01214201
-0,1015542
0,02605044
0,03149244
-0,03334757
0,0158048
0,02755539
-0,01584489
0,005490324
0,01592046
0,02034082
0,01205961
0,02508536
0,009463924
0,0155131
-0,01025739
0,00531093
-0,08794193
-0,1179469
0,06342574
-0,04341141
-0,1169544
0,08100267
0,1286005
-0,03272947
-0,04115963
-0,002141983
0,06438772
-0,1184681
0,07772659
-0,01244258
-0,07189514
-0,1015555
-0,1051004
-0,2038101
-0,2385828
-0,01011322
-0,179558
-0,1684128
0,02098912
-0,01437056
-0,1118515
-0,09511395
-0,02232651
-0,23364
-0,1455124
-0,08810922
-0,1232072
-0,1381122
-0,04211883
0,05635848
0,07304171
0,08186854
-0,01827306
-0,09197417
-0,03762981
-0,03004453
0,01039803
-0,01424479
0,02442993
-0,007859192
-0,006793705
0,00805332
0,0208218
-0,005798027
-0,02314028
-0,07862495
-0,02085527
-0,03302864
0,06397748
0,04818137
-0,01546238
-0,09226418
-0,04995733
0,03313354
-0,05402918
0,04586966
-0,04265494
-0,05193931
0,1319294
0,1494041
0,08657265
-0,1042175
-0,07483611
-0,1664339
-0,2256453
-0,08669475
-0,02572851
0,1061084
0,03272052
0,02501798
0,102653
0,01580152
-0,006929875
-0,1885312
-0,178834
-0,1240194
-0,04584155
-0,1552242
-0,004527247
0,1268632
0,02761614
-0,01539789
0,03794822
0,03633359
0,06089853
-0,03568209
-0,03907254
-0,0368046
-0,03398315
0,01986924
-0,003684499
-0,01836755
-0,0267821
-0,01211175
0,02819709
0,02343825
-0,03652062
0,007356079
-0,06939717
0,007088184
-0,06930132
0,01864275
0,104132
0,09541873
0,0350432
-0,03411589
-0,01930857
0,03752136
0,2041436
0,2567917
0,03255649
-0,1496436
-0,193753
-0,1834052
-0,003670489
-0,05919645
0,001436426
0,09802847
-0,02119004
-0,1426521
-0,09655624
-0,09842905
-0,04065488
-0,1701243
-0,06384727
0,06748873
-0,138265
-0,1131741
-0,05442109
-0,06850284
0,02451273
0,02193392
-0,05969496
0,03337018
0,1032716
-0,008486107
0,002781117
-0,0340696
-0,03250581
-0,04223348
0,01720488
0,0280704
0,01625594
0,03807886
-0,003101129
-0,01066046
-0,06058712
0,06317707
0,03073538
-0,01841666
0,03707169
-0,08371418
-0,08024697
0,06000063
-0,07223838
-0,06412716
-0,09583093
0,04499142
0,1922367
0,06423404
0,05102971
-0,02171822
-0,1281479
-0,05489347
0,1703441
-0,07986861
0,04398883
0,16591
0,07556245
-0,1588782
0,005293299
0,01885101
0,002372744
-0,03409295
-0,09218024
-0,07221562
-0,1029153
-0,07043165
0,1055531
-0,1012857
-0,09446782
-0,05911249
0,001204105
-0,000610941
0,01957837
0,05923012
-0,005527903
0,03197425
-0,009876476
-0,007077034
-0,01562873
0,01030828
0,03025265
0,01754743
0,01231244
-0,02881075
-0,1081551
-0,03315236
0,03544788
-0,06368963
-0,0049063
0,03939813
0,1305647
-0,03921193
0,02677411
-0,05253176
0,02245117
0,1033533
0,05434149
0,01129791
0,07989866
0,1135259
-0,01821258
-0,03222755
-0,008325134
-0,004081864
0,2143714
0,008760829
-0,1628736
-0,05031507
-0,1474887
-0,1697484
-0,08452509
0,07846585
0,08633205
-0,0953537
-0,0208207
-0,06796499
-0,1050761
0,03743168
-0,001741772
-0,05961575
-0,06807814
-0,0900187
-0,02076796
0,07273986
-0,03528119
0,02334886
-0,02984812
-0,01017009
-0,02810147
-0,004520418
0,02394319
0,00820424
0,01228386
0,03345368
-0,0007264955
-0,03290409
-0,1214296
-0,08814552
-0,08925244
-0,1546197
-0,04795452
-0,06677586
-0,02556216
-0,05230504
-0,0861214
-0,04625743
-0,07690453
0,07591881
0,01390966
0,1684723
-0,0002856477
0,09833033
0,1744454
0,08037968
0,1660254
0,003053374
0,07559597
-0,002563564
-0,1277768
-0,1928214
0,009091513
0,1226273
0,003586902
0,01288736
-0,01334262
-0,0613372
-0,1259711
-0,02909304
-0,1091554
-0,03740644
-0,07007711
-0,01745731
0,03063359
0,06475963
-0,03710677
0,006924961
-0,01148582
-0,01044596
-0,02265489
-0,006100481
0,02050093
0,03088031
0,03382917
-0,0301196
-0,01221492
0,01518168
-0,09951577
-0,1947796
-0,1625831
-0,1363875
-0,1682641
-0,1008124
-0,1543037
-0,0168013
0,0358704
0,08848892
0,03366208
-0,01441187
-0,06633614
-0,02782048
0,0004987409
0,1482231
0,2265847
0,09741826
0,1291484
0,169135
-0,05217618
-0,02581981
-0,05872183
0,05713132
0,003524262
0,1632434
0,1881486
-0,06462529
0,05589807
-0,1189942
-0,1124108
0,06665055
-0,06327569
-0,08659908
-0,0744544
-0,02632595
0,04024047
0,007820445
-0,00176745
-0,01605655
-0,02427663
0,001645022
0,002080091
-0,000126843
0,01155652
0,0832875
0,1092412
0,001797314
0,04670525
-0,04514716
-0,09648603
0,001712781
0,040135
-0,04726838
-0,05257902
-0,02799168
-0,0593438
-0,05040763
-0,05163338
-0,04118749
0,1326465
-0,02377127
-0,04614386
-0,1366799
-0,02448458
0,1709757
0,1438498
0,08845846
0,1218618
-0,07060142
-0,01494777
-0,0226005
-0,1346125
0,06819089
0,07506715
0,1450182
0,2736709
0,2305337
0,1181977
0,02643806
0,02452062
-0,01816201
0,05986685
0,04473436
-0,0563821
-0,0290496
0,06178546
0,02047092
0,007422619
-0,01617725
0,0084217
-0,01238476
-0,02647752
0,006411104
-0,02220339
0,01065828
0,004579945
-0,00751947
-0,007064236
-0,06044184
-0,1181733
-0,1555949
-0,1393317
-0,005094938
-0,09649954
-0,1004776
-0,1071896
-0,04660645
0,04665073
0,006544421
-0,04121315
-0,1910367
-0,0163037
-0,02716574
0,09306604
0,1037444
0,2268249
0,2249433
0,1204679
0,01359641
-0,009334129
0,03110234
0,1031651
0,08095488
0,140032
0,0768798
0,1401716
0,1690941
0,1968381
0,05347237
-0,05072668
-0,04340319
0,01434871
0,04256671
0,01306569
0,06864114
-0,004704963
-0,01487175
0,05744955
0,03172058
0,008426215
-0,001748009
0,005249676
0,02859553
0,0334884
0,01522977
-0,02762291
0,06358057
-0,005603859
-0,03078335
-0,1699183
-0,1108569
-0,09932168
-0,09945247
-0,1702445
-0,2044454
-0,09353405
0,01414592
0,08608328
0,002460591
-0,08797307
0,04836142
0,01523872
0,1433979
-0,0436104
0,1189454
0,07088257
0,1862667
0,0436838
-0,0708522
-0,03916044
0,2242402
0,07166157
0,09351613
0,154322
0,03586606
0,08622232
0,006895869
0,1070909
-0,05698297
-0,167279
-0,008232566
-0,04819409
-0,1229658
-0,06747368
-0,08369227
-0,08315113
-0,01023123
-0,00254397
-0,004082633
0,00525078
-0,004761731
-0,01409287
0,02556595
0,01750798
-0,04919159
0,03571945
0,04770985
-0,04658167
-0,08733803
-0,002499189
-0,02896712
-0,05097955
-0,1994215
-0,03999186
-0,1095507
-0,008918615
-0,03384357
0,08747776
0,1425328
0,002646104
-0,09835055
-0,08640703
0,0586268
0,02982377
0,03341103
0,08713401
0,04892951
-0,08709367
-0,07754668
0,04213286
0,3457856
0,1292242
0,06501628
0,0338985
-0,07553674
0,1871083
0,05898779
0,136682
0,1223627
-0,021658
-0,03399423
-0,1135612
-0,007185991
-0,03767706
-0,03769513
-0,04403142
0,01792968
0,001804521
0,02148274
0,06000868
0,01352475
0,02295811
0,01764656
0,01630381
0,08031008
-0,03588093
0,02272914
0,05088314
0,03187215
-0,02460489
-0,009226692
-0,1344278
-0,2801852
-0,1059086
-0,008464459
-0,03895335
-0,04651713
-0,03493113
0,02552451
0,05508649
-0,0692061
-0,03601324
0,00029107
-0,1291541
-0,1384498
0,03054057
-0,1265286
-0,05840607
0,1109483
-0,01595926
0,1618827
-0,1183841
0,08595707
0,06569365
0,006135368
-0,115474
-0,1167724
0,06708889
0,06667275
0,09609853
-0,1384081
0,08818831
-0,03198175
-0,02072852
-0,1389339
-0,0346879
-0,002403135
0,04011344
0,0362211
0,03695548
-0,01079437
-0,01975655
-0,00277682
-0,0187675
0,03940308
0,01151341
0,00273211
0,06207242
-0,04578248
-0,06393196
-0,1377226
-0,1360646
-0,200192
-0,1107264
-0,07181573
0,04820049
-0,04996341
0,1666363
-0,1015582
-0,1275051
-0,06727178
-0,08290289
-0,09476975
-0,179191
-0,1543992
-0,03960712
-0,3087333
-0,1893516
0,03554004
0,04491541
0,01362304
0,004482911
0,06437736
0,06917533
0,002826035
-0,03508068
-0,1434559
0,08294621
-0,03032217
-0,02583092
-0,1464645
-0,08835371
0,001108992
0,06440842
-0,004941331
0,03014931
0,05313921
0,01014453
0,01785783
0,0268445
-0,01310963
0,0218622
0,001987349
-0,006985268
-0,007887819
0,03683461
0,1369781
-0,04651232
-0,04120995
-0,05239448
-0,07517508
0,08582273
-0,06204201
0,03887647
-0,04049481
0,002515413
0,04420759
0,03476444
0,1096436
0,07146323
0,03155968
0,07941981
-0,08863482
0,02909682
-0,03461094
-0,04141514
-0,1022847
-0,123326
0,02727541
0,1260502
-0,09002159
-0,01572498
-0,02998358
-0,004956565
-0,05384681
0,01704876
-0,08442858
0,07535893
0,1817898
-0,1247113
-0,03788675
-0,01920389
-0,0766634
0,009586275
-0,008964994
0,06954097
0,04749452
0,03473481
0,002123396
0,0471147
-0,007609357
-0,02603772
-0,01515562
0,002677484
0,006867079
0,0190363
0,06750742
-0,0348231
0,005420314
0,0151979
-0,1093446
0,1080215
-0,180938
-0,1422334
-0,07918558
0,0527924
-0,03737166
0,110617
0,1567711
0,1161475
0,245107
-0,005408869
0,01138064
-0,2331927
-0,1996719
0,009715992
0,008651032
0,1066028
-0,02258225
0,05340166
-0,07330032
-0,001871183
-0,05467843
0,03473241
0,05816308
-0,02669496
-0,08277194
0,04320654
0,1053376
0,001197691
-0,03275624
0,04268165
-0,02896405
-0,005447
-0,07121878
0,04186921
0,02414622
0,03593844
0,02857351
0,004606573
0,005835738
0,01897984
-0,04869079
-0,03752132
-0,05596823
-0,120994
0,08280241
-0,03506494
-0,07795744
-0,02066963
0,00269218
-0,04644697
-0,04064364
0,06736442
0,1117511
0,009664156
0,1299575
-0,00491515
0,1079494
0,002171982
0,1692516
0,2369917
0,1844313
-0,1183838
-0,06402082
0,06842608
0,02839921
0,07925373
-0,1119632
0,1230569
0,03843334
0,06297267
0,07472034
-0,1100443
0,008749202
-0,05616979
0,1333273
0,1282183
0,1409459
-0,05012396
-0,1221575
0,01639288
-0,01166082
-0,05862324
-0,0968519
-0,02616873
-0,04673863
-0,03203662
-0,004036746
0,02536747
0,03276033
-0,01537896
0,00582372
-0,03156755
-0,03357274
-0,01799711
0,02293333
-0,133031
-0,2025869
-0,1061826
-0,0877847
0,03604893
-0,04441732
0,08364468
0,009019633
0,122177
0,07661555
0,08357106
0,2720564
0,2638017
0,03172402
0,1454551
0,08271857
0,01461081
0,004466556
0,06955181
0,09023185
0,1704893
0,0246468
-0,02620554
-0,06772494
0,01446371
-0,003135368
0,02711055
-0,03186828
0,1107306
0,06454868
0,1343444
0,1485751
-0,03237097
-0,118178
0,02983293
-0,001770554
-0,04201465
-0,08440336
-0,04681891
-0,01638004
0,01901527
-0,0004390504
0,001377756
-0,01277749
0,02756289
-0,0067876
0,02967437
0,005042905
-0,004951028
-0,03739795
-0,07490256
-0,07567195
-0,1743743
-0,1456975
-0,1434152
-0,1846772
-0,06680501
0,02607291
0,05790617
0,1059667
0,01801066
0,2268475
0,2669322
0,1982544
0,1612006
0,3151442
0,05952196
-0,1162087
-0,06074305
0,02481879
-0,03936232
-0,01592565
-0,146953
0,1390188
-0,06549016
0,009960699
0,03724006
0,1075885
0,2043702
0,0549056
0,08862892
0,08562012
0,008874689
-0,01914793
0,02975388
0,00239841
0,01537375
0,03213502
-0,02377388
0,02236861
-0,0225804
0,04540026
0,02516693
-0,004432305
0,02459692
-0,007199079
0,01409489
0,004330353
0,036033
-0,06992605
-0,005715744
-0,05804592
-0,09623247
0,01954669
-0,1005589
-0,161969
-0,08577767
-0,01515069
0,01539126
0,1070893
0,02496578
0,1306469
0,09604299
0,1466926
0,2487917
0,04383751
0,01645922
0,1900472
-0,07681223
0,01650216
-0,1052121
-0,02699514
-0,08807871
-0,07014678
0,07221218
-0,1522293
0,0377261
-0,01190982
0,03366402
-0,05083049
0,1557989
0,08464642
-0,02094137
-0,06909323
-0,03907394
-0,05389654
0,04420157
0,05247883
0,03723275
-0,01678077
-0,001705191
0,0185284
-0,01336158
-0,005652418
-0,01969452
0,0001873945
-0,06802854
-0,06157922
-0,01374409
-0,176201
-0,1061869
-0,1664452
-0,005850555
0,01534676
-0,04625911
-0,08154206
-0,1168856
-0,1463481
-0,2033162
-0,1241211
0,1105898
0,00433768
-0,03836452
-0,008061293
0,1058491
0,1498307
-0,07245587
-0,02556119
-0,03074144
-0,06879158
-0,2344822
-0,153475
-0,01486441
-0,2029425
-0,1045668
-0,2036452
-0,03762229
-0,01000639
-0,08378796
-0,08578476
0,00863598
0,04712377
-0,006354633
-0,006202658
0,05021547
0,003042029
0,03740396
0,06090846
-0,01221084
-0,004670403
-0,001354283
0,02351104
0,0221305
-0,007600763
0,003549521
-0,009914546
-0,0311157
-0,02815468
0,02861305
0,02581748
0,09269511
-0,03942854
-0,03561031
-0,09427349
-0,01733487
-0,05452275
-0,02344691
-0,07192737
-0,09856547
-0,1721186
-0,08997936
0,02159956
0,01466728
0,009778514
0,06186124
0,03704328
0,05895209
0,003536478
0,106563
0,1210147
0,1103476
-0,01017069
-0,3067127
-0,1330783
-0,1831974
-0,1109728
-0,07121443
0,08163963
-0,08456198
-0,1977032
-0,04725382
-0,07385335
0,01028249
-0,04714889
0,06995586
0,0107715
0,0363536
0,08129885
-0,0358809
-0,02840286
-0,01613689
-0,007480253
-0,02656481
0,007553145
-0,02670635
0,02435274
0,04484529
0,02655535
-0,05411023
-0,02393631
0,07631464
-0,03780914
-0,05001367
-0,0816121
0,1388651
0,0364427
-0,06750716
0,02159695
-0,1635996
0,09880832
-0,1310701
-0,04243819
-0,06853553
0,03058843
0,2074775
0,0401151
0,07341203
0,08511979
-0,03716788
-0,1151756
-0,06159294
-0,04184429
-0,2714372
-0,07547679
-0,2609331
-0,2760829
-0,03585767
-0,07625785
-0,1339033
-0,145266
-0,08975238
-0,06358763
-0,03672163
-0,0329172
0,05153543
0,01457365
0,02116267
-0,02621741
-0,01005369
-0,0649179
-0,02085788
-0,00273871
-0,0003800039
-0,02720528
0,03107577
0,03965332
-0,03219105
0,01623805
0,08824143
0,06227443
0,1015332
0,09469574
-0,07886072
-0,1006416
-0,05708577
0,0006226413
-0,07587953
-0,0362876
-0,2053547
-0,07065893
-0,1685652
-0,1123106
-0,009862359
-0,01549039
-0,05738034
-0,03520257
0,01322363
0,09608428
0,02061536
-0,04731113
-0,1666135
-0,2784165
-0,1980157
-0,1861084
-0,2314541
-0,274991
-0,2299952
-0,2165457
-0,1222575
-0,1529558
-0,05965197
-0,005443927
-0,05075843
-0,02358958
0,04410394
-0,05409999
-0,01999193
-0,04739018
-0,05126695
-0,05598906
-0,05554591
-0,001074899
0,0241516
0,01921218
-0,02925639
0,001870389
-0,02804496
0,01773927
-0,02949187
-0,0310369
0,02940068
-0,06876832
-0,09380322
-0,1028146
-0,1656654
0,0812562
0,1198576
-0,1544022
-0,09303134
0,006079109
-0,2159356
-0,2101371
-0,2317935
0,1242926
-0,01286455
0,05506503
-0,04406368
0,09459227
0,06795754
-0,02574695
0,03049521
-0,1945306
0,0192881
0,0217643
-0,004912714
-0,08998396
-0,2595781
-0,2156749
-0,06950905
0,01139126
0,03103052
-0,05989164
-0,03955236
-0,0008234201
-0,07026096
-0,003715283
-0,04565951
-0,03154997
-0,01254701
-0,01858263
-0,06465261
-0,0608371
-0,01769458
-0,007329765
-0,004144997
-0,002760084
-0,002108205
-0,01251414
-0,05042474
-0,04152901
-0,01083899
0,08868547
-0,05054792
-0,09132801
0,02097313
0,06790231
0,03051539
0,02134696
-0,2058942
-0,04512135
-0,08644633
-0,1111166
-0,1122539
-0,04504947
-0,1313633
0,06453348
0,05952929
-0,03716845
0,0433841
-0,07279416
0,0472542
0,09611881
0,1797922
0,121211
-0,1043179
0,05797858
-0,08610141
-0,02141175
-0,0366489
-0,001893323
-0,08926895
-0,01329485
0,002000782
0,008828948
0,00423755
-0,01239775
-0,07974665
-0,03477379
0,02123213
0,002318254
-0,04459769
-0,019771
-0,0237582
0,01307661
0,004369374
0,0206953
-0,00869916
-0,05093653
-0,1297283
-0,01988778
-0,01159567
-0,1149182
0,08855382
-0,08575532
-0,1453954
-0,1423878
0,008377695
-0,08315235
-0,1577886
0,02728573
-0,09570708
-0,06504506
-0,04898554
-0,04737973
-0,1294147
0,009944853
-0,03883724
0,06505488
-0,009481824
-0,1792646
-0,06152519
-0,08142546
0,02797449
0,2001183
0,06121739
0,1058497
0,08207463
-0,0313484
0,08497314
0,07345118
0,07787707
-0,07316836
0,01756868
-0,03406264
-0,0318388
0,001857705
-0,02285241
0,0001948666
0,03165918
0,02123594
-0,02322521
-0,002074585
-0,03480554
-0,003271775
-0,01840708
0,01585544
-0,06495181
-0,05898625
-0,0746417
-0,06487022
-0,06745828
-0,1484955
-0,01574302
-0,1839006
-0,1060305
-0,05188639
0,07640582
-0,05512739
-0,1927353
-0,05194191
0,01947748
-0,0002607292
-0,0183544
0,04485695
0,01970093
0,02595619
-0,1178872
0,09320462
-0,06472043
0,04972214
-0,02986826
-0,03842828
-0,09329782
-0,1341044
-0,06495813
0,07628962
0,1461127
0,05510832
0,2509442
0,113078
0,007393187
0,0294135
-0,003028889
0,0773198
-0,03428057
0,01001216
-0,07170125
-0,03954929
0,0112549
0,04967437
0,01073432
-0,01535201
0,002908358
-0,01203311
0,03043056
-0,007845701
0,02212433
-0,08980811
-0,07942268
-0,08980152
-0,06537378
-0,002194013
0,008462119
-0,1595418
-0,05819277
0,05794028
-0,04304114
0,0730266
-0,07453869
0,1296464
0,1402203
-0,1876121
-0,06450831
-0,02265226
-0,07959363
-0,00226318
0,04017061
-0,03249146
-0,2094481
-0,001096563
-0,1316332
-0,00254746
-0,07510674
-0,0668134
-0,02958147
0,05219662
0,08600964
0,1557364
0,01347151
-0,01894688
-0,06510498
-0,05760473
0,001690061
0,01435657
0,0008848028
0,006189036
0,02194871
0,01938243
0,01734291
0,001977098
-0,002325993
0,01794063
-0,01498858
0,008281986
-0,000232088
0,03416637
-0,009462638
-0,02507002
0,01308487
-0,03780211
0,01090668
-0,01569735
-0,01914892
-0,08940979
0,174915
-0,03984226
-0,1076374
0,06389392
-0,02869103
-0,01121254
0,06348278
9,718535E-05
-0,02080783
0,06709899
0,1246831
0,06886972
-0,08277348
-0,1100692
-0,162041
-0,1770453
0,02098641
-0,1393473
-0,08639011
0,0665371
0,04564613
0,2189742
-0,1058432
0,04824238
0,06905073
0,1655442
0,0428569
0,01620243
0,0375849
0,002522433
0,1244493
0,03655376
-0,02901339
-0,05193219
-0,05318986
0,01467755
-0,005934794
0,01392525
0,02385656
-0,02921425
-0,002341353
0,04071602
0,03121134
-0,03390934
-0,01751499
0,06089455
-0,06861152
-0,04141867
-0,04590648
0,003973437
-0,08952714
-0,07669771
-0,02763194
0,04383556
0,07667577
0,07965223
-0,00442641
0,1026537
0,1632002
0,05687567
0,01416798
-0,02490494
-0,000518378
-0,1145575
-0,09428663
0,01969539
-0,1207072
-0,02342963
0,06347372
-0,03940871
-0,0916574
0,1312056
-0,06640358
0,07910839
0,1922907
-0,09173697
-0,04280011
0,004668848
0,01884361
0,04109021
0,09446014
0,008724599
-0,07723588
-0,02489379
-0,07606404
-0,03858277
0,02755504
0,03578601
0,04981722
-0,01503737
0,02365954
3,389825E-05
-0,04441275
0,01015974
-0,06762166
0,01333414
0,06499821
-0,0831776
-0,1026985
-0,03842368
-0,03604367
-0,08147366
-0,03668107
-0,03667879
-0,002891504
0,05841241
-0,06750677
0,05873923
0,1354918
0,007249724
0,1891113
0,08645577
0,01498268
-0,3006185
-0,08174188
-0,158221
-0,09852101
-0,06202127
0,04070541
0,04190814
0,0345829
0,09893162
0,04437132
0,07960194
0,01872399
-0,1234969
0,01765887
0,08911129
0,05394391
-0,03065122
-0,03366937
-0,02540957
-0,02203138
0,01828252
-0,06283495
0,008356236
0,03923824
0,0227429
0,05103327
-0,01198346
-0,02701082
0,01543082
0,01040821
0,09250353
-0,05391311
-0,1533394
0,02242351
-0,1621782
-0,05252726
0,03378994
-0,05286625
-0,1296971
0,1013521
0,1640422
0,06489593
0,1182855
-0,1309972
0,1516176
0,02516704
0,1503783
0,0008755954
0,04235646
0,04907018
-0,02105891
0,1090071
0,0263441
-0,07733787
-0,03716654
0,1687718
0,01368697
0,06291861
-0,07908179
0,02483
0,06739076
-0,04738682
-0,06180384
0,06980911
0,04369849
0,01833849
-0,009699542
-0,01545852
-0,01784801
0,007196517
0,09402473
0,02811538
0,01106875
0,06259561
0,04943969
0,038241
-0,008638119
-0,002796791
-0,02827586
-0,0001697439
-0,02556796
0,02386422
-0,02655369
-0,1445895
-0,08333313
-0,06489164
-0,05016966
-0,0794685
-0,06341209
0,05768962
0,05305273
0,03449801
0,06379066
-0,08027242
0,1080439
0,04046588
-0,04966263
-0,02289307
-0,1202359
-0,09180769
-0,02277985
0,05652855
0,03070346
-0,1997259
0,01021828
0,2055912
-0,01312784
-0,05023409
0,1178237
-0,04756065
0,010775
-0,02899791
-0,1018392
-0,03170718
0,002828528
0,000204245
-0,06319094
0,01700921
-0,04133477
0,02620326
-0,00322772
-0,002825963
-0,01408864
0,01011361
0,02954353
0,04419357
0,02277046
-0,009287963
0,02799237
-0,01189104
-0,01543721
0,0135274
-0,05074897
-0,08992462
-0,1324372
-0,1042681
0,03443433
-0,08556444
-0,002629593
0,03561768
-0,01782001
0,03366822
0,04250421
0,02413457
0,04826143
-0,06999011
-0,1589737
-0,08699457
-0,01053148
-0,09420482
0,01090095
0,01719054
-0,1186437
-0,1701873
0,005599023
0,1527441
0,03080479
0,03974766
0,08179051
0,0851021
-0,07875969
-0,05549138
-0,07965659
-0,02214683
-0,1103926
-0,1013241
-0,09986635
0,05133846
0,07348661
-0,06826176
0,07468277
0,02795123
0,01153239
0,008415106
0,04173229
0,03140118
0,01037512
0,0137262
-0,004757177
0,03841434
0,03981487
0,04597738
-0,05843785
0,02357829
-0,06125267
-0,0906122
-0,04250672
0,04226061
0,01638919
0,09190863
0,009099494
-0,1126182
-0,1408694
0,03845919
0,1111077
-0,1544638
-0,1503635
-0,1810302
-0,003660698
-0,09079149
-0,06252529
-0,05615806
-0,2206801
-0,04076197
0,02988517
-7,973288E-05
-0,1520416
0,182765
0,1122298
-0,02540121
-0,06904381
-0,2236056
-0,03796056
-0,02572683
-0,02366516
-0,00196282
0,004572279
-0,02799675
-0,02645234
-0,06703563
-0,005724154
0,05480415
0,02386717
-0,0308302
-0,02581318
0,016209
0,03332669
0,02490271
0,00308948
0,03970145
0,02257803
0,04789054
0,001392701
-0,02742684
-0,07955033
-0,05906433
-0,03255236
0,04568113
0,004095227
0,08053568
-0,02325319
-0,04265727
-0,1418436
-0,04437448
0,08795097
-0,1249464
-0,2170692
-0,09176457
-0,1745571
-0,05061409
0,01311188
-0,02639895
0,1164494
0,166933
-0,01231912
0,06489149
-0,2123789
0,04945621
-0,09064277
0,06500425
-0,04911373
0,01838808
0,0290513
-0,02442691
-0,06143335
-0,04044469
-0,0003286218
0,006970291
-0,05514027
0,02589655
0,02789531
-4,971683E-06
-0,003274705
-0,0392161
-0,006040104
0,009060043
-0,009000965
-0,02650277
0,006219822
0,01234276
0,04413287
0,04445744
0,034391
-0,02527169
0,0211039
-0,06270275
0,02966037
0,07903898
-0,009493114
-0,01199866
-0,07061008
0,005833478
-0,1254708
0,0115587
-3,662268E-05
-0,1343606
-0,1552054
-0,03984099
-0,1721876
0,1307653
-0,09181006
-0,1198255
0,03040556
-0,05009469
-0,1203354
-0,01727282
-0,09574173
0,05408681
-0,05111382
0,009314081
0,02009458
-0,03241406
-0,01133388
0,00557567
0,006000311
-0,02418367
-0,02301017
-0,02436794
-0,02577919
-0,02685547
-0,01289498
-0,06036181
-0,01419081
-0,01887019
-0,04515371
-0,003243966
-0,006497592
0,01760484
-0,01143238
0,05404423
0,029314
0,02060343
-0,01229845
0,003139332
0,03844225
-0,03318475
0,03816361
0,03647462
0,02328687
-0,01862327
-0,0004258703
-0,02589002
-0,006194504
0,2528618
0,03640009
-0,03439538
-0,1349443
-0,1163299
-0,2258329
-0,2312994
-0,1266635
0,06132214
0,04016183
-0,0602872
0,08811408
0,09156685
-0,02578076
-0,00605815
0,123808
0,0401292
-0,07649008
-0,08036561
-0,1601631
0,108253
0,1133265
-0,02830603
0,001957436
0,006810641
-0,04514344
-0,04418614
-0,002859259
0,0429259
0,06878955
-0,03704923
-0,03017399
-0,04828417
-0,004080406
-0,0192085
-0,03282238
0,07286608
0,02267647
0,07996658
0,04954901
-0,005330975
0,01642218
-0,09314376
0,01206821
0,04941802
-0,02102179
-0,06113109
0,08995933
-0,05190011
-0,04160015
0,09227782
0,1569261
0,1667162
0,05693631
-0,03563533
-0,0693647
-0,09026469
0,07808704
0,1682147
-0,02621547
-0,0565236
0,03839462
-0,2119139
-0,01393776
-0,09347295
0,01025475
-0,01300535
-0,02785822
-0,04464333
0,02423068
0,06671622
0,01723029
-0,106337
0,1160097
-9,376201E-05
-0,1401153
-0,01289744
0,01123454
0,02313392
0,02363682
-0,02273154
0,01026068
-0,03705917
-0,01995455
-0,01775065
0,02528881
0,06100712
0,06165812
0,008995726
0,1280347
-0,02343215
0,01793629
0,02856419
0,03541795
0,05737088
0,03300533
-0,02342403
-0,01651167
0,0403429
0,1284329
-0,003886341
-0,01261908
-0,05668159
0,01934467
-0,01296208
-0,002276949
-0,1203795
-0,1338887
0,07409775
0,1756845
-0,03295219
0,009198239
0,01793405
0,05685011
-0,01988127
0,09053807
-0,03661193
0,04364021
0,1295997
0,02170019
0,09717415
0,0199867
-0,01808199
-0,0707913
-0,05447814
-0,07514401
-0,03284886
0,03156887
0,06400585
-0,01523925
-0,04645415
-0,0007601112
-0,03371057
-0,01325031
0,0112836
-0,008393966
0,05251144
0,06057249
0,05153272
0,04379648
-0,01826757
-0,02959809
0,02300827
-0,09538695
0,005680955
-0,001126922
0,02465755
0,01189498
0,07833612
0,09208962
0,01060245
0,01348155
0,03109346
0,01885691
-0,1525307
-0,05314423
-0,1100758
-0,0199878
0,02090967
-0,06496596
-0,127606
-0,0001541061
-0,1165275
-0,1504884
-0,02688957
0,02541026
-0,07605278
0,03492817
0,05858579
-0,102368
0,02243073
0,05445635
0,04640939
0,08559418
-0,006655145
-0,05746933
-0,06559096
-0,005741927
-0,01960682
0,0266329
-0,01552972
-0,03133943
-0,0651449
-0,0008649387
0,02875079
0,01167639
-0,02214799
0,03373195
0,0390026
0,08061378
0,05417076
0,04435834
-0,01175351
-0,1514753
0,02746237
-0,06106501
0,05399083
-0,0597467
-0,02565652
-0,07028611
-0,04100524
0,01753569
0,03946025
0,02351163
0,009553609
0,04261767
0,09014484
-0,02030535
0,1742787
0,1986589
0,1216367
-0,1835961
0,05040526
-0,04759183
-0,1807895
-0,03704207
-0,07519998
0,1029798
0,05071351
-0,1219994
-0,0275975
0,05042879
-0,04594024
0,05258043
-0,0142587
-0,06052269
0,01531957
-0,03050801
-0,0007777462
-0,05276228
-0,01258523
-0,0847313
-0,02079288
-0,01299898
0,01151505
-0,001330454
-0,03300796
-0,06236739
0,03591799
0,0517904
0,02553093
-0,1054165
-0,02432021
-0,07320867
-0,1529871
-0,07210979
-0,07004124
0,07304922
-0,09130762
-0,1904418
0,0082138
-0,1203395
-0,06675959
-0,04270697
-0,04786073
0,1179422
0,1184345
0,1086516
0,1242232
0,03922823
-0,1336165
-0,180763
-0,03479185
-0,1085321
-0,07453546
0,06947734
-0,135358
-0,01058403
0,07517923
-0,07831328
0,001075666
0,01383515
0,04350774
-0,03542094
-0,08636989
0,002508352
-0,01507068
-0,006170879
-0,02469191
0,01881294
-0,04563921
-0,03721798
-0,01547955
0,02169545
-0,01475589
-0,01154723
0,02400488
0,08296481
0,05855501
-0,09801413
-0,04008836
-0,05705058
-0,08260019
0,03780932
-0,002153547
-0,1176016
-0,09484829
-0,04172243
0,0003451705
-0,01552568
0,0277303
-0,01009673
-0,07948116
-0,0325885
-0,1155086
-0,08727868
-0,04670731
0,0679152
0,1302072
-0,1416279
0,04717119
0,03927954
-0,03918772
-0,10793
-0,1729914
-0,08146808
-0,112667
-0,1341709
-0,05177587
-0,003704868
0,1444699
0,1079085
0,04383727
0,02541419
0,1092092
0,0273439
-0,03324649
0,04628562
0,05199714
-0,01559996
0,005436579
-0,02352123
-0,02813345
0,02680157
0,002694294
-0,007597093
0,0006810864
-0,02275603
-0,1130592
-0,09722166
-0,04168522
-0,04770246
0,02910992
0,008922343
0,002356607
-0,0475202
-0,1748211
-0,02394168
-0,02466349
0,04444378
0,02713743
0,05993458
0,05855486
0,1728141
-0,1021872
-0,09209757
-0,1890057
-0,152064
0,01252128
0,04419288
0,008402526
0,1918894
0,01065803
-0,06450451
-0,04609005
-3,060875E-05
-0,09521069
-0,1481967
-0,02301625
0,09182483
0,1515392
0,04246097
-0,0198678
-0,01517051
0,006425457
0,05097185
0,0157077
-0,07492852
-0,02657473
0,01168575
0,002083059
-0,006876591
0,03310107
0,002214455
-0,004304959
-0,02223034
0,002270943
0,05264059
-0,02858084
-0,01365686
-0,05814414
-0,03283743
0,0149761
0,03178278
-0,1864481
-0,1149775
-0,1053825
-0,04814636
0,04108207
0,04448006
-0,0123086
-0,1343075
-0,05000504
-0,01571789
-0,07106037
0,04627244
0,1050372
0,1419648
-0,09882236
0,07340212
-0,06691161
0,02550079
0,06786124
0,004662498
-0,1023672
-0,1135076
-0,08013526
-0,2149948
-0,002402638
-0,02272602
-0,09086495
-0,07614414
-0,1022065
-0,03802412
0,01303798
-0,02117082
-0,05877836
0,01796013
0,003609224
0,01819703
-0,01156857
-0,03677524
0,01377873
-0,01440446
0,006175285
0,01335293
-0,00260993
-0,005462594
-0,08054432
-0,08495202
-0,1029837
0,01208411
0,03512629
-0,04048548
-0,08007234
-0,04702183
-0,210689
0,01799195
0,1962738
0,2123675
0,03023285
-0,03386538
-0,04167579
0,1130966
0,07555859
0,01623959
0,07151815
-0,007293678
0,04637679
0,08903874
0,01712758
-0,1241421
-0,09766297
0,004070147
-0,2150657
-0,05186528
0,01940796
-0,1038625
-0,09884346
-0,03625306
-0,08224946
0,0008618799
-0,0535038
0,1031196
0,02317752
0,0179571
-0,01955326
0,002600268
0,03141228
-0,03407137
0,02768464
-0,008062421
0,0174589
-0,01694236
-0,003580567
0,01629587
0,001283215
0,04441046
0,01731363
-0,0321005
-0,07428594
0,0718681
0,06360003
-0,007987139
0,00882511
0,006036399
0,03148286
0,05883284
-0,01070642
-0,03540031
-0,07067826
0,02281449
-0,06570219
-0,01343741
0,07144212
0,0767819
0,05959646
0,02234764
-0,1361368
-0,01611889
-0,08764736
-0,08435792
0,07764764
0,1574322
0,07061834
0,03848929
-0,1389354
-0,03846311
-0,1739681
-0,1499702
0,003002733
0,07740238
-0,08695761
0,0415482
-0,06672984
-0,04129786
0,01232264
-0,0007511361
-0,03325429
0,04378928
0,01987663
-0,006647819
0,02233122
0,01303806
0,01388864
-0,01948233
0,0236847
0,02911774
0,05705296
0,03623816
-0,02258757
0,05447001
-0,1087484
-0,1837768
-0,01233994
0,007363629
0,01823935
0,05443948
0,002569345
0,0480447
0,11029
0,051629
-0,002823929
0,08913349
0,07178524
0,06664287
-0,1119677
-0,02633516
-0,1785786
-0,1470522
-0,01117216
-0,07258435
-0,1412713
0,0402089
0,0506181
-0,002582022
-0,07915934
-0,02503325
-0,02291262
0,009961896
-0,05706609
0,06040335
0,04741
0,07733203
-0,01479965
-0,0118605
-0,01369136
-0,01875012
0,01774797
0,02238936
-0,03230453
-0,03881488
-0,01608583
0,03113163
-0,005175477
-0,004130914
0,02815627
0,003706218
0,0009318272
-0,03741549
0,01801733
-0,03101069
-0,02493207
-0,0419809
0,05788478
0,002843232
-0,02718435
-0,0440354
-0,01376418
-4,418836E-05
0,1569459
-0,01584833
-0,09653018
0,1627727
0,03325595
0,03687289
0,1055089
-0,02474191
-0,09446844
-0,1025869
-0,2569346
-0,08630829
-0,08699254
-0,04319979
-0,1273554
0,08206581
-0,0696579
-0,1119571
0,02597029
0,0797134
-0,2040315
-0,1275946
0,06851522
0,07302662
-0,01012256
-0,05363962
-0,04431073
-0,01834575
-0,01669637
-0,04453658
-0,04096256
-0,004913701
-0,01096154
0,03097118
-0,02550866
-0,005458232
0,02155401
-0,036801
-0,06448027
0,07582265
0,003966295
-0,03062353
0,01999368
-0,01138037
-0,01186541
0,07179046
0,121927
-0,02200574
-0,1387353
0,01184221
0,1272516
-0,03414117
-0,1217998
-0,09459443
-0,01707059
0,1318567
-0,1419124
-0,002433516
-0,09223137
0,0738177
0,06785817
0,1070939
0,04862772
0,07012672
0,08243572
0,01779796
-0,002154269
-0,06101974
-0,1842968
0,07170269
-0,167393
0,01424894
0,04320041
0,0320395
0,1083055
-0,05520579
-0,1252832
-0,02140708
-0,007567786
-0,01745441
0,01355735
-0,006705878
0,05195333
0,01341399
0,01570987
-0,007103067
-0,03566131
-0,05553157
-0,03825818
-0,1246907
0,06238047
0,02192504
-0,04877923
0,1443594
-0,1406992
-0,03049997
0,05290034
0,02914201
-0,07718831
-0,08115274
-0,1058383
-0,0718387
0,0782539
0,1299103
0,04422276
0,005616283
0,06165031
-0,03132169
-0,0231853
-0,01840991
-0,0625586
-0,0732596
-0,006262265
0,075922
-0,0294356
0,05616007
-0,07159042
-0,108153
-0,2134754
-0,03324311
-0,0124829
-0,2062469
0,09549502
-0,02297796
-0,01978238
-0,01479087
-0,01476815
0,06494868
0,05729544
-0,004376447
-0,02182447
0,01416339
0,04454333
0,01023286
-0,02001376
0,0004919391
-0,002780463
-0,03137861
0,0474888
0,03801291
0,06940986
-0,008888068
-0,08320743
0,003098075
-0,0362851
-0,003973742
0,08856572
-0,05252135
-0,1932783
-0,08468866
-0,07441129
0,05957999
-0,08873698
0,05636668
0,1062616
0,01441254
-0,0113191
0,008015802
-0,03374085
0,05480986
-0,01323029
-0,1402751
-0,06089494
-0,02146614
-0,159266
-0,03089581
0,0698686
0,1260809
-0,03547515
0,07597426
0,1075163
0,02958268
0,03774466
-0,03401988
0,1134816
-0,01486123
0,01673209
0,03086116
-0,01508377
-0,02325244
-0,04434627
-0,01378617
0,001827869
0,000499606
0,01644088
-0,04065236
-0,0175854
0,008902946
-0,04253272
-0,1350814
0,03042269
0,01426863
-0,05982928
0,05048382
0,1362885
0,05090963
-0,03855776
-0,07319893
-0,2086104
-0,0167
0,05638439
0,0582754
-0,09322709
-0,2274842
-0,1029146
0,167874
-0,0252369
0,0268933
0,0249979
-0,06884474
0,09892266
-0,02582568
0,01829637
-0,007176322
0,06903059
-0,07452057
0,0005730255
-0,04437873
-0,04719651
0,1379859
0,03010886
0,1131407
-0,03340753
0,04703049
0,06708566
-0,004784849
0,06480352
0,005446013
-0,03112195
-0,02484379
0,002033835
0,01665624
0,02890849
-0,02077845
-0,02731617
-0,02244853
-0,003522213
-0,02963596
-0,09895517
-0,04643646
-0,07968855
-0,1087605
-0,05849168
0,07418888
-0,03036538
0,1731783
-0,05603694
-0,03954189
-0,07471876
0,01681807
0,1712274
-0,1265554
-0,1076258
-0,1093688
-0,1580638
0,04490299
-0,06784206
-0,0754795
-0,03000554
0,02719455
-0,0611146
-0,0803526
-0,08646862
-0,08807658
-0,1100702
-0,01606002
-0,1700463
-0,1070228
0,003748835
0,05841707
-0,02654132
-0,04362407
-0,08169952
-0,02037729
0,1543808
0,08382677
0,09116837
0,02939685
-0,001588087
0,01535313
-0,02383039
-0,01891688
-0,0143469
-0,009400156
0,02156262
-0,003022628
-0,02207884
-0,06982256
-0,04141117
-0,0402082
0,0161632
-0,01551495
-0,09592542
-0,01014734
-0,01262624
0,003670432
0,08833652
-0,08724821
0,06993974
0,06945407
-0,05918526
-0,08245253
-0,09861932
0,02241936
0,03911855
0,07558294
-0,01661817
0,002208686
-0,06987278
-0,008234887
-0,06838871
0,07473979
0,09678781
0,09726886
0,1045811
-0,005316251
0,02783463
0,07097503
-0,09145554
-0,08863358
-0,03286007
-0,07921138
-0,03392539
-0,02882717
0,006015405
0,06886703
0,04772458
0,1048416
0,04362924
-0,07280966
-0,04936203
0,001699608
0,007694194
0,02434977
-0,02390738
-0,02563976
-0,05742767
-0,04326414
-0,04117438
-0,1106056
0,01211653
-0,0736863
-0,1802013
-0,166349
0,01759063
0,1364274
0,05046414
0,002246918
0,1564297
0,1738614
-0,009276099
0,01063383
-0,01034587
0,003051222
0,03060854
0,02547162
0,04988512
-0,136382
-0,1048853
-0,07076734
0,0296194
-0,08744486
-0,1479196
0,142743
0,04141284
-0,05844213
-0,02324667
0,1200239
-0,01122405
-0,08472366
0,09180756
0,0113954
0,06462421
-0,006359498
-0,08939487
-0,1398686
-0,01652586
0,02235807
0,06000861
-0,008544551
-0,02384372
-0,00191917
0,04348021
0,004547092
-0,01714438
-0,03749375
-0,03044113
-0,05047068
-0,06493818
-0,02543444
0,04361108
0,07068672
-0,05230078
-0,03420356
-0,05431728
-0,137386
0,009800392
-0,01984286
-0,0946563
-0,04890898
-0,0239351
0,01693801
-0,06100374
0,07249355
0,1681758
-0,1279982
-0,08668638
-0,008542784
0,1790824
0,09753968
-0,001394323
-0,02549763
-0,07956143
0,06696209
-0,02769665
0,05322214
-0,1513724
-0,02575717
0,08264021
0,1326023
0,05607076
-0,03105157
-0,1003805
-0,00811254
0,05472725
-0,1203039
-0,001037115
0,04676753
0,08414268
0,04388829
-0,0074732
0,03764703
0,04195914
0,02022403
0,01049191
0,001656075
-0,01833728
-0,01410638
-0,03784468
-0,1108917
-0,07796149
-0,04546106
-0,106687
-0,1653132
-0,0788805
0,04236586
-0,08714613
0,02544082
-0,08504082
0,1339155
-0,05387224
0,1011669
0,1249952
0,01971176
0,0322288
0,04331712
-0,07727853
-0,1454279
0,1504317
0,09884701
-0,1658639
-0,2023774
0,007756992
-0,02701989
0,04426573
0,1266005
0,007279938
0,08855329
0,06092479
0,05210506
-0,05339196
0,02094662
-0,04655229
-0,1253525
-0,1231938
-0,09586886
0,007936305
0,01122444
-0,01375379
0,01187798
-0,01810339
-0,01637265
0,0258845
-0,009000712
0,005419445
0,03059436
0,03569382
-0,05655586
-0,06449164
-0,1351149
-0,1094389
-0,02329593
-0,09723952
-0,06318039
-0,07163163
0,02995264
0,07008685
-0,0901193
-0,09198014
-0,1111282
-0,09687018
-0,01384981
0,03879333
0,1537282
0,04090492
-0,04846492
-0,03367273
0,01878574
0,1626825
0,06788603
0,171044
0,09892737
0,09825557
0,05264094
0,02588478
-0,01379952
0,147834
-0,01402359
-0,05404113
0,05524235
0,133643
0,07690869
0,02446542
-0,01968307
-0,1538966
-0,06614937
-0,05481957
0,04644853
0,02544956
0,02296444
-0,003578678
0,04069591
0,02424474
0,01010885
0,02886748
-0,009578368
0,02815382
-0,1079254
-0,04970378
-0,05646443
-0,007379069
-0,01037101
-0,05089397
-0,08421756
-0,07178608
0,01611087
-0,003575423
0,01639001
-0,005112044
-0,09693989
0,07032035
-0,1307596
-0,1795486
-0,04871881
0,07491104
-0,05660441
-0,2112377
0,02152394
0,05154006
-0,01500379
0,1075829
0,1047402
0,01013464
0,03165148
0,1783325
-0,03551082
-0,03786985
0,0531024
-0,01256771
0,09911905
0,01914505
-0,03050688
0,0201358
0,005331231
-0,039699
-0,04938342
-0,05620626
0,0038557
-0,006593611
0,0415604
-0,005056537
0,03189972
0,003330124
0,02052047
-0,02103728
0,002876099
0,01854893
-0,05146587
0,04484429
-0,0553585
0,01290049
0,03762784
0,1520568
0,005079005
0,04847805
0,0602371
0,0578051
0,1580577
0,02742596
0,002922375
0,01069931
-0,04997061
-0,1044116
0,1086327
0,01425125
0,03121232
-0,08941141
-0,03793669
-0,009040238
-0,1515454
-0,02438088
0,003802168
0,09083747
0,1580139
0,08973891
0,01090313
-0,1099915
0,07476372
0,08130503
0,1895611
0,04481534
-0,06125274
-0,01481992
-0,005879159
-0,01344475
-0,009727688
-0,01818993
-0,0499374
-0,04469246
0,01050292
0,01447007
-0,03099974
-0,002351344
0,01696824
-0,02783229
0,0101983
-0,02879642
0,0006828899
-0,02739167
0,0004331646
0,02131304
0,0509718
-0,0289838
-0,04583986
-0,1254101
-0,1157446
0,03134732
-0,0315629
0,02400495
-0,002178218
-0,03563557
0,006677465
-0,08154194
0,1189687
-0,03899965
-0,01454783
0,05575539
-0,03409818
-0,02432161
-0,07740261
0,06652265
0,1391344
0,1927078
0,03235001
0,06696243
0,08845425
0,07424506
0,09457763
0,03653352
-0,0173529
0,0355721
-0,1713127
-0,1313658
-0,03549515
0,04481532
-0,02055053
-0,04679581
-0,01559267
0,001337004
-0,02190812
0,0244301
-0,03055846
-0,01727754
-0,006214766
-0,02220256
-0,004725551
-0,03354291
-0,01196646
0,003626431
-0,01706758
0,06723759
-0,001057114
-0,04242251
-0,004733598
0,09089293
0,03175802
0,06874222
-0,02755187
0,154519
0,1167332
-0,1071419
-0,03438825
0,05227946
-0,02754072
-0,06495427
-0,05251288
0,08255232
0,2162647
0,1922617
-0,02964171
0,06260396
0,0470245
0,004852822
-0,0555058
0,01308304
0,09234854
0,1297377
0,1111642
-0,05260828
-0,02428004
-0,05684363
-0,02708779
-0,05348963
-0,0331761
0,08491903
0,09094455
-0,01070613
0,02892988
0,005629982
-0,04311119
0,004000796
-0,02614618
-0,02167097
-0,0312704
-0,02805184
0,01879155
-0,02255671
-0,005734587
0,003763554
0,03726787
0,06088998
-0,07108718
-0,046474
-0,02180271
0,003741105
-0,03760581
-0,006628551
-0,06917796
-0,09492433
0,08518118
-0,02780576
-0,03378548
-0,03944955
-0,03437617
-0,01903752
0,06860476
0,01257055
0,1084708
0,088697
0,1979035
0,1777369
0,1330098
0,2112599
0,028014
-0,05831688
0,08228187
0,01564724
0,113705
-0,06371572
0,01919078
-0,05559187
-0,1833159
-0,1036476
-0,1015538
-0,05091903
0,07325356
-0,05439796
-0,05021555
-0,001205917
-0,0629039
-0,03657145
-0,003961753
-0,06056412
-0,01524293
0,02745166
-0,01212346
0,01424236
0,04161096
0,0106524
-0,000684318
0,07555498
-0,02620074
-0,01980148
-0,02595958
0,02366497
-0,031025
-0,1204501
0,1457491
0,1110131
0,09184541
-0,006152983
-0,01015861
0,00856768
-0,07025956
-0,1926501
0,05948475
-0,03086938
0,1242923
0,02267806
-0,03400408
-0,08648779
0,113903
-0,003772618
-0,05496515
0,0415609
0,01216261
-0,0208827
0,04947105
-0,1317275
0,06335425
0,06296665
-0,0964533
-0,06507185
-0,0238208
0,0205488
-0,004843555
0,04680948
-0,009378201
-0,00169296
-0,009187177
-0,0070778
-0,006623453
-0,02359078
-0,03629509
-0,02671588
0,02108141
0,05899414
0,03108629
0,03191547
-0,04010869
0,04386457
-0,1189867
0,0371454
-0,005190483
0,01462986
0,1166346
-0,08525116
0,0556729
0,07405575
-0,1298836
-0,03820521
-0,01834176
0,02976617
-0,08787467
-0,06350768
0,04001545
-0,07702532
0,01397699
-0,0383785
0,04471462
0,06183495
0,03941714
0,04582237
-0,01651818
0,01102759
-0,0231277
-0,04135659
-0,04630819
-0,07597942
0,01418334
0,003901352
0,02290609
-0,03481112
-0,01553265
0,02592449
-0,03047524
0,03634604
0,008349379
-0,06766307
-0,03561056
-0,007479474
-0,006833728
-0,01293287
-0,03072262
-0,01280243
0,01260576
0,03682658
-0,02696256
-0,00456394
-0,003251743
-0,02135303
0,04022068
0,04798944
-0,003197657
0,01970312
-0,02685719
-0,1001415
-0,0973836
0,009238617
-0,04752043
-0,1110908
0,06852952
0,07254739
0,008069988
-0,05294522
-0,01411508
0,03959506
0,008547226
0,06388398
0,09583405
0,04209606
-0,003798469
-0,01280744
-0,03577185
-0,01758514
-0,04990576
-0,030063
-0,01563507
-0,1382676
0,02790154
-0,004511982
0,02278736
0,03601713
0,04237923
0,09169664
-0,05507217
-0,002274295
0,0018968
-0,07165151
-0,05820942
-0,04021722
-0,04088029
-0,008536968
-0,02221914
0,02085631
0,003620033
0,01986641
0,01775281
-0,01455354
0,01073715
0,01421765
0,05460307
0,03209857
-0,08502548
-0,01033373
-0,04661621
-0,1197929
-0,1836762
-0,0559241
-0,0319928
-0,1026568
-0,02410039
-0,1303898
-0,1394013
0,03206361
-0,03579357
0,06893531
0,06356291
0,01797962
0,05867026
0,2103684
-0,001427097
-0,0995858
-0,04756498
0,004433331
-0,0608021
0,03229651
-0,02021197
-0,09225275
0,0905791
0,08171898
0,0279535
0,04324563
0,05088766
0,05915704
-0,05246353
0,001762353
-0,05132848
-0,06637221
0,001820281
-0,04499231
-0,02516288
0,00153495
-0,03934835
0,01205104
-0,01640911
-0,05405017
-0,02597333
-0,006866816
-0,01220469
-0,05419067
-0,04977013
-0,02092477
0,00266221
-0,0004118752
-0,005081231
-0,005551693
-0,117156
0,04417076
0,01679702
0,08491807
0,01743954
-0,03034959
0,0002102994
0,04522731
-0,109834
0,01790751
-0,02056783
-0,03657527
0,1465123
0,07680814
0,05791366
-0,03744505
-0,0745445
-0,04350188
-0,001804026
0,08711572
-0,06298055
-0,03433019
-0,09962351
-0,04447067
-0,04262272
0,05361712
-0,009080479
0,04337588
0,005257109
-0,01004023
-0,02143647
-0,03257263
-0,04073352
-0,05075593
-0,03660817
-0,02480013
-0,005338717
0,00217594
0,01519227
-0,02121232
0,02615945
0,02224326
-0,03656741
-0,09602059
0,03277655
0,04980424
0,01679578
-0,02475756
-0,07622144
-0,02170485
-0,07686588
-0,05687275
-0,06009874
0,01083246
-0,09911605
-0,08413348
-0,02759037
0,04739954
-0,02520022
0,09566606
0,1052383
0,002744608
0,01401053
0,06205092
-0,0117327
-0,0341112
-0,01293334
0,04226181
-0,04987092
-0,0391935
0,01586748
-0,04367641
-0,03749911
-0,0127871
-0,01574272
-0,0264953
-0,02465343
-0,05725304
-0,03132606
-0,01699604
-0,002915199
-0,01085051
0,01431289
-0,03547317
-0,04528983
-0,01074892
0,002175022
-0,02119189
0,02550248
0,006624564
0,02615607
0,0560553
-0,04036491
-0,05439089
0,03880183
-0,02421787
0,01209925
0,01856084
-0,06132852
-0,1003345
0,01801154
-0,0493093
-0,05710039
-0,07275094
-0,1023594
-0,2117048
-0,01440455
0,03789105
-0,02974866
0,008365536
0,03493201
0,07609184
0,02927201
-0,005018172
0,00896192
-0,02274444
0,04129679
0,009858639
0,08487735
0,05646964
0,05344005
-0,03184587
-0,03318979
-0,0544376
-0,02851007
-0,06018749
-0,03381748
-0,05478609
-0,05063389
0,03003279
-0,0088052
-0,02357817
0,0330075
-0,01209222
-0,006212652
-0,02129252
-0,02969599
-0,01514614
0,007792239
-0,03283067
0,00303928
-0,01728025
0,02327922
0,02460027
-0,01888519
-0,004359627
-0,03401933
0,01010796
-0,009708202
-0,007092367
-0,05963025
-0,02420441
-0,01329941
-0,1217471
-0,09692324
-0,04979941
-0,06509648
0,03192299
0,03382023
0,03718034
-0,03087819
0,01303651
0,04249816
0,03027466
-0,06069092
-0,04891688
-0,06498829
-0,01688164
0,06739837
-0,0494534
-0,08665559
-0,01349957
0,00298508
-0,0285019
0,01817188
-0,01464538
-0,03569418
-0,01563584
-0,005840179
-0,01570623
0,02747134
-0,008904867
0,02283349
-0,004467539
-0,03499446
-0,0238199
0,02437194
-0,009233318
0,02792329
0,003223244
0,01673283
0,01311709
-0,02291746
0,03358325
0,02395333
0,008846546
0,02267507
-0,01475607
-0,00239547
-0,0666622
-0,04694325
-0,068136
-0,06241461
-0,08589935
-0,04299159
-0,05180593
-0,07284752
0,006792157
0,0543653
0,05986709
0,0302227
0,01763721
0,02841397
0,05764213
0,01473974
-0,04530223
-0,06012002
-0,03452295
0,01845036
-0,02720975
-0,00215641
-0,05239981
-0,0333532
0,04112869
-0,01255812
-0,02417499
-0,04448599
-0,02451008
-0,004931097
-0,01286835
-0,002091471
0,0159939
0,02357052
-0,007168802
-0,02604731
-0,01508809
-0,02831771
-0,005291346
-0,01271251
0,004025332
0,01110465
-0,01773304
-0,01102003
0,01420674
0,0274858
0,004331023
0,01745821
-0,02918172
-0,007845501
0,02688498
-0,05631189
-0,08632727
-0,08836731
-0,06599616
-0,0228611
-0,02261638
-0,06984236
-0,06687181
-0,07288465
0,03630102
-0,004139276
0,0227067
0,01717658
0,03335687
-0,05724797
-0,03579662
0,04059121
0,03226425
0,004896415
0,01005718
0,03503907
-0,04340871
-0,05179973
0,0211667
-0,04393071
-0,0474733
-0,0204589
-0,01970106
-0,04931118
0,003459603
-0,007658476
-0,001054973
-0,008507884
0,01622044
-0,02202666
-0,01037154
-0,02186868
0,02899615
0,0008097084
-0,02442111
-0,02771313
0,005709446
-0,02756954
-0,004592482
-0,02000857
-0,0288488
-0,02460945
-0,01175999
0,001673877
-0,04135155
-0,03734485
-0,01964326
-0,01049667
-0,02646948
-0,05021834
-0,03902976
-0,04411358
-0,03442951
0,0009270075
0,0340577
0,01178408
0,04171909
-0,009860614
-0,02384049
-0,045554
0,0130605
0,01742195
0,001846886
0,04193316
-0,03674319
-0,01348741
-0,03211553
-0,04088246
-0,01421434
-0,01193478
-0,01728098
0,01448352
0,003806522
0,007368756
0,02079064
0,003389633
0,01257618
0,02148455
0,009215657
0,02728043
0,01174862
-0,02719355
0,0160523
0,01158681
0,01480887
-0,00388247
-0,00865929
-0,03259911
-0,006531385
-0,005256962
-0,011259
-0,006904113
0,01567399
-0,03766122
-0,02422435
0,001927657
-0,01491504
-0,00644642
-0,03609922
-0,03668169
-0,04643625
-0,05461243
-0,06971838
-0,02089228
0,04127466
0,02354236
0,01663768
0,01325257
0,01200839
-0,03695011
0,009851361
0,02852935
-0,01331833
-0,01480407
-0,01650503
-0,01326548
-0,01254878
-0,02095264
-0,03364789
0,008068048
0,01095256
0,00833413
-0,02500005
-0,03315233
-0,02267554
0,02138945
-0,0252408
0,02617868
-0,002761912
-0,02274646
-0,009433973
-0,02744025
-0,006315111
0,03052611
0,008607404
0,004416456
-0,02755766
0,003605689
0,02185843
-0,01670369
0,0002629058
-0,003142345
-0,02655882
-0,01871581
0,005631861
-0,020867
0,01268425
-0,02035142
-0,02977317
-0,01764756
-0,04459821
-0,002476347
-0,004788286
0,02511437
-0,01300052
0,03229764
-0,03515564
0,01327062
-0,03337484
0,01555727
-0,01722926
-0,02992599
-0,001197151
-0,002760696
0,01256395
0,005402688
0,001071845
0,0001640823
0,01419017
-0,0254835
0,01106818
0,02639553
0,0003659772
0,01578921
-0,02688004
0,02955426
-0,007398791
0,01903065
-0,004867181
0,02084235
-0,0217017
0,01689157
0,005077617
0,01861392
0,01460189
-0,005313873
-0,008450616
0,001649756
0,02398605
0,01937887
0,0004573271
-0,02407055
0,005151796
0,02533234
0,02247814
-0,0006302564
-0,02078378
-0,01977183
-0,01773659
0,0225481
0,02117298
-0,02209769
0,005036359
-0,02315011
0,03050445
0,00556704
0,005127576
0,03288512
0,02848116
-0,008718106
0,004218039
-0,01093189
0,004026029
-0,02705632
0,008820625
-0,004824752
0,00258949
0,007882541
-0,02590141
0,003548065
-0,007485989
0,03226975
0,0134769
0,0286054
0,005323273
0,004492512
-0,004073689
0,004721612
0,02058914
0,002006968
0,02334776
-0,0247162
6,115775E-05
-0,003666767
0,02780707
0,02684002
-0,02030494
-0,008466956
0,02020474
-0,01074488
0,03044907
-0,002509756
0,01172171
0,01733585
-0,006335752
-0,01375862
0,008679408
-0,008063037
-0,0264453
-0,007355518
-0,02435006
0,002643454
-0,01808309
0,01549316
0,00431203
0,02157775
0,004091144
0,01512902
0,01005232
-0,006216835
-0,0335995
0,0158156
-0,02903802
-0,01636496
-0,01761322
-0,006791405
0,01720452
-0,02525861
-0,01774596
0,02138175
-0,008835788
-0,02584137
0,01728245
0,0176744
0,004843012
0,02646833
-0,01117588
0,02678739
0,005222442
-0,009811482
0,02668679
-0,02502606
-0,004764273
-0,007224151
-0,004783421
-0,007767682
0,02381449
0,01554626
0,02193754
-0,02696986
-0,003163978
0,0002028028
0,0139403
-0,004396155
-0,0114881
-0,02141653
-0,004636947
-0,006532176
0,001911968
-0,02868739
-0,0007157413
0,004974143
-0,02323112
-0,01109308
-0,02462686
-0,02753007
0,01428371
-0,005523826
-0,02084276
0,008706804
0,004820811
0,003676869
-0,02515825
-0,01237961
-0,001356807
0,02571839
-0,003980879
0,01118659
0,02339332
0,02270159
-0,00174326
-0,02961055
-0,01774805
-0,02014409
-0,005527613
0,02223672
-0,009182197
-0,008318499
-0,0005709592
-0,003704606
0,001472236
0,02628795
