-0,02950484
-0,01597525
1,566859E-05
-0,02715798
-0,02395585
-0,01281357
-0,02159712
0,01499444
0,01671143
-0,01105169
-0,02848013
-0,01862596
0,0274854
0,0142729
-0,02524762
0,001474782
-0,01534362
-0,01198191
-0,006372032
0,02258779
0,006535531
0,001789316
-0,02724691
0,01152625
-0,004475056
-0,01842991
0,007026626
0,02459938
0,01764108
0,01841504
0,008094824
0,01648017
0,005385178
0,01677731
0,016349
-0,01928856
-0,02641661
-0,01143952
0,005913667
-0,01476876
0,01586488
0,003739186
0,02317808
0,01872284
0,0219937
-0,02097964
0,02921913
-0,006176719
-0,01568108
-0,01061507
0,02154949
-0,001529479
0,0104723
-0,02622025
-0,02091381
-0,0005862313
-0,01876997
0,01908106
0,007988257
0,02505676
0,0107581
-0,01554199
0,0279709
0,02894044
0,011479
-0,01436009
0,006627116
-0,01926276
0,02853816
0,02462275
-0,002141163
0,02667672
0,0126691
-0,02161833
-0,02326002
-0,02716329
0,009270913
-0,01533781
0,02015445
-0,01348438
-0,01701835
-0,01676299
0,01030533
-0,001717454
0,0274611
-0,02038694
-0,02398586
0,00159238
0,007767323
-0,01298445
0,03013458
-0,01484962
0,01127219
0,01150465
0,005108139
0,00142431
0,00637688
0,02488511
-0,02274911
0,006334654
0,003001305
0,01851794
-0,004108978
-0,009616364
0,02230515
0,02547174
0,01641728
0,00207363
0,02766564
-0,02372398
0,02080103
0,02715462
0,02944572
-0,008548732
0,01208549
-0,002508715
0,004739414
-0,0002302354
-0,02851003
0,001861046
-0,02041091
-0,02502066
0,003501521
0,01156248
0,02524935
-0,01711782
-0,0145272
-0,02878983
0,003839686
0,005852194
-0,002958961
0,01502707
-0,02261088
-0,01620934
0,01411765
-0,005006001
0,01793634
-0,01006078
0,006787927
-0,02793927
-0,006022299
0,004642914
0,004589594
0,001600586
-0,003056031
-0,02717111
-0,01383867
-0,01018169
0,03004912
-0,02242059
0,02727007
-0,02336449
0,02337848
0,006056511
-0,003276443
-0,002172031
-0,01501358
0,01505847
-0,00416517
0,009412585
0,01007601
0,01506412
0,02864075
-0,008323664
0,009779275
-0,02427669
0,01969441
0,01566341
0,007916635
-0,01306838
0,01021093
-0,01521718
0,02372283
0,03025919
-0,02202314
0,0056637
0,001017473
-0,02809493
-0,0154455
0,0223137
0,02717427
0,02596085
-0,028505
-0,003666685
0,009238651
-0,009338316
0,02220212
0,002050226
0,01776342
-0,01395753
-0,01979818
-0,02703894
0,02471545
0,02786424
-0,007507683
0,009248435
0,006461644
-0,01711532
0,02243207
-0,008834209
-0,01641948
0,001050932
0,01257531
0,01306243
-0,002364115
0,01215634
-0,01673149
0,02348979
-0,001999035
0,02166283
0,0274981
-0,01706541
0,0001779298
0,003872415
0,01268668
0,01442178
0,01347104
0,002343716
0,0128681
-0,0106807
-0,01581085
-0,01216718
0,02877287
-0,008122731
-0,02308073
0,007121543
-0,009452374
0,026337
0,007682011
-0,0002847777
0,02945621
-0,01206177
-0,0201707
0,02406461
0,008839424
-0,003876393
-0,01636979
-0,01078345
0,02873934
0,02717333
-0,02342409
0,02882179
-0,02609016
0,02644885
-0,01096475
0,02755067
0,003010154
-0,009306442
-0,01485308
0,008700785
0,02644562
-0,02592409
0,0005643166
0,002588381
-0,02330679
0,02609365
0,002917177
-0,009637431
0,005887268
0,02105762
-0,008158269
-0,01233776
-0,01430439
0,02919661
0,02231441
0,009212531
-0,0272708
0,00707174
0,02582808
-0,01355838
0,0005929607
-0,005932198
0,003730451
0,01640114
-0,01726549
-0,01371257
-0,01609233
-0,02809186
-0,0271063
-0,01943428
-0,02552548
0,03039326
0,01095911
0,02901681
0,002972965
0,02544279
0,018148
0,007414592
0,0169863
0,01300184
0,02377007
0,02351919
0,01379015
-0,02218354
0,005509407
0,01931871
0,01227833
-0,02474079
-0,02609094
0,01021151
0,02456084
0,02662301
-0,004773162
0,02887129
-0,02253348
0,001889265
0,0001053194
0,01422513
-0,01005794
0,02083305
0,01183692
0,000126737
-0,01239003
-0,004057429
0,01680083
-0,008565619
0,006762932
-0,01287177
-0,004513092
0,02723419
0,02133209
-0,004552446
0,02052529
-0,01661532
-0,005866724
0,008282012
0,01140356
-0,003681821
-0,01934511
-0,00556471
0,004917481
-0,02150535
0,02798486
-0,008006665
-0,01488743
-0,02248974
0,005091615
0,0124447
0,02091465
-0,0287732
-0,00481405
-0,02664014
-0,01269809
0,02639
-0,0293904
-0,006977239
0,005685457
-0,01226876
-0,008658655
-0,01649378
-0,01816745
-0,005332156
0,009912136
-0,02321073
0,01874376
-0,002178954
-0,02515772
-0,01820751
0,004962972
-0,0002615445
0,02156438
-0,02601214
0,004061015
0,02689091
-0,01374572
0,003480148
0,00213091
0,02482153
-0,02065307
0,008173091
0,01668787
0,02478863
-0,003812791
-0,005779883
0,002168531
0,01852981
-0,02224009
0,02424343
-0,01846003
-0,030262
-0,02871252
-0,00767162
-0,0265604
0,02673478
-0,01833084
-0,02144216
-0,001206427
0,0216283
0,00459592
0,0177322
-0,02783631
-0,007510324
-0,02333549
-0,009364113
-0,02022206
-0,009064365
0,0003817985
-0,008969173
0,009467924
-0,002541627
0,02089655
0,01070529
-0,02255186
0,01329834
-0,003837125
-0,01424235
0,02759212
-0,01593948
0,003705839
-0,0302789
-0,01009883
-0,01867778
-0,03081677
0,00505614
-0,001544086
-0,001604156
0,02939963
0,005555667
0,01417891
-0,02361911
-0,0260429
0,01029106
-0,01039478
-0,008452924
0,005816165
-0,006463147
0,01764667
-0,02599703
-0,01650559
-0,01972505
-0,01279217
0,01691935
-0,01638607
0,01432754
-0,02059073
-0,008540591
-0,01452296
-0,00747274
0,0009992279
0,02521473
-0,0187811
-0,0165747
-0,01345296
0,003812006
-0,001959132
0,02121162
-0,00713911
0,00252399
0,02253549
0,01157756
-0,008403985
0,0242545
0,006444519
0,00175108
-0,008045544
-0,02106086
-0,01055288
0,01482826
-0,02452076
-0,0291528
-0,001863611
0,02173401
-0,03051842
-0,007822663
0,01236573
0,0007976328
0,02554042
-0,01557267
-0,005280269
-0,02422156
-0,01781881
0,006257492
-0,02542072
0,01834157
0,02481559
0,02054143
-0,006576245
0,01517063
0,02327369
0,01495382
-0,02752193
-0,01495598
-0,01743624
0,002886718
0,0198048
-0,005977839
-0,01885761
0,01337892
-0,007693704
-0,02947671
-0,02833471
0,0001412272
-0,01462157
-0,001046893
-0,00324129
-0,01007329
-0,01675072
0,02457786
0,02153622
0,02649897
0,02466205
-0,0225845
-0,02271724
0,01542047
-0,002233307
0,01402397
0,01830622
0,01709447
0,005959146
0,0009925165
0,01413909
0,001546199
0,02028056
-0,009369426
0,02872515
-0,01896002
0,005754202
-0,005742304
0,001633649
-0,01409019
-0,01162511
-0,01777123
0,0210306
-0,008404211
-0,0271159
0,01176549
-0,01113071
0,004664592
-0,007836617
0,005542374
0,008442182
-0,0005459718
0,024625
0,02773347
0,02228834
0,02409189
-0,02164763
-0,001077251
-0,0243718
-0,02405614
0,005542075
-0,005594216
-0,02325055
0,02097554
-0,0145352
-0,0009644045
0,009812198
0,02512567
-0,0003765406
-0,01595904
0,01203836
0,01647042
-0,008572524
0,002581046
0,006013053
0,01118205
-0,0159635
0,01255117
0,01049414
0,01463156
-0,008057817
-0,01890587
-0,005884231
-0,03063402
0,02228145
-0,01636975
0,00584998
0,020309
-0,003247385
-0,02714797
-0,02801072
-0,02363003
-0,012692
-0,006000767
0,009810723
0,02523267
-0,02676484
-0,03167344
-0,0237961
0,004828799
-0,02672043
-0,005441747
-0,02524155
-0,02234107
0,02544296
0,02295035
-0,02193023
-0,007520642
-0,00620156
-0,02046026
0,009134774
-0,005471652
0,01804451
-0,008884218
0,01325914
-0,006152008
0,02978089
-0,02317687
0,02838801
-0,02961827
0,02220147
0,01780443
-0,004503882
-0,006148849
-0,02077592
0,003141144
-0,005337364
0,02458533
0,02065582
0,00977023
0,004759219
-0,01740907
0,004197858
-0,02676726
0,01011092
0,02560903
-0,02678229
-0,01678686
-0,0268895
-0,03145431
-0,02790064
-0,01909758
-0,004364815
-0,0139213
-0,006900623
0,006360754
-0,01353217
-0,03201083
0,01211004
-0,01338373
0,02501256
0,02776826
-0,02792163
-0,02236269
0,014392
-0,01453299
-0,03008489
0,01138261
0,02795184
-0,009039974
-0,00290714
-0,0157114
0,004048806
0,01435008
0,005243311
-0,003897167
0,02029473
0,01472019
0,009775115
0,01669719
-0,01097183
0,01407957
-0,02841045
0,02736625
0,02536768
0,007994259
-0,01206372
-0,0243676
0,0294121
0,001465248
-0,01731999
-0,006359938
-0,02036332
0,00103746
0,01191257
0,004790825
-0,02218674
-0,005659691
-0,01274997
-0,007203289
0,02219029
-0,01108206
-0,01607723
0,01087271
-9,10216E-05
0,01859714
0,007109305
0,01225528
0,01259052
0,02812925
0,01612472
0,004417377
-0,009779995
0,02772394
0,02916093
-0,01641199
0,02613242
-0,02470906
-0,01828318
-0,02351626
0,02701905
0,02484107
0,01480065
-0,002193934
-0,02041383
-0,02659218
-0,02632634
-0,02844979
-0,02936623
0,02848738
-0,01379078
-0,005996198
-0,004537075
-0,01573644
0,02217774
0,02695896
-0,004068776
-0,01299035
-0,007288712
-0,02705304
0,02802386
0,002852363
-0,008940401
0,02849583
0,01185944
0,004599336
-0,0296095
-0,02023299
0,0004497338
-0,0006530145
0,007910634
-0,0288101
-0,0191959
-0,02076499
-0,005107593
0,02745879
0,00647904
0,01880721
0,0004556767
-0,003307297
0,01512075
0,008824571
0,01401478
0,01541744
0,01243132
-0,006352307
-0,02202206
-0,02377979
-0,02583269
-0,0274141
0,01612674
0,009752567
0,01386133
-0,01983956
-0,02073537
-0,004702424
0,004375726
0,01605887
0,01482051
0,003304795
-0,02904127
0,02199892
0,0005720548
0,0007378006
-0,01165437
-0,01708913
-0,01982722
-0,01787965
0,0176733
0,02268196
-0,01062709
0,005768728
0,0136386
0,02363045
-0,01454594
-0,01175415
0,01831237
0,003560083
-0,0169391
-0,01378959
-0,006889015
0,02259946
-0,02706376
-0,004103153
0,01185378
0,02687087
-0,01314333
-0,02843956
-0,03144864
-0,03283855
-0,008003228
0,02053165
-0,02706856
-0,03338261
-0,003329366
0,02432961
-0,02196082
-0,01588496
-0,004403602
-0,0003784317
-0,01595425
0,02718501
-0,009980286
-0,0160081
0,01440982
-0,01966355
0,02826121
0,02135959
0,02347351
0,02045266
0,00728562
0,02929587
0,0005701199
-0,004147449
-0,0232255
-0,02449436
0,01507759
-0,02809094
0,01626052
-0,009338511
0,02290515
-0,02428368
-0,02120724
0,01603895
-0,002515316
-0,002308908
0,0003413329
0,009853107
-0,008859172
-0,01008493
-0,02193715
-0,0001210674
-0,02539646
0,01137043
-0,02858283
-0,006324458
-0,001562416
0,01674076
0,01083579
-0,0008125854
-0,03190111
-0,003721257
-0,02246683
-0,02062076
-0,007352899
-0,007111238
-0,01096711
0,01006625
0,02398292
-0,007665717
-0,01984091
-0,02412489
-0,001325123
-0,0220057
0,007543345
-0,02205949
0,0201159
0,00580135
0,01638607
-0,01350247
0,009801274
-0,01421567
-0,00296656
0,001638865
0,009182268
-0,02717601
0,02206991
0,01573835
-0,00911862
0,008388518
-2,17053E-06
0,02036254
-0,01404366
-0,0177954
-0,01215222
-0,004477941
0,02469245
0,02430059
-0,01253923
-0,03185467
-0,02660666
0,01584657
0,01296342
-0,03444607
-0,02440036
-0,0338626
-0,030887
-0,03600634
-0,02736785
0,02036733
0,003560633
0,02720626
-0,02596889
-0,00755974
0,0217493
0,01546424
-0,02993625
0,009256926
0,004176742
-0,008915712
0,004950873
0,005925756
-0,01101562
-0,01407607
0,02392996
-0,009731804
0,02047422
-0,01393234
0,01983298
-0,01777386
-0,01712858
0,0256295
-0,01376512
0,01463343
-0,01869417
0,01947417
-0,001063211
-0,002921798
-0,009621923
0,005222689
0,02822923
0,02012116
0,005224423
-0,007569631
-0,03031433
0,0004319775
0,01167702
0,01698573
-0,01368763
0,001433855
-0,01036675
-0,01802777
-0,01516103
0,0245927
-0,009755264
-0,00565274
-0,005881454
-0,003528347
-0,03041165
0,01435813
-0,02234852
0,016675
-0,02466543
0,01915366
0,007908222
0,01066041
0,01259961
-0,007893311
-0,01190541
-0,02530625
-0,01214393
0,004266202
-0,0105527
-0,02986251
-0,005755394
0,01698293
0,03025339
0,02595802
-0,0144877
-0,006757558
0,007151058
-0,02767579
0,02894644
-0,01325348
0,01969863
0,02905774
0,005740836
-0,01031751
-0,01062774
0,01211602
-0,01284023
0,02387735
-0,01171147
-0,001794436
-0,01164312
-0,02201848
0,005981403
0,009717188
0,008441553
-0,01689825
0,01173177
-0,01693375
-0,006400735
-0,02227539
-0,02002009
0,01173149
0,01708238
-0,02065735
-0,005846176
0,001444583
-0,00709014
0,00201125
-0,01697102
0,007997289
-0,02179113
-0,02130633
0,01883532
0,0225956
-0,02549916
0,01487307
-0,02195385
-0,005364666
-0,02543452
0,008445923
0,01654156
-0,007351704
-0,01270493
0,02072923
0,01109838
-0,01362426
-0,02204215
-0,01208545
-0,0154651
0,02859734
0,007101741
-0,01200568
0,003359889
0,01675388
-0,02715041
-0,02918913
-0,02975653
-0,01449251
0,01466863
0,008095795
-0,02260022
0,009719028
0,007204622
0,002972552
-0,01749822
-0,02953211
-0,01931387
0,00578822
-0,002970151
0,0228188
-0,02584282
-0,01477177
-0,02530853
0,009293342
-0,01751222
0,01145101
-0,004660768
-0,02701414
0,007092514
-0,01954384
-0,004069593
-0,02345162
-0,01253376
-0,01376614
-0,02461731
0,02385668
0,008563477
-0,02631125
0,02266618
-0,02343869
0,01446419
0,02097108
0,01102614
-0,003883993
-0,001636763
-0,02422756
0,0144194
0,01268507
0,00459641
0,002674283
0,0301668
-0,004482322
0,01440541
-0,00930382
0,01997189
-0,01482674
-0,02786134
0,01198701
-0,009332164
-0,02069362
0,0001605948
0,02462875
0,003889401
-0,00790333
-0,029509
0,0215758
-0,0137363
-0,02045467
-0,01453821
-0,01998905
-0,007012353
-0,02653476
0,007952647
-0,01434781
-0,03371636
-0,02405096
0,00361489
0,01489211
-0,01110512
-0,01658115
-0,02759526
0,01362522
-0,002338672
-0,02713137
-0,01440573
-0,02596708
-0,0009351285
-0,02863858
0,001184459
0,02406682
0,02348444
0,02713059
0,01479641
0,01433347
0,006076644
0,01858584
-0,01626527
-0,01740843
-0,0118638
0,001200088
0,01578768
-0,004573082
-0,01307112
-0,01516327
-0,0267387
0,01641483
0,005952668
-0,01402247
-0,01990762
0,002503435
0,002354971
-0,01905254
-0,01429387
-0,03153168
-0,03459953
0,006827098
-0,01093112
-0,00842436
-0,03060787
-0,03856394
-0,009186708
-0,02153494
0,006846156
-0,007433461
-0,01774133
-0,008825018
-0,01238262
-0,03233116
0,01324766
-0,01511069
-0,03213539
-0,006641624
-0,0005049993
0,02101888
0,00130521
0,01116591
0,000301973
-0,01378122
-0,02709094
0,0005982688
4,970891E-05
-0,01749577
0,02260739
0,02991128
-0,009288991
0,01156443
0,009716378
0,01163116
0,01178296
0,02445537
-0,006372177
0,01235638
-0,02778044
-0,01416874
-0,02896185
-0,003229616
0,006247243
0,0143239
0,01923554
-0,0002298403
-0,01262275
-0,003188196
-0,008336829
0,01415497
-0,007383622
-0,03163975
0,003894154
-0,01472622
-0,01134756
-0,02053543
-0,02937516
-0,03149708
-0,0140843
-0,003123055
-0,01118902
-0,02322263
-0,01115353
0,0104454
-0,03040845
0,005882985
0,01651225
0,01253016
-0,009935074
0,02429189
0,0261727
-0,009646435
-0,004592013
-0,01589358
0,02028348
-0,02379595
-0,02421489
0,01809498
-0,00417304
0,003006312
-0,01764897
-0,02721448
0,01919133
-0,02734333
0,001654911
-0,01329638
0,02988776
-0,01769004
-0,01768676
-0,008123138
0,01290019
-0,01698961
-0,01661291
-0,00746204
0,01632416
0,01495147
0,02829137
0,01377527
0,0008981305
-0,02587905
0,004722999
-0,001975288
-0,03375304
-0,01354608
0,01415666
-0,03159792
-0,001481261
-0,01560676
-0,01013333
-0,02184308
-0,0279878
-0,01680399
0,00465659
0,01665936
-0,01264905
-0,01092325
-0,01066189
-0,01068268
-0,01519731
0,02159206
0,01149086
0,006351486
0,002736744
-0,02986717
-0,01750143
0,0133871
-0,02375913
-0,02956918
-0,003428319
-0,02735242
-0,02302436
-0,01050087
-0,01676291
-0,01316761
0,02411644
0,01180404
0,03000839
-0,007928471
-0,01887698
-0,005541698
0,006433756
0,0002095812
0,008661017
0,02046123
-0,02018879
-0,01002415
-0,003047671
-0,01499265
0,02435236
-0,01141107
-0,0145268
0,0003418412
-0,006153313
0,001558511
-0,01351306
-0,04047903
0,01566603
-0,04116534
-0,03065781
-0,03321867
0,01646429
-0,002210073
-0,04064512
-0,007719041
-0,02229639
0,01722483
-0,02624298
-0,006356052
-0,03192589
0,01173627
-0,004987418
-0,02690694
-0,0184375
0,02113271
-0,0151948
-0,0199499
0,0281255
0,01265813
0,02127529
0,02278662
-0,01935904
0,01691191
-0,0294906
-0,0254114
0,01286129
0,003683481
0,02108912
0,002954695
0,02049297
0,02124598
0,01186073
0,02558024
-0,0220328
-0,02821129
-0,004555374
0,02815291
-0,001977412
-0,02782786
0,002174121
-0,01743851
-0,02306152
-0,03099156
-0,02085848
-0,02608683
0,01552919
-0,02435374
-0,02070043
-0,004104198
-0,01563886
-0,02358705
-0,03770868
-0,02550456
-0,03103254
-0,02059624
0,02188857
-0,02112646
0,004000834
0,02217451
0,01553445
0,009051892
-0,03058746
0,003924427
0,003030265
-0,02353293
-0,03128397
-0,002790618
0,02124807
-0,02293167
-0,005356701
-0,01262112
0,009107199
0,01962843
-0,0248009
0,002906184
0,01223628
-0,02440653
-0,002745431
0,01422964
-0,0222423
-0,006267863
-0,02089729
-0,01976228
-0,02235593
0,006060092
0,02040383
-0,003120888
0,01465587
0,01865453
-0,02706972
-0,0203942
-0,01275357
-0,002094232
-0,01795652
0,01726737
-0,02184978
-0,004627054
-0,01016681
-0,0288565
-0,02553277
-0,01412227
-0,01477882
-0,02482161
-0,02833063
-0,03263918
0,001479051
-0,02144279
-0,0244667
0,001922879
0,00330261
0,01944485
0,01372838
0,02132692
0,01501176
-0,008139513
-0,002663001
0,01657522
-0,005836843
0,02649429
-0,01449497
0,0009249432
0,008548458
0,02849415
-0,02950011
-0,01859973
0,02736233
-0,02613768
-0,001790941
-0,02426809
-0,01688999
-0,02640649
0,003340427
-0,0171326
-0,003621632
0,00887493
-0,03172271
0,02486895
-0,03119522
-0,02999155
-0,03126771
0,006543935
-0,01558686
-0,02738993
-0,01913633
-0,02183973
-0,01023058
-0,009370637
0,008140968
0,01888227
-0,01349917
-0,0133938
-0,03135901
-0,00485814
0,01643777
0,008504028
0,01628142
-0,00567118
-0,02058139
-0,03360022
-0,02588863
-0,0001975132
0,01162385
-0,03240858
-0,01045819
-0,0004812484
-0,01737332
-0,004199766
-0,007561911
-0,02595734
-0,009027224
0,001309884
0,01489682
-0,01079171
0,02534017
0,008461558
-0,01852568
-0,003480237
0,01033517
0,01230524
0,009620646
-0,003024705
-0,0154077
0,000208107
0,008952464
0,01350538
0,02492086
-0,0290243
-0,01079273
0,01274252
0,01888349
0,000928957
0,008952205
-0,03379631
0,02406413
-0,006795167
0,01607646
-0,02055951
0,009956476
0,0105302
-0,03876083
-0,03890052
-0,03786557
0,00470914
-0,002467128
0,01943397
0,009399188
0,01820802
0,005341133
-0,01676817
0,001551472
-0,009624196
0,01473214
-0,002647082
-0,01225186
0,007352737
-0,0153568
-0,01911104
-0,009221862
0,005181279
0,002855768
-0,02028226
-0,02596862
0,00836747
-0,01823634
0,01807239
0,01758579
0,01241656
-0,01012657
-0,008547548
0,01339371
0,01999049
0,006447681
0,02246639
0,01050483
0,007220386
-0,00556105
0,0006583771
0,02290777
0,011337
-0,03426028
-0,028786
-0,01087792
-0,03272476
-0,02691988
-0,007846597
0,007597139
-0,02717037
0,003029916
-0,02259357
-0,026381
0,001547831
0,01788651
-0,02691759
-0,02355834
0,01835927
0,02515163
-0,008670776
-0,002209671
0,01662281
-0,02324474
-0,03071144
-0,001216469
-0,01639926
0,00141223
0,01017848
0,01543655
0,02419764
0,02035426
0,01105565
-0,01773791
0,01343938
-0,01235662
0,008663625
0,005369694
-0,001027379
0,01473514
0,02694864
-0,006035132
0,009010092
-0,03137171
0,002298206
0,02790901
0,02848558
-0,02589463
-0,03206097
0,02536565
-0,01065801
0,002670849
0,01286006
0,003992254
0,02753531
-0,03567802
-0,02896688
-0,001748551
0,02074081
-0,003269411
-0,03002444
-0,01054336
-0,01028988
0,001549874
0,00915739
-0,02106536
-0,04086118
-0,03009962
-0,000524957
-0,009339733
-0,01509247
0,006950248
0,01355684
-0,02249039
-0,03130382
-0,03152869
0,0198343
0,01565787
0,006512261
-0,02615736
0,001191503
-0,02285185
0,001325246
0,01484024
-0,005779996
-0,01215975
-0,02398205
-0,02642247
-0,01565165
0,01322085
-0,02067812
-0,02721729
0,005873193
0,02260792
0,0003175404
-0,007434986
0,02189196
0,02241932
-0,02498963
-0,02266172
0,02524414
0,01808793
-0,001433425
0,002870993
0,002565401
0,009121059
0,01650481
0,002566024
-0,001292858
0,01633707
-0,0341619
-0,02341555
0,0153614
0,009236513
-0,04393368
-0,04220731
-0,0398361
0,01130542
-0,01277905
0,0007333407
-0,01762683
0,02544355
0,02284855
0,01943306
-0,01616488
-0,0172726
-0,02984914
0,02001751
0,006929854
0,009210509
-0,02094994
0,02594163
0,009842935
-0,002741663
-0,02231824
0,01182951
0,005720639
0,02582006
-0,02207431
0,01074963
-0,004488793
-0,0001826004
-0,003090976
-0,0157116
0,0008914824
0,01967914
-0,02469502
0,01136855
0,02025001
-0,004527082
-0,01304829
-0,02778177
0,003271369
-0,002821321
0,01648559
0,02281245
0,01926558
0,004982032
-0,01959073
-0,02112744
-0,004168541
0,02122469
0,01887324
0,01535291
0,004665922
-0,03084284
0,0006212646
-0,003825784
0,01154205
-0,0140467
-0,007730067
-0,0278368
0,007888494
0,006834067
-0,02280719
0,01610302
-0,001783304
0,0051178
-0,01476383
-0,006284823
-0,02199303
-0,01115224
0,02872247
-0,02213928
-0,01182101
-0,02452711
-0,007400159
-0,02298743
0,004818477
-0,0203526
0,01405989
0,02286034
0,002742332
0,01513664
-0,03160839
-0,005971822
0,001444149
2,527004E-05
-0,00250516
-0,01057575
-0,02259903
0,003402879
0,02508555
-0,004284159
-0,03596524
-0,02570389
-0,0151775
0,01686241
-0,01571771
-0,03656742
-0,01523516
-0,01991623
-0,01275593
0,0143977
-0,02897367
-0,01871089
-0,03680725
0,01252399
0,004746157
0,00846335
0,01723149
0,0004989764
0,02280212
0,004418399
0,005179546
0,004447304
0,001716832
0,02276808
0,007830958
0,01295182
-0,01520345
-0,02980267
-0,02367555
0,0248881
-0,01589377
0,003750122
-0,007924275
-0,003858846
-0,02304273
-0,02554022
0,01161464
-0,001675017
0,01185428
-0,002547445
0,00964465
-0,01062512
-0,008769496
0,003638446
0,001761602
0,01070594
-0,004426552
0,009979057
0,01990844
0,01256762
-0,004962069
-0,002381264
-0,001258357
-0,02051039
0,01880142
-0,01504804
-0,0001770609
-0,00904303
-0,02396375
-0,001952413
0,01036957
-0,008681878
-0,02207893
-0,004133734
0,009744385
0,006628522
0,02487668
0,002517063
0,01051673
0,002634474
-0,03002512
-0,00920307
0,01885497
-0,005202642
0,02401811
-0,01616399
-0,02069861
0,02759448
-0,01070119
0,02868507
-0,01210217
0,002846509
-0,02115493
-0,0101264
-0,006566771
0,00738989
0,02248749
-0,02992871
-0,001642441
0,009186647
-0,007874591
-0,02385576
-0,02210782
-0,03000753
0,005805437
-0,01943592
-0,02586572
0,02019323
0,0225953
0,02217321
0,005698388
0,01297393
0,02116801
-0,01930125
0,008218883
-0,02795978
0,007675322
-0,0247579
-0,01473725
-0,002589669
-0,02502963
0,006880743
-0,02483913
-0,01708494
-0,01045331
-0,0170893
-0,0159467
0,02336843
-0,02414536
-0,02535136
0,01415526
0,0266936
-0,02641505
-0,02959678
-0,02053195
0,02113946
-0,02191325
0,01601608
0,01593804
0,01039513
-0,0234795
-0,01402626
-0,02616857
-0,005377572
-0,01325885
-0,001612742
0,002768626
0,02078017
0,003555235
-0,01888707
0,0163794
0,00759128
0,002931903
0,0167436
-0,008652916
0,008059613
0,02657432
0,02426271
0,01046376
-0,01092892
0,0204686
-0,02215696
0,01259965
0,01285707
-0,02913588
0,006126136
0,008063846
0,01786743
-0,03413765
0,01253395
-0,03885828
-0,03901845
-0,01157868
0,008918188
0,0004330744
-0,03434715
0,004187329
0,01489895
-0,03340996
0,02141036
0,01333515
-0,004553198
-0,0102254
0,02433184
-0,01416345
-0,02371036
-0,008189341
-0,01448638
0,006935152
-0,0007639827
0,02236824
-0,01782632
-0,02451897
-0,006033645
0,01453913
0,02494372
0,0006997011
-0,01240936
-0,01512731
0,001339526
0,01161103
0,003953809
0,01217786
0,008672563
-0,01817818
0,01721629
-0,02241722
0,01481181
-0,02032638
-0,009472757
-0,03254537
-0,02348833
0,02187023
0,01258435
0,001458073
-0,007223292
0,01116024
0,008613927
-0,01085605
-0,03835591
-0,0189936
-0,01067856
-0,01853343
0,00131149
-0,03347037
0,01592159
0,02281451
-0,02831919
-0,03079422
0,007633681
-0,0008361399
-0,007691259
0,001589189
-0,003341907
-0,02060621
-0,02216555
0,01134284
0,01027054
0,01330258
-0,0006284878
0,026074
0,003546586
-0,02900691
-0,0172026
-0,001824667
0,01048641
-0,013863
-0,01170303
0,01352372
-0,01623511
-0,02860877
0,01054172
0,0160196
-0,01919672
-0,0188715
-0,01544515
-0,01458647
-0,02457617
0,006664727
-0,0105733
0,01958631
-0,02905819
0,01291355
0,001347081
0,02022564
0,0006383511
-0,001144396
-0,008865447
-0,0002593537
-0,01046977
0,007715347
-0,02673904
-0,03145923
0,02247573
-0,02856413
0,01434354
-0,005151107
-0,02501402
-0,02339239
-0,01021623
0,003888869
0,008294812
-0,01071064
0,01558386
0,006484467
0,01595633
0,004232487
-0,01197457
-0,01591411
0,02546643
0,02268227
0,003385715
-0,02848236
-0,009636882
0,008181077
0,02037593
0,01464246
-0,004592418
-0,0139311
0,01783135
-0,0300334
0,01512372
0,009364538
-0,01491127
-0,004279336
0,02190646
0,003475788
0,01748665
-0,02596695
-0,007229712
0,01319379
-0,02901424
0,02213696
-0,0197662
0,01109363
-0,02639499
0,007208568
-0,03787956
0,01917274
-0,03040416
-0,03869474
-0,01889226
-0,02316425
0,004371332
0,001391158
-0,02281629
-0,02649655
0,01170495
-0,008853156
-0,01463086
-0,02902884
-0,02963922
0,02049333
-0,01187988
-0,01103541
0,01482545
0,02341596
-0,02907046
-0,01187786
0,01524793
-0,02158663
0,01617835
-0,01831321
0,01967966
-0,02283582
0,01478785
0,003471929
0,01288596
-0,00119149
-0,006885004
-0,02783507
0,01220355
-0,006449051
-0,024768
0,01246844
0,009091398
0,001853948
-0,03043508
0,007084208
-0,02042098
0,006548349
0,01555481
-0,01312757
0,01356243
-0,01563173
0,008194887
-0,02030848
0,0007563687
0,02020747
-0,03554036
-0,02068414
0,006227488
0,006055383
-0,02332216
-0,03466044
-0,01631027
-0,02547998
-0,009134399
0,0006860927
0,02115778
0,01030187
-0,004328019
-0,014789
0,02765808
-0,01835966
-0,01291811
0,004061583
0,01178276
0,00513749
0,01032223
-0,01730296
0,02076728
-0,0083381
-0,02523476
-0,0272318
-0,0148326
-0,01065973
-0,009056129
-0,002650109
-0,008750423
-0,005677265
0,02362435
0,011937
-0,007663369
-0,02975651
-0,01310121
-0,03250722
-0,02063766
-0,02809227
-0,009928907
-0,006427309
-0,03160175
-0,008174116
0,01271103
-0,004684894
-0,02329854
-0,003175141
-0,01108754
-0,001284157
-0,03510828
-0,03170317
-0,005739801
-0,03578779
-0,01681333
0,01656706
-0,002630559
-0,009900104
0,005179302
-0,02231576
0,0122557
0,0281012
0,01656111
0,0287372
-0,0186301
-0,004493887
0,01398583
0,00997682
0,01968876
0,02662017
0,02611266
-0,01167597
-0,009718376
0,00624344
-0,02014833
-0,02063028
-0,02597622
-0,009605708
0,003047985
0,001675367
0,01634231
0,007165247
0,0210085
0,01205034
-0,011804
-0,02371513
0,01990327
0,01897272
-0,00801916
-0,002500571
-0,004173888
0,01744806
-0,01743972
-0,03500314
-0,01655587
-0,01219931
0,0003324091
-0,03287588
-0,02101112
-0,01873438
0,008771637
-0,006693002
0,006489919
-0,006410657
0,007393993
0,01019561
0,01881135
0,02747562
0,02037845
-0,02622227
0,01551197
-0,02046796
0,01991508
-0,02366139
-0,007548609
-0,02524842
-0,02317374
-0,02481827
0,008666851
-0,02805796
0,005750954
0,02437492
-0,01656626
-0,01243764
-0,004058219
-0,02776284
0,02664017
-0,01521126
-0,01653236
0,01308638
-0,002257774
0,02520075
-0,03153396
-0,01849623
0,01157709
-0,02246122
0,01960644
-0,01303769
-0,0362025
-0,003239671
-0,01854737
0,01490945
0,02096546
-0,01969899
0,005448537
-0,02011693
-0,03749503
-0,02704544
0,0002743389
-0,02581623
-0,02205346
-0,004521735
-0,01010442
-0,02178047
0,01115951
0,01934917
-0,01058043
-0,002176215
-0,02865105
0,007124349
0,0185436
0,003071001
0,01462159
-0,02090306
0,01018363
0,01891665
-0,02203026
0,008269119
-0,004470412
-0,01837881
-0,01578526
0,01895394
-0,02450832
-0,02512962
0,01464776
0,01429141
0,02712782
0,02460106
0,002092615
-0,02386838
0,02878192
0,01030121
0,003540145
0,02533948
-0,009175085
0,01820702
-0,004573938
0,01146324
-0,007525123
0,01362134
0,0131625
-0,01590606
-0,02267195
-0,01547018
0,008138745
0,00464261
-0,03287481
0,006942336
-0,001273471
0,01198596
-0,03140115
-0,01613904
0,006900398
-0,008466951
-0,03528449
-0,004436872
-0,002168519
-0,00773382
-0,001447942
-0,03047489
0,02511784
-0,00476717
0,02545066
-0,0308919
0,01025107
-0,02512713
0,02914108
0,01737003
0,01655722
0,01745269
-0,007280738
-0,005926121
-0,01754387
0,008620266
-0,006945444
0,02279215
0,00406816
0,0139116
-0,009949313
-0,02942529
0,006978814
-0,02142908
-0,01758995
0,004287691
0,02180056
0,0005442238
0,02371686
-0,02789835
0,02205993
0,02150021
-0,01323021
-0,03524054
-0,0250747
-0,01508864
0,01257242
-0,01449784
-0,01200225
-0,02558713
-0,001326968
-0,003098812
0,001830173
-0,02429567
0,01600573
0,01241634
-0,003278267
0,01428433
-0,02238373
-0,02208688
-0,02753075
-0,02264329
0,02415375
0,01265084
-0,02606206
-0,0004634392
-0,007113134
0,01745293
-0,01913285
-0,008670889
-0,02352822
-0,02349197
-0,02014702
0,02279403
0,02084187
0,02276332
-0,004375977
-0,009165358
-0,0193803
0,01797074
0,01712899
-0,03054661
-0,004069657
-0,009476009
-0,0279137
0,01037031
-0,01371488
-0,01371735
-0,02220291
-0,01025862
-0,02994417
-0,02650162
-0,01362103
0,01265884
-0,03511027
0,009991474
0,02365145
-0,0002264422
0,02237994
0,0007315186
0,01743096
-0,03927175
-0,03559867
-0,0429029
-0,03848501
-0,006535048
-0,008915061
0,01733538
-0,00221909
-0,0266115
-0,007568937
-0,02145589
0,0042024
-0,007880588
-0,01050551
-0,02696171
0,01028519
0,003570339
0,009977518
-0,009205429
-0,01772188
-0,0251152
0,006602556
0,01816755
-0,01217866
-0,02877035
0,01684372
-0,005519107
0,02191099
-0,02725589
0,0227091
0,01722557
-0,00981368
-0,001292983
0,01769625
0,01544095
0,02033328
-0,008590185
-0,01922445
-0,001592797
-0,01832568
-0,002742573
0,01591346
-0,03189125
0,02119776
0,01340413
-0,009676191
0,01827651
-0,01200324
0,01656442
-0,03930389
-0,01893022
0,01341236
-0,001983656
-0,009852157
0,01524557
-0,01243403
-0,01369692
0,0124754
-0,03002255
0,01428364
-0,02803713
0,02648073
-0,004772019
-0,01634986
0,006249337
0,01907274
-0,02403761
0,004370203
0,002806283
-0,01821662
-0,0131693
-0,01025607
-0,02028514
-0,02242878
0,01559038
-0,01405988
0,003898718
0,01920638
-0,004863793
0,00123858
0,01986291
0,02862885
0,02457242
0,02547524
-0,002443429
0,02242411
0,01550453
0,02987108
0,02255392
-0,01249754
-0,001475565
0,00648515
-0,02477454
0,008606606
-0,02913626
-0,01066243
-0,01659319
0,01100827
-0,01916415
-0,03889121
-0,02041128
-0,02224677
0,01052683
0,007650299
0,01029148
-0,03316743
0,01100769
-0,005837813
0,01193991
0,006150872
0,02172136
3,78804E-05
-0,01093666
0,003102096
0,02589046
-0,02764526
-0,02802782
-0,002687171
0,01382848
0,01352281
-0,02515025
-0,02229768
0,01157802
-0,01567723
0,0117169
0,008347901
-0,02031706
-0,004718388
0,02530459
-0,01394205
0,02170985
0,01459453
-0,002092351
-0,008366445
-0,02367978
-0,001624577
-0,02068595
-0,02080378
-0,02549881
-0,008777208
-0,0254478
-0,01798391
-0,01850116
-0,01768733
-0,008104135
-0,04047013
-0,02000795
-0,004480241
0,009352108
-0,03306968
-0,01370052
0,01314876
-0,03718481
-0,001672894
0,01725898
-0,0240975
0,002345942
0,002299434
-0,03145134
-0,02191767
0,02495437
-0,01308327
0,001444468
-0,003058221
0,01561312
-0,02513602
-0,03016893
0,02512236
-0,00704509
-0,003970743
0,02502963
0,02405179
-0,009131877
-0,009754487
0,006068327
0,01982074
0,02285342
-0,004620295
0,01399153
0,01081656
-0,01297677
0,001978039
0,006459558
0,01835416
0,02083865
0,02683831
0,01057426
0,02073805
-0,005544394
0,02328774
0,01797807
-0,0004291761
-0,02747749
0,02499778
-0,004914053
0,01231674
0,003867919
0,00878173
-0,009686407
-0,01836027
0,01715311
-0,01986828
-0,02730781
-0,01767544
-0,02801208
-0,00675782
-0,002127507
0,01008834
-0,03221989
-0,02546468
-0,00905581
-0,01896169
0,01884259
-0,0088029
0,02056842
-0,01137381
0,01070512
0,01296932
0,005668317
0,01893793
-0,005508902
-0,01916393
0,001751967
-0,0004020432
0,004883888
-0,008862322
0,0160381
-0,006853904
0,01905428
0,01643292
-0,02476174
-0,02573405
0,02482143
-0,01064652
0,01223384
0,02634522
-0,007653952
-0,01720351
0,006551652
-0,01110931
-0,01019698
0,02316971
0,01424588
-0,01704101
-0,003625373
0,001651589
0,004928801
0,00511914
-0,03801837
-0,03064306
-0,03529053
0,0159329
-0,03130419
0,002940328
0,01955613
0,01098934
0,01448946
0,008004074
0,01168686
0,02017589
0,01511811
-0,02111476
0,02225787
-0,01643767
-0,03012652
-0,01338823
-0,01199521
-0,001456783
0,00827679
0,02370742
0,02797609
-0,002137566
-0,022365
-0,01341801
-0,003849736
-0,002785249
-0,009279622
-0,01649505
0,02642826
0,02618634
0,00860787
-0,03145925
-0,01455726
0,008166921
0,01018727
-0,02444546
0,02418506
-0,0184665
-0,005849763
0,02345739
-0,02826632
0,007083001
-0,007609321
0,01129396
-0,001855466
-0,02490279
-0,03220366
-0,004204446
-0,02343515
-0,02436023
-0,02103341
-0,03046847
-0,03740276
-0,02844155
-0,02742249
0,0007052081
0,01379929
0,01679353
-0,01886016
-0,001387997
-0,004643998
0,005111527
0,01383932
0,01910358
-0,01878361
0,01452574
0,02290367
-0,01728399
0,00214711
0,02177982
-0,008281449
-0,02526947
-0,02477242
0,01419637
0,01889262
-0,01218415
0,03013488
-0,007776788
0,01126331
-0,01631849
-0,008388937
0,01462645
0,02642765
0,008828049
0,006716256
-0,00553163
0,02371542
-0,02620811
-0,003881053
-0,0291616
-0,0170527
-0,03498353
0,02304468
0,01822197
-0,007822949
-0,01167881
0,01560001
-0,001693311
-0,007847732
0,008124609
-0,02384125
0,01022698
-0,03653657
-0,0119341
0,01451368
-0,02409861
-0,03005876
-0,01573045
-0,01161601
0,02192975
0,007277794
-0,005072725
-0,01977002
-0,03104832
-0,02279913
0,01348815
0,01125964
-0,02442332
-0,01720664
0,01679171
0,02054635
0,01858627
0,01628164
0,0005691787
0,004260045
-0,008278539
-0,02308624
-0,01836164
-0,01682015
-0,01180161
-0,008502012
-0,008255537
0,01800829
0,02145275
0,02493571
0,0002038103
0,01183917
-0,001873772
0,0125672
-0,01005835
-0,01737334
-0,003931541
0,007093702
-0,002440054
-0,01197635
0,01067742
0,01332479
0,01963657
0,00552478
0,006727565
0,008881511
0,008634211
-0,0138468
0,009995545
0,02163706
-0,01028368
-0,03465663
-0,005366782
0,01642243
0,0008725033
-0,0247955
0,02442639
-0,02624178
-0,02829547
0,000176437
-0,01404429
0,01024012
-0,009811815
-0,02569115
0,004793297
0,0280966
-0,0214473
-0,01034948
0,02034546
-0,0008907183
-0,01221685
-0,02361772
-0,01790621
-0,02556362
0,01375439
0,001244992
-0,0212259
-0,00385719
-0,004447588
-0,0004075219
0,00198917
0,02572186
-0,03094263
0,02005793
-0,004044623
-0,004770424
-0,0247077
0,006973248
-0,02157793
-0,0174296
-0,01573277
-0,0122779
-0,00105747
-0,0381459
-0,03136979
-0,0305785
-0,01293762
0,01313442
-0,02728333
0,01348714
0,003360984
-0,009809448
-0,001778686
-0,02007021
0,005776693
-0,01176799
0,01983071
-0,005235338
-0,02404757
0,02790063
0,02603482
-0,001971035
0,009469915
0,003626816
0,02687957
-0,01454267
0,005506847
-0,002868149
0,008198261
-0,02491912
0,01773014
-0,001238614
-0,02361935
0,002010073
-0,02531246
0,02206003
-0,00249248
-0,02252777
0,0259049
0,003893215
-0,02579844
-0,01314893
-0,01629404
0,004634832
0,0160334
-0,02940603
-0,00867119
0,01333929
-0,02568231
-0,03084998
0,0007396901
0,004267656
-0,005970954
-0,02548447
-0,02032696
0,0144036
0,006191301
-0,03502409
-0,03106852
0,01497795
-0,003782991
-0,03757415
-0,02065042
-0,03134445
-0,03451819
-0,02305282
-0,01155115
-0,03039034
-0,0197861
0,01693943
0,02310677
0,01231273
0,000581482
0,002212002
0,02338596
0,00801871
-0,01742664
-0,02643076
0,01379049
0,02040844
0,0206113
0,01900022
-0,0142166
0,001879749
-0,004450276
-0,02778805
0,02382696
0,02076496
-0,01845763
-0,02006566
-0,02489607
-0,00941702
-0,03182833
-0,03278906
-0,03630052
-0,02975377
-0,02831535
-0,02562633
-0,0021925
0,00238047
0,004927285
-0,01209031
-4,652932E-05
-0,01941314
-0,0303452
0,01538337
-0,02892849
-0,04115287
-0,01923306
0,003157887
0,004644675
0,001230066
-0,01672949
-0,02083039
-0,03131577
0,01338185
0,0112029
0,01061652
0,006408679
0,02798629
-0,01476323
0,0003153219
0,0191337
-0,02912349
0,01087712
-0,0003864223
0,01159449
-0,00115724
0,001994277
0,01887048
0,004931102
-0,02730307
-0,001359278
-0,02793131
-0,02468341
-0,005754613
-0,01756467
0,02319721
-0,01047438
0,0007646327
0,01767344
0,02112612
-0,002095602
-0,003416729
-0,007118594
-0,006987086
-0,03258424
0,009381699
0,02225943
-0,02209713
-0,01769957
-0,01723081
-0,007157248
-0,002876155
-0,01918174
-0,02928854
-0,006033839
-0,006231163
0,001051582
0,00622445
-0,02450447
0,006199686
-0,00684758
-0,003148248
-0,02641414
0,005754658
-0,02059853
-0,01296586
-0,01963204
0,006751013
-0,0002045116
0,02021675
-0,008036247
-0,02301755
-0,02208849
-0,008440525
-0,02941928
-0,01139977
0,001029276
-0,01614286
-0,001669356
0,02737512
-0,0007829688
-0,01436229
-0,002417248
-0,0177239
-0,0006574985
0,0220132
0,007565317
0,02189091
0,01775641
0,005720178
-0,02000726
0,003562929
-0,01711519
-0,02861122
-0,009858577
0,02562755
-0,01307604
0,01603317
-0,02115152
0,005600117
-0,005327947
-0,0193426
0,0004805331
-0,01251081
0,01787354
-0,01594343
-0,01086194
-0,03587319
-0,02736735
-0,02083693
-0,03211089
-0,008137064
-0,02031744
-0,01789228
-0,016978
-0,01700857
-0,02678948
0,02316696
-0,02371562
-0,01253565
0,007360285
-0,01461908
0,01664713
0,02406997
0,00931426
0,01535523
0,01989393
-0,02747333
0,0284626
-0,02703286
0,0249624
0,00934888
0,02832468
0,01325173
-0,008610412
-0,0227715
0,003197154
0,02887252
-0,01605846
-0,02399846
-0,006184938
0,002909718
0,006041761
-0,002109639
-3,411202E-05
0,007181374
-0,01129905
-0,0360266
0,01281926
-0,02945953
0,01089403
-0,01183643
0,002048529
0,01552997
-0,03442244
-0,02038314
-0,00219979
0,01355967
0,01067677
-0,02381908
-0,00207989
-0,009537774
-0,02982317
-0,0247399
-0,01045371
-0,008262264
-0,001773003
-0,0010635
0,02300404
-0,02233403
0,01033403
-0,02654544
0,00703816
0,0289268
0,0228047
0,03026772
0,002754834
-0,01719866
-0,009544596
0,02567112
-0,008745464
0,0191194
-0,01963088
0,01623829
-0,02180762
-0,007536018
0,02782994
-0,02845402
0,008092524
-0,02449379
0,0003723914
0,009632383
-0,02361801
-0,03195805
0,001115188
-0,03388201
-0,001644567
4,043522E-05
-0,02503575
-0,02955154
-0,02355909
0,01538775
-0,0323494
0,004217683
-0,008120725
0,01106185
0,01326955
0,005095992
-0,03608273
-0,03189627
0,01037753
-0,01036321
-0,003581348
0,01939197
0,0194978
0,01322816
-0,0183095
-0,01730281
0,02734901
0,02726583
-0,002604837
-0,004260282
0,0207384
0,01776512
0,004703617
0,02677233
0,02321831
0,00499496
-0,005886936
0,02122159
-0,004836245
0,02758207
-0,02973113
-0,02037513
0,007971839
-0,005117388
0,0117994
-0,003146393
-0,01367573
-0,01446124
-0,002114001
-0,02159873
0,024449
-0,0001263583
-0,01207415
-0,02432867
-0,01879141
-0,01528188
-0,02204387
0,01620588
0,01306824
-0,02115575
-0,003872854
-0,02564235
0,00047117
0,008230986
-0,03651163
-0,02105543
-0,02913941
0,001043648
0,02488071
-0,0159479
-0,01109601
-0,0181316
0,007934533
0,01593359
-0,009459038
-0,01361123
-0,01600614
-0,005527262
-0,02812909
0,01401376
0,02945056
0,00910187
-0,00559593
-0,01483117
-0,000886032
-0,01293896
-0,004173751
-0,006089856
0,01176217
0,005884327
-0,00777179
0,002077099
-0,030505
-0,02516775
-0,008678922
0,01662114
-0,001701675
0,01866248
-0,012319
-0,0120879
-0,01437532
0,01003312
-0,01172464
-0,02090454
0,01768073
0,009588426
0,01985245
-0,001383638
0,01254036
0,01484417
-0,03838837
0,01048004
0,01096819
-0,03491804
-0,02072727
0,02015909
0,01348806
-0,01114458
-0,01390024
0,01376884
0,02037025
0,01395728
0,02006363
-0,00994117
0,02202223
0,0164076
-0,01921936
0,004197905
-0,005353388
0,004354599
0,01895648
-0,006973023
-0,0270717
0,009359837
-0,006048274
-0,01460849
-0,01345411
-0,0201019
-0,005143112
0,01539513
-0,006962017
0,01836135
0,001404588
0,01289465
0,002273958
0,006471865
0,01220428
0,0250146
0,01326711
-0,009687332
0,02611392
-0,03148296
-0,00322633
0,000338426
-0,006048922
-0,0003572195
0,0155216
-0,03432976
-0,01509883
-0,03962493
-0,01079533
-0,02236275
-0,02925507
-0,0219851
-0,02910433
0,001413384
0,004410027
-0,02487222
0,008146451
-0,0300934
0,007981419
0,004106046
-0,03143115
0,0006956152
-0,00980958
-0,03045377
-0,01974435
-0,0232224
0,01827462
-0,01482371
-0,02826384
-0,01482929
0,01694564
-0,03014393
0,006595062
0,01508527
0,02201105
-0,0008622405
-0,01904147
0,01915751
-0,006165609
-0,01697528
0,01726142
-0,01134347
-0,01890704
-0,0273728
0,008721323
-0,01644198
0,003237373
0,01749503
0,02133027
0,002143377
-0,01935542
0,009482872
0,009520839
-0,01831011
-0,03630493
0,01748849
-0,02988354
-0,01415974
-0,01515432
0,006479235
-0,02501689
-0,03582091
-0,03949255
-0,02305155
-0,004734137
-0,02597435
0,005120692
-0,010036
0,01406616
-0,01925279
0,02552705
0,02095842
0,01024292
-0,006214473
0,01863353
0,009771913
-0,00957932
-0,01180533
-0,007018744
0,02372888
0,001111516
0,02479198
-0,009454508
-0,005081993
-0,02882829
-0,02531965
-0,01420008
-0,01198865
0,01257548
0,02251991
-0,01474646
0,0133073
-0,008542737
0,005074251
0,0272861
0,01010173
-0,01567413
0,02420568
0,0004306741
-0,001839234
0,004053228
-0,02299329
-0,03162284
0,004084344
0,001329537
-0,01925405
-0,03980831
-0,02226962
-0,01250857
-0,01813898
-0,001565255
0,01381402
-0,03693633
-0,01012549
-0,02489115
-0,01622729
0,007927177
-0,001375661
-0,02151585
-0,004920574
0,02087289
-0,01055354
0,009884452
0,02391296
0,0252887
-0,01734193
-0,003283952
-0,0269508
-0,002256722
-0,02297287
-0,0083458
-0,006933629
0,0160085
0,02219778
-0,01258027
-0,01130055
0,01960411
0,008142375
0,01540603
0,006832857
-0,02855245
0,02687446
0,01824114
-0,01232862
-0,01693006
-0,009225646
0,009998287
0,02408853
-0,01104958
0,003795105
0,0234218
0,004851957
0,004845462
-0,03432729
-0,0009842255
-0,0242503
-0,009070095
-0,0297292
0,004517789
-0,01609008
0,01430762
0,0210349
0,01175171
-0,01987157
-0,03894873
-0,02251574
-0,03013058
-0,02836567
-0,02457963
0,02171844
0,0008112783
-0,0251966
0,01743361
0,003200192
-0,00756731
0,0261879
0,002348168
-0,00831193
0,009841638
0,002711931
0,001086598
0,001622956
0,009704113
0,01910252
-0,02018375
0,01049254
0,01124827
0,01096019
-0,01559528
-0,02702378
0,01758279
0,008916096
0,02223663
-0,01200196
0,0112074
-0,02763804
-0,02420523
-0,001940701
-0,01545729
-0,03431286
-0,02033886
-0,004822498
0,005952205
-0,009464673
-0,0308876
0,01586115
0,008425365
-0,03489362
-0,0002989483
0,0003156849
0,002933611
-0,03215059
-0,00960476
-0,02762602
0,01975364
-0,01288075
-0,01685105
-0,03462479
-0,02408381
-0,01312188
0,0004778838
-0,006928234
0,02367987
-0,02370929
-0,02378647
0,02141445
-0,01870245
0,0005768402
0,02291102
-0,01048402
0,02026453
-0,02508842
-0,026319
0,009359345
-0,01364651
0,02977205
0,01872109
-0,01875325
0,0114712
-0,01097153
0,02121773
0,005618984
-0,03234552
0,001811678
-0,008522897
0,009289155
-0,02337457
0,01144228
-0,007849501
-0,01308858
0,011385
-0,03329783
-0,01988542
0,02108204
-0,00773129
0,01278338
-0,003567258
-0,007551803
-0,02074166
-0,02811171
-0,001638777
-0,02109294
-0,02510022
-0,01517003
0,01669819
-0,001793029
-0,03196841
0,01689822
0,02302281
0,02202057
0,0009385481
-0,02575163
-0,01295259
0,02029015
0,0007121659
0,02779683
-0,005148986
-0,009071817
0,01564405
-0,00240845
0,01413008
0,002347921
-0,0237495
0,003298597
0,003532764
0,01575418
0,01757453
-0,02407728
-0,01766771
-0,002896602
-0,005906702
-0,01592706
0,02205603
-0,004419118
0,01039218
0,0007274881
-0,0096903
0,007235094
0,01025315
0,01355691
0,002873116
-0,01765195
0,007620367
-0,009859597
0,005988959
0,001712522
0,00532188
-0,01257981
-0,01217875
-0,0105286
-0,01429726
-0,02363664
0,01197859
0,01592425
-0,004891761
-0,03140445
-0,02527774
0,004533195
0,01163299
-0,03125352
0,01478078
0,0243786
0,00642595
-0,002313787
0,002923497
-0,009662847
-0,01659286
0,0246372
-0,0180566
0,0295266
0,006629759
0,01811719
0,008433674
0,0291995
0,02186353
-0,002755175
0,01732595
0,007084859
0,01929574
0,02576127
-0,02876358
-0,007850785
0,009330207
0,01338179
-0,02755127
-0,02232858
-0,00613011
0,02885384
0,01994949
0,0007920999
-0,01526603
0,008416381
0,01611423
0,0001833713
0,02117378
-0,0006348944
0,0003400871
-0,02427424
0,01631047
-0,01442552
-0,01477483
0,01004879
-0,02629532
-0,01201525
0,0158263
0,0003206464
0,00206806
0,01490251
-0,03428061
-0,02980093
-0,01317218
0,002031398
0,01950725
0,02298701
-0,02618289
-0,005056746
-0,01202462
0,02584055
-0,002580072
-0,005490178
0,02652947
-0,01271403
-0,02993874
0,008303831
0,01207217
0,025534
0,02676141
-0,029748
0,02882288
-0,01641609
0,01974763
0,0007976803
0,01192297
-0,004421329
-0,0004406667
-0,01949188
-0,02365218
-0,02047658
0,02014163
-0,007364452
-0,002342848
0,003523607
0,02428468
0,01245962
-0,02558938
0,002258924
0,01298866
0,01774938
-0,009178092
-0,004900574
-0,02173071
0,0002831195
0,007416262
-0,008474128
-0,01351854
-0,03158659
0,01351022
-0,0002721587
0,01105244
0,02427386
0,005908377
0,002601277
0,01791335
0,01658836
-0,01631076
0,01701118
0,02276788
-0,005397093
-0,006500622
0,02200463
-0,01188679
-0,02179304
-0,02762667
-0,02913261
0,02309952
-0,01002191
-0,01100447
-0,01974071
-0,006465603
0,02925638
-0,02587772
0,03047764
-0,003820232
-0,00494303
0,02451732
-0,02366472
0,01097128
-0,02447764
-0,03368348
-0,01058459
-0,01265481
-0,003425291
-0,01073229
0,01612239
0,00652917
0,0122208
0,004044795
-0,03379065
-0,006376308
-0,01425787
0,008035679
-0,01448568
-0,005422674
0,000802587
-0,02473577
-0,02725434
0,004228503
0,01230631
0,002436904
-0,02567588
0,01482869
0,006247499
-0,01988964
0,01623583
0,02089891
0,008821578
-0,02225509
-0,007369243
0,02331025
-0,02268627
-0,02575149
0,01342742
-0,005858513
0,02990395
-0,001522684
0,0156633
0,01220373
-0,02361951
-0,01619143
0,02626427
0,002068125
-0,02220766
0,006330455
0,0272695
-0,02261447
0,006659812
-0,007950447
0,01216712
-0,02268193
0,009730184
-0,005080648
0,02358374
-0,002786565
0,01732577
-0,00136496
0,0009116519
-0,01984148
-0,001588556
-0,03924662
-0,03378771
0,007813275
-0,01760235
-0,0209523
-0,01400597
-0,01839293
-0,03262121
-0,03420368
-0,001026319
-0,02326773
-0,003576846
-0,001962464
0,00251631
0,001146086
0,01109963
0,001629222
0,007160826
-0,02686241
-0,01667074
0,006988783
-0,01520938
-0,01644897
-0,007916794
-0,01872336
-0,02113366
0,0107671
-0,02265457
-0,01868261
0,0005796117
-0,006792197
0,01280905
-0,007575739
-0,02904754
-0,02784989
-0,02551107
-0,0240285
-0,02097248
0,02095466
-0,02464697
0,002325549
-0,03075313
0,001301868
0,01718062
-0,003636836
0,006186387
-0,02099077
0,01647387
-0,0123965
0,01143612
-0,01973013
0,01912081
0,0006402232
-0,03348553
-0,03699133
0,01014001
0,013499
-0,01202869
-0,02382356
-0,02646483
0,01415057
-0,01936673
0,02231303
0,0002113705
-0,0194762
-0,001137045
-0,02584579
-0,005176974
-0,000281915
-0,004877357
0,004409866
-0,006493327
0,01471947
0,02576663
0,009110607
0,004453127
0,01007393
-0,008063918
0,01990601
-0,0007183459
0,02377444
0,01576874
0,01263238
-0,01007893
-0,02281009
-0,008077112
-0,03041216
-0,01586374
-0,03060755
-0,01924314
-0,01952869
0,01035592
0,02500917
0,01262341
-0,01366827
-0,01905658
-0,03407476
-0,03544325
0,004058505
-0,03528591
-0,0007514884
0,01137313
-0,01794423
0,01491303
-0,02409351
0,01795608
-0,02702746
0,01051523
-0,005273622
-0,00514514
-0,02568188
-0,002434061
0,003062211
0,0125077
-0,01839058
-0,03100234
0,001595089
0,002993219
-0,009569003
0,01616115
-0,0012286
0,02028318
-0,005606083
-0,01591617
-0,01798637
0,02269971
-0,004458831
0,02944814
0,00538547
-0,0119949
-0,003350637
0,006333297
0,01033607
0,01510631
0,02153674
-0,02817722
-0,01072937
0,01274187
-0,02559482
-0,01919813
-0,02348695
-0,01807244
0,0124557
-0,0005602809
-0,0257078
0,005616435
-0,03495069
-0,02500831
-0,007202797
-0,01984774
0,01021781
-0,006287762
0,002521182
0,01422495
-0,005046414
0,005824434
-0,01088715
-0,02626147
0,01289935
-0,009965235
-0,002731391
-0,0185791
-0,01985213
-0,01974491
-0,03122217
0,0003589445
0,02197549
0,02042423
0,01822888
-0,02216911
0,009552607
0,01876519
-0,0004798997
-0,021884
0,005932344
-0,01626053
-0,02762322
0,02108809
-0,02277173
0,000178774
0,01663888
-0,02067189
-0,004849992
-0,01806643
-0,001374258
0,02337398
0,02414712
0,01425092
-0,02073768
-0,02644224
0,007902181
-0,02098252
0,022893
0,007189061
0,008701857
0,02170492
-0,03119527
-0,0007017913
-0,005072044
-0,004165196
0,009839156
-0,02726327
-0,01394292
-0,01504351
0,003352815
0,02431561
-0,033069
-0,001533542
-0,01436496
-0,0128848
0,01020607
0,003307551
-0,02941628
-0,01520882
0,00503568
-0,009485343
0,01967091
0,02574962
0,008549219
-0,02564023
0,007313234
-0,02449013
0,008018235
0,01180008
-0,001495358
-0,001619433
0,02222318
0,01824279
-0,00438858
0,01011237
-0,02184515
-0,004757646
-0,01467031
0,001793707
0,00681234
0,001081255
0,01207178
-0,02849724
0,003179322
-0,001608896
0,01983979
-0,01191133
-0,008501383
0,01673903
-0,01169925
-0,03099884
-0,02800982
0,003893993
-0,03202642
-0,01547823
-0,03349292
-0,03415948
0,0175795
-0,01075633
0,02311393
0,009845698
0,003515914
0,01088669
0,02198604
-0,02194959
-0,02564044
-0,01625241
-0,02520257
0,007915531
-0,01898003
-0,01033336
-0,01224926
-0,001075763
0,00492096
-0,02771081
0,008373533
0,01637397
-0,009616843
-0,02197814
-0,01741567
-0,01471676
0,009746958
0,01673846
-0,0128563
-0,008208199
-0,01128691
-0,01885975
0,01189964
-0,02606804
0,003029138
-0,03018861
-0,005227199
0,01460534
0,004101675
0,02524602
0,02471491
0,02660591
-0,03023949
-0,01208811
-0,01348895
0,001337768
-0,01875621
0,009364864
0,004232937
-0,03529557
0,00886776
-0,0006973232
-0,0364053
-0,0360314
0,008643668
-0,01432856
0,0126638
0,01524146
-0,01619988
0,008815095
-0,02860511
0,02044488
-0,003598066
0,00287704
0,02243349
0,02794378
0,003689189
-0,02869143
-0,02626826
-0,01973202
0,02361219
-0,0002027177
0,02429407
0,009564882
-0,02333738
0,009697591
0,009862797
0,02841458
0,01521663
0,004883589
-0,03052545
0,02115295
-0,02573481
-0,01925435
0,001396737
0,008859394
-0,02547945
0,007562271
-0,008042886
-0,01812343
-0,01738499
0,002955681
-0,004421773
0,01897078
0,01662777
-0,02999908
-0,003334272
-0,004590111
-0,008265923
-0,01517472
-0,03672621
-0,0279867
0,003399577
-0,008743378
-0,02277043
-0,01443756
0,01100995
-0,009459262
0,02376451
-0,03093323
0,008616814
0,02044443
-0,02444675
0,01233003
0,01237167
-0,01700893
0,01543229
-0,01454754
-0,02991099
-0,01728893
0,02163854
0,02436518
0,0083027
0,02103626
0,02754825
-0,01224151
0,02963065
-0,02892066
0,01850955
-0,03028099
-0,02314797
-0,02466709
-0,002235612
-0,01168556
-0,002952009
0,01366093
-0,02340507
0,001867124
0,02813916
-0,01656706
0,0240613
0,009525894
0,008776293
-0,01328297
0,0008194413
-0,01106479
-0,005289616
0,01302464
-0,02683016
-0,0002847261
-0,01589901
-0,01972343
-0,0007976685
-0,01657595
0,001768563
-0,0224459
0,0002878039
0,017172
0,00228322
0,02286056
-0,01057348
0,01301099
0,007513457
0,02699533
0,02625483
0,004921751
-0,008466221
0,01792663
-0,01620831
0,02635629
-0,02595326
-0,01931846
-0,01428141
0,01658321
-0,0126336
-0,0195187
-0,01789295
-0,01208521
-0,01291745
0,004245794
0,01735936
-0,02025978
0,02043595
-0,01984923
0,007737967
0,01927806
0,001096872
-0,02158057
0,01077829
-0,01387028
-0,02216096
-0,01640675
0,02690488
-0,0312979
0,02013412
-0,02242887
-0,0315987
0,01030253
-0,01012852
0,02659496
-0,03206788
0,01009014
0,001548916
-0,02108073
-0,002816371
-0,02364448
-0,03478748
0,01254549
-0,03144285
-0,004512184
0,02996037
-0,01195991
0,00460148
-0,03045461
-0,02278136
-0,02029703
0,02421715
-0,00264067
-0,01177923
-0,02514932
-0,02867868
-0,01836667
-0,0244545
0,02610865
0,01611991
0,01833963
-0,01887882
-0,01956812
0,02190195
-0,02481089
-0,02272045
-0,003269863
0,02353328
-0,01331882
0,002681589
-0,02531787
0,004466549
0,006092792
0,00624328
-0,003059149
0,01667409
0,01260695
-0,02470841
-0,01806739
-0,01502277
0,01689066
0,006599022
0,02512808
0,02345905
0,01190249
-0,0148245
0,004309429
-0,00483721
-0,01223799
0,02376422
0,01580763
0,003311829
0,005931508
-0,002463447
0,01595621
0,03155411
0,02184734
0,02561541
0,0243446
-0,01211324
0,002761065
-0,005879944
-0,01332378
-0,002873886
-0,02790173
0,004974634
-0,01301595
0,02175709
0,02118856
-0,01460196
-0,01440182
-0,02875309
0,0191327
0,00716483
0,02365611
-0,02347425
-0,01867152
-0,01734912
-0,0232617
0,01711469
0,0008771821
0,02792459
0,001846628
-0,01065629
0,01346616
-0,003991026
0,02183462
-0,02585073
0,01798802
-0,006254679
0,02404805
0,0172253
-0,0194715
0,02325552
0,009800136
-0,004019457
-0,009314165
-0,003004311
0,02016092
-0,02673849
-0,03471538
0,01142724
0,003800018
-0,02712608
0,01299304
0,01882853
0,01889117
-0,02729638
0,005200464
0,009524835
0,01831469
0,007323242
0,01810707
-0,02277501
0,01719585
0,004745374
0,02215152
0,02835333
0,01460336
0,005357616
0,01143589
-0,02068842
-0,02951238
-0,006658226
-0,01353065
-0,005345048
0,01581394
0,020304
0,02194399
-0,005887101
0,01122716
0,009696261
-0,0143835
0,02727075
0,01562031
0,01552637
-0,01087031
-0,00440518
0,004307204
0,02218483
0,004203951
0,01655209
-0,005618872
-0,02565618
0,00342205
-0,0136438
-0,03301203
-0,02740226
-0,02497231
-0,02566868
0,001327819
-0,0070853
0,01497035
-0,01014744
4,964286E-05
0,02384658
0,01610565
-0,0153626
0,01835705
-0,01225994
-0,02840707
0,02823327
-0,01855888
-0,01973674
0,02759616
-0,02133349
-0,009314813
0,02173865
-0,007686724
0,03058906
-0,01630809
-0,007228315
-0,009526391
0,01946355
0,02688123
0,01986486
0,007574934
0,02006916
0,01386655
0,02471327
-0,009792225
0,006964726
0,008462368
0,009747519
0,01857482
-0,01606612
0,01911415
0,02334515
-0,005501687
0,02027955
-0,03174969
-0,02835287
0,004766461
-0,01662449
0,01786744
0,004617269
0,005802292
-0,01477443
-0,02204633
-0,004630712
-0,03297944
-0,0221652
0,0133211
-0,01846652
0,02885818
-0,01512007
-0,02408294
0,02949177
-0,005466474
0,008930502
-0,01476484
0,02441244
0,0002031607
0,02282656
0,0266552
-0,004834521
-0,01070488
0,0007735266
-0,008957535
0,01091828
-0,01305011
-0,005959734
-0,006818019
-0,00049234
0,02778187
-0,02359233
0,0118466
-0,02929762
0,02726083
-0,01482468
-0,02088677
-0,0157569
0,004553208
-0,01802895
0,02455789
-0,02182756
0,01843919
-0,006994933
0,0108216
0,002353671
-0,02415468
0,01958446
0,0007432117
0,01763821
0,004918782
-0,02487114
0,003688474
0,01372846
-0,01103563
-0,005859837
-0,01074218
-0,02298341
-0,03011895
0,003538388
-0,01570847
0,007206578
0,01838532
-0,01281629
-0,01590675
0,02145978
0,002473248
-0,02520701
-0,02846885
-0,02209796
-0,001207246
-0,02997905
-0,01030249
-0,01284383
0,02809526
0,01664711
0,00407363
0,02221479
0,01713698
0,01557686
0,0001319781
-0,006351857
0,02167832
0,003827885
0,02190924
0,01986811
-0,0006565613
0,02305252
0,007629698
-0,001570808
0,02517922
-0,03040996
-0,01925383
-0,03184982
0,02755827
-0,01414675
-0,01114536
0,001173513
-0,01810824
0,02096564
-0,02878783
-0,02759874
0,01931667
-0,007942404
-0,01107662
0,004640954
0,01637055
-0,01107916
0,02142796
0,008015972
0,02352725
-0,0004678687
-0,007010247
-0,01333203
-0,02623292
0,02126538
0,01597906
-0,01471431
-0,00469638
-0,005272476
-0,008340326
0,009020066
-0,00245682
0,002589933
-0,01631399
-0,001914841
0,01758071
-0,01189591
-0,01260093
0,008783928
-0,005547976
0,02926254
0,008900848
0,02411665
0,01193252
-0,005756534
0,001925913
-0,003407929
-0,01774619
-0,01614028
-0,02885459
-0,02118739
-0,02866045
-0,03083576
0,004547001
-0,006655189
0,007006434
0,02601227
0,02709019
-0,02193927
0,002838804
-0,02581309
-0,02210209
0,01782749
0,0003976014
-0,006580872
0,007573904
-0,01062577
-0,01898772
0,02331999
0,02005635
0,0007869907
-0,02672762
-0,0173753
-0,017071
0,02501694
0,02176222
-0,0005825405
0,005038538
0,01030012
-0,01082455
-0,01079656
-0,02750071
-0,01934866
-0,006531274
-0,01764925
0,0068249
-0,002938729
0,02667649
0,01857586
0,01969742
0,02043245
-0,009613701
-0,02204188
-0,02492781
-0,01204653
0,0196865
0,01981392
-0,007963402
-0,01370268
0,01638712
-0,01794411
-0,01534916
-0,01126629
-0,006718405
-0,0001789858
-0,02446921
0,01913111
0,01715794
0,01074534
0,00335877
-0,02186283
-0,007794497
-0,01321907
0,01964418
-0,01637773
-0,02644647
0,02957647
-0,00456989
-0,01064028
0,01894391
-0,01849353
-0,006377381
-0,006911251
-0,0266198
-0,03002547
-0,01978116
0,02513179
-0,02272838
0,02575636
-0,02429527
-0,02839138
-0,02304218
-0,01208511
0,02409805
-0,02354438
-0,02639735
0,01348073
0,01634172
0,02251384
-0,02429374
0,01711251
0,009296443
-0,01532139
-0,01615189
0,01055271
-0,002548489
-0,02796157
-0,01173573
0,02158636
-0,0162385
0,02038545
-0,006184234
-0,02775738
-0,002332101
0,003578707
0,01808891
0,02201302
-0,01499576
-0,005959262
-0,009394545
-0,01881433
0,01213342
0,02300498
0,006145115
0,002560854
-0,02771855
-0,02528241
-0,005377352
0,01417304
-0,01920632
-0,008691083
-0,01638864
0,003913576
-0,01634838
-0,02825229
0,002597089
-0,02151182
-0,02071803
-0,005897658
0,003360567
-0,02185547
0,007149794
-0,01318063
0,01195229
-0,01407668
0,008188915
-0,02583988
0,01961544
-0,01100596
-0,01263416
-0,01855062
-0,00234174
-0,008531148
0,001129781
0,02442444
-0,02575712
0,01682452
0,009238715
0,01196478
0,00813307
-0,007701037
0,007561203
0,004019827
0,0100834
0,0226256
0,006370219
0,02027887
0,01908095
-0,003561703
-0,02793734
0,01067962
0,01353662
0,02226699
0,0218981
-0,01775503
0,004837478
-0,003996007
-0,01891328
-0,009602204
0,02523429
0,02900275
-0,01372921
-0,02404946
-0,002978916
0,03033087
0,02425622
0,02236779
-0,02721692
-0,01019289
0,0280216
0,01639206
-4,605708E-07
-0,001940002
0,01654498
-0,01907543
0,001105822
-0,02719402
0,007085177
0,01940444
0,00973701
0,01820609
-0,01485551
-0,00740686
-0,01326686
0,006794105
-0,001796964
0,00561579
0,0002440247
-0,01173176
-0,01062803
0,009011468
0,005823586
-0,01096534
0,01719298
0,009674134
-0,02358622
0,001836674
-0,02279843
0,01039048
0,02934539
0,01463846
0,01789642
-0,0002025717
-0,0004911661
-0,0138137
-0,01913286
-0,01447351
-0,02393587
0,01113622
0,01254632
0,002545776
0,01966661
-0,007696183
0,01126632
-0,02278579
0,0137728
0,0240648
0,01985443
0,02072747
0,00175333
-0,0116772
-0,007942939
0,01508058
-0,02964491
-0,01075017
-0,0192428
-0,01888832
0,01154396
-0,02329739
-0,02546288
0,02995588
0,02608539
0,0270245
0,02048422
0,02532018
-0,02969255
0,01571262
0,02342273
-0,02983737
-0,004221865
-0,01694596
-5,049856E-06
0,01996775
0,006374477
0,01735486
0,01980166
-0,0167893
0,008258983
0,0100687
0,02676134
-0,01731807
0,01231604
-0,012926
-0,02115835
0,01099729
-0,007171286
-0,02726966
-0,0004994659
-0,01971625
-0,02421204
0,03058944
0,004569334
0,0298226
0,006503337
0,01320944
0,006983477
0,02319316
0,00258674
0,01649861
-0,02317982
0,02856307
-0,02940768
0,01969364
-0,005141302
-0,01120579
0,01894814
0,002688844
-0,02128279
-0,01658333
7,602228E-05
0,02819381
0,003448765
-0,02844132
-0,01933554
0,02229596
-0,01258429
0,008817323
0,01807903
-0,02075281
0,002380179
0,02815612
-0,01382036
0,01300507
0,02488319
-0,004190403
0,008921905
0,0007682768
-0,01665762
0,02376017
-0,01943999
0,0271569
0,01104856
0,02234281
0,003089118
0,02873241
-0,01774221
0,02347942
0,022983
0,0206969
0,02284749
0,02086122
0,02471
-0,01382977
0,01092374
-0,02180791
-0,002912411
0,002980589
0,01916805
0,01480226
-0,004216775
0,02877523
-0,02492874
-0,006677418
-0,01590588
-0,02072518
0,01232778
-0,01195366
0,02531264
0,02956313
0,01039547
-0,01181213
-0,01079134
-0,01443575
-0,02714367
0,003493896
-0,01300253
0,01167754
-0,0009884313
-0,01747007
0,01003094
-0,005377992
0,0164133
0,02793924
-0,0130371
0,01219456
-0,02648653
-0,02989818
-0,0277949
0,01683474
0,02938857
-0,02400082
0,01216779
-0,0007347346
-0,001972674
-0,01757147
0,02212751
-0,01213887
0,008261168
-0,006111864
-0,01358244
0,02485096
0,02874281
0,0240383
-0,01968715
0,004676786
0,001637164
0,009101924
-0,01670961
-0,02259303
0,02179111
0,01601477
-0,02602964
0,006655424
-0,02522058
-0,02882131
-0,01765564
-0,02235858
-0,02368674
0,002533151
-0,02420402
0,01224853
-0,01419838
-0,02147485
-0,02983809
0,004381782
0,006610086
0,020521
0,01817335
0,02107203
0,01198626
0,02977645
-0,02659339
-0,02488169
0,02673409
0,01578329
-0,003528765
0,02299428
0,01771474
0,0129351
-0,01950096
-0,005044607
0,01739849
0,02544596
0,02561194
-0,01659822
-0,0279592
-0,02447315
-0,005489746
-0,003186397
-0,02995404
0,01447618
-0,01845549
-0,02425815
-0,01191321
0,004751004
0,009026913
0,02020485
0,02388495
0,006541652
0,02868559
0,01172675
0,02154291
-0,007172774
-0,003968033
0,02264271
0,01260271
