0,01610119
0,00269989
0,00516054
-0,01432373
-0,01304277
-0,002225762
0,01752744
-0,01594448
0,02588551
0,02773023
-0,01830105
-0,01361899
0,009171931
0,01976634
-0,02029573
0,005956319
0,001514797
0,003264905
0,01034847
-0,02178764
-0,004135474
0,02242966
-0,008776843
0,01023396
0,008091615
-0,021529
0,02027454
-0,01256783
0,02821587
-0,009490142
0,004039153
0,01041947
0,02917054
0,03030429
0,01647781
0,007605617
-0,003358963
-0,01540785
-0,03005032
-0,006598927
0,01865896
-0,01582229
-0,02715302
-0,01778454
0,02412325
-0,002249975
-0,02805778
0,02436953
-0,01057761
-0,01541448
-0,004582861
0,01384835
-0,008491983
0,01058018
-0,02709264
0,02407841
-0,01988841
0,02559408
0,008288697
-0,02389151
0,008020985
-0,0007225009
-0,01438347
0,005123531
-0,006495728
0,001728186
-0,01223912
0,009649936
-0,02639987
0,002298184
-0,02086927
-0,01312824
0,002892925
-0,01339999
-0,009978628
-0,01846046
0,01893348
-0,02156902
0,01645233
-0,0192473
-0,02378312
0,02537454
0,02679399
0,0130271
0,02432535
0,01969054
-0,01156603
-0,01419192
0,02732689
0,02242531
-0,003533783
0,001594328
0,006920133
0,02394774
0,016009
-0,01140457
0,02861553
-0,002062105
0,01911457
-0,007680297
-0,01991173
-0,007013755
0,02009368
0,01562644
-0,02425963
-0,02266385
-0,01953449
-0,02438378
-0,01135404
0,02101916
-0,02504319
-0,02785803
-0,02169308
-0,002985329
-0,03057052
0,01219048
0,00204736
0,002849792
0,01028987
0,003660392
-0,01631825
-0,02801831
0,012979
-0,01876538
-0,02435394
0,00689945
0,009851208
0,008018217
-0,0005150388
-0,02854852
-0,01973011
-0,01124997
-0,01195319
-0,007267534
-0,03138723
0,01048465
-0,02726246
-0,02268702
0,008033453
0,01609173
0,009462989
-0,01744422
0,02351095
-0,02538758
0,01784146
-0,005935429
-0,007256375
-0,02100043
0,02344953
-0,02625231
0,01719789
-0,004308323
0,01480438
-0,01809538
-0,02248567
-0,02417092
0,009951716
0,007822007
0,006729421
-0,008554881
-0,006881897
-0,002028313
0,002134678
-0,012326
0,004928801
0,01065178
0,01080949
0,01453356
-0,003185832
-0,01332541
0,005980799
-0,0101184
0,02108902
0,02036112
0,020515
-0,03784758
-0,02894071
0,001381496
-0,01324465
0,000297696
-0,02626483
-0,01417438
0,00178472
-0,008255181
-0,02462488
0,01562756
-0,001243533
-0,02955246
-0,01991241
0,01733044
-0,02862182
-0,006943867
-0,001492491
-0,0206546
-0,01269135
-0,02272403
0,008554846
0,001842021
-0,003074471
-0,02557689
0,01213284
0,008040873
0,01294326
0,005079128
-0,004566536
-0,01126343
-0,002146236
0,02153931
-0,01960518
-0,03245492
0,02449741
-0,04258432
-0,02205388
-0,03319409
-0,02741036
0,02545916
0,01023252
-0,02707657
-0,02677569
0,01646488
-0,02644876
-0,0006036591
-0,01371048
-0,01449221
-0,03807785
-0,04071205
0,003433404
-0,008534418
-0,01975852
-0,007993209
-0,04517983
-0,02341643
-0,0437455
-0,03430954
-0,05460535
-0,003506391
0,006330941
-0,03439932
0,01513776
0,00680367
-0,03011166
0,003929786
0,0126182
-0,02334034
0,02132528
-0,03007455
-0,01853672
-0,00110941
0,02773418
-0,008916359
-0,007469599
0,0008920241
-0,00994108
-0,001014467
0,01141344
-0,06171681
-0,060004
-0,04085832
-0,009427026
-0,02225745
-0,02296546
0,01393916
-0,02337209
0,000889954
0,004241833
-0,0079438
0,02246984
0,01538196
0,02897726
0,0003309766
-0,04276624
-0,01881597
-0,04707823
-0,03942627
-0,03063502
-0,03672274
0,001624166
-0,04466592
-0,01848925
-0,07966307
-0,05531481
-0,08389717
-0,04622943
-0,08098596
-0,05356819
-0,0262882
-0,04919628
-0,02483381
-0,0395363
0,004406242
-0,01976633
0,003396195
0,01514873
0,004597163
-0,01945748
-0,007561429
-0,01610941
-0,02675825
-0,009058189
-0,0005374999
-0,01888027
-0,01510466
-0,02032045
-0,006643274
-0,02679031
-0,02809435
-0,04925451
-0,0662054
-0,05091665
-0,05656288
-0,05563252
0,01558353
-0,0003568183
-0,04178815
-0,04005044
-0,0330397
-0,006547135
-0,0166399
-0,02062215
0,02513197
-0,02965496
-0,0447841
-0,01096246
-0,04494413
-0,07654292
-0,04544019
-0,004177516
-0,05426027
-0,0455186
-0,07960859
-0,1318721
-0,08032545
-0,06416099
-0,06839854
-0,1086665
-0,009544061
-0,01280148
-0,07543807
-0,06003838
-0,03108737
-0,05026757
-0,05827954
-0,02158814
0,01199204
-0,0009090048
0,007019055
-0,01695239
0,0011712
-0,008601858
-0,02434499
-0,002801337
-0,02367676
0,01069176
-0,006546547
-0,07203946
-0,04578437
-0,04639562
-0,1006
-0,08708116
-0,033294
-0,04510149
0,01742218
-0,004289835
0,04889316
-0,0135814
-0,01695822
0,02240642
-0,0442288
-0,006637248
0,02637352
-0,01571897
-0,01265866
-0,04724575
0,02050211
0,01009757
-0,003152495
-0,01420028
-0,0816317
0,009493052
-0,04503503
-0,1062216
-0,163705
-0,1426483
-0,0816147
-0,08313874
0,05571389
-0,04813365
-0,06588966
-0,02949201
-0,09977096
-0,05788529
-0,05478084
-0,05634664
-0,04899045
-0,01010949
-0,008759013
0,02299765
0,002069533
0,01656894
-0,004803933
0,02613346
-0,01750693
-0,03409459
-0,01459443
0,006947623
0,03654084
-0,09085562
-0,1081349
-0,03720725
-0,09232814
-0,02425506
-0,06528065
-0,1249302
0,01629096
0,04729271
0,01819843
0,03778647
-0,01670205
-0,009384722
-0,04562099
-0,03141445
-0,05747629
-0,03961112
0,003876029
-0,001660989
0,04893559
-0,03318467
-0,01713979
0,03920535
0,02519038
-0,09796178
-0,1199675
-0,1382037
-0,08452879
-0,1162515
-0,002940752
-0,02256939
-0,08224583
-0,146202
-0,08055271
-0,03860698
-0,04767993
-0,03319434
-0,003204245
-0,006524039
0,003128334
-0,01242186
-0,01439347
-0,003269469
0,02529183
0,004450666
0,02547022
-0,05081141
-0,02976838
0,002164548
0,03378808
-0,1359269
-0,2197061
-0,0445939
-0,04444275
0,03995391
0,02525077
-0,06018185
-0,1035456
0,05416371
-0,008641358
0,01300801
0,03346141
-0,03261475
0,02534907
0,05630647
0,06337532
-0,00286227
-0,08785614
-0,08940278
-0,08237609
-0,02115973
-0,09343898
-0,0617605
0,04649199
0,07369851
0,0485138
0,02778159
-0,01667686
-0,04699063
-0,07876191
-0,008052713
-0,01619807
-0,1401639
-0,1350558
-0,06023183
-0,07595026
-0,04641184
-0,03247387
-0,02294483
-0,006591625
-0,006046481
0,005659402
0,01427312
0,02741545
-0,01759723
-0,0008374602
-0,04076957
-0,08934631
-0,01947574
-0,08132572
0,0163697
-0,1094603
-0,1574991
0,002686464
0,02098654
0,0684052
0,06491695
-0,05947821
-0,01490197
0,06634758
0,06033006
0,01994868
0,02777621
-0,01651974
-0,009528716
0,04819372
-0,01203052
0,01235164
0,03788815
0,03307225
0,04829075
0,041393
0,008239213
0,1436888
0,08218661
0,02054572
0,02766539
-0,02650544
-0,1392865
0,03702874
-0,06709146
-0,06207246
0,05769216
-0,07179653
-0,04664714
-0,07117126
-0,03394664
-0,009881801
0,02191276
-0,03383126
-0,005050385
-0,00132386
0,01133867
-0,00619879
0,006405523
0,02549298
0,03123886
0,003633233
0,06473321
0,04494176
0,00801135
0,00850632
-0,05657439
-0,0692334
-0,07635347
-0,04391751
0,0581704
0,02253131
-0,01468213
0,001870074
0,004446271
0,02146871
0,05593513
0,06659123
-0,003864211
0,04438622
0,0101852
0,1077547
0,1964642
-0,03483822
0,02648467
0,02986278
0,04051787
0,04163484
0,05604558
0,04927195
0,06677894
0,1299938
0,09589958
0,2011226
0,03244938
0,03548615
0,007907132
0,0251465
-0,03245217
0,01363812
-0,0239094
0,04332038
0,03761041
0,008916504
-0,01752531
-0,01691378
0,03387306
0,04672571
0,008216672
0,01967803
0,01662376
0,0121912
-0,05569971
-0,03626953
0,02739662
-0,0001974361
-0,02559583
-0,01096609
-0,04006524
0,02708784
0,06089463
0,0858473
-0,01187712
-0,08625941
-0,09440756
-0,0252606
0,07983965
-0,01572388
0,04362725
0,1457133
0,07573261
0,01023415
0,07072838
0,07696631
-0,06285129
-0,01535589
-0,0816941
0,03467286
-0,02191245
0,1004494
-0,04600058
0,06768703
0,1331924
-0,02159079
-0,04762818
0,00670479
0,02793851
0,0607206
-0,01503352
0,01854684
0,01120993
-0,07316303
0,01918722
-0,0346712
-0,01771962
-0,01154026
0,03548302
-0,01267793
-0,02281872
-0,009112336
0,02806317
-0,05611207
0,004403816
0,09911893
0,07981014
-0,07569433
-0,08767557
0,086757
-0,03042506
-0,106956
0,1271659
0,003457952
-0,03681735
0,07089255
-0,006885284
-0,06038991
0,003627995
-0,09667529
0,07353987
-0,0843187
-0,07246039
0,001160557
0,1478512
-0,07505456
-0,04936808
0,06241251
0,06428391
-0,04271206
0,04567434
0,07637536
-0,1118703
0,1764353
-0,06982449
-0,2065235
0,05990589
0,08277915
-0,08112443
0,08206739
0,1326778
0,1592733
0,03146693
-0,003322016
0,06562885
0,04284827
-0,0123614
0,00589317
-0,000306883
0,02214891
-0,006018628
-0,01730295
0,04826086
0,007499545
0,1041505
-0,1394045
-0,01277736
-0,03075354
-0,06269419
-0,007069344
-0,02463818
-0,05879304
-0,05683687
-0,004238463
-0,02455176
0,1018741
-0,03691963
0,04531597
0,01727154
0,08171978
-0,0335696
0,02704792
0,08177036
0,1212244
0,007464242
0,01493811
0,008995993
0,004496039
0,2947335
0,004940461
-0,004443604
-0,02413147
0,0057429
0,03661923
0,05786054
0,1332884
0,05193325
-0,1088429
-0,140526
-0,08286448
-0,08450251
0,07004962
0,05762035
0,09830577
0,03933288
0,0771382
-0,0270606
-0,02700593
0,01243953
0,005530427
0,02336923
-0,0144338
0,0148589
-0,01530946
-0,03222007
0,09769008
0,001028518
-0,07345761
0,007056156
-0,03523854
0,09435984
-0,001972518
-0,02453058
0,06689525
-0,0850592
0,02770849
-0,00621002
0,09602208
-0,005392532
0,1148192
-0,04727326
0,04910882
-0,05225476
-0,03088734
0,03570507
0,2360681
0,08116397
-0,1129479
0,08323232
-0,1410695
-0,1420557
0,09398878
-0,007660919
-0,1509472
0,02114292
0,05381833
-0,002927896
0,01143972
-0,01956486
0,07003882
0,01988745
-0,03432986
-0,07180709
-0,09931678
-0,05700187
0,05519563
-0,001099087
-0,001519579
0,03977453
0,02378129
0,02361816
-0,008531056
0,01133857
-0,01997641
-0,05865154
0,1452665
0,03006698
0,02465311
0,01191087
0,02172736
-0,1517256
0,07347106
-0,05267158
0,009445445
0,007803553
-0,005044822
0,0753023
-0,1183831
-0,05426409
-0,08452202
0,05704014
0,08141054
-0,006793492
0,04588325
-0,07343877
0,05367343
0,03799655
0,02226557
-0,06840967
-0,003184447
0,06241595
-0,03181952
0,2246976
-0,0414026
0,04849784
-0,103878
-0,1111441
0,1146236
0,08398758
0,01500627
0,02972476
-0,07208659
-0,03342831
-0,02229101
-0,04559717
-0,03753078
-0,02490612
0,007721209
-0,00177148
0,01850297
-0,02946148
0,01962132
0,007143043
-0,01688242
-0,0528358
0,1175635
-0,04404426
0,01587224
-0,07543564
0,06864175
-0,05369914
-0,0247614
0,1296394
-0,02999949
0,01305174
0,05788238
0,00604997
0,06431219
-0,04872553
0,01280994
0,1101376
-0,007706847
0,01351331
-0,01713853
0,1241749
-0,1121154
0,1550836
0,01443193
-0,01404008
0,125873
0,07401172
0,1071047
-0,04069454
-0,026231
-0,1160915
0,06149747
0,1075608
-0,166841
-0,05548419
0,02697876
0,04953377
0,05921295
-0,061101
-0,04924656
0,01617156
0,07612181
0,02333759
-0,01309086
-0,0007115483
0,03994287
0,01910998
0,02565356
-0,01347446
0,02726587
0,08686876
0,09165157
0,1747405
0,01153288
-0,0688893
0,07277519
0,08778928
-0,05666993
-0,1281043
0,04865167
0,06389776
0,1535855
-0,05929766
-0,0004838487
-0,1435726
0,05061225
0,02420218
-0,141635
0,007580631
0,1322284
-0,05609806
-0,004607106
-0,1060953
-0,0129946
0,03448834
0,05872074
0,003629052
-0,07265306
-0,02063965
0,03735885
0,1249091
-0,08285032
-0,08591394
-0,1204016
0,02518393
0,1794795
-0,08880963
-0,02878129
-0,03347621
0,02004532
-0,009265253
0,04940399
0,03556982
-0,001972668
-0,01926698
0,01597762
-0,004000483
-0,02199133
0,005151509
0,01033144
0,05719765
0,03190036
0,1009547
0,09890869
0,07371473
0,0122257
0,1590167
-0,00636436
0,05022496
0,04674064
0,05607614
-0,05462809
-0,04530215
0,07574896
0,06089263
0,05171061
0,03534091
0,1650874
-0,003583753
-0,04872695
0,04484511
0,1982782
-0,05080024
-0,103382
0,1572718
-0,1117778
0,05081361
0,1761072
-0,05970433
-0,08630153
0,1351449
-0,006870396
-0,0236215
0,1331419
-0,03697502
-0,0966422
-0,05031541
-0,006579424
0,06376895
-0,07121753
-0,04171005
0,002618561
-0,01275737
-0,009712311
-0,003430401
0,03485699
0,007275671
-0,001256623
-0,02389842
-0,04914613
0,014667
0,09158358
0,06652546
0,03425466
-0,01377617
-0,02349166
0,0005460787
0,1755286
0,08226915
-0,03467592
-0,01509386
0,06292733
-0,02009849
0,05706668
0,1524971
0,1418894
-0,09469644
0,03332113
0,06865046
-0,06360486
-0,0176635
0,0476096
0,1004998
-0,03155775
0,01717357
0,1058469
-0,1769641
-0,04405539
0,02450798
-0,1225077
0,1686576
-0,1079846
0,1151233
-0,03762805
-0,05414149
0,01578923
-0,003134408
-0,05220138
-0,06729647
-0,01074819
-0,02661015
0,09887254
0,03812582
0,02645196
-0,01219414
0,04503378
-0,02345546
0,01395402
-0,008731945
-0,03843384
0,02267954
0,1339355
0,1016089
-0,08394408
0,06175306
0,03112485
0,02655773
0,1025032
0,1566704
0,07080647
-0,01762054
-0,1380776
0,1930808
-0,04986246
-0,1125892
0,07958896
0,05201389
-0,02735466
-0,1462368
-0,01705389
0,09288412
-0,07718983
0,06986532
0,02785669
0,009363032
0,08160703
-0,04390228
-0,1452324
0,0455148
0,01198849
-0,04991581
-0,08237476
-0,1220877
-0,008942134
-0,01490929
0,09979164
-0,08191722
0,08041576
-0,002554789
0,06390231
0,0287115
-0,06701016
0,01182503
-0,02425194
-0,003007205
-0,0221587
0,02087375
0,02248988
0,01845289
0,04463555
-0,00340575
-0,04823944
0,07514066
0,04887607
0,05106594
-0,07124833
0,006244962
0,03284124
0,05872464
-0,02470216
0,165129
-0,03937528
-0,03386187
-0,004066188
0,1322398
-0,1372498
-0,03078952
0,06122729
-0,01907776
0,008953303
0,1123201
-0,01074934
-0,07504826
-0,07517897
0,08817645
0,02106798
0,02180415
0,1032216
-0,005022724
0,1118278
-0,0917391
0,03953044
0,08732574
0,1538785
-0,08137874
0,07655424
0,01131908
-0,04105185
-0,1071842
-0,01628653
0,05380302
0,011097
0,01792971
0,03006894
0,02758518
-0,0008636086
0,0288437
0,02857169
0,02892769
-0,02812526
-0,02542722
-0,1479048
0,01782714
-0,07102983
-0,1749815
0,01043331
0,05769622
-0,07816224
0,0007490766
-0,02068448
-0,02150868
0,06591728
-0,007687152
-0,05369653
0,02373809
0,02859247
-0,07273809
0,06963603
-0,04009039
0,007917802
0,03962735
0,1300107
0,02610235
0,03271997
-0,008154264
-0,06762004
0,027373
0,07409982
0,002447187
0,03409734
-0,019533
-0,05626125
-0,1147607
-0,1411674
-0,1009001
-0,02307852
0,1797165
0,08712372
0,1389215
-0,04265166
-0,00291282
0,01367232
0,04884648
0,01953079
-0,02301074
-0,01533677
0,02980549
-0,006190993
-0,001240683
0,05167864
-0,08734249
-0,1667838
0,04283926
0,01534236
-0,07274327
-0,01650538
0,1090668
-0,1897582
-0,0836058
-0,05675692
-0,09457564
0,03609951
-0,0962292
-0,01234606
0,0240658
-0,05391798
0,01710149
0,01913587
-0,04456651
-0,02705326
-0,07969746
-0,03127229
0,08739378
0,09937886
-0,06068383
0,04101017
-0,0009858197
0,002394434
-0,05739493
-0,05404805
0,05507445
-0,03443248
-0,02812989
-0,1027209
-0,0592902
-0,003721796
-0,005545716
0,1517011
0,1464423
-0,1164266
-0,08626097
-0,00590185
0,01265142
-0,004387958
-0,02916736
-0,05086258
-0,002702769
-0,00999754
-0,003599273
0,07043546
0,06743271
0,03981886
0,01724458
0,02930963
0,03467895
-0,01327455
0,08033299
-0,2135456
-0,03591155
-0,04388677
-0,1500675
-0,002181469
0,0465581
-0,03188606
-0,07092769
0,06325288
-0,1576158
-0,01114911
-0,02149927
-0,05836793
0,1163124
0,004188724
-0,1059213
0,1147197
0,03024149
-0,1322893
0,01957726
-0,07473503
-0,07055924
-0,05661713
-0,0342849
-0,005934154
0,02565243
0,01916032
-0,005310285
-0,1354242
0,05555013
-1,077919E-05
-0,04817377
-0,1094017
-0,04569473
0,02009758
-0,007710489
-0,0666891
-0,03773494
-0,02324202
-0,02457502
-0,01190944
0,03589954
0,05536361
-0,07750386
-0,06406777
0,004609971
0,01434935
0,0381017
0,09237729
-0,1528572
-0,1334715
-0,00200232
0,05320522
-0,07045548
-0,05070499
-0,009377913
-0,09991625
-0,06645665
0,01929979
-0,06803659
0,003021623
-0,06480308
0,01406392
-0,1866805
-0,02717117
-0,03039647
0,03652628
0,1332988
-0,1107426
-0,02296872
0,0660794
-0,1448387
-0,04183422
0,0471656
-0,04839285
-0,04042824
0,1320011
0,01672863
-0,0957001
-0,03190351
-0,08931295
0,008864635
0,004210475
0,05113053
-0,04635663
-0,01921869
-0,01796744
-0,0135958
0,002668771
-0,008832596
0,001714938
-0,01517067
0,02398057
-0,01183523
-0,01633322
-0,05074889
0,08916724
0,07581782
0,1648407
0,001047596
0,07430265
0,1162144
-0,0281251
-0,1199025
0,08321429
0,07928992
-0,05116062
0,03809291
-0,008503672
-0,05463266
-0,03981584
-0,01153535
-0,02355258
0,006206604
0,08973975
-0,06825314
-0,02718017
0,0531286
-0,08086099
-0,005715635
-0,03622277
-0,05997919
0,01263202
-0,06214063
-0,0989695
-0,02513586
0,03863025
-0,1398734
-0,09137148
0,05846494
-0,07697242
0,002467238
-0,04741554
0,1092207
0,008817696
0,03028223
-0,07010865
0,007648106
-0,0002676812
-0,001563339
-0,006888632
0,03611626
-0,01650969
0,05660251
-0,0009310049
-0,08856781
-0,04713932
-0,08344501
0,08297443
-0,05834873
0,01097972
-0,04120904
-0,0576037
0,1632554
0,02367691
-0,04617179
-0,000417237
0,09967078
-0,168914
0,05973151
-0,1431982
-0,01453833
-0,04876408
-0,1064466
-0,006415847
-0,01329701
0,02178922
-0,124484
0,06297948
-0,03097427
-0,1603706
0,1747081
-0,1350148
0,2362956
-0,1458881
0,03189368
0,1025897
-0,0284551
-0,1234632
-0,02875541
-0,01301435
0,01146982
-0,01501027
0,05895954
0,005101495
0,0171999
0,03056916
-0,02325013
-0,04179998
-0,008960409
-0,02182186
-0,03339974
0,09508281
0,09114601
-0,0563146
-0,1423707
-0,1249322
-0,06667101
-0,1029179
0,0604905
-0,1244079
-0,0004945208
-0,0956722
-0,01975733
0,01125601
0,1034645
-0,05411637
0,03362954
0,1501381
-0,08058124
0,1510204
-0,01618925
0,03898798
-0,09606532
-0,05728493
-0,04716626
-0,07985561
-0,1270879
0,09822781
0,09677918
-0,1751677
-0,006399783
0,1052829
-0,03948689
0,01722976
0,06115651
-0,06609583
0,03636249
0,06332882
-0,1627583
0,08560993
0,005694231
0,1168559
0,07482759
-0,0127869
0,004800059
0,01091259
-0,003463377
-0,01843148
0,02463479
0,0503899
0,1358947
0,04057198
0,01178147
-0,03392205
0,01716937
-0,05562121
0,08813279
0,08818366
-0,08645746
-0,1624706
0,1506649
-0,04693203
-0,1147519
-0,02113061
0,05484029
-0,08626477
-0,0158764
0,127876
-0,1248654
-0,007173891
-0,1028475
0,0100215
-0,1834804
0,04180402
-0,08514021
0,108104
-0,1853833
-0,1137582
0,04137931
0,008336421
0,06037178
-0,1594354
0,1701439
0,08175248
0,005942987
-0,01079487
0,2072526
-0,01704837
-0,03443232
0,05694723
-0,1238264
-0,03639087
-0,02580509
-0,05207484
-0,0456021
0,06047917
0,06542338
0,001715821
0,0252022
-0,01108583
0,1256736
0,02577971
-0,03494082
0,0860948
0,0465682
-0,115723
-0,06498095
0,03216596
-0,05867211
0,07452469
0,008352506
0,02021967
-0,01729864
-0,2115515
0,01300793
-0,01108702
-0,02635909
-0,05461265
0,00902193
0,08461361
-0,03354502
0,04451087
-0,1054068
-0,1142386
-0,1104788
0,05724609
0,0467533
-0,01411669
0,02285655
0,01975513
-0,02467106
0,1243922
-0,05701246
-0,04118442
-0,01463805
-0,1602007
-0,01002387
-0,08457231
0,06508533
-0,05158254
-0,1510478
0,008214969
-0,03787046
0,01025229
0,0148096
0,09487271
0,07168451
-0,02132591
-0,004834229
0,03220522
0,004494597
-0,1032437
0,144426
-0,03663793
0,0405595
-0,04037121
-0,002242905
0,05590503
0,02869228
0,1263392
-0,02375641
-0,1026232
-0,0491688
0,1549297
-0,06096228
-0,007664782
-0,04798787
0,03589658
-0,06971235
0,0378399
-0,07942647
0,0347827
-0,1409048
0,1124577
-0,03365416
-0,0509909
-0,01883443
-0,03938137
0,02654387
-0,07141096
-0,0682083
-0,004486995
0,01783394
0,1293501
-0,05729441
-0,009629781
-0,03158798
-0,07628208
0,004079727
-0,04745892
-0,04105875
-0,003770965
-0,0007060889
-0,06199219
-0,01246775
0,05419624
0,05365119
-0,0280065
0,01349527
0,01695504
-0,009258159
-0,002883634
-0,008502685
0,01762306
-0,035415
0,1257771
0,08592632
0,006483967
0,06296457
0,02780612
0,01025529
0,01705045
0,1495609
0,05825616
-0,03903208
-0,08326194
0,06887139
0,08359165
0,0485535
0,01427017
-0,1189925
-0,007571742
-0,08805697
-0,04759397
-0,02415481
-0,008330187
0,09864933
-0,08411588
0,1513452
-0,03634404
-0,09938926
-0,1269093
0,1895278
0,03929053
-0,01459938
0,1028175
-0,08253682
-0,079586
-0,04980392
-0,01365494
-0,07380003
0,01497694
-0,06798393
-0,0271847
0,0393808
0,029855
0,04885267
-0,004076069
0,00965049
-0,01281842
-0,00524499
-0,01285475
0,06516823
0,0465054
-0,1690854
0,09017676
-0,0277018
-0,01221842
-0,05710953
-0,04923937
-0,01308376
-0,02502725
-0,1532453
-0,08835973
-0,17395
-0,1360407
-0,09457516
-0,03858172
0,07391558
0,01038654
0,110075
0,03907485
-0,2525735
-0,01268444
0,02054464
0,03120613
0,04848275
-0,1090608
0,04150193
-1,659358E-05
-0,05777587
0,1406069
-0,03131704
-0,04998083
-0,0333076
-0,1099094
-0,06200999
-0,004757179
0,03942157
0,0861509
0,01225971
-0,1038596
-0,04763542
-0,05491946
0,0379646
0,04256974
-0,01492356
-0,008625679
-0,02610726
0,007754123
0,09876096
0,1555104
-0,02309922
0,010772
-0,1438946
0,02284429
-0,07293672
0,06014841
0,05795806
0,01478559
-0,0823585
0,1324084
-0,0769466
-0,0106866
0,1520057
0,04348611
0,02466877
-0,05643949
0,004847094
-0,008428942
-0,1162657
0,06006289
-0,1807043
0,03010433
-0,04370201
-0,1625582
0,05139374
0,009175227
0,1087168
-0,002644116
-0,03828025
-0,08251567
0,006623386
0,0082494
0,05691769
-0,1287784
-0,1436512
-0,06181683
0,06512955
-0,07994363
-0,0218625
0,05397072
-0,08667684
-0,1206354
0,0613574
0,0501603
0,02276401
-0,002495615
0,006642772
0,04497235
0,06548011
-0,02042336
-0,1048
0,07314982
0,04922093
0,07348461
-0,104302
-0,08531945
-0,02860818
-0,05862903
0,0849788
0,05642156
-0,1510874
-0,1139441
-0,08565518
0,0937993
-0,05076165
-0,01537308
-0,05041159
0,07638729
0,002679395
-0,1223942
0,01165771
-0,1318942
-0,005306838
-0,09257761
-0,04363177
-0,1941869
-0,05720505
-0,07540535
0,02535717
-0,0714581
-0,04847926
0,05364681
0,1622535
0,007786293
-0,1232256
-0,01998484
-0,05126707
-0,0671021
-0,02539398
-0,05753345
-0,1304971
-0,03468482
-0,01967021
0,0005564445
-0,02524611
0,006429838
-0,01576195
-0,009863973
-0,07176812
0,01828563
-0,1102653
0,009485791
0,1022583
-0,03073739
-0,04820467
0,009908069
0,01892181
0,02746048
0,03663319
0,148425
-0,06354108
0,1086974
-0,06886125
-0,004485798
0,08255282
-0,1575381
-0,1328772
0,06362917
0,06425232
0,02324509
-0,04586237
-0,1072512
0,009077835
-0,0792103
-0,007689683
0,07217593
0,0206972
-0,07154112
0,05538172
-0,05946673
0,04166327
0,001073696
0,1050465
0,0978184
0,09470615
-0,009929359
-0,05362737
-0,06888872
-0,02265175
-0,02392463
-0,07497709
-0,04251711
-0,06104945
0,03259738
-0,0312116
-0,02472338
0,008895615
0,02178084
0,1836827
0,000736861
0,04342972
0,03369926
-0,07804082
-0,0196636
-0,07793012
-0,1378593
-0,05818328
-0,05632425
0,0305719
-0,0165985
-0,09644404
0,03333532
-0,1637539
-0,01085088
-0,09915555
0,04714021
-0,01927574
0,04339593
-0,1287272
0,1036941
-0,1247463
0,0534294
-0,11062
-0,07857771
-0,01108199
0,03959081
0,04887678
-0,05032399
0,05194914
0,03306384
0,192634
-0,06351505
0,02092272
0,01906925
-0,02983976
0,1439915
0,1368696
-0,06887197
-0,01294192
0,0292228
-0,01410757
-0,0766044
-0,0109525
-0,03176812
0,004414804
-0,02022919
-0,007702902
-0,01765418
0,1628241
-0,03437226
-0,09972472
0,06587125
-0,04626483
-0,07313456
0,02481689
-0,01404204
0,01432161
0,04915867
0,01375543
0,01340696
-0,07758035
0,05319248
0,07911397
0,07248941
-0,172677
-0,0009204174
-0,03780365
0,001447406
-0,0891377
-0,0648144
-0,1077045
-0,066418
0,04329906
0,01068099
0,01724692
-0,07089748
-0,084456
0,0580293
0,3066158
-0,03312339
-0,04771359
0,03012692
-0,07385761
-0,04827078
0,06067307
0,08979857
0,02707784
-0,08960912
-0,1154159
-0,04259756
0,03324272
0,006394715
-0,0136193
-0,03285634
-0,05626703
-0,01147238
-0,006302965
-0,0411152
0,004949489
0,07441045
-0,09352037
-0,09185526
-0,1517751
0,04100715
0,09904365
-0,05816278
0,05435472
-0,08062417
0,009314002
-0,1678888
-0,0402137
0,113799
-0,06135293
0,03449155
-0,04682006
-0,05761886
0,1002169
-0,2626732
0,005633588
-0,01186882
-0,07891269
-0,02229133
-0,07540273
-0,03401257
0,05009966
-0,114219
0,05084782
-0,02881421
-0,01436187
-0,03913511
0,04449075
-0,03633813
-0,1539735
-0,0908409
0,1336317
-0,07122514
-0,1164697
0,01287081
-0,04522329
0,09287383
0,03518427
-0,004256292
-0,03209703
-0,02219938
-0,0380973
-0,02575579
0,01372627
-0,01827393
-0,02614084
0,07267225
0,04785157
0,02021702
-0,006358455
0,04588245
0,03742445
0,1199384
-0,07163116
0,02946406
-0,02968188
-0,02401499
0,08167116
0,01540817
-0,003827211
0,09347932
0,1034765
-0,2055958
0,007048745
-0,07936715
-0,002868978
-0,135621
-0,1218817
-0,009255949
-0,007068904
-0,03889066
-0,1022418
-0,07543214
-0,05371936
-0,1143053
-0,01096659
0,1334382
-0,1560758
0,08398937
0,02407401
-0,05707636
-0,0398898
0,01084803
0,02936922
0,05273455
-0,05252348
-0,02657796
-0,02694936
-0,006886661
0,01901961
0,00614416
-0,01382438
0,02703357
0,01046795
0,0228406
0,04485944
-0,02307592
-0,07996635
0,01587341
-0,02998671
-0,04795667
0,009132973
-0,1480228
0,007415901
-0,05234368
0,05084902
-0,04718283
0,150004
-0,09961104
-0,01159467
0,1013987
-0,1266358
0,03391861
-0,05606209
0,05994149
-0,02885157
0,04726231
-0,1202221
-0,1295037
0,0510873
-0,08159137
-0,04162847
0,0592779
-0,08231881
-0,06768554
-0,1291331
-0,1295407
-0,07335252
0,07072219
-0,0909792
-0,03231619
-0,01200966
-0,1805867
-0,02481185
-0,06054867
-0,08347579
-0,08155088
-0,0578935
-0,01118363
0,03572919
-0,01979052
-0,01206528
-0,01147559
0,0221068
-0,02395158
-0,03041674
0,07588008
-0,01099456
-0,001383756
0,1397613
-0,06514946
0,04667128
0,0626726
0,008450245
-0,05673283
0,02664996
-0,01289017
0,06674699
-0,02497344
0,1179231
0,01160802
0,01067932
-0,1078808
-0,06171542
-0,01136476
-0,009298068
-0,04534449
0,09593552
-0,05284517
-0,01570365
0,01278795
0,08155242
-0,08676635
0,04403293
-0,06632265
0,1195033
-0,02133044
0,1018365
-0,06566926
0,05167907
-0,05985372
0,1145149
-0,03180581
-0,001846232
-0,01419286
0,03449087
0,03959471
0,06992717
0,02377341
-0,01683848
-0,021231
-0,009516738
-0,03343943
0,01937423
-0,05430878
-0,0475908
0,07425856
-0,01165701
0,08159234
-0,05714548
-0,0350943
-0,1156953
-0,003509739
-0,004999097
0,2070913
0,1081462
-0,01733503
-0,01010568
0,09892163
-0,04828855
-0,005967054
0,03077074
-0,1973282
0,1680133
0,08938429
-0,2253536
-0,04188292
-0,0143581
-0,09473359
-0,0236949
-0,07243084
-0,1383968
0,06829501
-0,00309032
0,06225086
0,04745606
-0,1795729
-0,002026873
-0,1613208
0,06422244
-0,1341418
0,05783588
0,08022096
0,131594
0,04696488
0,07522079
0,03551641
-0,02302192
0,02012958
-0,02344779
-0,005344751
-0,04178429
0,01030977
0,01220277
0,03900344
-0,1157943
0,08793633
-0,1177561
-0,06676391
0,09050598
0,2051979
-0,04402122
-0,01653009
0,0468373
-0,08482496
0,004566241
-0,03817049
-0,1323545
0,05653412
-0,1392891
-0,02184791
-0,1063576
0,09285525
0,01977604
0,02620714
0,03102222
-0,006901287
-0,01905833
-0,01025013
-0,08763815
-0,07663783
-0,01137222
-0,0932388
0,04444459
-0,02894358
0,05307144
-0,002162243
0,06087697
0,09240601
-0,1194831
0,1745383
-0,08953587
-0,07773594
-0,05475415
-0,06998385
-0,01535447
0,003589668
-0,08908963
-0,04954327
0,03553796
-0,005425646
0,00611172
-0,05010889
0,01509888
0,01470608
0,04772969
-0,01594665
0,04854546
-0,09799163
-0,08600927
-0,04029107
0,05537016
0,07049809
0,01198257
-0,04291276
-0,003433643
-0,01260651
-0,02569057
0,004565254
-0,1412359
0,1213502
0,06414914
-0,02970742
-0,09156905
-0,08935675
-0,08371734
-0,1601836
0,08920501
-0,1281615
0,0667147
-0,05621205
0,03810225
-0,04910192
0,04477923
-0,09398381
-0,02751112
-0,137763
-0,03567676
-0,02302347
0,1153514
-0,02286705
0,05748681
0,06626653
0,09139709
-0,07665889
-0,05596274
-0,02123769
-0,0206182
-0,05460498
0,01167769
-0,0006254198
0,0487739
-0,02326497
0,01640981
0,02450267
0,002631566
-0,006283287
0,09895619
-0,01312901
0,0751341
-0,06222515
-0,07283439
0,01208141
-0,09684752
0,03571159
0,06718754
-0,155546
0,002176356
0,0192533
0,05676908
0,09823313
-0,008232828
0,06002352
-0,1367032
0,07184336
-0,007451367
-0,1707383
0,1794997
-0,1903626
-0,1005807
0,002763881
0,01878052
0,01031158
-0,005260244
0,01631807
0,05913165
0,132706
0,07221201
-0,04179822
-0,01129515
0,1709302
-0,07493374
-0,1117165
-0,0576068
-0,1080803
0,09925132
-0,008872326
0,05069066
0,02218307
0,02495248
0,03841273
0,02919566
0,003430607
0,0273844
-0,03560217
-0,1000312
-0,003738786
-0,1268132
0,02349788
0,05587644
-0,08415877
-0,03746118
0,09442209
0,1085569
-0,07601403
-0,07984374
0,003486996
0,05822894
0,06400962
-0,06452443
-0,09298871
0,1074053
0,1340305
-0,1385289
0,082313
-0,1163098
-0,06297261
0,1185097
0,04762699
-0,05875623
-0,02356713
0,02615206
-0,1228295
0,03070756
-0,206529
0,08226188
0,05262789
-0,1312735
-0,02626949
-0,03757248
-0,1142603
-0,002710911
0,004049071
0,04573165
0,02941507
-0,05418544
0,1611706
0,08077175
-0,002905431
0,05408695
0,033422
0,06085235
-0,02487799
0,02660169
0,01235886
-0,02959981
0,03525316
-0,0386633
-0,1404299
0,02594792
0,01055257
0,01694724
-0,01533131
-0,05020294
0,02871578
0,01630468
0,0721771
-0,07696185
0,1410465
-0,06911384
-0,07681519
-0,08401535
-0,04173721
-0,01875425
-0,08080207
-0,09112591
0,1163299
-0,01226749
-0,08109924
-0,01994994
-0,03820748
-0,136215
0,1133629
0,01884938
0,09993947
-0,0182482
-0,1571729
0,1750039
0,04891277
0,05734514
0,06937035
-0,06930351
-0,06448729
0,02749943
-0,007944291
-0,008208296
0,109705
0,01149559
-0,03022393
0,00989357
0,001800427
0,02297005
0,01706557
0,004796058
0,004053872
-0,006988395
0,04891909
-0,05782917
-0,09099365
0,05216714
-0,003196252
0,04278739
-0,1210619
0,04920736
-0,1394206
0,004021252
0,06512118
-0,08911838
-0,009543248
-0,0172848
-0,03006764
-0,03624067
-0,05768568
0,09003538
-0,06217239
-0,03342118
0,08716812
-0,2298055
0,05159179
-0,1533916
0,08534994
0,0008406119
-0,1802427
-0,1258058
0,01876299
-0,04219426
-0,03614537
-0,05328289
-0,08242092
0,06835766
0,02652632
-0,07178074
-0,1133687
0,009252862
-0,02787178
0,04238141
-0,03376592
0,1032591
-0,04541054
-0,07663344
-0,03109348
0,01027276
-0,01078994
-0,0008658035
0,05093799
0,100601
-0,02628007
0,01782687
0,0007192624
0,111821
0,04351357
0,007430742
-0,05424387
-0,05077478
-0,03122731
-0,0006699609
0,07996948
-0,233846
0,04570491
0,09190818
-0,1090044
-0,04055801
-0,00171335
-0,004408279
-0,02796262
-0,06353308
-0,02901169
-0,009479227
0,06093279
-0,09029526
-0,09377541
-0,01933848
0,03967837
0,1062701
0,07138582
-0,04072729
-0,0330207
0,04482532
-0,05170308
0,2759156
-0,00935256
-0,1394709
-0,04089666
-0,09457741
0,05421031
0,009746209
0,1225169
0,0396256
-0,06088135
-0,1074082
-0,02441721
-0,0413162
-0,02671125
0,03035611
-0,003798355
0,06626735
0,09769811
0,1186234
-0,01632013
-0,0788479
0,01494168
-0,005984174
0,07384989
-0,1156873
0,06172406
-0,03911661
0,09813683
-0,08199225
-0,05282366
-0,05146145
0,08057618
-0,1301947
0,02410205
0,1181678
0,01541881
-0,05284007
0,06901884
-0,1248248
-0,03269479
0,008355236
-0,008802086
-0,1224061
0,05206247
-0,04379642
-0,01782627
-0,007957243
-0,1257117
0,02468223
-0,008587722
0,09636141
-0,07062541
-0,02204793
-0,09663079
0,08992392
0,1220012
0,01870708
0,04574305
0,1137835
0,03374313
-0,01325785
-0,05663725
-0,07770582
-0,04180639
-0,01572987
-0,02202072
0,05817936
0,1001855
0,004292471
0,0215225
0,1762901
-0,03655109
-0,08253622
-0,02475257
0,01161215
0,09895737
-0,03357919
0,07103112
-0,04010246
0,1015641
-0,03120821
-0,01615264
0,1001974
-0,03148492
0,03382609
0,01768564
-0,0626369
-0,03396706
-0,07015786
0,1153423
-0,1283094
0,1049289
0,004689744
-0,04409342
-0,03301231
0,06202972
-0,185434
0,00132401
0,0173096
-0,0583116
0,007835929
-0,11423
0,09737309
0,03231288
0,08597421
-0,08034903
-0,08417374
-0,1120971
-0,06570769
-0,03277019
0,007525704
-0,02351693
-0,07690252
-0,05035696
-0,01577753
-0,04484834
-0,02268483
0,01803388
0,1239441
-0,1017702
-0,1622295
-0,02720773
0,09449294
0,06216325
-0,02416347
-0,01906008
-0,01916246
-0,07169914
-0,01796826
0,05229022
-0,01198975
0,001518512
-0,09979789
-0,04149972
-0,05701223
-0,08268462
0,03636246
-0,02862426
-0,06366066
-0,06905036
-0,06224782
-0,06959195
-0,06603373
0,04791762
0,04696639
-0,07876892
-0,05221357
-0,01087327
0,04203578
-0,04622207
-0,02991166
-0,03672136
-0,03005305
0,04016469
-0,06526468
-0,05290323
0,001563648
-0,04467502
-0,09855676
-0,05154368
0,009126276
0,04045653
-0,03200602
-0,04970877
-0,0194679
0,03461574
0,09611421
0,02307142
0,11175
-0,1215251
-0,02905015
-0,08533352
-0,04704285
0,05121433
-0,1429383
-0,04301248
-0,07431319
0,0865693
0,1261518
0,001676428
-0,01756277
0,1139305
0,1531629
0,009263111
-0,0766151
-0,07975495
-0,1966399
0,0530224
-0,05800571
-0,1249613
0,05054934
-0,07749568
-0,0392348
-0,02522444
-0,06559058
-0,01381751
-0,006680032
0,02275601
0,1640764
-0,04546645
-0,04665666
0,05256434
-0,1088031
0,2126422
0,05447836
-0,03197879
0,1236027
0,09650604
0,04419431
0,04523854
0,06549995
0,05065325
-0,0174358
-0,001241674
0,01870025
0,009516114
0,06380823
-0,06226218
-0,01629187
-0,07448519
-0,1150016
-0,04298175
-0,06399234
0,0267991
-0,02505078
-0,06530175
-0,02824128
0,08273183
-0,1264425
-0,2615892
-0,05966805
-9,468982E-05
0,08428833
-0,06831677
-0,03336822
-0,03879465
0,03194937
0,1053247
-0,01487274
-0,0488967
0,003358743
-0,1324775
-0,04602507
0,03221097
0,06229264
-0,102162
0,06750478
-0,1570774
0,005936231
0,1032214
-0,03838588
-0,0164117
0,02110297
0,08946344
-0,03186073
-0,02978225
0,07377112
-0,105738
-0,1479657
-0,007985746
0,02128276
0,03692618
0,02950243
-0,02686454
-0,02434515
0,04466077
0,008987635
-0,02281001
-0,01490247
0,08724025
0,0009309262
-0,11219
0,01326716
0,07553128
-0,1719096
-0,04891806
0,07294977
-0,0502883
-0,02816926
-0,02408119
0,1273338
-0,1286978
0,05943302
-0,1366663
-0,09194425
0,05718682
0,1307136
0,03940284
-0,1760064
0,0219051
-0,05107714
0,09365731
-0,04092924
-0,08255293
-0,007580918
0,0586348
-0,005211027
0,04957254
-0,02929742
-0,08416535
-0,04540795
-0,0621815
-0,0138755
-0,01791211
0,02097946
0,00804143
0,01517932
0,1280429
-0,0033895
-0,02838451
-0,02470839
0,02610774
0,01158339
-0,002290242
-0,007784206
-0,01040676
0,07660373
-0,07712062
-0,00312106
-0,03766632
-0,03044278
-0,0937828
0,06727186
-0,08060931
-0,08851965
0,1099499
0,06829099
0,043097
0,0344422
-0,05589688
0,08942931
-0,1234763
0,05781615
-0,1131632
0,04565844
-0,1404873
0,003575899
-0,04386146
0,03566137
0,05814256
-0,06348434
-0,01106274
-0,01800413
-0,01281526
-0,09919
0,03313796
0,07706331
-0,2458852
-0,02580475
-0,0891477
0,2034117
-0,02676354
-0,06865875
-0,02224498
0,03961068
-0,007293033
0,009100324
0,2100199
0,004095198
-0,09555683
-0,02357655
0,0653792
0,05992812
-0,00569023
0,001863577
0,02002708
0,003358534
-0,05191965
0,05990238
-0,1136751
-0,1206813
0,006585719
-0,07092179
-0,04617063
-0,05415043
-0,0978375
-0,06493157
-0,01973459
-0,1103972
-0,006646113
0,1104526
0,0128904
-0,09643316
-0,05997913
0,02820005
-0,09902313
0,02851571
-0,1029861
-0,01311384
-0,0621956
0,02388603
-0,1191076
0,1610599
0,04239553
-0,1668305
0,1007328
-0,02625516
0,04958599
0,01301671
0,04828797
0,1288791
-0,02383397
0,01862467
-0,1894953
-0,02596777
0,01171205
0,03366577
-0,001961491
0,001601089
-0,1001725
-0,03571131
0,06124479
0,03227227
-0,0434769
0,02477612
-0,01986394
-0,05022444
-0,05397616
-0,05383513
-0,09848471
0,2079014
-0,09603235
-0,01427113
0,03067402
-0,02514166
-0,04521435
-0,02783594
0,08473243
-0,1133371
0,07331213
-0,1027749
-0,05790572
-0,1226192
-0,01541186
-0,007226018
0,03222274
-0,1298607
-0,02140646
-0,001957794
-0,1547892
-0,01206694
0,007470291
0,01822143
-0,0443398
-0,04857452
0,1761939
-0,0113038
0,0165056
-0,001002743
-0,03115991
-0,1027507
-0,09876934
0,1438012
0,08856757
-0,02311543
0,01330438
-0,05767251
-0,02331102
0,01037586
0,0115645
0,01354934
0,01759688
-0,02030671
-0,05170119
0,01045961
0,0112083
0,0210486
0,07221714
-0,08322671
0,01534813
-0,1841297
-0,08828831
-0,1156609
0,1649752
0,03284695
-0,009801979
0,02405012
0,006327943
-0,008524483
-0,1491905
-0,1373989
0,09790047
0,1263061
0,1077327
-0,0779459
0,07274893
0,02523391
-0,1077422
0,02702809
0,02250215
0,05234297
0,001913783
-0,02415904
-0,01874757
0,07075699
-0,1090173
-0,02651316
0,006978134
0,163574
-0,1171362
-0,0816579
-0,01937289
-0,05893724
0,007253913
-0,004586212
0,0253876
-0,01908376
-0,01049087
0,09921514
0,0194337
-0,07986648
-0,06932281
-0,08190317
-0,02032855
-0,02601079
-0,02664274
0,04097393
0,05960231
-0,02892357
-0,09295902
-0,02769144
0,107722
-0,02326417
0,02737916
0,1402778
0,1152202
0,01482563
0,0835996
-0,009062191
0,01029213
0,1968841
-0,06881952
-0,02258099
-0,01941367
0,02113361
0,03844171
-0,02972405
0,04064636
0,02284458
-0,08766571
-0,09573161
-0,03311449
-0,05119214
-0,009677538
0,1716728
-0,05414271
-0,07172018
-0,01616366
-0,01710347
0,1299679
0,09825999
-0,09421556
0,01166338
-0,1048945
0,05736913
-0,06046059
-0,1084774
0,02044468
0,04756985
-0,04330011
-0,02565059
-0,1039847
-0,05051355
-0,01351108
-0,01992801
0,03169608
-0,009478108
0,05476525
0,07740104
-0,05588603
-0,06276195
-0,03820146
-0,09576707
-0,1254148
-0,1906004
-0,04149002
-0,006425729
0,08701225
0,1060582
0,02316851
0,005627878
-0,1631625
-0,05267948
0,02088406
-0,06068373
-0,02163979
0,06321116
0,06862626
-0,003763893
-0,1043264
-0,01101666
-0,03243872
-0,04721573
-0,05026603
-0,02529512
0,0781451
0,168225
0,03758595
-0,02074122
-0,06050274
0,05444921
-0,04852333
0,126659
-0,02718049
0,008070447
-0,0300631
0,00628829
0,03180526
0,02108014
0,004627601
-0,00800874
-0,1262716
-0,07953902
-0,02707222
-0,01360966
0,01360272
0,01207866
0,04280853
0,01807107
-0,1946063
0,1190699
0,1064282
-0,01054792
0,0004382631
0,03179979
0,01810374
0,1512309
-0,1406243
-0,1169888
0,09063073
-0,04053126
0,01275573
-0,06936961
0,04195845
-0,04016521
0,09533554
0,02566537
-0,00156966
0,02171371
0,07965761
-0,1771403
-0,006685914
0,08976289
-0,04591016
0,06137171
0,04993419
-0,1815419
-0,02796123
0,03713915
-0,09513106
-0,145368
-0,08023307
-0,02489202
-0,09269203
0,05308393
0,1161172
0,01819878
-0,09886453
-0,0199121
-0,03781964
-0,0726015
-0,1014217
-0,0718938
-0,02449171
0,01158104
0,04406226
0,06687851
0,04893754
0,09589704
-0,08742464
-0,1036676
-0,09371091
-0,007250088
0,04279336
-0,1276437
0,2293366
-0,09813754
-0,1008365
-0,01089519
0,0965925
-0,07742067
0,08537833
0,05736717
-0,05301795
-0,08685593
-0,06862836
0,1163362
-0,05072242
-0,08589567
-0,03160259
-0,1295668
-0,09700505
0,04182076
0,008681921
-0,0624406
0,1289742
-0,1385839
0,06778904
-0,1177427
-0,01051676
0,04406407
0,1533534
-0,098814
0,01862617
0,0008167778
-0,03503656
0,08668285
-0,04326716
-0,09175512
-0,07134624
-0,04319276
-0,04779879
-0,06716163
-0,04988101
-0,001765097
0,04623932
0,09862144
0,08005485
-0,1234835
-0,003378855
0,02496996
0,009581142
-0,02223159
0,03001139
-0,1367226
0,03896279
0,007129069
-0,0588548
0,04608492
0,003167345
-0,09154999
-0,02727013
-0,0618542
-0,03420968
-0,01260094
-0,03365159
0,02977729
0,04339034
-0,04423616
0,0604094
0,04197562
-0,002771406
0,04427551
-0,0443595
0,04777144
-0,1043842
0,05169291
-0,008059354
-0,2598333
-0,03276037
-0,0202716
-0,106526
0,01879969
0,004785151
-0,05132926
0,05743108
0,2555599
-0,2448089
-0,08297313
-0,02832735
-0,00411253
-0,04672746
-0,03265031
-0,00843974
-0,02466491
0,05785643
0,0748917
0,1375071
-0,04778251
0,02001708
0,0356551
-0,05117387
-0,02567231
0,1121837
0,07457909
-0,02850133
-0,01898057
-0,08637852
0,0912127
-0,04966766
-0,1306972
0,1061536
0,0875401
-0,0007810882
0,01931328
-0,1433848
-0,04480466
0,02683728
-0,05736205
0,003490804
-0,08649343
-0,03043327
-0,1981693
-0,04228775
-0,0376502
-0,1519575
-0,01262493
-0,03358854
-0,01796343
-0,1596702
-0,07571144
0,05154364
-0,1344424
0,01113371
-0,08394065
-0,0354491
0,1405722
-0,0898793
-0,02157253
-0,001179681
-0,01070892
0,01290164
0,0160771
-0,006932804
0,02372903
0,006456628
0,0512028
-0,07779779
-0,06496873
0,04259123
-0,03217955
-0,0714962
-0,08465981
0,03934871
0,1632781
0,005910615
-0,0578163
0,01907873
0,04445108
0,02586686
0,03539273
0,06527866
-0,09815398
0,007729713
-0,1399811
-0,1421575
0,003622261
0,03399188
0,01494746
0,0007145907
-0,06587727
-0,140408
0,02410644
0,08909515
-0,02487772
0,03647071
0,01131864
-0,0099304
0,08066429
-0,08271294
-0,02583184
-0,1293583
-0,06848761
-0,2847673
-0,1605716
-0,001535371
-0,01548911
0,02376985
0,08225389
0,02698586
-0,0333231
0,01336505
0,02703739
-0,01061965
-0,01995067
0,04360282
-0,004577365
0,1079966
0,03977415
0,1518463
0,2093074
0,1589898
0,06815685
-0,04209669
0,05884928
0,01376183
-0,1051015
-0,1271595
-0,02827693
0,06424703
-0,03237837
0,008142574
-0,1379807
0,06320254
0,0278728
-0,1166907
0,01373146
-0,1678049
-0,1623325
0,0259016
0,007894637
0,02658669
-0,0007743509
0,04386257
0,01838653
-0,1593174
-0,08932238
-0,002972905
0,09012029
-0,1019437
0,0591615
-0,03935231
0,01368401
-0,03837065
-0,04219576
-0,02654529
-0,1760832
0,02572114
-0,05593069
-0,01078453
-0,00833246
-0,01171467
-0,01247713
0,02157024
0,005565051
0,008756264
-0,03782705
-0,08035801
-0,01313336
-0,03600872
-0,1367485
-0,2549466
-0,07876636
-0,002358373
-0,1581857
-0,04659593
0,05428994
-0,008350077
-0,1622696
-0,02624197
-0,04831297
0,1587661
0,001909663
-0,04962598
-0,04140282
-0,08383469
-0,001723989
-0,1515362
0,06234601
-0,09223551
-0,04510013
-0,1524323
-0,1159988
0,01888509
-0,06060605
-0,01877258
-0,1190202
-0,01721907
0,08454772
-0,07688544
-0,08835488
0,04440461
0,2205714
0,07397694
0,02459092
0,07020614
0,09018967
0,01583416
-0,03414989
0,01315389
0,008756201
-0,02131539
-0,03973116
0,006341178
-0,01123576
-0,009410992
0,04174696
-0,008367295
-0,04861107
-0,04885924
-0,07690683
-0,03233255
0,04980138
0,1424551
-0,05507577
-0,104345
0,1031865
0,09418773
-0,151404
-0,00212978
-0,02113639
-0,1831189
0,002554999
0,02864152
-0,06810657
0,0492412
-0,09933151
0,08516211
-0,1739372
-0,04784446
-0,02632372
-0,02263587
-0,06715682
0,1061767
0,02543041
0,0181407
-0,0390377
-0,01864146
0,1347061
0,05146846
-0,02273202
0,07731219
-0,08989041
-0,0988801
0,07800058
-0,03028116
0,04610237
-0,03539615
-0,002531797
-0,0423863
0,006598725
-0,006926159
0,03277228
-0,001719977
-0,02062053
-0,02366736
-0,01114126
-0,0884624
0,01748724
0,1978387
0,06708912
0,147732
-0,1615206
-0,03773637
-0,02845569
0,12728
0,07454205
-0,03682845
0,06769027
-0,07477289
-0,05811376
0,1591278
0,04243148
-0,07565204
0,01343316
0,1374635
-0,02937467
0,07406116
-0,1446148
-0,01145992
0,1022292
0,02429917
-0,005290129
-0,03426344
-0,02641451
-0,01701894
0,05562267
0,07178891
-0,03126103
0,04513587
-0,004506554
0,0393545
-0,01109649
0,06691208
0,02246575
-0,0333644
0,01369573
-0,05092601
0,02051201
-0,03370082
0,001359372
-0,004039855
-0,01234719
0,02256241
-0,0003617214
-0,02182556
-0,08740615
-0,03017042
0,1388022
0,1237183
-0,08770635
0,1588369
-0,05251384
0,00333716
0,02118624
-0,05919321
0,0632963
-0,2346196
0,0950752
0,02949347
0,05886343
0,1314699
-0,137987
-0,0184112
-0,02066527
0,01058601
0,008490203
-0,006138653
0,1334216
-0,0675626
0,001594464
0,1258145
-0,03102651
0,09675663
-0,03837261
0,06798358
-0,03527507
-0,0001548883
0,04004046
-0,001626117
0,1050978
0,1089426
0,1943445
-0,003110698
0,01722891
0,007282422
-0,02960717
-0,08125407
-0,02521613
-0,05015722
-0,04099266
-0,02033064
0,003132578
-0,01887639
-0,02582588
-0,04825498
-0,02889214
-0,007904879
0,1138793
0,1728684
0,007351083
0,05007911
-0,1900037
-0,002237118
0,1138458
0,01535868
-0,1489129
-0,00607815
-0,01821778
-0,04205198
-0,0104869
0,0202668
0,05636359
0,05722979
0,09207956
0,1799686
0,0724057
-0,04131335
-0,002110403
0,03161969
0,1172432
0,1037231
-0,06256454
0,07359852
0,1306642
-0,09029329
-0,02154907
0,01463973
-0,01734714
0,08923756
-0,07245232
0,06103529
0,1078438
-0,01945316
-0,06694646
-0,01595888
-0,05538146
0,0359522
0,01361947
0,01001943
-0,04969946
-0,01979886
-0,007233716
-0,02030186
0,01569045
-0,06030632
-0,02026247
0,006744628
0,05226373
0,02153847
0,1110853
-0,05540095
0,061068
0,02706435
0,0439607
-0,1090736
-0,1523714
0,1061442
0,04597055
0,1114139
-0,0777035
0,01148343
-0,01677823
0,05396883
0,01977414
0,06489618
-0,05318129
-0,1812731
0,08607881
-0,01348095
0,116944
-0,06905984
0,08388449
-0,09723591
-0,04974737
0,09040037
-0,17384
0,08529781
0,07919444
-0,0564508
0,03453438
-0,02570567
-0,01075911
0,00831791
-0,1151716
-0,03807698
-0,02425344
-0,03633322
0,01753571
0,1108504
-0,01950446
0,01013342
-0,02265481
-0,01293389
-0,006523869
-0,01762272
0,04464034
-0,06352334
0,0004617163
0,1514797
0,09758504
-0,06920731
-0,02330654
-0,119086
0,08607566
0,06889145
-0,05000117
0,1046351
-0,08424304
-0,2835743
-0,09612067
-0,03829679
-0,2834
-0,2210126
0,06853997
-0,06419712
-0,04376296
-0,1173565
-0,02782383
-0,08666874
-0,1230553
0,04887018
-0,04415982
0,06883409
0,000580055
-0,02365433
-0,05021776
0,106735
0,1196046
-0,002208164
0,1677796
-0,0722607
-0,03292326
-0,0584641
-0,05609162
0,007446602
-0,06964058
-0,0790716
-0,03665139
-0,006554523
0,000966888
0,01233567
0,002212333
0,01524083
0,002979237
0,008247234
-0,09790513
-0,03650242
-0,03394161
-0,001232945
0,1280814
0,1542578
-0,003193326
-0,1068887
-0,01757909
-0,09412172
0,02412211
0,03767452
0,03863073
-0,091415
-0,1652745
-0,1358241
-0,03875225
-0,1314206
-0,3150033
-0,1984573
-0,151865
-0,02542422
-0,02572035
0,003680477
-0,05782142
-0,0764548
-0,04228804
0,07555912
-0,1126262
-0,0610457
0,04110106
-0,04991651
0,006380404
0,03085689
0,2081614
0,0476121
0,0497995
0,001355941
-0,07976296
-0,05629275
-0,132243
-0,05556148
-0,02114121
-0,02441158
0,01995931
-0,00715016
-0,03895498
-0,01042407
0,01158138
-0,03567045
-0,07794238
-0,1372983
-0,1278132
-0,007278901
-0,05068419
0,09648276
0,1539929
0,008814162
0,2538884
0,3331924
0,1175541
0,101108
-0,001566097
0,07679257
0,05837153
-0,07270887
-0,07245709
-0,2144842
-0,006256676
-0,2278931
-0,1216591
-0,1739351
-9,886296E-05
-0,03961665
-0,1039115
0,007222239
0,06910398
0,1382644
0,1407796
0,09378611
0,107478
0,1543392
0,1071167
0,02395548
-0,05022394
0,03313026
-0,03126352
-0,105137
-0,1400701
-0,09997387
-0,08779699
-0,09635399
-0,01957278
0,03280605
-0,001630555
-0,0005680802
-0,03590302
-0,01372628
0,02295436
-0,01011985
-0,06749053
-0,1858649
-0,4034815
-0,3873224
-0,3653755
-0,1311662
0,02094802
0,2827517
0,2710302
0,4050859
0,1711496
0,2411091
0,2186708
0,2209214
0,1920152
0,05177901
0,07238265
0,01933573
-0,1048552
0,001672299
-0,01193863
0,09715652
-0,0570499
0,04758254
0,209828
0,1681505
-0,03774997
0,08672433
0,2010478
0,168982
0,1404893
0,1153677
0,009807303
0,1931386
0,0860145
0,02651349
-0,1581015
-0,008119997
0,06017253
-0,003827748
-0,0534918
-0,04872045
-0,03491216
0,03492429
-0,02220288
-0,003803666
-0,02155966
0,03563672
0,02859246
-0,02036161
-0,1414593
-0,2975548
-0,4664098
-0,3905429
-0,4323127
-0,2544348
-0,07036871
-0,0335404
0,07098532
0,2726604
0,2550367
0,1933599
0,3486862
0,2309451
0,2471222
0,3288183
0,2223059
0,241823
0,1520294
0,2099215
0,09796866
0,02012639
0,06615114
0,0314502
0,1618372
0,0859139
0,1839419
0,1360311
0,1515989
-0,02017566
0,2508733
0,2333445
0,1064211
0,1254408
0,1521599
0,06353997
-0,06271622
-0,0749002
0,07136738
-0,05705825
-0,05004054
-0,1298365
-0,04367843
0,07044503
0,02526458
0,01443726
-0,01239541
0,02329589
-0,007334631
0,006624526
-0,09731288
-0,3121125
-0,512493
-0,4688624
-0,5075079
-0,6782386
-0,6005698
-0,3543026
-0,01070481
0,2060468
0,2320135
0,2556026
0,2633204
0,3677201
0,4658791
0,4309072
0,4525115
0,3367671
0,1451729
0,1697903
0,07769828
0,04226515
0,1760009
0,1450901
0,1749739
0,04796312
-0,08333293
0,1462526
0,1703901
0,08581665
-0,04852212
0,04193655
-0,1356203
-0,003523754
0,1858943
0,1111943
0,02188005
0,05189349
-0,1016101
-0,096241
0,04913227
0,02565509
-0,04373682
-0,00252565
0,0255811
0,01932848
-0,008113668
-0,01540063
0,005709815
-0,006543861
-0,04788404
-0,2318437
-0,4400213
-0,5419605
-0,616617
-0,6694312
-0,7419831
-0,7492829
-0,4870873
-0,1664693
-0,05373375
0,02590607
0,3024273
0,06067943
0,4151669
0,4197833
0,5260425
0,5805741
0,4895012
0,3328535
0,2411616
0,2325983
0,05797733
0,1105165
0,009643064
-0,01679907
-0,02738136
0,1096858
0,006758012
-0,02405806
-0,0285546
0,05910956
0,03624306
0,09867352
-0,02813645
-0,02825997
-0,08951684
-0,09163569
-0,0890179
-0,08753471
-0,1006609
-0,03479857
-0,04289757
0,02552076
-0,01760342
-0,02676927
-0,001708201
-0,01377686
0,01229494
-0,01152763
-0,07901053
-0,2490764
-0,2412695
-0,3885517
-0,4917439
-0,6369843
-0,7750952
-0,722783
-0,756973
-0,4280101
-0,1550542
-0,0298484
-0,07464231
0,1723959
0,1620611
0,2312003
0,3959599
0,6228715
0,5140436
0,630538
0,4645376
0,3032143
0,178696
-0,09870604
-0,08567937
0,06947521
-0,1267285
0,1381616
0,06340709
0,07509156
0,01428153
-0,1176675
0,0112477
-0,1155935
0,06922636
0,00781657
0,05234093
-0,1424717
0,01079312
0,01649779
-0,1016089
0,008421981
0,0484417
-0,006639307
-0,04869688
-0,02109108
0,006952713
-0,01965675
-0,02341904
0,007103815
-0,02527189
-0,09717973
-0,3533688
-0,3609996
-0,3087274
-0,5328034
-0,5531114
-0,6091437
-0,7175056
-0,7885621
-0,6377913
-0,5613813
-0,1852898
-0,03416182
-0,1368086
-0,03696796
0,1515627
0,41185
0,3321539
0,522852
0,2012735
0,4028145
0,1700178
0,03072631
0,09930094
-0,1478361
0,08126137
-0,07925087
0,06590393
-0,08598928
-0,1653316
0,08344318
0,118641
-0,1770715
-0,1810441
-0,1257787
-0,05547041
-0,05174357
-0,0330927
-0,05279097
-0,06718607
0,01102057
-0,008993361
-0,04211636
-0,05381674
0,006896441
-0,03805013
-0,03420181
0,0214298
-0,0002403395
0,04714437
-0,149406
-0,1310606
-0,2504027
-0,3380185
-0,2407733
-0,492382
-0,6425412
-0,698459
-0,5511439
-0,5574757
-0,7253001
-0,6304039
-0,2291261
0,1675706
0,1786138
0,08722456
0,1033896
0,1470977
0,2265206
0,1378578
0,2287941
0,03145519
-0,06484998
-0,02815927
-0,1876987
-0,001917133
-0,1772882
-0,07359226
-0,0412608
0,003695338
-0,04724116
-0,1181266
-0,08949335
-0,03585283
-0,2311933
-0,1207704
-0,1800329
-0,05800458
-0,08172847
-0,1600824
-0,03871152
0,00701553
-0,07838178
-0,03247119
0,001818903
-0,01628734
-0,007275107
-0,007920312
0,01096992
-0,04154547
-0,0351993
-0,09595091
-0,06998187
-0,1713136
-0,1250752
-0,2821335
-0,3327097
-0,4340682
-0,4917089
-0,5716153
-0,7776883
-0,8143268
-0,8460237
-0,5482721
-0,2775554
-0,04870761
0,1026689
-0,001817337
0,2505352
0,2243367
0,2554252
0,1508622
0,1254459
-0,1137241
-0,2692997
-0,08284277
-0,1826778
-0,1577
-0,1272665
-0,1170089
-0,007639363
-0,08236621
0,02103183
-0,09475066
-0,1737667
-0,1111541
-0,107166
-0,140821
-0,07076176
-0,03653177
-0,03321718
-0,0483637
-0,02891601
0,01491754
0,000477908
-0,03296197
0,003647883
-0,02365738
-0,004088223
-0,03117325
0,006548898
0,002497384
-0,06654153
-0,05318981
-0,06282602
-0,07661346
-0,1437467
-0,1573567
-0,3161474
-0,4653599
-0,5344753
-0,7089132
-0,8112445
-0,9775429
-0,6890692
-0,7080304
-0,2906314
-0,1868354
0,124281
0,2420785
0,09696151
-0,1448906
0,002639944
-0,01915728
-0,1270043
-0,1854478
-0,05171152
-0,05202812
-0,05879698
-0,1105591
-0,1908635
-0,09786355
-0,0746602
-0,07546897
-0,07877938
-0,1169653
-0,08596551
-0,07944448
-0,05573612
-0,02928715
-0,04880081
-0,04161519
-0,002007175
-0,01716699
-0,009357504
0,01674218
0,02367531
-0,01837707
0,02666668
-0,03664369
-0,007693631
-0,01736101
-0,05324247
-0,04921115
-0,120768
-0,05920102
-0,1198641
-0,1643633
-0,2224188
-0,3105008
-0,4470941
-0,4224744
-0,5685062
-0,7808284
-0,9312218
-0,9083228
-0,8729646
-0,4308747
-0,2827808
-0,007971951
0,0618335
0,06722901
0,03736928
-0,004994908
-0,05098241
-0,01769516
-0,07253728
-0,08084965
0,04361349
-0,1215417
-0,1525651
-0,2339136
-0,1074472
-0,1452218
-0,1013811
-0,03639163
0,005636426
-0,1061682
-0,03340752
-0,03101765
-0,003719954
-0,04155476
-0,03291762
0,02102326
-0,03422732
0,02632036
-0,02265471
0,0259284
0,009186546
-0,01437264
-0,00339128
-0,04905805
-0,02965397
-0,02348646
-0,02739027
-0,09443082
-0,0731224
-0,1375685
-0,1623188
-0,2811016
-0,2494985
-0,3262431
-0,3367276
-0,5888848
-0,7263114
-0,8045639
-0,8078336
-0,6909442
-0,7103008
-0,4093605
-0,2909337
-0,2652958
-0,1242106
-0,0067517
-0,05862975
-0,03796048
-0,05222027
-0,01254185
-0,02840096
-0,1131467
-0,1511057
-0,1455739
-0,06304977
-0,1192775
-0,02394238
-0,06723131
-0,08189943
-0,07795068
-0,02916463
-0,03187498
-0,009059477
-0,02010092
-0,04271565
0,01927842
-0,02641735
-0,001567438
0,001774268
-0,006955366
0,0229405
0,006826296
-0,01371493
-0,02824058
-0,005311693
-0,03830701
0,01854282
-0,0315607
-0,05578229
-0,02266021
-0,1080922
-0,1024067
-0,1081351
-0,2302402
-0,2884431
-0,385218
-0,35999
-0,4917382
-0,5622052
-0,5607592
-0,5773917
-0,4173082
-0,3246369
-0,2283023
-0,2443347
-0,2155955
-0,1666734
-0,111229
-0,1277356
-0,07447414
-0,07002006
-0,08936871
-0,05719193
-0,08170123
-0,07159696
-0,05028399
-0,07594068
-0,02127199
-0,01021078
-0,05072301
-0,03553765
-0,0207925
0,0203128
-0,03379115
-0,001789317
0,001723855
0,02709314
0,003066431
0,01983393
-0,0200817
-0,01699139
0,01872729
-0,02291984
-0,01341795
-0,03120161
-0,03759967
-0,0282393
-0,02839975
-0,02704586
-0,0332578
-0,05660935
-0,08994575
-0,05834833
-0,0964452
-0,1770978
-0,1823847
-0,2532606
-0,29803
-0,2884272
-0,3239291
-0,3231168
-0,3151104
-0,2611672
-0,2985895
-0,2281442
-0,1881808
-0,1891591
-0,1981404
-0,153586
-0,1233166
-0,1467706
-0,06596678
-0,05302436
-0,07782392
-0,0536346
-0,02942166
-0,05680322
-0,0438524
-0,003176502
-0,02540419
-0,02385374
-0,0202774
-0,005444254
0,01523044
-0,02362086
-0,02327233
-0,006868471
-0,009994631
-0,02280015
0,02625518
-0,006156298
0,001010605
0,007049823
0,02746137
-0,003243082
-0,02517808
0,01008206
-0,03188616
-0,03821464
-0,008700212
-0,02151736
-0,05013907
-0,06374449
-0,05290693
-0,07753646
-0,1282628
-0,1457705
-0,1820333
-0,158527
-0,2259659
-0,1862686
-0,198032
-0,1234977
-0,1705024
-0,1663467
-0,1376243
-0,1207191
-0,1623988
-0,07314108
-0,1051519
-0,08261818
-0,04245062
-0,004740277
-0,0182703
-0,05933959
-0,02235646
-0,02264048
-0,00957035
-0,0203098
0,003233534
-0,04389032
-0,01850468
-0,0221096
-0,01546463
0,02020865
-0,02573536
0,02383035
0,02163665
-0,01481738
-0,02040299
0,02814052
-0,01499182
5,731855E-05
0,02574821
0,0002054793
-0,006830353
-0,004760937
0,01075569
-0,006434717
-0,03542012
-0,02293548
-0,01134849
-0,03461353
-0,01577316
-0,01509584
-0,0270051
-0,06851954
-0,0757746
-0,110418
-0,0820066
-0,09575531
-0,08348978
-0,06641652
-0,1021395
-0,0969511
-0,1022728
-0,05009952
-0,02539338
-0,008504873
-0,05237081
-0,02301029
-0,004461201
-0,01092438
-0,02490922
-0,03447074
-0,03357472
-0,03802158
-0,02661804
-0,02482741
0,0224924
-0,02963459
-0,003443106
0,02310468
-0,0200971
-0,01533157
-0,01665236
0,02793206
-0,004969957
0,005189881
-0,02283188
0,01395196
-0,02068239
0,009077526
-0,01321201
-0,01055347
-0,01863812
-0,01428286
-0,01567389
0,01346582
-0,02200897
-0,003458089
0,01650364
0,01300531
-0,03524325
-0,004172796
-0,02476287
-0,004986856
-0,03799665
-0,04374667
-0,04839638
-0,03063064
-0,0607518
-0,05055481
-0,05204859
-0,004633809
-0,03738793
0,001703899
0,003033233
-0,05981456
0,007911262
-0,02503807
-0,01990665
-0,04755448
-0,001151933
-0,009991228
-0,01823037
-0,0198371
0,004620291
-0,00974514
-0,02183818
-0,02600168
0,01557798
-0,01525375
0,02572046
-0,004621699
-0,01870674
0,0009685516
0,009980205
0,00504727
0,01632166
-0,009171424
-0,008020339
-0,02940434
-0,01676048
-0,006782518
-0,00826111
0,007495773
-0,006108288
-0,00795769
0,0260288
-0,01333619
-0,006205279
-0,02030489
0,01233656
-0,03272942
-0,03795201
0,003251015
-0,03915533
-0,01610051
-0,02794511
-0,02500363
-0,02217443
-0,03027094
-0,02107291
-0,02280518
0,02240712
-0,0258924
0,002687874
0,01907545
0,01037427
0,01581953
-0,02179302
-0,02279634
-0,02709279
0,002855026
0,02214647
-0,002610335
0,02554111
-0,006252579
-0,01427764
0,01339334
0,02197999
-0,019855
-0,006953127
0,02056567
0,008939129
-0,000276408
-0,003701349
0,02258514
-0,008565961
-0,001453406
-0,007261428
-0,02634467
-0,009052272
0,001901005
-0,02893408
-0,02366366
0,01450879
0,02534129
-0,006539854
-0,01529478
0,02920889
5,397185E-05
0,01020017
-0,02548775
-0,02798842
-0,02295477
-0,03332447
-0,02649876
-0,02524273
0,003782087
0,01517177
0,008259756
-0,01505824
-0,001071919
-0,008548979
-0,02086966
0,02314636
-0,004080694
0,007654074
-0,0006463521
0,008466215
0,0142523
-0,001465199
-0,01560132
-0,0003294633
-0,01966806
0,02525872
0,0134305
0,004707808
0,01640324
0,01302002
0,03000608
-0,02962366
0,03052061
0,01450123
-0,009701276
-0,0003286789
-0,01372077
0,01560598
-0,000282954
-0,001994743
-0,01762596
0,01205916
0,01421174
0,01023469
0,009205485
0,01283083
0,02056037
-0,02150853
0,02175796
-0,01688905
-0,01392574
-0,01457634
0,02449573
0,003395374
-0,01738426
-0,02974228
-0,006747439
0,003799432
0,02354761
-0,01715462
-0,01338454
0,006918686
-0,007895048
0,02419968
0,01779271
0,01201182
-0,009726138
0,01634424
-0,02709759
0,0116882
0,007855069
0,01194312
-0,02020186
-0,02787169
-0,001039405
-0,02597318
0,01667625
0,005575301
0,02120989
-0,001922849
-0,02549927
0,003647389
0,01323092
0,002915657
-0,003616606
0,01429069
-0,02416378
-0,004123894
0,001006042
-0,01114581
-0,02621398
0,009857431
0,021761
-0,0148262
-0,02138761
0,003180905
-0,01268208
0,01929131
0,02153348
0,02610317
-0,008531832
-0,02637793
-0,02370916
-0,01870861
0,006504579
0,004725427
-0,02444969
0,02321978
-0,02388177
-0,02101953
-0,01483621
0,02058681
0,01526855
-0,004537608
-0,02007226
0,01626808
0,02713035
0,02233293
-0,001316363
-0,02471475
0,008102488
0,02604024
-0,01395589
0,01426155
0,00669382
0,02805254
0,02139384
0,0256219
0,02371506
0,02609034
0,01729433
0,02787275
0,01462457
0,02573767
-0,02337324
-0,0292958
-0,003089597
0,001605533
0,02668184
0,02223746
0,008724771
-0,01698689
-0,01009387
-0,008378191
-0,02646272
-0,01654208
0,02405035
-0,004533187
-0,0248789
-0,007105276
0,006651711
-0,004425758
-0,009578224
0,01643495
-0,01182208
-0,004004641
0,0182722
-0,007055006
0,005396271
0,00935747
0,01401071
-0,01936182
0,03033376
-0,01951066
-0,007270887
-0,0119315
-0,02369251
0,02129694
-0,01030982
-0,02066047
-0,01058298
-0,004450063
0,02627681
0,007328532
-0,003017404
-0,005118756
0,006220461
0,02503064
0,01073233
-0,006751613
-0,02599105
-0,004076539
0,02048615
0,0008176609
-0,01055591
-0,008374349
0,007398726
