0,007603968
0,001312098
-0,009444172
0,02242904
0,002877408
0,008002007
-0,01995061
0,01047302
-0,02016949
0,00283431
-0,02952809
0,01500852
-0,02322091
-0,01499745
0,007053516
-0,01562121
-0,001033481
0,02382283
0,01467512
-0,001522225
-0,002421844
-0,004045232
-0,003793387
-0,02724367
0,001057182
-0,03227448
0,0232328
0,009608258
0,01749154
0,02615206
-0,01454946
0,03014329
-0,02872009
0,02153906
0,002008965
-0,01707241
-0,01111867
0,01687347
-0,01045317
0,0157618
-0,02503997
-0,01109881
0,02647022
0,004606886
-0,02566795
0,0175654
-0,02227168
0,0144277
-0,0236675
0,01036303
0,0112882
-0,01592988
-0,004836745
0,024793
-0,01120004
-0,02137864
-0,0301175
-0,01906203
-0,01042131
0,00189469
0,01603045
0,004195728
0,0245751
-0,01676139
-0,01391001
-0,029505
0,01370873
-0,01482478
0,01515506
-0,005500065
0,02449089
0,01298149
0,004154597
0,02946654
-0,00715778
-0,01995047
-0,000386125
0,02116359
0,02840059
0,01100544
0,02399481
-0,02165333
0,004040946
-0,02843529
-0,01571818
-0,02736852
0,000259254
-0,02095456
0,002037476
-0,009139106
-0,02283153
-0,02773539
-0,003851968
0,02009685
-0,0285368
0,005020131
-0,004840777
0,01181619
-0,01348812
-0,02684543
-0,02652399
0,02285579
0,0297102
0,01738415
0,008062121
0,01744403
0,002721508
-0,01253129
-9,51239E-05
-0,01827855
0,01462479
-0,009857769
-0,01470445
0,006139024
0,005710873
-0,001028449
0,02578885
0,01497899
0,02749246
-0,01373367
-0,003784476
0,005789854
0,01520135
-0,001188951
-0,009305002
0,02551286
-0,006543791
0,01498416
0,03280128
0,01670583
0,008175842
0,01380483
0,00190134
0,02300988
0,02021667
-0,02410875
-0,0143501
0,0301942
-0,007160948
-0,005961606
-0,004005768
-0,02002617
0,00899124
-0,01054305
0,009280248
0,02570354
0,01466668
0,01859771
-0,01870693
-0,005131005
0,006689841
0,01029355
0,01025125
0,03517424
0,003195174
-0,006456553
-0,02720115
-0,0004493541
-0,002628514
0,01835604
-0,005448868
0,01114218
-0,01602315
-0,003013761
-0,008876079
0,01436076
-0,0009447797
-0,009418825
0,02575051
0,002193127
-0,001693983
-0,01748626
-0,0005954551
0,02229674
0,02213181
0,01540065
0,0543807
0,0151697
0,02534278
-0,003358217
-0,0336481
-0,008086284
0,0008100746
0,006621357
-0,01315248
-0,03411226
-0,01313981
0,01540075
-0,02937796
-0,02795655
0,02611252
0,003486491
0,001057471
0,006521578
0,01515133
0,002389721
0,01437928
0,02879628
0,02258002
0,01636334
-0,01408869
-0,009513176
0,01747895
0,00102282
0,01254147
-0,01252813
-0,01486397
-0,02249128
-0,03932682
-0,02348056
-0,03165961
-0,01935922
-0,006105512
-0,06281636
0,00541862
-0,03895074
-0,01986543
0,02255382
-0,01056105
-0,0232551
0,01650348
-0,03184051
-0,03803068
0,006744007
-0,0006452922
0,03363621
0,03490587
-0,02893646
-0,02416977
0,0192886
0,02190966
0,04821347
0,01406975
-0,01197096
-0,05425809
-0,01205895
-0,0111264
-0,01034859
-0,02548449
-0,01051703
0,03526056
-0,02091309
0,01732779
0,04870512
0,02344582
-0,006452974
0,02865843
-0,002345034
0,00721742
-0,007525267
-0,0275855
0,0195876
0,01137477
0,01042463
-0,04968078
-0,03156117
-0,01314207
-0,005268287
0,0179965
-0,05100684
0,01846361
-0,0324255
0,004684136
-0,04190299
-0,02089286
0,002881839
-0,05297695
0,003613152
0,001839367
-0,04756624
-0,007717432
-0,0430232
-0,03282493
0,01226719
-0,008930733
0,02942944
-0,01097945
-0,05638198
-0,05309651
-0,02504354
0,03474844
-0,03313967
0,002668273
0,03745163
-0,05964253
-0,02099315
-0,03347925
-0,08492867
-0,0769638
0,02011934
0,01586003
0,05019759
0,03872465
0,00777169
0,04214653
0,0186826
-0,009111871
-0,02449319
-0,01489325
-0,027445
-0,02633055
-0,01665228
0,001438115
-0,01032
0,0388827
0,02016535
0,002913182
-0,00551082
-0,0650301
-0,03330139
-0,01267119
-0,03593393
0,06043066
-0,02638776
-0,06449189
-0,01391222
-0,02938799
-0,03426205
-0,03978768
0,002547521
-0,0528687
-0,05611854
-0,01246611
0,04333829
-0,02375663
0,05914619
-0,03672197
0,00198072
-0,05716607
-0,06619322
-0,05878212
-0,06366779
-0,02045343
-0,03126542
-0,03526583
-0,0002829931
-0,01292365
-0,03582738
-0,01528117
0,009062367
0,05848331
0,0656366
0,01671222
0,03771912
-0,01004591
0,01047959
0,03226092
0,02381345
-0,0006304111
-0,004097912
0,02067748
-0,03765461
-0,0294165
-0,04986425
-0,006165214
0,038407
0,01273183
-0,01298761
-0,01570826
0,03469968
-0,01570226
0,03104668
0,07245163
0,02486688
0,002091815
-0,06629109
-0,05309828
-0,01796048
0,01166634
-0,0008515511
-0,02875038
-0,09506971
-0,06135137
-0,0678769
-0,08792054
-0,1302754
-0,05834609
0,01617313
-0,01166477
-0,115338
-0,01322481
-0,0729948
-0,0711793
0,01502994
0,03330029
0,008790883
0,01503285
-0,02866045
-0,1104758
0,00280139
0,07807461
0,04898871
0,05661796
-0,003667635
-0,003671613
0,02015957
0,007689592
0,04477248
0,03400186
0,02869927
-0,01587249
0,0277261
0,03075718
-0,03908895
-0,007000816
-0,002519987
-0,03970015
-0,03347207
0,04636868
-0,02183264
-0,02085704
-0,05685469
0,003751345
0,03517057
0,03201734
-0,04628043
0,006729159
-0,02082812
-0,009082392
-0,0003414678
0,03869724
-0,07332861
-0,03073746
-0,05012995
-0,03793789
-0,02519966
-0,04969372
-0,007736554
0,01967351
-0,02418634
0,02656641
0,08845071
-0,04842852
0,007749795
0,05534007
0,01793703
0,04244104
-0,02537272
-0,02724852
-0,0111457
0,0806097
0,06219685
0,07294351
0,01877038
0,005300241
0,002297958
0,004475005
0,0320229
0,01738711
0,03612443
0,02982616
0,02992164
0,01962582
-0,03154628
-0,01478665
-0,04951011
-0,04222869
-0,05635029
-0,03549861
0,03375222
-0,02954727
0,008435455
0,1011313
0,076155
0,01380349
-0,05319282
-0,02123825
-0,04753412
0,02241828
0,002433395
-0,01041218
-0,08411167
-0,008595676
0,003485574
-0,02155088
-0,01898485
-0,1163388
-0,08797419
0,01007928
-0,04182588
0,09667354
0,1362243
-0,02648398
0,02783049
-0,01026247
0,03124984
0,01225102
0,02841616
0,001474703
-0,005856895
0,01005808
0,07137192
0,06974293
0,003514761
0,01093204
0,01511331
0,0006871864
0,008700422
0,0245982
0,05020474
0,008743236
0,01532658
-0,0003340538
-0,046833
-0,04749485
-0,08084749
-0,05176305
-0,05241864
-0,09030908
-0,1039244
-0,04485131
0,05189776
0,07855828
-0,001562405
0,03214254
0,07916182
0,02907838
-0,05526261
0,01840768
0,06128174
0,08011168
-0,1115351
-0,05196063
-0,04403374
0,03516936
-0,1438864
-0,1208963
-0,06018227
-0,07882153
0,03557493
-0,04789035
-0,09495246
-0,02521253
0,05975782
0,09128487
0,01205169
-0,008648695
0,0500024
0,02948737
-0,03305712
-0,09222286
0,005585572
0,02916424
0,007967607
0,01274847
0,001598519
-0,01125932
0,02302776
0,02014554
0,03686912
0,0183671
0,02094949
-0,006093543
0,04399074
-0,077228
0,02475055
0,002196615
-0,05744679
-0,1094395
-0,116355
-0,09453056
-0,05643394
0,05124384
0,00150961
-0,09709528
0,08383501
0,02812965
0,07374194
0,1691579
0,03404682
0,01742764
-0,1043376
-0,02915419
0,02686662
-0,03686472
0,04926641
0,1461826
0,08619488
0,02058088
-0,004617592
-0,121556
-0,1256722
-0,0001246585
0,09844602
0,07553546
0,08832965
0,08997068
0,02952041
-0,08548432
-0,02478635
0,0152618
0,07923698
0,005467912
0,05306536
-0,004779814
0,004485995
-0,03609672
0,005980345
0,02304217
0,04111561
0,0007422774
0,001227694
0,004027822
0,02273592
0,01986261
0,02513155
-0,01100238
-0,09835795
0,009404222
-0,0652542
0,01847475
0,0230807
0,007843117
0,05454293
-0,005652816
0,04234957
-0,04961685
0,06212811
0,1247664
-0,07039335
-0,04144265
0,005072203
0,122825
-0,06724031
-0,05504454
0,01874119
-0,01710012
0,06144085
0,01231142
0,06194311
0,05891228
-0,07688215
0,1434411
0,07855573
0,1256396
0,0003129218
-0,06014482
-0,01763804
0,07505718
-0,02257268
0,1054382
0,05257939
-0,04744341
-0,0142382
0,03409581
0,007601277
0,006926776
0,01869538
0,01714161
0,0289295
-0,007714618
0,02819542
0,01140216
-0,01631188
-0,02175647
0,05614057
-0,08779865
-0,0956293
-0,0828371
-0,05957614
-0,1480509
-0,02319748
-0,002492936
-0,03417587
-0,00494423
-0,02711469
-0,006578265
0,01771032
0,004251192
-0,02548422
0,05857415
-0,05193745
0,0454707
-0,0324052
-0,02438183
0,04952388
0,03058797
-0,0370363
0,02328108
0,1647337
-0,06999239
-0,1093952
-0,01017575
0,1254431
0,01626886
0,100973
0,1554084
0,101748
-0,02086333
-0,08387058
0,06048517
0,08231279
0,05827719
0,02540207
0,04816651
-0,04548357
-0,03054631
0,008253354
0,04341108
0,03755403
0,0235935
-0,01230244
0,008219088
0,01391351
-0,008152956
-0,05934896
-0,07942177
-0,04480113
-0,1437714
-0,09469087
-0,08443994
-0,0229319
-0,04111049
-0,02237797
0,08073509
0,0757929
0,1169769
0,08222196
0,1195787
0,06723798
-0,01181163
0,06904649
0,02745766
0,1324763
0,02729436
0,04078266
-0,01564199
0,01795698
-0,01931959
-0,09044226
0,02831065
0,01740945
0,1387547
0,1061672
0,02097183
0,03507134
0,05273258
0,1221968
0,01752927
-0,03542911
-0,07512018
-0,005387441
0,04819263
-0,03425443
0,06588311
0,01844065
-0,02467167
-0,02653886
0,02338755
-0,01047027
-0,005748644
0,0161304
0,01517332
-0,01025361
-0,01009493
0,0174909
-0,02821032
-0,03949758
-0,1024144
-0,06090067
0,07457805
-0,01443451
-0,05933161
-0,0933147
0,02717222
-0,08452216
-0,02732583
-0,06626161
-0,1258034
-0,01994974
-0,06288693
0,05332069
0,03319234
0,0743297
-0,02588362
-0,02348593
-0,09120055
-0,119776
-0,04462457
-0,1344166
-0,06832539
0,002259285
0,06002508
-0,07611199
-0,06960893
0,05229831
-0,01702946
0,08805868
-0,0992211
-0,09278203
0,04596652
-0,02825533
-0,05581677
-0,03007007
0,03575265
0,04145192
-0,08484381
0,02204504
0,01591443
-0,01168598
-0,005015172
-0,007859321
-0,02803727
-0,03592173
0,01446573
0,07340154
0,01711782
-0,1095249
-0,07148106
-0,02634441
0,04460758
-0,06910436
-0,06472144
-0,02552976
-0,06104399
-0,05219892
-0,07157011
-0,06151271
0,0169796
0,02103031
0,05350104
-0,04630151
-0,09151536
0,0751549
-0,04995975
-0,0296747
0,1408531
0,05777527
0,07764318
-0,09610482
0,003314903
0,07815646
-0,0145772
0,01525203
0,0556034
0,05661301
-0,06008249
-0,07879653
-0,07691047
-0,02986183
0,03398056
0,001415386
0,1191542
-0,02575124
-0,05188465
-0,051839
-0,1091189
-0,03534666
0,04017922
-0,0173659
0,02274744
0,02261974
-0,01436491
-0,001343088
0,02233552
-0,01408291
0,02377622
-0,05942699
-0,08465952
-0,05741338
-0,1171481
0,0007169357
0,04775457
0,1224898
-0,04158139
-0,06950258
-0,01572911
-0,1522012
0,09228838
0,004646902
0,03654591
-0,02860939
0,0533187
0,1044098
-0,03653815
-0,03620699
0,1403208
-0,04284586
-0,1865693
-0,1512365
-0,1628619
0,09106755
-0,0366971
-0,008239123
-0,04412083
0,1175103
0,07771591
0,05019124
0,03761256
-0,07770322
0,01763364
0,08250122
0,1237515
0,05863143
-0,01109888
-0,05837473
-0,05384577
-0,004865508
0,02077078
-0,03904411
0,01123486
0,01056821
0,001957534
0,02806604
0,04899042
-0,001694953
-0,09389141
-0,1267478
-0,08892947
-0,1073187
-0,09979036
-0,03289755
-0,0717663
-0,07700139
0,03455616
-0,09185032
0,1016838
-0,03541639
0,04021274
0,0008887619
-0,03008045
-0,1780777
0,07185018
-0,04941524
0,1042576
-0,03199195
-0,1165302
-0,007015422
-0,218122
0,12742
-0,03728672
-0,01189984
0,04098099
-0,021163
0,03895827
0,02895092
0,1638233
0,01572532
0,007327215
-0,01497524
-0,05036747
0,02811829
0,1208141
-0,0164973
-0,04610875
-0,1207348
-0,0775388
0,03734069
0,00668346
-0,02180411
-0,01486635
0,001167458
-0,008757677
0,02257865
-0,01051012
-0,04768269
-0,1191387
-0,129648
-0,02729538
0,0106005
-0,157501
-0,03331101
-0,1789618
0,01823863
-0,07789804
-0,06818724
-0,03891392
-0,03363283
0,04692727
-0,02512462
-0,02709611
-0,02738178
0,2021306
-0,0349034
0,1635157
0,1353309
-0,01789508
0,162122
0,07653462
0,01130379
0,03864298
0,1222566
-0,03834233
-0,114836
-0,09575155
-0,1533879
0,009487092
-0,01005411
-0,01277037
0,02334291
-0,003266919
0,00924837
0,03627519
-0,02664399
-0,07617825
-0,1247842
-0,0643314
0,01235716
-0,01231003
-0,008890642
-0,0116138
0,02818097
-0,02973326
0,0104039
0,01755664
-0,03637089
-0,0407906
-0,09271815
-0,236909
-0,1778831
-0,1111288
-0,08227598
0,004195655
-0,07673657
0,05305661
0,05461756
-0,1691165
0,08815148
0,003206187
-0,07074662
-0,1067832
-0,06496262
0,04217961
-0,08116972
-0,03873201
-0,1781777
-0,0771999
0,1029007
0,07242887
-0,01120118
-0,1624289
0,02017311
-0,03137095
0,09031589
0,08895998
0,01207744
-0,01052699
0,03951171
0,08338216
0,05855655
0,1137933
-0,07041659
-0,02517147
0,06607528
0,01508172
-0,02612303
-0,03813192
0,005119406
-0,02726753
0,009894933
0,008840916
0,005190234
0,02738942
0,03113876
-0,004560586
-0,07246026
-0,1403222
-0,01437337
-0,1414342
-0,176824
-0,03485803
0,004466952
-0,06549034
-0,07229327
-0,03428959
-0,01993068
-0,1241727
0,02121046
0,08880381
-0,02328275
0,006406266
0,02015003
0,05770431
0,03418438
0,1700916
0,08448346
0,1028651
-0,1308983
-0,05111386
0,03192787
-0,08609287
-0,003455065
0,2282704
0,1603867
0,07969301
0,03437505
0,02203468
0,162798
0,03037538
-0,04821003
0,08636762
0,005660166
0,05743648
0,05545338
0,0510223
-0,1127422
0,01371165
-0,01677196
-0,03959326
0,003614844
0,00734753
0,01423986
-0,01229896
0,04616841
-0,0587563
-0,06017808
-0,2076377
-0,01866826
0,004518148
-0,06770658
-0,06062624
-0,01043595
0,01632268
-0,05890658
0,09120786
-0,07970196
-0,0644764
-0,1694981
0,06575403
0,09850097
0,05289718
0,02829728
0,2032319
0,0611138
-0,1467646
-0,06862602
-0,1272795
-0,09714311
-0,1455908
-0,01422097
0,06246764
-0,06272587
-0,03151356
0,001866011
0,006936839
0,110668
-0,147574
-0,07874371
0,008541986
-0,06346752
-0,0257455
0,04917255
0,02063755
0,01640009
0,04872034
-0,006345286
0,03914082
0,03192405
0,009454088
0,02496239
-0,02416464
-0,02521634
0,01848787
-0,05470211
-0,04607911
-0,085379
-0,1386518
-0,02187747
-0,1558422
-0,116476
-0,1335448
-0,1684607
-0,06915891
-0,006060893
0,02709817
-0,04534809
-0,0303434
-0,008309594
0,0136053
0,03198255
0,03347971
-0,2171899
-0,09098814
-0,04842294
-0,2067567
0,0821408
-0,06331077
-0,1112382
-0,1175967
-0,01984317
0,003463235
-0,02427413
-0,04489917
0,0118858
-0,1084292
-0,08675257
0,00555386
0,03073624
-0,0138736
-0,07054784
-0,05577594
0,0254979
0,01514673
0,05305384
0,1027441
-0,02574787
-0,002356374
0,02163034
0,03637066
0,01310757
-0,009244891
0,01062046
0,02999942
-0,007114434
0,004970772
0,03802011
-0,144066
-0,02343751
-0,05467076
0,01225063
-0,0538924
-0,1387296
0,1164194
0,03779903
0,08684298
-0,07337362
0,005144221
-0,1366496
0,0397969
-0,006577984
0,05272897
-0,08415815
-0,01506161
0,06328793
0,09703288
-0,1258362
-0,1003344
-0,1306306
0,005932002
-0,1922746
-0,1148224
0,03554649
0,04465015
0,02118659
0,00156299
-0,03535945
0,07270236
-0,03979171
-0,1731778
0,05384331
-0,09168946
-0,01830342
0,04215033
-0,004798287
0,1290641
0,06531487
0,04989183
0,06194424
0,04993184
0,00608913
0,007075658
-0,01749049
0,005511452
-0,05530716
-0,02210046
0,01878809
-0,09105155
0,02364596
0,01005611
-0,08519677
-0,08683084
0,02719678
0,04669371
-0,02887069
0,08889014
-0,1038663
-0,02878381
-0,06088779
-0,01097245
0,07518203
0,001853854
-0,221538
0,04070222
-0,04092576
-0,01223012
-0,002536356
-0,1225382
-0,1587329
-0,0796353
0,00643477
0,0943279
-0,2182648
0,1245946
0,01298217
-0,0434094
0,09640528
0,1380075
-0,0004551164
0,04692491
0,04717545
0,07441754
0,0365936
-0,01283504
0,05853836
0,1160353
0,0624474
0,04835233
0,03289073
0,002952436
-0,02104935
-0,01045389
0,02028814
0,0780053
0,04624342
0,09023891
0,07462112
-0,09114422
0,05524023
-0,02986602
0,03790215
-0,007577453
0,05595876
0,07979779
-0,04651211
0,05988586
-0,02286299
-0,04578707
-0,03814604
0,01336212
0,003291079
0,01613055
-0,1431727
-0,1713895
-0,03069437
-0,1877933
-0,06409111
-0,1251918
-0,03701067
-0,1061895
-0,1499529
0,09841938
0,01845464
-0,1706026
0,1031923
-0,09759729
-0,02952364
0,1034272
0,1006483
0,1056289
0,05072535
0,02574175
0,01214613
0,0835273
0,06914012
0,09591292
0,03873511
-0,008463863
0,008223711
-0,01322675
0,02183855
-0,0250267
0,02005387
-0,009385053
-0,05378358
0,04620676
0,09520449
0,1076861
0,108326
-0,08348937
0,01260518
-0,08382691
-0,06003594
-0,02314256
0,1095508
0,1694761
-0,1071623
-0,06650307
0,06646089
0,1330119
-0,1117956
-0,1267387
0,01950168
-0,1658687
-0,1823637
-0,220199
-0,2394573
-0,153718
-0,04415449
0,1212184
0,002138428
-0,003874364
-0,01907622
-0,1100724
0,07938036
-0,1385334
0,01668401
0,08448641
-0,009356899
0,06493643
0,08645754
-0,03537863
0,1039214
0,1150501
0,08398596
0,04576304
0,0590214
0,05195127
-0,005867795
0,01884742
-0,03313465
0,0001366237
0,0567734
0,04288528
0,05753447
-0,004491353
0,1012187
0,1517776
0,07855932
-0,01854303
0,04895412
0,1601847
0,142156
0,1858692
0,06201993
0,0591579
0,03020188
0,1705464
0,1126098
-0,04671373
0,1489222
0,07595678
0,1749002
-0,1035237
-0,1045626
-0,7259911
-0,3495829
-0,198351
0,2108111
-0,01920555
0,1660426
0,02221975
-0,02525899
-0,02146501
-0,002315317
-0,02374648
0,01592374
-0,06843363
0,08561473
0,05778549
0,07255176
0,04430533
0,109245
0,008619421
-0,02309645
0,01917294
-0,0152477
0,03475956
0,004564702
0,01770802
0,01085571
-0,02265676
0,03230834
-0,05975969
-0,07138042
0,1336811
0,2030456
0,1989707
0,1096869
0,06883515
0,009818633
0,02143461
-0,06651793
-0,04572009
0,036
-0,01283861
0,06009135
0,212722
0,1850849
0,1057633
0,3829745
0,3019825
0,3010699
0,3674187
-0,2194611
-1,049578
-0,8060457
-0,2998367
0,1598221
0,1078847
0,08319504
-0,0665464
-0,1464677
-0,1044784
-0,03371826
-0,08799317
-0,2485882
0,04081381
0,002172472
-0,05589438
0,1346165
0,0671841
0,0959732
0,03284205
-0,0467525
0,06679586
0,05678697
-0,004029293
-0,02957438
0,003408123
-0,02653639
0,0003520702
0,02244542
-0,01134977
-0,02697126
0,2693482
0,2281597
0,0489593
0,06416697
0,09229649
0,06748898
0,01014138
0,08882105
0,08865642
0,08164193
0,007495344
0,1706745
0,1833378
0,04627182
0,1890403
0,3334083
0,3858303
0,1922323
0,3048208
0,07909678
-0,7487691
-0,7697709
-0,2527506
0,2024185
0,1418477
0,007278645
-0,008715368
0,04672195
-0,1975711
-0,09819509
-0,264133
0,01575609
0,1091235
-0,01021604
0,07876347
0,001768123
-0,08870142
0,01697254
-0,02987931
0,07639687
0,06634805
0,04870487
0,01459386
-0,03539309
-0,01295403
-0,02358984
-0,02164549
-0,02322462
-0,0210782
0,0292932
0,1328539
0,09331355
0,215069
0,2468401
0,07222389
0,1159715
0,03095391
0,07199248
0,04624927
0,103793
0,1257086
0,1278289
0,008605948
0,2022357
0,1962896
0,3251796
0,5201932
0,4382284
0,3762933
0,1758531
-0,9000152
-1,242506
-0,6133016
-0,2120405
-0,01105248
0,01735588
0,02302291
-0,2178666
-0,2096327
-0,2654047
-0,150204
-0,2057012
-0,139064
-0,030159
-0,08847952
-0,01760393
-0,002292957
-0,03396432
0,0001999997
0,01258814
-0,01861675
0,01901013
0,02087147
-0,02780533
-0,007636784
-0,02763483
0,02577564
-0,04206304
0,004588632
0,02200234
0,0363531
-0,01863985
0,02263443
-0,009394024
-0,003934948
0,1878502
0,1074987
0,006299701
0,02094532
0,1511572
0,1398662
-0,08359774
0,0192283
0,2400851
0,2529254
0,2145191
0,3033641
0,4442819
0,3754352
0,3633361
-0,6338492
-0,8080792
-0,8319686
-0,1980181
-0,2235375
-0,2794766
-0,1881491
-0,3087631
-0,1425475
-0,218542
-0,2121541
-0,2142685
-0,005548412
-0,1084408
-0,085522
-0,05762379
-0,05924273
-0,1050943
-0,06938478
-0,04618692
-0,00417972
-0,001615124
-0,01234891
0,003795449
-0,00305757
-0,01307311
-0,006252076
-0,02569232
-0,07218508
0,05810166
0,1110067
0,09037727
0,1094339
0,1350863
0,1294256
0,04587871
-0,07803249
-0,03225626
0,1829971
0,133065
0,005536139
0,01934079
-0,03059276
0,1170263
0,1233946
0,1315818
0,2375283
0,4534034
0,4420205
0,2746484
-0,3372807
-0,7531406
-0,5437513
-0,4357591
-0,2160351
-0,2832351
-0,3380369
-0,4754285
-0,2362308
-0,2276076
-0,2453039
-0,05558693
-0,1055634
-0,1300598
-0,1040317
-0,00740259
-0,1112641
-0,06377412
-0,06260283
-0,06525254
0,002103859
-0,02249484
-0,04319231
0,00310377
-0,01907998
-0,01539067
-0,007707936
-0,06391636
-0,1360364
-0,03227813
0,03121191
-0,02059882
0,1741246
0,1717028
0,1080191
0,1305519
0,06866831
0,09276029
-0,06943922
0,1114029
0,02596865
0,1044573
0,1248836
-0,03046043
0,2033341
0,1583221
0,1296599
0,3592846
0,4702393
0,3023312
-0,3332151
-0,5429548
-0,4969674
-0,2795011
-0,5206916
-0,2490453
-0,1791115
-0,3781577
-0,3324621
-0,2740758
-0,3918359
-0,1881674
-0,3211195
-0,2463745
-0,1442994
-0,08725622
-0,05524384
-0,05146378
0,0388856
0,03153889
0,0390659
0,01648151
-0,04239134
-0,03846115
-0,02240587
0,01040113
0,01666261
-0,03585221
-0,04942363
-0,006300141
0,1694593
0,1080777
0,0134902
0,07194579
-0,05638
0,02085426
0,07212655
-0,07615052
0,002278423
0,1070444
0,1553675
0,2152947
0,06400826
-0,05727736
-0,0297696
0,01713641
-0,001075851
0,1944691
0,2424269
0,4864283
-0,1307843
-0,3182679
-0,3542252
-0,2091426
-0,101629
-0,1510151
-0,1210556
-0,2287452
-0,1636784
-0,3582914
-0,171859
-0,08192454
-0,195654
-0,1408183
-0,02924309
-0,001836727
0,07788657
0,0255396
-0,02339335
-0,002106926
0,03222704
-0,0265171
-0,001816397
-0,05076913
-0,03387449
-0,02162053
-0,03072916
-0,04250765
-0,03413222
0,03364944
-0,03153264
0,07830524
-0,02935682
0,01188135
0,04907219
0,0607587
-0,1252031
0,05526017
0,02287103
0,06882892
-0,01015357
0,1429903
0,03038468
-0,04333272
0,06473156
0,08255907
-0,05618323
0,1584655
0,4767971
0,3333457
-0,03459097
-0,2153779
-0,1951271
-0,2593442
-0,3396775
-0,3827101
-0,1263164
-0,3068115
-0,06414405
-0,1862398
-0,1493965
-0,1592318
-0,09335032
-0,08660935
-0,06697448
-0,02688209
-0,000273593
-0,05099325
-0,004081097
0,006352663
-0,009407219
-0,02788552
-0,05829173
-0,03864563
-0,0002413813
0,01221531
0,02030545
0,01066519
-0,05492236
-0,1299494
-0,147025
-0,01334616
0,00674853
0,1163648
0,09021787
0,121753
0,02188391
0,04959763
0,04125945
0,0842323
0,04386117
-0,00856044
0,08576538
-0,003978132
0,01389292
-0,01346983
0,001786064
0,009608731
0,2075505
0,2707556
-0,02585513
-0,05795025
0,008553185
-0,03515499
-0,09902827
-0,1872752
-0,02023113
-0,1648247
0,009951726
-0,03230514
-0,1641964
0,09477815
-0,1348159
-0,1740166
-0,06566016
0,05772798
0,09251299
-0,04418228
-0,05174037
-0,005271574
-0,06093437
-0,03036644
-0,01416573
-0,000445128
-0,04499482
-0,01620481
0,02333209
0,0153755
-0,1258276
-0,2279347
-0,1127381
-0,03492882
0,1220698
-0,01855604
-0,007806129
0,1469293
0,005328729
0,02369332
0,05031178
-0,07357235
-0,0535969
-0,03966577
-0,01215686
0,0200986
0,09131565
-0,09766564
-0,103194
0,00632818
0,08381955
0,0249178
0,1542264
-0,1479013
-0,01393874
-0,1306267
-0,1359406
-0,1415165
0,03070952
-0,1029944
-0,04088495
0,09315836
0,01845596
-0,1224611
-0,09626096
-0,084553
-0,0087896
-0,04239939
0,01256517
-0,1058002
-0,08381727
-0,05233699
-0,03966514
-0,02126553
0,0001744985
0,003545031
-0,0222431
0,01735746
-0,004670163
0,004932348
-0,02309695
-0,09953836
-0,04297801
0,03937788
-0,002672048
0,003466128
0,05002672
-0,04369334
-0,01902647
0,01906446
-0,003034034
0,02736202
0,003097667
-0,06711298
-0,07582666
-0,1009456
-0,1384012
0,003227475
0,07335272
0,1180559
-0,05419941
-0,004352252
0,001367779
-0,09970344
0,193847
-0,03805795
0,03998341
-0,2345588
-0,08613589
0,2070751
-0,02881666
0,1323057
0,09390674
-0,1037249
-0,2503217
-0,2184467
-0,1274808
-0,07179647
-0,09267927
-0,01928118
-0,1003625
-0,05772089
-0,007460181
-0,09355915
-0,03703848
-0,03443451
-0,01215534
0,007763225
-0,02561281
-0,02290156
-0,09658051
-0,1026212
-0,04777812
-0,004277805
-0,08810972
-0,02647243
0,04250608
0,04387685
0,09704129
-0,0739494
0,08439606
-0,03677356
0,01488193
-0,09490022
-0,06322283
-0,04017526
-0,07312361
0,01307938
-0,09503225
0,122739
0,2109029
0,08636689
-0,160014
-0,05488859
-0,06280769
-0,1608914
-0,1038681
0,2407128
0,03125979
0,1074749
-0,00395644
-0,1071025
0,1343114
0,19066
-0,02434503
-0,0795763
-0,03076166
-0,08257925
0,06888801
-0,0114919
-0,04268355
-0,049719
-0,003118578
-0,09243755
-0,02786972
-0,05475529
-0,02944553
-0,01894845
-0,02230673
0,01228492
-0,1320404
-0,09989791
-0,1312307
-0,09252951
0,01426248
-0,04315756
-0,08184694
-0,05325134
-0,1034857
0,04013571
0,01394631
-0,053855
-0,04482699
0,1042291
-0,05923984
-0,1322457
-0,05652884
-0,07289138
0,02670161
-0,02807456
-0,07763877
0,07561778
0,01843819
-0,1626549
-0,06821259
0,1171693
0,05315354
-0,1581459
0,0429665
0,21815
-0,05564643
0,02351473
0,2211273
-0,02060864
-0,1322613
0,004385035
0,0180987
0,0255858
0,07401944
0,06692529
-0,01215944
-0,07475781
-0,03014326
-0,08611642
-0,07990211
-0,002265596
0,005053131
0,004521949
0,01375809
-0,006955724
-0,06822752
-0,1515959
-0,05950757
-0,1376928
-0,07330036
-0,08001555
-0,1219267
-0,06776495
-0,1311879
-0,1046336
0,02456408
-0,01171547
-0,0869097
-0,1848978
0,1167179
0,02277014
-0,07431988
0,01863016
-0,01569789
-0,05340075
-0,1066399
0,001308242
-0,002604219
-0,04222983
-0,1020585
0,06929989
0,1425997
0,1134664
0,02561602
0,1242883
-0,01407357
0,08383668
0,1048281
-0,01997181
0,0127802
-0,03206889
-0,04849815
-0,03271572
0,007902521
-0,01180684
-0,0874862
-0,08498736
-0,0741872
-0,04820056
-0,03578456
-0,000265501
0,003763738
0,02559066
-0,002289874
-0,02517964
-0,01259311
-0,1779966
-0,03250214
-0,004850205
-0,04008396
-0,02578433
-0,01360164
-0,1435987
-0,08400363
-0,1035425
0,02147866
-0,08736014
-0,03849288
-0,04246996
0,09990398
-0,03754599
-0,05177921
0,0001725459
-0,03217658
0,03201205
0,1493291
-0,01943097
-0,06556329
0,1883437
-0,2110516
-0,1057223
-0,2248565
0,1413824
0,01506903
0,1039291
0,1460906
0,04257765
0,09267773
-0,01710749
-0,04673178
-0,06939137
-0,0946037
0,1285563
0,008369363
0,01670904
-0,01009883
-0,08284049
-0,0724142
-0,07997664
-0,05560194
-0,005395478
0,01249905
0,03109778
0,01529128
-0,04339701
0,02218751
-0,09162208
-0,09802295
-0,000971512
-0,03451886
-0,06401859
0,0002324728
-0,0627086
-0,001508121
-0,1365772
0,004439909
-0,08866996
-0,09011557
-0,03489112
0,06652666
0,05068569
-0,05682343
0,06811684
-0,04373135
-0,08599366
-0,02899672
-0,1528172
-0,01903421
-0,008891765
-0,04554196
-0,001301772
0,04182643
0,1844687
0,1131568
-0,03763687
0,1410297
-0,06483743
0,1119427
0,09482753
-0,001192217
0,01067786
-0,1091466
0,04504288
0,08672765
-0,003123035
0,01916043
-0,03012303
-0,0646096
0,009409747
-0,04059958
-0,04796862
-0,00245461
-0,02265527
0,006867379
-0,004658808
0,01124782
0,003984809
-0,09688979
-0,02841875
0,01199336
-0,09111501
-0,07935206
-0,02256605
0,02157382
-0,1188726
0,02404431
-0,01089791
0,06187701
0,07928911
-0,04367042
0,07990801
0,006686283
-0,1156574
0,02875903
0,02885531
0,006735445
-0,009897473
0,1132834
0,0137474
-0,0128676
0,09129947
-0,05181788
-0,0129426
-0,0315924
-0,1398915
-0,1846311
-0,06618914
0,1806141
0,09441458
0,06013883
-0,05547319
0,04123986
0,09352533
0,0343375
-0,005531749
-0,01880681
-0,06708265
-0,0013256
-0,0009712506
-0,04683206
-0,06124726
-0,001349688
0,005535156
-0,01901128
0,007826047
0,02304715
0,03179759
-0,06036852
-0,05074182
-0,1161952
0,02519086
-0,04532558
-0,0635899
-0,02884993
0,07423737
-0,005004934
-0,02101374
0,02657977
-0,06772934
0,0823437
-0,009417119
-0,04791409
-0,01073873
-0,05085784
-0,008004015
-0,09520551
-0,02182739
-0,01678113
-0,04466048
-0,1122639
-0,07684644
-0,1609735
0,02029903
-0,1095099
0,08545787
0,08935567
0,05278415
0,07057048
-0,005336834
0,0392483
-0,02662932
0,02482451
0,07577677
0,05908716
0,1486685
0,04964019
0,004253794
-0,03639209
-0,04481628
-0,03533926
-0,05521918
-0,02729548
0,001856536
0,01332744
-0,002764569
-0,002512599
-0,0524442
-0,04369093
-0,05576342
-0,06666592
0,06088243
-0,08811413
0,03176016
0,04083016
-0,06866363
0,1339141
0,1201706
-0,02141839
0,1703379
0,01476448
-0,1580755
-0,03641573
-0,04198338
-0,04188396
-0,06499326
-0,07261159
0,07754827
-0,1490264
0,04282929
0,02227118
0,1535106
0,09217285
0,04637492
-0,03532209
0,01393728
0,06676427
0,03669117
0,04097058
0,0755989
-0,04434472
0,1457936
0,03545295
0,1457236
0,09534793
0,1376927
0,01714647
0,04663287
0,003734823
-0,05855495
0,01187965
-0,002828083
-0,01092211
-0,01905819
-0,01220637
-0,02133274
-0,02417194
-0,08368343
-0,06695493
0,04232745
-0,1424578
0,01292181
-0,04644013
-0,2231448
-0,1056692
-0,02082302
0,03905452
-0,01918559
0,0375929
0,2226848
-0,02866594
0,1427015
-0,06344227
0,1550193
0,2025848
-0,2142083
-0,04679878
0,04013291
-0,06195797
-0,07680231
0,03396206
0,004457349
-0,08410242
0,1582884
0,1240983
0,1776817
0,03692958
0,01138798
0,1040209
0,05217474
-0,08285103
0,03405499
-0,04315212
-0,1383245
-0,03117377
0,07132192
0,1217063
0,01515945
-0,03929202
0,02259044
0,04325628
-0,007804823
-0,022134
0,01504679
-0,01906276
0,01087784
-0,03014725
-0,06491803
-0,1033449
-0,128467
-0,07970247
-0,1067221
-0,09160176
-0,00993117
-0,04581588
0,05566086
-0,00529022
0,08454318
-0,04948327
0,01598184
-0,1184095
0,001191862
-0,04388564
-0,06967057
0,06914727
-0,07654694
-0,03645008
0,0463871
-0,01005666
0,02769239
-0,1024715
-0,1111036
-0,03271355
-0,01000645
0,1079976
0,0481176
0,08409431
-0,01544908
-0,03318311
-0,07392491
-0,03609492
0,01897203
0,2125856
0,06033048
-0,1217853
-0,02546585
0,04608137
-0,004721544
-0,02674508
0,02040154
0,004820231
-0,003768197
0,02240109
-0,02250428
-0,03001412
0,00297327
0,00658115
-0,01703979
0,006341204
-0,07457258
0,01223644
0,008746932
-0,1005182
-0,02519181
-0,03027461
0,01461591
-0,08319818
-0,00463441
0,1116482
-0,07858822
-0,1083729
-0,03817124
0,0005186127
-0,1154083
0,04760422
-0,01600698
0,05856989
-0,1092822
-0,1021529
0,02238836
0,0994781
-0,04166112
-0,02829054
-0,0492239
0,1244047
-0,2457828
-0,006433795
-0,002502265
0,00566083
-0,08640888
-0,01882194
0,000579244
0,0879216
0,03466376
-0,01381127
-0,03113042
0,009364884
0,06528264
-0,06853209
0,01576297
0,006650179
-0,0196585
-0,000116983
-0,01128759
0,02383721
0,01392642
-0,02929244
-0,02042632
0,04261948
-0,0819693
0,018767
-0,01117497
-0,1193548
-0,028956
0,0956655
0,005870604
0,09243333
-0,02886047
-0,09664331
-0,06336308
-0,08764257
0,1020543
0,08972546
0,04053741
0,1201305
0,03942464
-0,04719111
0,001335926
-0,1135738
-0,1296863
-0,03512692
-0,07380285
-0,1332146
0,04840395
-0,01300925
-0,1223945
-0,04465705
-0,04881645
-0,04950498
0,0342556
0,03445465
-0,01016304
0,1183324
0,09001719
-0,05240075
-0,0463257
-0,1273832
-0,01562134
0,00351596
0,01002077
0,03345462
0,004603823
0,0127131
0,02194048
6,526129E-05
0,02288227
-0,003879529
-0,002072626
0,06363565
0,04489188
0,03361387
-0,01732527
-0,08378486
-0,0122342
0,00886303
-0,0273033
0,1042116
0,1260685
0,04263496
-0,04196492
-0,03825141
-0,03379458
-0,08459897
-0,006084736
-0,09957905
-0,1684097
0,03957237
0,03813328
-0,07090693
-0,1012669
-0,008174989
-0,1487565
0,04372882
-0,0292756
-0,04640052
-0,07282452
0,07497949
-0,06714265
-0,1078693
-0,02324673
-0,1336116
-0,1520049
-0,05219482
0,08102577
0,03877567
0,03566077
-0,03385476
-0,07136498
-0,06820135
-0,01574233
0,006912484
-0,006566008
0,0009280525
-0,02539052
0,02206979
0,01110473
0,01770322
0,02489574
-0,01343411
-0,01873953
-0,08865465
-0,01993002
-0,119056
0,008167931
0,1437864
-0,1012231
-0,1578407
-0,01944495
-0,0443047
0,08590712
0,04041615
-0,02133552
-0,02054692
-0,05300711
-0,06236359
0,2091791
0,02607228
-0,00346346
0,02397624
-0,03449688
0,01120168
-0,138654
-0,1738272
-0,02874519
-0,1606944
-0,1102212
-0,1543667
-0,03931556
-0,008422304
-0,2620879
-0,1408582
0,05265047
0,07281134
-0,002778574
0,03497238
0,03488836
-0,0287848
-0,1212794
-0,04424588
-0,03556169
-0,007402129
-0,001635044
-0,0205978
-0,03342823
0,004438542
-0,003949909
0,002408156
0,05768679
0,05211185
-0,03046802
-0,100089
-0,1312771
0,01451962
0,09720355
-0,07507249
0,06143288
-0,07663794
0,06259411
0,009943485
0,04025532
0,03784035
-0,04377279
-0,0181567
-0,2339392
-0,00968146
-0,02017722
0,1505098
-0,05423224
-0,02092084
0,08684433
-0,004541904
0,08596968
0,04820127
0,07030027
-0,1740885
0,04441662
-0,09177846
0,003784883
-0,02363405
-0,1335838
-0,01936512
0,05112818
-0,01735356
0,006329226
-0,0368261
-0,003013316
-0,0004444501
-0,07554525
0,01372959
-0,01062832
-0,0108974
-0,041246
-0,02641168
-0,05654903
-0,02070695
-0,002981349
0,01092851
0,04437968
0,04362186
-0,0671296
-0,08428655
-0,02617102
-0,04674954
0,03381326
-0,1020018
0,02748073
0,07348429
0,1520477
-0,03417451
0,02538911
0,05761737
-0,0595223
0,1240477
0,09203815
-0,1219103
0,1313006
0,02571332
-0,08504178
-0,04348658
-0,05119891
0,1569678
-0,03258753
-0,09419502
0,09176753
-0,1510224
-0,05616912
0,01015669
-0,1746474
-0,1219339
0,04321553
0,05948338
0,1418967
0,04344057
0,03322992
0,03533705
-0,1010429
-0,01974979
0,0807846
0,03527009
0,02703793
-0,008159664
-0,02608522
-0,03756219
-0,0009914869
-0,001719023
-0,01115087
-0,02018885
0,04396656
0,0103764
0,02596864
0,03903799
0,05854886
0,00978146
0,03044861
-0,06056132
0,09844187
-0,06462228
-0,03645289
0,01815273
-0,03938761
0,08924338
0,02598356
-0,00068137
0,01671336
-0,07388029
0,0127659
-0,03006274
-0,0257455
-0,09837435
0,1575485
-0,04793515
-0,1286805
-0,03699105
-0,09701751
-0,04635444
0,06432855
-0,08998447
-0,1163283
0,04000725
0,1404985
0,03941417
0,1844449
0,05737833
-0,003368023
0,007589408
0,0842745
0,05352457
0,04432018
0,1156015
0,05541614
0,04547647
0,02515067
-0,06226371
-0,01507627
0,01583677
-0,009456193
0,05099332
0,02026626
-0,009378655
0,02507981
0,0529311
0,00026523
0,004792525
0,0632053
-0,09016601
0,1008038
-0,09923186
-0,0748362
0,05681402
-0,01825682
0,1646253
0,01934974
-0,00998748
0,04778931
0,03354377
0,0654996
-0,02564195
0,005614964
-0,03541307
-0,005292709
-0,1386249
-0,1540031
-0,007122529
-0,136831
0,05617819
-0,02420334
0,1320819
-0,02318972
-0,07720183
0,1172959
0,05216934
0,05764965
0,01434278
-0,03137998
0,01197395
-0,02854318
0,019539
0,07901556
0,07268026
0,07610413
0,03331251
-0,0118781
-0,02799063
-0,00242872
-0,02007892
0,0116184
0,002660076
0,01711949
-0,005018726
-0,08070412
0,03272103
-0,1413277
0,02975377
-0,005330293
0,1000242
0,05328264
-0,06327523
0,01118951
-0,01535744
0,02379307
0,1187873
0,1317369
-0,02366138
0,03011364
0,0571817
0,1189381
-0,02732586
-0,1324196
0,04004232
-0,111166
0,01398111
-0,1378507
-0,1225922
-0,02198328
-0,191308
-0,1291419
-0,09182267
0,1562213
-0,05267013
-0,05469399
0,07993679
0,09302849
-0,007062289
-0,05486311
0,03187809
-0,09545565
-0,02871095
-0,01033069
0,06338131
0,0201866
0,06606662
0,01147475
-0,007176793
-0,03721217
0,01844172
-0,00937432
0,03320482
0,07462658
-0,01075638
-0,04776319
0,03178838
-0,09121317
-0,02059446
-0,1355164
-0,0728838
0,00598053
-0,06708804
0,1113508
0,1413555
0,03183801
-0,01441027
0,1498363
0,1710041
-0,09173709
0,03811548
0,06793027
0,1067832
-0,07292723
-0,002057895
0,005887942
-0,1526298
-0,03543593
-0,02830708
0,0580474
-0,0770099
0,05558376
-0,01363322
0,1172051
0,02293368
-0,04521245
0,1639085
-0,05359789
0,114623
-0,0547254
0,04229097
0,09462815
-0,05155664
0,007711259
0,07016928
0,01502228
0,08603684
-0,01932576
-0,0007820406
0,02699767
0,02328969
0,04298632
0,07120365
0,000900729
-0,01916793
-0,08620706
-0,0111306
-0,1165739
-0,05895653
0,02719779
0,09004895
-0,02796014
-0,03114647
0,1260372
-0,008481003
-0,001216932
-0,01407818
0,01691733
0,06038804
0,2044023
0,0004850968
0,01434914
-0,01679168
-0,02003568
-0,06441393
-0,005221585
-0,0864507
0,01297676
0,02188408
-0,09498444
-0,01732672
-0,09311626
0,03545813
0,1450485
0,01681011
-0,06082791
-0,008158926
-0,01048277
-0,004717288
0,02697202
0,1907071
0,1047564
0,005461915
0,03486588
0,01113801
0,02711258
0,04895183
-0,0271293
-0,03358089
-0,02392093
0,02357224
0,01741429
0,07360508
0,006599742
0,01626648
-0,0933576
0,005909367
-0,06033909
-0,1442928
-0,009728558
0,03016939
0,08455281
-0,0107892
-0,04621975
-0,04511544
-0,02904467
-0,08847311
-0,006180685
0,0913021
0,1575611
-0,06532521
0,03990488
0,1028943
0,1505132
-0,1314735
0,01078313
0,01093324
-0,07090468
0,04484101
-0,128454
-0,1520831
-0,01675601
-0,007158871
-0,190046
-0,1770919
0,01769624
0,0142389
-0,03385402
0,04872835
0,01027277
-0,04961905
-0,03222111
0,02420262
0,03614623
0,009419352
0,1021818
0,01062231
-0,0330567
-0,02265315
-0,03981831
-0,005357954
-0,007318716
0,05054817
0,04209211
-0,04253167
-0,117499
-0,04091204
-0,1154567
-0,055955
-0,005945533
0,08777829
-0,0797413
0,04804152
0,07553341
0,07119004
0,03414006
-0,04478144
0,006385576
0,03423336
0,1555832
0,001240084
0,06767402
-0,0411676
-0,0463803
0,2053483
-0,07348902
0,006260834
0,04126678
-0,04036146
-0,01491263
0,02682628
0,09734057
0,1877263
-0,007659367
0,1167923
-0,02244756
0,04481354
-0,01670131
0,04486598
-0,02762761
-0,09852419
-0,02402225
-0,01230032
0,03995259
0,03683164
0,08060001
0,02336377
0,06560098
-0,01470754
0,002850021
0,00282489
-0,006720077
1,27185E-05
-0,01642126
-0,07206298
-0,1120401
-0,04913311
0,06693481
-0,04056374
-0,03805074
0,004596743
0,01072985
-0,01479281
0,00971812
0,06675073
-0,02448831
0,03374829
0,05255545
-0,0007658225
0,04899532
0,03668849
0,03308411
0,06890596
-0,01230336
0,0449099
0,1233066
0,05193302
0,04732158
0,05046361
0,02254365
0,03904389
0,1199007
-0,05185166
0,07102501
0,06814884
0,07305974
0,05256914
-0,06495505
-0,157321
-0,05555625
-0,02068778
-0,04568913
0,09428645
-0,02674381
0,02543412
0,09130678
0,0979049
0,07278056
-0,02402338
-0,03865783
0,008652752
-0,004066187
-0,05164498
-0,03899966
-0,09619208
-0,1020072
-0,03537093
-0,01957211
0,1528292
0,1087139
-0,07256987
-0,03116554
0,04328398
0,01023229
0,03932562
0,1445261
-0,104239
0,08639044
0,006610924
-0,01528916
0,1455473
0,01218722
-0,05026983
0,07663613
0,1496126
0,05054979
-0,2479096
-0,1212196
0,08071601
-0,1429144
0,02276293
-0,001135667
0,04200518
0,05531294
0,05473194
0,07299608
0,06764653
0,06381367
0,05392042
0,1534146
0,0207817
0,01505904
0,05018377
-0,01693719
-0,0009046098
0,0813021
0,0507244
0,01968547
-0,004790383
0,01357323
-0,01854576
0,03654895
0,00802845
0,01694223
-0,0691543
0,004072728
-0,1147909
-0,03600171
-0,03168135
-0,1172817
0,006830883
0,005251525
-0,05335183
0,01003807
-0,08892645
-0,01436814
0,01952435
0,08612851
0,06175642
-0,1172982
0,03825994
0,08026665
-0,06677472
-0,01846799
-0,05156357
-0,003706536
-0,04386735
0,05137362
-0,01398849
-0,03120342
0,06009046
0,1435473
0,05440632
-0,1276103
0,03126083
-0,1973846
0,008599893
0,05735781
-0,03876192
-0,03639855
0,06286532
-0,01761735
-0,012709
-0,04675892
0,02516787
0,06369697
0,03663122
0,01512333
0,02572457
0,001130368
0,0219563
-0,02779838
0,005625325
0,00280203
-0,03017327
-0,06037862
-0,2208582
-0,07378341
0,004724744
-0,01349721
-0,150814
-0,08460052
-0,1040561
0,02218465
-0,02643806
-0,04694252
-0,05697602
-0,05739679
0,2121426
0,0278614
-0,3686393
0,04571951
0,05861288
-0,001821091
0,1011899
-0,02940597
0,07401744
0,09655678
0,109803
-0,0377945
0,04401336
0,05985383
0,1176543
0,02637464
0,08073463
-0,01020053
0,08709132
0,1125513
-0,004312227
0,07457816
0,07567646
0,03938082
-0,02638126
0,04710118
0,06443954
0,02168051
0,06674749
0,04556723
0,06058028
0,008557613
-0,02008133
-0,04447684
-0,00770954
0,0549136
0,06886655
-0,1163036
-0,1487947
-0,02487862
0,006288718
-0,07021912
-0,06111599
-0,08677267
-0,01221352
0,05745299
-0,1870723
0,09260349
0,05811203
-0,226673
0,1006216
0,07608644
-0,1490217
0,08996057
0,05880467
-0,1183788
0,01657846
0,05433057
-0,05249913
0,05084236
0,08811313
-0,107222
-0,08208331
0,0178408
-0,003928165
0,0426107
-0,01540805
-0,08049245
-0,06756449
-0,03847133
-0,07577212
0,03336835
-0,04607108
0,08097466
-0,02765844
-0,01864213
-0,01410668
0,01007746
0,002859405
0,007564323
0,02245655
-0,03577707
-0,0143361
-0,01173382
-0,05731356
0,03645418
-0,08478217
0,04709093
-0,04065006
0,0471558
-0,03688171
-0,09701344
0,0204009
0,02488806
0,01134805
0,108709
0,0332558
-0,003461424
0,06577185
-0,02884777
0,1155875
0,2011564
0,005068553
-0,02642859
0,01173029
-0,08780817
0,05911767
0,05117398
-0,05999345
-0,09803428
-0,1640135
-0,04484041
0,04884657
-0,08632766
0,01949594
0,09856128
0,001859801
-0,06393083
-0,05964783
-0,0292934
0,1531757
-0,1039448
-0,03079832
0,08682736
-0,02181504
-0,03142393
0,01113191
0,02917827
-0,002504986
0,01030216
-0,01564728
0,003297983
-0,008309538
-0,00203802
-0,04707008
-0,06260222
-0,1074599
-0,00399413
-0,009953285
-0,1366176
0,1044192
-0,08208168
-0,1167503
-0,1115531
0,03036867
0,111195
0,03237551
0,03848848
-0,05495039
0,01800849
0,1332643
-0,02688651
-0,1059829
0,1968011
0,03392489
0,03833098
0,1436065
0,1290387
0,03752065
0,05408954
-0,12747
-0,09277261
0,009913922
-0,02918327
0,06233633
0,01074182
0,02077563
0,12445
-0,005266245
-0,1359485
0,005863421
-0,01151453
0,04513615
-0,02177924
-0,02430641
0,01698661
0,03774383
0,005630378
-0,006241481
-0,01393775
-0,01049914
0,02073591
-0,02188039
-0,01589561
-0,065303
0,04831934
-0,006735538
-0,05140563
0,05985976
0,04545906
0,01449768
0,07178233
0,07367533
-0,04077069
-0,03946065
0,1506495
-0,01508027
0,06264524
-0,01457528
0,1272392
0,08126389
0,01535651
-0,1543609
0,009172427
0,02188668
0,06649019
0,06968894
-0,01186384
0,006877383
0,09947867
-0,07411018
0,07868145
-0,06488057
0,1364937
-0,04102912
-0,117793
-0,03588232
-0,00095638
0,1127155
0,01578177
0,09119958
0,07067434
-0,01168269
-0,06430636
-0,08523111
-0,0007490658
0,06233146
0,01305978
-0,01728482
0,01803004
-0,03159494
0,01941919
-0,02387011
-0,0310957
-0,006988617
0,05065403
-0,0220711
-0,04485869
-0,04915447
-0,07728385
-0,02660017
0,07845287
0,01219874
-0,02434639
-0,125503
-0,04328031
-0,06962705
-0,08079635
0,1145694
-0,0004753282
-0,05572071
0,07235036
0,1493791
-0,06516034
0,03588427
-0,03035495
0,01391985
0,03121653
0,02409329
-0,01753296
0,008994492
-0,09318224
-0,07879852
-0,06193233
-0,07129912
0,02699696
-0,05782751
-0,02058707
0,09831657
-0,07850343
0,138194
-0,01574506
-0,02834055
0,02856015
0,0907381
0,05431604
0,02410982
-0,02863854
-0,05609637
0,005196369
0,00913706
0,01821899
0,005870676
0,02205775
-0,02264627
0,02005588
-0,02838521
-0,01402399
0,1466476
-0,01987924
-0,05134567
0,08835892
-0,07209013
-0,07241591
0,09888722
0,0286603
-0,01705908
-0,08701143
0,05080595
0,01083414
0,08423731
0,0444462
-0,07407847
0,06012301
0,09250443
0,1718703
-0,05482
0,1743899
-0,0492806
0,1015596
0,04630936
-0,04502509
-0,08301301
-0,1986081
-0,01756341
0,1313866
-0,0134879
-0,09835839
-0,006612888
-0,05976624
-0,0530986
0,006860972
-0,05563066
0,128908
0,01478925
-0,03008936
0,01542475
0,01177448
-0,02914802
-0,04531686
-0,01370277
0,003467911
0,005316683
-0,009358239
-0,08749644
0,05976774
0,06402063
-0,01205476
-0,01246358
0,1639908
0,1263326
0,03501498
-0,1032688
0,08038399
-0,05795049
0,008554341
0,05382714
0,05040174
-0,01495727
-0,1214586
-0,02335351
-0,08346529
0,04020477
-0,1277901
0,04033486
0,1102133
0,03607855
-0,2031801
0,0322451
-0,01460606
0,05639891
0,0885618
-0,05826111
0,01701545
0,02651168
-0,08066079
-0,09542364
-0,1160349
0,09000372
-0,08189546
0,05694785
0,0653953
0,08939198
0,09723057
-0,03563091
-0,05875455
0,005457325
0,01933334
-0,01459037
-0,02638223
-0,002086519
0,03247173
0,02753399
0,02287296
-0,04162419
-0,002903047
-0,008424221
0,02774595
0,1267749
0,04891782
0,1064793
-0,07112799
-0,06716517
0,006250807
-0,02383485
-0,06426595
-0,03690968
0,1504117
-0,07028097
-0,007393571
-0,01863442
-0,01221115
0,127813
0,2086063
0,0003088427
-0,1396547
-0,02877635
-0,01384402
0,04581102
-0,01433105
0,03607466
-0,06473882
-0,09307557
-0,0510163
0,0024706
0,03361354
-0,07373409
-0,1805221
0,02265148
0,04607057
0,003063334
0,139183
0,08993015
0,01210506
0,006875577
-0,008663937
-0,02346386
-0,003172651
-0,007120694
-0,02482784
-0,01490798
0,03318433
0,02989725
-0,007532625
0,005134515
0,05516668
0,07998919
0,1404502
0,03598237
-0,03859355
-0,06102172
-0,1699783
0,03741816
0,01640078
0,04582828
0,01490347
0,1033927
-0,05344307
-0,1261305
0,1817452
0,2259931
0,01748292
-0,03414069
0,01703522
0,0008965985
-0,005044284
-0,03604842
-0,05632253
-0,008423839
0,00770465
-0,2025524
-0,05931047
-0,08636922
-0,05400776
0,1250894
-0,2178373
0,02979966
-0,0769433
-0,1170456
-0,06919702
0,1086611
0,1590979
0,02155099
0,006570971
0,04041086
-0,06447077
-0,00867869
-0,01022631
-0,04699717
-0,02110614
-0,0007878155
0,006721538
0,001857236
0,01036093
-0,00104967
0,1210226
0,133862
0,04847381
0,02836388
-0,1231349
-0,07725043
0,08814001
-0,0456833
0,03471908
-0,04703369
0,05462943
-0,01132508
-0,03098218
-0,05080611
0,00356934
0,1506518
-0,04944461
0,03488991
0,1044147
0,2740955
0,09081417
-0,07059784
-0,004497416
0,002023567
-0,0320947
0,03257637
0,08947518
-0,09642739
-0,1548177
-0,1055018
-0,04851163
-0,07817204
-0,08953073
0,0683636
-0,02724413
0,06886112
-0,02187975
0,009272605
0,1226023
0,1206378
0,03031924
-0,0370923
-0,01299883
0,04404164
-0,01474505
-0,01704619
0,002730371
0,01016303
0,001141212
0,01123553
0,02269954
0,0840919
0,1455315
0,1307624
-0,08994952
-0,02459649
-0,005926962
0,184946
0,064717
0,04879465
0,06529696
-0,02687299
-0,05490783
0,01643999
0,02544892
-0,07473945
0,08102509
-0,09074485
0,02801495
0,02806535
-0,122642
0,02978674
0,1348026
-0,08767784
-0,05879795
-0,0400187
0,05079633
0,0906596
-0,04735968
-0,07560673
-0,1416608
0,007638218
0,01545055
-0,0422154
-0,005746233
-0,01998265
-0,00450079
0,109658
0,05906875
0,1219123
0,04519342
0,01876591
0,01927218
0,04011377
0,001882519
0,0145107
0,01222562
-0,01666699
0,008767954
-0,07980295
-0,03057577
-0,03051473
0,02476842
0,02560895
-0,0348184
-0,04524617
-0,1263841
0,02324609
-0,02622447
0,09687586
-0,003673529
-0,1100914
-0,08582495
0,1203206
-0,09131327
0,0762469
0,185795
-0,1482969
-0,03560791
0,1236093
0,2369311
-0,02803543
0,01409456
0,03512012
-0,02519051
0,06683717
0,03226126
0,01004372
0,03049172
-0,08642597
-0,08150439
-0,0969456
-0,07977629
-0,04975501
-0,0409439
-0,01331606
0,01396549
0,1156107
0,06166394
0,04651355
-0,04808596
-0,06770019
0,002836359
-0,0138614
-0,01338126
-0,009756988
-0,02647115
0,002468948
0,01944596
0,007816876
0,01099623
0,02109066
-0,07065862
0,01825602
-0,06886308
0,06967055
-0,03363937
0,06636576
0,07480854
0,03209908
-0,05119979
-0,1214884
0,02707669
-0,09155102
0,1199894
0,1403754
0,1177351
0,1128283
0,00617661
-0,06366953
0,05169839
-0,252318
-0,09403455
0,1102788
-0,07749341
0,2210204
0,01499355
-0,02764466
-0,06114871
-0,02914389
-0,03214413
-0,154505
-0,05729552
-0,03170653
-0,1072681
-0,07140677
0,01027245
0,02311769
0,05540479
0,0816147
0,03496813
-0,02559728
-0,01646322
0,01222301
0,01813505
0,01112382
0,02100869
0,0229883
-0,03910692
-0,05497349
0,02511599
0,03071019
-0,08105588
-0,03218854
-0,06884512
0,0442814
-0,02481873
0,001063646
0,1624581
0,02721052
0,1731805
0,02683527
0,01894855
-0,1049085
0,1234465
0,09267476
-0,08556685
-0,1358195
-0,0474226
-0,01426554
-0,03828733
0,04998907
-0,09601779
0,01647697
-0,1481175
-0,02459019
-0,01350018
-0,001997953
-0,03878511
0,03775094
-0,1026756
-0,03854619
-0,02724188
0,06809876
0,02582868
-0,1647863
0,0510829
-0,03882858
-0,01675443
0,03548691
-0,002080685
-0,003175922
-0,0323098
-0,0253808
0,004754588
0,0001336451
-0,006943026
0,02488718
-0,05904094
-0,02636196
-0,003950975
0,009391887
0,08469856
-0,002986545
-0,1652496
-0,0008871073
0,05803042
0,06502569
0,05497927
0,0233986
0,03809945
0,05226119
0,1001116
-0,1456791
-0,1043335
0,1291915
0,091294
0,1030414
0,03516601
-0,02509709
0,004419234
0,1869467
0,1209027
0,01970356
-0,05872425
0,1636851
-0,1318848
-0,1330966
-0,01408954
-0,0451608
0,05942209
-0,03170525
-0,01653021
-0,02003757
-0,06636358
-0,009592977
0,05722063
0,07306064
0,01655105
-0,03842355
-0,01723802
-0,01714388
-0,004438729
-0,01927181
0,01131173
-0,01299579
0,02743635
-0,01941111
-0,005617918
-0,004120098
-0,07051963
-0,001547012
-0,1057947
-0,0725778
-0,1126392
-0,05324643
0,02275356
0,02278963
-0,0199741
0,02823647
0,04313037
0,0257522
0,1142949
0,0429933
-0,0569869
0,1371025
0,05652693
-0,003383777
-0,03786819
0,1096761
-0,015783
-0,1345395
0,1551372
-0,01042417
-0,03490649
0,1003497
0,1277937
-0,01286099
0,1900825
-0,1111371
-0,01166499
-0,02413888
-0,03346327
-0,06209189
-0,04356322
-0,0932907
-0,04187109
-0,006955618
0,08025934
0,01811358
-0,01028407
0,01774967
-0,01136124
-0,001845963
-0,03469699
0,01990896
-0,02230478
-0,004672348
-0,02455335
-0,02964016
-0,03499662
-0,08929717
-0,04639117
-0,02406388
-0,08503817
0,07821598
0,1338445
-0,01481613
-0,2355379
0,007592462
0,1792337
-0,06781232
-0,1048275
0,1382041
-0,001542499
0,1142438
-0,0174125
0,1271837
-0,02060451
-0,05336471
-0,1166107
-0,08920811
0,02637772
-0,03757451
0,07780703
-0,008809444
0,0197543
0,02081624
-0,1290243
-0,199453
-0,07252165
0,004761614
0,07821698
-0,08795275
0,06801008
-0,102594
-0,0387871
-0,03567058
0,06685071
-0,00484303
-0,07138304
0,01300199
-0,02318268
-0,0004377316
-0,03181748
-0,01108562
-0,02736672
-0,01313743
-0,05952355
-0,02160042
-0,05666665
-0,09668536
-0,04146614
-0,003781948
-0,01502694
-0,04904553
0,06221321
-0,08132827
0,03117226
0,1006208
-0,07008944
-0,05586836
-0,02801894
-0,04495526
-0,06046145
-0,06437097
0,003660529
0,1400344
0,05259404
-0,04918035
0,03690982
-0,04662316
-0,03250368
0,03879164
0,05158662
-0,1694869
0,007405899
0,07139239
-0,08831424
-0,05326557
-0,08087761
0,03826909
-0,08426407
-0,04129387
0,02638688
-0,01452263
-0,046278
-0,01503359
0,005831068
-0,04884721
-8,193325E-05
0,01810316
0,0239206
0,009823089
0,01056522
-0,0203051
-0,02927428
0,016156
-0,01186996
-0,01920098
-0,05757594
-0,113792
0,05159259
-0,01956834
-0,09545227
-0,1611318
0,1200641
0,0757973
0,05952518
-0,01461514
-0,1233816
0,003901762
-0,04178539
-0,06270505
-0,02737565
0,003795927
-0,004162376
-0,08918647
0,1037316
-0,08419316
0,01585191
-0,04844946
-0,07647046
0,1400673
-0,1790164
-0,06741817
0,006604973
0,04746726
-0,03696968
-0,01909364
-0,05390854
-0,01081321
0,0450852
0,07309137
-0,00168688
-0,03507037
0,06635227
0,0278525
-0,01846591
-0,04599606
-0,05399619
0,01305916
0,009899446
0,009946936
0,0130297
-0,02408379
0,02471009
0,007197415
-0,0001935073
-0,03779995
-0,07387795
-0,01714713
0,001018671
-0,01583318
-0,06539457
0,01404861
0,07129337
-0,06220895
0,09255236
0,07525355
0,04527174
-0,01646622
-0,01513198
0,08831926
-0,05130748
-0,03201108
-0,1016554
0,0458745
-0,1304156
0,02120227
-0,02735097
0,03077923
0,005029408
-0,01007165
0,1906346
0,001615835
0,03200972
-0,07234914
0,05065177
0,05716164
0,03346042
-0,07230225
-0,05414109
0,03032226
0,0614916
-0,01110507
-0,07538794
-0,02373108
-0,03398727
-0,03134187
0,01539083
-0,02935691
-0,02007056
0,01566789
-0,0313005
-0,01662062
0,002967199
-0,02714882
0,004076218
0,01093852
-0,08814994
-0,02979175
0,04520366
-0,04275307
-0,04529685
0,06373227
-0,01082261
0,04934201
-0,08571964
-0,03205616
0,04177933
-0,07765765
-0,1087256
0,008943436
0,07452426
-0,04566478
0,0818677
-0,03017945
0,09988455
0,04021997
-0,001696966
0,06894544
0,005812505
-0,005165865
-0,04313741
-0,03445947
0,05155157
-0,0736938
0,05441811
-0,07615264
0,03624671
-0,111779
-0,02549289
0,02099764
0,05791216
0,004868009
0,02921098
0,01258129
-0,07861044
-0,008886929
-0,0134745
0,02983409
-0,006686282
-0,01166745
0,01797332
-0,01051504
-0,01092192
-0,02222607
0,02859354
-0,03125909
-0,04976038
-0,04290154
-0,02157513
0,03171178
-0,07606979
-0,02855005
-0,009036889
-0,001415989
-0,09839746
-0,09997624
-0,08686993
-0,09484062
-0,01084458
0,02396035
0,02659644
-0,06492029
0,0191265
0,01801868
-0,103402
-0,02859071
-0,005981225
-0,06632339
-0,098951
0,04539688
-0,07467677
-0,01471414
-0,09023111
-0,03739377
-0,004620566
-0,08858594
-0,01814853
-0,07649008
-0,07070637
0,1146382
-0,02545027
-0,08714867
-0,002623619
-0,04177304
-0,04461279
-0,01608589
0,004959258
0,02783797
0,01556456
0,02092956
0,01501447
-0,02462416
-0,02071415
-0,01874802
-0,002105176
-0,02860699
-0,06342285
0,02185149
-0,00940796
0,006645165
-0,006757298
-0,006507148
-0,05906629
-0,08117204
-0,07945146
-0,02370047
-0,05324621
-0,05263228
-0,1454958
-0,05606426
0,07715728
0,06142448
0,06156144
0,07736927
-0,06662341
-0,07773606
-0,06806587
-0,0003733416
0,06399688
-0,03458728
-0,01096222
-0,1450736
-0,08226411
-0,08215962
-0,05765226
0,01686657
0,01093213
0,0153745
0,04460935
-0,00546017
0,0186677
-0,04147801
-0,04227086
-0,02901577
-0,01163425
0,0002716587
0,002345463
-0,003899756
0,0007601078
0,02478342
0,02682898
0,00787202
0,01676738
-0,003941199
-0,004343081
0,01581356
-0,02907354
-0,001257061
-0,02098641
0,01968216
-0,04280302
-0,02333722
-0,03374059
-0,02003377
-0,002899291
0,00689133
0,01548164
-0,05232015
-0,1351624
-0,004559213
-0,006745027
0,1174614
0,150239
0,03180302
-0,1280328
-0,1263524
0,08096757
0,0737069
0,03898557
-0,02651463
0,007308764
-0,06350128
0,03104033
-0,04618938
-0,1153769
-0,01541463
-0,04856566
0,002095969
-0,0065897
-0,02809863
0,0220429
-0,006305404
0,001789002
0,08411747
0,03289729
0,007724429
-0,04795197
0,002633317
-0,01756344
0,02315942
0,01648204
0,02617491
-0,01527278
0,006772568
-0,01573752
-0,006872076
-0,03483553
-0,02701361
0,04142671
0,01502274
0,01739576
0,02748169
-0,02795247
0,04993673
0,05473351
-0,04978711
-0,0273999
-0,1248137
-0,05365596
-0,03837814
-0,01502798
0,02382739
0,006628073
-0,020841
-0,07816273
-0,06400789
0,04688246
0,04458891
0,06003363
0,008752244
-0,04024313
-0,09482861
-0,02399502
-0,02765466
0,0133869
0,03519966
-0,08462937
-0,04473179
-0,02358926
-0,009952323
0,01626565
0,001441376
0,01266591
-0,03096986
-0,02301408
-0,003440774
-0,01649023
0,02224993
0,02754322
0,01470918
-0,01464325
-0,0101327
-0,01407089
-0,01970011
0,001823857
0,006933858
-0,005803165
-0,04035557
-0,03080897
-0,01632931
0,002213133
-0,04393909
-0,01961702
5,744134E-05
0,02489199
-0,003523364
-0,04637987
0,004427243
0,001115888
0,0004900359
-0,04138474
0,01348498
0,002743798
-0,006297149
-0,03913316
0,01854396
0,03139918
-0,04767855
-0,009126951
-0,02635292
-0,01784807
0,01082565
0,03981937
0,03835668
0,0008387213
0,01398953
0,005671167
-0,04629933
-0,03757674
0,02850305
-0,02045989
-0,0006477999
-0,006335265
-0,02021403
0,01997915
0,00876141
-0,002768771
-0,03657923
-0,005105883
0,01412177
-0,001333189
-0,02201711
0,01788046
0,0269245
0,005901044
-0,01949582
0,001946195
-0,02635665
0,03263088
-0,02763711
-0,02930525
0,01232004
-0,01863675
-0,03006262
0,01706671
0,02032303
-0,02260927
0,01750354
-0,01601234
-0,004450471
0,001465253
0,04673369
-0,03069952
-0,1152389
-0,03695977
-0,0414512
-0,04393785
0,02607401
-0,0258719
-0,05769553
-0,01275665
0,01404639
-0,05637867
-0,0782765
-0,02451548
-0,01479272
-0,05131971
-0,06656677
-0,02661727
-0,00893954
-0,004587957
0,02955704
0,01974849
0,01053646
0,006721628
0,00532538
0,0127266
0,003351289
-0,01959617
0,01910585
0,01127617
-0,02782501
-0,02780504
0,002360985
-0,02133396
0,005648153
-0,01361259
0,002906539
-0,0005170229
-0,01601057
0,006911004
0,0110283
0,001825997
-0,02051886
-0,02276938
0,003271278
-0,01620482
-0,0195129
-0,002703
-0,008949608
0,03266539
0,04248485
-0,0198132
-0,01290195
-0,0102279
0,03736782
-0,03104876
-0,009330029
-0,004376353
-0,02970818
-0,006008605
0,02846201
0,001835417
-0,01679751
0,001749248
0,008150727
-0,0008707399
-0,005095122
0,02106176
-0,02689137
0,0009512647
-0,01088263
0,01022396
-0,02964528
0,02954736
0,02074604
-0,01582388
0,02270565
0,01933244
0,02247592
0,01933864
-0,004343574
-0,02326225
-0,0245025
0,02413318
0,01725544
0,01360936
0,005240131
-0,02154326
-0,007645285
0,02541537
0,01583763
-0,02169711
0,006294094
0,004969672
0,002190033
-0,04487044
-0,04238792
0,02367529
0,03052185
0,004323692
-0,01133366
-0,01379984
0,03552107
0,06146486
0,04176067
0,02266301
-0,0205086
-0,02871495
-0,0152824
-0,02547485
0,0141389
0,02574998
-0,005933186
0,02691046
-0,0221823
0,02120025
-0,01804013
-0,0111714
0,01702173
0,01835991
0,01417769
-0,0006066134
-0,002755385
-0,02004045
0,01388968
-0,01109018
0,02642298
-0,007181237
-0,01461336
0,01229016
-0,02973344
0,02348963
0,02431464
-0,008812059
0,01299963
-0,01922814
0,02497558
-0,005950293
-0,005251286
-0,007004906
-0,001683648
-0,02286787
0,003480968
0,01643088
-0,02456092
-0,02771578
-0,008621864
0,01105268
-0,005893126
0,00402098
0,004566668
0,0001922368
0,02865265
-0,005827315
0,02907796
0,01517253
0,0207231
0,03290927
0,02416914
-0,0427269
-0,0228658
0,01751593
-0,02848907
0,01669447
0,00525057
0,03429468
0,01967155
-0,0235246
-0,01838346
-0,02935662
0,02951253
-0,02938814
-0,01427992
0,002834623
-0,006782973
0,007460166
0,01687306
0,01451997
-0,02111879
0,01394186
0,02850378
-0,01896364
0,02806844
-0,001583377
-0,02713674
0,002231089
0,02677379
0,0187667
0,003538375
-0,02734265
-0,001013992
0,02710006
0,002959986
-0,009397874
0,03025687
0,003201411
0,02104307
0,0200339
-0,01379935
-0,02148949
-0,01063316
-0,01889528
-0,008845888
-0,005454581
0,02945618
0,01257381
-0,005422535
0,01486964
0,01763115
-0,02326106
0,01484017
0,01929714
0,002997945
-0,02331677
-0,02353834
-0,01948864
0,02348088
0,01544932
0,01399028
-0,0282707
-0,03027004
0,02930186
0,01395877
-0,01652457
0,003595627
-0,03017825
0,000649994
0,02653813
0,0024954
0,01835708
0,01586767
0,02700247
0,0009076771
-0,02731531
-0,0002103598
0,01964083
0,01625303
0,005775479
0,008604856
-0,003975266
-0,01138951
-9,325596E-05
-0,02433926
-0,006887882
-0,02170577
0,006528669
-0,02192334
-0,01205319
-0,01765764
0,01035753
0,005626728
-0,0260658
-0,02720968
-0,02028544
-0,02600628
-0,01528004
-0,003250329
-0,02121337
0,01750095
0,01186634
-0,03148929
-0,01585903
0,02429934
0,02541755
-0,006432896
0,02709086
-0,002777048
0,01677571
0,01168587
-0,01170692
0,001326111
-0,007573559
-0,02163289
-0,008217619
0,01494518
0,00344927
0,02421045
-0,008550343
-0,02197333
-0,02803923
0,0218284
-0,02008035
0,01423116
0,02193576
-0,01825056
0,0107985
0,02419951
-0,009556012
0,0296825
-0,01519794
-0,005999924
0,006019439
0,0169819
0,0189255
-0,01109241
-0,02855605
0,004986024
-0,01979134
0,02815397
-0,0208731
-0,02633959
-0,007306005
0,008827342
0,02414915
-0,02054549
-0,01656778
0,02736364
0,0107702
-0,00429688
0,0005931074
-0,008933625
-0,02633286
-0,02773632
0,01740716
0,02911828
0,02762485
0,003729094
-0,02668802
0,01419642
0,01534028
-0,02566081
-0,02277368
0,01747656
-0,003095464
0,02472629
0,02598026
0,006025125
-0,009945646
-0,02714505
0,01349294
0,02890511
0,01394518
