0,02799612
0,01616795
0,0229454
0,009294138
-0,02185462
-0,02008531
0,01897577
-0,007826252
0,0001154245
-0,01863036
0,0283817
0,01298909
-0,01318096
0,02196051
-0,01502725
-0,0221155
0,022459
-0,02973853
0,006914291
0,02547558
0,02408694
0,01414233
0,00820576
-0,001185468
-0,01562667
0,02154127
-0,01563772
0,005435542
-0,005804367
0,01452904
-0,002107707
-0,02207498
-0,01126846
-0,02868555
-0,009929517
-0,006909099
0,003521084
0,00342582
0,01499784
-0,02212281
-0,02745295
0,01974558
-0,0007147535
-0,0004612689
0,02162809
0,0239836
0,03027034
-0,02025684
0,009914475
0,01359676
-0,01665408
-0,01428256
0,01803683
0,02436526
0,0001722864
-0,01557457
-0,02283497
-0,006272851
-0,006463477
-0,01401034
0,02704157
-0,01729487
0,02770611
0,017851
0,01552267
0,01884176
-0,005452993
-0,01516359
0,0006883322
0,02253074
0,005091236
-0,01130234
-0,01443592
-0,001333277
0,02251876
-0,02597308
-0,01621657
-0,02195433
0,006707555
-0,01060064
0,02089095
-0,02591337
0,02617241
0,009325167
0,0004739111
-0,01795243
-0,008674951
-0,006247625
0,002918511
-0,02514801
-0,01613931
-0,02192979
-0,0215208
-0,002259123
-0,01661945
0,02065557
0,02267686
0,01313958
0,01553545
-0,02790458
-0,0003060652
0,01538736
0,009207656
0,01617252
-0,02355801
0,0241736
0,03176278
-0,01120965
-0,03224665
-0,007308944
0,02956897
0,02994983
0,0167255
-0,026735
-0,002597205
0,02180916
-0,01321597
-0,01243424
-0,01400083
0,001480221
-0,002114933
0,02971634
0,01185409
-0,005481759
0,007800136
-0,004408042
-0,02433102
0,01579935
-0,01830508
-0,03466303
-0,02468954
0,002095994
-0,004909821
0,003402476
0,02035833
-0,02531441
-0,005512677
-0,02440469
0,0002177627
0,00507032
-0,01798164
-0,02612885
-0,006988431
-0,02113287
-0,02212062
-0,01426695
-0,007803133
-0,02510636
-0,02907948
-0,007427928
0,003806321
0,00711241
-0,002904855
-0,01744276
0,002272099
0,004355539
-0,02386459
-0,01591264
-0,02473742
-0,0001854974
0,006543783
-0,02226673
-0,03311285
0,02601113
-0,01876548
-0,003678671
0,00331728
-0,01660921
-0,01484198
-0,007577469
-0,002792278
-0,021198
0,01503487
0,0088317
-0,01519073
-0,01602886
-0,001380529
-0,0007604028
-0,01885371
-0,01232435
-0,03025417
-0,02440339
0,02391435
0,01099852
-0,01051289
-0,0008762695
-0,03681286
-0,02474022
-0,03289011
-0,005993684
-0,02349633
-0,01247124
0,03192117
0,02397262
0,02416204
-0,02864339
-0,02992667
-0,00679127
0,02525338
0,009423275
0,0101466
-0,02026132
0,02378767
0,01002474
0,03214015
0,001522255
0,01823232
0,005030793
0,007127224
-0,03341826
0,01509671
-0,009128469
0,01588018
0,005562429
-0,004041791
0,00557292
-0,009032759
-0,02533828
0,003845119
0,008265157
-0,0076257
-0,003619758
-0,02449155
0,01338862
-0,02915737
-0,02466741
-0,02569061
0,01483115
0,01354836
-0,01474705
0,001246369
-0,02581355
-0,005548347
-0,008011833
-0,001920564
0,01426702
-0,02614305
-0,03115384
0,02572996
-0,03074812
0,00674832
-0,009513106
-0,009520846
0,02648964
0,002299536
0,007332272
-0,01410738
-0,02045169
-0,01745105
-0,0169019
0,006418867
0,02040818
0,01647262
-0,03250491
-0,03075554
-0,03928425
0,02574018
-0,02761339
-0,03028797
-0,007665068
-0,03470971
0,01086465
-0,05118706
-0,007538846
0,007660312
0,001297001
0,01033962
-0,02491101
-0,02675876
0,006034617
-0,004291201
-0,02369716
-0,02837762
-0,02032643
0,01416496
-0,03087959
-0,03477572
-0,01924618
-0,01858548
0,001446753
0,00987694
-0,03941965
-0,007198121
0,0001818615
-0,02374152
-0,04443163
-0,02272696
-0,02839223
-0,009858557
-0,0003010105
0,02119084
-0,02333605
0,01926103
-0,003333014
0,02654758
0,02275935
-0,01031272
0,01234635
-0,0258944
0,01784273
0,01252812
0,026269
-0,03936715
-0,006744135
0,006437791
-0,02337802
0,0008255404
-0,002976756
-0,04547074
-0,05850217
-0,05624667
-0,01825123
-0,03196755
-0,03661838
-0,01239582
-0,03685872
-0,04245077
-0,02813531
0,004586286
-0,02909476
-0,0254976
-0,01901116
0,0231585
0,003272108
0,002582629
-0,03395436
-0,02087137
-0,04045023
-0,01978051
-0,04583229
0,003181556
0,004730786
-0,01466299
-0,01156259
-0,05036283
-0,0659177
0,02339619
-0,04389441
0,01031062
-0,004096973
0,02859338
0,01834344
0,02726118
-0,0004836331
0,009183713
-0,01283069
0,006372439
-0,01899069
0,0001573662
0,004193154
0,0007667469
0,01779663
0,01558464
0,01964775
-0,02584658
-0,02673195
-0,05278862
-0,02686341
-0,02786152
-0,04005277
-0,0326669
-0,03694221
-0,02258372
-0,04156259
-0,04668698
0,00530709
-0,02577232
-0,0651163
-0,02045091
-0,005164846
-0,02160144
-0,0604615
-0,01380097
-0,0170644
-0,0080679
-0,005788489
0,02867457
-0,000287204
-0,06092582
-0,01135726
0,01144904
0,004626215
0,0326859
-0,04412874
0,01782952
-0,02614899
0,008072071
-0,05331351
-0,06139126
0,02135632
-0,01781005
0,01544598
0,01567981
-0,01719284
0,03466099
0,001056899
-0,01680545
0,008535217
0,02963406
0,01969377
0,02231352
0,003922182
0,007672982
-0,006412646
-0,03992744
0,007178331
-0,05358766
-0,0482255
-0,01488984
-0,09976625
-0,04397633
-0,07690512
-0,04879992
-0,004732578
-0,0089285
-0,05982665
-0,01585741
-0,01957925
-0,03480016
-0,04995847
0,01713679
-0,004276097
0,01223565
0,02043661
0,02594503
-0,02204682
0,01584451
-0,01712514
0,01710052
-0,004566043
-0,026041
-0,04785855
0,01081834
-0,02853719
-0,007208802
-0,04491584
0,02185743
0,005937121
0,03194984
-0,005492029
0,09104019
-0,01442819
0,04362955
0,03464639
0,0009133269
0,02152843
-0,01000274
-0,0005891201
-0,00274791
-0,0077826
0,00161237
0,008130212
0,02614676
-0,001751045
-0,0007503377
-0,002085959
-0,01689028
-0,03292634
-0,07857325
-0,07196929
-0,1216302
-0,04448542
-0,07543577
-0,004287373
-0,06319483
-0,0280424
-0,02211404
-0,01045406
-0,03661259
-0,01225451
-0,03868845
-0,04649365
0,02314339
-0,004584228
-0,0276914
-0,003495614
-0,05252499
0,03742037
0,0512324
-0,05287644
-0,02768892
0,03872503
-0,03745367
0,02343606
-0,009228669
-0,04845668
-0,01538168
-0,03027285
-0,001433425
0,01788315
0,07833043
-0,02459132
0,03576702
0,004647811
-0,007539052
-0,0105087
0,01761639
0,007295911
0,01771331
-0,00637998
-0,0256671
0,01962909
-0,01665991
-0,04188178
0,02030751
-0,06572025
-0,05467673
-0,09070876
-0,02501348
-0,1083586
-0,1094176
-0,08995862
-0,1014061
-0,09526078
-0,07147042
-0,06914542
-0,03889662
0,009421185
0,01408114
-0,02144164
0,004328358
-0,00920068
-0,01434209
-0,02874271
-0,01608358
-0,0399674
-0,006647949
0,01469206
-0,03556675
-0,05930929
-0,009706941
0,02945517
-0,04234993
-0,02606672
-0,03739047
-0,05994982
-0,002767954
-0,02260895
-0,03198954
0,02329125
0,01316269
0,0004983462
0,03585353
-0,01365156
-0,03246462
-0,006070558
0,02461684
0,006902962
0,001625497
0,01054881
-0,005403807
0,03277078
-0,0234962
-0,01412825
0,01113477
-0,04748789
-0,04557633
-0,1052489
-0,07087386
-0,0467348
-0,09830334
-0,1307948
-0,06414467
-0,1138887
-0,06148455
-0,01219828
-0,09650521
-0,09152993
-0,06822294
-0,02660744
-0,04521247
-0,07530326
-0,03792949
0,00454685
-0,004955529
-0,006327668
0,02816253
-0,1177769
-0,1158474
-0,07323252
-0,06285324
-0,01510599
0,001857996
0,05929078
0,009069107
-0,01643285
0,06602658
0,01002337
-0,03406831
0,00601765
0,03771171
-0,01307779
-0,0001411034
0,06618641
-0,004970115
-0,01351357
0,03502736
0,008727485
-0,02711968
-0,003447136
0,03010957
0,02604117
0,01963356
-0,01288067
0,02406555
-0,06185903
-0,04704918
-0,07466531
-0,08480649
-0,04769051
-0,06021343
-0,09654818
0,01934768
-0,06406849
-0,08644573
-0,05980577
-0,1798952
-0,1282624
-0,1031105
-0,0608
0,05141409
0,01950832
-0,03101004
0,07574713
-0,01328565
0,06057029
0,009579894
-0,0005768163
-0,03918536
-0,03840477
-0,06687968
0,01487743
-0,03378763
0,07901374
0,05434584
0,1018523
0,07919746
0,01291736
-0,03058374
-0,005905303
0,04574994
-0,0183112
0,0006549356
0,05327861
0,01485941
0,02513449
0,01915542
9,79667E-05
0,01985367
0,02567802
-0,02431747
-0,02642237
-0,02693211
-0,02863917
0,02557913
-0,001092023
-0,01025036
-0,155081
-0,06781075
-0,05315014
-0,1137888
-0,1614426
-0,02195663
-0,04922477
-0,05317193
-0,1001059
-0,07388209
-0,06809574
-0,1155081
-0,1099838
-0,006474256
-0,1211819
-0,09148793
-0,00616789
-0,09765229
0,05753359
0,04319237
0,02899635
-0,03293467
-0,06141663
-0,1130996
-0,06350031
-0,04242259
0,03376651
-0,05977288
0,04087605
0,05613475
0,03823718
0,003452064
-0,02477216
-0,06744461
-0,03749105
0,02273135
-0,02039902
-0,01782532
-0,001365418
0,009766033
0,02038773
-0,01168256
-0,01922341
-0,01631293
0,01573766
-0,004785376
-0,03661396
-0,01463885
-0,02532727
-0,03649342
-0,06638915
-0,08979961
-0,05195624
-0,1410671
-0,08615671
-0,08900828
-0,06098143
-0,009980898
0,003515678
-0,07976962
-0,01928507
-0,0515608
-0,01922589
-0,0125733
-0,128753
-0,04914125
-0,02222602
-0,01435944
-0,01098907
0,1055998
0,1096909
-0,0006034267
-0,05851799
-0,04349088
0,01633863
-0,1001527
0,01055322
-0,03300177
-0,1029674
0,02127875
0,03061764
0,08960849
-0,0169051
0,01551366
-0,08034372
0,005515507
0,01977046
-0,002712222
-0,001191589
-0,04839348
-0,02323636
-0,003409228
0,00377222
0,01497724
0,02000818
-0,004127013
0,01878878
0,02012206
-0,07406522
-0,08671799
-0,06283882
-0,03382226
-0,0741144
-0,05335206
-0,08383118
-0,2073284
-0,1018557
-0,09237038
0,04827766
0,002690355
0,009886038
-0,04338217
0,01853218
0,04149309
0,02480998
0,109097
0,03564246
-0,03804541
-0,09448514
-0,05230462
0,03964997
0,01587594
-0,01876583
-0,02523253
-0,02236657
0,005037146
-0,0660154
0,01669738
-0,1223749
-0,09160267
-0,1255272
0,01657395
-0,03983915
0,0002161115
-0,07463744
-0,03809488
-0,003554298
0,0472298
-0,008140014
-0,08445727
-0,03387523
-0,01944006
0,01012745
-0,01356324
0,02037064
0,01027348
-0,008172325
0,01551179
-0,04615875
-0,04151729
-0,09939783
-0,0983241
-0,05530928
-0,07906536
-0,1365172
-0,1035741
-0,101854
-0,1101396
0,006906941
-0,0715642
-0,04541845
-0,01171934
0,0111863
0,003524162
0,06416834
0,01993796
0,07139738
0,0206331
0,0118066
-0,09724272
0,0728196
0,08865056
0,008526366
0,1306881
-0,07481699
-0,001434714
-0,06226392
-0,03289333
-0,04773816
0,02341754
-0,01403624
0,03685163
0,1097483
0,009039796
-0,005161573
-0,1137013
-0,0005141356
-0,003653943
-0,04928948
-0,05961292
-0,02125646
0,01691609
0,02003976
-0,003585435
0,01936135
-0,006912776
-0,00612666
-0,02175733
-0,02922306
-0,06895854
-0,04398598
0,02280213
-0,05781114
-0,1136103
-0,07905746
-0,1017291
-0,05872343
0,008300143
0,04977867
0,01945333
-0,02170702
0,05315077
0,02925089
0,05907226
-0,03047516
-0,09779835
-0,08145396
-0,1468736
-0,06057873
-0,02902574
-0,04322527
0,1756732
0,06884833
0,06255996
0,1595799
0,05079196
-0,02942179
0,05799024
-0,06786446
0,08899514
0,03482296
0,0906409
-0,02682995
0,07854106
-0,02061944
-0,0427476
-0,06652185
-0,002914248
0,04481757
-0,03821318
-0,03597688
-0,04248061
0,004709183
0,003801543
0,01439277
-0,01031451
0,01386985
-3,064259E-05
0,02965406
0,0008589814
-0,02143501
0,01638841
-0,1401057
-0,05473741
-0,07935812
-0,08523871
-0,1076301
-0,01627451
0,03011514
0,01464388
0,07475489
0,18583
0,03087584
0,02864932
0,007682975
0,02423781
-0,08647563
-0,03696796
-0,1103475
-0,06172742
-0,09703932
0,02725455
-0,03921064
-0,1482286
0,02724193
0,02667163
-0,1003076
-0,09299108
0,1345711
0,02764126
-0,1265316
0,03316087
0,0008627721
0,07828777
0,01580873
-0,03975518
-0,05683098
0,008236173
0,04959807
0,01883133
-0,05530283
-0,02686592
0,004493425
-0,02740526
-0,02564611
-0,02247059
0,01449229
0,006532836
0,02601892
-0,007629385
-0,03621565
-0,06306743
-0,0473523
-0,06379207
-0,01823756
0,01875219
-0,0399771
-0,07680702
0,05027128
0,03988221
0,1027849
0,06510625
0,03936977
0,1279435
-0,03696642
0,002559694
-0,02793469
0,1394218
-0,09415191
-0,01000717
-0,07589856
-0,1525861
-0,0735103
0,09257933
0,068034
0,05280612
0,1140334
-0,03364502
-0,1397178
0,05464353
-0,06926449
0,03304981
0,06024691
0,1137089
0,122107
0,05876862
0,00484211
-0,01271732
0,02777485
-0,006408559
-0,01931593
-0,00964271
-0,01494786
-0,02349911
-0,01721533
-0,01902142
0,01956807
0,006273392
-0,0321851
-0,1155154
-0,02967411
-0,03470442
-0,03045315
-0,1092773
-0,01427132
-0,08534995
-0,07851895
-0,05984202
0,005188107
0,02126382
-0,02351815
-0,06718793
-0,07792706
-0,08020991
-0,02832657
-0,1348978
-0,02069678
0,07832363
0,08392115
0,02966871
-0,07943931
-0,02854424
-0,1207691
-0,0372019
0,003524011
0,1135585
-0,04569584
-0,08677349
-0,02835599
-0,04178424
0,03769659
-0,03523264
0,0392754
-0,02525589
-0,005408601
0,03401426
-0,04947996
-0,04178317
0,01253535
0,0259639
-0,0246877
-0,04338801
0,005546845
0,01998837
-0,008706384
-0,02945005
-0,02462146
0,02071404
-0,05360449
-0,0206409
0,01142589
-0,07497218
-0,07762869
0,04463169
0,01105598
-0,05986914
0,04640043
-0,04969526
0,02619353
0,007530025
-0,1042603
-0,02792072
-0,1538448
-0,02124597
0,05854944
0,02557675
0,0735596
-0,08028575
-0,009283317
0,09840419
-0,01157636
-0,1215837
-0,1464292
-0,13794
-0,03106332
-0,0834863
0,02839697
-0,01605437
-0,06707835
-0,02984035
0,1028557
-0,0333902
-0,0649935
-0,06397314
0,01576352
0,01546883
0,0274042
-0,01519373
0,008788428
0,03509029
-0,001898949
0,005973504
0,008680144
-0,0232025
-0,004188736
0,02058744
-0,02587588
-0,05659818
-0,04137682
-0,06867062
0,02938318
0,05594362
-0,03513798
0,03335439
0,06163979
-0,05303796
-0,01089779
-0,03847653
0,007543523
-0,1187587
-0,1083273
-0,04077072
0,009287898
-0,03786696
0,06573649
-0,110214
0,0324088
-0,02725101
-0,04872097
-0,02908072
-0,07256021
-0,1482168
-0,04678981
-0,07125625
-0,1513145
-0,05136813
-0,04927745
-0,08544512
-0,02514337
-0,02469106
-0,09375852
-0,01675845
-0,08561077
-0,07628693
0,01253676
0,05297109
0,02740032
-0,07195864
0,02064659
-0,006718164
0,01462736
0,01569607
-0,01997438
0,02349438
0,01922215
-0,002384855
0,01765992
0,03998888
-0,03346299
-0,09498546
-0,07364953
0,006536504
-0,1823838
-0,07727111
-0,04022673
0,0343485
-0,01657823
-0,03921568
0,06697261
-0,06079779
0,06112343
0,0537311
0,06372926
-0,127123
-0,09200176
-0,06063987
0,02622379
0,1258945
0,03904721
-0,1213814
-0,03075596
-0,09910262
-0,05263825
-0,08150544
-0,07995684
0,0122103
-0,01178969
0,02320643
0,07875749
0,08047689
0,02859796
-0,01643775
0,042619
-0,10591
-0,03431677
-0,04343628
-0,1618608
-0,03771716
0,01262706
0,0540976
0,01284259
-0,01082684
-0,01165533
-0,006411761
0,02748665
-0,009320211
-0,03896601
-0,007713474
0,02961018
-0,01663184
-0,00249849
0,01186602
-0,09977845
-0,004132744
0,0077881
0,03895364
0,02571166
-0,02347245
0,007737277
0,06737698
0,07592922
0,1332268
0,09847426
0,05364485
-0,0628061
-0,1918589
-0,08495868
-0,004730429
-0,009946194
-0,06594402
0,04183815
0,1225141
-0,05157517
0,03504846
0,003548636
0,1514978
0,195185
0,1171523
0,0787531
0,08133345
-0,06992155
-0,0908627
-0,02335963
-0,08695944
-0,03436943
-0,1077013
-0,04133609
-0,01176392
0,02018406
-0,005080671
-0,04399532
0,01958517
0,03537467
0,03053349
0,03294471
-0,02189359
0,005233281
-0,03156131
-0,01091898
0,01695549
-0,09493715
-0,1513236
-0,0003110633
-0,062447
-0,04323561
-0,001843708
0,07386721
0,001033082
-0,01245031
0,02235951
-0,03327205
-0,06108725
0,0261315
-0,06410147
0,09874739
-0,07808319
-0,1234728
-0,09501377
-0,01843202
-0,09796058
-0,103736
0,08897407
0,06600269
-0,1053618
0,13321
0,2090664
-0,003342389
0,00204604
0,1343812
0,1028908
-0,06166067
0,01707969
-0,01197076
-0,03413188
-0,01549887
-0,07140398
-0,009155013
0,03885625
-0,03599133
-0,01932005
-0,0341431
-0,004758813
-0,02518984
-0,02600905
0,005465954
0,02825654
0,05590469
0,07299182
-0,03809568
-0,04669621
-0,0411344
-0,02982943
0,07691532
-0,01327175
-0,04518512
-0,06816342
0,1601911
0,06820051
-0,1028867
0,02085669
-0,05131789
-0,01403257
0,1413184
0,0241673
0,0180959
-0,09754777
-0,1367255
0,03903526
-0,08083948
-0,03961255
-0,158947
-0,1844077
-0,03034719
-0,08159547
0,05831957
0,178798
0,03999862
0,05487229
-0,1048847
0,01277521
-0,1131807
-0,1923819
-0,001100446
0,04081018
-0,07871611
-0,01112572
-0,04156618
-0,008285582
-0,04438828
-0,05780097
-0,03288839
-0,01908242
0,02005649
0,01279277
0,02277155
-0,03401798
0,02101645
0,04152605
-0,08578547
-0,0561471
-0,05442861
-0,01021632
-0,05157284
-0,009033338
-0,07297506
0,05292202
0,1182482
0,01060296
0,00129571
-0,1121229
0,007116874
-0,04744168
0,03635823
0,03033467
0,04989172
-0,1243695
-0,1850291
-0,110492
0,1222687
0,03133988
-0,0730011
-0,09514783
0,006801072
0,1164726
0,1196756
0,0854952
0,1486132
0,01366714
-0,01016157
0,01155255
-0,03538544
-0,01977241
-0,04913921
-0,07174599
0,02943112
0,01724859
0,04639393
-0,03073093
-0,04578917
-0,02495105
-0,03423426
0,005894688
0,03001457
0,003659999
0,01005855
0,01411138
0,06371754
0,09309897
-0,01206284
-0,05210273
-0,06114948
-0,146356
-0,1148717
-0,1031057
0,01646659
-0,003789671
0,003748859
-0,05674366
0,02544715
0,01794318
0,04620823
-0,1410989
-0,1587283
-0,01583668
0,1094363
0,04458103
0,0531187
-0,12739
-0,03044275
0,115409
0,04713089
0,08482847
0,01092653
-0,009007249
0,007673204
-0,04523838
0,02922307
0,04197413
0,1111065
0,158954
-0,07724958
-0,09281399
-0,02208521
-0,008913038
0,05158903
-0,01946864
0,003391847
-0,03342082
-0,01391434
-0,01622688
0,01572103
-0,03421387
0,03025517
-0,02644027
-0,006587747
-0,00353309
0,01589503
-0,01188674
-0,008053688
0,02988676
0,01271492
-0,02817586
-0,0691744
-0,06353472
0,05681691
-0,00793775
-0,00584499
0,09079687
-0,03741512
0,006712641
0,02428165
0,01149666
-0,03136018
0,04532314
-0,06847608
0,03572208
-0,06596009
-0,1148096
-0,00291921
-0,1288643
-0,09942202
-0,05704225
-0,03869905
0,1190742
0,1094112
0,1327516
0,03139319
0,01148496
-0,03764548
0,05637021
0,05048651
0,04074794
-0,002389658
0,05577888
0,03204199
0,00492576
0,02023479
-0,01830122
-0,02384847
0,01148706
0,010938
0,00734172
0,02600113
0,01586992
0,03042411
-0,004803682
0,1002455
0,01580581
-0,01119916
0,003190942
-0,02897912
0,01576423
-0,06110997
-0,01903977
-0,02236192
0,07923917
-0,02303928
-0,04039513
-0,08239379
0,001593669
-0,008866969
-0,04544248
0,07641128
0,02327864
-0,01711971
-0,07811119
0,02209391
0,07184721
0,01556806
-0,0545177
-0,03143683
0,005872314
0,04272383
0,03146745
-0,03450233
-0,03710125
-0,03526616
-0,03449213
0,02640496
0,06840023
0,01439829
0,01298743
-0,04853566
0,06469975
0,02484769
-0,004566832
-0,005526622
0,0245337
0,0009207832
0,01637407
-0,02155686
-0,03288869
0,01340344
0,01489715
0,0370917
-0,005185312
0,006860331
0,02231971
-0,008174336
0,001009518
0,04690395
0,04131628
0,04381271
0,0562499
0,01480826
0,01472463
-0,02273377
0,06834123
-0,03145379
-0,07475986
-0,205616
-0,1163729
0,0918178
-0,06806063
0,0228662
0,06186976
-0,0265499
0,02985508
0,02211899
-0,1341996
-0,06804628
-0,08149944
-0,03414461
0,0489388
0,04240932
0,09731615
0,04280212
0,106962
0,1072936
0,1784877
0,01782796
-0,01236269
-0,08775473
-0,02679045
-0,04596688
-0,02475929
-0,06401065
-0,04376988
-0,003862076
-0,01380182
-0,02640636
-0,04223512
-0,0226045
-0,01554471
0,02742384
-0,0450753
-0,001744883
0,06073183
0,04239112
0,06190201
0,02116453
0,04134693
-0,01407174
0,125913
-0,01622217
-0,054244
-0,04701341
0,02254363
-0,004276907
-0,05078218
-0,01737414
0,002248067
0,1317879
-0,1220561
-0,1274226
-0,079896
-0,06573521
-0,03866433
-0,08738833
-0,05176548
0,06933789
0,06387592
0,07138392
0,007390248
-0,04226775
0,1209278
0,1391871
0,1422961
-0,02174418
0,07264937
0,08154268
-0,04495996
-0,04429395
0,03156593
-0,09696715
-0,02637166
-0,1200901
-0,02952303
0,03599613
0,01887309
-0,03211402
-0,02662345
0,01726395
0,0100779
0,03775582
-0,01036083
-0,04051624
0,1139929
0,009303718
-0,05577918
0,05984649
0,02641964
0,02147422
0,06813058
-0,04734803
0,05471677
-0,03237109
-0,05169752
0,07598752
-0,06304961
-0,02986392
-0,04001518
-0,03176713
-0,1099494
-0,06896465
-0,01769784
0,02484678
-0,05018908
0,005628638
0,05458497
-0,1100881
0,1077962
-0,04902496
-0,06044305
-0,06711738
0,07060505
-0,03458503
0,05815398
0,0203311
0,03792804
-0,009325459
-0,05289254
-0,02549815
-0,04622333
-0,05202957
-0,03124608
-0,05902572
0,0109431
0,03131803
-0,002165938
-0,0003288302
-0,03490299
0,003214057
0,006519847
-0,02651886
0,02101249
0,01592588
0,02606548
0,03867004
-0,08247419
-0,08516799
-0,04679174
0,009202145
-0,06177673
-0,04865217
0,05461169
0,08771902
0,1097675
0,1018444
-0,04772969
-0,07285846
-0,00599651
0,1121849
-0,09185557
-0,1364663
-0,07070778
-0,0007156919
-0,110507
0,0304306
0,002914738
-0,0481757
0,03018538
0,03831377
-0,09709687
0,006026382
0,001226534
0,01966468
-0,04885407
0,03789639
0,05673032
0,0331849
0,01531695
-0,02680006
-0,1324354
-0,09019712
-0,05306566
-0,08982761
-0,02753222
-0,04491886
-0,03139959
-0,03911793
-0,01308413
-0,01787879
0,02931407
-0,02161777
0,01050788
-0,09223424
-0,02359546
-0,01887807
-0,04585125
-0,008264401
-0,05311344
-0,05652091
0,008193783
-0,05382171
0,03698252
0,05586625
0,07402532
-0,1171545
-0,03531183
0,04291095
0,02853581
0,0150322
0,06785776
0,07356326
0,1717277
0,005131398
-0,02824985
0,1108396
0,01388706
-0,07813077
-0,01503076
0,1098674
-0,02489692
-0,0651442
0,08451556
-0,00925146
-0,08905667
-0,09064331
-0,03777283
0,02813531
-0,005392265
-0,02351296
-0,07211504
-0,08248021
0,0006374734
0,034248
-0,04549762
-0,02130824
-0,04259527
0,01041065
0,01508006
-0,02293719
-0,01077776
0,01121642
-0,005613573
0,01423522
-0,05784613
0,03006204
-0,08390836
-0,01974752
0,05235435
-0,1091088
-0,04816862
-0,05448131
-0,1199089
-0,006965242
0,0004331612
-0,03541423
0,1113023
0,03367111
-0,03809717
-0,03241397
0,1198985
0,0919158
0,03584722
0,04916751
0,2101174
0,09433483
-0,04012632
0,1610125
-0,03325815
0,02759634
-0,04335769
0,004919138
0,113385
0,1373393
0,0193136
0,00940313
0,06880368
0,05249072
0,02456398
0,001614752
-0,06488869
-0,07117554
0,0147413
0,04531444
0,02900747
-0,0565558
-0,0345083
-0,007502558
-0,01196301
-0,006460436
0,009947883
0,006028529
-0,08874266
0,003730298
0,02935128
0,02253831
0,07658353
0,04175429
0,04324828
-0,04682827
-0,05019403
0,009169121
-0,04933582
-0,07660721
0,07420223
0,07035623
0,05608219
0,00583914
0,08132011
0,0298826
0,1228851
0,1074311
0,0710597
0,03783456
0,01394876
-0,03984057
0,01036533
-0,0005693352
-0,1183746
-0,07864221
0,002288433
-0,0184259
-0,06102689
0,01787954
-0,03032166
0,02044123
-0,01220596
0,05105717
-0,0542362
-0,08073407
-0,02698014
0,03314248
0,05886607
0,006876256
-0,02813972
-0,05227214
-0,01750597
0,001381763
0,0003762136
-0,004537818
0,00821287
-0,0008562284
-0,07268403
0,01254336
0,05811361
-0,008124171
0,01652331
0,01928831
-0,04816689
-0,02785565
-0,1134363
0,01845339
-0,03782318
-0,1297864
-0,156959
-0,1173467
-0,01676627
-0,08832167
-0,06163095
-0,03744609
-0,06832494
-0,07302471
-0,05411449
0,03796266
0,03720041
0,08259483
0,1274901
0,01661751
-0,06532132
0,1188222
0,04138696
-0,004812366
-0,1390768
-0,01617363
0,03243866
0,08092793
-0,09237786
0,03683687
0,003965717
0,06536394
0,004383243
0,008884863
-0,01417935
-0,01985897
-0,02794189
-0,02739378
0,03770904
0,02904419
0,01217936
-0,02695686
-0,008373168
0,02641801
-0,01552315
-0,04066855
-0,0435874
-0,03066447
0,03644993
0,02550941
-0,0502386
-0,0303768
0,01461413
0,093631
-0,01673747
0,04939419
-0,1144336
-0,0180731
0,0784521
-0,05808372
-0,03687113
-0,04462293
0,1097853
0,03643008
-0,03660843
0,06943099
-0,03218014
0,07560107
0,01777316
0,04259329
-0,01923895
0,02513597
0,006835266
-0,01304343
0,004917264
0,008990621
-0,003117285
-0,03544655
0,01118779
-0,08620077
-0,09031465
0,09539613
0,08291094
0,04434556
-0,02928492
-0,03390537
-0,07162033
-0,01093147
0,004221924
-0,02971328
-0,03554652
-0,02984316
-0,008891704
0,0030141
-0,02648566
0,01256389
0,01208402
-0,008344363
-0,02762537
0,05899003
0,03968377
0,01206652
0,0076267
-0,04927562
-0,02859173
0,06493888
0,06245779
0,04070139
-0,0929069
0,07704084
-0,01004942
-0,1034567
0,008687909
0,0229719
0,03180289
0,04676354
-0,01766238
0,1035758
0,01057322
0,0464097
0,09265516
0,04323072
0,03528984
-0,03758075
-0,07268051
-0,08064985
0,0202858
0,03867549
0,0206008
-0,09168221
0,05695618
0,07478347
0,06974683
-0,03297915
-0,0769631
-0,06434896
-0,03840648
0,001637939
-0,004596464
-0,02004813
0,01957702
-0,01809126
-0,01093959
0,008470717
-0,04648706
-0,1245077
-0,002145952
-0,06277059
-0,03631409
0,01394084
0,01139522
-0,02754526
-0,03090489
0,1029467
0,0005064382
0,05110498
-0,1111248
0,01677177
0,02097309
-0,01425699
-0,1505657
0,01887115
0,002870127
-0,1665106
0,04185383
0,05787669
-0,05880548
0,01541188
-0,07888219
-0,1113059
0,08764357
-0,02969818
0,001780276
-0,102832
-0,07479971
-0,002224913
0,09612664
0,009911932
0,04948542
0,03224778
0,03030865
0,05253274
0,05714449
-0,03585206
-0,01691806
-0,005761614
-0,01000273
-0,006819988
0,005733461
-0,02351278
0,01405729
-0,0004358253
-0,03053279
-0,02142942
0,004088493
-0,04301049
-0,003040632
0,05267372
-0,04685177
-0,06690766
-0,06184359
-0,08476472
-0,0963708
0,1088821
0,08277741
0,1458324
0,03745012
0,02829073
0,03676209
0,03438947
-0,07620962
-0,01561195
0,08163977
0,06060309
0,1195922
0,03229798
-0,01058922
-0,001110766
-0,07752578
-0,1521932
-0,06069064
-0,01451245
0,05851294
-0,09756351
-0,02592353
-0,06121742
0,004021176
0,1076877
0,02694391
-0,02461763
0,02318392
0,02759939
-0,01959147
-0,004386475
0,06939157
0,005916421
0,04025709
0,01730791
0,03441037
-0,0184544
0,005220296
-0,02340917
0,02772587
0,02115525
-0,003680253
0,02274714
0,03231169
-0,05227436
0,01336002
0,02652921
-0,08395231
0,001862957
-0,07628421
0,002277582
0,139576
0,07658899
-0,06399387
-0,03554067
0,009389064
-0,05425823
0,02567542
-0,004082008
0,02982386
0,1146303
0,01233013
-0,04290595
-0,05926546
-0,01886841
-0,139249
-0,1190655
-0,1751645
-0,04749918
0,07423897
-0,05504169
-0,07270584
-0,06385914
-0,04924952
-0,04409878
0,02805865
-0,08740484
0,04449616
0,02259964
-0,0187624
0,04254098
0,07480524
-0,04094914
-0,0341232
-0,01597534
-0,0423704
-0,004807904
-0,01270527
0,006928289
0,02517665
0,03429349
-0,004452038
0,07964297
0,01703155
-0,02700181
-0,02386396
0,005183714
0,03752582
-0,01872562
0,01799504
0,09551665
0,220259
0,06641478
-0,01124325
0,01768706
0,01973904
-0,04253253
-0,0272909
0,003969349
-0,01655063
0,1022496
-0,09568425
-0,1026975
0,117419
0,05245082
0,1306751
-0,04030576
-0,06499873
-0,1152954
-0,01828006
-0,08540826
-0,05646463
-0,01127768
-0,08395796
0,01634653
0,1935407
0,07289664
0,09281439
0,04251048
0,05485971
0,0174064
0,02522492
-0,009752596
-0,01070583
-0,007349324
-0,04811482
-0,005679716
-0,006364329
-0,009214449
-0,02079405
0,02452514
-0,001185172
0,03731484
-0,01680335
-0,02381725
-0,003295367
-0,1358155
0,03962872
0,06428048
-0,02011749
0,009487879
-0,05540434
0,07854959
0,0007029094
-0,01587184
0,05838193
-0,005482599
-0,01493622
-0,03866923
-0,003566063
-0,04564559
-0,09587912
-0,007634227
0,08372669
-0,08923993
-0,05733357
-0,003925529
0,01553676
0,03984644
-0,04632102
-0,0287213
-0,0626137
-0,06078925
0,02248973
0,08967915
0,03749159
0,02528065
-0,03488423
-0,05305091
0,0153611
-0,0252596
-0,03110443
0,02349142
-0,02686782
-0,0009530254
-0,02266433
0,001209
-0,03431153
-0,02830061
-0,01950591
0,04676995
0,096391
0,03787763
0,02046544
-0,08248379
-0,1192911
-0,005925189
-0,04878367
-0,1405775
-0,09505026
0,01842461
0,01552279
-0,003723401
-0,06096576
-0,03093223
0,05137137
0,08614538
0,0004478325
0,06570514
0,005253957
-0,01627458
-0,0161429
-0,01743803
-0,00102712
0,08605277
-0,04797468
-0,1221042
-0,03563524
0,1110399
0,02830034
0,07354008
0,07683742
0,07030553
0,1164211
0,01716411
0,009025788
-0,05234948
0,07987613
0,03993803
0,1086991
0,04826438
0,009844438
-0,09970494
-0,0006699745
-0,02936133
-0,01920658
-0,01241202
-0,02486633
-0,01804132
0,01341739
0,03164187
0,02402414
0,04484523
0,00552047
-0,06503724
-0,1385947
-0,1068661
-0,1862411
-0,0464626
-0,05010749
-0,03679807
-0,05188768
-0,03548118
0,005593964
0,003035309
-0,08049551
-0,00168651
0,05213602
-0,04078571
-0,0871737
-0,01575532
-0,06845565
-0,0151702
0,1277435
-0,009480502
-0,1691798
-0,06815074
-0,06263895
-0,06140361
0,004850456
0,1234763
-0,02530041
0,01469865
0,1162737
0,1160179
0,067982
0,07149869
0,09262269
-0,03167564
0,03699246
0,1134287
0,02376052
-0,07278689
0,0358673
-0,006549748
-0,03466559
-0,01529727
-0,00331005
0,006655949
-0,008861116
-0,0004480307
0,05614791
0,1479576
0,0136165
-0,08136721
-0,1575311
-0,04868429
-0,1652071
-0,02807062
0,1036194
0,003958069
-0,06858028
-0,001355064
-0,00598389
0,02691468
0,06803053
-0,003515429
0,04523632
0,1138157
0,01902142
0,01354642
-0,008054118
-0,07696428
-0,06496737
0,01237783
-0,05513315
-0,05552278
-0,1144378
-0,2317314
-0,008203695
0,1778814
0,1069215
0,01852078
-0,02431045
0,000230992
-0,1229614
-0,03640877
0,09622706
-0,02541347
-0,0922022
0,03375951
-0,01692517
-0,01905091
0,01895721
0,04621635
-0,0229331
0,00333068
-0,01903999
-0,01607958
-0,02921973
0,01274582
0,06424516
0,005845368
0,02256976
-0,0122923
-0,06989142
0,07197998
-0,04603225
-0,0247089
0,04141264
0,08830866
-0,1243076
0,01479259
0,0698977
-0,03778033
0,04748522
-0,08859643
-0,09881532
-0,01382777
0,006587527
-0,1258806
0,004485563
-0,1005575
0,03559538
0,06035762
-0,007972119
0,05713597
0,07420134
0,06056415
7,697062E-05
0,03798162
0,1099413
0,07914336
0,01868378
0,1002715
-0,0324992
-0,04300079
0,009571061
0,08997177
-0,01811603
0,009639344
-0,008853015
0,01532712
-0,04816094
-0,01170514
-0,05553949
0,006686224
-0,007729847
0,018696
0,02814792
0,01497643
0,09687895
0,00639423
-0,01959797
-0,005212639
0,08808475
0,0242608
-0,007425613
0,0472548
0,08730479
-0,03087883
0,02266061
0,07980735
-0,0893153
-0,0486554
-0,004009405
0,01629626
0,1332077
0,01989165
-0,1686898
0,1042848
-0,2033033
-0,2106035
0,003088671
-0,04247335
-0,03829612
0,02929925
-0,03887974
0,08471351
0,1057189
0,1170362
-0,037614
0,06760411
0,1532047
-0,01451814
-0,01574865
0,04225455
-0,01783943
0,004476684
0,02455994
-0,03001562
0,04379871
-0,02329958
-0,07425461
-0,02910818
-0,05012945
-0,008613868
0,01648503
-0,000302102
0,005173821
0,025591
0,09050208
0,0660978
0,05946526
0,02989367
-0,04445805
-0,009504465
0,01363037
-0,04267783
-0,06165698
0,007096359
0,06075805
-0,0002444062
0,004497943
0,02177482
0,07901036
0,03108506
0,01653044
-0,0621968
-0,07051612
-0,04787662
-0,1305099
-0,146539
-0,1007101
0,04858041
-0,07094863
-0,008403406
-0,05216632
-0,04097737
-0,1443409
0,110443
0,1294809
0,01801377
0,02149355
0,001489324
0,04288485
0,007382385
-0,001429131
0,09716164
0,05337074
0,09796507
-0,04491109
0,01039015
-0,03387972
-0,06464413
-0,02901691
0,00867299
-0,03444734
-0,01338432
-0,007255581
0,02878227
0,02828907
-0,005827171
-0,03519362
0,008021928
0,006447782
-0,04678182
-0,01967095
0,05803775
0,1211984
-0,0009933125
-0,03206821
-0,1355869
0,007894561
0,08415802
0,07231789
-0,01440995
-0,07938342
0,1342875
-0,01050658
0,001952296
-0,1887499
-0,06696764
-0,0151226
0,0632991
0,01681214
-0,02156597
0,09866901
-0,08568767
-0,1468865
0,04901855
0,05652166
-0,03510204
-0,04538833
-0,04787194
-0,04034664
0,001573046
-0,0483515
0,03549914
0,05883388
0,01873975
0,03548075
0,007023109
-0,0004047141
-0,04063228
-0,006033177
-0,002948812
-0,001339835
0,003331817
0,005257058
0,004620983
0,02185555
-0,01206986
-0,08917873
0,01330284
-0,001321231
0,03607891
-0,07316951
-0,09542654
-0,04556033
-0,08411531
-0,07270086
-0,08663528
-0,1220379
-0,1060631
0,03090791
0,003369777
-0,1200564
0,07809518
-0,02492297
0,01362303
-0,07236622
0,01836433
0,02267159
0,01097799
-0,05377728
0,009594266
0,1271009
0,03763155
0,1097249
-0,0678244
-0,04064631
0,02717413
-0,06863079
-0,1093928
-0,04281551
0,05025975
-0,04285006
-0,03232246
0,01285623
0,1298286
0,04349793
0,06194523
0,01482702
-0,001387966
-0,03033877
-0,006387126
-0,01743248
0,01806265
0,02135472
0,004698117
0,009946921
0,04098038
-0,03818819
0,04896647
0,0006815078
0,08193315
-0,0359083
-0,06498133
-0,01934685
-0,06968125
-0,01436977
-0,02497231
-0,05589681
-0,06931928
-0,05377379
-0,0822729
-0,1372734
-0,02400153
0,08445778
0,07042068
-0,02980532
-0,02206556
-0,02474952
-0,05650858
0,05213844
-0,04771773
0,08638411
-0,05611325
-0,04486915
-0,09021402
0,008799884
0,001498478
-0,1735224
-0,1782169
-0,03837976
0,1027144
0,01358385
0,04215721
-0,02795372
-0,05545962
-0,01006438
-0,0509261
-0,04569857
-0,02506153
0,0007238556
-0,05057361
-0,03142421
-0,005556274
-0,02500346
0,03477733
-0,005899151
0,0187334
-0,06463208
0,0849832
0,01183999
0,01728202
0,100198
0,008132025
0,07646526
0,1793536
-0,01730102
-0,01508759
0,07707447
0,1214244
0,1254879
-0,07200239
0,01786735
0,03128425
-0,02807683
0,03842712
0,008422107
-0,04644854
-0,0488061
0,1694693
-0,06527734
-0,03505337
0,02861509
-0,03137564
-0,04020871
-0,1292956
-0,1360438
0,04963512
-0,003811143
-0,09378789
-0,06797157
0,07291483
0,05603453
0,0175698
-0,0147276
-0,02994677
-0,09371372
-0,02972268
-0,03678374
-0,02454264
0,003038192
0,01884913
-0,03110867
-0,02435624
-0,02006532
-0,004336557
0,03757609
0,07467289
-0,004531059
0,08385246
-0,01893007
-0,004336865
0,01790698
0,07920226
0,06885428
0,04386386
-0,05350923
-0,009718079
-0,0209124
-0,06706827
-0,003634843
0,01700201
0,06888466
-0,1017994
-0,1365417
-0,1344784
-0,1208119
-0,08228245
-0,1213049
0,02620675
0,02796339
-0,05611602
0,02002064
0,02317988
-0,1599821
-0,1127651
-0,1446313
0,04738753
0,05484792
-0,0599344
-0,1848156
0,08596513
0,008447899
0,06222764
0,04369419
0,06205463
0,01943119
0,06878533
0,001855558
-0,0111316
0,005548049
0,009331429
-0,0277469
0,0140709
-0,008289988
0,02189712
0,006637319
0,02989479
0,0278008
0,1499106
0,1271794
0,01255917
0,1879179
0,06838799
-0,04081489
0,0288309
-0,03560117
0,01074829
-0,0386281
-0,05759498
0,03671236
-0,07815251
0,01262667
0,006642884
-0,01375125
0,03082665
0,003433337
-0,0404211
-0,08902896
-0,1393697
-0,03548849
-0,01134185
-0,06602411
-0,002430142
0,08071612
0,02145525
-0,0102246
0,1915464
0,02662827
0,02509874
-0,1243955
0,1251342
-0,09404075
0,06062403
-0,05476762
0,03862365
0,09720833
0,05366316
-0,03306261
-0,008924779
-0,01105352
-0,02794368
0,01248627
-0,007963898
-0,02633792
-0,00809532
0,04565893
0,01255116
0,02984686
-0,002390732
0,1041858
-0,0009444141
-0,0005599821
0,004635419
0,0447195
0,03032942
-0,129827
0,02187313
-0,05671904
0,07585701
0,1844582
-0,02520101
0,09345482
0,01193614
-0,03326742
-0,01792918
0,03753762
-0,1099221
-0,07376874
0,04412588
-0,04569574
0,01356266
-0,04201261
0,06277872
0,02585732
0,01853065
-0,09264018
-0,03861241
0,01457048
-0,05286247
0,06640662
0,09873573
-0,05539682
-0,01593061
0,09841952
0,02867703
-0,08916572
0,009111059
-0,01849581
-0,05221597
-0,03502878
-0,02592932
0,003967049
-0,0432353
-0,01409998
-0,02154165
-0,0130054
-0,00847926
-0,02276789
-0,03189682
-0,02496678
0,06158245
-0,00767149
0,04474533
0,06648842
0,05669931
-0,007167418
-0,07659917
-0,02992815
0,01950845
0,1277689
0,03913096
-0,1194486
0,1257456
0,09816102
-0,03764035
-0,07938048
-0,08617605
-0,1099188
-0,07120104
-0,09068768
-0,06522989
-0,05247745
-0,04532979
-0,1592393
-0,08274618
-0,05350119
0,09735817
0,08925685
0,01377667
0,08918903
0,03569144
0,008948852
0,03183381
-0,01420079
0,05578304
0,06048428
-0,02351343
-0,01787688
-0,04201689
-0,003356855
-0,01382882
-0,02794777
-0,00309783
0,01115923
0,02552677
0,02699146
0,01841048
-0,0167787
0,06614917
0,0007052986
0,04475475
-0,02281262
-0,01417912
-0,04444032
-0,04129357
0,1017048
-0,02025067
0,05415507
0,08400276
-0,01379786
-0,02496275
-0,1102704
0,0320805
0,1285033
0,1465522
-0,06330244
-0,0440129
-0,03152875
0,07672549
0,02212748
0,1023059
0,01986041
0,1280976
-0,06054248
-0,004836617
0,008446988
0,06028734
-0,08313855
0,04251841
0,006675643
-0,02604192
0,06003721
0,05719852
-0,06210592
0,02801292
0,0474601
-0,04654793
-0,05855305
-0,08360389
-0,01105329
-0,01263137
0,01913134
0,005778292
-0,02595831
-0,005223814
0,02092444
0,01366236
0,01777994
0,03911467
0,006240449
0,01682952
-0,06354355
-0,03786451
-0,09408141
-0,1267494
-0,06470406
0,02796565
-0,0338165
-0,101886
0,03758535
0,0328996
0,09726217
0,1121695
-0,0629641
0,1221361
-0,1076765
-0,135479
-0,1255198
-0,03610774
-0,1244081
0,01437112
0,01769188
-0,1019852
0,02321188
0,01046608
0,02294439
0,135454
0,1120612
-0,03201205
-0,06723966
-0,01028464
0,08240617
0,109615
0,06907521
0,07139508
0,09105404
-0,07804473
-0,0441785
-0,01762639
-0,01393644
-0,03600152
-0,01434027
0,01761691
-0,001719334
-0,03100619
-0,01804452
0,01179506
0,04959472
0,01871163
-0,0138054
-0,09195121
-0,07934124
-0,1256982
-0,01773134
-0,003673319
-0,02231584
-0,03527593
-0,1143832
0,06791613
0,1772874
-0,04806766
0,06924079
-0,03316275
0,02271209
-0,06611896
0,02578477
0,07333228
-0,1858225
-0,08547302
-0,06628092
-0,06368498
-0,1988733
-0,1326559
-0,1613105
-0,06031755
0,04265776
-0,04574918
0,05389462
-0,06542902
-0,0583418
-0,03612624
-0,001743655
0,07707385
0,07443887
0,01650682
-0,01444577
-0,07543247
-0,01605327
-0,02107422
0,007251014
0,02743581
0,02667
0,0112996
0,02414152
0,03035271
0,02355888
-0,01411026
-0,01759499
0,03998356
-0,09078938
-0,03004706
-0,07324289
0,03477152
0,0837907
0,01512804
0,04569624
0,01966412
-0,01275733
0,02286657
0,03355681
0,03654083
0,003450159
-0,07262592
-0,09930079
-0,1102701
0,0892028
-0,08278284
-0,1466232
-0,1268674
-0,1381366
0,004649095
0,03226929
0,005308938
-0,1501748
0,1087193
0,06339978
0,01382749
0,0434123
-0,04585568
-0,05354909
-0,1443526
-0,09899914
0,1637501
0,07973804
-0,002571602
0,04456792
0,08346095
0,01970051
0,01081962
0,02559168
-0,01057875
0,02067844
-0,03035735
-0,002123144
0,03420616
-0,02722749
-0,01347322
-0,06012243
-0,02381318
-0,04149641
-0,0346102
-0,1066267
-0,03698198
-0,05349752
-0,01223658
-0,003525959
-0,037698
0,06716365
0,08052406
-0,00933261
-0,1977505
-0,1086328
-0,02430507
-0,02670322
0,08652516
-0,04072574
-0,1120164
-0,1080066
-0,07666868
-0,06967206
0,03922764
-0,05224654
-0,1287587
-0,02670392
0,03147828
0,03022208
0,01110311
-0,02875427
-0,08575667
-0,1059383
-0,0990365
-0,03431321
0,1282155
0,04971703
0,009493481
0,08533081
-0,006306502
-0,02488813
0,001627729
0,01288975
-0,01793671
-0,044985
-0,01299094
-0,01455483
0,003794187
-0,05041488
0,07063615
-0,03125541
-0,01388459
-0,008400076
-0,06824007
-0,01816131
-0,0261258
0,01454415
0,07904425
0,1058717
0,009285189
-0,0006037861
-0,002154236
-0,05933954
-0,01034576
-0,0566736
-0,1119432
-0,001671848
0,05069992
-0,05217106
0,01891135
0,03713695
0,1067888
-0,1541224
-0,04097519
0,06736376
-0,03491905
0,03049179
0,09518956
0,07860433
0,009973526
0,09289205
0,108994
0,1326147
0,02943249
-0,0002771201
0,1439212
0,1327844
0,06265394
-0,04910902
0,01853473
0,01759399
0,06100635
0,01840611
-0,0189613
-0,05506713
-0,01606419
-0,0173894
0,01075284
-0,0201171
0,04719203
-0,02112883
0,008796723
0,07324395
0,0208289
0,05229773
0,09822204
0,02201798
-0,01653282
-0,002364565
0,003941062
-0,009677111
-0,05098411
0,04454304
0,08378562
-0,04421419
-0,07189564
-0,01688427
-0,01485888
-0,07222319
-0,09198077
-0,08400888
-0,07669006
0,09672737
0,02027879
0,04646983
-0,05267256
0,1225357
0,02742457
0,00728898
-0,06102671
0,01620014
0,1303298
0,1038156
0,05351629
0,07236536
-0,05021593
0,1078667
0,04232973
-0,01488673
-0,002281128
0,05825171
0,04224071
0,01824148
0,006115664
-0,02327675
-0,0119336
0,01989283
0,003580764
-0,02953183
0,001322832
-0,02090858
0,03751108
0,01846754
0,01891571
0,04936031
0,1532374
0,0395635
-0,1224041
-0,05418277
-0,03201592
0,03199125
-0,04007976
0,02571424
-0,02329455
-0,1124975
-0,02529802
0,06834546
0,0585031
-0,1269784
-0,06800026
-0,005636074
-0,01654138
-0,06098636
-0,09902406
-0,02358571
0,08658037
0,007616732
0,08558204
0,1117796
-0,1396379
-0,01290692
0,1402467
-0,002765031
0,01286245
-0,06404085
-0,04021774
0,1467841
0,03275154
-0,000286715
-0,0261779
0,09489958
0,01854688
0,03822731
0,0396511
0,01831035
0,01985362
0,02465556
0,01224932
-0,005303236
-0,008581714
-0,03120816
-0,01083069
-0,04557784
0,02466395
0,05237184
0,1109875
-0,01944822
-0,1112645
-0,03398149
-0,08330498
-0,04878715
0,01955726
0,002537516
-0,115026
-0,05587744
-0,01854179
0,04007691
0,01495704
0,05062817
0,05132394
-0,006913188
-0,06500996
-0,07296353
0,02708093
-0,1219139
-0,06927025
-0,01101948
-0,01869268
0,05478538
0,07480332
0,1140755
0,1166311
0,02834271
0,05213923
0,0170079
0,02278187
0,08009334
0,0220174
-0,01711761
0,01488304
0,07679673
0,05193827
0,03894889
0,03239301
0,01760579
-0,006129487
-0,01358806
0,04789811
-0,006758257
-0,02700558
-0,01427943
-0,02904169
0,05103857
0,03812484
-0,002413796
-0,04422865
0,05203173
-0,06827502
-0,01713004
0,06372894
0,01660283
-0,0312321
-0,04177304
-0,1334094
-0,06962893
0,05574664
0,1638123
-0,1493372
0,08717757
-0,05016413
-0,02376354
0,03847936
0,03876246
0,06539318
0,01118836
0,05653892
-0,0369204
-0,05145618
0,03826939
0,06088739
-0,0322329
0,01369643
0,1041194
0,03158301
0,1142845
0,09362687
0,06916013
-0,001292406
0,02407132
0,06007881
0,1294851
0,02734155
0,03481537
0,01876925
0,01869928
0,01822579
0,01224931
-0,0163206
-0,02524121
-0,0292643
0,01426309
-0,1016577
-0,05497193
-0,1327607
-0,186168
-0,05290388
-0,07804535
-0,1330624
-0,05688314
0,1236519
-0,002885019
0,07474069
0,01763764
0,007488371
0,1062863
0,08033745
-0,04469592
-0,1532483
0,0004518313
-0,07603976
-0,03566131
-0,0702503
-0,1096988
-0,09699919
0,07276588
0,02263837
0,0988427
0,07356475
0,06882281
-0,01617664
-0,05120724
-0,03502693
0,05298519
-0,007435172
0,07494123
0,09635109
0,07277454
0,05215059
0,07712173
0,093874
0,1385036
0,01214539
0,01742498
0,001608742
-0,01721465
-0,02354792
0,002269861
-0,0117181
-0,04652682
0,02788124
0,03908122
-0,008483125
-0,04480575
-0,1034831
-0,1019528
0,05154873
-0,1170681
-0,02434049
-0,06497822
0,0104564
-0,006647022
0,04534191
-0,0149155
0,03765734
0,1061932
0,05387622
-0,1097667
-0,1237958
-0,07659519
-0,1315703
-0,02925158
-0,0134716
-0,03138262
-0,04428024
0,1309011
0,09410216
0,0009166883
0,1327139
0,152271
0,1342911
-0,07196333
-0,1369983
-0,02111006
-0,1006216
-0,07511229
0,03662218
0,02832591
0,04070048
0,04364936
0,05292776
0,1034327
0,04405571
0,01284682
0,02134418
0,027063
-0,001106059
-0,004658114
-0,00708159
-0,03759583
0,05830022
-0,04086174
-0,03585615
-0,00512001
0,05000919
0,02020354
-0,001982033
-0,05417239
-0,05116872
-0,02640776
0,0197877
0,04881054
0,09266205
0,05543329
-0,05836425
-0,02314101
0,03539232
-0,04514966
0,01159973
-0,04780363
-0,1332571
-0,06752566
-0,1147002
-0,05558326
-0,09564198
-0,0170403
0,1581142
0,01649006
0,03665039
-0,04487291
-0,08331624
-0,1131366
-0,04996954
-0,04775356
-0,133468
-0,05694793
0,05483335
-0,03796003
-0,04613185
0,03087292
0,03536038
-0,01203833
0,02779599
0,01224579
0,002013526
-0,01328996
0,005486654
-0,0007481233
-0,02330782
-0,0604611
-0,03249723
0,02482056
-0,067682
-0,001395745
0,07566394
0,01089686
0,09272086
0,06092498
0,1354467
0,07260565
0,08597401
0,09080414
0,1246362
0,02179882
0,0406495
-0,08230653
-0,1996196
-0,1273047
0,03323161
0,0007480495
0,04114933
-0,08404709
-0,08852538
-0,09734466
0,003358831
0,01274227
-0,08774713
0,06771185
0,02502847
0,02702816
-0,02139413
0,01312887
-0,06490567
-0,02669765
-0,1255263
0,04596013
0,05766306
0,05644118
-0,02692354
-0,03397917
0,01008654
-0,05145606
0,01322989
-0,02471477
-0,01748507
-0,027064
-0,01544375
0,006060237
0,009101973
-0,01766381
-0,04142473
0,03405551
0,04072243
0,0004104315
-0,02326795
0,04319392
0,122371
0,01968305
-0,05782484
-0,01764802
0,1060438
0,1874058
0,004036312
-0,07963043
-0,1266537
-0,1266642
-0,03807708
-0,1799278
0,01166598
0,01866912
-0,05777918
0,1110006
-0,005778702
-0,006029331
-0,06963857
0,02702528
0,08457239
0,06631262
0,1121493
0,01378831
-0,06083735
0,02528988
-0,0826712
-0,05383978
-0,09412112
-0,078655
0,009760512
0,007695823
0,01536932
0,0003020038
0,02314794
-0,02013023
0,01080168
0,003642792
0,007179783
-0,006277089
0,01904342
0,01299958
-0,03775081
-0,05006251
0,02703306
0,08860424
0,08322074
0,1171304
0,0361224
0,05411055
0,02954262
0,0004138181
0,03503033
-0,04318404
0,09096696
0,0494507
0,06274004
-0,08916248
-0,07715376
-0,07858456
-0,05041096
-0,01160055
-0,07410037
0,06500497
0,06555089
0,1129589
0,124489
0,00220473
-0,1084549
0,04623893
0,2151635
0,1064374
0,09362635
0,1255977
-0,08723402
-0,09015641
-0,09416878
-0,1191653
-0,0992203
-0,0414218
0,1103644
0,1390622
-0,00116233
-0,02934711
0,007322196
-0,04700264
-0,0009799741
-0,008735086
0,002186872
-0,0280869
0,009744101
0,02401095
-0,01582047
0,03768269
-0,00365838
0,0006482149
0,03983273
0,04575234
0,009524157
-0,004883211
0,1134365
0,06671762
-0,05001785
0,02772822
-0,0787899
0,02682718
0,04612901
-0,02254003
0,05994998
0,03136082
0,0746901
0,06504248
0,04289
-0,09572026
-0,001728337
0,1036237
0,1091853
0,09474035
-0,1528355
0,01405198
0,08083346
0,05528017
0,07203594
0,08643745
-0,01386854
-0,1605905
-0,1032159
-0,1195203
-0,09582219
0,001020923
0,02748347
-0,005499595
-0,08404073
-0,04865572
-0,04292301
0,004376119
0,02854148
-0,001617739
-0,02054555
0,009439618
0,01120864
-0,01736842
-0,05540046
0,0326127
0,05106417
-0,001834712
-0,07423273
-0,004546633
0,02305677
0,05118625
0,1119249
-0,1078496
0,04960282
-0,08294455
-0,1067714
-0,1415648
0,05621789
0,02232324
0,07768438
0,04519226
0,03341693
0,01115699
-0,01753655
0,02963992
0,03944322
0,2847572
0,1095819
-0,1804211
-0,1898467
-0,1882087
-0,06293206
-0,02742538
0,07707347
-0,01466559
-0,1578342
-0,1234417
-0,1178281
-0,1099414
-0,07444702
-0,06473585
-0,0539531
-0,01494521
-0,06425723
-0,01591783
-0,05110691
0,01778977
-0,02371957
0,006517403
0,003547402
-0,01303849
0,01112628
-0,02099374
-0,02797482
-0,03592692
-0,03748194
-0,03459292
-0,04718328
0,03369797
0,04331777
-0,02190429
0,002423547
0,04231264
0,05948247
0,103149
-0,01242122
0,02788249
0,07684163
0,1878412
0,07527747
0,07838178
-0,06084033
-0,07065231
-0,09264101
-0,01709434
0,08881518
0,1904723
0,170895
-0,1091895
-0,3384585
-0,09586806
0,09053761
0,02136553
0,1544708
0,01593558
-0,07255908
-0,1625074
-0,08838091
-0,1404998
-0,1163205
-0,1105507
-0,04653023
0,04101139
-0,01025384
-0,02081617
0,02375626
0,02221662
0,01871758
-0,04300479
0,007678748
0,02165974
-0,0189137
0,01010788
0,01487488
-0,04052648
-0,01724859
0,05768191
0,05544359
-0,005678378
-0,001284694
0,05837383
0,001061144
0,03572732
0,01733704
0,07578761
0,0392851
0,07112033
0,07086133
0,2531785
0,0904282
0,01618716
0,03039652
0,04562334
0,09578066
0,08498614
0,1405242
0,2538937
0,1629216
-0,1757232
-0,2313762
0,02388781
0,1186805
-0,03918914
0,01719543
-0,1107671
-0,1932809
-0,161276
-0,01662092
-0,1275214
-0,1352374
-0,05638258
-0,06796157
-0,02353003
-0,04185416
0,007314015
-0,03103274
0,007530076
0,018739
-0,007324516
0,011364
-0,01281448
-0,02697677
0,02288832
-0,05206498
-0,03412629
-0,08291162
-0,06227225
0,005011253
0,0114973
-0,05994274
-0,0960937
0,02113198
0,1451971
-0,08943091
0,04985956
0,08406518
0,02082858
0,0009904696
0,05730845
0,08304244
-0,03558032
0,0286568
0,05393633
0,03191667
0,1135616
0,2029593
0,1904004
-0,0252354
-0,1879807
-0,1824085
-0,1008606
0,04120905
0,0492239
0,03575005
-0,1530419
-0,03982968
-0,03348467
-0,05374018
-0,05904655
-0,02717505
-0,02592897
-0,05567762
0,03267523
-0,07252298
-0,03152239
0,001772046
0,010035
-0,007809739
0,01554887
-0,003496237
-0,02394527
-0,03123212
-0,00762489
-0,002277478
-0,02364339
-0,05639193
-0,1582765
-0,125555
-0,07821336
-0,02022249
0,001012243
0,004181981
0,02848669
-0,04943408
0,02056426
0,08840372
0,1627551
0,1097088
0,007068624
-0,117782
-0,1072475
-0,04027111
0,1273454
0,1355815
0,2891035
0,277393
0,02173382
-0,03397463
-0,123518
-0,07925344
-0,02100044
0,09563828
0,09497449
-0,1055798
-0,23677
-0,2275091
-0,1920471
-0,05617427
-0,1512267
-0,07886928
-0,1529304
-0,1109644
-0,07880274
-0,03910047
0,003051266
0,00357767
-0,009374444
0,01414412
-0,01830682
-0,02720979
0,02733612
-0,0165205
-0,01866307
0,01321814
0,009763
-0,0589712
-0,1395817
-0,1451765
-0,141275
-0,1354359
-0,06832452
0,01855101
0,0314386
0,02164353
0,02992688
0,02730466
0,132446
0,1451491
0,02210775
-0,05292335
-0,07568488
0,1352571
0,1156207
0,1272168
0,17254
0,2085781
0,02870243
-0,09793258
-0,05281535
-0,03954901
-0,1069606
0,1180445
0,06385668
-0,1336941
-0,2491391
-0,1505128
-0,08678864
-0,04942324
-0,1526931
-0,1421844
-0,09129933
-0,1004785
0,0009503281
-0,06627902
-0,003471654
0,04659312
0,02741652
0,02241274
-0,02923936
0,01337521
-0,02977652
-0,004192815
0,006722874
0,01415757
0,02734965
-0,1240695
-0,1856168
-0,1808709
-0,1742276
-0,1259341
-0,02858503
-0,008202954
-0,03847241
-0,03396852
0,1252264
0,007916769
-0,02355339
0,09583595
0,02815904
-0,01431018
-0,05106203
0,02048477
0,1318544
0,2960385
0,1934259
0,1271626
-0,04358842
-0,1007457
0,06006816
0,02352916
-0,0588154
0,09854239
-0,05342288
0,006417486
-0,1654323
-0,09013514
-0,1643195
-0,116676
-0,0815458
-0,1333725
-0,07193548
-0,016784
0,004165454
-0,01189458
0,002286771
-0,03651627
-0,02554592
0,007527807
-0,01569585
0,001485105
0,01453427
-0,01753544
0,007729624
0,006356707
-0,04395069
-0,06937896
-0,1152073
-0,1152462
-0,2073795
-0,1726212
-0,06388386
-0,03697409
-0,0568734
0,01644414
0,0845226
0,05805882
0,06806889
0,08840335
0,0316039
0,05317901
0,09565238
0,1444408
0,1771703
0,3161006
0,1946769
0,06753172
-0,1874242
-0,09228299
-0,1864869
0,03425073
0,203171
-0,001131433
-0,1357184
-0,07005011
-0,1499843
-0,1033782
-0,2295049
-0,1571293
-0,124522
-0,09654464
-0,01750515
0,01658541
-0,04613554
-0,03539282
-0,075606
-0,05041394
-0,03122963
-0,02462947
-0,02419607
-0,03109088
-0,01134669
0,0218434
0,007803425
0,007557667
0,03093527
-0,01105025
-0,1534025
-0,1513549
-0,1350494
-0,1607995
-0,06749633
-0,1174095
-0,007846242
0,04929534
-0,02478216
0,02697097
0,006066245
0,1402187
0,06836209
0,1787037
0,1513696
0,1147922
0,1262485
0,2213814
-0,03631536
-0,05905315
-0,1013629
-0,01934758
0,02065085
0,06108741
-0,02323233
0,04234136
-0,1489934
-0,1739922
-0,1563449
-0,1561883
-0,1134935
-0,02536422
-0,06047001
-0,0445567
-0,01699124
-0,1294666
-0,02318581
0,003316622
-0,03320401
-0,002049553
0,04621752
0,000915472
0,008685673
-0,01557321
0,01330515
-0,001514797
0,01953671
0,006276075
0,008209331
-0,08935172
-0,08405801
-0,112396
-0,08950675
-0,08388104
-0,1362248
-0,06530093
-0,07311218
0,02177964
0,1108954
0,03195282
-0,06574254
0,003431602
0,07044503
0,1024896
0,2368958
0,2379755
0,240942
0,3085896
-0,04044217
-0,0398413
-0,12923
-0,1213297
-0,01693329
0,01423159
-0,08607926
-0,1342043
-0,09508535
-0,1667053
-0,1669152
-0,146122
-0,1210282
-0,03649015
-0,0551664
-0,02284053
-0,066064
-0,006685175
-0,02604835
-0,05042886
0,01368348
-0,03699348
0,008458639
0,004642942
-0,006154925
0,01476324
-0,0204246
0,02647156
0,01256513
0,01699992
0,001604091
-0,0941584
-0,08155955
-0,04979633
-0,1514485
-0,06212827
-0,1125318
-0,08672342
-0,05076627
-0,08372716
-0,04927925
0,04380243
0,0182689
0,04993128
0,09250768
0,1327108
0,07845302
0,2279877
0,1766086
0,1844386
-0,01329684
-0,07638048
-0,1300066
-0,02762935
-0,02618989
-0,02145288
-0,0691606
-0,1645671
-0,0731224
-0,1237872
-0,1343607
-0,0724615
-0,08800951
-0,01277481
-0,07679796
-0,068992
-0,09535599
-0,03238139
-0,09625054
-0,0265935
-0,02840969
0,0133056
0,02458777
0,01052599
0,02286093
-0,017131
-0,02302029
-0,0226407
0,01158898
0,00484395
-0,00420176
-0,05213007
-0,05362916
-0,06235674
-0,07782962
-0,05359905
-0,02800125
-0,04214596
-0,05933905
-0,0003022866
-0,0606765
-0,03745314
-0,09476394
-0,03782628
-0,03689127
0,1212471
0,1716398
0,1102929
0,1593594
0,1485342
-0,1234679
-0,1563986
-0,04526643
-0,08624271
0,004727599
-0,02262354
-0,1517118
-0,2236948
-0,1758036
-0,1479357
-0,1459936
-0,06100143
-0,04570612
-0,0007399553
-0,06049901
-0,09323561
-0,05877034
-0,05791492
-0,0216505
0,0120439
0,02911331
0,005192983
-0,009448216
-0,01167591
0,009891251
-0,0139689
-0,02128768
-0,01368554
0,0004421558
0,001634118
0,01160527
-0,01362254
-0,0386723
-0,03214679
-0,0967242
-0,08812194
-0,07247892
-0,0579256
0,0284954
-0,02531603
-0,02918621
-0,04048129
-0,006964407
0,07917204
-0,02315728
0,1231025
0,05302491
0,124328
0,1532084
0,1234192
0,01115591
-0,1332749
-0,1001316
-0,03502613
-0,1348699
-0,1376658
-0,03135217
-0,08028267
-0,07284413
-0,07984456
-0,0544869
-0,0009712299
-0,06420317
-0,02266269
-0,05543017
-0,02546556
-0,02729001
-0,06702848
0,002134073
-0,04353387
0,02751686
-0,01525811
-0,01089709
0,005327358
0,00111566
0,0171436
-0,0270842
-0,01027852
-0,0002275825
0,01177813
-0,02213286
-0,00527646
-0,0508496
-0,01984559
-0,004099576
-0,0496778
-0,02111004
-0,04068268
-0,09521435
-0,08356786
-0,08318479
-0,106481
-0,07739812
-0,04869139
-0,007725927
0,0106069
-0,02156587
-0,007830746
0,003009891
-0,08085638
-0,04668597
-0,02771095
-0,09818944
-0,1214309
-0,03318179
-0,03172927
0,03907712
-0,08358227
-0,1355
-0,09468025
-0,08186723
-0,06992848
-0,08923675
-0,03377595
-0,04192043
-0,04670816
-0,009521983
-0,02273892
-0,0462886
-0,04892125
-0,01785348
-0,03461839
-0,02849854
0,02069489
0,01744323
-0,02244117
-0,001810616
0,02778446
0,01370429
0,02131121
0,01266921
-0,006632352
-0,004168166
-0,01607156
-0,02318922
-0,03901528
-0,03586921
0,003029809
-0,03698539
-0,0409914
-0,05889218
-0,09226111
-0,118068
-0,08377301
-0,02309842
0,02109906
-0,00962555
-0,03871801
0,04061287
0,005985378
-0,06298112
-0,1349472
-0,1552744
-0,1441695
-0,1453516
-0,05840261
-0,03268427
-0,08906427
-0,09233733
-0,06026547
-0,04275565
-0,03901144
-0,00242578
-0,0205253
-0,02044914
-0,02965827
0,02026525
-0,001323627
-0,02391146
-0,02239881
-0,02783142
0,01595266
0,006300963
0,006660978
0,008198489
0,01937023
0,01493601
-0,004001253
0,02669599
0,0247549
-0,01080351
-0,01410457
0,02297886
-0,02564353
0,01984841
-0,03301005
-0,06065746
-0,0123401
-0,03064992
-0,03583277
-0,04308998
-0,05663624
-0,02281428
-0,06161754
-0,01635123
-0,05044041
-0,01874334
0,000476837
-0,003077642
-0,04316955
-0,05270704
-0,149844
-0,1124935
-0,07196829
-0,06068273
-0,05899228
-0,0442455
-0,0241434
-0,05983087
-0,05072341
-0,02960241
-0,01131307
-0,02823734
-0,0155442
-0,01979983
-0,01384018
-0,03700458
-0,01995128
-0,006906739
0,001190013
-0,003735234
-0,01973092
-0,01351047
-0,008805895
0,02711387
0,03009027
-0,01777956
0,006221236
-0,02311495
-0,01799335
-0,01859866
0,01980303
-0,002649145
0,004421795
-0,03949755
-0,03023188
-0,0115541
-0,04128455
-0,04747534
0,01335504
-0,03482198
-0,0531958
-0,03764758
-0,05200364
-0,004600553
0,02665175
0,009722251
-0,0266464
0,008918052
-0,02278987
-0,06510389
-0,05557959
-0,04174438
-0,06264687
-0,02202388
-0,009394449
0,002746257
-0,01960018
0,01816995
-0,04002026
-0,0006697851
-0,02027436
0,00866507
0,02021763
0,01467318
0,00247005
0,02333292
0,01110066
-0,01115238
-0,01791032
0,03071087
0,02254589
-0,01294873
0,001176178
-0,01445044
-0,01404254
-0,001516542
-0,02493376
0,02823133
-0,0197463
-0,01177402
0,02646421
0,02687001
-0,0159147
0,01791725
0,01695416
-0,005578666
-0,03337055
-0,002109413
-0,02328796
-0,03062736
-0,02935417
-0,02351353
-0,002944738
-0,02777463
0,02661884
-0,001251106
0,009117912
-0,0227508
-0,002821766
-0,0103007
0,01071001
0,02595186
-0,02398533
-0,005959593
-0,02728184
-0,03492543
0,02943141
-0,02255986
0,001419588
-0,02652809
0,0157077
-0,006773075
-0,0002519348
-0,0329992
0,01712873
-0,01053257
0,00114103
-0,02703573
-0,02408977
-0,01768456
0,01699379
-0,02825373
-0,02608477
-0,02927485
0,01670698
0,0007085905
0,004979474
-0,01011334
-0,01059177
0,01935748
0,01263013
0,02418201
-0,01497675
-0,01216369
-0,009627132
-0,0293347
-0,0005572846
-0,01905737
-0,01765435
0,01233898
-0,003023031
-0,03893694
-0,03404202
-0,0397588
-0,01103863
0,01966867
0,01622212
0,01549962
0,001004901
0,01206267
0,02213898
-0,001659628
-0,05081452
-0,02294975
-0,05517594
0,007534175
0,005873288
-0,01595768
-0,02629467
0,02500371
-0,003921793
0,001919446
0,01558081
0,0146181
0,0004199137
0,0255469
-0,02005948
-0,0112213
0,009308314
0,01815264
0,01767091
-0,01278118
0,01406349
-0,01003824
0,009682961
0,01590792
0,02670579
-0,02815357
0,006250408
0,0284387
0,01847251
0,02556387
-0,02746783
0,01514275
0,02428293
-0,02880736
0,01905651
0,01385508
-0,01465209
-0,006241136
-0,01882846
-0,02382532
-0,02770302
-0,01042526
-0,01416371
0,03035923
-0,01426536
-0,008635188
0,001558746
8,022002E-05
0,00676971
-0,01277913
-0,0408048
-0,007842568
0,008561658
-0,001682425
0,0212656
0,01129154
0,01947152
-0,01571004
0,02723193
0,0155095
0,01526342
-0,0188187
-0,01957503
0,004759308
0,003286995
-0,02831379
0,02297572
0,001351956
-0,02376979
-0,005993444
-0,02914897
-0,01898872
0,00194655
0,009937006
-0,01803637
-0,00827738
-0,0280038
0,01131235
0,0002530325
0,008297263
0,002462035
-0,02368602
-0,01072311
-0,00597085
0,02550021
0,002782606
-0,02917505
-0,01256167
-0,0260681
-0,02561009
0,02605844
-0,02799778
0,0004596876
1,663301E-05
-0,006796656
0,02262069
-0,02340003
0,009350371
-0,0102937
-0,02099131
-0,008034766
0,02905745
-0,009168632
-0,01839062
-0,0105387
0,0182929
0,02900468
-0,0250057
-0,005400314
0,006022561
0,01222521
-0,02178622
0,01725628
-0,009935835
-0,01532884
0,01057008
0,0229077
0,01710441
0,01019233
-0,02932644
-0,02926467
0,004765649
-0,003402686
-0,02872842
-0,001496287
0,02957693
0,01073581
-0,02792032
-0,01357743
-0,01217295
-0,01971025
-0,0109507
-0,01381331
-0,01403867
-0,01724974
0,004122168
0,01452524
-0,02530838
-0,0282879
-0,02475675
0,005585301
0,02758189
0,02496331
3,372847E-05
-0,005742698
0,01731312
-0,01419375
-0,01909502
-0,01526172
0,01327386
-0,02895011
-0,00509102
-0,02727422
-0,006405375
-0,01774149
0,01973589
0,002663145
-0,008043815
0,01662981
-0,006662617
-0,02111013
0,02572533
0,01886816
-0,02312174
-0,004574629
-0,006296334
0,02382484
0,0005111841
-0,02303852
0,01103119
0,02676305
0,01842791
0,01543095
0,00515936
-0,003506615
-0,02570271
0,01065094
0,02736173
0,008889008
0,01212843
0,01400231
-0,0002356709
0,01723245
0,003494629
-0,01399654
0,01603225
-0,01412968
0,02196587
-0,02666759
-0,007689654
-0,02833505
-0,007265276
-0,01212979
0,008537451
0,02712771
0,009064417
-0,02148328
0,01804432
-0,02558094
0,02983192
0,02384355
0,01572734
-0,02594904
0,005151603
0,01734513
-0,01609213
0,01000139
-0,001460998
0,02862775
-0,02130566
-0,01953869
0,005651354
0,01343925
-0,02500521
0,01051686
0,01008643
-0,02062142
-0,01462646
0,02147774
0,01001995
-0,02212866
-0,02815439
-0,002812407
0,01527136
0,009487114
