0,01949168
0,01126887
-0,007670333
-0,01241976
0,002845407
-0,01833086
0,007803394
-0,01203141
-0,006140612
0,02929393
-0,003026665
0,01702595
-0,0129717
-0,01865719
0,02771377
-0,002063068
0,02434899
0,01595358
0,02444671
-0,01037843
-0,0063991
0,02823157
-0,02200926
-0,01552417
0,02737417
-0,0182024
0,006040438
-0,002171734
0,02780888
0,001589843
-0,002109775
0,01812505
0,01918468
-0,01169971
-0,0009991993
-0,007912568
-0,01139643
-0,01064956
0,01579747
0,01020481
0,01325216
-0,01076033
0,02820828
-0,02724313
-0,02806362
0,01252336
-0,02092118
0,01009616
0,02994079
0,01155209
-0,02410494
0,02467497
0,007096477
0,0003665241
-0,006979581
0,02260989
0,003669671
-0,02189983
-0,009655515
-0,009231513
0,004810163
-0,02064366
-0,01056869
0,02233533
0,001306124
0,009873278
0,02889863
0,03029673
0,01368312
0,005256458
-0,02070933
0,004953894
-0,02993219
-0,01624787
0,006355083
-0,02653588
0,0297147
-0,0259287
-0,01946814
-0,01762033
-0,02880994
0,02531931
-0,001594119
-0,01385558
-0,004257554
0,004987473
-0,02027537
-0,01198895
0,02493086
0,007226989
0,01974188
-0,01921661
0,02947242
-0,004940404
-0,02518409
0,003515025
0,03020924
-0,02436209
0,00213569
-0,007403269
0,01401767
-0,02064819
0,02753974
-0,004755704
0,003078049
0,001704921
0,02436207
-0,007714191
0,02267662
-0,01242198
0,02016964
-0,004319446
0,02483989
-0,02500096
-0,01277495
0,008667602
0,01122984
-0,02751286
-0,003605963
0,02733725
-0,0006541177
0,01077162
-0,02535135
-0,02536216
0,01297862
0,02536291
0,00313359
-0,0002066989
-0,02524928
-0,03015777
-0,02680637
0,02240924
-0,0005511651
0,02111131
0,001208862
0,02483588
0,02924085
-0,02588126
0,01575918
0,02528559
0,009993452
0,01852412
-0,005671198
0,006983846
0,01568269
-0,008275017
-0,01447717
0,0238026
-0,02332187
-0,003932435
0,0224812
0,02729051
0,009318572
0,005834972
0,02133567
-0,03294806
-0,03278738
0,01740689
0,005233826
-0,003203718
0,01103725
-0,01813398
-0,02217691
0,01225865
-0,019785
0,02367514
0,02289431
-0,02611131
0,004407901
-0,006762196
0,008074658
0,004979667
-0,01569653
-0,003274812
-0,02171267
-0,0009174955
-0,02649742
-0,01373446
-0,02000631
-0,01120393
0,01121944
0,007843921
-0,00706219
0,01170087
-0,01809394
-0,02395866
-0,0224777
0,02173257
0,02542552
-0,001409297
0,01980924
-0,02046497
-0,004981282
-0,01904233
0,02994554
-0,008724191
0,005098167
0,00452556
-0,007053017
0,01880706
-0,002505796
-0,02094249
-0,0154565
0,005377414
0,01539647
-0,03002233
-0,001746739
-0,0451651
-0,03519283
-0,04386862
-0,004759288
-0,02751907
-0,02733249
-0,04354066
-0,002943827
-0,03346069
0,01112523
-0,008971438
0,0008269799
-0,03297028
0,002718745
0,0168071
-0,03503275
-0,03597375
-0,01100994
-0,02180466
-0,04344928
-0,05114366
-0,01516888
0,0122044
-0,04408737
-0,002458003
-0,03342937
-0,004575893
0,01589689
-0,01201793
-0,01097023
0,004067116
0,01944881
0,02516187
-0,00915235
-0,03172873
0,009267428
0,01438458
0,01202571
-0,01553294
0,01155098
-0,0193875
-0,0088947
0,01707834
0,001455467
-0,02743493
0,01635992
-0,04748305
-0,0339733
-0,008439356
-0,06773988
-0,0812113
-0,09002273
-0,07842601
-0,08849206
-0,05766482
-0,05692641
-0,08234451
-0,09023203
-0,08864327
-0,03240076
-0,003939286
-0,03499065
-0,03301365
0,00139209
-0,0465226
-0,01844666
-0,009602727
-0,02046048
-0,02469971
-0,04515032
-0,05816343
-0,07233542
-0,06366021
-0,02683303
-0,08955941
-0,0257081
-0,0332898
-0,04990807
-0,08808865
-0,04318193
-0,01543213
-0,07853058
-0,02534459
-0,00738471
-0,032221
0,009373797
0,008155738
0,01917881
0,02480234
0,004395123
-0,01057621
0,009833824
0,01000857
0,01592973
-0,0001113409
-0,02235885
-0,06203377
0,000785659
-0,0549703
-0,09692204
-0,1402294
-0,1203266
-0,1662299
-0,1753393
-0,1491531
-0,1253568
-0,1251876
-0,1173914
-0,0667165
-0,06588332
-0,04263714
-0,0311579
-0,06127979
-0,05639788
-0,02482196
-0,03548713
-0,01568453
-0,03760761
-0,09220965
-0,09395958
-0,08954073
-0,1096855
-0,1251921
-0,1436137
-0,1034532
-0,1017667
-0,07602002
-0,09122463
-0,1511374
-0,1014526
-0,06921276
-0,05674728
-0,03610408
-0,04201585
-0,0461759
-0,0486659
0,006750582
-0,03544008
0,01427339
-0,008430428
0,02348646
-0,02308868
0,0211956
-0,01764036
0,007301918
-0,01860942
-0,04716185
-0,01923085
-0,08951983
-0,1302431
-0,1445283
-0,2439685
-0,2808336
-0,3190484
-0,2530594
-0,2268269
-0,189755
-0,2264943
-0,2365827
-0,1449548
-0,1483357
-0,1212876
-0,08106869
-0,06707311
-0,1217591
-0,1220796
-0,125383
-0,1201153
-0,1811297
-0,1805273
-0,205613
-0,1996209
-0,2309618
-0,2675903
-0,2513283
-0,2187421
-0,2544794
-0,1895376
-0,1558204
-0,184353
-0,2116342
-0,1112253
-0,1011584
-0,0337734
-0,09151303
-0,0348547
-0,02542637
-0,001721341
-0,0007108886
-0,03847265
-0,03482101
-0,02097251
0,009287531
-0,02571305
-0,01219272
0,01123967
-0,06766171
-0,1293265
-0,1492352
-0,1147339
-0,2157611
-0,236021
-0,3037914
-0,4244107
-0,3309829
-0,2907401
-0,2634927
-0,3325768
-0,2170683
-0,2990277
-0,2200986
-0,1302294
-0,1449442
-0,1825437
-0,191777
-0,1673288
-0,1852027
-0,2306546
-0,2898486
-0,3419855
-0,381378
-0,4775554
-0,4102896
-0,4554544
-0,590003
-0,4744936
-0,396611
-0,3524213
-0,3212618
-0,2865218
-0,1637306
-0,1652322
-0,1556599
-0,1137785
-0,1049098
-0,07756716
-0,0003967005
0,04554447
-0,04362112
0,02214906
-0,04309057
-0,02669482
-0,02879361
0,01829923
0,01472533
-0,01597453
-0,09520622
-0,1189705
-0,1619811
-0,1491438
-0,1735432
-0,2484753
-0,3362717
-0,3263166
-0,3314431
-0,2998191
-0,292702
-0,2651897
-0,2496074
-0,2803887
-0,3440942
-0,2731344
-0,2912301
-0,2897173
-0,3188199
-0,2458507
-0,3367628
-0,3972385
-0,5368795
-0,7053825
-0,6315016
-0,7781633
-0,6917955
-0,6320156
-0,7048147
-0,5533693
-0,5026638
-0,4166727
-0,5094428
-0,3358578
-0,2763612
-0,1363354
-0,1514532
-0,2630855
-0,0857721
-0,0783527
-0,08663164
-0,02692823
-0,05345055
-0,04841234
-0,05035334
-0,0205306
-0,003156072
0,0114496
0,01676209
-0,05926523
-0,01534271
-0,05743733
-0,1248838
-0,155664
-0,1198113
-0,177435
-0,1491076
-0,2023864
-0,2256874
-0,2917649
-0,3186913
-0,1043569
-0,245154
-0,3393953
-0,3633113
-0,3120437
-0,3374617
-0,4567538
-0,4422077
-0,5180516
-0,572385
-0,8283888
-0,827053
-0,941433
-0,9752903
-0,8220535
-0,9082963
-0,8639734
-0,6163068
-0,6662047
-0,6314203
-0,4283242
-0,2884001
-0,40214
-0,231245
-0,2621184
-0,2640237
-0,115625
-0,1727538
-0,0692043
-0,1377361
-0,04886801
-0,05621164
-0,07316223
-0,009255458
-0,04047211
-0,009659994
-0,0001172163
0,0156634
0,002344041
0,007272649
-0,03070243
-0,1119294
-0,1134863
-0,1959328
-0,1725521
-0,08242732
-0,1839589
-0,1698666
-0,2468944
-0,1527183
-0,1194541
-0,2028442
-0,3381822
-0,3048066
-0,3175864
-0,47115
-0,535903
-0,5978661
-0,6689449
-0,7148392
-0,9777151
-0,9415599
-1,069144
-0,7420532
-0,7642812
-0,5530176
-0,4654774
-0,4983729
-0,4934762
-0,30304
-0,3254865
-0,2135795
-0,3631734
-0,2643537
-0,2367647
-0,2399659
-0,097885
-0,03863352
0,007646593
-0,0585263
-0,07812303
-0,04504217
-0,029811
-0,02072338
-0,0004512125
0,01190227
0,02533679
0,03840494
0,03605937
-0,007558092
0,03783284
0,03436001
0,0432697
-0,09677506
-0,1034812
-0,02768561
-0,08261365
0,07989064
0,02856279
-0,1476588
-0,2058709
-0,08267677
-0,3228703
-0,3236679
-0,3397331
-0,4691764
-0,5131075
-0,7187819
-0,6802986
-0,7773392
-0,6902308
-0,6277087
-0,332961
-0,1524665
-0,1749817
-0,08230855
-0,0699576
-0,07572962
-0,1962788
-0,255091
-0,3056838
-0,1165337
-0,2266704
-0,1666582
-0,1441737
-0,1496198
-0,101863
0,01731399
-0,1016967
-0,1415626
-0,06672058
-0,05698038
-0,03482071
-0,02383864
-0,03583453
-0,03313095
0,0233288
-0,004175106
0,07713262
0,02864327
-0,06256592
0,11463
-0,07566625
-0,07619696
-0,03524347
-0,01238714
-0,011273
0,04599665
-0,005081399
-0,1238868
-0,05875593
-0,1424635
-0,2214029
-0,1693139
-0,2141816
-0,3945417
-0,543949
-0,7898602
-0,7108022
-0,5878837
-0,2596433
-0,03673998
0,1063762
-0,06521884
-0,0634187
-0,06351256
0,09017189
-0,04926967
0,08883033
-0,06285787
-0,225909
0,008954066
-0,1141251
-0,2194409
-0,2807518
-0,1679817
-0,147316
-0,002983259
-0,06970694
-0,07246958
-0,07805619
0,02288216
0,01198645
-0,01674857
-0,005883556
-0,01694908
-0,01115476
0,01505468
0,04289742
0,1719135
-0,01932295
0,1486426
-0,02291078
0,1310031
-0,004118517
0,2318802
-0,02454143
-0,1333349
0,06806222
-0,02788247
-0,009076688
0,01331878
-0,1568063
-0,06381303
-0,3092856
-0,237483
-0,2360403
-0,3829983
-0,02985457
-0,1270948
-0,003078742
-0,05255893
-0,2200265
-0,04169216
-0,0821408
-0,1195627
0,1126963
0,08408368
0,03300776
0,09365503
0,05068205
0,09890511
-0,06108456
-0,005709338
-0,1224112
0,0008911837
0,06200561
0,01765644
-0,07732332
-0,009457241
-0,08313408
-0,0364382
0,04930466
-0,05104657
-0,02397599
0,01150537
-0,01434836
0,03037215
0,08936512
0,05000255
0,1144967
0,1190874
0,006669302
0,07951721
0,1972875
0,144963
0,09223446
0,005114629
0,1276447
0,02203224
0,003994588
0,1048611
-0,180069
-0,1840509
-0,0311239
-0,02755104
-0,05115594
0,1331314
0,3116272
0,1068828
0,06855033
0,1174276
0,2285713
-0,002544379
0,1920581
0,05209439
0,1721251
0,1899843
0,2375922
0,06935069
0,09670161
-0,05282895
0,1217947
0,07181385
0,07734566
0,2571466
-0,03505665
-0,03798634
0,1211165
0,1001412
0,006773739
-0,00946041
-0,01535962
-0,03044307
-0,04682016
0,009628723
0,01480877
-0,01403249
0,02611538
0,01663463
0,1080158
0,1143861
0,2181192
0,04187334
0,1998891
0,187967
0,1164579
0,1237067
0,2185382
0,1925904
0,1930653
0,1737537
0,09352481
0,1408626
0,1210363
0,05558045
0,03581631
0,1209736
0,1654466
0,3341168
0,2944846
0,3376555
0,4283307
0,2252598
0,3803144
0,5186863
0,3088631
0,5750371
0,421223
0,2695134
0,292443
0,06731594
0,3025482
0,2297762
0,2145412
0,2386995
0,2753235
0,1972135
0,0530787
0,04804097
0,1694513
-0,01602839
0,02011464
-0,01669465
-0,02253695
0,004690177
-0,01788207
-0,01411779
0,02078391
0,06171238
0,1162295
0,2386079
0,1350612
0,1928256
0,2462936
0,3029585
0,1805277
0,04133914
0,07074349
0,1895818
0,1672038
0,2131042
0,1759845
0,4842277
0,1392215
0,4975477
0,3326769
0,3556523
0,4466464
0,3990145
0,5079255
0,2980137
0,6978189
0,3526617
0,4157189
0,3652993
0,3415085
0,3434511
0,2238864
0,3063032
0,3737698
0,2773601
0,1594421
0,2251795
0,1387693
0,250743
0,1463601
0,2595465
0,0613582
0,1387925
0,1094185
0,03750939
0,03887942
0,01007872
0,04372591
-0,01659174
-0,02025011
0,02607849
0,05014348
0,05936202
0,09224811
0,08168168
0,1149174
0,2740144
0,1384274
0,1677299
0,07951627
0,2223821
0,2750876
0,1386831
0,03521118
0,07422129
0,2050363
0,3837157
0,33261
0,5506597
0,3142725
0,6032516
0,4946926
0,4670826
0,6372776
0,2889553
0,6046409
0,2169369
0,2233002
0,3444199
0,3275619
0,2396858
-0,009328303
0,1349589
0,2680421
0,1037338
0,2458066
0,2503157
0,06754059
0,1133624
0,04964163
0,134798
0,1715055
0,2305006
0,07987985
0,1224165
-0,01871412
0,02675536
0,06469176
0,02514373
0,01320201
-0,01407002
0,02248509
0,01444364
0,03875803
0,07200082
0,09975851
0,04388721
0,02934241
-0,05066541
0,06547726
0,08238209
0,07455114
0,1843414
0,1745974
0,1528938
0,2593915
0,221895
0,2780011
0,5781879
0,3979495
0,603535
0,5843534
0,3850662
0,5935421
0,4383499
0,4497482
0,359891
0,5278351
0,3656126
0,1275399
0,3288324
0,2691807
0,206051
0,0578424
0,2301409
0,2548078
0,2942074
0,106229
0,1811317
0,03669391
0,1227022
0,100942
0,1656221
0,02251841
-0,002414581
0,02045552
0,02812594
0,06023158
0,03921169
0,02891922
-0,007052469
-0,002373846
0,01906642
0,03252786
0,0434619
0,1146902
-0,04542614
-0,08108611
-0,001952501
0,03704131
0,01829226
0,1255136
-0,0005149379
0,1266561
0,1087148
-0,04912927
0,179345
-0,004129699
-0,02813669
0,3181612
0,1157515
0,1161082
0,1261506
0,2537213
0,08286818
0,2842328
0,08369063
-0,0583331
0,1563262
0,02277828
-0,04700162
0,02370199
-0,001317246
-0,08586194
-0,02220132
-0,01466718
-0,08782881
0,07936233
-0,007037757
-0,0412452
-0,160092
0,007695959
0,03072954
0,08116852
0,07518079
-0,01645101
0,01870029
0,001755796
0,03577199
-0,02095724
0,0008736011
-0,03277816
0,02077268
-0,03206627
-0,03685361
-0,03507765
-0,0882251
-0,1228563
-0,05754775
-0,157635
-0,2361839
-0,0493951
-0,1071064
-0,1425941
-0,1185747
-0,1043767
-0,04782041
-0,080935
-0,08172139
-0,2063982
-0,06013981
0,1343611
0,004553505
0,07602375
-0,005950829
-0,03945832
0,07860348
-0,02096462
-0,02214347
-0,1391309
-0,29
-0,2014743
0,02017501
-0,08494923
-0,1834623
-0,07870977
0,07454019
0,04054552
-0,08591405
0,06224612
-0,06944931
-0,1069859
-0,03824267
-0,01583482
-0,0110515
0,01592156
0,03968571
0,009079611
0,01711124
0,005498947
-0,01596249
0,01486064
-0,03714298
-0,09036487
-0,06801587
-0,1633324
0,002687836
-0,06799596
-0,08218637
-0,1516022
0,00719169
-0,1721815
-0,02232974
-0,1579705
-0,2039521
-0,04128316
-0,2396841
-0,1755863
-0,3511022
-0,1382512
-0,26069
-0,15184
-0,2369256
-0,1791321
-0,2196802
-0,1960504
-0,1484338
-0,2303824
-0,186125
-0,1039053
-0,1109428
-0,1390313
-0,2689695
-0,01510295
-0,1931616
-0,03586547
-0,241933
-0,1093328
-0,03142626
-0,09673582
-0,1486493
-0,251459
-0,06892826
0,03863017
-0,08761796
-0,005356234
0,01893752
0,00651005
0,006711887
0,02073773
-0,01656714
-0,004783797
0,0332647
0,002695662
0,06767251
-0,02270921
-0,0434756
0,08700787
0,05399686
-0,02689082
0,08605872
0,1241738
0,001509075
0,03358079
0,05718607
-0,01047041
-0,1459162
-0,1046871
-0,01867038
-0,07018933
-0,1659563
-0,1563653
-0,1535048
-0,1310136
-0,2331886
-0,1797337
-0,2065868
-0,1967285
-0,07149
-0,02521973
-0,07130188
-0,1051289
0,07341067
-0,1483126
0,01991639
-0,09451696
0,07074591
-0,2132639
-0,1003081
-0,04099091
-0,1457167
-0,1140868
-0,05115237
-0,1266274
-0,02999085
0,03977127
-0,04452697
-0,01731729
-0,02728731
0,005014482
0,01372671
-0,04160912
0,009479
0,002344076
0,05453521
0,07923063
-0,04214248
0,005853046
0,05655822
0,03756486
0,03156779
-0,03576092
-0,04886275
0,01174692
0,0350071
-0,03380221
0,01152366
-0,01969836
-0,142075
-0,1736544
-0,0136513
-0,1338716
-0,05496846
-0,1659273
-0,08657856
-0,01088053
-0,03746725
-0,04847293
-0,01398152
0,01717427
-0,03298738
-0,1144215
-0,1566944
-0,04348769
-0,04372052
-0,03480105
-0,05265679
-0,05525235
-0,01712787
-0,004870763
0,02393097
-0,1104441
0,0351222
-0,132378
-0,02381456
0,0147973
0,01577553
0,01941035
-0,02823504
0,02800412
-0,005356872
0,001497763
0,08877264
0,1860325
0,05097941
0,03184646
0,06949462
-0,08415495
-0,1214625
-0,0246935
-0,09275744
0,07457596
-0,01123095
-0,004586918
0,06668424
-0,101295
0,06177706
-0,0624603
-0,1249336
0,010845
0,01397101
-0,06856081
-0,04856714
0,1204877
-0,1203679
0,0702992
-0,0346139
-0,1109705
0,08367869
-0,06962739
-0,01603367
-0,08148415
-0,03159333
0,03417505
-0,04305979
0,0005473507
-0,01279163
0,08044086
0,007891637
-0,07042524
-0,03250229
-0,1616005
0,04147894
-0,03338616
0,02857786
0,0006579332
-0,00766677
-0,01872703
-0,04417215
0,0243925
0,006841668
-0,02720057
0,009483517
-0,04541688
-0,1049961
-0,09213373
-0,090051
-0,01186475
-0,04076959
-0,04847244
0,06824613
-0,09863695
0,02380046
-0,07041483
-0,09468772
0,06666183
-0,02530141
-0,1660443
0,03634505
0,03307864
-0,04015885
-0,1294132
0,03777499
-0,02368264
0,108415
-0,1328174
0,014576
0,0002246915
-0,1016927
0,08085658
-0,05553218
0,02773547
0,0385232
-0,05081971
-0,01674902
-0,1148037
-0,06487811
0,1265411
0,04945707
-0,09364196
0,02750028
-0,06465219
-0,04863338
-0,008488024
-0,04227573
-0,01846135
-0,003078734
0,0002428294
-0,04607533
0,007518954
-0,005583491
0,05856867
0,1050618
0,007415584
0,1854619
-0,01134668
-0,01416293
-0,1161682
0,06138057
-0,03740698
-0,1818857
0,01687328
-0,01827043
-0,02976864
-0,08465849
0,002843044
-0,184009
0,1137153
-0,09110767
-0,01898215
-0,08583216
-0,07229733
-0,05908383
-0,1326583
0,02260837
-0,05503153
0,0580961
0,02075299
0,09554762
-0,007144823
-0,04766244
0,133135
-0,04650219
0,1047584
-0,001211934
0,001785448
-0,1356713
0,1215591
-0,09277145
-0,09169595
-0,04384883
-0,0731336
-0,1048342
0,02352849
-0,006838716
0,08315007
0,002748634
0,008333249
-0,01435918
-0,022827
0,008285534
-0,01130545
-0,01679974
-0,04765972
-0,1870131
-0,03106408
0,1314141
-0,03139271
0,05334923
-0,152272
-0,1002671
-0,05045923
-0,02677014
-0,1222746
-0,07378619
0,06637838
-0,116814
-0,1824174
-0,06667415
-0,09832826
0,006934575
-0,07732949
-0,04157061
0,03097582
-0,01605774
0,03703646
0,03983239
-0,06231221
-0,04546465
-0,004366574
-0,07375907
0,006871772
-0,04809756
-0,02103264
0,07367656
0,1161222
0,1209313
-0,01588389
-0,04930577
0,08828577
0,06724349
-0,06920462
-0,08730777
0,05256294
-0,0009157695
0,03523613
0,02389899
-0,023839
-0,0155588
0,006898196
0,006056064
-0,09290465
0,06592569
0,04884627
-0,1019893
-0,06376086
0,08927777
-0,02327103
-0,09501763
0,06749272
-0,07298119
0,01966538
-0,08973249
-0,02006876
0,1155301
-0,002590904
-0,1236575
0,04554775
0,08278469
-0,1590755
-0,154722
0,02022051
-0,0513644
-0,0500573
-0,09649157
0,1327448
-0,02135799
0,001256731
-0,09062654
0,02227605
0,08601645
-0,05513611
0,04877757
0,009045267
0,05941114
-0,1510474
0,0864798
-0,009084656
0,03529605
0,1024772
0,07216814
0,05259567
0,04303397
-0,0391507
0,09712448
-0,03626085
0,0003845724
-0,04791209
0,006342168
-0,0002961715
0,03982063
0,03664184
0,110054
0,1601537
-0,08616568
0,009737591
-0,02533923
0,03696042
-0,009981378
-0,03049197
-0,04954256
-0,09335331
0,004392406
-0,06890082
0,06913497
-0,02833949
0,03409385
-0,04126608
-0,06644266
0,02302741
0,03138576
0,01578453
-0,01725956
-0,06435769
0,02996244
-0,06810602
0,07231338
0,01347887
0,05099807
0,03920644
-0,07073766
0,03124688
0,05040472
-0,01728901
-0,01189401
-0,07317851
0,04565952
-0,0949377
0,08369473
0,04196069
-0,01584616
0,01197782
-0,00331116
0,008488771
0,07112907
-0,01092949
-0,001984306
0,01357283
0,002025134
0,007668798
0,04401034
0,04231767
0,131778
0,0004622237
0,01579287
-0,06302774
-0,01689949
0,120767
0,05638062
0,1402714
-0,03815702
0,09555298
-0,04077155
-0,0085797
0,0147591
0,008472331
0,0159139
-0,0791002
0,1364773
0,02424542
-0,130773
-0,1255824
0,06195555
-0,06984285
-0,2277922
0,01213378
0,02679753
0,03233973
-0,00675765
0,007110725
-0,007162438
-0,1317509
-0,01188754
0,00529856
0,1611527
0,008200483
-0,2007487
0,01812343
-0,06688914
-0,1497936
0,1575727
0,02510498
-0,04042751
0,06565309
0,09150917
0,007310817
-0,008013632
-0,00213441
0,01111102
-0,008272679
-0,01871508
0,08208106
0,1964285
-0,09808455
0,1200702
-0,001814178
-0,1590252
0,03384052
-0,0412166
-0,1771755
-0,1084872
-0,03094131
0,1340506
-0,03037732
0,1779301
-0,09107742
0,03622263
-0,02195404
-0,06427182
-0,05934814
-0,04157891
0,008350664
-0,09490228
0,03135644
-0,002271823
-0,02721647
-0,03285789
0,02524109
-0,07530505
0,05531147
0,03007415
0,02746653
-0,06367156
-0,08216053
-0,03623163
-0,06035139
0,07864818
0,1124283
0,1325539
-0,003645961
0,0314448
-0,1000645
-0,02477876
0,09842662
0,07936025
-0,02338436
-0,02432428
-0,03936816
-0,009478469
-0,006663879
0,0739382
0,08007039
-0,008172438
-0,02061408
0,03821277
0,07090823
0,09360801
0,01369258
-0,03332837
0,08219362
-0,02800758
-0,1077523
-0,0846267
-0,07665414
-0,0633503
-0,1275475
-0,0389322
0,01034016
0,0324409
-0,08155776
-0,03639098
0,05494285
-0,01921576
-0,04464203
-0,06685005
-0,0006795384
0,03275731
-0,0180293
-0,01661533
0,05456199
-0,02488136
-0,04674923
-0,03650191
-0,08962347
0,0376802
0,0531745
-0,03828113
-0,04372496
-0,0973366
0,0145533
-0,0125754
-0,04667605
0,09874773
0,006459403
-0,006645223
-0,02967492
-0,01853779
-0,02042297
-0,003078412
0,006268175
0,0356741
0,1085972
0,08545326
-0,09782502
0,04125383
-0,07635669
0,04288295
0,05357054
-0,05083857
0,1587437
0,02642746
0,05765441
0,09822609
-0,003393226
0,02068752
0,1179808
0,037166
-0,07996344
0,002381954
0,05399843
0,111411
-0,0848957
-0,06970431
0,01222162
-0,01821252
-0,04560068
-0,03118787
-0,07399297
-0,08127987
-0,0532611
0,009256396
0,06210802
-0,002192179
-0,1115393
-0,07660376
-0,1471181
0,09151715
0,1048027
-0,02152687
-0,04172344
-0,07121271
-0,006238716
0,005710538
0,05464416
0,08064379
-0,01273146
0,03193625
-0,03922105
-0,02864929
-0,009821433
0,03121358
0,08983247
0,07911483
0,05140085
0,06814026
-0,1633863
0,1263902
0,07510353
-0,1285421
-0,06002561
0,09574969
0,03305861
0,08346494
-0,05132902
0,05275882
-0,03624765
-0,1086931
0,03458301
0,04094827
0,02016043
-0,0969928
0,01358923
-0,1070234
-0,04319152
-0,03798318
0,01861012
-0,1062973
0,1351223
0,01190044
-0,05275939
-0,09039659
-0,1134717
-0,05684433
0,2083647
-0,0604543
0,01621826
-0,03242382
0,1547988
0,07175145
-0,05281543
-0,09388542
-0,09481583
-0,03917206
0,004259489
0,04418863
-0,0309483
0,02234242
-0,02304083
-0,01936063
-0,01505097
-0,006945035
0,08464789
-0,02646505
0,08676665
0,1002742
-0,01095543
-0,03722621
0,08030795
0,05353658
-0,1521161
0,002874303
-0,1671054
-0,0247741
-0,01009998
0,008644238
0,06633011
-0,01054711
-0,00626169
0,07520536
-0,04275722
0,08017861
-0,03167394
0,1394389
-0,06526362
0,005571048
-0,08034319
-0,04481524
-0,1532235
-0,01759676
0,1032408
-0,1551331
0,181027
0,04483556
-0,1267749
0,1407433
-0,04556895
0,03048014
-0,1497821
-0,02352073
-0,07160548
0,06740473
0,04310012
-0,0500903
-0,05142443
0,06095691
-0,04014527
0,004701499
-0,02227847
-0,01262687
-0,01338348
0,03214875
-0,06415766
0,216037
-0,168152
0,01689186
0,07520468
-0,1307861
0,04957636
-0,0185699
0,1197864
-0,03497059
-0,1187537
0,07377085
-0,1152323
-0,01099167
-0,01214009
-0,01362329
-0,07530368
-0,09356815
-0,01224058
-0,02351479
-0,08390314
0,01913057
0,03295473
-0,0308465
0,08913294
-0,005261237
-0,100248
0,01108096
-0,06920015
0,1525379
-0,115216
-0,05070731
0,02106015
-0,1080151
-0,03963808
-0,05767988
0,01469271
-0,03047947
-0,1457331
0,05391317
0,1058575
0,02083745
-0,03678828
0,02161788
-0,02119639
0,03632724
0,021728
0,02328215
0,01505418
0,07408013
0,0335291
-0,05185475
0,03613062
-0,158983
0,1172072
-0,07043248
-0,0172252
-0,08136176
-0,02923066
-0,01871222
0,005666682
0,08336221
-0,1148874
0,06091119
-0,03842931
-0,09982213
-0,05127049
0,06683291
-0,01138445
0,005078622
-0,0790825
0,01129366
-0,1538104
0,06705753
-0,04923331
-0,07876903
0,1831023
0,06955156
-0,01051548
0,04317537
-0,1289983
0,1161111
-0,05726401
0,08469846
0,02119896
-0,08956033
-0,06828203
0,024446
0,08996829
-0,01219712
0,01849431
-0,01346088
-0,09016217
-0,01015511
-0,001863068
0,06087983
-0,006993327
0,004074657
0,002209492
0,06869522
0,08879394
0,07192338
-0,1083105
0,1192596
0,00917777
-0,1392909
-0,1914439
-0,02713455
-0,01279962
-0,03254796
0,08475275
0,02952221
-0,1171954
-0,06796674
0,07640148
-0,05491524
0,06908065
-0,08057231
0,07489917
-0,006265705
-0,01592848
-0,05986006
-0,07497336
0,02056272
-0,0451668
-0,02035579
-0,06489769
-0,1345529
-0,05362794
-0,03444456
0,1508871
-0,1440604
0,02603001
-0,03762151
-0,01460824
0,0316861
-0,03155207
-0,02959395
-0,07733609
0,007482509
0,006946825
-0,05707508
-0,003637491
-0,0307198
-0,008486912
0,04295225
0,01055355
0,01823618
0,02022751
0,09285428
0,04809036
0,05460143
-0,05817388
-0,09946802
0,04213502
-0,02128807
-0,03091154
0,1124204
0,05664332
-0,1372022
-0,08924899
0,1843543
0,1278895
-0,02020947
-0,1157243
-0,004426204
-0,09305327
0,07328314
-0,01255235
0,01798914
-0,0962076
-0,00620499
0,01574175
-0,06683202
0,06663495
-0,02341598
0,05601465
-0,08770649
0,01105244
-0,01971935
-0,1247705
0,03668299
-0,09345889
-0,01943452
-0,02061775
0,06093999
-0,09523432
0,03790617
-0,0403561
0,02512129
0,1723527
-0,05960976
0,003659699
-0,007650468
-0,006513115
-0,02760601
0,007944182
-0,02419208
0,02525066
0,05456686
0,06418039
-0,08927897
0,04703205
0,07042442
-0,02343897
-0,04370353
-0,01626655
-0,05932621
-0,04804013
-0,005215281
-0,04614421
-0,102169
-0,001769561
0,05431475
-0,01185523
-0,05155432
0,07240254
-0,0920982
-0,1038768
0,04195212
0,01380372
0,09119445
-0,03915706
-0,1258325
0,0645771
-0,07976343
-0,06751575
0,0573088
-0,05298077
0,05456653
0,00733117
0,1224122
0,02782478
5,233537E-05
-0,02906204
-0,01530824
0,1410517
-0,04005691
-0,09580086
0,04521594
0,043042
-0,138126
0,0188406
-0,04958928
0,01837865
-0,02478806
-0,006174983
0,007860615
-0,01369368
-0,0005466484
0,03972691
-0,04902955
-0,04789754
-0,1003144
-0,06094939
-0,01336748
-0,1415522
0,02246442
0,02206036
0,09400045
-0,1424909
0,06849432
-0,05348408
-0,03423727
-0,01407691
-0,006890615
-0,03592142
-0,0001701547
0,004850768
-0,0685958
-0,02936546
-0,03018183
-0,1642906
-0,04786525
-0,002396965
-0,09291395
-0,08501308
-0,008448156
-0,009721006
0,005165569
-0,02541084
-0,01599886
-0,01330034
0,1582722
-0,2227625
-0,03628875
0,02427442
-0,1095744
-0,067867
0,08511665
0,08755682
-0,1229549
-0,02553207
0,005838433
0,02172034
0,01004969
-0,0256861
0,02252667
0,01152592
-0,0248695
-0,1134693
0,01037495
0,01287601
-0,01627584
0,05136248
0,04471022
-0,006652581
-0,03414812
-0,01001807
-0,03331849
-0,08957826
-0,04964356
0,03650226
-0,01707465
-0,07146022
0,03361988
0,05030348
-0,02264813
0,1194488
0,05008983
0,0248488
0,0372169
0,0779378
-0,0107586
-0,1753177
0,07294917
-0,06854381
-0,1308485
-0,02469769
-0,0659249
0,0004473726
0,07064085
0,00884643
-0,004488979
0,2268936
-0,08335107
0,08615607
0,00170114
-0,03714184
0,0008577628
0,1423918
0,1437493
-0,03028046
0,01266042
0,01650766
-0,01440563
-0,02351193
0,01029098
-0,005251639
-0,04983585
-0,009520584
0,04914962
-0,009242911
0,0003839183
0,06519536
0,09358223
0,06935317
-0,1041843
0,01412556
0,1233636
0,002426052
-0,003205592
-0,1065937
-0,03472343
-0,008288704
0,1285425
-0,1223427
-0,07048818
-0,06837439
-0,1343086
-0,01539459
-0,0431941
-0,000229738
-0,04517525
-0,02661165
-0,00832057
-0,07105475
0,0988958
0,04438622
-0,1504059
-0,08569901
-0,01712505
0,08822506
0,0215467
-0,1375333
0,09021188
0,01005139
-0,09853821
-0,1677274
0,07042667
0,06181401
0,05520994
-0,01850616
0,0004887423
-0,003519793
-0,01401823
-0,02844752
0,01542353
0,001948115
-0,02045935
0,0004560458
-0,07063101
-0,1171866
0,03221133
-0,03515399
-0,08660492
-0,1021059
-0,04816821
0,062379
0,0346731
-0,09155811
0,1792786
-0,06737319
-0,05939342
0,04348129
0,02219211
0,03149449
-0,1009885
-0,075813
0,005317114
-0,02499359
0,03595054
-0,01562322
0,07243071
0,01346283
-0,1027429
-0,01664011
-0,01911806
-0,04467615
0,1644157
0,1145522
-0,004647742
0,007802231
-0,08579731
-0,1854071
-0,08028796
-0,04280451
-0,02995098
-0,1126471
0,07934933
-0,06189495
0,08224205
0,01256035
0,02844909
0,02563944
0,03538933
0,01922766
-0,0161294
-0,02047455
-0,0134528
0,05500187
0,01203767
-0,07730169
-0,1270767
0,03742649
0,08559287
-0,1011252
-0,06544051
0,01617564
-0,06944106
-0,04732474
0,0661898
-0,006918204
0,001168895
-0,003147396
-0,02222195
-0,009757752
0,0477268
0,1262645
0,010983
-0,05335176
-0,07357803
-0,009196351
0,01182594
-0,159262
0,03259899
0,0009465559
0,05135236
-0,04658208
-0,09293891
0,1878316
-0,01913522
-0,009693519
0,03461813
0,1798651
0,0743203
-0,0394763
0,08727942
-0,1212955
0,01669223
-0,04892576
-0,03460963
-0,02453596
0,0002921112
0,08994508
0,005904621
-0,01204789
0,003363805
0,007130326
0,01854272
0,08179785
0,04313541
-0,05035954
-0,1021873
0,06048545
-0,005946663
-0,00147984
-0,07664283
-0,01043869
0,04752045
0,1197342
-0,02395834
-0,1170338
0,08766083
0,02285514
0,1098375
-0,1594506
0,0160131
0,05362685
-0,04163073
-0,09620588
0,1671584
-0,1418922
0,02430921
0,04921172
-0,05337704
0,0003758173
-0,0668963
0,1003276
0,01668748
-0,05518218
-0,1047816
-0,005434252
0,167601
-0,06474472
0,004930273
-0,05878748
-0,1156569
-0,003152901
-0,03952502
0,06190301
-0,01101854
-0,06926785
0,002956445
-0,003585019
-0,008652074
0,03488533
0,001651651
0,01552318
-0,09039212
-0,03946159
0,03251699
-0,1163181
-0,05189079
0,04074703
-0,1289666
0,09395751
-0,03833941
-0,01588924
0,009632997
0,0502486
-0,003704129
0,1015262
-0,00737237
-0,01339531
0,02590928
0,03742543
0,04714172
-0,01534555
-0,05286091
-0,04287875
-0,05486188
-0,1128056
-0,002969058
-0,1052105
0,1354883
-0,03496294
0,05692854
-0,0145255
0,03124875
0,2059714
-0,01300079
-0,03999333
-0,0274796
0,02570627
-0,07069305
-0,0115596
0,1119714
0,04118033
0,03848044
-0,1570888
0,08172663
0,02369247
0,07138526
-0,01096203
-0,01298871
-0,01254494
0,04007287
-0,0193813
-0,008655076
-0,03995884
0,03169105
0,03849655
0,09494597
-0,104311
-0,04002073
0,06932737
-0,0458008
-0,07212964
0,05928819
-0,1217971
-0,1215334
0,04073966
-0,03218671
-0,1551654
-0,08276401
-0,002524585
-0,05432032
-0,0884553
-0,06652705
0,05917931
0,05483782
0,00288408
-0,04020147
-0,1724235
-0,0626128
-0,1119946
0,05658836
-0,1016888
-0,1415539
-0,02144905
-0,07063063
-0,007480763
-0,01089541
-0,155496
-0,03570054
-0,0003975982
-0,02623923
0,1466635
0,09699378
-0,05814769
0,01758106
0,0702938
0,06751521
0,009960062
0,01331841
-0,001770418
0,04485971
-0,02507042
0,04320148
-0,1020756
0,07785759
-0,04214487
0,0367424
-0,08729638
0,03071257
-0,01874145
0,05647863
-0,01058586
0,07250124
0,05525695
0,07284605
0,01089258
-0,1128541
0,00238175
0,1346206
-0,06517131
-0,07610483
0,08209807
0,07040166
-0,1231811
0,1672839
-0,07145085
0,06139333
0,000487356
-0,09705101
-0,0005532957
0,01546573
-0,03572397
0,006697067
0,06393864
-0,07125714
-0,05310627
-0,04347137
0,002390387
-0,005344122
-0,002380945
0,009763432
0,0174374
0,2182825
-0,07419909
-0,05833058
-0,02104347
-0,02103596
-0,01198064
0,006547778
0,02080532
-0,02307124
0,003957727
-0,02760905
0,01111768
-0,006932084
-0,07722293
0,0404021
0,05184915
0,1355261
-0,05190866
0,02369581
-0,07891537
0,02323801
-0,03870773
0,008663358
0,02688706
-0,0154692
0,05546091
-0,1382751
0,02942567
-0,07312719
-0,04682586
-0,01712912
-0,03248228
-0,1307436
-0,0459638
-0,007186879
0,007672832
-0,0496672
0,01270849
0,01467892
-0,01270255
0,005210527
0,09530487
0,01283571
-0,05254566
0,06580819
0,1270112
0,09928416
-0,03040342
0,0959534
-0,1036216
-0,2036961
-0,1566688
0,1536848
0,00539891
0,02064829
-0,01818923
0,01685096
0,003755488
-0,0204614
-0,02672081
-0,02812228
0,01096717
-0,04953637
-0,06527339
-0,02214235
-0,14229
0,0383486
0,04870525
-0,01830278
-0,04146701
0,07421434
-0,02885098
0,04353371
0,02396382
0,04135776
0,01141007
-0,1742067
0,05720191
0,03773552
-0,03932988
0,0175961
0,0348742
-0,03701369
-0,0174331
-0,06472565
-0,05119731
-0,0009563536
-0,1260754
-0,04613493
0,05801832
0,07271723
-0,06713437
-0,04589971
0,08583149
-0,2071446
-0,1016842
0,01678436
0,0287076
-0,1616166
-0,001465999
-0,01792414
-0,05895976
0,01479088
-0,03439081
0,01786429
-0,03174512
-0,02990572
0,04161775
-0,03140317
-0,02553165
0,01111788
-0,007571397
0,01033605
-0,04935276
0,06920859
-0,1123183
0,1008957
0,09527183
0,02854761
-0,1630417
-0,02397027
-0,1071643
0,07170133
0,01852454
0,0155048
-0,06266533
-0,02275921
0,04019883
0,01816307
0,01057274
-0,06581555
0,004837499
-0,08333705
-0,005060676
0,05045644
0,008953064
0,07029565
-0,134474
0,07788393
-0,08527531
0,1191426
0,04572404
0,0309207
-0,0841644
-0,02633414
-0,01320801
-0,04394742
0,07923674
-0,04806229
-0,07589933
-0,08661152
-0,07207
0,03446409
0,09379178
0,03510089
-0,009216852
-0,05633224
-0,002944677
0,0306989
0,01605093
-0,007270201
0,02190792
0,05137203
-0,1708176
0,08744427
-0,03343825
0,01657539
-0,03774873
0,004766638
-0,1132964
0,06300298
-0,01684699
0,05100338
-0,1445094
-0,04263777
0,06281106
0,09268993
-0,1694668
-0,03288025
0,02493209
0,05947931
0,09114457
0,02413751
0,01442857
-0,02956153
-0,0007583994
0,01394428
-0,08398806
-0,01624795
-0,02098916
-0,1041487
0,06427887
-0,03368928
0,1594859
0,01680163
0,1132575
-0,04472045
-0,07908344
-0,02306193
-0,06812278
0,006657374
-0,02718299
0,08896715
-0,02711998
0,07842182
0,0003807769
-0,01851557
0,01862837
-0,0192667
0,002662906
0,02499735
-0,02110662
-0,03885169
0,07756988
-0,08404093
-0,003778282
-0,118432
-0,04490119
0,1467644
0,1117907
0,1111295
-0,1004219
0,03566509
0,06145318
0,1006973
0,01535146
-0,05013297
-0,02386512
0,08696935
-0,06288295
0,05078311
-0,07102664
0,001153896
-0,02622805
-0,01935757
-0,02517872
-0,1050709
0,06724802
-0,006361138
0,1139134
0,04086936
-0,08195505
-0,04471427
-0,02509013
-0,03713426
0,007249512
0,05976724
-0,1669956
0,04248164
0,05270467
0,03755234
0,0428645
-0,09073696
-0,008268025
0,0589079
-0,01757293
-0,02484747
0,03783411
-0,005082362
-0,01475028
0,06448163
0,09771767
-0,1053255
0,09366009
0,1073553
0,03296456
0,02401336
-0,002309367
-0,008648442
0,006481724
-0,07253502
-0,04180199
-0,03030086
0,02596616
-0,05760684
0,004719447
0,02940131
-0,08793732
-0,07249128
-0,07481191
-0,01891381
-0,01970031
0,05905029
0,03033846
-0,0730601
0,04277232
0,004555298
0,0563692
-0,09552021
-0,07827812
0,02218347
0,02590534
0,05440146
-0,03552315
0,0244456
0,1176757
-0,0001433078
0,09237622
-0,0543552
0,05284174
0,08309288
0,02813409
-0,01961287
-0,08522037
0,009162219
0,0001890066
0,03498604
0,0619099
-0,009628247
-0,004879141
0,03980525
-0,02110094
-0,05458545
-0,002288223
0,04503484
0,08981965
0,1298884
-0,04789004
0,149594
0,1267983
-0,02098116
0,05762897
0,1304487
0,04804586
0,003926658
0,1021847
0,08554813
-0,06464102
0,09807129
-0,1453404
-0,002617422
-0,027543
-0,001016798
0,01307269
-0,04524199
-0,03229053
-0,02075594
-0,07081234
0,09054784
0,06137776
0,1165444
-0,1154403
-0,04135318
0,04722494
-0,03155441
0,008696092
0,03015265
-0,1217667
-0,01610487
0,1156184
0,1176378
-0,1368193
-0,1060614
-0,1161198
0,05262145
0,02601707
0,02287588
0,04012373
-0,0229439
0,02444634
-0,02451374
-0,1030748
-0,05199898
-0,0069261
0,05752048
-0,009371137
-0,03608103
-0,03203873
0,02775887
-0,06618866
-0,1438345
0,05089444
-0,05061056
-0,02676878
-0,145385
-0,01704739
-0,01832734
-0,05449963
0,07722209
-0,05420262
-0,02564177
-0,1284688
0,03968573
0,02302882
0,03977608
-0,09498607
0,01426079
0,008029966
-0,01245584
-0,1285772
0,03650449
0,05407737
-0,08392476
0,04711374
0,1082192
0,02872394
-0,1676545
0,01448963
0,05377245
0,01663812
-0,1479305
-0,01716949
0,03600387
0,08280159
0,1206036
-0,03571461
-0,02270536
0,001609712
0,005675835
-0,01070965
-0,06402433
-0,08093861
-0,08748161
-0,1720083
-0,02014102
-0,1131431
-0,03079136
0,04011562
-0,001213777
0,09087749
0,003176577
-0,07714944
-0,2162773
0,03334343
0,07104769
-0,02908415
-0,02766837
0,01190549
0,04361869
-0,09954903
0,06442733
0,02341011
-0,08047485
-0,02609826
0,06355157
-0,08535407
0,06407098
-0,1227191
0,04391776
0,004695463
-0,0812076
-0,03802899
0,003104804
-0,1696813
-0,01451263
0,1420975
-0,05337715
0,004812161
0,04401674
0,05399015
0,00520281
0,05937696
0,02570198
0,04800187
-0,0043379
-0,02905505
-0,03584802
-0,02092026
-0,0283004
0,01619415
0,03993236
0,0460291
0,07943974
-0,04919376
-0,1067249
-0,1032605
-0,2143032
0,02344464
-0,04605036
0,02419325
-0,03710143
-0,05881178
-0,004043483
0,03087248
0,04051054
-0,05487862
0,1166461
-0,04141561
0,02527178
0,06805418
-0,06929599
0,0517092
-0,07199354
0,02874813
-0,1230267
0,01175006
-0,029719
0,1134887
0,0003301255
-0,05067557
-0,08160699
-0,04356932
-0,0009869931
-0,09998808
-0,08408387
0,01236743
-0,06363919
-0,003657426
-0,009241225
-0,08914337
-0,08799627
0,02797324
-0,07632961
-0,1129882
0,1016168
0,02804496
-0,02055594
0,04211653
0,002960335
0,01411024
0,01090204
0,04986198
-0,1122982
0,05385921
-0,08518501
0,08991835
-0,135873
-0,05011967
0,04167326
-0,04057158
0,06964532
0,04272219
0,08005487
0,01205979
0,06134926
0,05792826
-0,03018932
0,0545076
-0,1029883
-0,06030704
-0,05849712
-0,02517664
0,007227464
-0,156221
-0,03170624
-0,02948068
-0,02011478
-0,03874873
-0,01255064
-0,03476989
0,02869904
0,09807947
-0,06766865
-0,005999913
-0,04784514
-0,01231247
0,0961419
0,09941168
0,05364165
-0,04503635
0,06051308
-0,1304362
0,03321497
-0,0289892
-0,01485107
-0,02455637
-0,02325875
0,004235698
0,01504367
-0,02013533
0,04262519
0,04540927
0,02873574
-0,1332078
-0,09775037
-0,08518331
0,04838403
0,06567392
0,1502058
-0,04314653
-0,2122552
0,1044482
-0,1365073
-0,06854374
-0,18554
-0,08602299
-0,049559
0,008817986
-0,03873996
-0,0820065
0,110233
-0,07586405
-0,09347444
0,1558474
-0,04924306
-0,06036201
-0,03144331
-0,04580222
0,02215388
-0,07133435
-0,06534234
-0,01403524
-0,08034133
-0,05523044
-0,134479
-0,01220565
0,0336563
-0,141719
-0,006234466
-0,240811
0,009550598
0,02203533
-0,03628592
-0,03768612
0,06883424
0,002950449
0,01750669
0,04432849
-0,033366
-0,001722624
0,03754511
-0,04241449
-0,02045426
-0,09265522
-0,09269305
-0,0600112
0,06016343
-0,04737573
0,02154504
-0,04402654
0,007060512
-0,09924892
0,1743381
-0,05244307
0,1597204
-0,1665646
0,2626142
-0,0792482
0,0462701
-0,007474508
-0,06827646
0,07024153
0,01007884
-0,1054978
0,05894235
-0,1433732
0,00347954
0,006142006
-0,06368174
0,07266255
0,009060864
0,02020937
0,06270456
0,05129595
0,142342
-0,04611303
0,04562827
0,00675179
0,00988715
-0,01960165
0,05390991
0,02413132
0,003642238
-0,07642815
-0,01643922
-0,1058433
0,03245197
-0,01683814
0,01223866
-0,006915555
0,01300847
0,003853038
0,03729284
0,1474447
0,06276594
0,08784737
0,08709574
-0,02766423
-0,1170018
0,07150219
0,1103702
-0,09272422
-0,09868769
0,1093417
0,005561078
-0,02406816
0,007254419
0,02558463
-0,02613739
-0,03578429
-0,05962776
0,009533066
-0,03453504
-0,08708224
0,05710898
0,01582934
-0,006770526
-0,1419752
-0,0486197
-0,07075986
-0,03204422
0,1232662
0,0243951
0,0835059
0,03059142
0,04501181
-0,09139109
0,05330903
0,1449313
0,224515
0,1736711
-0,07236885
-0,05995295
-0,04512206
0,0298549
-0,1111306
-0,03497696
0,02954674
-0,005967813
0,03303508
0,07698072
0,1305719
0,03684004
0,1655774
-0,0858603
-0,04329922
-0,1350641
0,09891109
-0,09045244
-0,07259548
-0,05217973
-0,01175787
0,05471504
-0,05500444
0,02621944
-0,04575533
-0,01655199
-0,06878801
-0,005605155
-0,009853834
-0,07514258
-0,008282457
-0,0007205403
0,0180607
-0,02446759
-0,0124533
-0,06209385
-0,04612022
-0,09599601
0,01391862
-0,1300499
-0,1123594
-0,04398438
0,05958466
-0,03132473
0,006598893
-0,2740864
0,09891293
-0,08370135
-0,05030216
-0,01545673
0,05637113
0,08559645
0,09778982
-0,001076169
-0,03582861
0,009929501
-0,02030211
0,02811016
-0,02197397
0,02988795
0,005393863
0,07516515
0,05163182
-0,1107268
0,04004195
-0,1717645
0,08796559
0,2063151
0,009494162
0,01912754
0,06737661
-0,1426867
0,1479045
-0,03631578
0,008416925
0,036315
0,0007665753
0,1313713
-0,07623401
0,05726024
-0,05069634
-0,05586137
0,09866586
-0,04543493
-0,07009101
0,07555989
0,1089619
-0,08451775
0,05902994
0,06451321
0,008364281
0,1124417
-0,1064692
-0,08540469
0,1070977
-0,2296031
-0,05449743
-0,2622548
0,1308164
0,01428971
0,002456553
-0,08612315
-0,01288739
-0,1420473
-0,05347675
0,02611743
-0,02916394
0,006691233
0,02137451
0,01458391
-0,06783341
-0,01906358
-0,1195633
-0,1477877
0,121617
0,0444594
-0,05779906
-0,1432833
-0,1091863
-0,05553881
-0,1082464
-0,03361605
-0,03255617
0,1116267
0,0353298
-0,01291027
-0,02457144
-0,08598486
-0,02371777
-0,03771064
-0,04404756
0,06737061
-0,02620137
-0,02238853
-0,02701192
0,006565268
-0,0791541
-0,03566566
-0,0171623
0,08065356
-0,05075518
-0,09670704
0,05979704
0,1283256
0,0379102
-0,04852022
0,07881677
-0,06693116
-0,127718
0,1476523
0,01953879
-0,05093073
-0,1013028
-0,02610626
-0,02356433
0,03826026
0,0444043
-0,0003757466
-0,002963028
0,00519719
-0,03496553
-0,0700497
-0,1086138
0,0137235
0,0374626
0,0432272
-0,03049921
-0,1848428
0,06099464
0,003397715
0,0738292
-0,03185111
-0,049752
-0,008901988
0,1089595
-0,008174407
0,02618988
0,09293905
-0,0596899
0,008702664
-0,1095215
-0,05173892
0,03724819
0,01992857
0,03980428
0,02863767
-0,01493314
-0,03186945
-0,09940088
0,03976683
0,002293559
-0,03889793
0,01329055
-0,04811564
0,01374478
0,02074029
0,1203258
0,05636795
-0,01141746
0,02826061
-0,01775235
0,1064717
0,01497138
0,1046697
0,01493575
0,01082786
0,03521968
0,008265636
0,002770537
0,01107826
-0,08939059
-0,05558438
0,04875391
-0,1185329
-0,01563896
-0,02442655
-0,08165872
-0,0726961
0,01771383
-0,1389436
0,0285395
-0,01508111
0,1067462
-0,1042391
-0,07420022
0,006830677
-0,04610119
-0,01187511
-0,05332932
-0,02654406
-0,04259108
0,1008371
-0,09038225
-0,0464286
-0,02952675
-0,04816861
-0,03440292
0,02931148
-0,02682547
0,07039475
-0,02394368
-0,02958717
0,04767018
-0,138699
0,06324514
0,0331641
0,1174543
0,1347112
-0,06270788
-0,07227287
-0,02576263
0,07717785
0,08286219
-0,00645162
-0,01640894
-0,0001307063
0,00571411
-0,01104317
-0,0193669
0,02520446
0,03445506
-0,04671052
-0,08940659
0,09283015
-0,01282459
-0,08453617
0,1855851
0,01019247
0,09201825
0,01200041
0,005852122
0,05234159
-0,02742808
0,009861479
0,05629619
-0,02170213
-0,1850251
0,03703374
-0,07490719
-0,05339055
0,08417398
-0,09382387
-0,01267826
0,01577618
-0,06330646
-0,006242607
-0,006860633
-0,1183296
-0,042803
0,01681847
-0,01769068
-0,01966536
0,03779916
0,01200311
0,04817583
0,01805799
0,01388363
0,1034462
0,00497715
0,06752716
0,03832844
0,06767868
0,01778684
-0,02028659
-0,03663996
-0,02572356
-0,05002008
-0,03640009
0,003051075
0,02008998
-0,02878491
-0,05879775
-0,1689084
-0,01283321
-0,05887006
0,05532502
-0,01744305
-0,1030336
0,01233418
-0,04172493
0,000105358
0,1824201
-0,05571578
0,09541517
-0,117059
-0,02247566
-0,04099504
0,1603077
0,09473702
-0,07739567
-0,1191845
0,03384853
-0,1581589
0,008924444
-0,04101777
-0,001119925
-0,03385301
-0,03706538
-0,08094767
0,01357936
0,04132705
-0,1455793
-0,05409869
0,1515327
-0,05269509
-0,08275933
0,08018743
-0,1410296
-0,1080157
0,1717841
0,116868
0,09595699
-0,0124178
0,01413071
0,02562671
-0,02158419
-0,07866739
-0,04214622
-0,02847527
0,029403
0,02251347
-0,1216379
0,0127438
-0,08588383
0,03499705
-0,02101018
-0,07764172
0,04128375
-0,01155536
-0,02740207
-0,1620863
-0,01479712
-0,005896301
0,0006786162
0,07761919
0,07480425
-0,0230007
-0,1621709
-0,01474294
0,05651296
0,005861018
-0,05865424
-0,07607724
0,02344122
-0,005007695
0,06971163
0,02002638
-0,005940564
0,1047518
0,002577253
0,006224765
0,06095168
0,001928066
-0,1108544
-0,0501826
-0,01913063
0,07629796
0,1141453
0,06793285
0,184076
-0,05455502
0,004307696
-0,1365539
-0,01651265
-0,02679297
-0,01469123
-0,03473222
-0,02826894
0,01262036
-0,006876701
-0,06867763
0,1026617
0,01810247
0,1043096
-0,1351005
0,08898327
0,03646099
0,009308584
0,03374903
0,02607838
-0,0213043
-0,08360946
0,1293637
0,03390021
-0,02663054
0,07054602
-0,1254999
0,004273231
0,06504965
-0,1596554
0,03504894
0,0744847
0,007887383
-0,2034308
-0,1115237
-0,1017813
-0,02837997
-0,003263342
-0,03811151
0,02684329
-0,07502526
-0,1074434
0,03483834
0,02050114
-0,04330338
-0,08781312
0,0002284323
-0,1456458
-0,07920314
-0,06664275
0,06521487
-0,1471076
-0,1126076
0,003718758
-0,0154076
-0,02453316
-0,00742275
0,02401204
0,01305989
0,006561335
-0,01172551
-0,04833101
-0,09954734
0,08742253
-0,08252627
-0,08110725
0,04646252
0,04275635
-0,04485959
0,04276591
0,01356646
0,08207516
-0,02684249
0,1409301
-0,01911346
-0,09164853
0,01036966
0,08316358
0,02363345
0,06987727
0,06406455
-0,09033256
-0,02136222
0,004146706
-0,0381845
-0,02378836
-0,08637052
-0,09170388
-0,01176693
-0,05639034
-0,05820664
-0,01085738
0,09993187
0,03079807
-0,0723165
-0,03372462
-0,06777371
-0,2113283
-0,01001175
-0,02631243
0,004945126
-0,05284937
-0,06668973
0,01637396
-0,05639829
-0,04644545
0,01682299
-0,01698316
-0,03043663
-0,0161876
0,0803851
-0,1503591
0,002310334
0,0158178
-0,006550162
0,1075796
0,06492378
-0,04089183
-0,08891822
-0,02119652
-0,1013298
-0,101906
-0,07108127
0,08913419
-0,0901546
0,1240107
-0,05965236
-0,01476268
-0,02439389
-0,1392366
-0,04415398
0,1234233
0,1029593
-0,03205815
-0,0224269
0,03592764
-0,05862248
-0,06538898
0,00291681
0,01288326
-0,0001018121
0,05821143
-0,116657
0,002199226
-0,05516869
0,1202264
0,05944119
0,05147965
-0,06125375
-0,005344628
0,009573368
-0,006271528
0,02140231
0,02769812
-0,08698449
-0,04987585
0,006938411
0,01981509
0,01023812
0,03763219
0,06829447
-0,02797669
0,1764454
-0,1653306
-0,08000533
-0,02274404
0,03949624
-0,06057156
0,106768
0,1676598
0,07273129
0,08352454
-0,01322667
0,07547868
-0,1578363
0,005023217
0,07993868
-0,07399607
0,01046801
-0,06415537
-0,06121433
0,06948328
-0,1326684
0,04785676
-0,0596202
0,0363217
0,02212206
0,1178577
-0,1264785
-0,07882903
0,08520011
-0,1078667
-0,01554535
-0,01033995
-0,02005556
-0,07122666
0,07236877
-0,0950169
-0,01402675
0,01930328
-0,04317955
0,07019223
0,05282224
-0,0292614
-0,008837602
-0,04688684
-0,0330926
-0,03299567
0,01581818
0,03529174
-0,08215844
-0,08216751
0,05543739
-0,04082193
0,0536367
-0,09523964
0,1235828
-0,06933661
0,04121723
-0,04292952
-0,05955264
-0,1111013
-0,07072347
-0,1097457
0,02530044
0,1252969
-0,05353763
0,04075596
-0,06275742
0,05678762
-0,06064787
0,06973712
-0,002031344
-0,07514292
0,09945075
0,001782933
-0,02660992
-0,02276514
-0,06350996
0,03463876
-0,04259718
0,06085675
0,001881909
-0,001330895
0,01645351
-0,2515295
-0,05822375
0,1048697
0,02378248
-0,1797596
0,01294455
0,008564065
0,06490204
0,03237385
-0,01598418
-0,03211936
-0,03993499
-0,03002544
0,01634613
-0,01147088
0,03101463
0,04131263
0,08568304
-0,01234417
0,06653202
0,02422804
-0,08298367
-0,0640564
0,01148913
-0,1407802
0,07502396
0,155197
2,922559E-05
0,2089309
-0,04881668
-0,05190815
-0,08893602
-0,01161903
-0,01066508
-0,1287279
0,04526271
-0,004482758
-0,1346559
0,0492847
-0,04113822
-0,1331226
0,04223403
-0,1062947
-0,008940665
0,0608837
-0,06550662
0,09055111
0,03985263
-0,02001123
0,08823281
-0,1454744
-0,1101663
-0,003989531
-0,05298794
0,009341284
-0,04656718
0,08256645
0,04331921
0,02233289
-0,049266
-0,05918904
-0,03227217
0,003125925
-0,003668245
-0,07878803
0,02956303
-0,02872365
0,01380924
-0,03172806
0,04968049
-0,02515928
-0,02159167
0,0514753
0,03105041
-0,11157
-0,08675351
-0,05344352
0,05939713
-0,08892751
0,002852864
0,06440344
-0,1151022
-0,008504592
-0,0125289
0,2268314
-0,2485689
0,05669504
-0,007910204
-0,0778675
-0,05607083
0,1740818
-0,1181403
0,05268029
0,111075
-0,04964638
-0,06859076
0,01432623
-0,02039401
-0,03676043
0,06753379
0,006085886
0,1166015
-0,05859623
0,002668576
0,08029789
-0,03522606
0,01379942
-0,06846733
-0,01304642
-0,03608117
-0,08737758
-0,03450404
-0,02186033
0,01422454
-0,005800613
0,05251525
0,1414305
0,1214516
0,07004033
0,07395848
0,07303027
-0,0191926
0,06314045
-0,01740105
0,05969418
0,1042288
0,005406132
0,04263956
0,07046261
0,04137159
0,005723397
-0,04481465
0,01737637
-0,05250007
0,05833003
-0,01897453
-0,1125705
0,1469155
-0,0548751
-0,08699672
0,07988942
-0,05709551
-0,01733614
-0,01851448
0,1716338
0,04320187
-0,04507842
0,01168778
0,1360305
-0,007857378
0,07746535
0,3676844
0,098106
-0,1941146
0,02118493
-0,002286126
0,007259539
0,04244073
0,04373572
0,0003228828
-0,03534861
-0,07439169
-0,01531546
-0,02020218
0,05729209
0,02869117
-0,02877088
0,06408639
-0,01802116
0,01744617
0,09105796
0,04720343
-0,03252384
0,04046227
-0,03938204
-0,002442903
-0,03520115
-0,07722406
0,1729604
-0,03634425
0,05806951
0,07610684
-0,1319079
-0,007261688
0,005692284
-0,007683637
-0,04357083
-0,1759686
0,06982967
-0,07577436
0,0550734
-0,1295083
0,08981229
0,06114543
-0,1389262
0,1993913
-0,1272178
-0,04619347
0,1037521
-0,09762548
0,1173839
0,008096715
0,02501895
0,1416084
-0,027772
0,1814656
0,0465258
0,02318518
0,03123019
0,01876693
-0,0376835
-0,08731483
-0,06770522
-0,005968242
0,09885539
0,02077919
-0,08333299
-0,06388728
0,07362753
0,02944615
-0,01135885
0,07516064
0,07107276
0,1882231
-0,00813708
-0,01502523
0,1446183
-0,02104989
0,0433796
-0,2050585
-0,03308855
0,1445666
-0,02426928
-0,01656484
0,09103504
-0,05626297
0,06525719
0,0376763
-0,01146307
-0,09033444
-0,1060431
-0,001743375
-0,1279519
0,01163454
0,09351225
0,06473859
-0,03156181
-0,1030919
-0,1326623
0,001922525
0,072258
0,05747192
-0,09120246
0,1234354
-0,01927397
0,00655035
-0,01008885
0,03743684
0,0480274
0,02735358
-0,08613367
-0,1074729
-0,03199696
0,0337692
0,07169307
0,04629882
0,04863343
-0,07779302
0,04570859
-0,04030072
0,003916598
0,07241324
-0,1175053
0,04011347
0,007347927
-0,08557297
-0,05570665
-0,09046621
0,04602412
0,01030066
-0,0141955
-0,04878724
-0,001199463
0,02110119
0,02109924
0,02296855
-0,06480715
-0,03742725
0,06355639
-0,1651165
0,155564
-0,122604
0,1126369
-0,02327443
-0,1369558
0,03012013
-0,02220652
-0,01033852
0,04257158
-0,003415585
-0,04928554
0,09934202
0,01726858
-0,13232
0,02986994
0,1161226
0,07088814
0,08404045
-0,02642502
-0,02708093
-0,06131241
-0,08718816
-0,05499177
0,0111644
-0,005333031
0,049091
-0,07780613
0,0334363
-0,06554372
-0,1096983
0,07876904
-0,07076795
0,02452804
-0,1270517
-0,02807233
0,1172107
-0,1162783
0,01297048
-0,00898028
-0,03007333
-0,01782113
-0,05490028
0,002545741
0,005771307
0,05538169
-0,06832661
0,02441611
-0,09747244
-0,1009112
-0,02229561
-0,06032529
-0,01584256
-0,183314
-0,08303519
-0,01071234
0,002900223
-0,1016435
-0,06023253
-0,02316609
0,02654465
-0,09739678
0,07213145
-0,1583924
-0,04697933
0,02643607
-0,07429285
0,09260023
0,001265118
-0,01675209
0,02282602
-0,02597696
-0,04171132
-0,02875112
0,008066761
-0,02012712
-0,0137917
-0,1002762
-0,1651018
-0,122292
-0,08001386
-0,03911055
-0,01464395
0,1195732
-0,172094
0,1209052
-0,2102004
-0,003692416
-0,06119126
0,004120108
0,07459619
0,04339618
-0,01699811
-0,1909053
-0,01135184
0,07843707
0,05883251
-0,04203657
-0,01584076
0,1412064
-0,013097
0,08469514
0,02029799
-0,05189302
0,04617794
0,06294417
-0,06455475
0,08123107
-0,1067793
-0,01298241
-0,03379508
0,1074688
-0,1204368
-0,01605053
0,01318929
-0,005427414
0,0640684
-0,0859133
-0,08164808
0,04628601
0,03209455
-0,01203485
-0,02207128
-0,02720506
-0,0280428
0,01845833
-0,01612456
-0,04825511
-0,1660133
-0,05660715
-0,09278721
0,06117854
0,03255895
-0,1968867
0,03748835
-0,04534057
-0,01756497
0,04817204
0,01296888
0,03424202
-0,03298436
0,00833388
0,008746366
-0,0288669
0,00203746
-0,1092583
-0,07189626
-0,0929919
0,1166974
-0,1018608
0,0975757
-0,01514699
-0,01024528
-0,04578204
-0,01499861
0,005579665
0,1609016
-0,004949203
0,02879186
-0,03029702
-0,160045
-0,03275769
-0,04220687
-0,07143533
-0,03003657
-0,01594674
0,02512609
-0,1233125
-0,05535927
-0,02598932
-0,0005821705
0,01874735
-0,007122708
-0,01376924
-0,003340002
-0,004643611
0,02538594
-0,0809461
-0,1164511
-0,06050672
-0,14452
0,1390713
-0,01037032
-0,04117328
0,1353425
-0,08426652
0,130722
-0,07111039
0,08037001
-0,0362993
-0,1012541
0,1153491
0,04764499
-0,0431897
-0,04260191
0,08143133
0,1257821
-0,05059904
-0,1391092
0,08009741
-0,1308497
-0,02465588
0,02324851
0,09470651
-0,06566687
-0,1135271
-0,05132786
-0,05902353
0,04756896
0,008318756
-0,0333765
-0,02355968
0,03192933
0,02916625
-0,009768197
-0,07315157
0,01380452
-0,03613819
0,02055517
-0,04686668
0,01448918
0,01092612
-0,02070874
-0,03283064
-0,005514099
0,02262183
-0,03486815
-0,07814792
-0,06740577
-0,03231655
-0,04977548
-0,05486127
-0,127103
-0,008962509
0,1151593
-0,05526383
-0,05171904
-0,05678486
0,03136813
-0,04748239
0,02257737
-0,02781614
0,05205053
0,07567294
-0,06384241
-0,167192
-0,06572793
0,09964179
-0,04242261
0,03825872
4,128915E-05
-0,02595739
0,06060013
0,04929825
0,1191771
0,102329
-0,06362372
0,1761338
0,0011186
0,00765705
0,01672678
0,01749908
0,04751843
0,0008665352
-0,111697
0,0269181
-0,06364404
-0,04775367
-0,06248609
-0,07007512
-0,08445024
-0,02832835
-0,02174626
-0,02199958
-0,02244775
0,00744311
0,03793501
-0,02241475
-0,1220159
-0,1258222
-0,1635353
-0,03900176
-0,1709547
-0,1165508
-0,1713879
-0,196067
-0,1620651
-0,09054419
-0,0145955
0,0230529
0,09873731
-0,06513654
-0,1458262
-0,07696526
0,05663098
0,1368412
0,1212789
-0,07362656
-0,1639041
0,2074511
0,1069217
0,03753755
-0,01926514
-0,002364499
-0,2121266
0,03498051
0,04513597
-0,1618801
0,02115554
0,04096025
0,004717354
-0,08066081
-0,07809088
-0,02147343
-0,08358533
-0,1465202
-0,1320458
-0,09400515
-0,05231474
-0,06224766
-0,04892729
-0,04441473
-0,01405751
-0,02189981
-0,002945369
0,01054085
-0,02760389
-0,0261769
-0,02941978
-0,02072724
-0,01508356
-0,03818883
-0,01173051
-0,1122045
-0,3011124
-0,1600904
-0,02101642
-0,1223086
-0,1659269
0,05220187
-0,05301921
0,003344829
0,07227023
0,05633299
0,03045234
0,07036065
-0,005115996
-0,02812934
-0,1738311
-0,03035946
0,05457753
-0,02600642
-0,005069071
-0,03523934
-0,1450249
-0,007831814
0,06445324
-0,1813292
-0,03527839
0,0006596901
-0,1674789
-0,06092428
-0,04781897
-0,0874929
-0,1329313
-0,06427643
-0,07905178
-0,02082613
-0,02715089
-0,01763044
0,009849809
-0,03671689
-0,01271673
0,02709034
-0,005081181
0,01195479
-0,0009732686
0,02708764
0,01746056
-0,04830575
-0,05300504
-0,005215099
0,01471315
-0,0834848
-0,08917413
-0,1407484
-0,04537295
-0,08676728
-0,01457882
0,02794858
-0,07275573
0,03288021
-0,05045515
-0,06017939
-0,11048
-0,0713264
-0,01524656
-0,1573287
-0,1132673
-0,06747349
-0,117696
0,01258318
0,1719918
-0,02633904
0,05498826
0,07882351
-0,04303532
-0,1402208
-0,1959407
-0,07205322
-0,05280203
-0,05753255
-0,1279377
-0,09704705
-0,04540052
-0,06305537
-0,02339367
-0,01914918
-0,02654623
-0,02499931
-0,01290089
-0,004527251
0,01341598
-0,0009827423
0,02480914
-0,0002587566
-0,02461546
0,01113539
-0,02304989
0,02793483
-0,03748046
-0,01755896
-0,04677781
0,007302762
-0,02468231
-0,08137721
-0,04480884
-0,02621613
-0,03045038
-0,04912404
-0,0591104
-0,07123505
-0,1464492
-0,03750329
0,04534181
0,03147011
0,09017543
0,03232727
-0,001202493
0,03518398
-0,067067
-0,09507791
0,0317413
-0,07132368
0,03672542
0,0222033
-0,03701802
-0,04901064
-0,1515275
-0,06738238
-0,065283
-0,06581873
-0,06659133
-0,03511981
-0,001720524
-0,03975365
-0,006177357
-0,02548693
0,01483244
-0,009415735
-0,02538269
0,004418624
-0,0226404
0,009125351
0,02462274
0,02593281
0,01709357
0,004421211
-0,02266828
-0,03125678
0,00946207
0,001796306
-0,007501835
0,008658493
-0,0892785
-0,06167077
-0,06880782
-0,02887816
-0,03734626
-0,03677966
-0,06399304
-0,02984689
-0,03964542
-0,03187921
0,03579132
0,02456933
0,09109035
0,0779872
0,01004547
-0,0632785
-0,03618019
-0,1008925
-0,04591849
-0,1196156
-0,007472611
-0,01538774
-0,0350768
-0,06242071
-0,056738
-0,09237973
-0,0148465
-0,02971581
-0,04590834
0,01688878
0,003208058
-0,0201482
0,0192472
-0,01135842
-0,01545954
-0,003389067
-0,02596951
-0,001177924
-5,870772E-06
-0,00149611
-0,02138193
-0,003154802
0,01630834
0,02270888
0,0272506
0,01374439
0,002103978
-0,01767501
-0,01925555
-0,03177096
0,0005139547
-0,04271682
-0,03733516
-0,03790517
-0,03600987
-0,003017243
-0,06933524
-0,01330406
-0,04525373
-0,02457206
-0,04426494
-0,01225279
-0,01723181
-0,01176689
-0,02194531
-0,03532282
-0,05318686
-0,0447892
-0,06814765
-0,06458291
-0,06538221
0,002538976
-0,05545612
-0,07071845
-0,01164514
0,009433993
-0,0309628
-0,02939308
-0,02213215
0,008912397
-0,004319469
-0,003226169
-0,01775984
0,02753776
-0,0189114
-0,01847155
-0,02914476
-0,006510318
0,02515584
-0,01232332
-0,01163861
-0,02071662
0,02868007
0,0255081
-0,02752183
-0,005684056
0,01979268
0,01726137
-0,02076769
-0,006676392
-0,01272503
0,01129822
-0,02511645
-0,02374564
-0,03225965
0,007598117
-0,0444879
0,01571823
-0,02694279
-0,02680453
-0,02357688
0,0003157922
-0,002279904
-0,01915801
-0,05161508
-0,002232685
-0,003777784
0,009183534
0,02422056
0,006470704
0,001589395
-0,0362327
-0,04277775
0,02346294
0,01629823
0,02261765
0,01743093
-0,01780226
-0,02343003
-0,0001123316
-0,02592069
0,006028043
-0,02712701
0,01473563
-0,006469806
0,01238891
-0,003861005
-0,02962236
0,02082581
-0,007560597
-0,02092687
-0,02672344
0,02649743
-0,005887044
0,01225951
-0,008769168
-0,007553719
-0,01960301
0,01743916
-0,02096633
0,02116202
-0,02315643
-0,03288697
0,0004570517
0,01971562
-0,01488937
0,007184012
-0,02134683
-0,006682459
-0,02476966
0,02202676
0,01362366
0,01427631
0,02102833
-0,007594447
0,02783506
0,02271769
-0,02757843
-0,007951292
-0,009099961
-0,004664859
-8,892096E-05
0,02354135
-0,003925467
-0,006133424
-0,0006663459
-0,02708351
0,00858949
-0,01794532
-0,008208721
-0,0007209322
0,01504169
-0,003139293
0,02617383
0,008851404
0,02646494
0,005282239
-0,001544405
0,02286593
-0,02348329
-0,02828295
-0,0167875
0,002329319
0,009134921
-0,002386994
-0,008869294
-0,01799928
0,02936877
0,02789986
0,01163172
-0,005170651
-0,01174487
0,01686497
-0,006636554
0,0128953
-0,01213281
-0,0123407
0,009277247
-0,02075825
-0,006771035
-0,01843851
-0,02747994
0,03142871
-0,02450501
0,009837238
-0,02094201
-0,009723587
0,02539305
-0,01215224
2,204922E-05
-0,005149363
-0,003225308
-0,01888297
-0,01180253
-0,007053166
-0,01641251
-0,02991267
-0,01770082
0,02670617
-0,02688701
-0,01234597
-0,02205981
0,01163518
0,001482451
0,0272104
-0,01687115
0,02956698
-0,02640517
-0,01802338
-0,01059784
0,009314725
0,02847548
-0,01158188
6,642378E-05
0,02613448
0,03025406
-0,01664934
-0,003255747
0,03002228
-0,01261171
0,02956652
-0,01426478
0,009969776
-0,003043359
-0,01348242
0,02909954
-0,02173772
-0,001189662
-0,02956953
0,0008957468
-0,01023915
-0,02481391
0,0109298
-0,0236705
-0,0246548
-0,02671861
-0,008917295
-0,0002849161
-0,02055973
-0,003451326
-0,01945703
-0,01234444
0,01468545
0,0304391
0,02210558
-0,002490971
-0,02174462
0,01146305
-0,00788207
-0,006524642
-0,02964103
0,004153089
-0,01661442
0,009997507
-0,02553631
-0,02811312
-0,001599199
-0,0154112
-0,01524342
0,02802285
-0,02510034
0,0007503003
-0,02651186
0,01203705
-0,02979137
0,004609413
-0,0121708
-0,01789115
-0,005028301
0,02293812
0,009213716
0,01496779
-0,01235914
0,00285989
-0,02387605
0,0115505
0,001824682
0,01031033
0,005566147
0,02012835
0,02166502
-0,002582
-0,02356528
0,007090141
0,0002196938
0,01569937
0,02203305
-0,0292731
-0,02794084
-0,02664707
0,005348289
-0,02352746
-0,01577162
-0,01841041
-0,008128305
0,01101041
-0,01527941
-0,0275178
0,02998474
-0,01246663
-0,02035213
0,0270624
-0,01348946
1,397073E-05
0,0150049
-0,01400632
-0,01351429
0,01110813
0,003872866
-0,006563299
