-0,02677763
-0,01305497
-0,02353955
0,008108846
0,01986148
0,0126377
0,02571952
-0,01376982
0,002250443
0,01121243
-0,02744858
-0,0009633547
0,008071309
0,02110328
0,005422071
-0,01321272
0,005926128
0,0269617
-0,01443336
-0,01934231
-0,0006197163
-0,02394929
-0,009465867
0,0118931
-0,008785452
-0,0008028321
-0,008914725
0,01196557
-0,02876966
0,02962179
-0,01823099
0,01824806
-0,0207014
-0,01942823
-0,001997646
-0,009398288
0,02436561
0,02598881
0,0250904
0,0206899
-0,02688933
0,00887284
0,01707334
0,006338441
-0,02637008
-0,007279584
-0,01234984
-0,001493798
0,003680422
0,02576509
0,003159682
0,01947527
0,02373817
-0,0138161
-0,01091636
0,02785837
0,02704082
-0,004844763
-0,01308767
-0,009308667
-0,008453218
-0,01624205
-0,01501654
0,00322822
-0,0005197833
-0,01507371
-0,01021105
-0,002438212
-0,006865375
-0,01516579
-0,00698387
0,01054937
-0,02816066
-0,00449379
-0,02239411
0,02119417
-0,01035213
0,01483671
0,008277901
0,02902353
-0,01839636
0,02327977
-0,02156198
-0,02384591
-0,003516379
-0,007100003
0,02511881
0,02370246
0,02213844
0,0008200885
-0,005771458
-0,0008088811
0,009081055
0,004455489
-0,0008107063
0,01997817
-0,006136763
-0,01616014
-0,0231642
0,0193057
-0,02706086
0,02070682
-0,02465659
-0,01106513
0,002813166
0,02315214
0,01761418
-0,00181022
-0,02143184
-0,001417897
0,008259191
-0,0178296
0,01752255
-0,01150336
-0,02085696
-0,001134953
-0,02462476
-0,02101858
-0,02319659
-0,02332321
-0,009597212
-0,003358716
0,005959513
0,02299249
0,02129715
0,02466047
-0,02832732
-0,001932164
0,02692594
-0,01189985
-0,00277348
-0,02392675
0,008160514
0,01952479
0,02611068
-0,008559953
0,01804134
0,02012992
0,004074554
0,004001861
0,005902513
-0,003175159
0,01504531
-0,006348304
0,02319533
-0,01801162
0,01227121
-0,009353744
-0,004639963
-0,02971021
0,01456449
-0,01508226
-0,02302176
-0,02965377
-0,001090325
0,006732228
-0,01501542
-0,0169406
-0,001821645
0,00865765
0,02158184
-0,01042722
0,0018353
0,0210031
-0,02868653
0,002362972
0,004720074
0,02851177
-0,007067267
0,01827626
0,01168885
-0,01413178
0,005623539
0,003581769
0,001394717
0,0243792
0,01237421
-0,01761845
0,0303225
0,009346563
-0,01773633
0,01128668
-0,02758555
0,02649815
0,004057478
-0,01756004
0,02940991
0,007935052
-0,009322174
-0,01062712
-0,02334892
0,00474624
-0,008274944
0,02561633
0,01271091
-0,01377271
0,02547586
0,0246554
-0,007541698
-0,009229881
0,007753143
0,01438045
0,02855524
0,007759762
-0,01100643
-0,001507405
0,009836001
0,003838558
-0,001119597
0,005018322
0,02516834
-0,02799821
-0,01709565
0,01956791
-0,003421705
-0,01990493
-0,01318565
0,00590892
-0,0133177
0,01947296
0,003967976
0,02780277
0,008175606
-0,02615271
0,01189835
-0,0228845
0,02485248
0,01063298
0,02164226
-0,01451741
0,02911052
0,01785029
0,01988572
0,009156328
-0,0286785
-0,00154043
0,01373829
-0,004283876
0,007470035
-0,0244142
0,00283707
-0,005076329
-0,02183882
0,01586919
-0,005418965
-0,0257821
-0,008553142
0,002784811
-0,0009140939
0,002576664
0,0299178
-0,01040853
0,008107413
0,003281574
0,01719673
0,01084246
-0,02299977
0,02477076
0,02636309
-0,01783772
0,004498434
0,02963586
0,01258071
-0,01590128
0,00597158
-0,0234518
-0,01771571
0,004534535
0,01836782
0,02893907
-0,002676375
0,02245902
0,02944071
-0,01851527
-0,01313278
-0,02110237
0,01997696
0,02261551
0,009485616
0,00767531
0,01551527
-0,008450757
-0,01863072
-0,01147009
-0,01459187
0,009771641
-0,01939129
-0,01293049
0,02238807
-0,008625396
-0,008277112
0,01932392
-0,0007154064
-0,005100072
0,001694626
0,003432011
0,01207912
0,02465587
-0,02047106
-0,01235619
0,02228623
0,01781061
0,01528869
0,0006558213
-0,02500788
-0,0218692
-0,009011416
-0,003237721
-0,01288026
0,008659876
0,02180787
-0,01565531
-0,01510365
-0,01074836
-0,003531408
-0,01852402
0,01794535
-0,005590768
0,02881331
0,0274773
0,02747869
0,02649832
0,01303166
-0,002248906
0,008330862
0,009519604
-0,006389906
0,004547686
0,009716209
0,01388843
-0,002808024
0,02529898
0,01252809
-0,008726448
0,01473674
0,02855882
0,007859414
0,01137401
-0,01698243
-0,02178619
-0,01120242
0,01377608
0,03006105
-0,01654468
-6,209525E-05
-0,02280926
0,00413129
-0,02003516
0,02870809
-0,01064827
0,015468
-0,01267837
0,02620599
-0,01684451
-0,009140828
0,02705664
-0,02501355
-0,01108399
0,02447958
-0,00259038
0,01554799
0,01740769
0,01735469
0,00374571
-0,01902698
0,02590104
0,001202325
0,02266937
0,003431767
-0,001771657
0,005530219
-0,02249427
-0,01810687
0,02174925
0,009302004
-0,01566944
0,02597372
-0,002350338
0,02624681
-0,0005801859
-0,02679339
-0,01818573
0,005478167
-0,009655154
0,02769857
-0,02078549
0,02907628
0,0007025892
-0,02916039
0,01914326
0,02314286
-0,01177719
0,01640288
0,01589239
-0,007483988
0,001907403
0,02742395
-0,003665695
-0,02798115
0,003349099
0,005333814
0,01092787
0,006212117
-0,0001757799
0,01429617
0,007841194
-0,02438314
-0,02524871
0,004340558
-0,02268928
-0,02985074
0,006838293
-0,008556145
-0,004554133
-0,007222989
0,002779914
-0,01892707
-0,003605997
0,005181741
-0,02876808
0,02808734
-0,02837187
0,02185545
0,01424135
0,004900812
-0,01414924
-0,01004972
-0,006375628
-0,002594503
-0,0235632
-0,01353854
-0,0002072845
-0,00402704
-0,006084407
0,024098
-0,005948644
0,007314394
-0,02254526
0,006792129
-0,009345046
-0,02622919
0,02384094
0,02520916
0,02365904
0,01983179
-0,01350714
0,02771974
-0,00807027
-0,007621703
0,01971405
-0,009661794
0,0006541093
0,02062245
-0,02984142
0,006228704
0,003095703
0,01714146
0,02092922
0,02461285
-0,003414167
-0,01369926
0,009617855
0,006854584
-0,002504144
0,02109885
0,0002242937
-0,02010321
0,02823628
0,0008003689
0,02993063
0,02621841
-0,02588351
0,01888472
-0,01529991
0,02870094
-0,02589024
-0,02384014
0,02883536
0,02573856
-0,01058262
-0,009258289
0,03015569
-0,0262571
0,009062858
0,01555961
0,0161947
0,01027949
-0,002766278
0,01905973
-0,007884396
0,006072971
0,01589933
-0,01865208
-0,02057756
-0,025592
-0,005320468
-0,01227431
-0,001979109
-0,02795163
-0,01098464
-0,02417924
0,02971941
0,0214441
-0,007013929
0,0233182
-0,0146394
0,01076823
0,005661037
-0,02768893
0,001304823
-0,004260716
0,01753792
0,0243926
0,005918838
-0,02338881
-0,01382963
0,005342341
0,02615437
0,0102056
-0,02582186
0,01957753
0,01343285
-0,02249555
-0,02169866
-0,004471657
-0,01871852
0,02385632
0,0120197
-0,01698025
0,004688466
0,01630951
0,009843003
0,02821967
0,007763868
-0,0173865
-0,009275796
-0,02169147
0,01279653
0,01732784
0,002349051
-0,02504295
-0,02720495
-0,006359351
-0,01388126
0,02685831
0,0178757
0,0212352
0,006949752
-0,0274637
0,01746994
0,01826727
-0,009914518
0,0166979
0,02765711
-0,001200686
-0,008087588
0,01984342
0,0123697
0,02849437
0,01119916
-0,009140032
-0,03096742
-0,006265761
-0,001921615
0,01445615
0,01593447
0,0216242
-0,01268277
-0,01067767
0,01571213
-0,02279308
0,02447763
-0,02039512
-0,02116153
0,03024482
0,01799979
-0,008598261
0,02442864
-0,01635338
0,007143855
-0,00765437
-0,0137881
0,008096335
-0,006212989
0,0164677
-0,003063265
0,02413312
-0,03058118
-0,0212722
0,0220305
0,0006003355
-0,005221073
0,0119066
-0,02558394
-0,01839657
-0,02409894
0,009584698
0,02613965
0,002236775
-0,01980591
0,02663458
0,002764842
-0,01489869
-0,01402127
0,009053262
0,02363423
-0,0214099
0,006747419
0,02776383
0,01063926
-0,02806622
0,02857543
-0,0007108097
-0,007792807
-0,008795088
-0,02733881
-0,007985406
-0,02968045
0,01122887
-0,01314032
0,02110531
0,01987384
-0,02305837
0,0009453493
-0,01421481
0,01373875
-0,01736442
-0,02148023
0,0273378
0,02442181
-0,02185761
-0,006175244
-0,009822913
-0,02730369
0,0103422
0,01654622
-0,02722154
-0,007941408
0,01557531
0,02423778
-0,01219438
-0,01470711
-0,02688355
-0,002157961
0,02074387
0,004068095
0,02670787
-0,008769101
0,01395483
-0,02210829
0,01361719
0,008404335
-0,01687168
-0,01668311
-0,01210831
-0,02351752
-0,006581938
0,01460939
0,02979127
0,02507796
0,01128433
-0,02643969
0,008888841
-0,02712647
0,001330092
0,005060266
0,00735108
-0,004252315
0,00969903
0,003568655
-0,03114401
-0,03010702
-0,01494304
0,02050143
-0,02941407
0,006484149
0,01719654
0,01055191
0,008093565
0,0115105
0,01820211
0,02079028
-0,009027237
0,01936306
-0,02101211
-0,0009467355
-0,01791654
-0,0230131
0,01593434
0,005837544
-0,00665207
-0,01385258
-0,008559152
0,02107866
-0,0164799
-0,01460331
0,006956866
-0,02935017
0,02592348
-0,01665039
0,0269449
-0,00146115
0,009376237
-0,02061477
-0,02290074
0,01324022
-0,00712372
-0,006463927
-0,0192907
0,008468234
-0,01223156
0,0127829
-0,02447066
-0,01319051
-0,02273345
0,01743962
0,01008757
0,01937838
0,0213843
-0,02657718
-0,006420763
0,0003568811
0,01306497
-0,02239429
-0,02055557
0,01261978
0,006750263
-0,007653985
0,00417087
0,01415987
-0,02905628
0,01708376
0,01600593
-0,005665175
0,01644756
-0,01213132
-0,01927568
-0,01636047
0,01336817
-0,001211165
-0,02305015
0,0177237
0,02565134
-0,02428032
-0,01194481
0,01249447
-0,0175392
-0,02405165
0,01420396
-0,005416036
0,005068518
0,01741384
-0,02191363
0,02220481
0,01858431
-0,002108769
0,01694424
0,003106658
-0,0300935
-0,006232345
-0,02610205
0,02930948
0,0172401
-0,004976414
0,008592874
-0,0004725202
0,02738005
0,009796971
-0,0002783828
0,01716624
0,003519677
-0,003384111
-0,02524941
-0,006776943
0,02694838
0,005812667
0,001408435
0,003280123
0,01524033
-0,002766877
0,000710847
0,002133195
0,01082424
-0,02168922
-0,01921678
-0,01492666
0,009408058
0,02562488
0,00805233
-0,01160207
0,005028883
0,01022895
-0,01669865
-0,01005394
-0,005849785
-0,02121855
-0,02802726
0,002267756
-0,0006384095
0,01797051
0,01522747
0,002671558
0,004884202
0,02548537
0,01928633
-0,02105433
0,01099232
0,01481678
0,02515248
-0,01889811
0,02327534
-0,02079673
0,01398566
0,003684242
0,02115279
0,001975528
-0,01250565
0,004574023
-0,0196287
-0,00795873
0,01827152
-0,02964405
-0,03187396
-0,02387516
-0,01763985
0,02438529
-0,01940014
0,01167083
-0,03468082
0,01647875
0,001770392
-0,03132362
-0,02785402
-0,03455442
0,01106849
0,02737876
0,0278875
0,01771469
-0,004282614
-0,02658391
0,004299481
0,02542992
0,02881398
-0,002609272
-0,003448362
-0,005818149
0,0269354
0,01186268
-0,0008849489
0,02277792
0,02122224
-0,00403254
-0,01166407
-0,02453491
0,02726942
0,01359529
0,001285467
-0,006522262
0,009779265
0,02322481
0,02493616
0,02390128
0,01321932
-0,02253374
0,004991481
0,02216783
-0,02856193
0,01056551
0,01701419
0,01968601
0,001562236
-0,001561495
-0,02560842
-0,02799938
0,01438703
0,02170091
-0,03141149
0,00100575
0,01004722
0,01822774
-0,0350314
-0,0005963581
-0,01573945
-0,02734673
0,02708525
-0,02071226
0,01335867
-0,02813435
-0,0266427
-0,02805264
-0,002138837
0,00530928
-0,02380005
0,002971725
-0,02016074
0,01060232
-0,01700005
0,02307073
0,02245621
0,005301301
-0,008760571
-0,01702279
0,0217484
0,006279377
-0,01020524
-0,01035473
-0,01482319
-0,02038924
-0,01397824
-0,0283011
0,00714899
0,02743763
0,007245831
0,01804253
0,02108141
-0,00831892
0,005418654
0,003702109
-0,02282146
-0,007167508
-0,02499139
0,0261941
0,003111211
0,01486467
-0,01207661
0,023846
-0,01137917
0,004907358
0,02859366
-0,02520758
0,006371616
-0,0212903
0,008831782
-0,02625359
-0,002796924
0,01698468
0,01019167
0,01185391
0,019456
0,007919823
0,02599885
0,005020256
0,01635617
-0,0256294
-0,006143185
0,002284477
0,02858532
-0,01060072
0,01085269
0,0179765
-0,02587743
0,00851336
0,01331641
-0,003665691
-0,001182512
-0,008568027
0,005436693
-0,02580083
-0,01581506
-0,007419977
0,02333323
0,002683325
-0,02142503
-0,02367785
-0,01148363
-0,003462862
-0,01771699
-0,004279912
-0,0158757
-0,03098906
0,006909735
0,01949073
0,01010019
-0,004284185
-0,005495024
-0,004139668
-0,02301005
-0,0001757905
-0,008617897
0,01732694
-0,03655325
-0,02975558
-0,03504281
-0,0248691
-0,02906739
-0,02879518
-0,003980262
-0,01645468
0,01107116
-0,02289372
-0,01771821
0,01025798
0,0002252016
-0,0004746551
0,01532245
-0,006731278
-0,003212263
0,01051524
0,01482799
0,02766079
-0,01213393
0,0006874247
-0,02825808
0,006250725
-0,0225387
-0,01896221
0,02372129
-0,01763919
0,02837614
0,0271536
-0,02291511
0,02843153
0,006259903
-0,009569766
-0,01034329
0,01848933
0,004103604
0,02617481
-0,03132236
-0,01860521
0,02351537
0,02167252
0,008515928
-0,02761978
0,01935947
-0,03390672
-0,0111055
-0,02028367
0,007293727
-0,02936076
-0,0279492
-0,001623889
0,01822154
-0,008564282
-0,001511191
-0,002474333
-0,02668874
-0,009450717
-0,02561794
0,02101293
-0,02124335
-0,01168499
-0,01018565
0,01812584
-0,02623478
-0,01653145
-0,02801333
-0,02083003
-0,02161345
0,02715766
0,01944659
-0,0005347848
0,008326375
-0,0006817714
0,0300034
-0,009590155
0,01725904
0,02442277
0,01474499
-0,02360517
0,01732298
0,00716351
-0,003978405
0,02047617
0,02131499
0,003795001
-0,02455586
-0,02689776
0,01002143
0,01643241
0,009636884
-0,0238292
0,01566532
-0,02892634
-0,03248657
0,004659677
0,002364792
0,01906149
-0,03740446
-0,0007244958
0,02545612
-0,02298979
-0,02735921
0,01382856
-0,0159733
0,004790371
0,02454287
-0,01018634
-0,004333738
-0,01625373
0,01384397
-0,01887594
0,01006539
-0,02890153
-0,02106918
0,004646585
0,02273815
0,0005895316
0,02657397
-0,0001894691
-0,0248266
0,0236912
-0,008151225
-0,01303459
-0,01738687
0,009575561
0,009088999
0,001791986
-0,005836428
-0,01064774
0,01258509
0,01756749
0,02162987
-0,02212409
-0,02615916
0,002073535
-0,003760659
0,0006710885
-0,004440802
-0,02199542
-0,0002392638
0,01145855
0,005008765
-0,002643019
-0,03278104
-0,00743724
-0,007028016
0,0113514
0,01517144
-0,01277581
0,009910851
-0,03229693
-0,0349796
0,0006267263
-0,002723047
-0,02505228
0,02292243
0,02067555
0,008185641
0,008544391
0,02818141
-0,005987877
0,02775653
-0,02076563
-0,0002339762
0,0257572
-0,009333545
0,002188767
0,02540408
0,007728846
-0,02362338
-0,01333715
0,02815634
0,01150789
0,02244301
-0,01108232
-0,01711517
0,01778895
-0,02084032
0,009747189
-0,02070912
0,01789549
0,002553706
0,02375631
-0,001841978
0,003872365
0,01412864
-0,01840403
-0,0003248224
0,02247397
0,0009192397
-0,001276328
0,02010477
0,0123781
-0,02464765
-0,02878249
0,008604528
-0,01150956
-0,03891454
-0,02850173
-0,02395405
0,02198776
0,02028828
-0,01201058
-0,01192111
0,0006528068
-0,02321132
-0,01104444
0,01278514
-0,01780899
0,02206532
-0,02594931
0,01097074
0,02651703
-0,003113946
-0,02045652
0,02303539
-0,02744725
0,009865498
0,02587935
-0,02059671
-0,02443583
0,02638111
0,02612471
-0,02954198
-0,0005429972
-0,01181023
-0,02864597
-0,005272686
0,0100694
-0,001807624
0,01144215
0,01496529
0,02732624
-0,005336359
-0,02269824
0,02052022
-0,02041053
-0,00402416
0,02336768
-0,01365219
-0,01294474
-0,005634032
-0,01905386
-0,03563483
-0,009101006
0,01422303
-0,03986162
-0,01469928
-0,03099179
-0,01804662
0,006576129
0,01249304
-0,02821713
-0,03348261
-0,02526822
-0,02724533
0,03073187
-0,009328947
0,02420688
-0,01747765
-0,02499575
0,02497517
-0,02909049
0,01102497
-0,02180921
-0,01069502
0,01237968
-9,445526E-05
-0,01349194
-0,01138179
0,01118562
0,0004301171
0,01159598
0,0004763006
0,01372268
0,003097092
0,003913125
0,01951829
-0,002194412
0,001417143
-0,01349253
0,006645227
-0,0137172
-0,01073853
0,01423617
0,02045706
0,006658544
0,02362425
-0,01555103
-0,02656122
0,01757113
0,01681301
0,002356314
0,003418488
-0,02347619
-0,01215055
-0,01168708
-0,000615796
0,01629211
-0,0256342
-0,02754959
-0,008418162
-0,0245377
0,01362887
0,004909952
-0,01742795
-0,02410207
0,006165677
-0,01205663
0,002213473
-0,002050199
-0,02217127
0,01977877
-0,01250132
0,02510808
-0,0004093661
0,006473763
0,01008048
0,02724148
-0,01515606
0,01048317
0,01498332
-0,01914201
-0,0218909
-0,004062762
0,01911425
0,02147433
0,02601625
-0,0199867
-0,01693002
-0,0283963
0,02007782
0,01962777
-0,01676266
-0,01303212
0,01593035
-0,005973683
-0,003876371
0,009273143
-0,008987058
0,009330546
-0,03621791
-0,001223206
0,005662593
0,001804107
0,005082618
0,02232919
-0,01900797
0,009496237
0,0120986
0,01591561
0,01553775
0,01055854
0,009217125
-3,272929E-05
-0,003684072
-0,0116474
-0,02802848
-0,009048918
0,01733355
-0,008064826
-0,02130287
-0,008077906
-0,02856066
-0,0006796358
0,005385638
-0,01253165
0,004050083
0,02855172
-0,02202594
-0,02933651
-0,02618407
0,0274607
-0,002018708
-0,0006735683
0,007861842
-0,02577829
-0,005769174
-0,002944326
0,01269632
0,01693692
-0,0008335827
-0,02470029
-0,0113087
-0,01436424
-0,02105071
-0,02530004
-0,02541335
0,01289882
0,01583375
-0,01294967
-0,01331763
-0,03011658
0,01534668
-0,03699974
-0,00686428
-0,0008997448
-0,003485464
-0,0259125
-0,03449586
-0,01282235
-0,01081389
-0,01475064
0,006119587
0,01499996
0,01570565
0,02107364
-0,01415189
-0,01695676
0,02275384
-0,007672588
0,0228213
0,001033827
0,006065188
0,02836269
0,02176099
-0,02778533
-0,02884959
0,01193125
-0,01428159
-0,004052963
-0,02257608
0,01911257
-0,02457842
0,009865916
0,002565353
0,02270994
-0,03123476
-0,008714646
0,02327266
0,02645882
-0,003380321
-0,0217182
-0,009616414
-0,01783728
-0,01177137
-0,02681902
-0,009357823
-0,001270948
-0,003258421
-0,01857997
0,01555528
0,01659609
0,01090483
-0,01108741
-0,004814924
0,01558143
-0,006805546
0,01910298
-0,02330993
-0,005238024
0,003992733
0,0191307
0,02670759
0,005079792
-0,01648204
0,00482953
-0,01482263
-0,03070209
-0,01851093
0,02403726
0,01965611
0,02101756
-0,01281149
0,02641469
0,02397102
0,01523531
-0,02085061
-0,01195159
0,004237148
0,01133728
0,005033242
-0,002506662
-0,02188111
0,02280463
0,0002693474
-0,0198289
0,02888494
0,006497942
-0,02319699
0,007089219
-0,01379738
-0,02933802
-0,02620274
-0,01385261
-0,01508545
-0,002843448
-0,02623426
0,009900844
-0,03296274
0,00966854
0,01452343
-0,01236761
-0,01895594
-0,0007745949
-0,007261977
-0,03743486
-0,003071995
0,01345408
-0,002181864
0,01061559
0,0103819
-0,01661507
-0,01010349
-0,002574625
0,02560733
-0,02149611
0,01448197
-0,02610064
-0,02445083
-0,02703407
0,005137716
0,006883821
0,02139643
0,006961993
0,007585922
0,0173566
0,01555506
0,0278211
0,006218364
-0,0100585
0,004640886
-0,0050658
-0,01508381
0,01537637
0,01605877
-0,02549577
-0,02238966
0,002332346
-0,005518965
-0,002249986
0,002981808
-0,02757068
-0,03222482
-0,01597753
0,0179021
-0,03361057
0,009007944
0,0007881688
-0,01113217
-0,02869922
0,007622266
-0,03556942
-0,0009995821
0,01797622
-0,03118847
-0,02615296
-0,004513379
0,002526101
0,02132551
0,006886412
-0,01793103
0,00567772
-0,01559139
-0,01929881
-0,02065772
-0,01080509
-0,03081893
0,005983253
0,01468224
0,01813105
-0,03042329
-0,01793124
0,01087839
0,007032621
-0,001001937
0,002383119
0,00870965
0,002931624
0,0143711
0,006422601
-0,02439243
-0,02080917
0,002054243
-0,005800224
0,0009803248
0,001032312
0,01429875
-0,01485561
0,004870971
-0,001534513
0,00235018
-0,002830328
0,002350935
0,008072679
-0,02195925
0,0224309
0,01446218
0,01367899
-0,02642236
-0,007456574
-0,03909962
-0,03501325
0,005771074
-0,009679756
-0,03518188
-0,008704837
-0,01560755
-0,03865889
-0,006148499
0,004307061
0,003484362
-0,03153797
0,02382017
-0,01067466
0,006327465
-0,02351887
-0,02425982
0,02239059
0,01052257
0,01029963
0,004655439
0,01338698
-0,02905873
-0,01324476
-0,01456329
0,001734869
0,01084469
0,03039988
-0,006342737
0,003788918
0,01508401
0,02258531
-0,005680603
-0,01866082
0,00419453
-0,03031054
-0,008953989
0,02719999
-0,01728757
0,02709441
-0,02492056
0,01431785
0,01555442
0,02474623
0,02033735
-0,002266145
-0,001048484
-0,02321939
-0,02814035
-0,030087
0,008270574
0,01347603
-0,04284232
-0,01699227
0,01070477
-0,02882811
-0,04010631
-0,007106076
-0,01517195
0,002219316
0,01999957
-0,01244222
0,004553853
0,02321642
0,02237866
0,01441142
0,005811597
0,01414703
0,01484014
0,005960452
0,01555574
-0,02194696
0,007328328
0,01684598
0,003492978
0,020488
0,02827032
-0,0245964
-0,006138382
0,01429242
-0,03030204
-0,001527738
0,02576107
-0,01435338
0,01441685
0,01995057
0,02001714
0,02846883
-0,01507033
-0,01143556
0,02767613
0,01721646
0,008409981
0,002677457
-0,03031617
0,008517904
-0,02976025
0,01934133
-0,02871914
-0,02841953
0,01491146
0,003940544
-0,01803769
-0,01142316
-0,02083082
-0,005368374
-0,02568294
-0,02355224
0,01794953
-0,03328047
-0,02014904
0,02334754
-0,02677887
0,003392421
0,007882914
-0,004952479
-0,003611756
-0,0101182
-0,02034035
-0,02749761
0,02361946
0,006142371
-0,003424806
-0,002643006
0,008505013
0,0267383
0,003395154
-0,02648099
0,0135472
0,01880732
0,01185683
-0,02507297
-0,0282621
-0,01727024
0,01876225
-0,01886956
-0,0254427
-0,001817002
0,02534478
-0,02587221
0,001932382
0,003136587
-0,02560415
-0,02033395
-0,03297821
-0,03621064
0,00553085
-0,03193352
0,02164811
-0,0001289527
-0,02264184
0,007604502
0,001669534
-0,04039769
-0,0305234
-0,0266098
-0,0229632
0,01816308
0,0111862
-0,01299763
-0,03246251
-0,0221935
0,0001404113
-0,02871011
-0,006269622
-0,01776147
0,02368889
0,02255487
0,01671986
-0,004783962
-0,0112299
0,02834095
-0,005630277
-0,02738895
-0,001315362
-0,01046949
0,00202004
-0,01278574
-0,004018289
0,007738316
-0,01530719
0,0006452116
-0,02248356
-0,02523608
0,0005229929
0,02376844
-0,008373785
-0,03025796
-0,02884232
6,297731E-05
0,02299197
-0,0192223
0,00888038
-0,001786864
-0,03571196
-0,01457412
-0,0348
-0,03294156
0,01171816
0,01035331
-0,03816497
0,008521382
-0,02422744
-0,01261924
-0,02475793
-0,02275787
-0,01883545
-0,0005749867
-0,006975302
0,01779692
0,01207027
-0,03104266
0,0005494365
-0,01987089
-0,0219196
0,002456769
-0,02591218
-0,002214062
0,002778033
-0,001351142
0,01869101
0,02215506
0,0209245
-0,01357447
0,002045657
-0,01937353
-0,01027955
0,02612605
-0,02877606
-0,0237511
-0,01350489
-0,001180315
-0,0005460042
0,00655856
0,001705635
-0,003544971
-0,01436104
0,002335263
0,01210843
-0,02004149
0,00107994
0,01356006
-0,002163755
-0,02699461
0,0104514
0,01725831
0,004404296
-0,006596807
-0,01627114
-0,01014643
-0,02116727
-0,002418248
-0,008712784
-0,02092732
0,01719789
-0,02548932
0,01992815
0,02167717
0,02371404
-0,02648582
0,02671352
-0,004537402
0,005887873
-0,008120147
0,006433071
-0,01557439
0,0006514643
0,02326486
0,009357622
0,01454972
-0,01459288
-0,00365947
0,01024999
-0,009338399
0,02810632
-0,02411411
-0,006143114
0,01521348
0,0007720324
0,009422448
0,001155248
0,02136622
0,004895936
0,001809309
0,01840026
0,01157211
0,02865179
-0,01893329
0,007317141
-0,01394431
-0,002571269
-0,01122863
0,005656966
0,00439387
-0,0236496
-0,03175023
-0,03006749
-0,03239801
-0,00746854
-0,005980992
-0,01429107
0,01009601
0,01116729
-0,0008986539
-0,02760338
0,01086303
0,01451827
-0,02912164
-0,01644653
0,01918991
0,01568734
-0,01971209
-0,004999732
-0,01362036
0,003797142
-0,02272679
0,01992004
-0,02640947
0,007786044
0,02611534
-0,01289216
-0,01173647
-0,01573284
-0,008573921
-0,01388801
0,0266807
0,01983143
-0,02716011
-0,02173233
0,02264669
0,03000742
-0,01069849
-0,01324977
-0,02886403
-0,01240985
0,01661055
-0,02828354
-0,03236914
-0,01285974
0,0290145
0,01701756
0,01865443
0,02087521
0,01244764
-0,005185
-0,01982366
0,01619332
-0,0167665
-0,03288314
-0,03425746
-0,02593792
-0,04153498
-0,01591734
-0,006767068
-0,02701862
-0,03907244
-0,00813358
-0,01226604
-0,01844944
-0,01884557
-0,03127901
0,01836516
-0,03210226
-0,004068105
0,02209111
-0,001528399
0,02583741
-0,003686763
-0,02974757
0,02048586
-0,02438869
0,01993314
0,01395909
0,009483237
-0,02011254
-0,002634494
-0,002740152
0,0008807931
0,02397498
-0,02931571
-0,02802957
-0,0002253321
-0,02940207
-0,0260379
0,007348407
0,02747386
0,02269755
0,01278602
0,01641418
-0,01511883
-0,0158086
0,0053087
0,009893849
-0,02975002
0,0231392
0,02016577
0,01245188
-0,01445077
0,0161304
0,02063433
-0,02400685
-0,01577768
-0,02222973
-0,0285498
0,01708748
-0,01694657
-0,02093177
0,009873582
-0,0176
0,006927568
-0,0009487018
0,02502966
-0,001034382
-0,01444122
-0,01974331
0,0004290148
0,02097393
0,02876467
0,02182945
0,02667391
0,005687622
-0,02010563
0,005467406
0,01274498
0,004616275
-0,0009214928
-0,02106942
0,01167468
0,01341599
-0,01533028
0,008413084
-0,02755197
0,009179226
0,0253654
0,01075655
0,005781818
-0,02075965
0,01767026
-0,0280806
-0,02123269
0,009591069
-0,02355958
-0,006302326
-0,02809286
0,008734409
-0,02213045
-0,0351578
-0,01987999
0,01120796
-0,01321567
-0,03404687
0,01249605
-0,006101524
0,01610917
-0,01581988
-0,03130764
0,0130205
0,0002245004
0,001744991
-0,005734329
-0,0180545
-0,0005406584
-0,0290817
-0,02403713
-0,02471272
0,0002119093
-0,00860978
0,009366843
0,007884027
0,006504514
-0,009683962
0,02962013
0,02084795
0,008642525
-0,01696499
-0,003417672
0,01543454
0,000733738
-0,02986282
-0,01232381
-0,004685462
0,01674695
0,02076925
-0,01352819
-0,02197163
0,01441599
-0,001103895
0,01012514
-0,0005512011
-0,0008929691
0,01493191
0,002892206
-0,01911875
0,001347078
0,02296402
-0,0312338
-0,03417485
-0,02314164
0,02210231
-0,02733873
0,0183353
-0,01492942
0,005253808
-0,02767749
-0,03837696
-0,03869293
-0,03926294
0,016382
0,008389616
0,02176133
-0,01032154
-0,01451899
0,002686577
-0,01396359
-0,02784263
-0,001093047
0,01383046
0,01571596
0,02796268
-0,007668049
-0,0277769
0,007077929
-0,02432672
-0,02577559
0,01741671
0,01546608
0,01528839
-0,01621277
0,0125665
-0,02392418
-0,01068665
-0,003408938
0,002432581
0,01907676
-0,00835555
0,0291572
-0,03229449
0,001027273
-0,01991296
-0,02848879
0,0121614
0,001101875
0,02508052
0,001000572
-0,02672632
-0,009279708
0,02087525
0,01705753
-0,00565216
-0,01218353
-0,01774616
-0,02027952
-0,01901649
-0,004507382
-0,03637767
-0,02650444
-0,01933499
0,003615428
-0,005669954
-0,01746994
-0,01453228
0,01390743
-0,02020168
0,006680398
0,004644759
0,02645512
0,01760018
0,01510019
0,02821887
-0,02523678
-0,001217807
-0,02032074
0,002732379
0,02517917
0,006511994
-0,003110616
0,00809247
0,001059807
0,02672158
-0,01100061
0,01601483
0,01997758
0,01257061
-0,0147041
0,01585239
0,02969189
-0,02592835
0,02165296
0,008730323
-0,02997437
0,00825747
-0,01478875
-0,02913519
0,01705151
0,008782719
0,02079983
-0,01604402
-0,01632034
0,02142247
-0,02629618
-0,002168883
-0,03037746
0,0188998
-0,01143606
0,01697039
-0,02922221
0,01257933
-0,009092602
-0,03058009
0,007553944
0,006084802
0,0168937
0,01257621
-0,02363751
0,003385215
0,0008898467
-0,02258479
0,02807973
0,02409061
0,00742323
0,02219539
0,02651198
-0,0228204
0,02604351
-0,00609013
-0,02286284
-0,02584571
0,01195008
-0,0163463
0,01088145
-0,02654869
-0,01575331
0,002295654
0,01388069
0,009871418
0,002615406
0,01942094
-0,01847213
-0,01581804
0,000810616
-0,02168276
0,006334047
0,01593014
0,02223278
-0,01466762
0,01854795
-0,0008788644
0,01803321
-0,01905149
-0,02477489
0,010038
-0,01964687
-0,01334088
-0,01974279
-0,02166288
0,004125483
-0,03257115
-0,03535777
-0,02658319
0,01779914
-0,02603849
-0,02677314
-0,02076071
-0,009838591
0,008552667
-0,004598905
-0,01410964
0,03039342
0,00161147
-0,0299064
0,01081542
0,0267639
0,01316505
-0,008826938
-0,003198908
-0,01745661
-0,02397077
-0,01992979
0,005270814
0,003011244
0,001454841
-0,02226464
-0,005870763
-0,02574777
0,02282674
0,007499535
0,01458549
-0,02314875
-0,0063873
0,02574189
-0,002842442
0,01652825
-0,02620372
-0,009403118
-0,01252674
-0,03190932
-0,009715615
-0,009449383
-0,01637247
0,01973041
-0,00252015
-0,004250733
-0,01532598
-0,0267329
-0,0120078
0,0130582
0,007306459
-0,02558453
0,02024664
-0,02593307
0,004575434
0,02124524
-0,006024517
0,002506949
-0,01022076
0,03010872
0,01176753
-0,02178772
0,001003014
0,02959501
0,01074445
-0,02400754
0,005638152
0,004071843
0,003042932
0,02357722
0,02014443
-0,0102336
0,0275989
-0,006573231
0,01602627
0,008166166
0,02084116
0,009901432
0,02934924
0,02537964
0,008962655
-0,02416188
0,003717281
0,02793004
0,02734747
0,006125025
-0,01579303
-0,01449469
-0,01478459
-0,004998169
-0,01759688
-0,006555439
-0,03654266
-0,01372929
-0,01475094
-0,02004556
0,01761976
-0,01969134
-0,0268523
-0,01231659
-0,03869864
0,01684325
0,008581738
-0,001783315
-0,03292222
-0,01009357
-0,02150766
0,001211673
-0,009306595
0,0285007
-0,02706555
0,01722238
0,004054884
-0,004418613
-0,01239465
0,00416598
0,00311567
0,0003063024
-0,02876727
-0,0281072
0,01936149
-0,01281
-0,01457364
-0,0292966
0,004868763
-0,01273596
-0,0136375
0,002403292
-0,02908481
-0,001195122
0,00778701
-0,001055524
-0,008020569
-0,002662119
0,02349734
0,01836048
-0,007421481
-0,03273458
0,02336612
9,390268E-05
-0,009304659
0,006190454
0,01765691
-0,01976384
-0,0105722
-0,006995538
0,01988339
0,0007854664
-0,03312006
0,009622511
0,005270221
-0,01125786
-0,0182839
-0,02499009
0,002298482
0,009137759
0,005574634
0,0137192
-0,03022633
0,01705429
-0,02663885
0,009226599
8,826795E-05
0,02099743
-0,01071987
0,003760158
-0,00748871
-0,02534106
0,001637086
-0,002515909
-0,02193438
0,001411606
0,004326486
-0,001817111
0,007023092
-0,02665311
-0,01069535
0,02467392
0,002429838
-0,02778081
-0,01428904
0,00929886
-0,007858474
-0,02083998
0,0118839
-0,02108144
-0,02388964
-0,0222771
0,01521435
-0,02457354
-0,02463377
0,006248694
-0,03852507
-0,02891627
-0,01034977
0,005970054
-0,0243392
-0,03211291
-0,03860506
0,01431738
-0,03125636
0,01226447
-0,03270025
0,001994932
0,002977929
-0,02154655
0,02457307
0,02385407
0,004351567
0,006079207
-0,004827476
0,01227792
-0,02060715
0,02793545
-0,0003591295
-0,007650002
-0,01656323
-0,01173826
-0,02363894
-0,02384986
-0,006921571
-0,02027285
-0,01367659
-0,007259447
-0,01451794
-0,005524304
-0,0002963806
-0,007165471
0,02810671
0,01837502
0,01942276
-0,01731879
0,02208443
0,00591768
0,02227914
-0,01090419
0,002309719
0,01031552
-0,003940837
-0,00521472
-0,01688083
-0,01527776
-0,0005788897
-0,02579451
0,007298095
-0,007483908
-0,005368366
-0,03527471
0,0003256506
-0,03698618
-0,007004982
0,01688367
0,0211619
0,01837638
-0,003920862
0,02660649
0,00525515
0,01362206
-0,007760917
-0,01490216
0,01431285
-0,00193717
0,02152277
0,01571062
0,01698125
-0,01957315
0,01678202
0,002318925
-0,02568913
-0,0239238
0,01723412
-0,001197794
0,01756939
0,005582303
0,01818469
-0,02821874
0,002303225
-0,02818764
0,005090863
0,01168688
0,01979144
-0,007392515
0,01034615
0,01912101
-0,015223
0,01966899
-0,02065274
-0,03378639
-0,0274445
0,01944062
0,007746512
0,01839269
-0,01615546
-0,0217721
0,008350119
0,009205798
-0,009219886
0,01321361
-0,01445962
-0,00567705
0,005870984
-0,03950341
0,02164235
-0,00310735
-0,01746024
-0,03008325
-0,02359096
-0,006408856
-0,02625801
-0,002143217
-0,002836117
0,003661285
-0,02643719
0,008951301
-0,007636319
-0,013362
0,01713984
0,02984329
1,235242E-05
0,02483532
0,02719492
0,01684535
-0,004341055
-0,0207803
-0,009885022
0,02132561
-0,02315824
0,001350211
0,01670809
0,02708954
0,003906781
0,01138716
0,004507775
-0,03115048
0,02655889
0,01680381
-0,009298223
-0,02849372
-0,001846337
-0,02346239
0,00781787
0,01367696
0,01869442
0,001093294
-0,01175631
-0,03003189
0,01158393
-0,0002980852
0,01187584
-0,007421931
-0,03700904
-0,008304845
-0,01492894
-0,001677315
0,005418285
0,02489529
0,002251647
0,02024
-0,01732935
-0,002691006
0,02704046
0,006154778
0,00706281
-0,0227281
0,02288149
0,01452001
0,02876719
-0,02646508
0,01135369
0,004160764
0,0199955
0,009398427
-0,004094968
-0,01319703
-0,01960311
-0,02323202
0,02236246
0,01814287
0,009351496
-0,02318743
-0,03138103
-0,005336127
0,004871703
-0,01880107
0,02238294
-0,0260795
-0,01390516
-0,03159796
-0,01316609
-0,03391569
-0,01976936
0,0017771
0,0157741
-0,0301858
-0,02034819
-0,03528209
-0,02789869
0,00703811
0,003396745
0,004213568
-0,02750864
0,009515563
0,02841886
-0,01361557
0,01043563
-0,0120955
-0,03141154
-0,02838639
-0,01121459
0,0005654513
-0,02334764
0,01843435
-0,01922894
-0,02330863
-0,004780928
0,000485697
-0,03068771
-0,006956683
-0,01704027
0,01676667
-0,006159867
0,02463503
0,01133062
0,009737267
-0,01040266
-0,01754141
0,01525437
-0,01261494
-0,03166793
-0,02673813
0,02487413
-0,02404252
-0,03178465
0,02258427
0,02234305
-0,0158244
-0,008515871
-0,0160177
-0,004749714
-0,002064282
-0,02938451
-0,01989607
0,008469452
0,01650153
0,01988816
-0,01177819
-0,01218218
0,007961786
0,0002719015
0,003267484
-0,03552445
0,01214854
-0,0005282484
0,02751831
-0,01189014
-0,01359811
-0,02791434
-0,009832431
0,02798782
-0,001991914
0,006503899
0,01271166
-0,02610972
-0,01209869
0,005697634
0,02804541
0,01715523
-0,01524307
-0,0193778
-0,0209712
-0,02635256
0,01141204
0,02109419
0,009882665
0,01130443
-0,02282349
-0,01778888
0,0188492
0,01192654
0,02330687
0,01491906
0,02766797
0,005124354
-0,01846527
0,02426791
-0,02708798
-0,0009402519
-0,03234813
-0,00196104
0,001125164
-0,02395367
-0,02827788
-0,0176202
-0,0353408
0,01932832
-0,01930623
-0,02968142
-0,01692896
-0,02380246
0,01834545
0,001913726
-0,02285195
0,001202443
0,0007997346
0,008388941
-0,008153793
0,02660159
0,02106779
-0,01386463
-0,0176802
-0,02406414
-0,01510871
0,008180765
-0,02390467
0,01329911
0,008476367
-0,02380098
0,02040559
-0,009840728
-0,0001588511
-0,005245151
0,01462306
0,01115691
0,004472009
0,02857021
0,02700236
-0,007910291
0,018488
0,01432981
-0,01280081
0,0259783
0,0156842
0,003062534
0,0113171
-0,02000453
0,0003498884
-0,0138251
-0,03179032
-0,0006343916
0,0003397095
-0,02515029
0,006117972
0,008612555
-0,01515874
-0,006842076
0,01598301
-0,01264311
-0,02647698
-0,0228795
-0,02350505
-0,02271035
-0,01339065
-0,03333455
0,010779
-0,001953078
0,01891898
-0,002559772
-0,02999613
0,00523548
0,01496606
-0,02757198
-0,02160494
-0,02184867
0,03087178
-0,01258445
-0,01045196
0,01124096
0,02178898
0,02160678
-0,02023717
-0,0125219
-0,02689923
-0,01232944
0,01720262
-0,009099465
0,01376057
0,02998283
-0,01093659
-0,02703123
-0,03049364
-0,003310481
-0,02374081
-0,002751995
-0,006324316
-0,03164531
-0,002136211
0,007892929
0,01143686
-0,02284687
-0,01132909
-0,03225272
-0,01642701
-0,009656759
0,01180087
-0,004400765
0,0212684
-0,005330496
0,005580586
-0,04017695
-0,03027205
-0,02193043
0,003496944
-0,01235005
-0,02712817
0,02212111
-0,02350219
-0,02924438
-0,0127935
-0,004082458
0,01899091
0,02677825
-0,01904859
0,02884723
0,005257683
-0,01336324
0,02720618
0,01071406
0,00989305
0,02624978
0,01538039
0,007503628
0,02159132
0,008561434
0,0006328761
-0,02445973
0,02846586
0,00499092
0,0007936843
-0,01324977
-0,0101764
-0,020265
-0,01645267
-0,01306106
0,02183324
0,01112824
0,0147033
0,009538178
-0,01570114
-0,005268398
0,01797188
-0,005243519
-0,009405905
-0,01490299
-0,0136076
-0,009473871
0,0115971
-0,02085548
0,01470234
-0,01322033
-0,0082957
-0,01817371
0,0187311
0,01292591
-0,01903758
-0,004807379
-0,009353788
0,02895264
0,02279687
-0,02540775
-0,02652001
0,007636522
0,004787724
0,03114405
-0,02691823
0,009709954
0,01052218
0,0206246
-0,02745882
0,01986791
-0,002699809
-0,01722712
-0,01111738
-0,0209181
-0,02657716
-0,01445676
-0,01832012
-0,002754943
-0,0148399
-0,02480405
-0,02009201
0,005643273
0,01149041
-0,03143027
0,01169151
-0,03229978
-0,02092174
-0,009283544
-0,03436984
-0,009661616
-0,01381381
0,01651838
0,01595555
-0,02195197
-0,009872667
-0,02384984
0,01365083
-0,01843231
-0,0193253
0,002979825
0,005032021
-0,03782067
-0,01924105
-0,03407257
-0,03810856
-0,01973172
-0,03469584
0,01203368
0,01853869
-0,02697131
-0,007810791
0,0283696
0,01585814
0,01797274
0,02314931
-0,006212836
0,02630804
0,002371588
-0,01550499
-0,02640174
-0,007679561
-0,01442967
0,02153025
0,01094964
-0,0005468783
0,006377194
-0,009237271
-0,02901919
0,009098926
0,01913465
-0,01072904
0,01470273
-0,02303239
-0,000249441
-0,01271281
-0,025257
-0,01662864
0,001306915
0,02487177
-0,007478267
0,02810656
-0,000779099
0,003495601
0,02057708
-0,03905369
-0,01839696
-0,03558188
-0,03890758
-0,01666111
-0,03619821
-0,02271351
-0,0169117
-0,0257639
-0,02110949
-0,01213028
-0,005126312
-0,01952782
0,004956327
0,005921517
-0,001455165
0,03049601
0,03279599
-0,02543736
0,02640606
0,01193077
0,005314639
0,0196738
-0,0181491
-0,003439323
0,01392344
-0,02550304
-0,0112924
0,005510681
0,01994571
-0,02612175
0,01923397
0,006766205
0,02234006
0,008525039
-0,02447906
-0,001781273
-0,01584959
0,007447159
0,003283362
-0,002299727
0,02491313
0,001226947
0,01757737
-0,02541878
0,0169143
0,0265445
0,00934416
-0,03251778
-0,003612509
-0,01216539
-0,03853332
-0,01146957
-0,0005649358
-0,02192896
-0,01349684
-0,004804427
0,01455864
0,0001416889
0,0015114
-0,03559073
-0,0348804
0,0159386
-0,008709649
-0,01891006
0,005089643
0,02738774
-0,008527957
0,02927252
-0,002187234
0,02655588
0,01145076
-0,00875904
-0,0001192311
-0,002434788
0,01404893
-0,0296177
0,02759411
-0,02677276
0,006915777
0,01664737
-0,007888759
-0,0132232
-0,02722343
-0,008080961
-0,02812665
-0,01235871
0,02485577
0,005364129
-0,01814942
0,0008663106
0,002814862
0,005020616
0,02194237
-0,00266167
-0,00291738
-0,0243377
-0,02148588
0,005362496
0,0003118993
0,02126615
0,001389651
0,005382652
-0,006664058
-0,004286878
0,006161483
0,002582429
0,02258737
-0,02285092
-0,00633777
-0,01404736
-0,0008512623
0,01860207
-0,03055762
0,02330064
0,00867101
0,01595434
0,01619111
0,03006379
-0,02325571
-0,01659083
0,02776909
0,01197184
0,01481358
0,02495951
-0,01113699
-0,02877329
-0,006146244
0,02879825
0,03041299
0,004099832
0,01774113
-0,01413724
-0,003247706
0,009168416
-0,02236791
0,007415505
0,01326125
-0,002297815
0,007084522
-0,006039653
-0,01071442
0,007392234
-0,03067073
0,0125629
0,0258291
0,01445053
0,005482301
-0,03266238
0,01849183
0,008216586
-0,01158905
-0,02209531
-0,003568796
-0,01485343
0,02223083
0,01866417
0,0210721
0,00192919
-0,01885314
0,005008522
-0,01941919
0,0311259
-0,01690214
0,02669989
0,007202514
-0,008659549
-0,005081606
-0,01094571
0,01533263
-0,02932429
-0,02823405
-0,01697692
-0,01109971
0,01174904
0,02141835
-0,01333299
0,009103318
0,02836944
0,02788658
0,001533534
-0,008538573
-0,01065044
-0,02597339
-0,01431496
-0,02371519
0,003443905
0,01363726
-0,02809295
0,01000568
-0,01786093
0,007093304
-0,02890087
-0,02327457
0,0221512
-0,0231721
-0,01207301
-0,01021187
-0,03291311
-0,02794184
0,001678983
-0,0105111
-0,01781983
-0,01864513
0,01512451
0,00558947
-0,02972233
0,01627658
0,009543196
-0,007788162
0,005622947
-0,01903717
-0,0321819
0,01093847
0,01290295
-0,01275034
0,02217235
0,02356827
0,02635672
0,02218458
-0,02369814
0,00718785
-0,01059072
0,009441326
0,002029804
-0,007623845
0,02693014
-0,0262148
-0,006503006
0,000614131
-0,001213824
0,01942426
0,003769463
0,01872077
-0,01026569
-0,02174336
-0,0262927
-0,0277469
-0,01907312
0,001011686
0,02484801
0,006185812
0,01808795
-0,0006626706
0,02746855
0,02181772
0,001949995
-0,01428019
-0,01221117
-0,000820419
-0,02232957
-0,01044279
-0,007445601
-0,0245505
-0,03637026
-0,03812379
-0,03680919
-0,003215444
0,003268372
-0,01015314
0,009405429
-0,0280994
-0,001415645
-0,01172908
-0,03092261
0,01857914
0,009483399
-0,02061402
-0,009634128
0,007997964
-0,01159589
0,02178172
0,01319332
-0,006857229
0,02574057
-0,0001599058
0,01607421
0,0189492
0,01012667
0,005940358
0,01630419
0,004008246
0,007828601
0,01904768
-0,01745466
-0,03087493
-0,01231591
-0,009315975
0,01693355
-0,01432496
-0,02788846
-0,01154265
-0,01845519
0,01305386
0,0162274
0,01492233
-0,03156166
-0,006059893
-0,007735341
-0,0301631
-0,02702833
-0,01390784
-0,03810703
0,008747773
-0,02804273
-0,01485768
0,003474751
-0,03337451
-0,02351657
-0,005068691
-0,0203586
-0,02098332
-0,03643462
-0,02507826
0,007696178
-0,02361782
-0,003509458
0,01233526
-0,02341757
-0,02880429
0,004370199
-0,008720457
-0,004826523
-0,02800366
0,004302203
0,0266216
0,00697895
0,02981274
0,004622373
-0,02174488
-0,002200865
-0,01319827
-0,009671943
0,002451886
-0,009791591
-0,0100198
0,002131642
0,01909763
0,0002529828
0,01522893
-0,01686778
-0,02121682
-0,03132339
-0,01879713
-0,02901917
0,01119903
-0,01489234
-0,03185141
-0,03780041
0,0001269334
-0,01944354
-0,02147738
-0,01878147
-0,01427558
-0,005984319
0,01010927
0,01549933
0,0196182
-0,02488148
-0,01711519
0,01387828
0,01178755
-0,002225978
-0,02554675
-0,03386357
0,02317006
0,02224994
-0,004217882
0,0173823
-0,0103682
0,007890748
0,007786588
-0,01834764
-0,0101691
0,01634903
-0,005653433
-0,01005792
-0,01931023
0,02832616
0,01740795
0,005316771
0,002082418
0,03036147
0,02710429
0,01883979
-0,0222672
0,02468081
0,02294711
0,02750129
-0,003604914
-0,01067946
0,00144106
0,004464942
-0,01914888
-0,0346503
-0,0065483
0,0008658741
0,01562489
-0,02705682
-0,02879149
0,0149177
0,01613853
-0,02426701
-0,002144283
0,01910195
-0,002692727
-0,03534633
-0,04048155
-0,0005678937
-0,0296178
-0,003232359
0,0137514
-0,03407073
-0,009240991
0,007447013
-0,02009416
0,01325094
0,004268251
-0,011818
0,02534381
-0,02848065
-0,03166341
-0,001635597
-0,009504114
-0,03037367
-0,02467633
-0,02985936
0,02807924
-0,01124983
-0,01221395
0,01786016
-0,00255877
0,03008159
0,02074318
0,02418512
0,01022522
-0,01554819
-0,01062165
0,02353995
-0,02360066
-0,03231115
0,01982471
-0,01978523
0,01576594
0,02210389
-0,003716621
-0,006153889
-0,02296381
-0,0072249
0,008156522
0,004264921
0,02269815
-0,005922388
-0,0265464
-0,03891333
0,011364
-0,01478009
0,01628558
-0,0009240801
0,01786843
0,003774051
-0,02769173
0,007374383
-0,0157838
-0,01615272
-0,02793366
0,01661688
-0,02200221
-0,0005342099
-0,02880299
0,02924923
-0,004864362
0,01060316
-0,01887272
0,02484913
-0,02062885
0,01432283
0,008497899
-0,00470706
-0,002613087
0,005186457
0,01913232
-0,002540177
0,002744756
0,006412454
0,01739149
0,02280696
0,01043296
0,01267438
-0,03281771
-0,0166305
-0,01348596
0,009842153
-0,03403841
-0,006422674
0,01488218
-0,02573974
0,01785264
-0,007614863
0,01327293
0,006248625
-0,02094898
0,001415691
-0,01367801
0,006962392
-0,02565147
-0,02221639
-0,01951778
-0,01832818
0,02099156
-0,0284948
0,01196349
-0,00752402
-0,02689406
-0,01703488
0,01689844
0,01048656
-0,02123089
0,01546701
0,002454889
-0,02027906
-0,02674413
-0,006064455
0,001431828
0,01670145
0,007526434
0,01212127
0,008405662
0,01401915
-0,02686191
0,03079435
0,02034131
-0,02129867
0,003719826
0,01192045
-0,01760071
-0,02390038
-0,03384809
0,01353352
-0,01346038
-0,002402094
0,001216029
-0,009364981
0,01757938
0,0170942
-0,006345596
0,01567082
-0,004048491
0,00689597
-0,000303609
-0,03204441
0,02165751
-0,03013809
0,02010453
0,001311382
-0,001085119
0,01421387
-0,03443987
0,001811348
-0,02518394
-0,001559404
0,006874177
0,0004859327
-0,01844582
0,02161144
-0,01457473
0,007547623
0,02367784
-0,004039005
-0,02614706
0,01134949
0,009744919
-0,00653127
-0,005051178
-0,02728575
0,005772491
0,01147785
0,003932886
0,01096181
-0,01217421
0,01614111
-0,02227109
0,02353079
-0,02412687
0,02323062
-0,0312925
0,009847293
-0,02027272
0,02090089
-0,02777236
-0,01242082
-0,03242254
-0,01418806
0,002444611
0,01388752
0,01730644
0,02266914
-0,02957273
0,02151076
-0,006022817
0,01537501
0,02175469
-0,02852073
0,004218
0,01799889
-0,01164225
-0,003756247
0,003276224
0,01395178
-0,03291934
0,02439328
-0,01410091
-0,006744041
-0,01167895
-0,01147096
-0,008291484
0,01550042
-0,0003925233
-0,009602535
0,02424649
0,007599217
-0,004514365
-0,02792744
-0,006369717
0,01365892
0,01021039
-0,007533066
0,01785494
0,00912472
-0,01633588
0,009104187
0,004666762
0,006874387
-0,02082272
-0,002671423
0,01845844
-0,03060956
-0,01726931
-0,02221408
-0,007682044
-0,007380468
0,0235069
-0,0167377
0,01135597
-0,02783893
0,02786695
0,0003683276
0,02184856
-0,02124734
-0,01341191
-0,03274947
-0,006635079
0,006482561
-0,03682311
0,01536352
-0,01692617
0,01402359
0,00582103
0,01862999
-0,01994159
-0,02827031
0,01540863
-0,02790563
0,007420618
-0,009729268
-0,009915076
0,01406951
-0,01031695
0,0253632
0,0046135
-0,006474986
0,001777552
-0,01018369
0,02853259
-0,001951552
0,01134678
-0,02099661
-0,01381228
-0,01173469
0,01677975
-0,02314075
-0,00454742
0,00473352
-0,01261637
-0,0199204
-0,01807962
0,02280019
0,004992679
-0,01740171
-0,0296724
0,02345491
-0,01488066
-0,01830011
0,02120718
-0,01609342
0,005024365
0,02024401
0,003372986
-0,01760295
0,006205171
-0,02702531
-0,02144999
-0,033994
0,001203922
0,01803829
-0,009448388
-0,03517975
0,006257637
-0,00513773
-0,02963773
-0,02253716
0,00341532
-0,008439745
-0,0254998
-0,02566998
0,008084631
-0,01795836
0,0166245
-0,001466812
-0,0164027
0,0003580682
-0,02196518
-0,02719065
0,02200164
0,00822438
-0,02413162
-0,0138412
-0,003535556
0,009772147
0,0211542
0,02012593
0,001241349
0,02629817
0,006142702
0,002213696
0,0214629
-0,00564332
0,02516415
-0,01039606
0,007572429
-0,02541175
-0,02477753
-0,03328236
-0,0307452
0,01503117
-0,01830264
0,01566945
-0,03063376
0,009148291
0,004224197
-0,01342838
-0,03584948
-0,03322847
-0,0352704
-0,0310357
-0,03789596
-0,03073258
-0,02990606
0,02124722
0,0134665
-0,02452368
0,002587108
-0,0285497
0,01187639
-0,009179001
0,01219074
0,009827892
0,01769203
0,006610027
-0,01483991
-0,01603451
-0,01337708
-0,005047062
0,01899766
-0,02294122
-0,007901923
-0,02152494
-0,02899819
-0,02617113
-0,01052184
-0,01634344
-0,02057592
0,01014093
-0,03025407
-0,004647205
0,0141474
-0,009407092
0,01833825
-0,006148043
-0,005222871
0,009438316
-0,01662774
0,02266298
-0,003465931
-0,007608861
-0,008603463
-0,0331253
-0,02039752
0,004352208
-0,03292192
-0,001274472
-0,03518173
-0,01100616
-0,0116302
-0,01622506
-0,03557089
-0,001884615
-0,01872244
0,02213587
0,01189389
0,0196834
-0,02706352
-0,02846458
0,009400918
0,006416954
-0,02631727
0,02890309
-0,02922058
-0,01380145
0,007646576
-0,0125609
0,02166096
-0,007398035
-0,02171294
0,007285946
0,02859831
-0,009194156
0,02638105
-0,00704955
0,009860699
-0,01233491
0,02140073
-0,009934275
0,0289946
0,01161122
-0,02021942
0,009535437
-0,01832343
0,004870347
-0,01434329
-0,02593106
-0,02769525
0,02138946
0,004237515
-0,00173534
-0,005679445
-0,02296986
-0,01930035
0,01877335
-0,01383385
-0,01004642
-0,04317798
-0,04035382
-0,03774669
0,006256974
0,00777822
0,001716226
-0,01742454
0,01404993
-0,01184597
0,01168823
0,009947733
0,02369346
-0,01179444
-0,0003526909
-0,0267112
0,02073717
-0,02369543
0,02955261
-0,003986893
-0,006426859
0,01674612
-0,003135995
0,02901578
0,002047281
-0,01645246
-0,02971465
0,01786088
0,005812345
-0,02373713
0,01657615
-0,02489727
-0,02869434
-0,03034994
-0,01987939
-0,01406624
0,01998769
-0,01273481
-0,01916538
0,02456046
-0,001240541
-0,01400216
-0,01234976
-0,02089621
-0,0008853895
-0,01051673
-0,023459
-0,003961101
-0,03261698
-0,008508047
0,002266496
-0,03692213
-0,02369405
-0,0119701
0,02037707
0,004469468
-0,006718324
-0,03968503
-0,007684963
-0,0009067139
0,01233258
0,02215451
0,01483781
0,01565568
0,008903864
0,01247326
0,0104572
0,02447782
-0,02177056
-0,01657683
-0,01652511
0,0002325211
0,02566306
-0,02528142
0,02920098
-0,02374466
-0,001944549
-0,01449089
-0,002343388
-0,02122804
-0,02572993
-0,001419581
0,01070211
-0,02535516
-0,005172806
0,007658498
0,01671361
0,004077751
-0,03147383
-0,005377037
0,01146171
0,01864762
0,01692603
0,004132392
-0,02444782
0,001910228
-0,0003289551
0,001901005
-0,004664345
0,009688821
0,00426556
-0,02607251
-0,015338
0,01239564
-0,0263921
-0,03005737
-0,02980182
-0,02624256
-0,008079907
0,01922316
-0,01940457
-0,01397151
0,001041115
-0,01146902
-0,002142265
-0,01355961
-0,01910831
0,006836129
-0,01177183
0,02954281
0,02351798
-0,02679882
0,02254513
0,01067884
0,002607638
-0,002193143
0,01384849
-0,01314149
0,02742749
-0,006983653
0,00402706
0,02417989
0,01184587
0,007033734
-0,004830209
0,01900661
-0,02665882
0,01903977
0,02170452
-0,01665675
-0,003346475
0,005035677
-0,02413796
-0,01992523
-0,0169999
-0,009931298
-0,02179272
-0,005938373
-0,02409656
0,01747802
-0,01435359
0,01778965
-0,02425073
-0,008583117
0,01665032
-0,0002646197
-0,01496079
0,01021466
-0,01742024
0,01254623
-0,01006266
0,02095515
-0,01999944
-0,02839827
-0,01281831
-0,0114521
0,004629599
0,02566155
0,02443904
0,008679131
-0,0184124
-0,009840439
0,01433973
-0,02585469
0,001039893
-0,01314698
0,02732989
0,01197524
-0,00285455
-0,02119729
-0,01497091
-0,01239659
-0,02347266
-0,02397165
0,02891482
0,008391733
0,009554584
-0,02383473
0,009091445
0,0178907
-0,002415777
-0,007623921
-0,0003836004
-0,02379813
0,01850898
0,000899651
-0,0101794
-0,02826288
0,01977873
0,01754474
0,01251432
-0,01718145
-0,007580248
-0,006958513
0,001860108
-0,03516237
-0,02617109
-0,02361071
-0,03338495
0,006339013
0,005004602
0,004448591
-0,02077629
-0,02419113
-0,00148978
-0,02429236
0,01611878
-0,02294574
-0,0253034
0,007777618
0,008008992
-0,00518852
-0,01451375
-0,02403087
-0,01982415
0,01781764
0,01842518
0,006068316
-0,01473719
0,02754933
0,02555797
0,02456907
0,01879009
0,002785291
-0,008925792
0,02751673
0,01386572
0,00280501
-0,005825208
0,02267399
-0,001842594
0,0004852939
-0,02439314
-0,03096011
-0,02479116
0,01276564
-0,0257525
-0,01183056
0,004528892
0,003171398
0,009466713
-0,0250153
0,01876012
-0,02286753
-0,02249936
-0,01704419
-0,0382174
-0,01090671
-0,01627124
0,01435387
-0,0216661
4,497769E-05
0,0193478
-0,03039099
0,01290674
0,01498735
0,01968556
0,01016764
0,01804856
0,001604157
-0,007685092
-0,01858401
0,01261602
-0,0198424
-0,02157106
-0,0239091
-0,01220879
-0,01592824
0,02863997
-0,007162005
0,00930874
-0,003691495
0,02827467
0,004952959
-0,01945318
0,009514004
0,02586534
0,002409151
-0,01389446
-0,03142208
0,02719867
-0,01066616
-0,01681205
0,003938051
0,00813779
0,02286054
0,00776683
-0,02766566
-0,01667426
-0,01374674
0,02071407
-0,008381267
-0,004177196
-0,03430464
-0,02057222
-0,00525576
-0,009373728
0,007799395
-0,02962516
-0,02985856
-0,03234531
0,0133249
-0,006417387
0,02428154
-0,0198371
0,01645696
0,003926714
-0,01288386
0,02345096
-0,02660515
0,01975975
-0,01354964
-0,00841122
0,01746789
0,004072074
-0,02954587
0,02950706
-0,02242753
0,001217311
-0,01687661
-0,003166952
-0,01606428
0,02700182
0,006386266
-0,004211633
-0,01971389
0,02203192
0,02238355
-0,01347632
0,006833091
-0,0201792
-0,02058229
-0,003496394
-0,0201551
0,02560017
-0,0208766
0,02177409
-0,01653499
-0,01341243
0,01225308
-0,01955343
-0,01886975
-0,0299837
-0,02379029
-0,004349605
0,001272995
-0,03473001
0,01190588
-0,002362507
-0,01930003
-0,001785185
-0,008828271
-0,01757277
0,02094788
0,009502892
0,01688896
0,01867373
0,01871535
0,001403053
-0,03062938
0,02878704
0,01366368
-0,02975865
-0,01630987
0,02254761
0,01031175
0,020628
-0,01787844
0,02098783
-0,006938229
-0,02453707
0,01339803
0,01652821
0,01092078
0,02410419
-0,02600664
-0,02789873
0,01176069
-0,02544274
0,01735636
-0,02303304
-0,0265723
-0,009485316
-0,02970623
-0,0266578
0,01506833
0,02109703
0,0007686719
-0,005210917
-0,03070716
-0,01777218
-0,03192836
0,006491402
-0,01891833
0,01683645
-0,002657826
-0,01841097
0,02057932
-0,01213813
0,01824376
0,01554747
0,02139263
0,02547234
-0,02330287
-0,02151949
0,01953736
0,006308393
0,003473358
0,02802682
0,006161488
0,01475447
-0,02466958
0,01334204
0,01389384
0,02261217
0,02387585
-0,006634782
-0,02893261
-0,02023911
-0,02399022
0,01553536
-0,01455126
0,0130773
0,01324332
-0,02876135
0,02986058
0,02700919
-0,005180244
0,01772912
-0,01262674
0,01546873
-0,02264652
-0,008387492
-0,01706308
0,02838326
-0,01605507
-0,02487019
-0,01922479
0,01543114
-0,024094
-0,02919444
-0,01281964
0,002802689
0,01786995
-0,01345171
-0,01864954
-0,01118445
-0,03459997
-0,005970467
0,02732821
-0,02061694
-0,01269541
0,01518153
-0,01534679
-0,02602106
0,002709319
-0,02141672
-0,01844328
-0,02444427
-0,01886084
0,02093597
-0,01984646
0,01583574
0,01049985
0,02065598
0,00795868
0,01570351
-0,0003940078
0,01533329
0,005966576
0,01488642
-0,01959498
-0,01783512
0,02570449
0,02750678
-0,005117834
0,009712344
0,01852131
-0,009363013
0,01672561
0,007471077
0,02890243
0,02934818
0,02037175
-0,02654955
-0,003846434
-0,008308189
-0,02446183
-0,02502884
-0,008312984
-0,02680185
0,02234483
-0,03002384
0,002132584
-0,01199694
0,02167567
0,0001941409
0,0205777
-0,03018967
0,01332352
-0,001243305
0,02205139
-0,01534329
0,02113966
-0,01763475
-0,02799935
-0,02496384
0,01963698
-0,01326881
0,01108793
0,02293318
-0,01149174
0,02360966
-0,009034466
0,004256184
0,02484289
-0,01538375
0,02838496
0,006357057
-0,007103105
-0,01457904
0,00877605
-0,009924084
-0,0114889
-0,0025766
0,02015581
-0,02385182
0,004917466
0,003472321
0,03089491
0,0218583
0,015266
0,01602066
0,005546098
-0,01501737
0,01456623
0,01352162
-0,02568817
0,004616336
-0,02638388
-0,01236944
-0,001227881
0,01460501
-0,007235565
-0,003587928
0,01507894
-0,03282443
0,01066758
-0,03000108
-0,003873814
0,01332521
0,008410372
-0,0110299
0,0112774
-0,0002088597
0,02195238
0,002435944
0,0270274
-0,0062969
-0,005185844
0,02745283
0,002218654
-0,01230061
-0,01132955
0,02070969
-0,02091062
0,00455507
-0,01111943
-0,02398051
0,01972572
-0,01817662
-0,02095933
-0,006818303
0,002755054
-0,02912528
0,01414871
0,02039438
0,02270306
0,01768423
0,009696503
0,01780128
-0,008464838
0,001856849
-0,02446706
-0,014666
-0,01635224
-0,003813053
-0,0261018
-0,02478608
-0,006254572
-0,02093247
0,01380646
0,008752692
-0,02234946
-0,02678573
0,01691
-0,01883077
-0,005381833
0,00487244
-0,009289855
-0,0168023
0,0134674
0,008722692
-0,01604224
-0,01428337
0,004972363
-0,0168496
0,01654976
0,009772045
0,0154831
-0,02909358
0,01008371
-0,02036548
0,01511437
0,007877966
0,006883128
-0,02956075
-0,01720766
-0,02710006
0,005612005
0,01274507
-0,0003980227
-0,01675018
0,01205169
0,006526069
-0,004003057
-0,0008293398
-0,0152459
-0,002522419
-0,01778008
0,0002098938
-0,008253844
-0,01488161
-0,006786778
-0,005418174
-0,02697755
0,01360453
-0,01239039
0,01889873
0,01133306
-0,02925631
0,009509441
-0,006378621
-0,01132448
-0,007670986
0,0002279528
0,00409637
0,02265328
3,533472E-05
-0,000889287
0,01919124
-0,02920228
-0,004103611
-0,02780631
0,01088758
0,01551494
0,0006086888
0,02708569
0,007461654
0,02021975
-0,025401
0,02851553
-0,01046571
-0,003346493
-0,01434091
0,010092
-0,004719207
0,01636161
-0,01063577
0,003176107
0,02400241
0,01337133
-0,006629032
-0,009801994
0,003150883
-0,02854561
-0,02607056
0,02457462
-0,01151828
-0,02589633
0,02021049
0,00381604
0,0138576
0,0274657
-0,007623303
-0,001034798
0,0263434
-0,01823046
0,01276546
0,01102878
0,003923574
0,01416316
0,009254478
0,02872883
0,008778902
-0,02745389
-0,01064465
0,02680315
-0,02697646
0,0143811
-0,02257589
0,02081667
0,005728558
0,02814025
0,00573119
-0,023432
0,007812572
-0,02402359
-0,0003834439
0,009607924
0,01087866
0,006360377
0,008491172
0,00364053
-0,02906551
0,001571457
-0,01488686
-0,00709039
-0,02687796
0,0165042
0,01418465
-0,0180467
-0,02775412
0,007483457
0,02809518
-0,02293448
-0,02691544
-0,00591809
0,01231711
-0,000753198
0,01066637
-0,02526262
0,01971183
0,004864862
0,02670943
0,02927242
0,02769578
0,01444447
-0,01001638
-0,01178223
0,02208415
0,01997412
0,01365033
-0,0265597
-0,02972693
0,02875238
-0,02301046
-0,02377148
0,02817768
-0,02284282
0,019564
0,02983861
0,02661154
-0,01136282
0,03082457
0,0264542
0,01877272
0,02953689
-0,02934984
-8,157019E-05
-0,0270594
-0,01594829
-0,004494783
-0,02857143
0,03015892
0,005814369
0,01753365
-0,02661389
0,007319661
-0,02842295
0,004103655
5,412942E-05
-0,02804621
0,01534459
0,02483848
0,02492838
-0,001494349
0,02907417
0,006485343
0,02933894
0,02907193
0,02607027
-0,004345516
0,003925251
0,007506975
0,01029894
-0,02182638
5,191014E-05
0,004764572
-0,02949509
-0,01959676
0,02758264
0,01318455
0,02016437
-0,0162291
0,006789141
-0,007049321
0,01112554
-0,02600559
-0,004049231
-0,01737759
-0,02489349
0,000191087
0,0273584
0,004462664
-0,009872169
0,02748329
-0,01936424
-0,006228828
-0,02460979
-0,002541679
0,0204178
-0,006493875
-0,02782013
0,001455233
-0,02296438
0,01893067
0,02151188
-0,00696177
-0,01130772
-0,003367627
-0,0139075
-0,001433493
0,006629426
0,02107827
0,00580942
0,01598093
-0,01870368
0,000445474
-0,01280487
0,0003301025
0,01678117
0,02361497
-0,02037906
0,01653745
0,02342783
-0,00372297
-0,001712031
-0,0297481
-0,01189948
0,0136615
0,02733396
-0,02413778
-0,001840063
0,002151295
-0,009706256
0,004421248
0,01234781
-0,009749126
-0,02205575
0,01940522
0,003310508
-0,01042128
0,01675372
0,03041879
0,02666116
0,007164618
0,02423847
-0,02386063
0,02853191
0,005077731
0,01675028
0,01121201
-0,02312054
0,005483998
0,01156396
0,02726388
-0,01612846
-0,01368394
0,008308816
0,01139891
-0,00986715
0,02096938
-0,02567937
0,005090598
-0,001638386
-0,02131581
0,02951413
-0,02680044
8,93426E-05
-0,02943898
-0,02632459
0,02182672
-0,007564488
-0,002275837
0,0273461
-0,002739713
-0,02273216
-0,02036895
0,01981088
-0,01403929
0,001849713
-0,008683939
-0,02880373
0,01348255
0,0276011
-0,01298
-0,03009309
0,02463701
0,02246356
-0,005966122
-0,009067226
-0,004351919
0,01240841
-0,002639495
-0,0002893286
0,01342389
-0,01458862
-0,01820876
0,001842934
0,0181745
0,008381643
0,02104378
0,006836645
0,02795209
0,001165806
0,02549341
-0,01102037
0,009837943
0,008685294
-0,01547396
0,02011899
-0,02615028
-0,003474643
-0,008121034
-0,02111371
0,02852887
0,01842756
-0,009550211
0,007354689
-0,0188687
-0,02118302
-0,02519718
-0,01863724
-0,02418603
0,01003621
0,008617546
-0,02068111
0,02572842
0,02912224
-0,0155944
-0,01889449
0,02528705
0,007767246
-0,02778397
0,00860163
0,01181199
0,01578756
-0,02488278
-0,01662166
-0,02697326
0,02900701
-0,00919799
-0,01391265
0,008123171
0,00505216
-0,01242421
0,03000501
-0,009495893
-0,01153194
0,001861734
0,02543577
0,02542282
0,004871028
-0,009257129
0,00933879
0,003470084
0,009870173
0,001290575
-0,01180408
0,02364887
0,01631401
-0,005896763
0,01171689
-0,005405837
-0,02705693
0,02469228
-0,004223271
-0,005739863
0,01399008
-0,002543791
-0,01757273
0,01343847
-0,02253465
0,004546849
-0,01746314
0,01820306
0,01913703
0,003648537
0,0009189894
-0,007904906
0,00838134
0,01914098
0,006621784
-0,003147852
-0,01073861
-0,01328153
-0,009083188
-0,01208419
-0,006468421
-0,02495246
-0,02804795
-0,0153199
0,01745716
-0,009872237
-0,0128209
0,005062809
0,009877562
0,02214916
0,005180233
0,01088546
0,0223846
0,00584421
0,007151484
0,02159195
-0,01066194
-0,01817244
0,01798564
-0,02966976
-0,02173882
0,02171705
0,01473904
-0,02385523
-0,02988799
0,02658561
-0,01502691
0,02766954
0,01770915
-0,01524406
-0,02476253
0,01670535
0,003608852
-0,02221017
-0,02929182
0,008696705
-0,004695113
0,02821724
0,02659365
0,01788773
-0,01260242
0,007913873
-0,02185237
0,02768084
0,02909023
0,02085661
0,0003988979
-0,02725639
-0,01796157
0,01596399
-0,0224282
-0,0225022
-0,0007011187
-0,009300936
-0,02029419
0,002452694
-0,008907296
0,02661162
-0,01538234
0,02146789
-0,02490392
-0,009934676
0,01794003
-0,004869906
0,01690868
0,01893452
-0,02281496
0,01448856
0,005046871
0,02899599
-0,003743533
-0,008378288
-0,0142424
-0,02992227
0,01352092
0,0008043873
0,01336785
0,01751538
-0,02243182
-0,02015125
-0,003789807
-0,01780876
0,01555164
-0,02824656
-0,02280184
0,02822762
-0,0126311
-0,01706246
0,02887053
-0,0009646211
-0,01217996
-0,000637344
0,01369901
-0,02481599
0,01273575
0,02792376
0,02068641
0,01380762
-0,01912504
-0,0197743
0,01367635
0,01652706
-0,001660719
-0,01630044
-0,01027919
0,0165766
0,022379
-0,0007164115
0,007799635
0,009434552
0,01962695
0,004113412
0,01903255
-0,02522749
-0,004733217
0,02349553
0,005131894
0,01616499
-0,01211119
0,01924774
0,001496577
0,02481444
0,01624435
-0,02394358
0,01124623
0,02751528
0,008528462
-0,01945894
-0,0121264
0,01619654
0,01068195
0,0301363
0,00659687
0,0279111
-0,003245953
0,01023835
0,01443649
0,001853318
0,01264974
-0,008737572
-0,0241016
0,01876357
0,005764792
-0,01064149
0,00993013
0,01422807
0,01091063
0,008930449
0,01055399
0,01990793
-0,007202636
-0,02542546
-0,00403955
-0,007731094
0,009370694
0,01948978
-0,02970501
-0,007698787
0,003062391
-0,007194442
-0,02196503
0,01184752
-0,01858081
0,02222386
0,02936752
0,02011541
0,02812207
0,02172343
0,008620748
0,01561398
