0,0002597831
-0,02103292
0,02661629
-0,0238614
0,01900695
0,02890934
-0,02854974
0,01067416
0,02240149
-0,02532018
0,02215206
0,02404277
0,02799731
0,03024645
0,01220126
0,007146447
0,02818174
0,0228704
-0,006144208
0,02001603
-0,02718236
0,0294663
0,02203674
-0,002929369
-0,02475872
-0,001361526
0,01003662
0,01950337
-0,007919743
-0,006297681
-0,02594836
0,02387336
-0,004542988
-0,02698514
0,01600166
0,005542916
-0,009287328
-0,008106211
-0,002454941
0,01680271
-0,003739006
0,006096978
0,01093285
0,008206964
0,01220877
-0,0004294553
-0,02214972
-0,02606112
-0,004576464
-0,0225211
0,01651456
-0,009793248
0,003415563
-0,02181664
0,01390131
0,001379705
-0,01248857
-0,0004720956
-0,02917245
-0,009632776
-0,01110445
-0,01740784
-0,01141737
-0,0011908
-0,02928673
0,02890736
-0,00139984
0,02504056
-0,0157156
-0,02338166
-0,01359987
0,006261391
-0,004757381
0,007586367
-0,006250286
-0,00265383
-0,01145412
-0,01616919
0,01549169
0,006307778
-0,009140178
0,006190316
-0,005801579
-0,01541789
0,007678407
0,01443667
-0,009646082
-0,01272888
-0,01030083
-0,01546428
-0,0119393
0,02180598
-0,008898495
-0,02271302
-0,00194568
-0,0163346
-0,01252232
-0,01783184
0,007480445
0,01389195
-0,02902322
-0,01653723
0,0202401
-0,01113844
0,0216826
-0,0199011
0,02555677
0,02626679
0,01487575
-0,01349147
-0,0169746
-0,02633828
0,01459771
-0,004685557
0,03015226
0,0132842
0,01904023
-0,02598538
0,02170082
-0,01309343
0,008483765
-0,01876641
0,00515897
0,03033338
0,01922761
-0,004611239
-0,01480655
-0,01193565
-0,02047027
-0,0199997
-0,02010587
-0,02358871
0,006947551
-0,02877703
0,005071403
-0,02266964
0,01653477
-0,02470588
-0,006456669
-0,002420272
0,01956674
-0,005308899
0,003023376
-0,02672265
-0,02820882
-0,01558885
-0,02291495
0,02645436
-0,0222828
0,01535778
-0,004826496
-0,01656684
-0,00879871
-0,009232398
-0,02469701
0,02010588
0,00855152
0,02026674
-0,0002431989
-0,003860189
0,02558257
0,00749839
0,01662744
0,004857252
-0,02335861
-0,02366214
-0,002941079
0,01301756
0,02054709
0,02289287
0,02753345
0,01379349
0,01122888
-0,005777929
-0,001971715
-0,01623342
0,008952899
0,002137858
0,02838443
0,004558008
-0,01190303
-0,01114988
-0,02025809
-0,005858517
0,01505823
0,02691224
0,01596553
-0,01333388
0,0268516
0,01558507
-0,0007626828
0,02650724
0,005620628
0,02770496
0,002538058
-0,01798086
0,008458992
0,02866553
0,0271346
0,02584179
0,01762168
-0,005377416
-0,02390026
-0,01438705
0,01833818
0,01160063
0,00226042
0,0267813
0,02263153
0,02203371
-0,01895877
-0,02355361
0,02230357
0,0259292
-0,0219909
0,005844906
-0,002830743
-0,008203577
0,01978319
-0,01962203
-0,00847761
-0,01904629
0,01710881
-0,02511932
-0,006247447
-0,02911619
-0,02179963
0,01449404
0,02237661
-0,01368525
0,005744375
0,01043977
0,004993454
-0,0280941
0,0172486
0,02376457
-0,0165923
0,02539096
0,006908619
-0,02673467
-0,006066978
0,01874549
-0,006192424
-0,0254766
0,004237594
-0,007654464
-0,02625837
0,01015753
0,01947113
0,02682859
0,01537099
-0,01338125
-0,02086885
0,01681387
0,004407126
0,006037648
0,007767987
-0,02995225
0,02190662
0,01722076
0,003626946
0,01947987
-0,02500951
0,006565501
-0,01397273
0,0005989057
0,001623735
0,01997724
-0,02167373
-0,01523203
-0,007149975
0,002826132
0,01565883
0,01616989
0,01690855
0,003676882
0,01869847
0,01321785
0,001774378
-0,02766228
0,02817749
-0,001460092
0,0246539
0,02571775
0,001040278
-0,01060802
0,002336208
0,01932326
-0,0009064552
-0,01880581
-0,0142757
-0,01782796
-0,02727114
0,01984612
0,0002859499
0,005181365
0,01322056
0,01730271
0,01898713
-0,0268741
0,02094054
-0,01554938
0,001713291
0,004748817
0,003636659
-0,01725629
0,0005842828
-0,007943364
-0,03106267
-0,0300645
0,01863688
0,02581199
-0,0002925535
0,02087999
0,02042772
-0,02501488
0,02409961
-0,02044231
-0,0243031
0,02690897
0,02930659
0,01280574
-0,008851349
0,02861952
0,03052828
-0,01893922
0,0004021098
0,02716329
-0,01401185
-0,0174909
0,02135657
-0,02909358
0,02416519
-0,002157856
-0,01978831
0,01213804
0,02749244
-0,009137088
-0,00801254
-0,01139405
0,01810794
-0,02150142
0,01892569
-0,002781674
-0,007726884
-0,009928611
0,01256176
-0,01756064
0,03036219
-0,004771136
0,01091578
0,003020331
0,01134996
0,02203635
-0,02602264
-0,02328973
0,02256501
0,003754659
0,004177795
-0,008292511
0,0129459
0,005776319
-0,02247903
0,0188704
-0,01877793
0,01890581
-0,02779233
-0,02849024
0,009731804
-0,02396835
-0,02190519
0,004191242
0,01864795
0,01908895
-0,02097857
0,02065204
0,02535995
0,02537672
0,005855122
0,009211897
-0,00193333
-0,01272234
0,02659415
0,02210745
0,000894928
-0,01392753
-0,01134881
-0,02749584
-0,0055226
-0,02665702
0,02026909
-0,007951611
0,01473265
0,02899624
0,005105534
-0,01711024
-0,02765867
-0,02981891
-0,01396796
0,003746287
-0,01263615
0,01048352
0,002899255
0,0234506
-0,01319191
-0,02528757
0,01367292
0,02312938
0,0126941
-0,01601289
-0,0168923
0,02981683
0,03032689
0,02815409
0,0252676
-0,003875206
0,009002221
-0,01500593
-0,01358974
0,02323678
-0,001279546
-0,02956861
0,007549178
0,006578919
-0,01254176
0,0161979
0,02073457
0,01984842
-0,01601596
0,02643427
0,01748306
0,02381747
0,007732276
-0,02842886
-0,008828305
0,01819726
0,013884
-0,0266648
0,004048959
-0,00629298
0,002758911
-0,00438502
-0,01154207
-0,02021289
0,02077642
0,0210107
-0,00644301
0,01849575
-0,02643386
-0,02204883
0,003483465
0,01680336
0,01274729
-0,008295449
-0,02682038
-0,01491579
-0,02993972
0,02582238
0,006645089
0,0002968273
-0,01364538
0,02530209
0,01090339
0,01756432
-0,003517325
-0,01137748
-0,008803159
0,02661583
0,00354
-0,02516949
0,01120772
0,005124443
0,01009587
0,02294023
-0,007848373
-0,02491008
0,01270889
-0,00027049
0,0171815
-0,005046336
-0,008089542
-0,02870055
0,01508421
-0,02567128
-0,007546848
-0,02939511
-0,020313
-0,01514641
0,02739914
-0,02515811
0,01656964
0,01789644
-0,004032427
-0,02712522
-0,02179501
0,008203025
0,0160791
0,002162832
0,01308896
0,0006990578
-0,0003719981
-0,003740685
-0,01667507
0,02784394
-0,004918415
0,02677094
-0,02683404
0,01803815
-0,03007421
-0,02939635
0,003640423
0,002674756
-0,01915673
-0,01988498
-0,02335129
-0,01548501
-0,02162771
0,002277991
-0,008347978
-0,00733731
-0,02503196
-0,02581583
0,02843736
-0,001563195
-0,009487553
0,02620956
-0,02102095
0,006983011
0,01381862
0,01252254
-0,01324153
-0,020662
0,0149382
-0,0149947
0,02778954
0,02795237
0,0184509
0,01903068
0,008644247
-0,004490179
0,02612521
-0,0080798
-0,01407291
0,02647149
0,001347883
-0,0157929
0,008405728
-0,01340486
0,02560138
0,02289056
-0,001192684
-0,01956988
-0,02208901
-0,01265403
-0,007534821
-0,006334203
-0,004621594
0,01355291
0,007247935
0,000706153
0,01668013
-0,003831024
-0,02511953
-0,01358102
0,0116732
-0,007502862
0,01522907
0,02089771
-0,02035687
-0,02065987
-0,003847515
-0,01036484
0,02414072
0,02695551
-0,002350064
0,01462787
0,01723313
-0,02922052
0,02611723
-0,02636051
-0,01598803
0,02239965
0,01208321
0,02348435
-0,01309027
-0,02358978
-0,0289388
-0,002949847
0,02323512
0,001200368
-0,001528673
-0,0275954
-0,01896929
-0,02092879
0,01073564
0,0008864696
-0,01311702
0,02936928
-0,01619785
-0,02306763
-0,002234963
0,01414026
-0,02636292
0,01351724
-0,004639811
-0,02211612
-0,01630105
-0,02105641
0,01818628
0,004444007
0,004532325
-0,006736249
0,01595658
0,0004150045
-0,01676114
0,0228335
0,01354022
-0,0194836
-0,03164745
0,00354903
-0,01118904
-0,01450255
-0,03207975
0,008473307
0,01073557
-0,007140826
-0,02348162
0,01744649
-0,01336457
0,02782864
-0,002085858
0,01867421
0,01735377
0,02178123
0,01045665
0,004647636
0,01962996
0,02893228
-0,005372561
-0,02489277
0,02296143
0,02118467
0,01149168
-0,01120039
0,02904199
-0,02351275
-0,01292707
0,01091317
0,02483886
0,01673008
0,01692691
-0,02545499
0,02808771
0,008446517
0,01526495
-0,02148853
0,01265164
-0,007093992
-0,02933375
-0,02926868
0,0308212
-0,001883489
0,02202001
0,01939732
-0,02643364
0,01293016
0,003837657
0,02587505
0,02057008
0,007822969
-0,03033113
0,0115354
0,01311295
0,02389359
0,01184486
-0,000576014
0,007960927
0,009922847
0,01031523
0,003836821
-0,0224939
-0,002834621
0,02077511
0,0003482311
-0,01626583
-0,002986557
0,02193448
-0,02125045
-0,02529705
-0,002784386
0,01886366
-0,004240513
0,02867241
-0,003257263
-0,02276488
-0,004499165
0,02988579
0,02191157
-0,01672658
-0,01578666
0,001505985
-0,00905094
0,0180751
-0,01734025
0,01199891
-0,02855767
-0,01190396
-0,02794438
0,02504564
-0,01693477
0,001766049
-0,02915937
0,01141421
-0,005420616
0,02366049
0,0007932538
0,002882339
-0,01088009
0,00291366
0,008379458
0,01974649
-0,007054508
0,02005848
-0,005303848
0,02017419
0,006021751
0,01375342
-0,01699314
0,01249397
-0,01680301
0,0007228162
0,01461104
-0,002072863
-0,00303399
-0,02379832
0,01536644
0,008541625
0,00910855
0,01747239
-0,02246919
-0,02588394
0,02041965
-0,01563378
0,02139742
0,02737786
0,02013885
0,01696131
0,004804307
0,004347209
0,006130231
0,02162141
0,00819114
-0,01551345
0,003187032
-0,006900999
-0,02345454
0,0005753022
-0,007598613
-0,01074809
-0,02600467
-0,0158344
-0,02894632
-0,01520119
0,009528235
0,01243572
0,01514523
0,0003210556
-0,02050971
-0,01460374
-0,02554049
0,01991667
0,02351045
-0,0003951545
-0,006211615
0,000626881
0,02735749
-0,02414772
0,02585412
-0,005801205
-0,03085918
0,01970268
-0,01942639
0,01027435
-0,02155026
-0,00503527
0,0226553
-0,001507487
0,02505855
-0,02685356
0,02405335
-0,01410688
-0,01348611
-0,01182997
0,01278691
0,0224944
-0,02655068
0,006120695
0,007889525
-0,02114207
-0,01946999
-0,01122732
0,004035724
-0,01580517
-0,002096092
0,01453341
0,02778514
-0,02551099
0,01789893
0,02890452
-0,006724797
0,02802265
0,0004705874
0,02384193
-0,01056304
-0,01542505
-0,0239166
-0,01202896
-0,03001168
-0,02171128
0,01874157
-0,01653255
0,003291439
-0,02705706
-0,01406682
0,01833306
0,0002009305
0,002593002
0,01768142
0,0002486015
-0,00585035
-0,01075403
-0,00129919
0,01669618
-0,01418498
0,01220892
-0,01535269
0,02368894
-0,01707989
-0,00591311
-0,003258377
0,01770603
0,01366633
0,02752798
0,01228059
0,03084738
0,0146414
-0,007866731
0,03013752
-0,001183522
0,01730113
0,01487342
0,002114699
-0,005005961
-0,01051051
0,02641119
0,01333669
-0,004346058
0,02222642
0,007883389
-0,02000992
-0,009279717
-0,01472998
-0,01930949
-0,002936552
0,029455
-0,002072155
0,01251271
0,005733503
0,003712643
0,02595297
-0,0210064
-0,02976208
0,002644615
0,008402919
-0,03369696
-0,005316127
5,112244E-05
-0,008993918
-0,01099078
-0,0292882
-0,0222217
0,001449393
-0,01256637
0,01479831
0,01570856
0,02002707
-0,02506613
-3,856329E-05
-0,01006041
0,02965521
0,01992758
-0,02595001
0,008320987
-0,01270007
-0,0224363
0,004185298
0,002320547
-0,0006567223
0,01265521
0,003246633
-0,02798515
0,01466261
-0,006304271
0,0009842864
0,008424443
0,01203249
0,02575146
0,01110821
-0,01041231
-0,003970646
-0,02665394
0,0284889
-0,00147569
0,002329528
0,03015042
0,01717852
0,02599254
-0,007576326
0,009380328
-0,02428629
-0,009884552
-0,01955457
-0,01633985
0,002586698
-0,03049379
-0,03680179
-0,01571788
-0,01799019
0,001919863
-0,005192365
0,02504875
-0,02819959
0,01043216
0,01603891
-0,02920253
-0,005895808
-0,02094875
0,02024286
-0,02151253
-0,0275427
0,02702411
-0,006273251
-0,01835008
0,02648696
0,02336049
0,02272349
0,007084108
-0,02233508
-0,01191514
-0,009124396
0,00895304
-0,02311747
0,01817221
0,005463928
-0,01669562
0,02102515
-0,001581471
0,01746173
-0,005565901
0,005390115
-0,01296824
0,002913074
-0,02717646
0,0192888
-0,002240604
0,0302929
-0,01685689
0,007770684
-0,005148432
-0,001364959
0,004815791
-0,02775502
-0,01777805
0,00304454
-0,02898426
0,01622439
0,0207622
-0,01818494
0,009922291
-0,02131107
-0,00988154
-0,01874947
-0,03130474
-0,01984356
0,01393383
0,01969507
-0,01149843
-0,02286623
0,005833577
-0,01732105
0,02776593
-0,006251119
-0,003729616
0,006088874
0,01593389
-0,007504064
-0,009249412
-0,008639623
-0,00174982
0,02391545
0,006422657
0,02813114
0,01069612
0,01677761
0,01623278
0,005798295
0,0226671
-0,0183128
-0,003684082
-0,01388076
0,01886735
-0,02308899
-0,03126627
-0,02302353
-0,02436955
-0,02683271
-0,0002325047
0,01588972
-0,03250175
0,003530876
0,007337213
-0,03069501
-0,03625137
-0,02644546
-0,009843323
-0,02709202
-0,003335378
0,000286967
0,01313256
0,009017892
-0,003124057
0,004642226
0,02035187
0,01423354
0,002710562
-0,004079929
0,003938162
-0,01631702
-0,0001883285
-0,01571892
0,02760693
-0,02137414
0,01250163
-0,01070176
-0,008159826
0,02004635
-0,006281269
-0,0138511
-0,002771047
0,01421885
0,01980638
0,002116494
-0,009784716
0,02175934
-0,016011
0,0007008917
0,02648966
-0,003559656
-0,01574454
0,006530043
0,02668808
-0,01912324
-0,01168516
0,008428557
0,01384676
-0,01836744
-0,01697041
-0,02482053
-0,004605321
0,004087309
-0,006550839
-0,01953608
-0,01941554
0,006756118
-0,002393596
-0,007344777
-0,01587892
0,002878841
0,01201691
0,002479291
0,007265565
-0,0147901
-0,02336423
-0,03025308
0,02220454
-0,03228975
-0,01426218
-0,03152265
0,006223873
-0,02282618
0,00141629
-0,0218688
-0,02916591
0,02358947
-0,01411036
0,01649544
0,02046213
-0,02653735
0,0040083
-0,02081827
0,003823398
-0,01564844
0,01635887
0,01850852
-0,01316673
0,003447365
-0,0162446
0,001874842
-0,01692385
0,01472804
-0,02381245
-0,01603474
0,003325757
0,002692598
0,01887328
0,003818744
-0,03219232
-0,01982243
0,006627801
0,009431811
0,02191763
-0,01982017
-0,008383554
-0,01675948
-0,03208187
-0,01735448
-0,02196169
-0,01400589
-0,009865743
0,01275897
0,001293624
-0,01905534
-0,03174083
0,004248546
-0,02835215
-0,002889779
0,002021975
-0,009634132
0,02026347
-0,00474279
0,01710989
0,01442992
0,01771154
0,02271091
-0,02936982
-0,01127036
0,004599236
-0,001818154
-0,02674642
0,01112492
0,01631269
0,007692569
-0,007006351
0,02087152
-0,01601936
-0,01348161
0,01163954
-0,007010784
0,01021902
0,02894173
-0,01343857
0,01947409
-0,02863057
-0,009432575
-0,02771532
0,0164911
-0,02514201
0,02071363
-0,01073456
-0,01405796
-0,03455992
0,0005836977
-0,01473401
-0,02428124
0,0179712
-0,02716538
-0,01351964
-0,007601586
-0,02284633
0,007254336
0,006294705
0,00931693
-0,01950363
0,01357726
-0,02748991
-0,02890907
0,02329486
-0,01257841
0,0002971269
0,02072125
0,01729507
-0,02052228
0,01200101
0,02072638
-0,02326755
0,02801043
0,0121583
-0,004452556
0,01992889
-0,01492557
-0,01593865
0,01228509
-0,02634148
0,01459
0,009757473
-0,0220502
-0,01567666
-0,0244265
0,024497
-0,028395
0,0186186
-0,02509713
-0,02556584
0,02387426
-0,01497973
0,0008796964
0,0005514763
-0,01841889
-0,01973697
-0,0339113
0,01675397
0,01134189
-0,01134523
-0,002448519
-0,007984772
0,01215277
0,01290849
-0,01029326
-0,03468214
0,01879877
-0,007016032
-0,03599982
0,01199949
-0,03100671
0,0002583435
-0,0301515
0,01189897
0,003809042
-0,02103348
0,02557631
0,01575353
0,01849759
-0,007698781
-0,004118782
-0,03011573
0,01360394
-0,02433336
0,01757068
0,00717326
0,007791462
-0,002377594
-0,002012901
-0,02044019
0,01967515
-0,005813165
-0,003507497
-0,01299795
-0,001209582
-0,0182723
0,01739501
-0,01429636
0,01719124
0,02925476
0,02674939
0,00301833
0,01521788
-0,01815186
-0,0359671
-0,01592216
-0,02260593
0,01509436
0,01853408
-0,03359301
-0,01702397
-0,02380878
-0,03745389
-0,01646427
0,01628497
-0,009718115
0,008566977
0,007330996
-0,03282185
0,01840739
-0,001793288
-0,002223786
-0,0323467
0,01870107
0,02718314
0,009732868
-0,02630926
0,009564612
-0,01868995
-0,007375873
-0,009819717
0,009358045
-0,02997113
0,02040492
-0,004333444
0,02170691
-0,01625684
-0,003850485
-0,02419305
-0,003368607
-0,00472521
0,02115621
0,003217911
-0,008118633
0,01825826
0,002729707
-0,009418412
-0,0263388
-0,008869276
0,02608822
-0,005896585
-0,03029748
-0,02449425
0,02023838
-0,009260806
-0,008575003
-0,0006164342
0,02031439
-0,01743243
-0,01857564
-0,02548112
-0,008625102
-0,004068908
-0,00713076
0,001591096
-0,002340584
-0,02511015
-0,02672978
0,02159354
-0,02901342
-0,01220735
-0,009175607
0,005667265
0,00654198
-0,005422714
0,009255399
0,02560627
0,003605452
-0,02818819
-0,005736328
-0,01143499
-0,02728092
-0,00914038
-0,01206472
0,02875808
-0,01261417
0,001335248
-0,02394769
-0,007834941
0,02929999
-0,01187577
-0,01067041
-0,02370414
0,01589494
-0,01971776
0,02352624
-0,01631961
-0,02903116
0,01169008
-0,02329812
-0,01138106
-0,02316284
-0,02872021
-0,01906649
0,001676959
-0,03145935
-0,01043525
-0,005383168
-0,008373211
0,009782729
-0,01256785
0,01644957
0,01114945
0,0154794
-0,04121748
-0,02849792
-0,03382274
-0,02601972
-0,006115912
-0,009898796
-0,02564242
-0,02676441
0,01767684
0,02737388
0,01708149
-0,0300897
-0,01865813
0,01974758
-0,003607889
0,002023654
-0,006306306
0,02634789
0,02532458
0,02466284
-0,02606475
-0,02150383
0,02886997
-0,02431457
0,01265302
0,02568142
0,02248516
-0,02914798
0,008474154
0,003207753
-0,001877755
-0,01047082
-0,004195531
-0,018007
0,01354275
0,0265682
0,01190183
-0,03325989
-0,008396224
-0,01688744
-0,03538555
-0,02135263
-0,01420861
-0,02850265
-0,009555416
-0,006949711
0,008956935
-0,007221324
-0,04020255
0,0142667
-0,01800373
-0,006097559
-0,03768088
0,01944336
0,0136126
0,01988487
-0,02101256
-0,03207567
-0,0001730451
0,005977919
0,001454823
-0,02313279
-0,003501771
-0,01527521
-0,0009397201
-0,004531532
0,0004847515
-0,02851464
-0,02401653
-0,002331049
0,01664437
-0,006891087
-0,002116106
0,008916869
0,02438563
0,02185751
0,01860339
0,02274939
0,005985895
-0,02418687
-0,0246983
-0,01256822
0,02764467
0,01247672
-0,02311913
0,02299911
-0,01542515
-0,002261098
-0,01060428
0,02192057
0,01387941
0,01056617
-0,008758651
0,01648008
0,004083377
0,01138264
0,004555067
-0,03410963
-0,00377328
-0,04001987
-0,04100376
0,006247029
-0,01224245
-0,003744805
-0,02858079
-0,03291097
-0,0293693
-0,01345429
-0,03184519
0,02684207
-0,02785543
-0,009672526
-0,005514941
-0,002605016
-0,0002308598
-0,01708298
-0,0223932
0,0139585
-0,02461887
0,004059601
-0,02251534
-0,02865134
0,00911847
-0,01835388
0,01140803
-0,02708212
0,02622935
0,006943267
0,02240981
-0,02986189
-0,02487997
0,01130792
-0,01818024
0,003417454
-0,03058792
-0,01365615
0,0197166
-0,007512635
0,006087423
-0,0215411
0,02075433
0,02063409
-0,008224891
-0,01285023
0,01043174
-0,01564142
-0,02289242
-0,03804569
-0,01796032
-0,01097172
-0,0006963204
-0,04076244
-0,03915568
-0,03616183
0,01905991
-0,03332543
-0,02837318
-0,02026576
0,0192752
-0,02799059
-0,02495822
-0,002290631
-0,002035046
-0,02943398
0,0207388
-0,008925749
-0,02505558
0,01903174
-0,006970033
-0,01961053
-0,008686091
0,01476619
-0,02345971
0,02623855
0,01448632
-0,01799798
0,00285931
-0,01636377
-0,01093436
-0,01631737
0,01316538
0,02200118
-0,01642141
-0,008273442
-0,01510336
-0,02313268
0,01075658
-0,0183434
0,008901491
-0,03335327
-0,02085488
0,0006303005
-0,006506625
-0,006507168
-0,0370445
-0,0204629
-0,01144258
-0,012783
-0,007140431
-0,01444618
-0,02471509
-0,01027759
-0,0009540255
-0,02751992
-0,02709204
0,02521648
0,02011904
-0,02892642
-0,01516873
0,01255258
-0,000863632
0,02381145
0,02277877
0,003999236
-0,009502641
-0,01958278
-0,01782107
-0,02701108
0,01559765
0,01474423
0,01042136
0,02267147
-0,02351499
-0,008358832
0,02883525
0,01448807
-0,01906073
0,002989916
0,02096039
-0,007045267
0,01338865
-0,02389783
0,01046564
0,01962501
0,02274985
-0,01938031
-0,01830498
-0,03027655
-0,01876591
-0,01760211
-0,02111623
0,002550704
0,01835239
-0,03861185
-0,006320251
-0,02415636
0,00520921
0,0160693
-0,03142587
0,01065077
-0,03673412
-0,01690432
0,004884112
0,01161751
0,01418932
-0,005959519
-0,01171201
-0,0142136
-0,02050214
-0,005884654
0,01694308
-0,01138302
-0,0178506
0,0245552
0,02880292
-0,007870674
-0,01783018
-0,02869974
0,01170865
-0,02289203
0,02507441
-0,02226297
0,01853101
-0,002654051
0,000391313
-0,02803861
0,02558835
-0,0259651
0,01684499
0,006671503
-0,0325923
-0,01379593
-0,01213295
0,02712622
-0,0167128
-0,01274519
-0,006812509
0,02110803
-0,03113433
-0,009172821
0,01358685
-0,0375833
0,01770992
0,01261852
-0,01168125
0,01283672
-0,01694208
0,01950459
-0,04136559
-0,0326452
-0,03846085
0,0007094883
-0,0262563
-0,03262859
0,02094285
0,02441684
0,002480083
-0,01827049
-0,01606013
0,01595311
0,002158932
-0,01307395
-0,002713965
0,002778603
-0,005819905
-0,0003709008
0,02781121
-0,01584984
0,009597483
0,009219268
0,02809508
-0,009724301
0,02970394
-0,01708057
-0,01416399
0,02406151
-0,01692609
0,0267995
0,02654084
0,0044528
0,004341104
0,02392515
-0,027772
0,005196959
0,002102077
-0,01356334
-0,02955163
-0,01502951
0,02707448
-0,01880408
0,008208294
-0,02765338
-0,001293364
-0,02398833
0,01510031
-0,005689749
-0,008148588
-0,02002894
-0,01407719
-0,04157993
0,01514909
-0,029583
-0,01637399
-0,01376464
-0,02422056
0,01168
0,008723953
-0,03113126
0,01462316
-0,02884731
0,01523495
0,008900408
-0,01378664
0,01174854
-0,02212505
0,005049537
-0,01714266
0,02035115
0,02901436
-0,02504753
-0,00277422
0,0110984
-0,01495187
-0,008513439
0,02513682
0,01711565
0,01658907
0,01025779
-0,01586904
0,01140098
-0,01124384
0,01975486
-0,00170798
0,02384201
0,005951034
-0,008353059
0,0007272366
0,007189576
-0,009396613
0,0154502
0,004116274
-0,03768794
-0,008463881
0,02025918
-0,005097985
-0,03360846
0,0148376
0,01238176
-0,02834271
-0,02066508
-0,02142673
0,002478165
-0,01544133
-0,01657533
-0,005069965
-0,01824185
0,02212906
-0,03258381
-0,001788866
-0,005340945
0,02979662
0,02822237
0,01467783
-0,02549239
0,01299837
0,0237378
-0,02392491
-0,009306603
-0,0265506
0,01106572
0,02982228
0,002260555
-0,004586575
-0,0206142
-0,003467385
-0,005710538
-0,0183539
-0,009969832
0,02079234
0,0177756
0,02323075
0,02425572
0,0009620574
0,02005942
-0,01333878
0,004264565
-0,007037262
-0,02373056
-0,009519592
-0,01051117
-0,002916716
-0,002754772
-0,02384757
0,02455245
0,009957401
-0,002213614
-0,02422039
-0,017489
-0,02610205
-0,00310822
0,02004701
-0,005949338
0,01100469
-0,007817334
-0,01297888
0,01566616
-0,01603464
-0,01760141
0,02003317
-0,0237109
-0,02890072
0,003680052
-0,02153636
0,01059346
0,001649097
-0,0266653
-0,006892119
0,02134693
0,01522192
-0,02570451
-0,004620025
0,02612221
0,02716554
0,008893121
-0,02353312
-0,006163592
-0,01059793
-0,002793846
-0,008739528
0,01673049
-0,02278274
0,01999956
-0,0256402
-0,02191426
0,01579635
-0,01290517
-0,02673136
-0,02690325
-0,001834075
-0,001315988
-0,01386476
-0,02222074
-0,01985055
-0,02373826
-0,01894902
0,02149
-0,01311646
-0,007262014
-0,01531769
0,003123871
-0,02458639
-0,01116557
0,001507992
-0,02738374
-0,02131912
-0,03151189
0,001888967
-0,02335384
-0,0115506
0,02671638
-0,002585188
0,02050892
0,02288153
-0,02348264
0,02966964
-0,01874356
-0,003148843
0,02922021
0,02184779
-0,02109191
0,02666951
-0,01361435
-0,009919442
-0,01868274
0,01265465
-0,0186915
0,01017717
0,01103693
-0,01306444
-0,02393527
0,02795346
0,01579833
0,02639875
0,003445161
0,001047623
0,01092345
-0,01774514
0,02654998
0,02833988
0,01313972
0,01508143
0,02385123
0,0115994
-0,002256109
-0,03268669
-0,005230101
-0,02044472
-0,03506605
-0,02815038
-0,031733
-0,006230338
-0,01141779
0,003712318
-0,01753233
0,01277514
0,02477301
-0,02799977
-0,006274113
-0,006647387
-0,03243023
-0,007765767
0,02470364
0,02181088
-0,01695844
0,0292606
0,01063954
0,02190877
-0,01035626
0,007465408
-0,01275913
0,02812839
-0,002960598
0,02953026
-0,02407009
-0,008518661
0,02756503
-0,0003887053
0,01815694
-0,02488737
-0,01879713
0,02095815
-0,0003534782
-0,007986038
-0,02543254
0,001812215
-0,0005284417
-0,02836
0,005900099
0,01326285
-0,001292293
0,002599071
0,01425984
-0,001764013
0,02040645
-0,01829876
0,01054646
-0,03700614
-0,004952281
-0,005393292
-0,01431317
0,004195535
-0,03854774
-0,008200102
0,02100747
-0,0256113
-0,03142628
-0,006492797
0,001843501
0,02567762
0,01935775
-0,0004750511
-0,01111542
-0,01105062
-0,01653861
-0,0209486
0,02162915
-0,0001858354
0,01535474
0,007613076
-0,003932789
0,003108928
-0,02027597
0,003866775
-0,02430622
0,0101698
-0,02088522
0,02241682
-0,03069225
0,01365907
-0,001839649
0,02205952
0,023116
-0,01950859
0,008377193
-0,0007047942
0,01749641
-0,03344148
-0,007817482
0,02244939
-0,00203801
-0,02863558
0,000490674
0,01117068
0,01695909
-0,03740955
-0,02128974
-0,01275887
-0,02067479
0,007960265
-0,00906499
-0,0142499
-0,01807267
0,02039655
-0,02868889
0,01452047
-0,003399462
-0,007732859
-0,006356023
-0,0127876
-0,02916672
-0,02072374
-0,004876663
0,01935338
-0,003073805
0,02958969
0,00422196
-0,02587669
0,009086008
0,01535477
-0,01197682
0,01954236
-0,02689126
0,01985121
-0,02363463
-0,01105151
-0,02950581
-0,003421754
0,009688254
-0,02641111
-0,008138298
0,01080315
0,002603491
-0,01962522
-0,01712028
-0,02617585
-0,001265752
0,02429268
-0,02786916
0,01841021
-0,03317359
-0,008905926
0,003158209
-0,02721893
0,01826703
-0,01887335
0,0009937097
0,002969375
-0,02396598
0,0138127
-0,01313602
-0,02538143
0,01412726
-0,001584117
-0,001878848
0,004312489
-0,01368032
-0,000789139
0,01948825
0,01779039
0,01960358
-0,02626583
0,01539684
-0,01178096
0,02517346
-0,008185311
0,007598327
-0,01549488
0,00583323
-0,00640312
-0,0001427274
0,006001024
0,0290957
0,01917418
0,01476219
0,02284599
-0,01973728
0,0256818
0,02654543
0,01823058
0,01002808
-0,01236279
-0,02096389
0,01453855
0,006916662
-0,02317178
0,01794262
0,02588963
0,007284382
0,001056284
0,01040264
0,02568317
-0,02812419
-0,01788773
0,02260052
0,01760572
0,0001379257
-0,02013615
-0,02921583
-0,01143171
-0,002347432
-0,01675338
-0,03152623
0,0134817
-0,009114295
0,01523303
-0,0170936
-0,03068693
0,01835998
0,008031311
-0,002324972
-0,005912453
0,004173861
-0,02956377
-0,02236956
0,001818304
0,02393176
-0,0286016
0,01285389
0,02046057
0,00344137
0,009343905
0,004215044
-0,02853491
0,008247342
0,0012251
-0,002999526
0,01228072
0,02059842
0,01946166
-0,01581948
0,02383659
0,01656848
-0,003715144
-0,02361485
-0,01733456
-0,02058381
-0,01579194
-0,01451324
0,01120353
0,01618809
0,01410909
-0,02604115
-0,03506469
-0,03390362
-0,01638135
-0,01697863
-0,0353786
-0,03570988
-0,0163727
-0,04188441
-0,009074376
-0,005606731
-0,01944475
0,02296397
-0,03422625
0,01885603
-0,0290974
-0,0188079
0,02080252
-0,007773124
0,003098897
-0,01786223
-0,02746276
-0,005856407
0,004557568
0,007579265
-0,022353
0,02582374
0,0255633
-0,008810446
0,006011049
0,01209127
0,02750023
0,02883109
0,01617429
0,0001813999
0,002815755
0,02761932
-0,01375671
-0,02393865
-0,009526246
0,002793171
-0,004536531
0,01645667
0,005060278
-0,01240323
-0,007003236
-0,003509152
-0,0284114
-0,01243303
-0,03028001
-0,03411601
-0,0136752
-0,0145612
-0,02135171
-0,00457091
-0,03379266
-0,006465235
-0,01440363
-0,001352398
-0,02850152
-0,03180276
-0,02909061
-0,03242378
-0,009851179
0,02211177
0,002967693
-0,01199155
-0,02158186
0,0003496772
-0,01146421
-0,02111977
0,02868186
0,01607594
-0,0282377
0,02913842
0,0157233
-0,01613075
0,01714472
-0,01411736
-0,01730654
0,009378534
0,0201292
0,002668286
-0,01579367
0,002282043
-0,01591227
0,004112863
0,01069259
-0,02100394
-0,009688501
0,02486744
-0,00440244
0,003059281
0,02144541
-0,02021022
-0,01149253
-0,01316588
-0,01067626
0,009254172
0,006341482
-0,03468519
-0,02300241
-0,002808403
-0,03461057
0,01949291
-0,03545509
-0,000586676
-0,02538384
-0,02638515
0,007685007
0,01305779
0,01136882
-0,02191986
-0,003499122
0,005232611
-0,0134669
0,006208832
0,01795985
0,02095859
0,009519803
-0,02701361
0,0124121
-0,02901414
-0,02299284
-0,009187371
0,01013788
-0,006408317
0,02408837
0,0214957
0,008135988
-0,004767298
0,02393197
-0,02667728
0,004184503
-0,02152349
-0,00930556
-0,01603319
-0,00328276
-0,01633475
-0,004303901
0,003417991
-0,0153815
-0,00761055
-0,01124203
0,0001908094
-0,02717852
-0,02208121
-0,03228139
-0,01873494
0,01339775
0,005449806
-0,007669044
-0,007471784
-0,03102621
0,00296495
-0,02026267
-0,02735915
-0,01437829
-0,002424961
-0,02568786
-8,93968E-05
0,007794656
-0,006579392
0,006399718
-0,008217296
0,02512147
0,01388087
0,009068664
-0,01073495
-0,01706987
-0,02305305
-0,01835034
0,00450297
-0,004805915
-0,02769251
0,01629113
-0,01098432
0,01121483
0,006589409
-0,01437547
-0,003018531
-0,008482629
0,007587265
-0,02991238
0,02592251
0,02395843
-0,006073346
0,02782308
0,0220704
0,01704455
-0,02680922
0,01643059
0,01641505
0,02651985
0,0170692
0,01781196
0,0150094
0,007122947
0,02054629
-0,005056572
-0,01554521
-0,003896192
0,006797195
-0,03261054
0,007737618
-0,01122497
0,01525926
-0,03941799
-0,04077195
0,0123868
-0,03724123
-0,001969318
0,01266118
-0,008714855
0,01688516
-0,01498081
-0,02215822
-0,002112685
0,01348479
-0,001753124
0,002556485
0,01581278
0,01490522
0,001511278
-0,02240987
-0,01213998
-0,004914911
0,006673027
0,009404683
-0,01544986
0,02946357
0,008937048
0,01739734
-0,02575484
0,02517422
0,0228859
0,008578024
0,004157714
-0,01823657
-0,0051967
0,02919164
-0,008469367
0,02534882
-0,03276951
0,01307464
-0,0002409756
0,02476075
-0,01347566
-0,02654425
-0,007133868
0,003684016
-0,01956037
0,0171287
-0,01305092
0,01801586
-0,006719339
0,008987453
-0,03553021
0,01298298
-0,01267559
-0,03670852
-0,01839825
-0,01432477
0,009382159
0,01881686
-0,00814441
0,01634677
0,01557306
-0,0005648233
0,0269529
0,007431891
0,002297339
-0,01876101
-0,01236427
0,0009741606
-0,01995961
0,02148543
0,01557046
0,01888083
0,008814772
-0,006978628
-0,02366383
0,002240497
-0,01668789
0,004659824
0,009146228
0,01115148
-0,007980396
-0,02760527
-0,0112965
-0,02738029
-0,0007152305
0,009862188
0,01772418
-0,01152815
0,009362104
0,02736394
-0,02249207
-0,02529913
-0,0105962
0,009426242
-0,02757596
0,007857013
-0,03308974
0,008172117
-0,03660102
-0,03362362
-0,001796438
0,01495148
0,007163839
0,00162129
-0,0367415
-0,01941367
-0,02418778
-0,03179851
0,0262362
0,01106653
-0,02294032
-0,01996813
-0,01709325
0,009560457
-0,006805575
0,009537535
-0,02043873
0,02249794
-0,02146585
0,02215812
-0,004740814
0,02777392
0,02001526
-0,01853358
0,01208067
0,0102861
-0,00228055
0,02588352
-0,0177133
-0,01277354
-0,005534051
-0,005696072
-0,00303948
0,001091875
-0,02751022
-0,004710733
-0,013224
0,008780593
-0,02934999
-0,01979513
-0,003299593
0,01118464
-0,007023809
0,02520802
0,01722748
0,02218671
0,01328461
0,002135457
-0,01657636
-0,008279847
-0,001271548
-0,02703028
-0,001566597
-0,02579975
0,00375885
0,001019983
-0,03435779
0,001275602
-0,03595705
-0,01245231
0,01959118
-0,01469944
0,01927609
0,007275608
-0,01055462
0,009922102
0,01099096
0,01161722
0,007359829
0,02633909
-0,008351083
0,00169664
0,01966718
0,02730903
-0,005571599
0,0115418
0,003612869
0,0242653
-0,009587315
0,01376605
0,0184796
0,0162167
0,006360868
0,01391175
0,01050137
-0,02176257
0,01681079
-0,01798614
0,01804947
-0,008701468
-0,009702284
0,01038831
0,006919535
0,008056321
-0,01479976
-0,0249578
0,0161971
0,008865075
-0,0007266576
-0,02840175
-0,0236947
-0,0337612
-0,04071074
-0,01847976
-0,03364305
-0,03123925
-0,01036729
0,005980534
0,01664049
-0,03336189
-0,02581453
-0,02059282
-0,01722786
-0,01639101
-0,0005006469
-0,02723955
0,009331382
-0,02424425
0,02817741
-0,01914807
0,02234247
-0,002178432
0,02167946
-0,01643381
0,001779935
0,009896751
0,02320134
-0,02227896
0,006216264
-0,01608013
0,01888118
0,01937273
-0,01192645
-0,01904014
-0,001019801
0,007745952
0,0109636
-0,01843905
0,004999264
0,003847714
0,01088722
-0,0236338
-0,008164356
0,01685364
-0,01971673
-0,02009643
-0,01024258
-0,01374444
-0,02750769
-0,02184993
-0,009351375
0,00618053
0,005245146
-0,01683042
-0,02310041
0,01101198
-0,01978613
0,01443046
0,01570387
-0,006591134
-0,01943293
-0,01496508
-0,02831896
0,004014523
-0,01933525
-0,0133887
0,02050499
-0,02791589
0,0174946
0,02055847
-0,01046605
-0,005105969
-0,000864666
-0,007878301
-0,003413246
0,01345058
-0,02761104
-0,02920848
0,02780567
-0,01368671
-0,0189463
-0,0002259838
0,02779846
-0,01071744
0,01440631
-0,03223161
-0,03065734
0,02388894
0,02604195
0,01268818
-0,006548148
0,02449076
-0,008422761
-0,026354
-0,0139394
-0,009804612
-0,03168525
0,01543717
0,002772002
0,01960477
-0,01360563
-0,01612104
-0,003378843
-0,02082612
0,01791271
-0,03329673
-0,01901028
-0,01154546
0,0236047
-0,00158934
0,01064553
-0,01563338
0,02059959
0,0009535771
-0,01664244
0,01269237
-0,01195511
0,01040565
0,0189197
-0,01989114
-0,01480535
0,02451958
-0,02458417
-0,02674693
-0,003900006
-0,005866901
0,02957516
-0,01030013
0,03000223
0,02955725
0,006980574
-0,02016057
-0,009185151
0,02608281
0,0208104
0,01599159
0,02182516
0,006920934
-0,005183359
0,01112778
0,01129302
0,007132712
0,02602661
-0,01232248
0,02299471
-0,02983542
-0,03448708
0,01554047
0,01797011
0,003103977
-0,03204738
-0,01596996
-0,03919154
-0,01159484
0,005009874
-0,006150925
-0,0161306
-0,004359084
0,01840387
-0,003966488
-0,02788952
0,02538305
-0,005487223
0,02713434
0,02507995
0,002812417
0,02444001
0,02297864
0,01055699
-0,004432017
0,01698265
0,00803512
-0,01583949
-0,02386698
-0,003842798
0,00669672
0,0260837
0,0123083
-0,02480933
-0,01201684
-0,009530983
-0,02459367
-0,00850716
-0,01268314
0,01692106
-0,02032838
-0,02339672
0,02022873
-0,01869675
-0,0100371
-0,004256871
-0,01105132
0,01205975
0,01904004
0,002805121
0,01029202
-0,02143457
-0,03777745
-0,01078751
-0,01541964
-0,02805392
-0,03224554
-0,02975956
-0,01004839
0,01723558
-0,008920172
-0,02864578
0,02076326
-0,03339792
-0,02844447
0,0001498303
0,003197838
-0,002661191
0,003720604
-0,0205105
0,02807157
0,004302456
-0,02399297
-0,02389327
0,01289951
-0,008698156
-0,02967348
0,009931297
-0,0115082
0,02687645
-0,00537365
0,02120401
-0,01061438
-0,001904391
0,009568016
-0,008321943
0,02233732
-0,01821636
0,004101333
-0,03165709
-0,02264066
0,02337268
0,023579
-0,007618556
-0,01234701
-0,03360885
-0,01811263
0,01939653
-0,02777738
0,01548468
0,0185218
0,01717444
-0,02589116
0,003913646
-0,002524538
-0,03011118
-0,03786795
0,01285165
0,007100666
-0,03106607
-0,02536789
-0,008534454
0,0153291
-0,004873755
-0,005935998
0,006872647
0,02105214
-0,002099163
-0,007203285
0,01364159
0,01031162
-0,006627006
0,02000481
0,003040151
-0,0294028
-0,02845333
0,008258348
0,01222408
0,01815096
0,01090874
-0,02163578
-0,01912438
0,003581823
-0,0001049588
-0,02691033
0,0004678763
0,007099931
0,002613583
0,01666935
-0,004848851
-0,01573369
0,02943547
-0,005157255
-0,0001862632
0,01585135
0,00661652
-0,02869186
-0,007421963
0,02332447
0,006874676
-0,0278025
0,009244801
-0,008640035
-0,01782409
-0,03066564
-0,009497466
-0,03728346
-0,00328391
0,005638335
-0,001994531
-0,005301396
-0,01327271
-0,03013734
-0,03176058
0,02111806
-0,02859199
0,02740095
-0,006540751
-0,00103604
0,02970802
-0,02980438
-0,01469067
0,00987203
0,0249078
-0,002482824
0,009536723
0,02563989
-0,0111291
0,015978
-0,008054245
-0,02943813
-0,01447736
0,01621742
-0,02336868
-0,001014322
-0,009003928
0,01106682
-0,02237512
-0,01014868
0,0006058584
-0,009102496
0,02757975
0,01961545
-0,02316981
0,01958298
0,01848331
0,02192094
-0,009753197
0,004499158
0,008840119
0,00350594
0,0021014
0,02000972
0,01877459
0,0004788703
0,01677087
-0,03796836
-0,008563817
0,01345994
-0,01421496
-0,003492684
0,01091779
0,01844952
-0,01299395
0,006945199
-0,01360733
0,006666845
0,02873276
0,003940972
0,003417408
-0,01056399
0,01678457
-0,02782832
0,02688915
0,003549395
-0,02879472
-0,004792503
0,001902551
-0,02797179
0,008189112
0,0173076
0,003271749
0,01210139
0,02973245
0,008114301
-0,009259256
-0,0108833
0,01837002
-0,003668129
0,002203653
-0,01589234
-0,02289005
-0,0149976
0,01860303
0,02391348
0,003717712
-0,02859819
-0,004427228
-0,003020735
-0,0004013486
-0,02825985
0,01540723
0,007572865
-0,03893903
-0,01701575
0,01619901
-0,001971632
0,01865983
-0,01634765
0,0007540971
-0,006236324
0,001478955
-0,002180051
-0,01677474
0,009662062
-0,03235805
-0,02765423
0,02369595
0,01329648
-0,01409053
0,02622467
0,01961374
0,002405278
-0,03049913
-0,01350567
-0,01993578
-0,001580721
-0,02159461
0,02884973
0,02488662
0,02730567
0,02678613
0,03041696
-0,003735824
-0,005024826
0,02202523
0,01306675
0,007417137
0,002090133
0,01075252
0,01371007
-0,01090913
-0,008085379
0,01328743
-0,03131981
0,008654443
0,006507317
-0,03115946
-0,02373577
0,02205074
-0,001103491
-0,02706764
0,008404703
-0,02191788
-0,0002856409
-0,01850122
-0,01814537
0,01056426
0,009307407
-0,02480082
-0,007270725
-0,005013495
0,02799049
-0,005213383
0,008380585
-0,0002004155
0,00245802
-0,02529416
0,02068229
0,01831838
-0,01392278
-0,006194499
-0,01004182
0,02975436
-4,207927E-05
0,002822165
-0,007898306
0,01310884
0,02418595
0,004564001
0,001717151
-0,002913151
0,02604295
-0,02882872
-0,0124002
0,01385725
-0,02435455
0,01292507
0,01665612
-0,03031504
-0,003814446
0,02439801
0,01991546
-0,01676352
-0,02294382
-0,01796622
-0,00914297
0,02340266
-0,02556646
-0,002545458
-0,02960986
-0,004343937
-0,02912609
-0,01868635
0,0002965065
-0,02863652
0,01221213
0,01020517
0,007425223
-0,03379532
-0,03597149
0,004234459
0,02157009
-0,01973789
0,01119355
-0,031926
0,0004790091
0,02781119
-0,02081739
0,02489092
-0,007511129
0,02126931
-0,01370709
0,01745312
-0,01398958
-0,01366246
-0,00198633
0,02978051
0,01494983
-0,01541157
-0,02109527
-0,00649058
0,004380736
-0,01085543
-0,005298036
0,0250107
-0,01713863
0,0005252295
-0,01166211
-0,02863944
0,021234
-0,01307859
0,02410205
0,009006822
-0,03251735
0,01831869
-0,02740191
0,01165399
0,003559799
-0,02156177
0,007347398
-0,01257786
0,009457915
-0,02824697
-0,03043693
-0,01977674
-0,02023036
-0,01494019
-0,02999046
-0,01194123
0,01303099
0,01976087
-0,02933239
-0,0002980497
0,02372219
0,003962829
-0,02884557
0,002074835
0,01472587
0,01567048
0,01513111
-0,0291503
0,008166868
-0,02499927
-0,02820721
-0,02758113
0,02403158
0,003966583
0,01512261
-0,004877627
-0,01812853
0,01410685
-0,007002083
-0,00060728
0,001182798
0,01238588
0,001866314
-0,01101649
-0,02371205
-0,02637054
0,00586144
0,01653132
-0,009202423
0,02254376
-0,01425681
-0,03378507
-0,01737945
-0,008786397
0,01058084
-0,01114794
0,01093354
-0,005160989
0,02283396
0,01212682
-0,01066534
0,004541914
0,006663236
0,001457406
-0,02869515
-0,02900338
-0,01107021
0,01133523
0,005277311
0,009162562
-0,02225569
-0,03260385
-0,004308576
-0,0002149666
-0,03278477
-0,01718957
-0,02759137
0,01347695
-0,006976434
0,007947087
-0,0219471
0,02536999
0,00735412
0,01177172
0,0163589
-0,02904358
0,0162719
-0,001934485
0,01815468
-0,0104041
0,007607343
0,009574241
0,01391043
0,001348947
-0,02989605
0,01620822
0,02178566
0,01872951
-0,02439769
-0,03209017
0,0100972
0,01979811
-0,02443214
0,007904903
0,009357455
-0,01908119
-0,003432565
0,007884169
-0,01228264
-0,008647431
-0,02007461
-0,03911788
-0,03444053
-0,02241255
0,001152645
-0,007000524
-0,03278668
-0,02985322
0,02095299
-0,02509229
-0,01239201
0,02465398
0,02538777
-0,01247956
-0,02920591
0,0009906985
-0,01424171
0,02582178
-0,001187134
-0,01990003
-0,01130052
-0,0191741
0,005028718
-0,007785066
0,02540583
-0,0150216
0,01599676
0,02612112
0,028317
-0,001742099
0,0002467996
-0,03051407
-0,03074697
-0,01683208
0,02506763
0,002508297
0,001136363
-0,008447629
0,02161147
0,0002171235
0,0135795
0,01756528
0,02314508
0,0271503
0,006989075
0,01223785
0,02001027
0,01186975
0,001209728
-0,02816495
-0,03678408
-0,006045692
-0,02803987
-0,02869127
-0,0282921
-0,03112441
-0,01065567
0,006463285
-0,01183673
-0,007724158
0,01423904
-0,02488518
-0,02204415
-0,003508126
0,007323106
-0,01096427
0,02469707
0,01105682
-0,009404503
-0,003072073
0,02889358
0,02280347
-0,02523514
0,02818612
-0,004206165
0,001460986
-0,01254563
0,006678212
0,01268901
-0,02121925
-0,01157903
0,02406126
-0,01550096
0,01344039
-0,005629281
0,02124328
0,01285145
0,01294368
-0,03122448
0,01431235
-0,02474285
0,01661264
0,02522041
-0,008596088
0,01104577
0,0003112475
0,001181043
-0,0113145
-0,01864094
-0,01690615
0,01487536
-0,0254679
-0,01450322
-0,03332858
-0,02873274
-0,0325227
-0,007332056
-0,01734768
0,01414576
0,009078977
0,01983526
0,01834535
-0,02954358
-0,016086
-0,02403395
0,01960478
0,02097819
-0,006975132
-0,02908989
0,01488394
0,005018813
-0,02178252
0,007988567
0,003009082
-0,009141617
-0,01957022
0,02522057
0,00986606
-0,01673388
0,02081961
0,0229086
0,01948302
-0,0156045
-0,01058442
-0,01530716
-0,02994005
-0,003726495
-0,02290481
-0,0008190774
-0,01556957
-0,008531524
-0,004857001
0,02297714
-0,01395627
0,02179174
-0,01906544
0,01255868
0,005486523
-0,01856349
0,01783745
0,005728544
-0,02350167
-0,01398749
-0,007147614
0,0004648042
-0,000723415
-0,004638061
0,02102162
0,01449539
-0,03242849
-0,0195261
0,01742985
-0,03087511
-0,03377072
0,01691553
-0,03116141
0,004064436
0,009938866
0,02838027
-0,02619934
-0,005146555
0,01279041
0,01871125
0,01162585
-0,0106194
-0,02368197
-0,01782203
-0,0137583
0,007893228
-0,02610304
-0,006910742
-0,01833556
-0,01100898
-0,01347745
-0,02767569
0,003212356
-0,007031646
0,01143543
0,002904649
0,001068084
-0,009073195
-0,005631996
-0,01539622
-0,005322991
-0,02769903
0,0004096143
-0,01099678
0,02087821
-0,002562988
0,01634402
-6,088067E-05
-0,03821098
0,0001900766
-0,02834955
-0,01408177
-0,03600427
-0,006531257
0,01000673
-0,02086069
0,002899041
-0,00396703
-0,01548237
-0,01394766
0,01343508
0,005605456
-0,03192324
-0,00207985
0,01370833
0,0254227
-0,01609359
0,007547206
0,0213771
-0,0272161
-0,005869473
0,008008079
0,02540521
-0,007579366
-0,01231015
0,00650884
0,0146594
0,0106148
-0,01466401
0,01302946
0,01071402
-0,01125706
-0,01477398
-0,003161076
-0,0256899
0,01888716
-0,03265062
-0,02764989
0,00752336
-0,006353519
0,02376188
-0,03068946
-0,03045662
-0,027436
-0,00360394
0,01351574
-0,03621351
-0,03657864
0,0008044287
-0,03885256
-0,02443838
-0,0225852
0,01477054
-0,03369794
-0,01418304
0,0003669948
-0,003264218
0,004928489
-0,02431698
-0,02390398
-0,0004241349
0,02742391
-0,01635983
0,005806382
0,004370111
-0,008454503
-0,009043962
0,001356376
-0,009602527
0,02265643
0,02304658
-0,02121309
0,02616045
-0,007785903
-0,02542703
-0,01008262
0,001482152
0,01149392
0,01371279
-0,005969849
0,001264715
0,007789904
-0,03091714
-0,0200915
-0,008357964
-0,007711843
-0,003737313
-0,01963083
-0,02344856
-0,000596726
-0,01716848
-0,01465888
0,0163656
-0,006314485
0,01890676
-0,0398
0,01013103
-0,009936225
-0,003177293
-0,0308957
-0,01110833
-0,001020123
0,01187336
0,01223744
-0,02650351
-0,02734787
-0,01539459
-0,002560153
0,02767033
0,02794058
-0,02573131
0,02072974
0,02307916
0,01468229
0,004537196
0,01972432
0,02688197
-0,03023021
-0,02067525
-0,02209634
0,0240671
-0,02262415
-0,008977436
0,01856454
0,004762681
0,0003044913
-0,01760414
-0,009873534
-0,007869223
-0,02801567
-3,775457E-05
-0,03032134
-0,02788313
-0,0002387695
0,02095814
0,02634849
0,02037422
-0,02114853
-0,0258901
-0,01623173
-0,03182124
0,02139041
-0,02492389
-0,02702438
-0,009785664
-0,0112122
-0,007995548
-0,03007754
0,01730963
-0,03767889
-0,03755685
0,01147416
-0,01835918
-0,008954193
-0,01575761
-0,01216139
-0,0229949
0,02447524
-0,01912094
0,006974027
0,02510021
0,02815156
-0,02540556
0,02443055
-0,002868619
-0,029916
0,01505245
-0,007505872
0,02267982
0,006320532
0,02789387
0,0140621
0,02378566
0,02245467
-0,02592683
0,02595054
0,02262483
-0,02163919
-0,01007061
-0,02492005
-0,03100194
-0,03037151
-0,007431534
-0,0188606
0,02364845
0,01089116
0,01069808
0,003360025
-0,02216199
-0,005497788
0,01195608
0,01844461
0,02037239
-0,00725205
-0,01639415
-0,0337562
0,01246257
-0,02089407
0,002296578
-0,01661006
0,002008992
-0,03132345
-0,02184145
-0,01562412
-0,02614308
-0,01741309
0,022049
-0,006548906
-0,00891172
-0,007992016
-0,001059703
-0,02912492
0,00618691
-0,02434052
0,005277633
0,02343329
0,005172553
0,0223591
0,02846902
0,01564523
-0,01074283
-0,02126402
-0,02003136
-0,004377842
0,02163817
-0,02800744
0,01570952
-0,006102866
0,0008068715
0,02958356
-0,02738806
0,002346823
-0,004664754
0,02249966
-0,01012605
0,01981209
0,01177707
-0,03097729
-0,02839444
0,00122296
0,01115566
-0,02034265
-0,0233504
0,01205011
0,01703079
0,00709825
-0,02138432
0,01233605
0,01292131
-0,01302428
-0,008450408
0,02234874
-0,01926911
0,01924499
-0,03115497
-0,003806212
0,02095108
0,01869861
-0,002422586
-0,02328587
0,00184607
-0,0005020765
0,02567624
-0,006306275
-0,01065907
0,02609546
0,005696049
0,01311393
0,01213232
0,01044228
-0,02138435
0,002540425
0,01764164
-0,008092025
0,02967167
-0,02641409
0,0269809
-0,008754859
-0,0009665407
-0,02427007
0,01288171
0,02342469
-0,0002412848
-0,03184863
-0,004062672
-0,02963039
-0,01854512
-0,00356128
0,01329012
0,01654027
0,02521767
0,01939444
-0,00166971
0,0210322
-0,035841
-0,02274137
-0,02285927
0,006112997
-0,012532
-0,03866861
-0,03030686
-0,001586562
-0,02989103
-0,02481584
-0,01673738
0,02154924
-0,02198126
0,02425097
0,02673805
-0,0294109
0,004342802
0,004742234
-0,009426159
-0,009621639
-0,006943041
0,009852939
-0,03070226
0,02458646
0,02466389
-0,01560776
0,01179835
-0,02371321
0,02652722
0,02049579
0,01202736
-0,01420991
0,02890059
0,02119318
-0,01082729
0,01267676
0,01390017
-0,02399559
0,02263029
-0,004707901
-0,03448555
-0,02587388
0,01158161
-0,01443204
0,009121875
-0,003626098
0,01729107
-0,02159009
-0,004789975
0,008739478
-0,02032421
-0,01148373
-0,007468903
-0,02677515
-0,006849471
-0,0220153
-0,02528366
-0,0144706
0,01385239
-0,02397382
-0,01445062
-0,03204095
0,007730248
-0,01361797
-0,001125041
-0,02770546
0,02736578
-0,01013201
0,006423229
-0,0149012
-0,01429042
-0,00257996
0,01073098
0,02370702
-0,009443382
-0,01623918
0,02319508
0,01147552
-0,01848491
-0,008597994
-0,009076785
-0,004608318
0,00518662
-0,01793092
0,003595873
-0,01454803
0,01305069
0,0149215
-0,01521722
0,02644857
-0,00497794
-0,01102976
-0,01696048
0,004285487
-0,02473283
0,02394171
-0,005528886
-0,007816308
0,01216851
0,004233186
-0,002581399
-0,007684822
-0,0002245732
-0,02386007
-0,01292378
0,009171117
0,009036369
-0,001516329
0,0126434
-0,01636991
-0,003550736
0,005226539
-0,02229954
-0,0001304948
0,02240824
0,02274584
-0,005277021
-0,004466626
0,01293014
-0,01745537
-0,0111962
-0,01860019
-0,0277666
0,009139204
0,01789583
0,02381854
-0,0195727
0,03033138
0,01423628
-0,007202141
0,01343875
-0,006096206
0,02325764
0,001994426
0,01435293
0,01668166
0,01527547
-0,01420938
0,0117685
0,01239409
-0,0006918156
-0,02407461
0,02315288
0,02374543
-0,003582515
0,02094655
-0,02430448
0,008646799
0,01049578
-0,02396724
-0,007863324
-0,03705003
0,004240912
-0,007029824
-0,01882775
-0,01609154
-0,009309456
0,01961262
-0,009153898
0,0007168558
0,005239688
0,01372805
0,01975753
-0,003644373
0,006439936
-0,02636627
0,01012084
0,00722337
0,01412348
-0,0265626
-0,02225319
-0,02438718
0,01219141
0,02951989
0,01388262
-0,01837661
-0,0129626
-0,0244342
-0,0207195
0,02524431
0,01196373
-0,005035346
-0,01842091
-0,002594399
0,01965799
0,008239725
0,008201892
-0,01341446
-0,02353706
-0,01221546
-0,01484832
0,01464675
0,01874258
-0,02451627
-0,02580105
0,01349772
-0,0195811
-0,007728202
-0,01473476
-0,01306174
-0,02739269
-0,004236428
0,02240749
0,002679607
-0,03371597
-0,01415616
-0,01784263
0,007815824
0,0095561
-0,02581229
-0,02764682
-0,007665829
0,01738901
0,001819527
0,02364368
-0,01429981
0,001645246
-0,007658521
0,006469558
0,02648471
-0,002389368
-0,009919547
-0,003653959
-0,00679432
0,01765071
-0,008006397
-0,01369599
0,00400597
0,02381349
0,02823963
0,02684099
0,01979406
0,01300211
0,01499518
0,01198211
-0,02354776
-0,007989446
-0,002458725
-0,01390439
-0,01083955
-0,01692314
0,01971808
-0,002966848
-0,02990002
-0,01669317
0,02256178
0,02254787
-0,01775291
-0,01731061
0,01729707
-0,02046869
0,01444674
0,01275078
-0,01288922
0,01981187
0,01338284
-0,03123202
-0,002025457
0,01984353
0,01303081
-0,02399457
0,01690176
0,01865855
0,02035679
-0,01556453
-0,01139121
0,01006289
-0,0259448
0,02124609
0,01315245
0,01993051
-0,02788793
-0,02597406
-0,01561611
0,01088323
0,003749967
0,02034678
-0,005481319
-0,02268642
0,02300192
-0,004058637
0,02758821
-0,01362641
-0,02924056
0,01497489
-0,02496893
-0,03074631
-0,01389793
0,0152892
0,01833812
-0,03056093
0,0141062
0,0007217361
0,001725166
-0,02000261
-0,007022865
-0,0342101
0,00304665
0,01626213
0,02534922
-0,01933358
0,01519356
-0,01199945
-0,003085794
-0,03536891
-0,02753709
0,009727562
-0,001628243
0,01054075
-0,008832914
-0,03179722
0,008346946
-0,003067233
-0,02880025
-0,007831624
-0,01777193
0,0005259658
0,02068671
-0,02268885
-0,02305164
-0,01454996
-0,009503719
-0,01359479
0,0296378
0,01051851
-0,02959238
-0,002507947
0,0009517866
-0,02925284
-0,01805365
0,002176667
-0,02060714
0,003481108
-0,02158388
0,007508312
0,004730139
0,0002087565
0,01229614
0,02567952
-0,001755001
-0,01399088
-0,007501306
0,003236772
-0,007005692
0,01740331
-0,01325652
-0,01701411
-0,004928098
-0,02145551
-0,03328732
0,02303711
-0,02495264
-0,00160114
0,007781481
0,005317609
0,01806313
-0,005286098
-0,01067675
0,01663955
-0,03227185
0,01132107
-0,01592058
0,001838264
0,0004349732
0,02233527
0,02135472
-0,02313347
-0,009384164
-0,004594261
0,01590968
0,01000729
0,01672514
0,02294173
0,004727155
0,01757628
0,01957333
0,01444122
0,02304349
-0,02173266
-0,01130808
0,01144585
0,02451926
-0,0126911
0,03012837
-0,01688203
-0,009700448
0,00798904
0,01803275
-0,005836689
0,01125971
-0,03377117
-0,03067974
0,01825168
0,02345108
0,01506183
-0,02891613
0,02109585
-0,02924426
-0,0006371007
0,02468217
-0,02171601
0,02211742
-0,02865519
-0,008298198
-0,01903691
-0,02598172
-0,02029387
0,02146785
0,02302463
0,0232735
-0,02075614
0,00882327
-0,01090544
0,002568087
-0,007853559
0,0204168
0,02841599
0,003337707
-0,01285185
0,0001124431
-0,01596206
-0,01188907
0,02359301
0,01074396
0,01596302
0,007729897
0,02641248
0,02852133
0,01640224
0,01328434
0,02601282
0,009616449
-0,009974125
-0,02031562
-0,02538687
0,01164145
0,01626342
0,01793257
0,006603218
-0,0295459
-0,03058767
0,00810975
0,01933969
0,0003161127
0,001171602
-0,01636705
0,009223747
-0,01671114
-0,00156023
0,02427791
-0,03291022
-0,01873199
0,01156091
-0,03414088
0,008993868
0,0196746
-0,03066024
-0,006717844
0,01173205
0,01361079
-0,01807353
-0,01306063
-0,01843398
-0,01597595
0,02757042
0,001216644
-0,01059067
-0,02046382
-0,002323671
0,00740122
-0,02688326
-0,02101875
0,02517182
-0,01695011
-0,001551656
0,0043341
-0,00449472
-0,01017803
-0,02385239
-0,002782963
0,02504555
0,008454602
-0,003569387
0,01741574
0,00797489
0,005438311
0,02089467
-0,0133962
-0,008074783
-0,02456957
0,002940046
-0,01440668
-0,02686108
0,02272324
0,0187189
0,009637748
-0,006079442
0,004652581
0,001849104
-0,03169732
0,02129553
-0,006282208
0,01252993
0,01510815
0,02022173
0,02023055
-0,009844482
-0,0007278057
0,002618733
-0,01951348
-0,001941848
0,01425121
-0,008386736
-0,01489139
0,01702358
0,005406951
0,02448175
-0,005682178
0,007025331
-0,008607888
0,008611185
-0,02775484
0,0152555
-0,00942525
-0,02769426
0,01331486
-0,02877489
-0,03018242
-0,005730057
0,01585398
-0,0239138
0,0168955
0,01424187
-0,02717663
-0,001043277
-0,00949102
0,0198741
0,001066435
0,01892308
0,006623063
-0,02209174
-0,01658097
0,01327005
-0,01816658
0,007401139
0,01876541
0,02541411
0,0208257
-0,02454626
-0,01897352
0,0131393
-0,03013546
-0,03100178
-0,01884579
-0,009741157
0,02071793
0,0162575
-0,005446048
0,02125861
-0,01381862
0,02649899
-0,006130082
-0,02108232
0,01736431
-0,02762679
0,01304489
-0,02817677
-0,01047791
0,0142313
-0,00286133
0,01525524
-0,008477055
0,003672052
0,02743847
-0,0190434
-0,008660967
-0,01340667
0,0006135405
0,01250835
-0,01959949
0,01492847
-0,02028341
0,02389165
-0,02005795
0,02755981
-0,02833532
0,0138748
-0,001830699
0,00550748
0,001930783
0,002290848
-0,008461275
0,01227516
0,006293669
0,01153799
0,01364774
-0,02462836
0,02638662
-0,02129548
0,02250572
0,01749223
0,006969149
-0,02678267
0,007929982
-0,003774356
-0,00788359
-0,004544942
-0,02842228
-0,02730136
-0,02615131
0,008681845
-0,01285973
0,01494207
0,009579129
-0,0003111314
0,01701028
0,001764433
0,03064499
0,02007078
-0,02913281
0,02844514
0,002617858
0,01153531
-0,0198348
0,02389616
-0,0081857
0,008855391
0,02659226
-0,01592619
-0,00548535
-0,01649152
-0,01121316
-0,01029938
0,01716958
-0,01090095
-0,02574248
-0,02746761
-0,01810464
0,009863745
-0,0007624374
0,001353146
0,01017719
-0,004832885
0,001445252
0,0242729
-0,01625663
0,008006519
-0,02746081
-0,02336414
0,02737644
-0,01767452
-0,02579034
-0,02507063
-0,02432754
0,02368709
-0,01530333
0,02595362
0,02670358
0,01808529
-0,0207517
0,01881363
0,004244719
0,02010862
0,009784611
0,02225885
-0,008811352
0,02943307
0,02903143
-0,01044485
-0,006769925
0,01357938
-0,01158234
-0,01122882
-0,009734921
-0,0004628909
-0,01276323
-0,02418142
-0,02188656
-0,01575917
0,007091652
0,01353541
0,005714661
0,01733537
-0,01382192
-0,02143251
-0,0245123
-0,01946788
-0,02125196
0,0186025
-0,0297389
-0,02389961
-0,02387189
-0,003716148
0,003747985
0,01087588
0,0270868
0,0201161
0,01489546
0,01096029
0,004521956
-0,01446317
0,007491671
0,01159294
0,01315687
-0,01698747
0,02606902
0,01849315
0,01502286
0,01058939
0,01004973
-0,0175307
0,02082108
0,01180602
-0,02030841
-0,005875855
-0,01714935
0,01782338
0,004344997
0,0005082028
0,01488984
-0,0215737
0,01792572
-0,02070821
-0,01081728
-0,01223912
0,006725168
0,02271967
0,01584488
0,008340375
0,001123449
-0,003635634
-0,0116122
-0,004652277
0,007353799
-0,01203084
-0,02707816
0,02301458
-0,0283868
-0,02855167
-0,01908574
-0,01390232
-0,006388681
-0,0005617363
-0,02209723
0,01851861
-0,01471205
-0,008380226
-0,01671983
-0,02511116
-0,004165269
-0,0216507
-0,01449798
-0,01322511
0,02704049
-0,004083406
-0,00288614
-0,002444507
-0,009726939
-0,004062063
0,009003934
-0,02640754
-0,02789171
-0,02133168
-0,02147184
-0,01548595
0,02504306
-0,004369513
-0,02552965
0,02203124
-0,009140057
-0,0105331
0,01487137
0,002247865
-0,01160515
-0,001146837
0,0156367
-0,01043223
-0,02845173
0,0008396913
-0,02871805
-0,0189759
0,006376044
0,006400402
-0,02163941
-0,01018185
-0,02140558
-0,02949525
-0,002295546
-0,02033426
0,01821681
0,00379297
-0,001156729
0,005574603
-0,00482315
-0,0235708
-0,01808131
-0,01669872
-0,01271037
0,02295733
0,02207208
0,01901146
-0,01193676
-0,006739613
0,0182281
-0,02224017
-0,006711766
0,01452245
0,02694527
-0,003072387
0,01317547
-0,02034739
-0,00277591
0,02252188
-0,005069347
-0,003459226
-0,001764324
-0,003029342
-0,02933401
0,02008855
-0,02476751
0,0233467
0,0280593
0,02613699
-0,02601727
0,01828705
0,02165248
-0,01899482
-0,02185509
-0,0184501
-0,01472237
0,0008121785
0,03042194
-0,02239669
0,006421684
-0,01969204
0,0202446
-0,01802931
0,01799907
0,02918458
0,02338047
-0,006394817
-0,02835019
0,02923917
-0,002860016
0,008197282
-0,0264472
0,004075241
-0,02444686
0,02522969
0,006183343
0,01507924
-0,01805734
-0,001661618
0,01760445
-0,03076772
0,02097053
-0,007020572
-0,0113119
-0,03183506
-0,0132554
-0,01591939
0,007054271
0,01806831
-0,01673513
-0,01840756
-0,0197561
-0,00931325
-0,01284408
-0,01362414
0,007679747
-0,01281209
0,01033462
-0,02700123
0,02720319
0,0123026
0,02172447
0,02983311
-0,0009950723
-0,003321593
0,0134687
-0,0136952
-0,02725119
-0,01849751
0,003594423
-0,0005333868
-0,01262002
0,00123159
-0,009967818
0,005556126
-0,01432015
-0,004992583
0,02175246
0,01681584
0,01034262
0,008614815
0,01558512
-0,01758031
0,01158927
-0,01745592
-0,005824078
0,01263738
-0,01284925
0,02203808
-0,01159551
-0,01131962
-0,02578296
-0,02094894
0,001627471
-0,02484268
-0,02174503
0,02436684
0,02718589
0,02450208
-0,01380698
-0,02869996
-0,01777122
-0,004383672
-0,01540563
0,01558204
0,02586735
0,01064496
-0,02851547
0,01260367
0,03034909
-0,01763792
-0,004062451
0,02278701
-0,007539833
-0,01206408
0,02618227
0,007542548
-0,01475913
-0,0153219
-0,02994722
0,02970778
0,02893802
-0,01889396
0,02301823
-0,01739003
-0,006747016
-0,02338355
0,02842919
-0,01739815
-0,004859539
-0,008375727
-0,002668477
0,02711227
-0,0008978915
0,007336808
-0,005175159
-0,01084393
0,02927394
0,02966089
-0,0114191
0,01564069
0,0124367
0,005759561
0,02269755
-0,02293629
0,02519253
-0,01606513
0,0192109
-0,01517209
-0,01983236
0,002689029
0,009466183
0,01254469
0,02501249
-0,011422
-0,02613777
-0,02821828
0,004046161
-0,0279087
-0,007572568
0,01957889
0,01310713
0,01842675
-0,01330229
0,008041248
0,01477826
-0,001059822
-0,007147043
0,01454545
0,02212141
0,005497886
0,007604515
-0,01411197
0,02633512
-0,01573993
-0,01283714
-0,007258349
-0,01128441
0,01542003
-0,01297673
-0,02148093
-0,01252661
0,01294134
-0,02741607
0,02319396
0,01226436
0,0150462
-0,02805384
-0,01886456
0,004573794
-0,005226271
0,01738374
0,02815885
0,007162236
3,443099E-05
-0,02664255
0,02512655
-0,01083813
-0,01557047
-0,007262902
-0,003119029
0,02171642
-0,02542758
-0,005887609
0,005986053
0,02559773
-0,006249481
0,01673046
0,01034343
-0,02844246
0,01195973
0,01347143
0,01870367
0,01533462
-0,01645552
0,001832382
-0,02986282
0,01567062
-0,006156913
0,02558785
0,02904848
-0,00402532
-0,01861098
-0,01999913
-0,002808476
0,01851941
0,00999971
0,009238721
-0,003523338
-0,01908633
-0,007673719
-0,02684781
-0,02562399
-0,00704141
0,02139799
-0,01213237
-0,01653951
-0,01131823
-0,002890226
0,02846713
-0,0100836
0,03074989
-0,006431978
-0,01991153
0,02324109
0,01210717
0,02927296
-0,01738387
-0,006178271
0,02856934
-0,02698482
-0,02080829
0,02625953
-0,01019583
-0,005594281
-0,02910882
0,01056544
0,02522117
0,02711549
0,01778631
-0,01460082
0,01501257
-0,01014225
-0,0007970472
0,009648086
0,008903919
0,009332108
-0,004256157
0,02486112
0,02665082
-0,01139522
0,01163305
-0,01188162
-0,004032528
0,006168332
0,02945575
-0,02737318
-0,02865794
-0,01281699
0,01602244
0,01998774
-0,002707229
-0,01439411
-0,001312009
-0,02199634
-0,01676095
-0,02260781
0,01526995
0,02963912
0,02050477
0,007944856
-0,01120735
-0,007089076
0,01054478
0,01315483
0,005122547
0,01026967
0,02437213
0,0007899918
-0,01572063
-0,02745136
0,003527419
-0,01139919
-0,002226731
0,009940558
-0,00791762
0,02185928
0,0003893687
0,01416961
-0,004478402
0,02876628
0,009134833
0,007742676
-0,01885533
0,02845817
0,01868898
-0,0004959388
0,02165211
-0,00884519
-0,003476681
0,001535705
0,02495067
-0,002750272
-0,02528057
-0,01091046
0,03054206
-0,01097362
0,008339454
0,01336499
-0,02882819
-0,01102111
-0,02126445
0,001077265
-0,02693595
0,0132572
-0,0137199
-0,02154492
0,01826322
0,0194595
0,01672306
-0,007913744
0,007797278
-0,02907954
0,003787416
0,02212712
0,02923737
0,01155217
-0,01867442
0,01242583
0,02503051
-0,02445777
0,01934485
0,003458303
-0,02561407
0,01333828
-0,02176549
-0,0236073
-0,01603735
-0,02130007
0,01000625
-0,02701629
-0,01655098
0,0174848
0,01296481
-0,02350724
0,0200418
-0,02198864
0,004576149
-0,001642292
0,01213684
0,01005707
0,01182283
-0,02777762
0,005176867
-0,02534297
0,02455747
0,02412362
0,02415875
-0,01667233
-0,009317347
-0,01091334
-0,02239483
0,02647051
0,01912714
0,02636934
0,0003341919
0,005872553
-0,003286001
-0,009566709
0,005183383
-0,02009956
0,02525629
0,009619951
-0,02053852
0,01357837
-0,02158017
0,02070789
-0,01158834
-0,002867112
-0,02804613
0,02103366
-0,02308602
0,01366628
-0,02962094
-0,01505585
-0,005725359
0,01714823
0,02890479
0,0303386
0,01938349
-0,01530133
-0,0171497
-0,02937737
0,0186116
-0,009052714
0,02594026
-0,01244387
0,02900923
0,01727021
0,006833555
-0,01580456
0,0119141
-0,01584687
0,0238157
0,002225789
0,01537079
-0,02779278
0,02338302
0,0221913
0,02685125
-0,02618203
0,005668805
-0,002997588
-0,0186309
0,0002578277
-0,01790745
-0,005420052
0,02610923
0,004109928
0,002016475
0,01373869
0,007556678
-0,003004968
0,001662852
-0,009570238
0,02765281
0,02466048
0,02160049
0,01908273
0,01826111
0,0214663
0,02232287
0,001795792
0,02093177
0,01836045
-0,02088853
0,02340818
0,02046303
-0,001239477
0,0001740205
-0,007930063
0,02436954
-0,02327972
-0,02651374
0,01555614
