0,005951566
0,0001902108
0,02713786
-0,005839853
0,01746102
0,0007481763
-0,02200932
-0,02351127
0,003234005
-0,01802216
0,02271405
0,01262523
0,02712806
-0,01100503
-0,02762398
0,01976466
-0,002191989
0,01504809
0,004912671
0,01632193
0,009078587
0,02722821
0,01248257
0,0203528
0,01853172
0,004755388
-0,02391739
0,01354239
-0,02611161
-0,01547826
-0,02560419
-0,02122616
0,006655846
0,01386003
0,0007216682
0,02360056
-0,02531667
0,02312152
0,01155365
-0,01317863
0,003251476
-0,02136118
0,00185455
0,003236308
-0,01476669
-0,02992895
0,02358925
0,0279496
-0,01273089
0,006281733
0,002392847
-0,02346432
0,02458064
0,01644398
-0,008319503
0,00594205
0,01764911
-0,02829606
0,001358026
-0,01705712
-0,006290912
-0,01133749
-0,03531965
-0,01714834
-0,02634955
0,01956106
-0,02683384
-0,01106242
0,02067386
-0,02114457
0,01570007
0,006334931
-0,0255111
-0,01118588
-0,01760703
0,0006904284
-0,006779074
-0,02499336
0,001100189
0,01727177
0,009128386
-0,01598685
-0,004234289
0,005814848
0,01609379
0,03348143
-0,0219681
0,01917067
-0,01016494
0,02019885
-0,02319147
0,03055843
-0,01401508
-0,005507794
0,02388392
-0,02146899
-0,02250195
-0,01803285
-0,004002509
-0,001863884
0,02374135
0,007733092
-0,01857918
-0,01932953
0,0178378
0,01256445
-0,03778762
0,001301302
0,001201163
0,01629503
-0,0268181
0,0001429773
-0,01188632
0,008931028
0,003920716
-0,01803379
0,02554984
-0,001167333
0,006036049
-0,02121354
0,006264064
-0,0104981
-0,02727737
-0,03155989
-0,02694548
0,01335648
-0,01801034
0,001100055
-0,007899164
-0,02863263
-0,004278579
-0,009583843
0,01370017
-0,01957628
0,0323218
-0,0206843
-0,0339632
-0,01632339
0,0150322
0,02377269
0,02917243
0,00584193
-0,01653825
-0,005920134
0,005606624
-0,004165532
-0,004123497
-0,004206874
0,01856403
0,01096292
-0,01934266
0,007714071
0,003468683
-0,019156
0,01860074
0,00703463
0,01042661
-0,01980961
-0,02571215
-0,02609373
-0,002882663
-0,02119609
-0,01753709
-0,01482623
-0,009876116
0,0274175
0,02497297
-0,01032974
0,02226539
0,001951256
-0,01578134
0,01085942
0,02025617
0,01576026
-0,03211589
-0,04074569
-0,0398071
-0,001555249
-0,02612055
-0,001241146
-0,03355229
0,02194813
0,02396083
0,03385384
0,04457722
0,03461563
0,01185089
-0,0004634288
0,004539377
0,003531068
-0,001758055
0,02145985
-0,01516591
0,00681441
-0,0170809
0,008782804
-0,01002699
0,01237618
0,02571597
0,006399964
0,001653726
-0,03004416
0,0001347546
-0,002774672
0,004711176
-0,01080515
0,02919594
0,03728953
-0,01101317
0,0287311
-0,01991658
0,005015187
-0,009480805
-0,03944029
-0,005652925
-0,009774013
-0,01239239
-0,001476575
0,002216256
0,009303936
-0,01679624
0,002718824
-0,0367729
-0,02585215
-0,0684781
-0,02485953
-0,02959275
-0,04477707
-0,03537403
-0,02435649
-0,02229458
0,0008722213
0,03044098
0,02332406
-0,005090784
0,001436512
-0,01906523
-0,01625294
-0,008972379
0,004457978
-0,03412362
0,02036146
-0,0205718
-0,005328808
0,0253488
0,01136414
-0,0188537
0,01352053
0,01980501
0,0009762053
-0,02129175
0,02577151
-0,02338884
-0,02684646
-0,02363482
-0,02600971
0,03122618
-0,009678459
-0,03927191
-0,02339962
-0,05360686
-0,03554369
-0,04796748
-0,03627343
-0,05682069
-0,04993257
-0,06151915
0,005647635
-0,009043406
-0,003529201
0,0002420778
0,02082154
-0,05020932
-0,08601341
-0,06530888
-0,03864043
-0,05223161
-0,01892469
0,007219432
-0,01379267
-0,04610512
-0,02102922
0,03395549
0,01105849
0,01121355
0,02700066
-0,00216702
0,04630686
0,04287968
-0,02488294
-0,02479697
-0,008426111
-0,01274235
-0,03042758
-0,01168305
0,01297732
0,01250227
0,003098305
-0,01324546
0,01710543
-0,002081691
-0,01309881
-0,0009672011
-0,02440462
-0,02413582
-0,04853221
-0,01215017
-0,05858694
-0,009143084
0,01547526
-0,001042901
-0,0354223
0,003404067
-0,00255465
-0,05945721
-0,06602403
-0,03486284
-0,07387088
-0,02251625
-0,03220824
0,01685102
0,01202947
-0,04713277
-0,05010226
-0,02300122
-0,07049505
-0,07171224
-0,1057619
-0,0369764
-0,07227156
0,01864666
-0,04077165
-0,03190949
0,05558628
0,09919749
0,03397539
0,01339688
0,05446619
0,04021001
0,01466759
-0,02996135
-0,03679168
0,0359113
0,01899682
-0,02285533
-0,009501437
0,0283252
-0,003987343
0,02326346
0,02857463
0,007554562
0,0290373
-0,04187331
-0,05441039
0,02049097
0,0221935
-0,00187471
-0,07981302
-0,02875387
-0,03725538
-0,05406789
-0,03354308
-0,02035325
-0,01671903
0,03382323
-0,05949973
-0,001111464
-0,01359897
-0,02882075
-0,09474055
-0,05260273
-0,06524364
-0,07339356
-0,02191916
-0,05286971
-0,03374841
-0,0578047
-0,1213633
-0,07208921
-0,04585946
-0,001183448
-0,05818777
-0,09870355
0,05588511
0,05387366
-0,001504644
-0,006122283
-0,000140147
0,01244995
0,06903923
0,028801
-0,06110949
0,01040541
0,03822926
-0,004041573
0,0001302342
0,02514452
-0,00677624
0,02061952
-0,02461542
0,000277542
0,005989057
0,008069085
0,04332409
0,02008227
0,02560441
0,01814084
-0,08572442
-0,002272468
-0,0475347
-0,02132159
-0,01435579
-0,06036916
-0,05612678
-0,01978492
0,005229605
0,04803628
0,0156875
-0,1218083
-0,09788091
-0,05218386
-0,02696974
-0,02516606
-0,02963481
-0,1224565
-0,1521807
-0,1339382
-0,1005532
0,0345234
-0,01139472
-0,0289265
0,01213714
0,01566206
0,02397112
0,05911746
-0,007789859
0,007134843
0,02785925
0,04414846
0,03237426
0,01699426
-0,08484028
-0,03838022
-0,006564691
0,007181621
0,008996412
0,03146967
0,0217042
-0,02140668
0,008203418
-0,021512
-0,0123537
-0,02735513
0,008779675
0,02392942
-0,02979882
0,03863754
0,03085878
0,01367227
0,04503411
0,004543611
-0,03953785
-0,04255995
-0,09945386
-0,08144829
-0,06266989
0,02417587
0,003146035
0,002174241
-0,03673013
-0,1097478
-0,001493419
-0,02173519
-0,09083392
-0,02639012
-0,03631015
-0,1349477
-0,007684403
0,04177057
0,05766759
-0,1162642
0,0362222
0,03836182
-0,04601415
0,01903313
0,02156076
-0,03238564
-0,01048634
-0,05983884
-0,07641612
-0,02768402
-0,02654336
-0,0124001
0,002140946
0,0428887
0,0005653129
0,02037784
-0,002872189
-0,02261132
0,01795269
0,007206635
0,00324925
0,01671639
0,01307117
0,05734741
-0,02471412
0,1074697
0,07554471
0,02673666
0,03011831
0,05141897
-0,007007177
-0,0492002
0,01106811
0,00349018
-0,03507482
-0,09746455
-0,05611561
-0,006409022
-0,05476288
-0,101872
-0,009001027
0,09782413
0,003222063
0,07667748
0,009844288
0,01574478
0,1340058
-0,004964588
-0,01003419
-0,009611898
0,02817745
0,02697765
-0,06012697
-0,03262138
0,05655573
-0,07833436
0,04500499
0,0309354
-0,05634758
0,04989206
-0,05348844
0,02469902
0,03749511
0,001602958
-0,01383846
0,02341903
0,02558214
0,002422201
0,0004882487
0,01849125
0,0146711
0,04327906
0,03675234
0,04265079
0,05031873
0,0430531
-0,04498629
-0,02727261
-0,06587487
0,004613973
0,02383091
-0,005254639
0,01291048
0,01770945
0,03013488
-0,03538
-0,01032509
-0,003765113
-0,03790645
0,0107872
0,02398229
0,06960077
-0,08271929
-0,09730047
-0,0231593
-0,03808374
0,0911976
-0,05937774
-0,05788029
-0,1696462
0,03374765
0,1085794
-0,06322972
-0,001781375
0,1573694
0,09881378
0,0580167
0,02716809
0,02095383
-0,0372084
-0,06179083
-0,09289223
0,03250316
0,02719584
-0,04733399
-0,01171894
0,02296686
0,02554933
-0,01756896
0,0009120953
-0,0007359645
0,01204413
0,03929446
0,0457732
0,02353734
0,03724496
0,03158968
0,05731998
-0,06642663
-0,07903732
-0,05269334
-0,01294765
0,001669025
0,01810359
0,01958523
0,04535316
0,01460303
0,1292287
0,0207694
0,007837007
0,0711119
-0,03437563
-0,07069326
-0,06181585
-0,2209514
-0,1440764
0,07384033
-0,0556391
-0,01461896
-0,01353236
-0,005300989
0,01950939
0,07829552
0,02325848
-0,04976046
-0,06680581
0,005942282
0,1199525
-0,0360577
-0,06654283
-0,02292626
-0,11256
-0,00979386
0,01471016
0,004578827
-0,00104742
0,04454411
0,002598886
0,01233547
0,01153601
0,005676612
0,005472741
0,04413221
-0,02084181
-0,05003337
-0,04513474
-0,003279725
-0,003220635
-0,07931617
-0,1001521
-0,02403324
-0,05581881
-0,1118182
-0,04966751
-0,08427552
-0,180104
0,04459747
0,0138202
-0,02322363
-0,02273413
0,02167018
-0,07885937
0,1145924
0,1775369
-0,009603798
-0,1051986
0,03676444
-0,02124187
-0,1065463
-0,04975945
-0,0385957
0,03220039
-0,05011334
-0,08239257
-0,1229725
0,06232433
0,005279916
-0,02556005
0,03245569
0,05998725
-0,01207409
-0,01532941
0,06271107
0,06685711
-0,014671
0,01045821
0,03361144
-0,00394246
0,01839497
-0,01469357
0,00728683
0,03732461
0,04661524
0,01443046
-0,007317419
0,07168378
0,02753249
0,04474175
-0,003549131
0,001934124
-0,04865193
-0,05039265
-0,07918528
-0,03011681
-0,03211114
-0,1174143
-0,05314746
0,001252358
0,002141846
-0,1016739
-0,09006565
-0,08139646
-0,1030714
0,09837866
0,1556936
-0,02947953
0,01539246
0,02152219
-0,0181465
0,07142436
-0,05449623
-0,1229742
-0,1471022
-0,03076491
-0,0239028
0,08543295
-0,06041455
-0,09269719
-0,176769
0,01989177
0,05207914
0,008167481
0,05876159
0,01216511
0,0393112
-0,04101683
0,007893374
0,01104126
0,006742046
0,003653394
-0,01249461
0,03321524
0,0487142
0,06830572
0,01815096
-0,05763208
-0,1005898
-0,02587531
-0,07568185
-0,01956987
-0,05769435
0,01437188
0,03649774
-0,08125027
-0,05296502
0,008397748
-0,1146414
-0,1249783
0,05859754
-0,01435119
0,06667037
0,03601499
-0,03002719
0,01592443
-0,01953364
-0,08459465
-0,09300738
0,07701772
-0,08507176
0,06855688
0,1152889
0,1726505
0,1402527
0,07422357
0,03968856
0,04525901
-0,07968592
-0,05205125
-0,07197073
0,04932116
-0,03179346
-0,1018514
-0,04992625
-0,03537633
0,002881703
-0,01563285
0,03687443
0,05936572
0,06628129
-0,007168569
-0,02008828
-0,02140992
0,003653724
-0,01163305
0,1372366
0,0342686
-0,07959411
-0,007169737
0,1469948
0,01400333
-0,03420683
0,07499772
-0,01012075
0,007993169
0,06156638
-0,07611563
0,02870531
-0,1817604
0,02830392
-0,03831281
-0,08425563
0,01458088
0,04567759
0,01086888
-0,08436586
0,05123958
0,09482878
0,1345844
-0,085361
0,09552653
0,09018051
-0,08342121
-0,1217164
-0,02369237
-0,05743841
0,1274119
0,02055243
-0,04586992
0,007699799
0,01752079
-0,04056653
-0,05642027
-0,07850797
-0,02349614
-0,04646312
-0,02069884
0,0198086
0,04157079
0,0590189
0,01243616
0,02148109
0,01734904
0,01668982
0,01354915
0,09809957
0,1257055
0,09284106
0,07280277
0,008567692
-0,04218527
-0,1229076
-0,009584182
0,0159074
-0,06412011
-0,1131552
-0,0412383
0,02199286
-0,02005815
0,1207336
-0,06810908
0,05950544
-0,03346664
-0,001065152
0,1126304
0,09627361
-0,02543246
-0,1560705
-0,04729262
0,02462639
-0,02342884
-0,1398467
-0,02421526
0,06663985
-0,0526597
-0,05220918
0,06627411
0,04687085
0,03602228
-0,004519977
-0,07406455
0,04247677
-0,0355544
0,06454798
-0,03269164
-0,1189107
-0,05666846
-0,009384971
0,03596701
0,05788327
0,006731962
-0,02560396
-0,01680592
-0,02556162
0,07655657
0,0346552
0,01329275
0,07592149
0,1193252
-0,03667077
0,003312739
0,007206121
-0,06204173
-0,09635735
-0,1328378
-0,1112051
-0,08861383
-0,04829506
-0,1032761
0,02329172
-0,03690969
0,0207288
0,03413289
-0,1720411
0,07599661
-0,01420501
0,05309232
0,1322499
-0,07675931
-0,0767473
0,06540526
-0,03439207
-0,08857863
0,04838611
0,1034399
-0,0123347
0,04146504
0,001415968
0,1219453
0,01952825
-0,03718511
0,04663332
-0,05540528
0,07023248
0,04370839
-0,01589517
0,008583558
-0,01926706
0,02597706
0,03713448
0,0132141
-0,01938809
-0,009677758
-0,01262821
-0,009807407
0,02033434
0,01685683
0,03111182
-0,03273799
-0,1184816
-0,02728843
-0,1128498
0,03978181
-0,007837946
0,0383262
0,01674427
0,06112363
0,09194857
0,03213109
-0,06783556
-0,01738787
-0,08246838
0,07394241
0,1489932
0,1530973
-0,009284779
-0,08043697
0,09869197
-0,05996364
0,0161453
-0,1042654
-0,1239181
-0,02617772
0,03541513
0,1683725
0,07159349
-0,09291117
0,004221814
0,01901044
0,03858941
0,04582946
-0,01558419
-0,009409758
0,04706435
-0,008442222
0,01844233
0,009838608
0,01747458
-0,003801724
0,02536556
-0,02083679
0,001732871
-0,02335424
-0,003762261
-0,01955438
-0,04643695
-0,01332494
-0,07390166
-0,1858045
-0,07811966
-0,06633021
-0,1502799
-0,004506912
0,1224899
-0,0268231
0,06195295
0,06874183
0,02652557
-0,1282596
-0,260524
-0,09739763
0,08809827
0,02536867
-0,04454757
0,1582903
0,05113101
-0,07853808
-0,1703347
-0,06461264
0,04092276
-0,0004102038
-0,1050812
-0,05884658
0,1108
0,01135924
0,07999577
-0,07576574
-0,174008
0,06811009
-0,04171936
-0,07813937
-0,02312222
0,0695108
0,01621968
0,02407411
0,06669879
0,03569707
0,01621065
0,01587104
-0,002580909
0,001993756
0,02146259
0,008385039
0,01512031
-0,03943912
-0,09093548
0,004206055
-0,03185199
-0,1370333
-0,08776631
-0,1826208
-0,1758892
-0,0939403
0,05298795
-0,1241587
0,09604754
0,0280738
0,01635029
-0,1703616
-0,1240748
0,0005349121
0,1194829
0,07223246
0,07188583
0,1243554
0,08487073
-0,08214785
0,005337472
-0,101251
-0,05623544
0,1218729
0,02121658
-0,1703482
0,01364007
-0,07507936
0,0189757
0,04030915
0,1078412
0,05733104
-0,08418354
-0,2298376
0,06000416
0,1773432
0,005938335
-0,04982053
-0,0216912
0,03930151
0,0364874
-0,05160211
-0,02632011
0,001635469
0,02877204
0,01692172
0,01404787
-0,01239019
-0,02992269
-0,006239334
0,05051385
-0,00512394
0,02583551
-0,02913872
-0,1480515
-0,07427549
0,06805012
-0,06907994
-0,02300664
-0,09974188
0,007905837
-0,01950672
0,0592376
-0,103227
0,05547849
0,03736874
0,05948197
0,2984747
0,08392317
0,1200101
0,154865
-0,07065012
0,043445
-0,06914141
0,0657445
-0,2447662
-0,04166421
-0,01898028
-0,07165607
-0,1285656
-0,01247609
0,0971185
-0,08301807
0,04795803
0,05293906
-0,0003126852
-0,06069157
-0,03694477
0,02323268
0,03305248
0,07101924
-0,01086445
-0,006649793
0,0003957934
0,01049281
-0,01027619
-0,01921659
-0,002423438
-0,06492749
0,02530442
-0,04520612
-0,06481254
-0,05237758
-0,177375
-0,1427047
-0,02626235
0,0962567
-0,01371357
-0,2797965
-0,09510755
0,03235324
0,00961627
0,01467078
-0,124208
-0,04255844
0,02384715
-0,1000069
0,07525814
0,1394881
0,005215637
-0,08466952
-0,1851916
-0,07858431
-0,09416952
-0,1387493
0,001351125
0,03111806
0,03080432
-0,08538608
-0,06634665
0,05751373
0,004092158
0,1503092
-0,04804315
-0,05039212
0,02153792
0,05611833
0,04409015
0,03081941
0,07882648
0,02349373
-0,008831678
0,01845782
0,009040274
0,004962383
-0,0214915
-0,01093834
-0,04244939
-0,07662896
-0,08234342
-0,09845988
-0,03205488
0,1000064
-0,02416983
-0,07675269
-0,0613701
-0,02065728
0,01872977
0,1169386
-0,1355595
-0,05246462
-0,04287054
0,03534319
-0,08983954
0,04363238
0,06793476
0,03328669
0,01674982
0,03281321
-0,007753942
-0,002452102
-0,06894115
-0,1113098
-0,1879757
-0,1034097
0,01936029
-0,02354584
-0,0693045
0,231412
0,06213227
0,1107549
-0,05414589
0,07525805
-0,06995166
-0,03132178
0,01563904
0,03303517
0,0346754
-0,004815219
0,08771617
0,03212309
-0,003603328
0,02317262
-0,02749581
0,006275902
-0,04986612
-0,0439612
-0,02734879
0,02914071
0,04792739
-0,1334458
-0,0670352
0,04898391
0,01266244
-0,07371935
-0,02238116
0,05609412
0,1972447
0,1273509
0,004796089
0,02656291
-0,002507708
0,001675037
0,01033059
0,1574437
-0,01187502
0,04947611
-0,05472266
0,05948341
-0,005075823
0,001901624
-0,07446434
-0,01268053
-0,2202492
-0,09299693
-0,01225161
-0,01165377
-0,1488851
0,07349214
-0,1174695
-0,0453689
-0,03125844
-0,02095581
-0,1212141
-0,02752523
-0,1291149
-0,03805745
-0,07053528
0,03120548
-0,01256937
-0,01209722
-0,03127573
0,0194145
0,009119408
-0,0328794
-0,03934842
-0,03278743
-0,01506311
-0,04559376
0,01777087
0,1068322
0,08553586
-0,02730656
-0,1307263
-0,03808239
0,1442068
0,01978724
-0,0747044
0,08723412
0,1970229
0,02368277
0,05333007
0,04392748
-0,05885736
-0,03510835
0,1370929
0,05246078
0,0508858
0,08364451
-0,1525887
0,09767926
-0,003495751
0,02844284
-0,1661998
0,0716496
-0,002728778
-0,05679264
0,03752772
-0,004191854
-0,02372201
-0,1278581
-0,05160608
0,04645912
-0,1043015
0,01329649
-0,01365285
0,05274574
0,1140983
0,04075864
-0,06088636
-0,01457022
-0,04083836
-0,01964054
0,01675113
-0,01839625
-0,05799876
-0,01716816
-0,03771966
0,03017158
-0,02157537
0,1290354
0,06423059
0,03774791
-0,06529284
0,05216901
0,01460109
-0,05338027
-0,1127005
-0,03940203
0,1065847
0,02323362
0,09949388
0,09386823
0,1669477
0,0263859
0,1219528
0,04622498
0,03477247
-0,04234167
0,1013435
-0,05612759
0,007995185
0,05188613
0,00922861
-0,001363995
-0,1254565
0,1032565
-0,0560093
-0,05733699
-0,008229422
-0,1149685
-0,05940245
-0,04404214
0,07412211
-0,01945675
-0,009658645
-0,04208041
0,06751182
0,005296617
-0,1127014
-0,07455244
-0,01782052
-0,001425448
0,02872276
0,01649872
-0,00575449
-0,01696618
-0,06236583
-0,1275669
-0,04822128
0,1750035
0,03472885
0,04360986
-0,02513374
0,03756215
0,04687034
0,002565904
-0,2206894
-0,07895932
-0,116778
0,01941846
0,007620049
0,03243674
-0,02199239
-0,02756406
-0,1627187
-0,217306
0,04754958
0,1617735
-0,1049045
-0,007361944
-0,05998358
-0,1700707
0,03495143
0,09097863
0,07200129
0,03659817
-0,04757538
0,1101607
0,1667147
0,1380068
-0,01613078
0,0604347
0,01712837
0,04540781
0,06018792
0,0730897
0,09928439
0,0213797
-0,01860616
-0,03066395
-0,01569166
-0,002969364
0,00071068
0,02449338
-0,001409297
0,04849852
-0,0291453
0,07048804
0,06107529
0,1114443
0,2372934
0,06274027
-0,1442819
-0,1269787
-0,05619936
-0,01444493
-0,1968618
-0,1522335
0,07167675
-0,01392546
-0,09734246
-0,1425231
-0,07681195
0,07723088
-0,08944954
-0,06565333
0,2647592
0,2086398
-0,08586764
0,01021734
-0,1376516
0,04673292
0,1230642
-0,009008897
-0,02382778
0,09716452
-0,002500622
0,103112
-0,05287025
-0,09444842
-0,06478068
-0,04362293
-0,002194116
0,0263646
0,1054755
0,02080457
4,266599E-05
-0,002604539
-0,06397786
-0,06246645
-0,008719283
0,02318294
0,02111189
-0,004252998
-0,02553037
0,006932827
0,01344735
0,09127344
0,1531567
0,0102731
0,0004165509
-0,02916737
-0,06342258
0,005145971
-0,001320286
0,04733199
0,1607549
-0,1875846
-0,1576499
-0,09494089
-0,04616816
-0,1978038
0,1210125
-0,03268849
-0,1323628
0,1727495
0,07707845
0,005116839
0,05455353
-0,1192912
-0,04645657
-0,04568791
0,08818194
-0,1077687
-0,2554368
-0,01739094
0,02599707
-0,09081845
-0,07277803
-0,01752366
0,1025214
0,06445652
-0,02061652
0,09060769
0,0341278
0,000491621
0,01604796
-0,05977349
-0,1145102
-0,002152596
-0,01046978
0,01756473
0,02817063
-0,02466202
-0,0507228
-0,0402552
6,69755E-05
0,1530227
-0,008202821
0,1072189
0,01787563
-0,147863
-0,04585571
0,07197289
0,0107642
-0,03928934
-0,04012981
0,003755348
-0,1779643
0,1191649
0,01045713
-0,09152431
0,1678146
0,1346901
-0,02300117
-0,0100307
-0,04007106
-0,01955929
0,0742199
0,06505585
0,1254211
-0,07089327
-0,07519415
0,2016218
0,03685749
-0,01116468
0,09711701
-0,008191108
-0,04043526
0,07225855
0,06864868
-0,05442492
0,04710943
0,04068014
0,04582562
-0,006318319
0,02563848
-0,004335089
-0,06809325
-0,0107104
0,02003343
-0,0005292495
-0,01690204
-0,01061377
-0,0405569
-0,04779814
-0,04726512
-0,09956896
-0,02030604
0,1392924
0,1230091
0,05360541
0,08309662
-0,02488912
-0,05896622
-0,1027814
-0,08202791
-0,02409626
-0,15068
0,01126351
-0,05179868
-0,04922025
0,1346335
-0,09879757
-0,1426944
0,0302619
0,07335889
-0,03557006
-0,01354757
-0,1166993
0,1322071
-0,01290769
-0,05935749
0,05024572
0,04436751
-0,07509299
0,02282212
-0,07979594
-0,04902757
0,03551615
0,01240124
-0,05565189
0,101601
0,0352385
-0,02588518
-0,03904681
-0,05594479
-0,05227209
-0,01710293
0,001109047
0,02043239
-0,01935567
-0,02821988
-0,01319061
-0,08892138
-0,06272902
-0,1091072
-0,06276149
0,09867179
-0,03700912
-0,05630809
-0,1000044
0,01074862
0,09058809
-0,02657429
-0,1765243
-0,22828
0,09603547
0,00931491
0,07090172
-0,02117833
0,06836401
0,2966504
0,1099611
-0,1464849
-0,1067472
0,01601249
-0,1367206
-0,04032822
-0,02635249
-0,05423176
0,0772328
0,04013164
-0,007397771
-0,1614914
-0,08647781
0,05217724
0,1221032
-0,05467374
0,06207118
0,03028499
-0,1111652
-0,02093692
0,01551952
-0,03400593
0,1055266
0,02767813
-0,03776004
-0,01836801
-0,01080487
0,02128543
-0,007728176
0,01342993
0,02121202
-0,09731001
-0,02431886
0,03128648
-0,07527392
0,06363717
0,04666781
0,02393248
-0,0637969
-0,1317173
-0,0315715
0,003916896
0,04818669
-0,0575788
-0,1092549
0,08293231
0,04519023
0,01075514
-0,03179557
-0,06206505
-0,1866418
-0,08098549
-0,1631045
0,05599319
-0,01548852
0,2582163
0,01169981
0,001725213
0,02193575
-0,0784374
0,004318831
-0,101091
0,0268249
0,01649462
-0,1230331
-0,07183817
0,04662522
-0,05686961
-0,02755067
0,04468461
-0,0771468
0,009886399
0,05945526
0,01717164
-0,01357979
-0,002960995
-0,03442446
-0,04086254
0,01333361
0,02714197
0,02322441
-0,03941485
-0,06745909
-0,1576471
-0,1582191
-0,07650741
0,041473
0,002419446
0,04342318
-0,1548624
0,05612437
0,02248447
-0,03405931
-0,03330278
-0,02845666
-0,04842187
0,02238477
0,05459397
-0,05951029
0,017763
-0,07692018
0,04029756
0,03798268
0,06776392
0,02813212
0,03279649
0,2378016
0,01441923
-0,2436579
-0,05510271
0,09183645
-0,04283542
0,01923704
-0,0308119
-0,1700366
-0,07815889
-0,2501425
-0,02529109
0,04381807
0,03585735
0,05473819
-0,01604619
0,1020235
0,037349
-0,01064917
-0,006300525
0,007731138
0,009931559
-0,03395477
0,01624009
-0,04650683
0,01946387
-0,009072571
-0,003002482
0,04307817
0,1070435
0,2147923
0,01429936
0,1872538
0,06431337
0,0375255
-0,1854458
0,01678255
0,0294514
0,1124139
0,1874338
0,0265565
0,1325642
0,01575579
-0,02091075
0,05866488
-0,008036213
-0,3293939
-0,03819982
0,1294164
0,1586068
0,05068503
0,008119121
-0,06426035
-0,08415782
0,02232908
0,09684867
-0,2059745
0,009430937
-0,2405412
-0,1612758
-0,1042191
0,03267459
0,0731933
0,09416363
-0,04317459
-0,007772218
0,09329129
0,01621102
-0,03715787
-0,001424708
-0,04392103
-0,03029487
-0,01195812
0,005449459
0,01543841
-0,06781524
-0,0229441
0,04992941
-0,1555323
-0,1434526
0,04682868
-0,1222308
0,1173644
-0,04677577
-0,004193925
0,04036162
-0,02087146
0,01491004
0,06794559
-0,05248838
-0,03802987
0,2591968
-0,2026677
-0,08871827
0,01024795
-0,07627341
-0,1087616
-0,0559571
-0,06027361
-0,04534039
-0,08664932
0,03981636
-0,001722943
-0,1221607
0,05558124
-0,02363862
-0,1189063
-0,1147041
-0,2089404
-0,1470146
-0,1163948
0,08635683
0,1184244
0,01049735
0,03733012
0,09077433
0,03766456
0,005005036
0,009406605
-0,01427846
-0,04446162
0,001036877
0,006050176
0,001892946
0,04114851
-0,01115227
0,0177148
0,0433509
-0,07542174
-0,03082805
-0,1344415
-0,03157387
0,01792781
0,09007724
0,03930474
0,137721
-0,03424745
-0,1153702
-0,1471219
0,1029271
0,009153127
0,1356381
0,1339561
-0,0771479
0,1037274
-0,03625876
-0,04417172
-0,05183538
-0,05616825
0,00424443
0,1169611
-0,03848514
-0,07936964
-0,05725364
-0,209707
-0,1378492
-0,1281188
-0,109866
0,01090919
-0,02444863
0,007661511
0,00387859
-0,004171624
-0,09773549
-0,08003347
0,05539883
0,04922033
-0,002369182
-0,02557504
-0,03761047
-0,006892593
0,001218487
-0,01058088
0,004102909
0,001598027
-0,05824069
-0,06328951
-0,08204647
-0,03464227
-0,1509473
-0,1025246
-0,1570921
-0,0210587
-0,07379041
0,006227606
-0,113324
-0,1569948
-0,1773067
0,03326056
0,1217622
0,04621683
0,1010439
-0,05417255
-0,1656075
-0,08675445
-0,01047498
-0,1546265
-0,1136422
-0,2223727
0,04662605
-0,0009632678
-0,1912439
-0,03838946
-0,08736231
-0,08034991
-0,1102076
0,04663093
-0,1251562
0,006361269
0,07758894
0,02998089
-0,009124994
-0,06028696
-0,104923
-0,07063445
0,01120387
0,01754961
-0,014378
0,0101391
0,005513484
-0,003368014
-0,009775396
-0,01672897
0,02108687
-0,002722761
0,004085165
-0,05116055
-0,001285679
-0,07955091
-0,1445619
-0,0160188
-0,08864027
-0,06705187
-0,02298358
0,07186195
-0,1177166
-0,1216263
-0,08158214
0,03029882
-0,1909621
-0,1372862
0,2187991
0,1597385
-0,09326931
-0,1031159
0,1266499
0,0956062
0,01722735
-0,1385522
-0,02764044
0,008507536
0,03349308
0,09675524
-0,06346893
0,05095532
0,004509155
-0,02640842
-0,01934326
-0,04780196
-0,08035739
0,001054378
-0,02084406
0,004786034
-9,841472E-05
0,004625456
-0,008739715
-0,005668212
0,04146464
0,03082337
-0,01908806
-0,0178799
0,01195409
0,01744347
-0,01414442
0,007781175
0,07415709
0,06074939
0,0171311
-0,1084153
-0,1610334
-0,0275375
-0,1066681
-0,04218473
-0,05423646
-0,02445062
0,06864731
-0,1093875
-0,198833
0,02584183
-0,09271874
-0,1192205
-0,06420633
0,2439622
0,02763738
-0,03433364
-0,0983106
0,08018456
-0,01757729
-0,0682674
0,1307249
0,09936524
0,09314987
-0,04029836
-0,2054702
0,01280484
0,07373567
0,1213217
-0,09589931
-0,02659104
0,1554548
-0,009973915
-0,02722637
0,02445759
0,110881
0,06062419
0,05908902
0,02198741
0,08208752
-0,03224706
0,01769729
0,0081235
0,03320675
0,01451317
-0,0003969668
0,04696962
0,02740681
-0,04280546
0,03697639
-0,09919614
-0,08847579
-0,05282767
-0,09952868
-0,04525732
-0,03124669
-0,1175919
-0,1176989
-0,04262185
-0,007777244
-0,02980001
0,001098472
-0,2274585
-0,08271599
0,04989233
0,1455275
0,1871402
-0,04728469
0,09442546
0,03381513
-0,006651958
0,1812006
0,1275249
0,05227308
0,02964607
0,0002497819
0,01107135
0,07889304
0,09264644
-0,05967497
0,1062949
0,03853354
-0,1410039
-0,03153905
0,1307261
0,03919566
0,09585571
0,05339602
0,04170696
0,02930436
-0,003140357
0,01829579
-0,005562525
0,02045802
0,01145428
0,02083633
0,0144089
0,04013414
0,1149671
-0,06136134
-0,1362478
-0,02294333
0,01485713
-0,1331625
-0,05833002
-0,1673226
-0,1547516
-0,05876477
0,03028541
-0,06778729
-0,1590891
-0,1026703
0,146091
0,1214057
-0,2841526
-0,009362249
-0,003537104
-0,007808338
0,138518
0,008943828
-0,06353565
0,202631
0,08642486
-0,1484827
0,03284016
0,02381895
-0,065172
-0,2162847
0,08246463
-0,1098856
0,06075382
0,1456714
-0,05143172
0,07073803
-0,07912981
0,08899564
0,1580432
0,04145761
0,01963121
-0,005276491
-0,010226
0,003064239
0,02017079
0,008521913
-0,006139893
-0,02255381
-0,01023435
-0,09877116
0,0251554
-0,01161324
-0,1519755
-0,05187583
-0,08575679
0,004891507
-0,103337
-0,03623786
-0,07676058
-0,00811617
-0,1006416
-0,1764274
-0,004337115
0,1326881
0,08223907
-0,01408842
0,04298862
-0,0450375
-0,1072443
0,2162313
-0,02076243
0,03191862
-0,09413177
0,2001804
0,1317263
-0,0461629
-0,01036907
-0,01537413
0,07948521
-0,02017329
0,1094658
-0,01524308
0,1089514
0,1103793
-0,04169757
0,09209527
-0,1354933
0,05543287
0,06559005
-0,01603226
0,00617672
0,03410707
0,00940167
-0,008211193
0,006461583
-0,01378356
0,02002304
0,01309695
0,02169382
-0,06391004
0,006130208
-0,08287168
0,07085193
0,01017469
-0,1173347
-0,03496687
-0,06855098
-0,1293653
0,01788063
0,05439176
-0,1216057
-0,1500451
-0,152331
0,01313875
-0,1129521
-0,09767703
-0,02391994
-0,06010432
0,09486838
0,08638898
0,1488747
0,04849537
-0,1052192
0,01060914
0,0899818
0,04340462
-0,1647204
-0,0369315
-0,05749829
0,1052136
-0,1604807
0,08915889
-0,06002508
-0,0271962
0,06823774
0,1395506
-0,1064428
-0,06089455
0,1274533
0,06634177
0,00745608
0,07374664
0,03858077
0,009112958
0,04003286
-0,01721724
-0,01184972
0,0006886639
-0,04996864
-0,02513533
-0,02691997
-0,06982964
0,02235775
-0,06585126
-0,01227839
0,02559219
0,1329114
0,0212237
0,04552575
0,08932161
0,02795696
0,0238258
0,003094573
-0,05225414
-0,04195442
-0,08159515
0,01507668
0,1466592
-0,1090543
-0,05189013
-0,01827931
0,05566957
0,05085734
0,03783726
-0,06571862
-0,08615075
0,05429974
-0,09353547
-0,04762715
0,02195809
0,05838553
0,05368985
0,1018426
-0,004363701
0,03048983
0,02381481
-0,1086208
-0,1067758
0,05032237
-0,0407051
0,02205409
0,08600812
0,01964076
-0,0009800979
0,03863199
0,04604908
-0,002634451
-0,02931064
-0,004412517
-0,01190842
0,0675111
-0,03760145
-0,004582453
-0,06169266
-0,08155955
-0,009532192
0,007936522
-0,05350522
0,0616987
0,06121993
-0,08743168
0,005393507
-0,04851662
0,02562967
-0,1416364
0,06585614
-0,0498906
-0,03967311
0,0348754
0,004611068
0,1203958
0,0602341
0,02250976
-0,013123
0,03235314
-0,02895298
-0,1203714
-0,0566068
0,130982
0,208965
0,03913383
-0,02953935
0,1527927
-0,03184864
0,0572677
0,01127341
-0,04533646
0,02789766
0,02826445
-0,0625997
0,01692568
0,01004014
-0,04657328
0,007699381
0,04698564
0,02065094
0,007283498
0,01929925
-0,009855277
-0,01595295
0,1331087
-0,004037257
0,02780079
-0,1085112
0,02888547
0,1636806
0,0335893
-0,02638607
0,06930663
0,1560069
-0,05999881
0,01672477
0,08456973
0,04442584
-0,0370817
0,01317673
0,0519726
0,09808534
0,03505342
0,01650529
-0,05341591
0,1463775
0,1771984
-0,002378469
0,01794806
0,08933559
-0,1382957
0,02768103
-0,06305286
-0,05259752
-0,03722344
-0,1154472
0,03428129
-0,06563508
0,1445641
0,1005599
0,06731892
0,01746524
0,1201646
-0,05847373
0,01832795
0,01536034
-0,02580385
-0,003761709
0,01014282
0,01974534
-0,01137594
0,01591382
-0,02670621
0,002255337
0,02838316
0,0104391
0,00746618
0,07164886
-0,01817586
-0,1158171
-0,1817027
-0,09083607
0,08215159
0,04420994
-0,08138564
0,03906268
0,00724902
-0,05616528
-0,08232689
0,02452162
0,02537942
0,1647624
0,1259655
-0,02296777
-0,08435242
0,09539486
-0,1527488
-0,06969109
-0,1408904
0,01252853
-0,09035497
-0,1410345
-0,1402044
-0,07630213
0,07649054
0,05359556
0,006129717
0,03124586
0,1069326
0,008034
0,08678433
-0,1600498
-0,01006012
-0,03214496
-0,009106605
0,004072019
-0,03245292
0,02219819
0,00362433
0,03281939
0,03078429
-0,0009325614
0,02519771
0,01324929
-0,01677182
-2,379978E-06
0,001068542
0,01427362
-0,0380319
-0,0723808
-0,1625054
0,03962827
0,1198823
0,09474058
0,03767221
0,05592505
0,05428655
-0,03822809
-0,08813692
-0,05068056
-0,01094571
0,05400665
0,1638468
0,08947141
-0,06513736
0,1278759
-0,1506475
0,07161102
0,04774104
-0,1054689
0,1016302
0,05354195
0,1098626
0,1510282
0,1945801
0,2110388
0,06377964
-0,07733367
0,004520309
0,003188304
0,02172757
-0,008306669
-0,01278734
-0,01526018
0,03928153
0,06217694
-0,002440504
0,03040989
0,06554013
0,03419869
-0,001682306
0,03374686
0,06396148
0,0171509
0,05698634
0,03142917
0,0912347
0,1698745
0,06002937
0,03126374
0,0264639
0,08737917
0,02401192
0,1023063
0,01233336
0,05134534
0,05719433
0,05943497
-0,04787778
0,1201689
-0,1009866
-0,1717877
-0,09687494
0,04998413
-0,08332019
0,1422248
-0,04056157
0,1436702
0,05715003
0,09719638
0,1338109
0,12272
0,04797979
0,08293801
0,09942999
0,1592433
-0,05611836
0,03774448
-0,03399462
0,07478173
0,08321781
-0,01682756
-0,06161259
-0,007133348
0,01861585
0,06557072
-0,069686
-0,004086509
-0,01441973
0,04969594
0,01885726
0,003707309
0,008584403
-0,02923073
-0,005830054
0,03116633
5,606407E-05
-0,1130578
0,05552783
0,09150236
0,02567343
0,0296569
0,04419167
0,06316064
-0,02353578
-0,05364761
0,0008574409
0,0417115
0,05060152
0,1152329
0,03244609
0,03456272
-0,02725204
0,06959939
-0,0874851
-0,08784871
-0,1103756
0,08328357
-0,06861468
0,08308998
0,1042821
-0,01000256
-0,01537807
0,08450074
0,05469681
0,2219739
0,130299
0,08195036
0,03699272
0,005575641
0,09257764
-0,1358763
-0,1389269
-0,03444982
-0,0279608
0,0222212
-0,02443152
-0,03071427
-0,01329696
0,05982123
0,01527436
0,01102786
-0,01615212
-0,03197959
0,04789605
0,1140254
0,09364766
0,04511962
0,1140537
-0,09259803
-0,04750117
0,03221399
0,01135693
-0,04142133
0,1139569
0,061876
0,1035422
0,05679798
0,2033661
0,02325995
-0,1715811
-0,008334727
0,1130136
0,2242909
0,1061503
-0,01257247
0,05494475
0,03988573
-0,2171306
0,002088433
0,07000505
0,01297047
0,08115326
0,05033311
0,1657588
0,2337483
0,133029
0,159069
0,2406853
-0,005459491
-0,06431659
-0,0130704
-0,0742116
-0,1020103
0,02598994
0,03478058
0,01397049
0,0004220364
0,005050918
0,02894901
0,01610183
0,02720283
-0,02717564
0,006191721
0,03322399
0,05424776
0,04070456
-0,07853933
0,0864765
0,04103858
0,1046192
0,05549189
-0,01567896
-0,04689711
0,07460234
-0,01909803
0,1198471
0,1000582
-0,007088853
-0,03013998
-0,1033268
-0,004227768
0,02303523
0,03848598
-0,2104857
0,02601974
0,06974939
-0,07094762
-0,02397249
-0,0269689
0,1865365
-0,01760158
-0,004498397
0,1795108
-0,05679573
-0,009373633
0,07425653
-0,04793922
0,2350573
-0,02721669
0,005410322
-0,04923314
-0,08855055
-0,1393122
-0,01983953
-0,01541387
0,01996446
0,0384312
0,04136974
-0,004691096
0,006785648
-0,0286407
-0,03231137
-0,0575585
0,1681111
0,1222283
0,07487452
-0,03708677
-0,06405962
-0,1143554
-0,02146135
-0,00809966
-0,08288153
0,08753414
0,05677329
0,003349865
-0,001636183
-0,05040645
0,07329882
-0,1268629
0,005038904
0,1448855
-0,006651569
-0,08717959
0,07288273
0,06373969
0,03181554
0,1011918
-0,189486
-0,06379093
0,08667616
-0,008583902
-0,05729707
-0,04116688
-0,04052825
-0,1142702
-0,2495101
-0,2218001
0,01105267
0,06268725
0,03843815
-0,1048907
-0,09785534
-0,1898847
-0,01826085
0,1002783
0,01943907
0,06707332
0,02666719
0,004368563
-0,008033621
0,00310119
0,01033906
-0,008542789
0,05208664
0,07109568
0,09091111
0,03699439
-0,04255135
-0,13997
0,1344882
0,05146846
0,01834699
-0,08510871
-0,02594359
0,0171579
-0,006243727
0,05276046
-0,04365534
0,06090895
0,009265202
0,1381336
0,08305064
-0,170887
0,136655
0,04060757
0,09625617
0,02085081
0,09247756
0,08572149
0,1211143
-0,08937964
-0,1086129
-0,09868111
0,06875223
-0,1309702
-0,06930976
-0,1063064
-0,07469318
-0,05960826
0,04922681
-0,02188881
-0,01787693
-0,0783399
-0,04156324
0,05905881
0,009532334
0,06716906
0,04390641
0,01303866
-0,01649236
-0,01335143
-0,03251914
0,03049632
0,01375752
0,05516794
0,02936476
-0,1206933
-0,1096045
-0,01544435
-0,01448201
-0,1086638
0,05635388
0,08719616
0,04435426
0,0009969251
0,05055862
0,1955754
-0,08117936
0,1199851
0,2529705
0,004221673
0,07786027
0,07405023
0,02557983
0,07137411
-0,1233989
0,1062338
0,006839934
0,04346779
0,04992642
-0,1546069
0,06594269
0,08496134
-0,01565336
-0,0252984
0,1575557
-0,04034574
-0,1112875
-0,08232699
0,1464285
0,1287684
0,03769683
0,0926214
0,05386842
0,06431887
0,0241224
0,06912071
0,03531626
-0,0212073
-0,02988935
0,006220024
-0,01762189
-0,001722309
-0,02028527
0,02994902
0,08482222
-0,0789847
-0,1455234
-0,05274466
0,1588807
0,1319371
-0,07548328
-0,02456067
0,01787151
0,09075455
-0,08427167
0,131716
-0,09788804
-0,1128526
-0,0230132
0,03580438
0,09095093
0,09905462
0,03423203
-0,02270408
-0,08330625
-0,0533498
0,03077718
0,01063764
-0,1383994
0,09124967
0,154291
-0,03286692
-0,005824505
0,06884503
-0,02148398
-0,03683551
-0,09666138
-0,08194635
0,05017047
-0,0760456
-0,1488908
-0,05595543
-0,06556773
0,02419865
0,05339526
0,01969246
-0,02895824
-0,01368169
-0,03762504
-0,01304777
-0,02242591
0,02851885
-0,0301358
-0,01122793
0,05235177
-0,1493819
0,01708006
-0,008270326
0,03775266
0,07281958
0,0004076848
0,0868579
-0,1504639
0,0147125
-0,04681846
0,04269916
0,1537295
-0,1085653
0,004804031
-4,893169E-06
-0,1018619
-0,1229544
-0,006536338
-0,01266009
0,2373283
0,03022545
-0,1804047
-0,04891473
-0,05870527
0,01498894
-0,07209527
0,1495154
0,04918727
0,01465989
-0,040468
-0,03635349
-0,1889603
-0,1988537
-0,07682637
-0,1397964
-0,1902075
-0,08540453
-0,1084423
0,009493293
0,007886342
-0,02211178
-0,02329468
-0,0450918
-0,03339105
-0,01711258
-0,006278219
-0,04005307
-0,00429887
-0,02509124
0,03687095
-0,08445837
-0,002563327
0,1012025
0,1058758
0,006108128
0,06673685
-0,07012939
0,07374939
0,001867763
0,0327435
0,03061031
-0,02664439
0,01426267
-0,1066372
-0,1552492
-0,03019553
0,01926472
-0,08803663
-0,054118
0,02747134
-0,01871059
0,05596754
0,1224302
-0,02483653
0,09928136
0,1893205
-0,1155496
0,1415614
-0,05125095
0,05467143
-0,1225076
-0,1408241
-0,07601923
-0,07186145
0,08836189
-0,05707945
-0,05027844
-0,02998029
-0,0003425098
-0,0416427
-0,06875467
-0,04989431
-0,03174935
-0,03376669
-0,01383969
0,0007184858
-0,04061786
-0,01404844
0,04075775
0,02129847
-0,02846976
0,08454671
0,05086401
0,09287259
0,02394831
0,1126659
-0,05577034
-0,04906923
0,03269
-0,1151959
-0,1324361
-0,07699133
-0,1015892
-0,01277792
0,08032289
-0,1207959
-0,1305324
0,114545
0,1898233
-0,02344916
0,03080889
0,1778462
0,08680165
-0,1237226
-0,08322759
0,1202844
-0,03404396
0,1136957
0,1025252
0,02743648
-0,02710596
0,01008254
-0,07600534
-0,1213468
-0,09358209
-0,1740533
-0,1275952
-0,00168956
-0,0003310053
-0,01440072
-0,03765327
-0,1073205
-0,07146304
-0,002680701
0,01248701
-0,04038613
-0,002333004
-0,02464698
-0,03515382
-0,0388873
-0,05125026
0,01569726
0,03275364
0,05922768
0,1554847
-0,02095713
0,01015721
-0,06572875
-0,1852627
-0,01725775
-0,1026026
0,0329656
-0,07178435
-0,1000928
0,05433297
-0,0568321
-0,04453763
0,2090195
0,1319943
0,04223913
0,05165878
0,1165629
0,1438069
0,04779838
-0,1475262
0,03499981
-0,09681944
0,1054557
0,04368383
-0,003937851
-0,07520621
-0,01099449
-0,09499405
-0,1363738
-0,06035741
-0,1525993
-0,1643864
0,0351813
-0,009149125
-0,01267578
-0,08649552
-0,07955318
-0,0765668
-0,05258908
0,01840424
-0,02254462
-0,01521372
-0,0002427525
0,001395997
0,04642367
-0,03368505
-0,1035305
0,004033269
0,01081814
-0,2314821
0,1613959
0,03324015
-0,03732772
-0,1214702
0,01114494
-0,155664
-0,1616161
-0,05687312
-0,01470432
0,1160932
-0,009932589
-0,1045104
0,002924234
0,1166881
-0,09391348
-0,08260084
0,1526429
0,1527357
0,2067048
0,04441147
0,008587744
-0,07264823
0,02536383
-0,006783902
0,1443763
-0,07940847
-0,04827428
-0,05994181
-0,2104708
-0,2666535
-0,0661753
-0,1307755
-0,11669
-0,09228489
-0,09488426
-0,07671741
-0,07345119
-0,0610026
-0,05022943
0,009173318
-0,02400639
0,02214868
-0,09597318
0,04397845
0,01819803
0,04560075
-0,03377153
-0,01768452
0,02485294
-0,00839962
0,06034665
-0,0977273
-0,02952888
0,005372464
0,02486957
-0,04107023
-0,03936779
-0,05074295
-0,03010594
-0,02215654
-0,3203886
-0,01566513
-0,01028585
0,03916371
0,1284742
-0,0608243
-0,115434
0,06276772
0,1352556
0,08597355
0,1030174
-0,0875957
-0,1281391
-0,005915757
0,3018407
-0,06974935
-0,1047017
-0,1826997
-0,2171365
-0,3378795
-0,1295721
-0,1299414
-0,2039231
-0,1487712
-0,1226657
-0,1004736
-0,05027068
-0,02323231
-0,02279728
-0,006552205
0,005768235
-0,08489929
-0,04280171
-0,02104496
0,01311693
0,001227985
0,02626953
-0,1211342
-0,02863459
0,1374619
-0,07339225
0,03202949
-0,1028819
-0,1464469
-0,07161538
-0,1365322
-0,176377
-0,0922718
-0,1693851
-0,1361485
-0,1027757
0,02070889
-0,03491083
0,07731567
0,03667165
0,08631601
0,06550021
0,2078971
-0,04160546
-0,009166
0,05523475
-0,05721557
-0,02039611
0,1746066
-0,009346675
-0,1418045
-0,1233878
-0,05824914
-0,2034791
-0,08193091
-0,04552635
-0,03694845
-0,1527843
-0,1629064
-0,07748402
-0,05453525
-0,07062077
-0,06017469
-0,01798666
0,01908018
0,01502595
-0,03975419
-0,04470439
-0,06474729
-0,06562695
0,01623609
0,0241471
0,01994538
0,07878885
0,05729414
-0,03112458
-0,1223218
-0,1434381
-0,2784176
-0,3712984
-0,3171572
-0,2447198
-0,1786861
-0,2267075
-0,1212136
-0,109276
0,04328912
0,1121785
-0,03057185
-0,06559708
0,04148165
-0,1928242
-0,07153407
0,2686161
0,134646
0,2217989
-0,08442451
-0,008634578
0,0841745
-0,05144759
0,07371226
-0,01684377
-0,002126578
-0,06934639
-0,0236154
-0,08030981
-0,147818
-0,08296661
-0,0933011
-0,0869493
-0,03674702
-0,02562264
-0,06192973
-0,03579837
0,02648158
-0,05867851
-0,02741762
-0,03052327
-0,02773066
0,02435318
0,2703865
0,1085348
0,1230074
0,1849871
0,02970534
0,011556
0,05630086
0,09175834
-0,2296223
-0,135734
-0,2256243
-0,238636
-0,3187882
-0,3742657
-0,1017188
-0,09640533
-0,1906269
-0,03048184
0,0154328
-0,02424354
0,08768493
-0,1053857
-0,2878508
-0,004623577
0,2658578
0,4309038
-0,04055666
-0,002036609
-0,08001348
0,06981236
-0,005114474
0,1172563
0,03406112
-0,01251072
0,0176501
-0,004203098
-0,06224086
-0,0004153652
-0,05512513
0,0075917
-0,0006593653
-0,004784059
-0,06171411
-0,03644632
-0,01190665
0,001564752
-0,03097695
-0,02740919
-0,04104581
0,0628857
0,1799853
0,04645072
0,02975374
0,01016808
-0,01997971
-0,1819074
-0,08964774
-0,02473799
-0,2076888
-0,2251637
-0,232
-0,3798236
-0,3636753
-0,3554853
-0,1945937
-0,1395167
-0,1023899
0,01327806
-0,01807604
-0,2120254
0,1879269
-0,09728734
-0,2655764
-0,2494575
-0,02529213
0,3240037
0,06486168
0,09255788
0,1474543
-0,1081088
0,03481983
0,1599108
0,05818666
0,1097245
0,1959703
0,04678417
0,04724591
0,1188119
0,0607359
0,02746443
0,03449737
0,01169022
-0,0711373
-0,04839057
-0,02928149
0,01576962
-0,003049336
0,0005435912
-0,07236692
0,01838381
0,08540057
0,1094964
0,05991868
0,04757322
-0,0542066
-0,1242565
-0,1275734
-0,1372717
-0,246057
-0,3313676
-0,2645074
-0,4103052
-0,3874677
-0,3514911
-0,1543305
0,06875529
-0,06953873
-0,2099628
0,04285926
-0,08781488
-0,00980864
0,2140359
0,1174726
-0,1489055
-0,0355004
-0,04854977
0,1632749
0,1194824
0,01972608
0,01399442
0,1716208
0,1640493
0,003888384
0,1149292
0,09059774
0,08180074
0,07820132
0,09720549
0,06718625
0,05291172
0,07027977
0,01623829
-0,03247503
-0,002268787
-0,02262805
0,00851757
-0,0379504
0,0724673
0,03167772
0,1656676
0,1733709
0,2114614
0,1056233
0,08623407
0,05834962
0,02560493
0,1349981
-0,02908021
-0,1054114
-0,2168081
-0,3108202
-0,2559696
-0,3932089
-0,3663976
-0,1738201
-0,1240928
-0,03099928
-0,2975834
0,002216264
-0,019076
0,06336492
-0,09583174
0,07319571
0,1591296
-0,1220826
0,07854618
-0,1009227
-0,1860556
-0,2637998
-0,09023217
0,01952137
0,1264214
-0,05138748
0,1280126
0,003756255
0,09895232
0,21248
0,07601192
0,02730882
0,06047364
0,03846544
0,07695589
0,007692146
-0,03448196
-4,480277E-05
-8,760836E-05
-0,01442943
0,02834773
0,1719382
0,08886271
0,1866693
0,1241523
0,2465184
0,1358487
-0,06658825
0,09261741
-0,02797638
0,05226042
-0,146106
-0,197372
-0,134793
-0,1745266
-0,2233886
-0,1766398
-0,2614194
-0,07402639
0,08149207
-0,08637425
-0,01820938
-0,1734539
-0,05391404
-0,15458
0,06030405
0,1909404
-0,05043173
-0,006464581
-0,03992854
-0,1022077
-0,03561396
-0,03855178
0,02046961
-0,02918951
-0,01317922
0,004282941
0,1314791
0,05763721
0,1022756
0,04847359
0,04949621
0,0769844
0,02193348
0,08922723
0,009893096
-0,03433632
-0,01634153
0,03071519
-0,00907965
0,04953516
0,08569154
0,1195593
0,1407971
0,3441285
0,398059
0,2472317
0,141775
0,1630453
0,09615073
0,0906195
-0,06469624
-0,06625933
-0,1499885
-0,1094336
-0,1287725
-0,1008935
0,001011327
0,1348467
0,1198055
-0,0381702
-0,04365639
-0,001132912
-0,101634
-0,0785345
-0,04899421
0,1654059
0,03886525
-0,01195676
-0,1654241
0,1112403
0,08294419
0,1136974
0,145683
0,1283673
0,03066436
0,06466904
0,212927
0,04698898
0,1553969
0,05818788
0,04290291
0,02954772
0,02138237
0,02531117
0,03153144
-0,01058552
0,008585261
0,003785358
0,04797105
0,00946584
0,04985957
0,02031909
0,02890707
0,1827617
0,2195082
0,2246802
0,1228811
0,06828709
-0,02108187
-0,09470509
-0,1960921
-0,1716806
-0,1980064
-0,005574192
-0,129136
-0,05752876
-0,2375216
0,086321
0,235468
0,1539005
0,02266132
0,07477257
-0,1113894
0,01514331
0,01275175
0,2028024
0,06045793
0,0007788045
-0,09586594
0,07758541
0,1461527
0,1349072
0,07859407
0,006087255
-0,01318658
0,08327463
0,1958866
-0,01455214
0,04462508
0,03651443
0,02176294
0,04004303
0,0207269
0,009835862
0,04021477
0,01235912
-0,02431054
-0,03833843
0,0555728
0,04418207
0,04501311
0,1015977
0,173975
0,1057018
0,0975946
0,02691538
-0,06068176
-0,01668474
-0,01864244
-0,1861428
-0,1428693
-0,01697551
0,0251767
0,1155922
0,02637655
0,02741021
-0,2066786
-0,02378142
0,007081307
0,04375545
0,01366627
0,2015482
0,03969656
-0,06403724
-0,2642509
0,02013987
-0,1113584
-0,09993124
0,02144941
0,08822315
0,1565639
-0,09064181
-0,1631975
0,05600002
0,06534291
0,04565606
-0,03209879
-0,01298213
-0,05920188
0,06030672
0,02706942
0,06740463
-0,00515963
-0,0009392849
0,01296812
0,0002656056
0,00693659
0,01789917
0,0352346
0,03871498
-0,002622632
0,03128858
0,1093862
0,1535759
0,001683458
0,1475978
0,03240436
0,1754085
-0,02959067
-0,05919136
0,07781054
-0,0941575
0,05176428
0,07950184
0,03556463
0,1203462
0,05353112
-0,05831346
0,02439529
0,165428
-0,08034597
-0,03867686
0,05317247
-0,1239421
-0,1213112
0,05626263
-0,07466918
-0,08097201
-0,09591051
-0,06175993
0,05037133
-0,05472234
-0,209152
0,05818242
0,02382569
-0,03411873
0,1147674
0,08320627
-0,0393227
0,0156549
0,03768461
0,05612956
0,03880237
0,03060832
0,02642726
-0,04244112
-0,0008291962
0,03320982
0,03129593
0,1144112
0,09507018
0,06769869
0,07905621
0,05802035
0,0387064
-0,0116928
-0,05114627
0,02481878
-0,09204764
-0,08679122
-0,09692165
0,007622356
0,06819723
0,2567043
0,05160558
0,1194904
-0,06271374
-0,09485726
0,09234518
0,1923115
-0,1227805
0,001798824
-0,1349193
-0,09006842
-0,06672788
-0,1345813
-0,1821089
-0,07503481
0,05660501
-0,1914329
0,01935401
-0,02855339
-0,1000897
-0,04387437
-0,03214617
0,0002847891
0,05786205
0,1009396
0,07891848
0,01854135
0,06195413
0,03874272
-0,001962377
-0,02853152
-0,00999335
-0,03097499
0,0217544
0,03039385
0,03412179
-0,03324221
0,06574059
0,06030316
0,05417807
0,008625314
0,07189689
0,1029402
-0,1183755
-0,03570262
-0,1475803
0,01024176
-0,05660924
-0,03392143
0,005330577
0,2007037
-0,03580016
0,1712537
0,01490283
0,006026208
-0,05263168
0,04941563
0,1719708
-0,1343773
-0,2065983
-0,1281178
-0,1473473
-0,07455625
-0,277143
-0,05625834
-0,06801759
-0,02831343
0,06496972
0,1185612
-0,07671552
-0,1405555
0,01943311
-0,02137601
-0,08593813
-0,02786307
-0,05095555
0,008119944
0,02678714
0,02699083
0,02371217
-0,02684185
0,02622031
-0,003013513
-0,003807154
0,03620191
0,03799803
-0,1077964
-0,03059904
0,02573742
0,06427577
-0,02903816
-0,009094502
0,04932335
-0,2367153
-0,04215013
-0,1970436
-0,03626598
-0,1213888
-0,0926441
0,05886945
0,1636498
0,008980614
-0,03210544
-0,07472315
0,1037513
-0,09882875
-0,06933499
0,1701048
-0,0954743
-0,1591779
-0,1115596
-0,04063223
-0,04960617
0,1733714
0,03260933
-0,1111687
-0,07857619
-0,02897839
-0,003939596
-0,1016638
-0,130839
0,002214025
-0,005346502
-0,1068272
-0,1137605
-0,006371509
-0,01262712
-0,06394868
-0,02388297
-0,007271813
-0,01104539
-0,005489416
-0,002765144
0,01454068
-0,01340229
-0,03359969
-0,04223246
-0,03114094
-0,06595594
0,06450229
0,03331757
0,02213601
-0,0504695
-0,1130497
-0,0459175
0,07138458
0,01496346
-0,01727414
-0,03239384
0,0735779
0,1251836
-0,001900635
0,1207516
-0,07983827
-0,1937154
-0,1097841
-0,02552647
0,2300803
0,008331841
0,02401465
-0,06854072
-0,1615835
-0,06585532
-0,1546367
0,0004759504
-0,07814088
-0,03348465
-0,07412855
0,0958159
-0,03456845
0,09001572
0,01025964
-0,01597629
-0,03370017
0,02111829
0,01368066
0,06881501
-0,01748615
-0,002557074
-0,02300748
0,005124744
-0,03536832
0,007502521
-0,01966293
-0,0268691
0,05999954
0,06109985
0,1887339
-0,02331371
-0,05344726
0,1618762
0,03003378
-0,08069651
-0,08424556
-0,0391832
-0,1560369
0,05072984
0,07235009
-0,1806193
-0,1032319
-0,03255712
-0,1351579
0,008907877
0,01619489
0,04602929
-0,005548441
-0,007286017
0,01520974
0,05267557
0,09196626
0,2092867
0,03477793
-0,04207262
-0,03302014
-0,09755082
-0,01610469
0,03690003
0,04697353
0,07646879
0,04167522
0,01421324
0,05563059
-0,1066196
0,05308327
0,02026044
0,02296715
0,02641795
-0,004182375
0,0110754
0,02749624
-0,007591981
0,008939371
0,006520269
0,02195076
-0,00779129
-0,0006249346
-0,07337976
-0,004583686
0,01754168
0,06279423
0,08156609
0,05814409
-0,09885055
-0,03648305
-0,1235653
-0,03694781
0,01041644
-0,1242063
-0,06682336
-0,06965227
-0,1118212
-0,008398268
-0,1086376
-0,03313394
0,03417351
0,08758371
0,005119464
-0,1099331
-0,01937476
-0,005227617
0,03498995
0,08244072
-0,04511295
0,1161878
0,04680979
0,03350542
-0,003664602
-0,03898783
0,008810921
-0,02200714
0,1158583
0,1670171
-0,0321556
-0,08531322
0,06057838
-0,0007941996
-0,03926054
-0,0364492
0,008092726
0,02029388
0,01379126
-0,01654341
0,008308312
-0,01020831
0,004491892
0,05472684
0,03712229
-0,02606045
0,03088235
-0,06128748
0,02329754
0,01680121
0,08973864
-0,04273151
-0,1810669
-0,01304226
0,02431263
-0,02718697
0,01392244
0,03136918
-0,2075139
-0,1316681
0,06020852
-0,005406022
-0,1408627
-0,06730287
-0,006725635
-0,01940603
-0,003609043
-0,09936561
-0,04254558
0,1228487
0,01389904
0,0964011
-0,007006218
-0,06573538
0,05370268
-0,02229406
0,07572076
0,02601303
0,1731523
-0,06078741
-0,1948218
-0,001232194
0,08421661
0,004453056
-0,03924429
-0,02618784
-0,009011781
0,02515107
-0,005705804
0,007819694
-0,007271644
-0,02778816
0,02122309
0,01816399
0,05281419
0,05902852
-0,003749618
0,01190106
-0,1267459
-0,02587244
-0,07248775
0,1027463
-0,007342784
0,07820117
0,05211335
0,07319245
0,09420844
-0,1096257
-0,02245244
0,07155837
-0,1440054
0,01048683
0,08515089
-0,08348373
-0,02483566
-0,1383434
0,09822455
0,009787544
0,03691284
-0,03893331
-0,05318147
0,06469947
0,01612634
-0,02354565
0,01245959
0,08174573
0,02424924
-0,07881104
0,09402683
0,04362956
-0,0963532
-0,04278542
0,06738956
-0,02478054
-0,03978787
-0,05257438
0,001547164
0,008590752
0,02963058
-0,004204674
-0,008920994
-0,01430413
0,008501207
0,04936529
0,02161867
0,09063317
-0,09200903
0,05615348
-0,0008273911
-0,1411981
-0,005134099
0,2578386
-0,03434782
-0,01426113
-0,04419095
-0,03575805
0,02178845
-0,07245063
-0,0624535
0,1336624
-0,01959525
-0,03312976
-0,126055
-0,08289538
-0,2013516
0,1191022
-0,04992794
-0,02974993
-0,01175117
0,06118821
0,03037002
0,01312843
0,01619422
-0,1580464
-0,005084274
-0,1192853
-0,1851671
-0,05769067
0,02308174
0,055396
0,01923343
0,03037059
0,000304744
-0,02092308
-0,0390018
0,0004804443
-0,03164133
-0,009228008
0,009921347
-0,02970126
0,02181253
-0,001008713
0,006439623
0,03115897
0,02524431
-0,003498544
-0,007825642
0,0436291
-0,06108389
-0,08203178
0,05084245
0,1564526
0,007625273
-0,107082
-0,004678301
-0,08020812
-0,05171009
-0,04286421
0,02044388
0,02883004
0,0153239
0,02108364
-0,02953816
-0,02280383
0,1749474
-0,001172887
0,006025339
-0,07453451
0,06797887
0,08796868
0,04105543
-0,1564106
0,06722842
-0,09538218
-0,01680171
0,02475228
0,08479489
0,08497623
0,03697067
0,01253159
0,05519332
-0,007229717
-0,01100107
-0,05200873
-0,04798
-0,06857727
-0,03837696
0,0276545
0,0329589
-0,01670247
0,009532451
0,02914287
-0,004288589
0,02903303
0,05287535
0,01751758
0,01834454
0,09076527
-0,01469319
-0,06678628
-0,006253014
0,06427723
0,05473508
-0,02110524
-0,08276384
0,03701195
0,005669205
-0,02736111
0,05098135
0,04267294
0,06933638
-0,04804481
-0,1332283
0,07021783
0,01190049
0,007562648
-0,1347094
0,03758828
0,04992806
-0,06257377
-0,08119334
-0,01783099
0,09153302
-0,0680303
0,08685625
0,1491109
0,0753444
0,02386892
0,09058008
-0,001667146
0,009930894
-0,07075212
0,003714884
-0,02260557
-0,03383343
-0,05383335
3,588422E-05
-0,01001838
-0,0003034779
-0,01992872
-0,01891496
-0,02533634
-0,002598614
0,0007962344
-0,03028332
0,08996063
0,03403424
0,0298554
-0,07314502
0,02034436
0,04270902
0,02879938
-0,08686253
-0,1867524
-0,06366743
-0,009790973
-0,07610844
0,03148034
-0,02068851
0,02294332
0,01177525
0,04490859
-0,1028397
-0,07349574
-0,006626732
-0,05875922
-0,07159683
-0,03674012
-0,01729505
-0,08682029
0,1083856
0,1178516
0,06205939
-0,02939855
0,06333715
0,1041572
-0,04374322
-0,07281605
-0,03718642
-0,02731818
-0,07522836
-0,09585422
-0,002465547
0,0188302
0,008197393
-0,01209535
0,02929088
0,02835155
0,03934406
-0,01019354
0,01029147
-0,01202706
-0,006069056
0,007060995
0,02857188
0,1084972
0,1056286
-0,01098506
-0,01204381
-0,0296851
-0,02649004
-0,02380761
0,001886152
-0,002451779
0,009551112
-0,05021434
-0,008334862
0,07537717
-0,0119693
0,01579916
-0,03571438
0,1391445
-0,06639741
-0,003389141
0,1686489
0,2293026
0,1300024
-0,0224398
-0,04740046
0,01503064
0,09337727
0,06971569
-0,04566915
-0,0382426
0,03864878
0,08316421
0,06030191
-0,0742321
0,02115698
0,02207742
-0,0455222
-0,05387701
-0,03639435
0,001863404
0,01839056
-0,008825958
0,0254134
0,03230947
0,0244899
0,006276368
-0,01734409
-0,02537331
-0,02018553
0,004231606
-0,01407545
0,05671577
0,001348519
0,03241361
-0,03845615
0,02051403
0,03657922
-0,03607285
-0,07409384
0,04600073
-0,07220615
-0,06424369
0,1473313
0,1021419
0,07522931
0,0244211
0,1227286
0,0806895
0,05467546
-0,113311
0,1370585
-0,006181463
0,04417918
-0,0380298
-0,05244489
0,08208367
0,1296323
0,152603
0,1158421
0,08404801
0,04821749
0,1122642
0,02047824
0,02984572
0,0170639
0,03935015
0,02601619
-0,04931837
-0,004249519
0,01980811
-0,02580753
0,01480918
0,002722974
0,018785
0,001515404
0,01703435
0,0002742517
-0,02892991
0,003022029
0,02433245
0,05605729
0,04002544
0,05005668
-0,04464018
0,01626695
-0,03006641
0,01487272
-0,05569121
0,04440114
-0,04086442
0,06034564
0,0624752
0,04798071
0,09495904
0,09427166
0,1548598
0,08765071
0,08468671
0,08334525
-0,02081154
0,01719364
0,09749434
-0,04539967
-0,1305654
-0,122533
-0,03431344
0,03575622
0,1285984
0,01195427
0,09214124
0,009029871
0,05427545
0,05108837
-0,04417847
0,04996394
0,07663243
-0,007633055
0,02548446
-0,0181741
0,005220361
-0,03721193
0,002228618
0,0192259
0,02726506
0,02140495
-0,001971714
0,02915584
0,009472471
-0,020843
0,03409827
-0,01137263
0,01388698
0,007943372
0,03231643
-0,009041294
0,01592336
0,06352071
0,03237728
0,06212109
0,05469934
-0,002482981
0,05482265
0,0740755
0,03167922
0,08729956
0,1159111
0,09731887
0,05254946
-0,01255832
-0,1281638
-0,08935977
-0,07140075
-0,09843851
-0,07097935
0,02604541
0,07184055
0,1186501
0,04125511
0,04443722
0,07642955
0,01771511
0,04121271
0,01766541
-0,007897411
-0,01548315
0,03261886
0,009322068
-0,005270083
-0,02470548
-0,02143174
-0,020339
-0,02248061
0,01775249
0,006990098
0,01865344
0,01483012
-0,004399274
0,004150671
0,01045343
-0,004607613
0,02837176
0,02554815
0,02090512
-0,02484874
-0,02340236
0,0001791912
-0,0315794
-0,06586706
-0,03551248
-0,01572417
-0,04219218
-0,02737781
-0,00880122
-0,003441904
0,06345125
0,05140615
0,03481352
0,04234839
0,08948304
-0,01933086
-0,005606126
-0,013585
-0,07690166
-0,04512904
0,01712386
-0,007679266
-0,0616328
-0,03692781
0,007964615
0,02089929
0,006641507
-0,02621465
0,007300897
0,0169681
0,03661954
0,025682
0,00173098
-0,001900042
-0,002731504
0,02717165
0,009953099
0,002000493
0,02255083
0,003090303
0,02058108
-0,02542521
-0,0216704
-0,002690952
0,02549203
-0,01908492
-0,021005
0,02794185
0,01573013
-0,01873688
0,02184747
0,005144279
0,01628681
-0,01429159
0,0008377642
-0,007865316
-0,00905829
-0,008610943
-0,01541733
0,0484081
0,005025047
-0,03547738
-0,01407337
0,01422783
0,02949189
0,03033318
0,03700631
-0,006716551
0,00504746
-0,004561519
-3,77054E-07
-0,02988664
-0,04058701
-0,006932369
0,01001061
-0,02690379
-0,009078961
-0,01200872
0,008288986
0,02345128
0,003886171
-0,009091342
-0,008873932
-0,000809065
0,02643794
-0,01840916
0,02399158
-0,02428891
0,009592945
-0,007777558
0,002462446
-0,01139949
-0,01958737
0,02874467
-0,009309135
0,009510617
0,01913983
0,02321364
-0,03085028
0,03358441
-0,03499641
-0,006473693
0,003154218
0,02443682
-0,01112626
-0,03877486
0,001944383
-0,007688597
0,01559209
-0,008434018
0,00449221
-0,01497511
-0,02768141
0,03294023
0,005082964
0,01709893
0,006912626
0,01785523
0,004083823
-0,04446396
-0,06121647
0,00617884
0,00344088
0,015947
-0,03391698
-0,02485021
0,00431987
-0,005467562
-0,002219633
-0,01066197
0,009518197
-0,01957944
-0,003048001
0,03668613
0,02474424
0,01757624
0,007605245
-0,001382819
0,02676462
0,003170514
0,01511649
0,02262964
-0,008139506
-0,01924674
0,01215028
0,01274718
0,02572219
0,005948183
0,006791816
0,005149132
0,02303038
-0,02684375
-0,01780165
0,02230336
0,02887529
-0,04696444
-0,03731087
-0,03730333
-0,001658475
-0,01714758
-0,01054472
-0,04136679
0,02475573
0,03011523
0,04862075
-0,01998702
-0,01596233
-0,002218542
0,03252264
-0,01557151
-0,05202154
-0,04172524
-0,01860535
0,01905557
-0,01356871
-0,03455149
0,01227415
0,01809435
-0,01255163
0,02015433
-0,007784428
0,01510629
0,005683332
0,00660481
-0,02547379
0,002230495
-0,02655971
0,01230892
-0,02670588
0,02311277
0,01096841
0,0009285382
0,01936403
0,01424229
0,02674908
0,006765971
0,03022441
0,003757131
-0,005644795
-0,003609481
-0,009403073
-0,001809409
0,02473287
-0,02662932
0,007271843
0,01501099
-0,01616591
-0,0106871
-0,01270542
0,02742214
-0,01235108
0,007996798
0,029839
-0,02056195
0,02282652
0,007054826
-0,00364644
-0,01191326
0,009511699
-0,02778186
-0,02934518
-0,006141172
-0,01605533
0,02425373
0,02125313
0,006744415
-0,002719517
-0,02192871
-0,0150258
0,01868256
-0,02337499
-0,03291998
-0,02300385
0,01088733
-0,01716387
0,02700756
0,0273723
0,001011578
0,02982598
-0,01452183
-0,01516879
0,01236848
-0,01011905
-0,01563845
-0,0002214102
-0,02594988
0,001160623
0,01263433
0,03009056
-0,01379406
-0,02374418
0,01099978
0,02186639
-0,01834912
-0,01322535
0,01619694
-0,01824966
-0,01341649
-0,00960054
0,03160973
-0,006161452
-0,01633859
-0,01495077
-0,005181923
0,006043103
-0,01402361
0,001984952
-0,01258724
0,02433212
0,01173954
0,001574998
0,02112523
-0,01743367
-0,0009298673
0,02362377
-0,00152419
-0,009746568
-0,02684105
-0,01779974
0,01276758
-0,02449896
0,01040476
-0,02580344
0,0167288
0,01734196
-0,002711705
-0,0192491
0,02206247
-0,005700719
-0,00145072
0,01734502
0,01278029
-0,01549115
0,03037562
0,01895783
0,03014269
-0,007421962
0,0211977
0,004487127
-0,02115139
0,0008044632
-0,01968656
0,01875167
-0,01744577
0,001306206
-0,02587681
-0,007363354
-0,003525491
-0,01482632
0,01729427
-0,003769164
-0,02782824
0,02774882
-0,0003020127
0,02527825
0,01747704
-0,01983517
0,0004147734
0,009670494
-0,01988037
-0,02330635
0,01241647
0,02692627
-0,01018168
-0,03014828
-0,03272907
0,009288902
-0,01555855
0,005715888
0,02543945
-0,02302879
-0,001547264
0,003193754
-0,02351343
-0,01460494
0,02447314
0,02069
0,02198288
-0,01598281
0,01175289
-0,02491263
0,01697725
0,006343643
0,008716434
-0,02707371
0,01407294
0,01377075
0,01503404
-0,02567607
0,03037102
0,01732169
0,01915951
-0,02118412
-0,008706366
0,02919004
0,02121801
-0,01672791
-0,00695601
-0,01780717
0,002104456
-0,009251299
-0,02693655
0,01571507
-0,01153852
0,009206455
0,02831906
0,001129772
0,02244443
-0,01519739
-0,02877213
0,02886553
-0,009752813
-0,01034602
-0,02959817
-0,02180897
-0,006037705
-0,02499094
-0,01142696
-0,007120822
-0,01269134
-0,01237316
-0,02995003
-0,01462493
0,00983913
-0,02001482
-0,01195131
-0,0104097
-0,01815328
-0,02155806
-0,00540852
0,01113096
-0,00224742
0,009933194
