-0,02886318
-0,02851617
0,02905869
0,03047867
-0,009928387
-0,02895833
0,01376202
-0,005117056
0,008063985
0,009963373
0,02997083
0,008908556
-0,006257542
-0,007508058
-0,01026208
-0,01054211
-0,007469946
-0,02337542
-0,02096982
-0,003141554
0,0264301
-0,02922716
0,02052331
-0,01118424
0,004090803
-0,001990778
0,005525916
-0,01329843
-0,01478258
-0,01145502
0,01036257
0,0286065
0,006596819
0,0170034
0,01472204
-0,009750955
0,02268171
0,008472118
-0,004149789
-0,02734222
-0,01278048
-0,004214437
-0,01749131
-0,009354813
-0,02838999
0,01975342
0,009304661
-0,005864018
-0,005229237
0,01791932
0,02833295
-0,02156322
-0,001969196
0,004192345
-0,003656105
-0,02959814
-0,01843632
0,01025216
-0,003620803
0,02264209
-0,003916883
-0,002902931
-0,02031386
-0,01041432
0,03021386
-0,02862875
-0,02766217
0,007346546
0,00837883
0,03005291
-0,0026189
0,01464101
0,01132944
-0,02365549
-0,02037455
0,0006453148
0,01887185
-9,87128E-05
-0,0127645
0,01495081
0,01935046
-0,01853822
0,0226055
-0,002071796
-0,009193932
0,001891795
0,0005279451
-0,02759505
-0,00936485
0,01432986
-0,02128148
-0,01754837
-0,01786093
0,00387614
0,007188461
0,02077507
-0,01389774
0,02357238
-0,008989909
-0,02977532
0,01741428
-0,0280315
0,01632629
-0,004661811
-0,009514053
-0,01636651
-0,002288941
-0,008375521
-0,005395813
0,02634015
-0,01793219
0,01218145
-0,007064897
0,01204102
-0,0267174
-0,01536532
0,005110897
0,01238275
0,0293372
-0,0016876
0,001394511
0,03048804
-0,01339928
0,02462677
0,02133818
-0,01502705
0,00255609
-0,02243145
-0,0002577917
-0,01058768
-0,01549126
0,02597029
-0,0211407
-0,01315691
0,02809637
0,01735596
-0,004346638
-0,002758167
-0,02263776
-0,0228852
-0,02571934
-0,02103421
0,008507949
-0,004962672
0,0022763
-0,00297016
0,02000085
0,0006970442
0,0005325012
-0,007507357
-0,01433449
0,004316743
0,02476657
0,0231957
-0,0006720501
0,01731535
0,01576708
0,02201534
0,004376661
-0,02460152
0,01162937
-0,01010679
0,0221285
-0,02507341
0,01153995
-0,01356119
0,003253764
-0,02396204
0,01446376
-0,01348364
0,01961015
-0,02217014
0,005032847
0,02225595
-0,005961181
-0,007554955
-0,007865235
0,02260039
-0,007689022
-0,005670988
-0,004654866
-0,02871161
0,007176468
-0,02288068
-0,026394
0,01097521
-0,02892609
-0,01385667
0,0180357
-0,01951116
-0,02865904
0,003850315
0,02319114
-0,02825084
-0,00407002
0,0146505
-0,01294278
0,003387542
0,0138195
-0,01455543
0,0242189
0,01402866
0,01690113
-0,01616633
0,003137895
-0,02272615
0,02952911
-0,02815285
-0,001172534
-0,02336251
-0,004805226
0,02368992
-0,0004351683
-0,01991579
0,01034123
0,009547681
0,01293041
0,01505572
-0,02887822
-0,02916686
-0,0143126
-0,01286811
-0,01144936
0,003868186
-0,01478845
-0,01436265
-0,01473137
0,003308217
-0,003690777
0,01001507
-0,02476887
0,0189787
-0,02202626
-0,02313042
0,000480646
0,01192466
-0,0142201
-0,006532071
0,004141533
0,02634984
0,01131
0,02881927
0,01739972
0,01100658
0,01577795
-0,02216915
-0,02613838
0,01291596
-0,008262101
0,01667163
-0,02847744
0,002636062
0,002082537
0,01254652
0,02998924
0,006407195
-0,004862402
-0,01799478
0,02875264
-0,01281459
0,02296031
-0,003991617
0,006348199
0,01972008
-0,02888913
0,006221004
0,01525638
-0,007206556
0,01007233
0,028887
-0,006109783
-0,01048913
-0,01935497
-0,02495785
-0,009993077
-0,0128609
0,0007245067
0,008184435
0,01871898
-0,02246767
-0,01784173
0,002554853
-0,01890811
0,009977521
0,008198963
0,003508763
-0,01291391
-0,003991382
-0,02312547
0,02418333
-0,01334497
-0,02745517
-0,005650111
-0,01360788
-0,02668203
-0,01519315
-0,00808117
0,02824453
0,009513097
-0,02083516
-0,007245215
0,01158982
-0,02735386
-0,00672753
-0,007555037
0,01259062
-0,008789644
-0,003876306
-0,007535305
0,0123361
-0,02400078
0,01719502
-0,005848232
0,02188487
-0,02465413
-0,01040118
-0,01583307
0,02693807
-0,01915166
-0,001685502
-0,01089657
-0,01095951
-0,01415669
0,01672382
0,012648
-0,008144175
0,02599969
0,02466503
-0,02842107
-0,02465618
0,02644439
0,002916012
0,0284856
0,00858212
0,01450009
0,0004450176
0,0006032154
0,01908768
-0,01220315
0,02626933
-0,01826227
0,02091695
-0,02668474
-0,005303184
0,01746874
-0,000957184
0,008121626
0,002882109
-0,01915554
0,01391389
0,03038094
-0,00479299
0,01690357
-0,01932129
0,02042673
-0,02708996
-0,005043002
-0,01390996
0,01032346
-0,03036333
0,01692742
-0,00290124
-0,005575766
-0,01259871
0,01719254
0,0043044
0,0190363
0,01559501
-0,02383487
0,004792321
0,01976277
-0,004121696
0,009163362
-0,01501442
-0,01355994
-0,0008110175
-0,01424318
0,02127199
0,02977852
-0,01661751
0,01365756
-0,007391293
0,01377719
-0,01223606
-0,02534076
0,0003274662
0,01589898
0,01855205
0,02046664
0,01144356
-0,02448247
-0,01636299
-0,02278483
-0,01338613
-0,02136233
0,01415479
-0,004203796
0,01618817
0,007822369
-0,01696719
0,009935429
0,02268824
-0,004323134
0,005803694
0,02379478
0,002236773
0,01560047
0,0008533013
0,02291176
-0,0097264
0,01718093
0,003721584
-0,01285048
-0,001601485
-0,01217158
-0,005081797
0,01425523
-0,02399452
-0,01809688
-0,01338889
0,01868542
-0,02959329
0,0261222
-0,005310238
-0,0003386526
0,006579816
-0,01121833
-0,008656947
-0,02391317
0,003102357
-0,02740649
-0,0003487171
-0,01651417
0,01530344
0,003242443
0,02252596
0,02769834
-0,02125102
-0,004542348
0,001514573
0,01485007
-0,01508415
0,02495211
-0,001686529
0,02461661
0,001117143
0,02622546
0,009974206
0,03005045
0,01421915
0,03010084
-0,01052526
0,003911009
-0,0092264
-0,00596118
0,007434156
0,02449463
0,02875903
-0,02535337
-0,01378516
-0,01634613
-0,007751295
-0,006139599
-0,01074487
-0,01267387
-0,01299783
-0,00937487
0,00186686
0,02479398
-0,003254612
-0,001955595
0,005748302
0,01116795
0,009405854
0,00208312
0,004532977
-0,02390524
-0,001983562
0,0006187113
0,02874259
0,0128362
0,009580551
-0,00699712
-0,00799488
0,002214385
0,01477248
0,02774818
0,02436293
-0,00761753
0,02565637
0,02553851
0,02748909
-0,02776631
-0,02233266
-0,01177902
-0,008230805
0,02066156
0,005096504
-0,01921051
0,007437159
-0,01969153
-0,005542515
0,0160475
0,003980545
-0,01513561
-0,00699806
0,006217885
0,0225069
0,01775915
0,0202194
0,0008509918
-0,003433583
-0,002362185
-0,02445986
0,004519758
0,004178194
-0,03024183
-0,0298264
0,01529928
0,002860792
-0,01015337
-0,002454713
-0,02069741
0,02847442
0,001251902
0,001595685
0,004065312
0,003486919
-0,008121615
-0,02021096
0,01374672
0,001962006
-0,01295771
0,02394861
0,01854584
-0,01277335
0,02409683
0,01967416
-0,02272184
-0,01904052
-0,02321106
-0,02706699
-0,02506274
0,001424507
-0,006080527
-0,001805571
-0,0008881204
0,02680103
0,002593862
0,0137836
-0,008333334
0,01933746
0,01937786
0,007225904
-0,01355367
0,01282738
-0,01686743
0,01623912
-0,02824074
0,01420445
0,01935421
-0,02629564
0,001275493
0,007462084
-0,02393856
0,03075931
-0,02054052
0,002536157
-0,01504721
-0,01228808
0,009385883
-0,02055123
0,02298392
0,004528646
-0,002403853
-0,01152882
-0,00737043
0,008007091
0,005344609
-0,02777194
-0,02849635
0,007206232
-0,0298085
0,009728046
0,01957169
0,02613966
0,01215457
0,00997553
0,007843297
-0,02476837
-0,02835085
-0,02438135
0,0159
-0,006352499
-0,008361052
-0,02722433
0,001064062
-0,002904374
-0,005541643
-0,005791381
-0,01184316
0,02647136
0,01000718
-0,01683994
-0,02794546
-0,02005409
0,02486706
-0,01705271
-0,02065625
0,02835221
-0,009399584
0,005716251
-0,01762262
-0,03010606
0,01220869
-0,01809566
-0,02790087
0,0224735
0,01647843
-0,0191257
-0,01508001
-0,0009137439
0,02324291
-0,02122109
-0,0159931
0,002859905
-0,007451743
0,001186811
-0,01668658
-0,004701202
0,01679104
0,02537938
-0,01672726
-0,01817693
0,01575299
-0,02372777
0,0272426
0,01689777
0,006142405
0,008020294
-0,03130333
-0,001762103
0,000204615
0,01047788
0,01625797
-0,002607689
0,02380309
0,01619156
0,01167319
-0,02073527
0,03055986
0,008941491
0,009006958
-0,01774864
-0,02354913
0,01729725
-0,03027226
-0,001117124
0,02649694
-0,002934408
0,01828454
-0,006072488
-0,02969452
0,01615756
-0,02034224
-0,006377223
-0,0096774
-0,02783213
-0,01469884
0,005881726
-0,017031
-0,01631086
-0,01709495
-0,02055816
-0,02098293
0,01513093
0,03024343
-0,01733813
-0,006204286
0,01856514
0,009992689
0,00741075
0,01826483
-0,02664883
-0,005790995
-0,02235208
-0,01416622
-0,02858747
-0,02724066
0,02667457
-0,02581596
-0,001083963
0,02030124
-0,02214072
0,02076439
0,006212182
-0,001903248
0,01387517
-0,000961215
-0,008513179
-0,02432564
0,02216891
0,0001145443
-0,02463174
0,02526038
0,01380061
-0,009054071
-0,00247128
-0,03107671
-0,01266
0,01775821
0,0167385
-0,02656067
-0,02303116
0,01611795
-0,02302857
0,004455491
0,02622768
-0,009914695
-0,02724098
-0,02315755
-0,01178123
0,02695783
-0,009577017
-5,819384E-05
0,01394838
-0,005950828
-0,02495702
-0,01352105
0,003470832
-0,01203401
-0,01409365
0,01579227
-0,02665999
0,01497967
0,01660107
-0,02378789
0,01519031
-0,02162964
0,00894089
0,01561392
0,0189922
-0,02947857
0,01435786
-0,02253031
-0,01165069
-0,00450186
0,01271899
-0,007237036
0,01215779
-0,02876865
0,002448469
-0,008306349
-0,004883789
-0,01682757
0,01553853
0,02298739
-0,02068481
0,003533164
-0,02028546
-0,01007855
-0,01535387
-0,02246612
-0,006840097
0,02786906
0,001116087
-0,03043529
-0,03008443
-0,006807794
0,02673913
-0,02996657
0,01928973
0,01615925
0,01226306
-0,0142569
-0,01412011
-0,01558381
-0,01962197
-0,02151772
-0,01861333
-0,01243447
0,01274483
0,0136181
0,006986276
0,007482396
0,01854715
0,02511894
-0,008843235
0,01802054
0,02466252
0,02756171
0,02925342
-0,02001752
0,0296343
-0,01098281
0,0004173389
0,01064371
0,008738087
0,01776491
0,0065244
-0,0122088
-0,004827394
-0,01213278
-0,004360755
0,01026008
-0,01967442
0,01466267
0,008970505
-0,02333605
0,0250074
-0,001599176
0,00886389
0,02565945
-0,008700772
0,01826819
0,005437039
-0,0009926205
0,0002571511
0,01975227
-0,01971073
0,008155941
0,00865634
-0,02307527
-0,006324532
-0,0325952
-0,03221682
0,005927945
0,01464602
-0,009710077
0,01494452
0,007079905
0,006555869
-0,006981283
0,005790713
0,02653039
0,02296705
-0,005496745
-0,01039832
0,02694524
-0,007736034
-0,02605928
-0,01456294
-0,01625022
0,02597148
-0,0009877591
-0,01422729
0,03023794
0,01785502
-0,02093652
0,01272186
-0,02999404
-0,02047127
0,01967337
0,007873747
0,02891247
0,006449724
-0,01528028
0,02112424
-0,005486289
0,006368491
0,0006133873
0,02544466
-0,01662524
-0,01174301
-0,01477736
0,018689
-0,0160468
-0,007554918
-0,002947386
0,02472564
-0,01635798
-0,02180927
-0,001070483
-0,00955018
-0,027657
-0,0149729
-0,01035541
-0,01837874
0,02544403
0,008737119
-0,03355168
0,01844032
0,004051327
0,009652372
0,01827817
-0,002394424
0,01959762
0,01896416
0,007167762
-0,01327333
0,009773927
0,002592533
0,02468806
-0,007907153
0,02488924
-0,02368307
-0,02887893
0,02511483
0,009999926
0,01000751
-0,02777318
0,008335986
-0,009711948
-0,01664645
-5,576569E-05
0,01886946
0,005978849
-0,004615687
0,001133478
0,007597106
-0,01976371
0,0283237
0,02026716
0,006987752
0,0005780925
0,004550468
-0,01285805
0,002584694
0,0006081854
0,01600495
0,02809883
-0,007633752
0,008751051
-0,02601741
-0,02010236
0,003343402
-0,0218453
-0,02599483
-0,006966585
-0,03924134
-0,01950576
-0,006343676
0,0002546798
-0,014527
0,01111603
-0,005239876
0,001621623
-0,004903161
-0,02039541
0,02713395
0,02328102
-0,004529234
-0,0120978
0,03023471
-0,0254152
0,01196292
0,01365409
-0,01274916
0,01995558
-0,01243808
0,01820504
-0,002159294
-0,007029035
0,02299937
0,01102348
0,006292111
0,02218774
-0,01962512
0,02974501
0,02294957
0,002366976
-0,00712361
0,02289757
-0,0005767085
-0,01546655
0,008909819
-0,008192347
0,002596172
0,0258386
-0,02552076
-0,03107475
0,01857018
-0,01130925
-0,002585304
0,01886076
-0,00167611
-0,02935418
0,006542841
-0,03250587
-0,004487825
0,01537331
0,02067005
-0,01431018
-0,0230045
-0,02303154
0,01883147
-0,02222875
0,01364106
0,006324282
-0,02681687
0,00230507
-0,006612258
-0,001560837
-0,01098334
-0,006699944
-0,002435774
0,001989432
0,0181533
0,01259016
-0,004058
-0,01079122
-0,01926829
-0,009312984
0,01200721
-0,01682602
0,02650907
-0,02450554
0,01879542
0,0294653
-0,0244708
-0,002347062
-0,02201541
-0,02658699
-0,008365745
0,0267227
0,004029771
-0,03006981
0,007793976
-0,01611103
-0,007091188
-0,0005604985
0,002434652
0,01940262
0,01492375
-0,001183765
0,004910096
-0,01272456
-0,0379206
-0,03092873
-0,0127041
-0,04124951
-0,01682951
-0,03217158
0,003883467
-0,02276827
0,0103681
0,006782028
0,01022778
-0,03286556
-0,01338887
0,01608684
-0,01175319
0,01432569
0,001320025
0,006666907
-0,007526122
-0,01142387
-0,02632937
-0,008221096
0,01925031
-0,003315491
0,02257666
0,0004092056
-0,01433545
0,02429969
0,01048546
-0,01342592
0,0003364726
-0,0218891
0,002824357
0,0009945729
-0,02873302
0,009002849
0,002603955
-0,02557195
-0,02663154
-0,02914019
-0,009327534
-0,02402825
-0,01941125
0,02603933
-0,01606108
0,003063582
0,02187856
0,0008339348
-0,0257332
0,01520096
-0,01667635
-0,02644036
-0,02849119
-0,01770407
-0,01732142
0,005370283
-0,01487387
0,02481873
-0,02360677
0,01790972
0,01595281
0,01456599
0,003161227
-0,005443098
-0,02357462
0,002782931
-0,003583807
0,01557283
0,01310111
0,01028077
-0,01695801
-0,005459463
-0,001647964
-0,01039286
0,02498364
0,02401334
-0,02330861
0,02063508
-0,02486497
-0,01823492
-0,0002614622
0,007040528
0,01188757
0,01783375
0,02477513
-0,0144059
0,0274127
-0,02004283
-0,02322383
-0,01194269
-0,01356263
-1,381545E-05
0,02531598
-0,01366745
-0,02048535
-0,004426355
-0,004391467
0,009325894
0,01342874
0,009005135
-0,02745368
-0,02714214
0,0174786
-0,007288749
0,003329032
0,02318555
0,01212018
0,01646838
-0,005620756
-0,003508279
0,005523166
0,0005970403
0,02369815
0,02326813
-0,01256538
-0,02046683
-0,02694355
0,01659771
0,001695671
0,02177586
0,007210879
-0,01289788
0,006779381
-0,006026146
-0,009392392
0,009034904
-0,004343901
-0,02092879
-0,02787472
-0,01450997
-0,01232481
-0,01037891
-0,0298047
-0,0116448
-0,02921554
-0,01619816
0,007819653
-0,02351184
-0,02834761
0,02460562
0,0004220507
-0,02645617
0,009540955
0,005482316
0,005646092
0,01006194
-0,0005475112
-0,0371958
0,02143195
-0,03455959
-0,007276646
0,008340256
-0,02445762
0,01960832
-0,02618702
0,0176412
0,004340088
-0,001931297
-0,01903913
-0,02960946
0,002907157
0,006071963
0,01599417
-0,02069932
-0,02329173
-0,01758697
-0,001669603
0,004475634
0,02398754
-0,02742286
-0,0001657598
0,02561338
0,01287431
0,008277616
-0,009756439
0,0002242904
0,002869461
0,02338235
0,008135202
0,001137087
0,0287932
-0,007111798
-0,02275562
0,02616167
0,00995284
-0,001618899
-0,02877181
-0,03372143
-0,02758104
-0,02670622
0,008325366
-0,02384176
0,02232326
-0,03380676
-0,01792966
0,01623248
-0,02229268
-0,006826533
-0,006128933
-0,01260684
-0,0239663
-0,0361989
-0,03484822
0,01747426
-0,003359971
0,005189989
-0,02836523
0,004401586
0,006703976
0,00972682
-0,008043547
0,01425372
0,02346571
0,00931288
-0,02808199
-0,02172615
-0,002905435
0,02051507
-0,001500668
0,00885849
-0,02045392
-0,001092551
-0,002844827
0,01884291
-0,006117229
-0,01126597
0,02837022
0,009605348
-0,01485491
-0,005428971
-0,0190125
0,02900286
-0,01222338
-0,0237669
-0,01999606
0,02207986
-0,01646276
-0,02252999
-0,01477482
-0,03471372
-0,01186829
-0,009064389
-0,01671473
-0,01201857
0,004888164
0,01770936
-0,02015082
-0,0221591
0,01995884
-0,03224654
-0,01842184
-0,0138936
-0,03908104
0,01812263
-0,01606619
0,01614869
0,005782828
-0,01503103
0,00185914
-0,0164232
0,01143553
-0,004302657
-0,01119998
-0,02019537
-0,004323645
-0,008657818
-0,005354587
0,01357016
-0,004115785
-0,02028845
0,0248469
-0,01493298
0,0005541308
-0,002590503
-0,01560446
0,01113733
-0,0227602
-0,03039358
-0,02739181
-0,001219164
-0,03035379
0,01028492
0,009328613
-0,02778301
-0,03230318
0,01388984
0,02292073
-0,01160668
0,01112909
-0,01386946
-0,0236089
0,02088278
0,005414876
-0,03505575
-0,01688833
0,02215804
-0,03157694
-0,03084766
0,01832806
-0,01636265
-0,0124722
-0,006889856
0,007947352
0,0091074
-0,0199156
-0,02180681
0,02385917
0,003100793
0,007912578
0,009403267
0,0130571
0,008332985
-0,01682696
-0,02925087
-0,01676938
0,02804545
0,01398151
-0,016599
-0,01963983
0,01342715
-0,00362708
-0,02784592
0,02855654
-0,0258223
0,02508732
0,02863071
0,005394659
-0,004011106
-0,02569962
-0,01519888
0,001796909
0,02568064
-0,03119533
0,00814193
-0,03277908
-0,004781096
0,01757344
0,01580581
0,0138118
0,01259559
0,01128818
-0,01711838
0,006741435
-0,03257584
0,002128801
0,001281743
0,003060767
-0,004030345
0,009285784
-0,01843763
-0,03000166
0,01561786
0,01828382
-0,02557296
0,01922862
-0,007252609
0,0009657766
0,01147141
0,02295322
-0,0128025
0,004572704
-0,0005923193
-0,001520358
-0,00704725
-0,02265435
0,01328393
0,004112986
0,003510747
-0,02816838
0,01685036
-0,02222186
0,02440754
-0,003655518
-0,007296207
0,02554979
-0,02409381
-0,01086967
0,01983564
-0,007657256
-0,01462262
-0,01466671
0,02636065
0,006951703
0,01368269
-0,03021061
0,002456042
-0,03506921
0,01333893
0,01027906
-0,002073534
0,01721358
-0,02940558
0,02173343
-0,007847988
-0,0254902
-0,02020714
0,01213087
-0,02058687
-0,04263888
0,01356029
-0,04007834
-0,03112746
-0,003303136
-0,03974849
-0,02347188
-0,01614056
-0,006752385
0,001134019
-0,01337657
0,01820846
-0,02489945
0,01351781
-0,01096154
0,006488781
-0,03037728
0,006685317
0,01886231
0,01553589
-0,007920477
-0,0004769085
0,01492933
0,01818418
0,02004045
-1,88016E-05
0,02269317
-0,0296077
0,02674179
0,02571851
-0,02153895
0,006251248
-0,01427409
-0,02927592
0,02037073
-0,003623525
-0,01837243
-0,02342159
-0,01058571
0,002604785
-0,002938777
0,009724846
-0,02436299
-0,008385784
-0,005631451
0,0197563
-0,01505712
-0,02841063
0,009359001
-0,01989812
-0,01183887
-0,007005488
-0,01294429
-0,03821162
0,02023363
-0,005891434
-0,02704271
-0,02161168
-0,01548038
-0,03062258
-0,0252471
-0,01751109
-0,007801269
0,003610158
-0,004058977
0,01465137
0,002128981
-0,02482481
0,02272477
0,02241297
-0,007332442
0,02160663
-0,01526104
-0,01570485
-0,01338508
0,008963589
-0,01059892
-0,01060634
-0,01115098
0,02485458
-0,02704775
0,01103439
-0,01802499
0,006512546
-0,003082503
0,004625332
-0,0251819
-0,01868123
-0,02842913
-0,01453244
-0,01640173
-0,0348593
0,01950715
-0,01569594
-0,009701068
-0,02195347
-0,0189542
-0,003285675
-0,04219933
0,006877132
-0,01961947
-0,02540798
-0,02367906
0,01228236
0,02294483
0,002161722
-0,01490917
-0,01997083
0,01499096
-0,01582711
-0,02296565
0,01985776
0,02327451
-0,009002944
0,02941934
-0,001654286
0,02939469
0,01543682
-0,02480102
0,02035339
0,007452684
-0,01123597
-0,02806466
0,005398171
0,007106167
-0,007566724
0,0303292
0,02643135
0,01766907
0,02999682
-0,01302783
0,01096555
-0,01253662
0,002888992
0,0008388899
0,01489633
-0,008154932
-0,01264697
0,005699716
0,01633368
-0,01777234
0,0174783
-0,008832496
0,01039818
-0,02935007
-0,01262014
-0,03436426
-0,01145054
-0,02296164
0,0171701
-0,02856258
-0,006893625
-0,01190473
-0,03404697
-0,03034509
-0,03450675
-0,01654739
0,009885925
-0,01510336
0,00137302
0,004973007
-0,007597417
-0,003926138
0,01641764
0,02957913
-0,002372916
0,00262146
-0,009107159
0,02108572
-0,01657024
-0,02570514
0,007349451
-0,02403233
-0,01207109
0,006014262
0,01461953
0,02260292
-0,0135744
-0,001129022
-0,01693376
-0,01394655
0,0003147265
0,005585843
0,0171495
0,01034036
0,008507478
-0,02433402
-0,02717854
-0,007165248
-0,005670712
-0,002323893
0,01014033
-0,03080045
-0,03151837
-0,02532119
0,01526282
-0,01288729
-0,001218186
0,005881828
-0,002810803
0,00646533
0,001148055
-0,004793257
-0,03475651
0,01774065
0,004207013
-0,004851196
-0,01846034
-0,0001402042
-0,01092949
-0,02352563
0,02842513
-0,01923771
-0,02790411
-0,0131663
-0,02391264
0,01709531
0,01063547
-0,02572655
-0,01287141
-0,00894381
-0,003766048
0,02595538
-0,007252715
0,01446208
-0,00828412
0,001347348
-0,02757698
-0,02273049
0,01383143
-0,01086657
-0,01838378
-0,001865178
0,01997252
-0,01167355
-0,0003145029
0,01939664
-0,003192267
0,02166309
-0,02711891
-0,01826547
0,02085437
-0,002754376
-0,03552972
-0,01762401
-0,004644765
-0,01099643
-0,04178737
0,004699419
-0,03599253
-0,03849122
0,001098479
-0,008233602
-0,0113123
-0,02186689
-0,01141561
0,01343869
-0,01854605
-0,01316699
-0,002522523
-0,02825304
-0,005914994
-0,0244724
0,01984167
-0,02753158
0,02722845
-0,0005595468
-0,008014224
0,01197881
0,01469351
-0,01635912
-0,01230338
0,01745391
-0,02788292
-0,02599236
-0,005931828
0,02295732
0,02514879
-0,02607934
-0,01652816
0,02232116
-0,001722841
-0,01824497
-0,02885601
0,008634338
0,001308517
0,003490285
0,02553387
0,003383469
0,02871652
0,01619126
0,004280753
-0,0279105
-0,01727478
0,02011008
0,01139442
0,009635622
0,005194031
0,01528633
-0,02138659
-0,04258535
-0,03649303
-0,02164409
-0,03865771
0,01264282
0,007135355
0,02187098
-0,001479786
-0,009357903
0,01819562
-0,004998751
0,02085671
-0,02101448
-0,02232979
0,007754309
0,007954028
-0,01970362
-0,02800665
-0,02068554
0,0007552212
-0,009699757
0,001285453
0,01836302
0,01476397
0,02925603
0,003432281
-0,01992011
-0,001262064
-0,02292296
-0,01401546
0,002543937
-0,02086886
0,02579223
0,01176011
-0,02024103
0,01394367
-0,02332828
-0,01963899
-0,01767315
0,02403533
0,001515787
-0,02902288
0,0002245128
0,005850642
-0,008091216
0,01451025
-0,00896374
0,02020616
-0,003567833
-0,02598042
-0,001879195
0,005579538
-0,006668102
-0,01100068
-0,03798864
-0,009210446
-0,01888189
0,005324593
-0,03065111
-0,01553104
0,001953174
-0,003910848
-0,006786813
-0,02488278
-0,0123626
-0,00977683
0,02634241
-0,004145637
0,02569815
0,02417896
-0,0002084605
0,02893463
0,0199267
-0,01607868
0,02432338
-0,01534671
0,02799833
-0,02451085
-0,01390735
-0,02405731
-0,02731406
-0,02003099
0,02017422
0,02174346
0,00697289
0,01218572
0,000940953
-0,003411152
0,007553948
0,008692947
-0,007022573
-0,002544247
-0,02685705
0,01974691
-0,01411043
-0,02714168
0,003936639
-0,01469995
-0,01605769
-0,03333408
0,01437447
-0,04484088
-0,04098746
0,003116881
0,006415792
8,575634E-05
0,0247451
-0,01350224
-0,002541427
0,01217329
-0,002403059
-0,01901492
-0,01435186
0,02558748
-0,01875835
-0,00635265
0,009263164
0,002270131
-0,002092936
0,001933153
0,01499896
-0,004863346
0,01419966
-0,01729408
-0,003413519
0,02604373
0,01916677
0,02199107
0,02216668
0,0166284
0,003514402
0,002718625
0,01054761
-0,02238553
-0,02222141
-0,03198687
-0,02687255
-0,02930368
-0,03056732
-0,03277723
0,01377026
-0,01740197
0,02343288
0,02266424
-0,02262617
-0,02341153
-0,02349027
-0,02654311
0,00511289
0,01533261
-0,01414346
-0,03868432
0,01225225
0,01217105
-0,01627823
-0,002852186
-0,0129385
0,01672514
-0,01977066
0,0157878
0,01554411
-0,02656482
-0,004122186
0,01418468
-0,02086706
0,02829142
0,0007740071
-0,02194174
0,01769596
-0,01881353
-0,0134469
0,004423422
-0,001669469
-0,003223055
0,01536939
-0,001662567
-0,004438122
0,01626138
-0,0305482
-0,0184347
0,009522246
0,005791617
-0,02290672
0,02383155
-0,01700917
-0,004536653
0,004671475
0,01550097
0,01321587
0,00216713
0,005991865
-0,01716367
0,01482457
-0,01976529
-0,02179165
0,005743186
0,01018556
-0,02443634
0,00302741
-0,02959253
0,001219294
-0,0366023
-0,01945399
-0,007339472
0,003243002
0,02024846
0,003831707
-0,003827
-0,03007709
0,01892422
-0,02773808
-0,0001432499
0,01929526
-0,02618255
-0,0213616
-0,01861117
0,02487269
0,001452431
-0,002848114
0,01236324
-0,009105544
0,01191854
-0,008692599
-0,01918693
-0,0008639096
0,0304096
0,01620338
-0,01756513
-0,01636056
-0,02737607
0,00729907
-0,01950363
-0,03314396
0,01316856
-0,004345167
0,001953956
-0,02119791
0,004819334
-0,02174471
-0,01121134
0,0177535
-0,02649577
0,01040727
0,01967032
-0,003558133
-0,02364162
-0,01059841
0,004318758
-0,03502303
-0,04113164
0,005804431
-0,02470062
0,003256845
-0,03942131
0,01235525
-0,03750391
0,009612089
-0,02062856
-0,03382079
0,006344669
-0,02533025
-0,007900314
-0,01475754
-0,02792913
-0,01671108
0,02337446
0,001399739
-0,02621159
0,005893769
0,003937801
0,0302825
-0,01412758
-0,01210111
-0,02669537
0,02237233
-0,0172057
0,02740621
-0,003771441
0,01071534
-0,01205622
0,002480099
-0,02888707
-0,02491443
-0,02232924
-0,01870824
-0,01179395
-0,005948147
0,02221893
0,01546621
-0,006619405
0,0158777
-0,03582709
0,001267618
-0,002191984
-0,01918772
-0,01147905
0,0153566
0,0003498166
-0,004281542
-0,006871758
-0,00278905
-0,01760584
-0,03516431
-0,009634817
-0,04201571
-0,009103716
0,02293912
0,007285031
-0,02261216
0,007817407
-0,02880391
-0,01358351
0,00117368
0,01182481
-0,02439817
-0,02802804
-0,01286572
-0,02923677
0,0160485
0,02177512
-0,00243605
0,005578093
-0,01958743
-0,02198184
0,01281181
0,02999107
0,008241833
0,01386987
0,01708042
-0,004681461
-0,01030011
-0,01433505
0,01462716
-0,02930286
0,005236897
-0,02284307
0,02524908
0,000960356
-0,02254399
0,01034844
-0,0123169
0,01007972
0,00869376
-0,02204915
-0,01343764
-0,003787441
-0,01224737
0,01613858
-0,01281052
-0,02840395
-0,03145072
0,01108112
0,0148933
0,01041487
-0,03166067
-0,03475424
-0,02486006
0,02363016
0,01598237
-0,03184439
0,02179554
-0,01911091
0,02299009
0,01237971
-0,01089754
0,01611576
-0,0004844322
-0,003283366
-0,02755787
0,0255172
-0,02613798
0,01144896
0,01951625
-0,02776117
-0,002043769
0,01250159
0,02020348
0,02671191
0,01352862
-0,02208067
0,002029812
0,01314989
-0,01537532
0,001935312
-0,01541619
-0,003884497
-0,01113965
0,02639516
0,01991855
0,0005547961
0,02300718
-0,03557909
0,01237563
-0,02511446
0,0148298
-0,02762201
0,01553323
-0,03728204
0,01590197
-0,003132746
-0,03751085
0,01972047
0,009768735
-0,007660012
-0,03024133
-0,006923752
-0,03563102
0,02054807
-0,01282034
-0,007497287
-0,01965227
-0,01786894
-0,02071399
0,007396592
-0,002457947
-0,021878
0,02587124
-0,01212286
-0,00422368
0,02005492
-0,004453399
0,0003850298
0,002412765
-0,002847378
0,026609
-0,02777613
0,0242404
0,006912942
-0,02005932
-0,01337606
0,02137985
0,01913351
-0,02759437
-0,02471819
-0,02984319
-0,001048721
0,01937634
0,01456243
-0,007440703
0,0157537
-0,007479109
-0,005857047
0,002079051
-0,007975197
-0,01489223
0,009959012
0,01268758
-0,03309811
0,005720777
0,003828921
-0,02734095
-0,009829672
-0,0103878
-0,03863843
-0,02575927
-0,001383321
-0,01014131
-0,01079671
0,001103845
-0,02806285
-0,001365411
-0,00945817
0,007813144
-0,02992882
0,005047195
-0,006983458
-0,02058668
-0,02705542
0,005535754
0,02651051
-0,01424729
-0,02006995
0,0220041
0,005591034
-0,007806822
0,02531553
0,02185818
-0,02722803
-0,02815464
-0,02030653
-0,01918513
0,01780705
0,02397924
-0,003702545
-0,02771178
-0,0134721
-0,01790003
-0,02954458
0,02666318
-0,00614607
-0,03174722
-0,005432513
-0,02281471
-0,01372888
-0,02064983
-0,03334202
0,01242454
-0,001371277
0,01533348
-0,0444596
-0,0068273
0,003933076
-0,009736164
0,006045013
-0,009046025
-0,03320707
0,00174844
0,02284093
0,007607881
-0,02020506
0,007537488
-0,0106763
-0,01424982
-0,007615589
0,02350588
0,01334479
-0,003417635
-0,01947383
0,02585501
-0,01517468
-0,02419197
-0,02179391
-0,02495689
-0,02372691
0,02142295
0,01660643
0,02912755
-0,0001497955
-0,01465751
-0,01433383
-0,02741018
-0,01638575
-0,02188099
-0,02983462
0,001691338
-0,004613263
-0,01456418
-0,02085037
-0,02975653
-0,03323625
0,001533808
-0,01743237
-0,01387292
0,007800703
0,01129415
0,007896298
-0,03091204
0,009970805
-0,009870326
-0,009078103
-0,005516596
-0,00127068
0,0004716367
-0,003290109
0,01596601
-0,01228276
0,003127428
-0,01096532
0,02291852
0,004482933
-0,03264901
-0,02527289
0,00832916
-0,008760454
-0,0218871
-0,003652156
-0,01896612
-0,0145898
0,01932959
-0,004852891
-0,004633699
-0,01268879
-0,02243305
0,02412087
0,006336068
0,01875712
0,01929193
-0,00887765
-0,01348214
-0,02283382
0,004121506
-0,02077313
-0,02930417
0,009737997
0,007381998
-0,007452865
0,00263881
0,0002858158
-0,02543204
-0,02704093
0,009645069
0,01755646
-0,0233006
-0,01289873
0,02341566
-0,005687139
4,480693E-05
0,01762419
-0,00769781
-0,02301092
-0,01079088
0,01224253
0,01671477
-0,03992236
-0,03338524
-0,02001774
-0,007169345
0,0110462
-0,03194309
-0,02856444
0,003826286
-0,01314568
-0,02745445
0,01609361
-0,02877886
0,02075427
-0,02470408
0,02838484
0,01510192
0,01726127
0,02345345
0,009472501
-0,02387662
0,01117418
0,009598262
0,002286364
-0,0266779
0,01478627
0,024091
-0,02505335
-0,01969304
0,02041822
0,02029733
0,02711673
0,006298693
0,01387113
-0,01772141
0,0285526
9,95135E-05
-0,01470251
0,01767909
0,01038909
-0,005146645
-0,03291387
-0,008640434
-0,009864503
0,0112488
-0,009935183
-0,02163638
-0,03574548
-0,01763682
-0,004056589
-0,03084623
0,006908709
-0,0110099
0,01047833
0,006886913
-0,02026426
-0,01273337
0,00209596
-0,01696943
0,01621359
0,02088825
0,02460752
0,02305413
0,01446498
-0,002706728
-0,02282913
-0,01983238
-0,008282144
0,008173267
-0,02396072
-0,004363888
-0,003856805
0,02611522
-0,02255382
-0,02082326
-0,02874499
-0,01973048
-0,01972241
0,01210311
0,00320572
-0,006009819
0,01785708
0,009207809
0,00396805
0,01041337
-0,02981729
-0,002633465
0,01249189
0,01979862
0,02388865
0,004177768
0,02234044
-0,03681075
-0,03637055
0,01543075
-0,007623174
-0,02833097
0,006047704
0,01962171
0,004020115
-0,02156791
0,0193387
-0,008523704
-0,01843303
-0,02760872
0,00858509
0,01358351
-0,01550501
0,008705297
0,01257682
-0,02613338
-0,02049816
0,02064215
0,009146057
-0,007742688
-0,02495153
-0,01456914
-0,00994359
-0,02596603
-0,004302357
0,00900454
-0,005346805
-0,00185455
0,01322917
0,0003265679
-0,002739277
-0,007131564
0,02227192
-0,01684163
0,00476815
0,0212648
-0,005314607
-0,0193449
-0,02955289
-0,01135392
-0,005176101
-0,0175346
-0,01286428
-0,01547433
0,02246314
-0,01826729
-0,02584678
-0,03359877
-0,0343046
0,009725149
-0,01445222
-0,03424066
-0,01471952
0,001292872
0,0060401
-0,02667536
0,0094929
0,0009220218
-0,002009799
-0,03639274
0,01653875
-0,00431558
0,01020241
0,01532453
0,009601955
-0,01144556
0,02632352
-0,02625579
-0,02583615
0,02490585
0,008677125
0,02854891
0,02050915
-0,006645108
0,02898707
0,0197803
0,02340481
0,02873522
-0,02199244
-0,01787871
-0,001351232
-0,01055992
-0,00996947
0,0243003
-0,02525586
-0,007989269
-0,03104067
-0,0199326
-0,004926161
-0,01245006
0,02910155
0,01459603
0,005134564
-0,03347476
-0,008287255
0,02576075
-0,003765322
-0,0009798112
-0,001341889
-0,003103414
-0,02806821
-0,03745763
0,01966521
-0,02524924
-0,03370759
-0,01704682
-0,02656792
0,02105791
0,006448861
0,02330019
-0,01122968
0,01559852
-0,00452041
-0,01207268
-0,0001168129
-0,0004622326
-0,02041793
0,02214068
0,01009457
-0,01168157
-0,01071807
0,01497617
0,008986906
0,0194293
0,02749039
0,02568372
-0,008998054
0,02073716
0,02914411
-0,02673105
-0,01178344
-0,01445818
-0,0115022
0,003426407
0,02729721
-0,005665341
-0,009418808
-0,02334938
0,01450644
0,01026242
-0,02431536
-0,03239618
-0,004082771
-0,006927527
0,0202708
-0,02645918
-0,02276397
-0,01931312
-0,008883253
0,01537711
0,006660596
-0,0006768263
0,01828622
-0,0205684
-0,02862979
-0,01041659
-0,01585564
-0,02939963
-0,02254194
-0,02164545
-0,03444375
-0,0120359
-0,03230133
0,007174779
0,00767349
-0,02274538
0,00111644
0,02683557
-0,00726584
-0,02360109
-0,01977096
-0,02810186
-0,02345828
0,03029205
-0,01838358
-0,009977601
-0,01380935
-0,01932059
0,02763426
0,02095158
0,01169782
-0,02879056
-0,008169629
-0,0234869
-0,01087036
0,00987017
-0,01004296
-0,02999149
-0,01178596
-0,003905926
0,02689634
-0,0195262
0,02092316
-0,00185887
0,002991228
0,01015537
-0,03430802
0,01696034
0,01304234
0,002914105
-0,003651183
-0,0245129
0,0171912
-0,02008634
0,0007136613
0,0006874485
-0,007679845
0,01781708
-0,03124866
0,01831787
-0,02362803
-0,01978348
-0,02021948
-0,009647375
-0,001765454
-0,0306266
-0,03069998
0,02072386
-0,01311969
-0,03014502
0,01756465
0,002122471
0,007389698
0,02900766
-0,02013561
0,03008329
-0,01920326
0,005447187
-0,007399139
-0,003395548
-0,01215975
-0,006998409
-0,009179113
-0,01631708
-0,01256786
-0,004099635
-0,02266448
-0,02980329
-0,007323766
0,004804238
-0,02429707
-0,007763084
0,02331129
-0,005196608
-0,021584
0,007856017
-0,03698675
-0,0103342
-0,03492875
-0,003340769
0,006610606
-0,02854514
-0,002169938
0,01298421
0,01582247
-0,04096827
-0,001375934
0,0176328
-0,02956772
0,006210851
-0,00319211
0,02316593
-0,001039848
0,005432108
0,0003043739
0,01834392
0,01968791
0,02576026
-0,02502207
-0,02652826
0,02168875
0,02756352
-0,004195847
0,01271427
0,02262699
-0,006218212
0,008531617
-0,01803743
0,01555309
-0,004752427
0,02937092
0,01162527
0,0045478
0,01664831
0,01261173
-0,02120128
0,01906076
0,002067859
-0,0119611
-0,01449429
0,01754744
-0,02107224
0,02051608
0,01593139
-0,02791073
-0,02269772
0,01751217
-0,02205268
0,01529601
-0,01671155
0,01448921
-0,03863778
-0,01947859
0,01897288
0,004824153
0,005128905
0,004741354
0,01240737
0,01895839
-0,004576363
-0,01204068
-0,01029259
-0,02568903
0,01003625
0,007222686
0,01649478
-0,01180511
0,01546901
0,02734327
-0,004828287
-0,03147151
-0,01070542
0,006289186
0,01888964
-0,01542628
0,01028701
-0,02519418
0,0100523
0,006816718
0,0117557
0,001789091
-0,007289974
-0,01015879
-0,009147593
0,002206462
0,0236703
-0,01295332
0,006108447
-0,02624313
0,02834497
-0,00365944
0,02509436
0,00199022
0,01713207
0,02046752
-0,00882696
-0,03349257
-0,02836749
-0,0334663
-0,02110463
0,009837898
-0,03513462
-0,02259495
-0,01172892
-0,01707461
-0,006800704
-0,01108829
-0,004695012
-0,00259759
-0,03641436
0,006493521
-0,03280271
-0,01948617
-0,01979117
0,02794432
0,0261916
-0,0280061
0,01629099
-0,02040194
0,01577274
-0,004018086
0,01087037
0,01076205
0,02905854
0,02828359
-0,02783347
0,01528589
0,01856378
0,02353341
0,02095423
0,007832216
0,02460437
0,004342741
-0,01223746
0,02068955
-0,004474477
-0,02556665
0,02257335
-0,02994763
-0,02780189
-0,0006068623
0,01581988
-0,03553295
-0,03475477
-0,01832487
-0,008892526
0,007975114
-0,01689851
0,01050926
0,01876393
-0,01857511
-0,0270337
0,01869041
-0,02191895
0,005627401
-0,03698988
-0,01929936
-0,0209502
-0,01289564
-0,01855005
0,008421388
0,001522795
0,004816194
0,0156167
-0,005766481
0,01581015
-0,003436072
0,02333275
-0,008459037
0,003366437
0,02214134
-0,02118234
0,01608345
-0,0235481
-0,01546748
0,00937504
0,0130983
0,01093069
0,01217172
0,004232956
-0,01116894
-0,007576424
0,0278092
0,02627686
-0,001485543
-0,009630107
0,02376643
-0,01316977
0,0005749196
0,01489555
-0,02882088
0,01644833
-0,004363395
0,006043985
-0,01898547
0,02292896
-0,02501042
-0,02646507
-0,002811451
-0,006644544
0,01771363
0,006702472
0,01576721
-0,02455475
-0,03963317
-0,03105119
-0,01055676
0,01568929
-0,03467053
-0,02689706
-0,01215843
0,006312922
0,002391148
0,01914221
-0,03193589
-0,008717953
0,00750893
0,01155938
-0,01254721
-0,02615725
0,02246852
-0,02018587
-0,006175607
0,006283878
-0,0006564856
-0,02545991
0,01116714
-0,02577848
0,02025245
-0,009533233
0,0006067927
0,001260366
-0,0271553
-0,02101155
0,005537264
-0,003235495
-0,008519902
0,009027191
0,01890982
-0,01372902
0,01975771
-0,03678724
-0,0248135
-0,01567632
-0,01652668
-0,01367962
-0,02208993
-0,0009510154
0,001164191
0,01489176
-0,02654312
-0,0164317
0,01066671
-0,007601209
-0,005009554
0,004546417
-0,01562514
-0,01726599
0,01237845
0,02434899
-0,004265288
-0,01265979
-0,02993378
0,01271884
0,006536731
0,02157134
0,00540367
-0,00567776
-0,01502302
0,001606519
-0,02987242
0,02944831
0,02125841
-0,03055778
-0,01902682
0,02156466
0,028685
-0,02630106
-0,01400469
-0,02124845
0,02383228
-0,02549397
-0,008051862
0,02561777
-0,02690077
-0,02814624
0,008561988
0,001212613
0,001450832
0,02042898
-0,02809593
-0,03465758
0,01510729
0,01783328
0,01255995
-0,006952982
0,02172209
-0,005828971
0,002903279
-0,009383959
0,003382008
0,005893664
-0,01921191
-0,03078219
0,01383714
-0,02810432
-0,006224614
0,01610154
-0,0159972
0,01018639
0,01366019
-0,01431919
-0,02593268
0,005850193
-0,02608271
-0,00663737
-0,02978925
-0,02425435
0,005409874
0,004077824
-0,01649585
-0,02523354
0,0232307
-0,005945249
-0,003917246
0,0298329
-0,02285429
0,02964164
-0,01749712
0,01322464
0,02369397
-0,001531745
-0,007057213
0,01885899
-0,005262771
-0,02403534
0,01181384
-0,01953208
-0,02926901
0,01890703
-0,000982431
0,0137803
-0,02438313
0,01110183
-0,03213323
0,008540577
0,0174538
-0,01962297
0,01079204
-0,0128083
-0,008806241
0,01440227
0,01398095
-0,03348695
-0,02841766
-0,003875435
0,01176746
0,01632826
0,004541968
0,0140525
-0,02755909
0,0001223061
0,007783474
0,007375448
0,02284907
-0,01190061
0,02698737
-0,01388285
-0,01983579
0,02799091
0,01066538
0,01719753
-0,02705336
0,01796359
-0,02707822
-0,001759227
0,02432638
-0,02185223
-0,008924558
0,01191156
-0,02459712
0,02536657
-0,01739454
0,01991045
-0,01511837
-0,02989029
0,005892544
-0,0162254
0,003270064
0,01763085
-0,01893125
0,0144288
-0,005216116
-0,02211383
0,009006251
0,01926384
-0,02964265
-0,003222737
0,01527631
0,007331231
0,009298645
-0,001366509
0,02080138
0,01240113
-1,405775E-05
0,000280067
0,007775093
-0,03957084
-0,03736575
0,005701282
0,007513668
0,0120403
0,004756327
-0,02874166
0,01655965
-0,01999996
-0,009011716
0,01834835
-0,008978219
0,02201508
0,01118955
0,01142761
0,01234768
-0,005323425
0,01357849
0,0222581
-0,01345549
0,02436475
-0,02392085
-0,02276977
-0,007782134
-0,008005698
-0,01210748
0,005520117
0,02388278
-0,002356572
0,02516579
-0,005892607
-0,02281251
0,003497022
-0,02074401
-0,0003313411
-0,02137206
0,01842342
-0,02907196
-0,005497022
-0,02230246
-0,009469594
-0,01514054
-0,01002353
-0,0003667024
-0,01745135
-0,02598968
0,02333957
-0,03450938
-0,03321627
0,01400023
-0,005769485
-0,0308686
0,01385285
-0,007402415
0,02326781
0,02855903
0,02462181
-0,01030612
-0,01222049
-0,004280311
0,027316
-0,02664191
-0,01353842
-0,01569634
0,02529234
0,008926442
0,01670278
0,007147167
-0,02436529
-0,003133536
0,02097861
-0,0120432
-0,0161582
0,009078536
0,01851574
0,0025541
0,00658608
0,001960564
-0,02575635
-0,02062877
-0,01275869
-0,003321221
0,01323235
0,002631447
-0,0127112
-0,01355916
-0,01121154
-0,02116561
-0,01475271
0,001447151
-0,01890867
-0,006529976
0,01043803
-0,0309444
-0,02190605
-0,01698457
-0,03586149
-0,02726015
-0,002656667
-0,003604276
-0,01558308
-0,01731276
0,02390881
0,005624792
-0,03061388
-0,01433842
0,01814451
-0,02469189
0,002821203
-0,0106848
-0,01155224
-0,008456722
-0,01419399
-0,02247984
-0,02364029
-0,003254197
-0,01057274
0,01150067
0,02367499
0,004192955
-0,01406843
0,001925056
-0,0149342
-0,00116705
-0,02183957
-0,01038232
0,0009622446
-0,02016758
-0,006056259
-0,005000363
-0,004246632
-0,01166958
0,02090255
-0,005630074
0,01449859
0,02534029
0,000496676
-0,02588634
-0,00151104
-0,0303489
-0,005045489
-0,02633146
-0,0003381748
-0,03784125
-0,02670264
0,01301155
-0,0257044
-0,002530434
0,01378797
0,004708613
-0,03832641
-0,01449077
-0,01573236
-0,03151472
-0,01442926
0,01873665
-0,02824259
-0,003422484
-0,0003422791
0,008886985
0,01425956
0,009317031
0,01463848
-0,02434124
0,02322415
0,02934749
-0,0008796423
0,01973569
-0,008446094
-0,02224606
0,02317659
-0,01905893
-0,02287979
0,01883072
-0,02681248
-0,02905443
0,01891634
-0,01736665
-0,0188769
-0,0174508
-0,02596083
0,02023891
-0,01936856
0,001753224
-0,009067683
-0,02564773
-0,03360527
0,01426604
-0,03110961
0,01634342
0,01222677
-0,03586498
-0,003276007
0,01074781
-0,02173213
0,01365334
-0,009024009
-0,007426624
-0,03423001
-0,02473179
-0,01212573
-0,01085108
-0,01968906
0,0118675
0,0203368
0,01798898
-0,01875302
0,0004827259
-0,03058842
-0,01449721
-0,03118084
0,02189137
-0,01373435
-0,01330479
0,004280402
0,02218209
-0,004577645
-0,02095478
0,01294534
0,01514675
0,02610425
0,009108654
0,01461042
-0,002051446
-0,01492119
0,01876928
0,001874026
-0,01655737
-0,003935376
-0,02176651
-0,0008079065
-0,01560305
-0,03023687
0,01984324
0,0129378
0,006800668
0,001834189
-0,01092537
0,004633045
-0,004637885
0,01264251
-0,01142318
0,01153489
0,007738297
0,01180866
-0,03918616
0,007279804
-0,02039045
-0,02497139
-0,0127785
-0,009512063
-0,01802294
0,01304728
-0,01237524
-0,01222304
0,01239054
0,006611343
0,01741966
0,0004496115
-0,02545394
-0,01346812
-0,03158822
-0,02667722
0,02117185
0,01727246
0,01478859
0,01914864
-0,005916919
-0,0001466911
0,02294865
-0,01791144
0,02945728
-0,001669013
-0,02122419
0,02361283
-0,004472053
0,0183855
0,02747599
0,001194614
-0,01870552
-0,03265227
-0,02356088
0,02140657
0,0238888
0,008796517
-0,02130169
-0,007975673
0,00466372
-0,0045847
0,02124846
-0,04077003
0,01181464
0,01815294
-0,0009438992
-0,02169763
0,01186447
-0,01596405
0,02015621
0,02201892
-0,02979378
-0,02682739
-0,01596697
0,01237393
-0,01162749
-0,01812012
-0,003131935
0,02031558
0,007664215
-0,0004475755
0,02669722
0,02688583
0,01190885
-0,01684031
-0,01329571
-0,02304312
-0,0213229
-0,02425686
-0,02412003
-0,02182895
0,002694705
-0,01561001
-0,01961236
0,02355893
0,0007089112
0,02205277
-0,008450666
-0,02527636
0,022959
0,02384323
-0,03245754
0,02658561
0,01958867
0,02475594
-0,01107629
-0,03452974
-0,003409684
-0,01864763
-0,006058862
0,002789821
-0,0239558
-0,01792848
0,01149737
-0,03067755
-0,002413921
-0,03537744
-0,02241264
-0,007209359
-0,004272882
-0,010294
-0,03246748
0,00709281
-0,01652536
0,01291829
-0,01059488
0,01984424
-0,0332952
-0,003630711
-0,01072925
0,002747575
0,0253486
-0,006923736
0,02787559
0,01590844
0,0001650967
0,02853543
-0,0224961
0,01412397
0,02065451
-0,01515104
0,0001932195
0,01951273
0,00700789
-0,004824037
0,02492315
-0,01922163
-0,003906471
-0,02604711
-0,01045477
-0,001708645
0,0009581319
0,01159454
-0,005595068
-0,009511105
0,01270405
-0,02044323
-0,0005887469
-0,03513376
-0,003374664
-0,009933766
-0,03824091
-0,03287166
0,02071602
0,01861149
0,007833552
0,01451655
-0,01658249
-0,03859275
-0,00572017
-0,004813763
0,01651617
-0,001042294
0,009575716
-0,01552856
0,02628704
-0,01711916
-0,02634963
0,02228766
0,02330113
-0,0149744
-0,001331029
0,02634426
-0,02031014
0,02196395
-0,02784594
-0,01936471
0,02567646
0,001882346
0,02810147
-0,01568706
-0,007929988
-0,02415669
-0,01758055
-0,007913422
-0,01645689
-0,005643238
0,02062423
0,01230234
0,009966736
-0,02720675
0,01526061
-0,008063236
-0,005456512
0,01160181
0,0005377924
0,02309811
0,02508784
-0,02698514
-0,007249945
-0,006931895
-0,02888575
0,004766588
-0,03212044
-0,0236026
0,01969169
-0,03804969
0,01447938
-0,0369433
0,009361377
-0,002167099
0,0193801
0,01726238
-0,0336883
-0,01698871
-0,02213107
0,01372384
-0,01030783
-0,006008153
-0,02598336
0,002039275
-0,004569256
-0,005522625
-0,0159527
0,02308129
-0,001012499
-0,0243239
-0,002226658
-0,006459305
-0,01388019
-0,02526854
-0,01904524
0,01755209
-0,02539035
-0,002080475
-0,0230669
0,01124827
-0,03025362
0,02844897
-0,007569441
-0,0191346
-0,002259371
0,01412789
0,01927707
-0,02832662
-0,02862764
0,02169458
-0,01522836
-0,02600504
-0,001331416
0,00972226
0,001358308
-0,001076343
-0,0382076
0,01629288
-0,03447136
0,00191728
-0,01425991
-0,02597682
0,008778797
0,0174093
-0,002170883
-0,00937114
0,01156498
0,009753663
-0,01301733
-0,02603934
0,01453068
0,004454358
-0,01914695
4,825167E-05
0,01566634
-0,006799009
-0,02914122
0,02864522
-0,02474209
0,01110265
0,004593024
-0,02164856
0,01354975
0,004486144
0,01600619
-0,01078863
0,02026717
0,0002956558
-0,0003906749
0,005968375
0,01713434
-0,01838202
-0,006769553
-0,006420669
-0,01632188
0,01706661
-0,01999701
-0,002925667
-0,0007304
0,02358075
0,02001338
-0,02981534
0,008530408
0,02521293
-0,02810312
0,006355366
0,01993548
-0,03618054
0,02144681
-0,03141582
-0,009110182
-0,03868979
0,009212567
-0,01861252
-0,03574283
-0,0238283
-0,00937448
-0,0257778
-0,02741527
-0,0151851
0,00891427
-0,01413999
-0,01490782
0,01478135
-0,01010079
0,005045152
-0,01566351
0,01935383
-0,01183735
-0,02952253
-0,01698056
0,001982632
-0,007606782
-0,02118176
0,0162289
0,001372853
-0,001361776
0,01570798
-0,003766374
-0,02859313
-0,00573307
0,01864123
0,001547267
-0,0116593
-0,02868903
0,01522257
-0,00808769
-0,03279198
-0,01622043
0,02452271
-0,01360462
-0,0338445
-0,01090718
-0,01564411
-0,02014538
-3,941028E-05
0,01107695
0,01618303
0,00203124
-0,007963879
-0,01751871
-0,03822735
0,003361181
0,01568964
0,0170611
-0,04029251
-0,0005204455
0,0009271747
0,00354555
0,001916159
0,0174262
0,01317735
0,01329033
-0,02725408
0,02135265
0,02234538
0,01727856
0,02829671
0,01740211
0,009025463
-0,01761237
-0,01834013
-2,078185E-05
-0,007507049
0,0136527
-0,01589566
-0,01862885
-0,024824
0,0233891
-0,02164824
0,01610974
0,006968211
-0,02077852
0,02359205
0,00239377
-0,01201104
-0,02674244
0,001868239
-0,008707735
-0,03377133
-0,02968355
0,01076101
-0,008505167
0,00706069
-0,02887154
0,0007990138
-0,02258502
-0,02327874
-0,01625414
-0,01962488
0,004648777
0,004658491
-0,0355457
0,01869689
-0,01917442
-0,01982333
-0,002109346
-0,01614262
-0,02271824
0,009976381
0,01871456
0,004949476
0,01361315
-0,003409422
0,02046589
-0,01934069
0,00578988
0,02126674
0,003247765
0,005587982
0,01897626
-0,01703026
0,003815656
0,01771358
0,005839824
-0,002155851
0,01689777
0,01718844
-0,01595327
-0,02212924
0,02967436
0,02690418
0,01033439
-0,0009507551
-0,01141413
0,02462109
-0,0006905421
-0,0234017
0,001267446
-0,01733704
0,01018509
0,008738399
-0,01333978
0,005843435
-0,02785571
-0,006531541
0,02482311
0,02121169
0,01637235
0,01666801
0,01765959
-0,01656545
0,001884912
0,009395089
-0,0057428
-0,005001187
-0,02541692
-0,01953358
-0,01016153
0,02154192
0,001419036
0,01881025
-0,02181436
-0,02504792
0,01058857
0,02223902
0,02565833
-0,01706368
-0,02207798
0,02652304
0,0117584
-0,002804528
-0,01234859
-0,01197946
0,02586149
-0,0248212
0,02379913
0,02186676
0,008162849
-0,0229526
-0,001445919
0,01961629
0,02544833
-0,01308844
-0,02222602
0,003235837
-0,01908394
0,01900678
0,02578503
0,01413827
0,006295701
-0,02373261
0,01034466
0,005514262
0,005969197
0,01699025
-0,001165565
-0,02484696
0,02151382
-0,02416907
-0,005232227
0,005413897
0,008536193
0,01963789
-0,02231384
-0,008567369
-0,03357973
-0,01151624
0,02098472
-0,003905386
0,01238762
-0,004184015
0,01008461
-0,01455236
-0,007638602
0,01201229
0,02420617
0,01914453
0,02588981
-0,02453773
0,01143509
-0,02611593
-0,01424074
-0,005583344
-0,01167748
0,0006113751
0,01309066
0,007200215
0,005392763
-0,02571987
-0,001409503
0,01060306
0,02287471
-0,00922508
0,004270924
0,01079574
-0,03375787
0,02725762
-0,02817042
0,006952039
-0,002384431
0,01705575
0,02310437
-0,002956964
-0,03449268
-0,02259858
-0,00721381
-0,01319033
-0,02389602
-0,04042951
0,016588
0,00821403
-0,01914841
0,01766596
-0,002902683
-0,009857137
-0,009956756
-0,01314763
0,002838294
0,01136606
0,01907566
-0,0005316722
0,02060605
0,02069864
0,02802297
-0,02735063
0,002894829
-0,01188695
0,00947714
0,009027327
0,01161237
0,02662831
0,01441404
-0,01227673
0,006724586
0,02220203
-0,02428983
0,01532924
-0,00697638
-0,02563102
0,02926951
-0,0157521
-0,01091926
0,00392016
-0,02309692
0,007738899
-0,01240827
0,02505554
0,01716033
-0,02534561
-0,01704796
0,004539545
-0,01511339
-0,01351208
0,01665336
-0,03302789
0,0275884
-0,02700861
-0,006143681
0,02063895
-0,001700803
-0,02817462
0,01226517
0,002413699
-0,01939619
0,01953118
-0,03495515
-0,03780015
-0,0179012
0,01044879
-0,009996753
0,0134374
-0,02766011
0,003706374
0,01372327
0,004060757
-0,02187618
-0,01524794
0,009053814
-0,01277194
0,01250405
0,006476472
0,001330333
0,004897636
-0,006152313
-0,0251032
0,004663153
-0,007000835
-0,002856044
0,005349306
0,02247244
0,02766831
-0,01710425
-0,007549762
-0,007955528
0,01170341
-0,00885328
0,007477118
-0,01787834
-0,02431324
0,004218087
-0,01267365
0,00578925
-0,02970592
0,01024161
-0,0007696395
0,003998844
0,01190558
-0,002266634
-0,02271422
0,009133208
0,003727586
-0,008083532
-0,01951893
-0,01859023
-0,03459502
0,003301749
-0,02530367
-0,01989411
-0,01907909
-0,006635955
0,009065043
0,002914226
0,01298937
0,02263432
-0,003225542
0,0004648897
0,005493908
-0,02225236
0,02653151
-0,02208395
-0,0006896534
-0,02956197
0,001132906
0,01108412
-0,008804111
0,02602788
-0,003440206
0,02040633
0,02133346
-0,002050718
0,01457522
0,01609387
-0,01918789
0,01119453
-0,02520721
-0,005514138
0,02405161
-0,02379481
-0,01203236
-0,0301897
-0,02341568
-0,009324668
-0,03402242
0,01114785
0,02315259
0,01535173
0,02581457
-0,02604965
-0,02197293
-0,03836066
0,01805563
0,005482538
0,008907849
-0,02476692
-0,01290417
0,005223745
0,02173529
-0,002895421
0,02396609
-0,02463395
-0,01696866
-0,007003284
-0,005417803
0,01730727
0,01037619
0,02723554
-0,009366993
0,02849592
0,01151439
0,02803903
0,001673111
-0,002641505
0,01764637
0,02325068
0,02576355
-0,02731944
0,0304484
0,01544344
0,01464896
0,003137192
0,02676932
-0,0189079
0,003733386
0,01926045
-0,003323601
-0,0277484
-0,02827134
-0,03207834
-0,01236378
-0,007982408
-0,005724465
-0,01182776
-0,02216971
-0,02133105
0,01533385
0,01435008
-0,03451709
-0,02489693
-0,03752404
-0,04121457
-0,01387421
-0,03625025
-0,005486513
-0,01779999
-0,007081331
-0,004551236
0,01728345
0,0131121
-0,02081023
-0,01234456
0,01115735
-0,01907486
0,01848371
-0,007997161
-0,01896177
-0,02750673
0,02045408
0,004335802
-0,01593921
0,004061989
0,02083549
-0,01091842
0,006492662
-0,012633
-0,003045672
-0,02337371
-0,01571888
0,005008785
-0,02712575
-0,02421123
-0,03191626
0,01310532
0,009537727
0,01071096
-0,02276595
0,02456815
0,009671218
-0,02120076
-0,01637029
0,02706656
-0,02383788
-0,01860181
0,01663409
-0,02974415
0,007484312
-0,01833669
-0,001474846
0,01405865
-0,03955661
0,008446471
0,02144345
-0,01138639
-0,04020211
-0,005349014
-0,02541767
-0,03157268
-0,01007951
-0,02078793
0,01986432
-0,009096759
-0,01497607
-0,01271073
0,01517865
-0,02286615
-0,01114447
0,02810501
0,0005162629
-0,02207161
-0,01651308
-0,01492128
-0,00761662
0,007807136
-0,0141838
-0,01326687
-0,0069224
0,004011453
-0,0006139959
0,004592673
0,006005441
-0,02296425
0,001439421
-0,008284165
0,002558778
-0,01494934
-0,02540274
6,846026E-05
0,01191905
-0,02371768
-0,0004321713
-0,02776932
-0,0008110239
-0,008825431
-0,01407331
0,02428589
0,005661068
0,01686863
-0,005248399
0,003517662
0,003400575
0,006849622
0,0127756
-0,009299237
0,002230383
0,0111167
-0,00971223
-0,01450276
-0,02392371
0,01027093
-0,02544883
0,006975594
0,005355209
0,02098601
0,01012025
0,01495936
0,02114836
0,02438484
0,01707066
-0,001036368
-0,03016846
0,01578281
-0,01367066
-0,008791635
0,007834151
-0,01791487
0,01270096
0,02766939
-0,01119259
-0,009464934
0,007317631
0,000380445
-0,02791493
0,01749507
0,02152312
0,02415055
-0,01123102
-0,02563936
0,0137721
0,01532558
0,02010018
0,01537015
-0,009300669
0,02650484
-0,03281674
0,02249191
-0,007311265
0,009593753
0,009774989
-0,003231909
-0,03410106
0,008259819
-0,03025696
-0,03415935
0,00523117
0,02262075
-0,008285469
-0,008197113
0,01417622
-0,009011619
-0,02792555
-0,003299787
-0,02902344
0,02092715
-0,02207351
0,006716172
0,004652178
0,02077209
0,02858074
0,01407805
-0,004703729
0,01692297
-0,01958684
-0,0299198
0,008379931
-0,01422386
-0,005267114
-0,01153839
-0,01034272
0,01447833
0,01849775
0,03100416
-0,01906331
0,01561688
-0,01379044
0,02092882
-0,007846286
0,02938365
-0,02516854
0,0239458
0,0004411188
0,02259326
-0,01426041
-0,01210883
0,0102803
-0,006947637
0,01340875
-0,0003068948
0,01579663
-0,008717242
-0,01771127
-0,002297389
0,005228925
-0,03424687
-0,02507361
-0,01365647
0,00255618
-0,02423125
-0,009460323
-0,008163836
-0,001163481
-0,02422153
-0,02470908
-0,0275206
0,007468173
-0,02574386
-0,01514657
-0,01376019
0,002626798
-0,01469779
-0,01644664
0,005850065
0,01561192
-0,02561486
-0,01422709
0,00128876
0,0004550887
0,02243348
-0,0107345
-0,01567639
0,003677668
0,02340449
-0,001918179
0,02573197
-0,003937432
-0,01774231
-0,01438942
-0,02164254
0,008782173
-0,02960041
-0,01070799
-0,01209691
0,003355598
0,007369812
-0,009034738
-0,007542712
0,01629321
-0,01911986
0,01134514
0,003466795
-0,02678427
-0,0100219
0,02369558
0,0001948169
-0,02308014
0,009254535
0,01480949
0,007446586
0,01293691
0,004780047
0,01592085
0,01102054
0,0165439
-0,01996444
0,02275955
0,008570042
0,007964299
-0,01992522
0,00689652
-0,005956237
0,01885519
-0,02290899
0,009939646
0,003575616
0,02949086
0,02744351
-0,028286
-0,02283783
0,01276927
0,02342714
0,0126633
-0,01261616
-0,01881104
0,01235851
-0,02216553
-0,02167076
0,02583166
0,02363029
0,01596772
0,01591256
-0,003513809
0,006435474
-0,00933148
-0,0340495
-0,0188777
0,004509415
-0,001821154
-0,006998188
0,01441548
0,01030989
0,009081157
0,003210928
0,002257718
-0,01783832
0,01417587
0,02801226
0,01297227
-0,006473725
0,004057196
-0,018396
0,008094158
0,01118748
0,0284742
0,02321636
0,02435984
-0,0005713779
-0,0002012269
-0,0270431
-0,02778171
0,01490709
0,01410194
0,01545044
-0,004509819
0,02271671
0,03015092
-0,01784114
0,01554651
0,009750333
-0,01017853
-0,006470334
-0,00322395
0,007065575
-0,008735226
0,02959572
-0,02082979
-0,02489812
0,01233345
0,02587718
0,02574017
-0,02329575
-0,007379135
0,0007086467
-0,01395554
-0,001537352
-0,02920843
0,01046481
0,00812201
-0,003399696
-0,028668
0,009285096
-0,02951171
-0,009049903
-0,01088565
-0,03282274
0,0281885
0,02531906
-0,02087177
0,0111231
-0,01549573
0,004390683
-0,01692167
-0,0240747
-0,02498647
-0,01865142
0,01709057
-0,02730581
-0,01049622
0,02776974
0,01351062
0,01890431
0,01714433
0,005819739
-0,02102476
0,02570796
-0,007635436
-0,01733187
-0,002627353
0,02312261
0,01722584
-0,01418141
0,0028377
-0,014413
0,003532001
0,005608893
-0,01055158
-0,02986983
-0,01503901
-0,01022277
0,03016923
-0,01891604
0,02397302
0,02864479
0,007846314
-0,01305274
0,02115505
-0,01784167
-0,008134807
-0,02713279
0,0116297
-0,03205431
-0,009186644
0,008833352
0,01445062
-0,01628274
0,02387529
-0,005021736
-0,01651865
-0,004755629
0,00740904
0,01528409
0,0004178363
-0,01170603
0,02609776
-0,02921281
-0,02727816
0,02852699
0,002233408
-0,0003928301
0,02272478
0,01641304
0,01827396
0,03011126
0,02876691
0,003776448
0,02686808
0,01911625
0,02848368
0,01997902
-0,02843533
-0,02462598
0,0168401
-0,009360313
-0,02352923
0,01487947
0,02243757
0,02153074
-0,0004542649
-0,01441615
0,007745766
0,0210098
0,01333471
0,018428
0,01199415
-0,01826463
0,006733309
0,0003638899
-0,03173111
0,003748737
-0,01640153
0,02237271
0,01292939
0,02420527
-0,01813209
0,02765328
-0,01790176
-0,008096699
0,01157079
-0,01877602
-0,01063924
-0,02233776
-0,0006657792
-0,00385809
-0,005687235
0,002513573
-0,03076109
-0,01914903
-0,01705315
-0,01778975
-0,02114843
-0,01763157
-0,0006441639
-0,01377038
0,02247959
-0,02833156
-0,02651667
0,02987573
-0,01146428
0,01547264
0,02440856
-0,007027599
0,01669761
-0,009617286
0,002927003
-0,02353978
-0,008196364
0,02070953
-0,02378514
-0,02299869
-0,0003021578
-0,002391108
-0,02396851
-0,01305256
0,02566086
-0,001730056
-0,01088563
-0,01696333
-0,008808316
-0,0242808
-0,01963222
-0,003082006
-0,01095467
0,01859217
-0,002619463
-0,02856559
-0,006584384
-0,00354724
-0,02785612
-0,01901711
0,02543143
-0,01523455
-0,02530762
0,0280414
-0,01203887
0,02744935
-0,008069872
-0,01998068
0,02525696
-0,01152886
-0,01813681
-0,01995281
-0,02560636
-0,02368318
0,01372698
0,01158367
-0,02432645
-0,0183418
-0,009895679
-0,007352865
0,01148321
0,01827055
0,005852104
-0,01994022
0,002554627
-0,004921021
-0,02790867
0,0271913
0,02234212
-0,00152504
0,01155115
0,02419716
0,01558457
0,02396857
-0,02011182
-0,01807716
-0,009394719
-0,02469632
0,02792764
0,02740307
-0,02425702
-0,02028989
-0,009522032
-0,02577903
0,0244304
-0,02949066
-0,006508214
-0,0165964
-0,02434991
0,01663555
0,02882287
-0,01592068
-0,02231829
0,01145476
0,001266544
-0,02189397
0,01040097
0,02624894
-0,003172099
0,02363199
0,02584099
-0,004127103
-0,01153022
-0,003327349
0,00740778
-0,01132413
-0,005522853
-0,0197679
0,02584341
0,0001789026
-0,01054521
0,02810319
-0,01773372
-0,008568509
-0,01464759
0,0007495753
-0,002901658
0,0005697798
-0,01585463
0,0002322198
-0,02899898
0,01830191
0,0198117
-0,02639943
-0,001040965
-0,003718745
0,01511641
-0,02661675
-0,008062532
-0,02856012
0,003209069
-0,004274912
0,01116195
-0,02488858
-0,0279766
0,01141368
0,02173557
0,02455517
-0,001836183
0,007194557
0,00789777
-0,01604811
-0,0112549
0,006727078
-0,00160232
-0,02878037
-0,02777917
0,01753614
-0,002945034
-0,02934333
0,01200305
-0,01981471
0,01216777
0,0274155
0,0226619
-0,02230436
0,006056041
-0,015851
0,02737977
-0,01982554
0,003468302
-0,00947163
0,01760714
0,02342056
0,02737318
0,02363975
-0,01395805
-0,02406634
-0,01160322
0,004078781
0,008709121
0,002927015
-0,0280085
0,006676338
0,02142107
0,01666455
-0,001187143
-0,0166284
0,005960445
-0,002274711
-0,005842528
0,02815208
0,006497396
-0,008657257
-0,009368847
-0,007104068
0,01411218
0,01409464
-0,01635839
0,02579371
-0,02447885
0,008353852
0,02792574
-0,01158196
-0,02543854
-0,01179172
-0,002552917
-0,00314701
0,01045659
0,005394008
0,01585959
0,02657788
-0,001086324
0,02356885
-0,007422871
-0,02098763
-0,02193092
-0,0245526
-0,02434327
-0,02460557
0,009394744
-0,007376888
0,008287969
-0,001161336
0,01565906
0,005172047
0,01379933
-0,004961046
0,002278251
0,003884537
-0,02127604
0,00149142
0,02251599
-0,006941483
-0,001783666
-0,03016737
0,005102404
0,01390527
0,00185479
0,002929535
-0,01055795
-0,02844926
0,003001461
-0,0295844
0,01309617
-0,001180435
-0,0004278505
0,01384214
0,03024021
-0,01795966
-0,01473543
0,009285652
0,009343858
-0,02139333
-0,01348067
0,01361813
-0,02973329
-0,0005156362
0,003447022
0,0001129721
0,005204855
-0,02765508
0,02494751
-0,02343753
-0,003321772
-0,01580557
-0,02615831
-0,02422824
-0,004676131
-0,00754368
0,004381942
-0,005390025
0,00401173
0,002812494
0,01618798
0,00717689
0,01955433
0,007255699
0,0161403
-0,01348796
-0,02505821
0,02976398
-0,004806685
-0,009550084
-0,01152918
-0,000223106
0,02259112
0,01370929
-0,02355096
0,01473118
0,03009742
-0,02437793
-0,01945973
-0,02838659
0,02869494
-0,01271784
-0,02220955
-0,003077451
0,004772597
-0,001012824
-0,004828351
-0,005840599
-0,01089971
0,007990365
0,008238203
0,02135984
-0,02455863
-0,02326822
-0,006784976
0,01004404
0,02491612
-0,006260442
0,01384324
-0,01310203
-0,004817769
0,005969753
0,007641634
0,004623816
0,0186926
0,027392
-0,007876766
-0,009402392
0,02989096
0,01092444
-0,00731357
-0,001457179
-0,01603229
0,002164316
0,004571473
-0,001353392
-0,0007616152
-0,007548317
-0,02771431
-0,01284462
0,02176432
0,01116263
0,01050392
0,01762877
0,01248721
-0,002433299
-0,005716952
0,01582994
-0,009441531
-0,002965463
0,0205479
0,00652467
-0,007473174
0,02434263
0,007201676
-0,007090523
0,01048392
0,003827311
0,00903341
0,008205669
-0,02301197
-0,02523525
-0,004963657
0,008883742
-0,01462024
-0,0202946
0,007446629
0,003949489
0,0027529
0,02517495
-0,01927076
0,00244513
-0,008571608
-0,003257239
-0,004242782
0,01455993
0,02596444
0,0204784
0,02261565
-0,008959791
0,002978825
0,006754288
0,030544
0,002835747
0,02084631
0,0166541
-0,02401614
-0,009776168
0,02550294
-0,01827443
0,01873612
0,02600284
0,01396612
-0,005286986
-0,01981909
0,01703806
-0,01380722
-0,02826114
0,002377704
0,00287835
0,02075288
0,02104781
-0,01679696
-0,003948438
-0,01372139
-0,01174445
-0,01475608
0,02643077
-0,001383413
0,02333229
-0,002496208
0,02062515
0,01185787
-0,01199136
-0,02480179
0,0007946694
-0,02517832
0,0228314
0,01864174
-0,0006916294
-0,02628886
-0,01273402
0,009047062
-0,008973442
-0,02354817
-0,01468598
0,01905668
0,02732681
-0,0134116
0,009365509
-0,00160444
0,02423559
-0,01192665
-0,01028442
0,000855514
0,01249093
-0,006478932
0,004440252
-0,01348038
0,002609398
0,001435654
-0,01983651
0,0221859
-0,02784221
0,01481494
0,02868202
-0,01583575
-0,00401118
-0,01051057
0,009954832
0,01216577
-0,00606919
-0,01630498
-0,02689826
-0,0008116756
0,003524395
-0,01794531
0,02281137
-0,01034988
-0,0289868
-0,0002058973
-0,01150008
0,00984704
0,01985122
-0,005071072
0,00388201
0,002578823
-0,007845057
0,01776972
-0,006685817
-0,02272792
0,0009893815
0,006314235
-0,01396001
0,02848079
