-0,01732365
-0,01554948
0,02884826
0,02694118
0,01390171
-0,006672808
-0,02323722
0,02363417
-0,02804802
-0,003066475
0,02657003
0,01068396
-0,0258128
0,02587232
-0,02003466
-0,02273046
-0,008074334
0,02409774
-0,01252971
0,002108734
5,129161E-05
-0,009283851
-0,02934391
0,009651837
0,02112141
-0,01814475
0,02773018
0,003745303
-0,02366925
-0,01380534
-0,008262849
-0,01524554
-0,02924485
0,01157167
-0,001359719
0,01817866
-0,00818748
-0,02781553
-0,01672659
-0,02702797
-0,005542606
-0,01422667
0,006720668
0,002311086
-0,004354388
-0,008799235
-0,02408439
-0,01243693
-0,002298729
-0,00255978
0,006679443
0,02702187
0,01425303
0,01085145
-0,02217988
0,02258911
-0,01630646
-0,01086632
-0,02412708
0,002032551
-0,003830103
0,003641811
0,01732405
0,01637402
-0,02478382
0,01182802
0,009943797
-0,006749752
-0,002740281
-0,007593665
0,01606022
-0,01027891
0,01077874
-0,01552175
-0,0223242
-0,01569204
0,01460589
-0,001044888
-0,01598449
-8,305274E-05
-0,02403047
0,01017893
-0,02385752
0,009495845
0,01011255
-0,004689086
0,001145995
-0,009531788
0,003764325
0,006646524
0,004371652
-0,02739034
0,02698402
0,01187334
0,007373702
0,02141531
-0,0009372614
0,02096289
-0,002952506
0,01440785
0,01184671
0,01327757
0,020912
-0,02470909
0,01197913
-0,01325165
-0,01386064
-0,0003337825
0,00321091
0,02417361
-0,02203451
0,01537354
-0,02490117
0,006497763
-0,003950729
0,01661055
-0,002417716
-0,02218579
-0,0236922
0,010599
-0,01927409
-0,01052691
0,02010466
0,02125034
0,01861897
0,01344263
-0,006702194
0,02943804
0,007629991
-0,01325612
0,0156546
0,02429253
-0,02803346
0,0001637498
0,01858698
-0,006695698
0,01995987
-0,02917772
0,02819805
-0,006815347
-0,02096978
-0,02863169
0,01787541
0,01021687
-0,001318108
0,01955069
0,02801969
-0,009548059
-0,01422664
0,02132437
-0,006177223
-0,00880825
0,01463018
0,01696888
0,003633699
-0,007926635
0,02352675
0,0302017
-0,01275016
0,02895598
0,02424313
-0,0128773
0,0223473
-0,01378302
-0,02177655
-0,01584563
0,0133444
0,005488435
0,01837981
-0,0273014
0,02732925
-0,003183699
-0,01967858
0,01367234
0,001363507
-0,02085776
0,002012396
-0,02017763
-0,00753243
0,02953921
0,0158186
-0,0273626
0,01359793
0,01689268
0,02363921
-0,005365023
-0,02031485
-0,01456115
0,02704676
-0,003713003
0,0002005355
0,02018226
0,013978
0,02948396
-0,0004716072
0,02237654
-0,02062641
0,00155459
0,001916096
-0,01565442
-0,02398726
-0,007567769
0,002578875
-0,0170933
0,02425668
0,02721682
-0,01946095
-0,02963893
-0,01495988
-0,005960469
0,02054203
0,01366682
0,007536727
-0,01200441
-0,01713146
0,02105447
0,003923342
-0,02456015
-0,006924007
0,0140446
-0,02530389
-0,001965203
0,008941333
-0,007915856
0,003144787
-0,02307959
0,013228
-0,01869036
-0,0158684
0,009655939
0,03040005
-0,02947287
0,00832621
-0,02208416
0,02339874
-0,006390836
0,000915392
0,0009070408
0,02291724
0,0263811
-0,01639219
-0,02152149
0,03038069
0,002591131
0,006035884
0,01680967
-0,01764875
-0,004198387
0,0164553
0,008869086
-0,01174525
-0,02629283
-0,02175059
0,01774955
-0,02092097
0,008021903
0,01367994
-0,01975221
0,009874101
0,01690292
-0,01584732
0,02978194
0,01713304
0,006388785
-0,005595996
0,01992098
-0,02484996
-0,0005411497
-0,004950166
0,01981276
-0,009984092
-0,02682533
-0,01725576
-0,002999642
0,0004261735
0,02668663
-0,001751069
-0,02374762
0,01619627
0,01695013
0,02505439
-0,01271135
-0,004646308
0,005477116
-0,008952259
0,02663993
0,02318532
0,02090698
0,02875138
-0,01531381
0,009888235
-0,009784488
0,02093541
-0,02438239
0,01236774
-0,01590648
-0,00833345
-0,005936166
-0,02166153
0,01652862
0,01149343
0,01346589
-0,02961383
0,0265751
-0,01194945
-0,01541772
0,02057327
0,01125832
-0,01305502
-0,01752421
-0,02046364
0,006949754
-0,006276683
0,02316803
0,02201818
0,02675741
0,004152114
-0,01892895
-0,01575251
-0,002224613
0,0271986
-0,01586079
0,0003630703
-0,02026601
-0,0196952
0,03114689
-0,01697321
-0,02255374
0,0153861
-0,01362041
0,005190558
-0,02585642
0,02822492
-0,03041358
-0,02506933
-0,01924928
-0,01328236
-0,001388789
-0,01323979
-0,02416057
-0,0248495
-0,01895165
0,003079083
0,01573552
-0,02532095
-0,02742476
0,0266402
0,02805036
-0,0160184
0,01592057
0,01008574
-0,01997544
-0,02129649
0,01070646
0,01870889
-0,003930774
-0,01815053
0,02064521
0,01600111
-0,01316636
-0,02911066
0,01356412
0,02640462
-0,02931401
0,008246685
-0,02475523
0,008820194
-0,006550187
0,0172044
0,009750759
0,009345072
-0,02577005
0,02410777
-0,02200642
-0,007704752
0,0162998
0,01169714
0,01534504
-0,02522917
-0,02328252
-0,02615385
-0,01495836
0,02394046
0,03005869
0,006395773
-0,006353624
0,02434289
-0,01248554
-0,01907519
0,008761478
0,02933473
-0,004053346
0,01224372
0,02934463
-0,02567273
-0,007611377
-0,01457883
0,002613615
-0,02263713
0,0293107
-0,006478526
0,002219906
-0,02033019
0,003963076
-0,02491466
0,003871565
-0,01453498
-0,03018459
-0,01309387
-0,02879164
0,01334828
-0,003800922
0,01488505
0,009628759
-0,01611923
0,01622152
0,01965447
0,02656413
-0,00641614
-0,01723603
-0,02007077
-0,009650597
-0,01819977
-0,02319357
0,009246299
-0,01745368
-0,00788922
0,02510142
-0,02717826
-0,0308729
0,0006984147
-0,0206126
0,008471606
-0,02411809
0,01334175
0,001382429
-0,02510262
-0,0107365
0,02318708
-0,02865322
-0,02150942
0,02456944
0,0301675
-0,02186626
0,02504551
0,002851405
0,01127503
-0,02689763
0,01502443
-0,01237918
0,002360537
-0,01138907
-0,02230777
0,02420488
0,01728316
-0,02859911
-0,01124698
-0,02984503
0,02253539
0,02065201
-0,02035343
-0,01026913
0,02647319
-0,01340622
0,001970558
0,004375231
0,01818834
0,008577638
0,02474434
0,01145094
0,01042026
-0,001450653
-0,02860743
-0,009517625
-0,02671037
-0,01383519
-0,009416563
-0,02589345
-0,01762832
-0,02373354
0,002509931
-0,01056133
-0,02016617
0,01692245
-0,002266857
-0,01810499
-0,02906229
0,01421311
-0,0119533
0,01154384
-0,01782126
-0,02633612
-0,004027764
-0,0284268
0,02164248
0,01893805
0,02824624
0,01337035
0,006794336
-0,01031592
0,01375256
-0,0283841
-0,02284252
-0,02832572
0,005650383
-0,02900176
-0,01540931
0,01605248
0,01931461
0,0002710693
0,009244917
-0,01668147
0,01660449
0,01494194
-0,01240509
0,01942354
-0,02256511
-0,02229852
0,01683006
-0,0129924
0,002216177
-0,02685134
-0,01201905
-0,01971303
-0,001776527
0,005835728
-0,02761746
-0,03127579
3,520725E-05
-0,01544576
-0,01218592
0,007912701
-0,004080038
0,02393093
-0,006011958
0,001195261
-0,01825545
-0,02249479
-0,01993908
-0,004174667
0,02661263
-0,01446187
0,02542269
0,01831584
-0,02801394
0,02829313
-0,0129793
0,01124801
0,01355824
-0,02969516
0,009133672
0,01764971
0,02400416
-0,01304491
0,01561558
0,008008363
0,01072443
0,024174
0,002469894
0,02890881
0,027649
-0,01680092
-0,01588696
0,001405717
-0,0205946
-0,03071829
0,01535095
0,020872
-0,01157078
0,016543
0,006809065
-0,03156751
0,02679013
-0,01135608
-0,01138463
-0,01443641
-0,02370435
-0,0005841944
-0,0212989
-0,0002821993
-0,01169811
-0,007896105
-0,01297643
-0,0005151258
0,00759575
0,001262718
0,01412454
-0,02070764
-0,02259556
0,01475842
0,02009107
-0,0118006
0,006487067
-0,01765681
-0,0003443561
0,01288986
0,03048293
-0,007152485
0,00720408
-0,02923308
-0,01879491
-0,0065901
-0,01029683
0,02598821
-0,008391708
0,007481524
0,01749881
0,001625071
0,02491431
-0,002279122
-0,0009988369
-0,02056536
0,01219417
-0,03205319
0,00559187
0,002010176
0,02559228
0,01346523
0,02278461
0,007365088
-0,01620375
0,002646177
0,01101633
0,001496545
0,02411126
-0,01372594
-0,009391882
0,01588328
0,02130282
0,008929022
-0,01381935
0,01433846
0,02349812
-0,02015611
-0,01167905
0,02636517
-0,02801019
-0,007947262
-0,02420461
0,02859219
0,0136672
-0,01752296
-0,01259092
0,01209661
-0,01221331
0,01023978
0,005659367
0,007085866
0,004947767
0,02545458
0,01619269
-0,01564383
-0,002956522
0,02766871
0,01442064
0,004519733
0,007804968
0,01463443
0,02734978
-0,02828497
-0,01585589
-0,03034542
0,008572633
-0,01642858
-0,02297032
0,009748982
-0,01635229
0,001509614
0,006504436
0,007724533
-0,00297543
0,0008956344
0,003511353
0,02289864
0,02112409
-0,03056911
-0,0139726
-0,03001895
-0,0162758
-0,01492237
0,01236667
0,01571179
-0,02034765
0,02724043
0,02328879
-0,02708163
-0,01278131
0,02645207
-0,005859167
0,01359537
-0,01349924
-0,01132874
-0,004460507
-0,02482876
0,01612877
0,01448636
0,00454832
-0,02711527
0,002781049
0,005455316
-0,005160456
-0,02754687
0,02795991
0,02469576
-0,005564004
-0,01951855
0,005850682
0,001613061
-0,02804876
0,01096581
-0,01323631
0,00403479
-0,004759468
0,007376384
-0,01296547
-0,005924425
0,01667735
0,01026269
-0,01233419
-0,0260663
-0,01025098
-0,01616728
-0,02633504
0,02057192
-0,01378033
-0,023512
-0,02394091
-0,003099679
-0,02696691
-0,02459492
-0,004797464
-0,0156141
0,001944405
0,01223254
0,02293372
0,01036312
0,01707291
-0,01351461
0,0002760693
0,01018913
-0,003425888
0,01955159
0,02605684
0,01377689
-0,00136959
0,01507595
0,02408676
0,01825058
0,018798
-0,01032186
0,02667649
0,0234893
0,01302882
-0,001877664
-0,01585935
-0,02267713
0,0245639
-0,02614446
0,004406172
-0,01418737
-0,02734714
-0,02513047
-0,01077508
0,02087349
-0,01911955
-0,03151713
-0,02794838
0,01178602
0,01305184
0,005192521
0,005183482
-0,002574958
-0,02523847
0,003783682
0,005462039
0,0008006964
-0,01012713
-0,01001607
-0,011244
0,001812657
-0,0185298
-0,01038185
0,01350991
0,01940616
-0,01801445
0,004391984
0,001434921
-0,02958072
-0,003236986
0,01566162
0,01530423
0,01617148
0,01411087
-0,01242895
0,009947976
-0,007244662
0,0002168879
-0,02463512
0,002375339
-0,002056177
0,01092463
-0,02021216
-0,02666145
-0,01783863
0,01372809
-0,002836212
0,0140756
-0,02547794
0,02093619
0,01325575
0,01536446
0,00109873
0,006668986
0,02701567
0,02680935
0,01044342
-0,01033565
-0,003194769
0,003181122
0,006980863
-0,004387341
-0,03417017
-0,01968412
0,0242141
0,018707
0,01778691
0,01265287
0,0180339
0,02334284
-0,02156571
-0,03199219
-0,01642852
0,0187722
0,02531883
0,02466085
-0,02302358
-0,01345864
-0,0005444688
-0,02428773
0,01730996
0,02040098
-0,003514944
-0,01788756
0,01655685
-0,02910086
-0,01453248
-0,02116127
0,01835113
-0,00934539
0,02769058
0,0301617
-0,02989327
-0,000528593
0,02584969
-0,02953128
0,01027035
0,02548643
-0,02542977
-0,006692645
0,02402682
0,01157495
0,02380806
-0,02332114
0,004567533
0,008507594
-0,003545713
0,006881419
0,006506681
-0,03202005
0,01857258
-0,007308268
0,01776778
-0,0129597
0,01357521
0,01240893
0,02509819
0,01162657
-0,0090175
0,02066298
-0,002367599
0,006569225
0,02291262
-0,002458316
-0,03243979
-0,01488877
-0,02990331
0,01470721
0,02443716
0,02531766
-0,01570839
-0,01937056
-0,01915896
-0,02283923
-0,0175105
-0,02355641
0,02832205
-0,009157567
0,008795692
-0,02233685
0,002022931
0,006032335
-0,0007073709
0,01775381
-0,0002824277
0,002963255
-0,02170275
0,008141844
0,01311084
-0,01857221
-0,02874449
0,02300236
-0,003361217
-0,02242699
0,01910431
-0,01811097
0,01231742
-0,009166067
-0,02807878
-0,01442099
0,00596407
0,009336279
0,01061066
0,0107811
0,01167139
0,004948949
-0,02155312
0,007289493
-0,02835598
0,003157825
0,01227954
0,004890982
-0,0266949
-0,01523655
-0,008466865
0,02661381
-0,02176592
-0,02268927
-0,03197457
-0,002748953
-0,0250753
-0,008162824
-0,02614729
0,01491233
0,02643526
-0,007472512
0,01568329
-0,02679991
-0,01149716
0,03080917
-0,006821973
0,004690566
-0,01517965
-0,00998118
-0,0002975009
0,01996159
0,02266795
0,01670754
-0,02678417
0,02173807
-0,008938113
-0,004547308
-0,001504071
-0,02875143
-0,007316849
-0,009035937
0,01397491
-0,02624646
0,01092446
0,01792816
-0,0318694
0,0009639531
-0,01276767
0,005926076
-0,02235163
-0,01971848
0,001985447
0,02149814
0,008544787
-0,0132739
0,01678579
-0,02746159
-0,00865688
-0,02527207
-0,01989575
-0,02246908
-0,009278019
0,01787473
0,01741715
0,004324543
-0,02829321
-0,008958702
-0,02462691
-0,02247019
-0,02242375
0,01095465
0,02506809
-0,02733937
-0,007810321
0,004862008
0,007681596
0,007870249
-0,01081855
-0,004028738
0,02802957
0,01856949
-0,0181283
0,007677417
-0,02024367
-0,01300926
-0,01757972
0,02453066
-0,02770526
0,009418087
0,02659027
-0,02262078
-0,03152955
-0,01200169
0,01025383
-0,02473002
0,02441303
0,02193576
-0,02141205
-0,02698621
0,01220612
0,0007892798
-0,008620029
-0,02453512
-0,00936162
-0,007066163
-0,01776717
-0,003483856
-0,001363436
-0,02525927
0,009629475
-0,01980609
0,01696773
0,02771294
-0,02052798
-0,002893989
-0,03244795
0,01381058
0,009410715
0,00256077
-0,008170323
-0,02049994
-0,00840593
-0,003202412
-0,01856092
0,02826076
0,01011666
0,00327717
-0,01251362
-0,01972102
0,005919144
0,01136697
-0,008967259
-0,02091533
0,007612095
-0,01121883
-0,01027244
0,02736626
-0,02348188
0,006940224
0,02743616
0,006029352
-0,01337082
0,01809677
0,02085818
0,005680524
-0,01496679
-0,03227259
-0,02656787
-0,02068315
-0,02475443
-0,02532958
-0,02236359
0,001012945
0,005873971
-0,003582312
-0,02470893
0,02519207
-0,0371484
-0,004280349
0,01433447
0,01243217
-0,01616484
-0,005089988
0,004865979
-0,02741912
0,02454496
0,008477375
-0,01126519
0,01975207
-0,02292264
-0,02913165
0,008028626
-0,02860888
0,007655798
0,0133772
0,02163637
0,001928502
0,002465327
-0,0003843649
0,007589762
0,00781515
-0,007629026
-0,0288104
0,02844485
-0,007013184
-0,006419169
0,007235845
-0,008629929
-0,02979689
-0,02599692
-0,01035981
0,02525024
0,002261661
0,01544971
-0,02475496
-0,01431249
0,0153159
-0,02263268
0,01045846
0,0045106
-0,0008395617
0,001860438
-0,0225968
-0,03055637
-0,03139493
-0,006948791
-0,02569271
-0,03514615
-0,03640862
0,007371738
0,009685161
-0,006146468
0,0009936418
0,02525503
-0,01649261
-0,007438985
-0,0182523
-0,005250059
-0,01798579
0,008209734
-0,01415426
-0,01415617
-0,01129967
0,01651249
0,01683406
-0,02487416
-0,02693241
-0,01591332
-0,003291234
-0,009934274
0,02767034
-0,01532102
0,01136835
0,01265358
0,02662889
0,02522038
-0,02960408
0,02044446
0,01817783
0,01812925
-0,0204455
-0,000119754
-0,01346436
-0,01536016
-0,01238409
0,01910445
-0,01415826
0,002853995
-0,00386135
0,006314083
-0,03420594
-0,01458393
-0,03742152
-0,03046046
-0,01025986
-0,0166103
-0,01505448
-0,006519228
-0,01751983
-0,03184279
-0,004560561
-0,03422378
0,007147782
0,01375104
0,01809934
-0,003316424
0,01422682
0,0194772
0,02705916
-0,01419052
-0,01007431
-0,006260179
0,006024762
-0,007993376
-0,0002565151
0,01502188
0,02827585
-0,0279327
-0,005736221
0,02317202
0,01162512
-0,009524488
0,009315562
0,00948188
-0,01674896
-0,002061829
-0,0215163
-0,004458786
-0,01972823
0,002257302
0,0003046053
-0,001355856
-0,002101397
0,01326231
-0,0159543
-0,02706155
0,01552744
-0,005320248
-0,009863993
0,01769727
-0,03131948
-0,007245757
0,001533859
-0,02547467
-0,01307762
0,004003191
0,0164755
0,002893085
0,004266375
0,009932165
-0,008564926
-0,0103804
-0,020262
-0,00141528
-0,007685851
-0,02097407
-0,01097136
0,02829063
-0,0009907492
-0,01270816
-0,01519419
-0,01455033
0,007397073
-0,005914014
0,01697195
0,02104521
0,02490292
0,01928283
-0,02842586
-0,009377559
0,02194386
-0,00782689
0,003052162
0,0002613583
0,01422219
-0,02574573
0,004772812
-0,009643093
-0,01810698
-0,0008751843
0,005876054
-0,001535701
0,0166764
-0,005033518
-0,02848842
-0,02693629
-0,01850507
0,02059103
-0,0160291
-0,02649702
0,009182931
0,01600708
-0,03513993
-0,03189866
-0,003670777
0,01043261
0,01724701
-0,01827688
-0,006125501
0,003172039
0,01547404
-0,0287922
0,01001197
-0,009317338
0,02293108
-0,02690477
0,01774926
0,009212431
0,01482561
-0,01487635
-0,0003354907
0,02820859
0,01615131
-0,0305021
0,01098913
0,01590966
-0,004175926
-0,02046125
-0,01361841
0,00800966
0,001008554
0,02516304
-0,005202014
0,01994629
-0,0008372938
0,02430491
-0,01262236
-0,006174964
0,01990166
0,02065446
-0,02209728
-0,01684417
0,01990975
0,003464561
0,005197907
-0,004059177
0,01072632
-0,01162259
-0,003909305
-0,03338818
-0,01793929
0,002429005
-0,023314
-0,0323067
0,0009994532
0,009673621
-0,02883553
-0,03145871
-0,005306195
0,02001495
-0,005953674
0,01475949
-0,0297714
0,02067306
-0,02592002
0,02285505
0,006610441
0,02027602
0,0193335
0,02629225
0,01513918
-0,007698039
0,01768076
0,02178756
-0,02243828
-0,01814145
-0,02528973
-0,02191236
-0,01104617
-0,02359667
0,02622024
0,02736908
0,006114104
-0,01940802
-0,01629126
0,02099829
0,01223246
-0,01114291
-0,02268216
0,008890774
0,01633522
-0,02044035
0,02420109
0,02404112
-0,009378314
-0,01724481
-0,02524249
-0,0406895
-0,005341708
0,01102765
0,0171179
0,02206169
-0,0008037243
-0,006648194
-0,02491391
0,02133632
0,01240328
-0,01353027
0,02632709
-0,003675286
0,01326112
-0,03292615
0,01447888
-0,009859056
0,0253325
-0,002343142
-0,01949385
0,02147899
0,005957765
-0,01556561
-0,01744967
-0,0115448
0,01031639
-0,02204387
-0,02096784
0,002025127
-0,003755461
0,01978108
-0,004609082
0,01769668
0,02720559
-0,02771199
0,003733036
-0,0004454571
-0,02040509
0,0271916
-0,01199675
0,02764476
0,01916721
-0,01521511
0,02657421
-0,01652694
-0,01190116
0,005854194
0,02173374
0,01309267
-0,0106142
-0,001521294
-0,03616782
0,01793954
-0,02959573
-0,01627982
-0,01355729
-0,02483779
-0,007716067
-0,002750636
-0,01970272
-0,005715853
-0,007271552
0,01473888
-0,0005140614
-0,02920842
0,02447393
-0,01923272
0,0008009275
0,01179966
-0,006768892
-0,01465676
-0,02010702
0,02775114
-0,01895252
-0,01801016
0,02881614
-0,01017412
-0,01287266
0,02494652
0,02967563
-0,02925211
-0,01693941
-0,008901245
-0,0261394
0,01933284
0,01678702
-0,0007438546
0,007762051
0,003147812
0,008107955
-0,01495274
0,02175523
-0,0007182378
0,005668399
0,01268448
-0,002435359
-0,03054955
0,00912061
0,01910456
-0,01318324
-0,03033411
-0,03363765
-0,02843269
-0,01863048
-0,02908113
-0,01820758
-0,04047779
0,003636426
0,01446031
-0,01494392
-0,03310112
-0,03368859
0,006039337
0,003797485
-0,01695942
-0,01446914
-0,02591866
0,01306356
0,01100438
-0,01667214
-0,004815538
0,001641667
0,02860641
-0,02600336
-0,02312704
-0,009858748
0,006819656
-0,009968938
-0,003788167
0,01274688
0,02500722
0,007189572
-0,008202515
0,001821359
0,01897584
0,02306212
-0,03232194
0,02709382
0,020786
-0,006140687
0,01078518
0,01273001
0,01037859
-0,0254423
-0,000945703
-0,01925521
-0,01959153
0,02287775
-0,01391094
-0,01109784
-0,01660175
-0,02114757
-0,04419135
-0,003211389
0,01452876
-0,005767774
-0,03314599
-0,03083672
-0,02472695
0,01211197
0,0124965
0,009841602
-0,01415749
-0,02147293
-0,003625538
-0,005642355
0,008444843
-0,02124244
0,01586838
-0,008629483
-0,01374245
-0,02370349
0,01981808
-0,01280208
0,001540161
0,01091373
0,01939256
0,02112148
0,001723412
0,02238912
-0,0225053
0,01189778
0,02825388
0,02694658
-0,01515354
0,002732083
0,005305928
0,01096621
0,005125507
-0,01612848
0,01291851
0,02041692
0,01342875
-0,0318279
0,003588143
0,02411111
-0,007190585
-0,003699187
0,002314921
-0,03343138
-0,004149321
-0,03753087
-0,03238621
0,01635811
-0,03142158
-0,02481471
-0,009770976
0,003635604
-0,03273926
-0,0213474
0,01102722
-0,01649458
0,002994917
-0,01259091
0,01015259
-0,02593828
0,01424328
-0,009815417
0,02361285
0,02314727
0,02060579
0,02712696
0,003727243
0,003476343
0,01008509
-0,005313151
-0,008512034
0,01819627
0,01024697
0,002593313
-0,01582735
-0,01102842
-0,01870579
-0,005007019
-0,01483103
-0,02699778
0,003811272
0,02812364
0,01477551
0,02828991
-0,02821578
0,02171209
0,002511638
-0,01281316
-0,003632499
-0,008281668
-0,01996009
-0,01280859
-0,01921716
-0,007858819
-0,02909253
-0,037528
-0,00492015
0,003675933
-0,02858859
-0,0003741754
-0,009477809
-0,004237594
-0,02103947
0,01063201
0,0220038
0,009770401
-0,03461727
0,0004610367
-0,03201788
-0,003080355
-0,02582288
-0,02121429
-0,02390341
0,008937384
0,002135001
0,01790512
0,0065204
0,02835429
0,02510517
0,02866119
-0,007192856
-0,01688523
-0,02420785
-0,01609621
-0,01994452
0,02977626
-0,002744067
-0,02335192
-0,0107573
-0,02269827
0,01249347
-0,001881543
-0,02002499
0,003862652
0,003344122
0,0274272
0,008546338
0,0274606
-0,0323829
-0,01690003
0,01336327
0,02291887
-0,01845674
0,01977405
-0,02470663
-0,03868589
-0,02807638
-2,558638E-05
0,0192186
-0,0140012
-0,009815223
-0,0002019518
0,01133323
-0,02197992
-0,02035711
-0,01687893
-0,004955347
-0,02980764
0,005352973
0,0257502
-0,01511088
0,02472515
-0,01472896
0,02233393
0,01648096
0,008827651
0,02857056
0,001517228
-0,02264549
0,003503977
-0,02397905
0,007725147
0,0281815
0,006219774
-0,02058939
-0,005156029
0,02244498
-0,02459118
0,02409698
-0,02468714
0,01280106
0,01673176
-0,02170608
0,02221291
0,0072347
-0,02664944
0,009306311
0,02719246
-0,01298579
-0,01925228
-0,006574261
-1,490369E-05
-0,01544509
-0,03886964
-0,04129439
0,01425898
-0,0003292645
-0,01710792
-0,02661303
5,470547E-05
-0,03500197
0,005505483
-0,005599583
-0,0150187
-0,01813855
0,01951446
0,007833759
-0,02036852
-0,02951082
0,0190872
-0,005806914
-0,006999875
-0,02152782
0,001193675
-0,01506127
-0,001250545
0,0157958
-0,006710284
-0,01537694
0,01150631
0,02844657
0,02991876
-0,01705327
0,0232446
-0,02551749
0,0004347002
-0,01550406
0,02580885
0,002730941
-0,01656081
0,009737777
-0,008522919
0,01910828
-0,01882227
0,02627585
-0,03208733
-0,01885208
0,0144766
-0,001186105
0,01190991
-0,01076028
-0,008645606
0,01476691
-0,01371779
0,008013881
-0,03620347
-0,01783234
0,01027456
0,009081136
-0,005031698
-0,03132742
-0,02044218
-0,02617696
-0,007100208
0,006277952
-0,02689087
-0,003716776
0,008615122
-0,01263124
0,01692312
0,007113766
0,01351009
0,009062711
0,02058822
-0,02070124
-0,0302414
-0,0004181586
0,02659342
0,003114627
-0,01530546
-0,01616954
0,03060356
0,02064402
-0,0007776077
-0,01301852
0,0002090443
-0,02601651
0,01448632
-0,02742054
0,02622908
-0,02779747
-0,009036686
-0,0266387
0,02555691
-0,02884609
-0,01050428
-0,02217514
-0,01048276
-0,003072137
0,01746283
-0,005108039
-0,003707447
-0,01229761
0,007837811
-0,03144872
-0,0001250035
0,008088391
-0,03499259
-0,01969131
0,008008416
-0,001435309
-0,009570128
-0,01881782
-0,003437537
-0,01635885
-0,0247582
-0,002427093
0,01361162
-0,01726148
-0,01886225
-0,03005937
0,01473756
0,005695267
-0,00867652
0,01433029
-0,01662944
0,005871303
0,01100102
0,01472876
0,01573917
0,01968041
-0,02256857
-0,00488654
0,01151197
0,01460982
0,009297463
0,004079939
-0,02479998
-0,009668966
0,004496325
0,009365084
-0,03188594
-0,006892949
-0,01808971
-0,01265311
0,0002685274
-0,02843538
0,001907435
0,005350858
0,02120335
0,02071204
-0,008848317
-0,02915485
-0,01950514
0,009302975
0,004959397
0,01929231
-0,03774663
0,01777029
0,01306597
-0,03609975
-0,03324459
-0,01848855
-0,001557522
0,02586871
-0,004305535
-0,0272472
0,007624845
0,01759672
0,009309131
0,004082205
-0,007623219
-0,00759122
0,008387504
0,001834967
-0,02919032
-0,01178507
-0,007788497
-0,02791582
-0,01834529
-0,02006172
-0,02903718
-0,02832253
0,01702519
0,01957449
-0,007789596
-0,03032802
-0,02515747
0,0217933
0,02786893
0,009299263
-0,0005667146
-0,0254894
-0,002919891
4,729471E-05
-0,0004130104
0,009659816
0,01959907
-0,01745096
0,01556051
-0,008752179
-0,008412229
0,01076532
0,02146067
-0,01595329
-0,00600889
-0,03756404
-0,01171872
0,00868078
0,00806069
-0,01517487
-0,004879243
-0,03953594
0,01349451
0,01035437
-0,03011969
-0,02419945
0,002805313
0,0137783
0,005267154
-0,001597776
0,02806728
0,01409182
0,02012197
-0,0294124
-0,02701824
-0,01483813
0,02423613
-0,02333603
0,03047492
-0,008994218
-0,003448092
-0,02355173
-0,01835667
0,01386344
0,01359931
-0,01655477
-0,02678464
-0,008197377
-0,01622673
-0,01480315
-0,0004112585
-0,0138472
-0,02918862
-0,001157527
-0,0284961
-0,003208275
-0,01458077
0,01240078
-0,006280351
-0,01213489
-0,02986765
-0,02926097
-0,0008631577
-0,02060476
-0,01277547
0,001583796
0,02062424
0,02140511
-0,01841629
-0,02355015
-0,03085281
-0,01901244
0,01025992
-0,006149383
0,02780138
-0,002453268
0,01842149
-0,02852609
0,03007104
0,0196363
-0,02810825
-0,02116692
-0,001562053
-0,01029618
0,02629575
0,008510157
0,01083712
-0,01442211
0,02668641
0,003355139
0,02576771
-0,02289833
0,007457369
0,005458367
-0,01645974
-0,01282628
-0,002471623
0,02007429
-0,01893577
-0,03269508
-0,01810843
-0,02703007
-0,03021756
0,02449829
-0,02852637
-0,02087744
0,00240816
0,006573087
0,0006287378
-0,002398517
0,002773633
-0,02390194
0,006557425
-0,002276848
-0,02061317
0,01860309
0,002249623
-0,02110877
-0,01676089
0,009309436
-0,03850266
0,003383217
-0,0371138
0,01295407
-0,009524889
-0,0287972
0,01332893
-0,02137856
-0,01939895
0,01024873
-0,02863661
0,02971242
0,01914311
0,02896674
0,002167764
0,02448352
-0,02398274
0,001284482
-0,01797759
0,01481935
-0,0260714
-0,02864462
0,01186373
-0,008354186
0,02381267
0,009133344
-0,01149884
0,0256114
-0,01967088
-0,01557779
0,007401749
-0,02354741
-0,006386557
-0,008980419
-0,03126841
0,000792737
-0,02656702
-0,01444578
0,0007011868
-0,03339901
-0,008558436
-0,01521014
-0,0111314
0,01094941
-0,008478688
0,002350669
-0,01329073
0,008791043
-0,03507528
-0,01352915
0,01271837
-0,031698
-0,02987466
0,007083052
0,01344407
0,02517618
-0,03297406
0,006547728
0,02066643
0,01295166
0,0119503
0,01629171
0,02790537
0,02301983
-0,02994483
0,02170848
0,002777009
-0,003255601
0,02835181
0,02860846
0,01687805
0,0185559
0,02667608
-0,02149165
-0,01354271
0,01071008
0,00400724
0,01832866
0,01900023
-0,01854789
-0,01752067
-0,0002618918
0,01589733
0,01198081
-0,005363334
-0,0008032189
-0,03121809
0,01104063
0,001615566
-0,03523728
-0,001276076
-0,007601229
-0,01507967
0,009685896
-0,02301639
-0,001524472
-0,01207193
-0,003761755
0,0107377
-0,0006162102
-0,0297791
0,02175582
0,01560563
-0,02444966
0,009304943
-0,03121125
-0,02010236
0,02700315
-0,009690586
-0,02548178
-0,005719321
-0,02054524
0,01864048
0,009780783
-0,001583706
-0,01950727
0,02742204
-0,01736136
-0,003111174
-7,709337E-06
0,01948604
0,01728823
0,02045374
0,02797262
-0,005944877
-0,01228786
-0,006362548
-0,02686859
0,01687061
0,005561804
-0,0180118
-0,03279423
0,02703456
-0,02469712
-0,02810611
-0,01818628
0,008295058
0,004904289
-0,03325731
-0,01315879
-0,01729391
-0,03314317
-0,0159797
-0,009787174
-0,006916619
-0,01918844
0,002260309
0,004684145
-0,01845021
-0,03162096
0,00555694
-0,02455903
-0,02955669
-0,01480138
0,01943877
-0,01139031
-0,02477554
0,02032304
0,01238755
-0,006959887
0,008476978
-0,02296064
-0,0211767
0,01545739
0,02134498
-0,005564285
-0,0163541
0,01111028
0,005357867
-0,016363
0,0003517522
-0,01156338
-0,02178196
-0,02798144
-0,02040983
0,01419721
-0,005733884
-0,01152834
-0,009515932
-0,02958617
0,003445934
0,006726359
0,009585846
0,006895734
0,02176898
-0,03165919
0,02180506
0,002167362
-0,02000507
0,007435121
-0,03165652
0,007880479
0,01605492
-0,0008253283
0,00434413
-0,02880642
0,01367695
-0,002541494
-0,0007797274
-0,03004
-0,03100513
0,01901492
-0,02595233
-0,02597587
0,006792169
-0,007981196
-0,02999731
-0,03013354
-0,02233288
-0,02477058
0,02695257
0,01952297
-0,0004546728
0,01134008
0,01681893
0,0302022
-0,004975706
0,0009951273
0,02152306
0,01887826
-0,0002048128
0,007930383
-0,005960613
0,0212849
-0,02181452
0,0120575
-0,007362992
-0,003539153
-0,01453722
0,02670196
0,01920355
0,01364072
0,00664118
-0,02030711
0,02392215
0,004775188
-0,001321197
0,0003432814
-0,03626659
-0,007070724
0,0185195
0,01067961
-0,01450243
-0,03054734
0,007606457
-0,0236641
-0,02219229
-0,02985495
0,01021147
0,005276993
0,008649006
-0,01503548
0,01046524
0,02008223
0,01037342
3,028622E-05
0,0007310967
-0,01780655
-0,03249276
0,02523275
-0,03218263
0,006105779
0,01763276
-0,01758062
-0,01304455
-0,02003667
-0,02066617
-0,01264504
0,01745231
-0,02126782
-0,0005968745
0,02248029
0,0008008854
-0,008823838
0,02146842
0,008549092
-0,0186838
-0,01648653
-0,02894229
0,02002037
-0,008582408
-0,02179937
0,002892034
-0,002394681
-0,02340211
-0,00833439
-0,0327194
0,01712113
-0,003490985
-0,01287182
-0,03586011
-0,02777752
-0,007283891
-0,03496887
-0,008611499
-0,01740874
-0,03815996
-0,02687055
0,01266811
-0,004933209
-0,03350656
0,02468586
-0,01176013
0,01024359
-0,01683906
0,02192676
0,01905665
-0,008530842
-0,03316719
-0,03084045
-0,013369
-0,01007113
-0,01738164
-0,02176744
0,002077717
0,01934859
-0,02904804
-0,01327935
-0,02813939
0,02187356
-0,01948544
-0,007587255
0,01739263
-0,00709847
-0,02462864
-0,01414245
-0,0114926
-0,003802783
0,0192003
-4,821747E-05
0,003741696
0,02570505
-0,01021403
-0,005422037
0,01314329
-0,008790156
0,01261299
0,01598109
-0,02359111
-0,02359052
-0,005826816
-0,003061866
0,01045891
-0,01109239
-0,03546314
0,0006160018
0,01911501
-0,01663793
-0,008418128
-0,0007238588
-0,02109837
0,008958173
-0,02563367
-0,03585946
-0,01095615
0,01019997
-0,02062688
-0,02930326
0,00747157
-0,03299688
0,004477511
-0,005656545
0,002475909
-0,0008813997
-0,003851712
-0,008948619
0,02960028
0,01744925
-0,00591557
-0,02129271
-0,02663829
-0,01780048
-0,02659591
0,01787415
-0,01151604
0,005497779
0,003630521
-0,01466136
-0,01598128
-0,007699346
-0,01461959
0,02214563
0,02391379
-0,02238346
-0,01778081
0,01881773
0,01309875
-0,01457659
-0,03668294
-0,03786825
-0,02892612
0,006402711
-0,02509139
-0,02553999
0,00203785
-0,03393252
-0,03975695
-0,02346484
-0,03530286
0,004327842
-0,000542698
-0,0297295
0,0214423
-0,01498313
0,002337882
-0,02730841
0,01141861
-0,0080924
0,009030285
0,0185661
-0,02099366
0,02533066
0,01501338
-0,01681283
0,01173918
0,01077797
0,0002865891
-0,006607285
-0,01205101
0,005996648
0,004830003
0,009912588
0,01687791
-0,006508914
0,02889776
-0,01015368
-0,03030977
0,01939018
-0,0244857
-0,02107065
0,001170764
-0,01617363
-0,01906383
-0,0004239127
0,01080917
-0,02513433
0,02012106
-0,0008793878
-0,003088953
-0,03400603
-0,03144845
-0,01566081
0,0004031949
-0,02865007
0,01641261
-0,02564878
0,0159539
0,01419473
-0,01098431
0,01387512
-0,008898244
-0,001782384
-0,03764027
-0,008627573
-0,02570208
-0,03217288
-0,008719334
0,006987406
-0,0095535
-0,01499038
-0,02525834
0,02117633
-0,01716346
-0,001260222
-0,01330288
0,02403859
0,01019629
-0,01682713
0,003479484
0,005376698
0,0176652
0,02866584
0,02164492
-0,01739245
-0,001796886
-0,01923009
-0,02943577
0,005895488
0,001303531
0,01009124
-0,0113411
-0,02914627
-0,01662993
-0,02266496
0,002899929
0,02264995
-0,0172313
0,01278534
-0,0154003
0,003182191
0,004506593
-0,02365118
-0,0307603
-0,02606775
0,01773674
-0,02684742
-0,0343148
-0,03275647
0,01182198
0,01860557
-0,004130381
0,006074387
-0,01492293
0,01775966
-0,02657262
0,002291243
0,01530148
0,01869773
0,02746444
0,02972089
-0,02873556
0,0177796
-0,02819433
0,01098925
0,02564737
-0,02772822
0,002711683
-0,02845118
0,02405813
-0,007233802
0,009727113
0,0252969
0,02411813
0,02528198
0,02283445
-0,002041139
0,01932813
0,005468848
-0,01830132
-0,01816525
-0,02901081
0,02109192
0,01204026
0,003235354
-0,02737581
0,004237147
0,007838942
-0,01157919
-0,03348624
0,02293784
-0,02774356
-0,01073663
0,01157275
-0,02065117
-0,002544367
0,01442887
-0,02712158
-0,01327575
-0,02116898
0,02110092
0,006284613
-0,03532195
-0,02472419
-0,007918803
-0,01797834
0,007761325
0,01766437
-0,001294232
-0,02680528
0,01031758
0,01834909
-0,02059755
0,00360525
0,01548471
0,02507297
-0,02147858
-0,02766425
-0,004019873
0,003524816
-0,01183244
-0,008163486
-0,01940563
-0,02946095
0,02550049
-0,01668686
-0,01876848
-0,02394756
0,001803078
-0,01394692
0,02665247
-0,02002922
-0,01024181
-0,01399873
-0,01643043
-0,003171224
0,02559755
0,006180017
-0,01841206
-0,01379368
-0,006993781
0,0134158
-0,02522364
-0,01824611
-0,01780785
-0,0309896
0,01826777
0,01200408
-0,03935187
-0,0135541
-0,009063387
0,01572842
0,01096618
0,01873952
-0,0352337
-0,0008614365
-0,003571387
-0,02654904
-0,01068007
-0,01627409
-0,02684497
0,001665381
-0,01304324
-0,01927513
-0,02370516
-0,004105679
-0,003553183
0,02163076
-0,0141695
-0,01653383
0,02631145
-0,0003354604
0,01736183
-0,02365197
-0,02439659
0,001148656
-0,02069206
0,02043847
0,008478774
0,0136397
-0,01768831
-0,01485396
-0,02811567
-0,02766411
0,01654495
-0,0282886
-0,008132607
-0,005815833
-0,01928898
0,007101089
-0,03447437
0,02085616
-0,01567587
-0,03824717
-0,02398252
0,01585909
-0,0114628
-0,03954432
-0,02587543
0,01618554
0,005045206
-0,02971766
-0,00147929
0,01069342
-0,005570438
0,02361459
-0,02786209
0,01146249
0,01785889
-0,00293492
-0,005060615
0,008708331
-0,006538796
0,002219955
-0,03042654
0,01544613
-0,003811545
-0,01855362
-0,009442179
-0,02994477
-0,02894745
0,02900689
0,005883999
0,003860005
-0,01694132
-0,02866605
-0,02081737
0,01680272
0,01969989
-0,02162711
-0,03130253
-0,02648183
0,004820405
0,0139694
-0,02984516
-0,02428971
0,008571905
-0,01665132
0,0009669514
0,01552069
-0,03561677
0,008486724
0,004292313
0,009743413
-0,02532997
-0,02112611
-0,01089049
0,005823792
0,01764673
-0,009525804
-0,01087269
-0,0186879
0,002755525
-0,0224881
0,01775433
0,009690387
-0,002033091
-0,02897368
0,004532384
-0,004257566
0,01884219
-0,01290781
0,02126431
0,007662811
-0,002009782
-0,01341066
-0,02924465
0,009789303
0,001630499
0,02191871
-0,02623963
-0,01950352
0,00703699
0,0002900513
-0,02935303
-0,01185911
-0,01254119
0,01822493
-0,01537746
0,02158848
-0,001075077
-0,01009383
0,01380178
-0,01195903
0,01121565
0,01190738
-0,006197989
-0,008039115
0,0196863
-0,01804918
0,002912244
0,002026046
0,004240704
-0,03198113
-0,03784471
-0,001056771
0,01074878
-0,03553915
-0,01997076
0,02343515
-0,02047453
0,01059576
-0,02683666
-0,03141529
-0,009655898
-0,01933256
0,006536848
-0,02088981
-0,02081954
0,002517203
-0,004792522
0,01168133
0,01610737
0,01169467
0,02518359
-0,00508728
-0,0003579719
0,0006130222
0,02602633
0,01443188
0,02295656
0,008612722
0,01881503
-0,01519956
-0,01576023
-0,00320762
-0,001947291
-0,001378302
-0,003944736
-0,01277779
-0,004950102
-0,01700278
-0,003582736
-0,0153608
0,002879224
0,01021848
-0,02507601
0,009937243
0,02103541
-0,01058367
-0,0312679
-0,0220914
-0,02462192
-0,02191223
0,0118857
0,01455564
0,008592334
0,01727629
-0,02819889
-0,004683475
-0,02875384
-0,02003711
-0,03361698
-0,006100295
-0,03190599
0,004486131
-0,03402379
0,02706543
0,02092721
0,02821361
0,01712417
-0,02024985
0,01253867
0,02371625
-0,02217773
-0,02005754
-0,01568715
0,0009341994
-0,02221866
-0,01670227
-0,01291293
0,02000792
0,006017052
0,003188191
0,01273452
0,009313342
-0,003824955
0,0009172486
-0,006208718
-0,01105129
0,003784304
-0,002986349
-0,01436849
0,02248573
-0,02219187
-0,02869144
-0,02341698
0,02242821
-0,02410976
0,02200054
0,006897326
-0,02670474
0,0142072
0,01967971
-0,005385361
0,01044436
-0,01062465
-0,02467239
-0,0318947
-0,001165338
0,001132917
-0,0167403
0,01259499
0,01869793
-0,01884685
-0,01277237
0,01085694
-0,0007143704
0,02132807
-0,002901633
-0,01721098
-0,001775333
0,004197758
0,0009416838
-0,00732728
-0,008676001
0,02361766
0,01932333
0,0143326
-0,02665343
-0,02842366
-0,009824069
-0,009378317
-0,01543627
0,003001419
-0,02188114
-0,02875211
0,009916913
0,0286132
0,02153576
-0,02400311
-0,02332092
-0,009377108
0,01159255
0,007169669
-0,01583142
0,005078536
-0,01366864
0,0001322994
0,0111726
-0,01697299
0,001575517
-0,03096915
0,01033914
0,00409492
-0,02801971
-0,009362609
-0,02576047
-0,006874679
-0,02808472
0,01733156
-0,001618125
-0,005943224
-0,03252951
0,00172038
-0,01211351
0,0260078
0,003962179
-0,009069741
-0,02267706
-0,01111192
-0,02639915
0,002787795
-0,03168304
-0,01209801
-0,0242791
-0,02148623
0,02091455
0,02473724
-0,02261291
0,0136183
0,002456062
-0,01502345
0,02946764
0,01512555
-0,004436141
-0,01307942
0,006757569
0,002792442
-0,01046185
0,003900978
0,01612441
-0,02276872
0,01515346
0,02350975
-0,003315216
0,002809065
-0,01592627
-0,02718719
-0,01815686
-0,01873711
-0,03260443
0,02503806
-0,008383614
-0,01076584
-0,02583226
-0,03982522
-0,03869487
-0,01710374
-0,006606501
-0,03715997
-0,0008527046
-0,02020005
-0,01374708
-0,004089874
-0,007763918
-0,007859115
0,002293517
-0,01229381
-0,01976253
-0,02929722
-0,007391258
-0,02967124
-0,02972167
0,003312908
0,004001541
0,02731306
0,01628041
-0,02497157
0,02283276
0,002894818
0,02292029
0,01491114
0,008392371
0,02236343
0,01204031
0,004563249
0,01923673
0,001356018
-8,213845E-05
-0,008585339
-0,01745747
-0,01771416
-0,03198063
-0,01346165
0,0233929
-0,007107776
0,008285109
-0,01653287
-0,005856529
-0,03196534
0,02628569
0,02179398
0,01867434
-0,02544686
0,01481363
0,01917044
0,01439318
0,007636379
0,009283522
-0,02350755
-0,02638977
0,01719233
-0,008380519
-0,03338194
-0,02373313
0,02380399
0,008707401
-0,0007896278
0,01453705
0,01796146
0,005972017
-0,03043265
0,01925695
0,01706883
0,01940974
-0,02363257
-0,02933838
0,01392056
0,01185689
-0,02005087
-0,01552814
0,0002742712
0,008243897
0,02347976
0,003042156
0,02666
0,01933373
-0,006010453
0,02638053
0,0127879
0,01034577
0,02779174
0,01105784
-0,01600216
-0,02400913
-0,01768452
0,006314508
0,02156147
-0,02658762
0,0200272
0,00866184
-0,02535047
-0,005875963
0,001347305
-0,01792735
0,01684427
-0,03594401
-0,03254695
-0,01698483
0,005442934
0,01816005
-0,03166675
-0,03167117
0,00333792
-0,03712419
0,008085947
-0,01538921
0,004913229
-0,002632323
-0,0179437
-0,02477195
-0,01428687
0,00188509
-0,02934933
-0,02262677
0,007703578
-0,01183662
0,003517955
0,009263096
0,002877568
-0,005995766
-0,02729351
0,005700156
0,01765931
-0,00321441
-0,02800501
0,03018799
0,03066153
-0,0007838008
0,004526367
0,02110458
0,01261701
-0,02962538
-0,02023752
0,01275184
-0,003001575
0,01576046
-0,03385381
-0,02102962
-0,009710134
0,0229453
-0,03097511
-0,006025669
0,0174432
0,006300327
-0,01672767
-0,005454713
-0,01296775
-0,01086974
0,004437621
0,0009995523
-0,008570002
-0,01153739
0,01104372
-0,01321614
0,02009665
0,0006681565
-0,01167902
-0,01800375
0,02780461
0,01376823
-0,01179892
-0,02531622
0,02020734
-0,008493301
-0,00622771
-0,01406662
-0,007246884
-0,01101092
0,008533601
0,01933753
-0,0121
-0,0104941
-0,01475436
0,004949653
-0,01329058
0,001316968
0,01006672
-0,03148234
-0,03104761
-0,004823805
0,00356514
-3,839556E-06
0,01383848
0,02324625
-0,01472491
-0,01893637
-0,02453426
0,01249145
0,01610542
0,02223504
-0,00754976
0,01148297
-0,02022221
0,002083588
0,0008107348
0,02146909
0,002497089
-0,004524072
-0,01821091
-0,03005847
-0,02656407
-0,03198429
0,01385572
0,01871532
-0,01404719
-0,02271838
-0,02007343
-0,01567488
-0,0271563
-0,009406902
0,02366867
-0,01013069
-0,01850469
0,001272678
-0,01986713
0,01780959
-0,008519515
0,02674314
-0,02767848
-0,0211311
-0,02469598
0,004816795
-0,001929935
0,01266418
-0,008300582
0,0005318188
-0,02740004
0,0056976
0,02524947
-0,01370739
0,02219744
-0,02734653
0,006265264
0,01779265
-0,02246395
-0,007394102
0,005371168
0,01399651
-0,00101441
-0,03110947
-0,03495868
0,01648468
0,004884012
-0,01008188
-0,0384228
-0,03135489
-0,005323214
0,005865697
-0,00993151
0,01166128
-0,004714428
0,001610141
-0,006564291
-0,02580431
-0,03196386
0,006661637
0,006860137
-0,02445258
0,001204949
0,0179869
-0,02317923
0,00472425
-0,01085394
0,01556781
0,000142944
0,01912843
0,01281871
-0,00697377
-0,008958045
0,01360276
-0,02246325
0,001976082
-0,009047328
0,02640279
-0,02463588
-0,01917076
0,01809938
0,03009498
0,01217729
-0,01591846
0,02700293
-0,01225909
-0,02494564
-0,0280056
0,006729966
-0,02311228
0,0005594288
-0,009315822
0,01191879
-0,003874106
0,009345851
-0,006278165
-0,02446411
0,009351219
0,01981599
-0,01182263
-0,008008949
0,01465045
0,01666137
-0,02698324
-0,01707627
-0,0274843
-0,0134539
0,008599559
0,007217676
-0,02782876
-0,01204237
0,001720873
-0,02512712
0,02200695
0,01692708
0,007650343
-0,005670294
-0,01291433
0,02186399
0,02005192
-0,0002301565
-0,01382214
-0,02328018
-0,01105008
-0,01560049
-0,0134053
0,007318814
0,01891223
0,02542271
0,005648917
-0,01450434
0,004650906
0,02988666
0,007903307
0,007182458
0,02453203
-0,02916891
-0,001395376
0,01877094
0,01381782
0,02297003
-0,01616802
-0,01430039
-0,00223503
0,01098884
0,02254826
-0,01756105
0,01569878
0,006657955
-0,03380633
-0,0356927
0,01727847
0,01042353
-0,03483046
0,01685769
-0,02062321
0,01122416
0,002222914
0,02373988
-0,02662306
0,001298056
-0,0002741682
0,01821375
-0,02543514
0,01843247
0,01453775
0,004109571
-0,001268337
-0,01473747
0,0246124
0,008447562
0,02794843
-0,001136905
-0,02482601
0,02314445
-0,02053552
0,02534126
0,0016795
-0,001514803
-0,01495463
0,02750001
0,012729
-0,02787136
0,0143828
-0,0009570554
-0,0108224
0,01082817
0,01995306
0,006627545
-0,01552447
-0,0294184
-0,01531458
-0,005045725
0,006855761
-0,02625524
-0,01447524
-0,008402958
-0,02429718
0,006210995
-0,0390435
-0,01709046
0,01077969
-0,003491142
0,007372892
-0,0114672
-0,02970604
-0,007158496
0,01181964
-0,02054364
0,01504924
-0,01012269
-0,016977
-0,02243359
0,009846982
-0,02306866
0,01677288
-0,00233717
-0,02788212
0,007744011
0,0006855644
-0,02697994
0,0139337
0,01929228
0,0270066
0,01930778
-0,0118837
-0,004909527
0,014431
0,02062068
-0,00116896
0,009033613
0,009761625
0,01593572
-0,006887061
0,01988672
-0,02365495
-0,02442249
-0,01783724
-0,01926859
-0,01551477
0,01446049
0,0174339
0,0004974077
0,01589488
0,01904502
0,01045703
-0,02734414
0,01194717
-0,005337376
-0,01719991
0,01562266
-0,01500833
-0,007475159
-0,02703125
-0,03989206
0,00591273
-0,03348537
0,004002468
-0,03629526
-0,02222369
0,008400521
0,01200552
0,02342992
0,01204245
-0,02285461
0,007666977
-0,001095507
0,01570958
0,02078543
-0,02827646
0,01268275
-0,01451186
0,01904005
-0,01249824
0,01117623
-0,01986546
-0,02444896
0,02545089
0,02879893
-0,02875964
-0,02126472
0,004030708
-0,02119744
-0,004791765
0,003184093
-0,01854945
-0,02474042
0,00214913
-0,01064239
-0,02550747
-0,02918098
-0,01121559
-0,0243071
-0,03546186
-0,002781743
-0,03297681
0,01637458
0,01170275
0,002996948
-0,02336833
-0,02278147
-0,01843406
0,01419399
-0,01050283
0,001769921
0,001165303
0,004263838
-0,01621589
-0,002756836
0,01800826
-0,0001075708
-0,02714597
0,00921538
0,02830379
-0,02837765
-0,02443339
0,001073097
-0,0001773908
-0,02203243
0,02512717
0,003329216
0,02760588
-0,006338089
0,01329146
0,02775125
-0,01247716
-0,02776924
0,01457314
0,00785232
0,003263649
-0,01746828
-0,01724879
-0,02072339
0,01060678
0,01272075
0,01691455
0,005847227
0,008378513
0,01263835
0,02230385
-0,0003272192
0,01325648
-0,03780532
-0,00539916
-0,003026246
0,02164754
0,003563853
-0,02771716
-0,04132693
-0,01194155
-0,009395221
-0,01466231
0,003595578
0,01119555
0,004643789
-0,01778471
0,02558479
-0,01938545
-0,00270418
-0,01043063
0,002550966
0,02144119
0,01022576
0,02940087
0,004988329
-0,008909952
0,02311253
0,02906407
-0,01641899
-0,01388009
-0,001642079
0,02380729
0,01592772
-0,01693131
-0,00835641
0,01560872
0,02689592
0,01921682
-0,02429454
0,02642102
0,004034904
0,01899176
0,01171075
-0,02471243
0,02823723
0,01741605
-0,002830084
-0,01015772
0,02748188
-0,008692973
0,01235196
-0,01275703
-0,0312982
-0,01608028
-0,01934387
0,001682806
-0,02974381
-0,03832113
0,0187138
-0,03024361
-0,03713614
0,005770563
0,01879417
0,003403618
-0,03730622
0,00534292
0,006379498
-0,001790537
-0,008505457
0,023033
-0,01113979
-0,02314913
-0,0230602
0,006876208
0,01855473
0,01836148
-0,01981476
0,00100194
0,02825353
0,01796029
0,02164018
0,001090155
-0,02861536
0,02045889
0,001029542
-0,02365141
0,01860354
-0,007606123
0,02172439
0,01060652
0,005563112
0,02423128
0,0222643
0,02290728
0,02108378
0,01657723
0,01813821
-0,03189802
-0,02905105
-0,01567723
-0,02704163
0,02553815
0,02388302
-0,03704681
-0,03508175
0,001619551
-0,02214055
-0,00925267
-0,008639418
-0,0112306
-0,01142938
-0,003304111
-0,04064924
-0,03315359
-0,01698142
-0,001908183
0,009781452
-0,02530886
-0,02156296
0,02033992
0,01873318
-0,01500252
0,006792213
0,01455055
-0,01007904
-0,001163997
-0,01229926
-0,01632929
0,0145852
-0,03019849
0,02676569
-0,01994615
-0,003311448
0,0104118
0,01094195
0,02536893
0,005623246
-0,02970148
0,01753383
0,02392055
0,0216357
-0,01049367
0,02110085
-0,01130065
-0,01960744
-0,03398554
0,02040754
0,009761384
-0,00264968
-0,01568885
-0,02597395
0,008383139
0,01290699
-0,02547298
-0,008220536
0,01498472
-0,01807617
-0,02486588
0,000111343
-0,009258122
-0,02294569
0,01894305
0,0005965017
-0,01058248
-0,003272514
-0,01882865
-0,02640567
-0,01265228
-0,007900656
-0,01088506
0,02378476
0,01029074
-0,01062344
-0,01398221
-0,02721978
0,00248386
-0,003462539
-0,01206744
0,002643192
-0,01000829
0,004304311
0,004093629
0,01365402
-0,002569343
0,0251825
-0,01400922
-0,00745979
-0,01495127
-0,01811417
0,02024994
0,004867732
-0,005640542
-0,009370466
-0,01676523
0,005129986
0,02153648
0,00532812
-0,0138919
0,01122243
0,02218136
0,01876625
-0,002995604
-0,02047603
-0,0308223
-0,02039262
-0,01404916
-0,0192775
-0,01067193
-0,03451528
0,01522767
-0,01920689
0,01969881
-0,005386596
-0,02245318
0,0212485
0,005352413
-0,02008436
-0,01934317
0,001374121
-0,01688453
0,0219567
0,02345703
-0,0220555
0,006655321
0,01987935
0,003272922
-0,00999513
-0,02613617
0,01100001
-0,02046422
0,0241832
-0,02370614
0,005210301
0,01201448
0,00016007
-0,0267693
-0,01094906
0,007733752
-0,02330693
0,0009225477
0,02528029
0,02118235
-0,02504533
-0,01525553
-0,00382973
0,00665309
0,01952419
-0,03010442
-0,01574726
0,01836149
0,0007289652
-0,01658127
0,005614825
-0,01393152
0,01805993
0,02000671
-0,01479486
-0,001364159
-0,02487802
0,004884314
-0,03827289
-0,02729386
0,005927422
0,01633337
-0,0388426
-0,02156171
-0,01269456
0,02130005
0,01340195
0,0214003
-0,007959963
0,007684639
-0,02430543
-0,0268986
-0,007172643
-0,02639142
0,01562665
0,02062852
-0,02196458
-0,01847609
0,01396546
-0,01196335
0,01782312
0,02135045
0,004557489
0,00375989
-0,006480888
-0,01943846
0,01594111
0,004355545
0,00945785
0,009152607
-0,0104392
-0,009696624
-0,00259448
0,008293748
-0,02710236
-0,02148033
-0,01427634
-0,02190139
-0,0226392
0,01631172
-0,02494034
-0,01853731
-0,01375521
0,02011023
-0,02577906
-0,002845911
-0,03952224
0,01347599
-0,0315169
-0,01044671
-0,01338939
-0,04071032
-0,03818204
0,004895442
-0,008211261
0,02364508
-0,01081453
-0,003278864
0,02163477
-0,0181913
-0,02311876
-0,01703245
-0,0168574
0,01298851
-0,01392617
0,01522685
0,004648878
0,01486953
0,02918544
0,00547429
0,005299228
0,02805681
0,02985309
0,0209641
-0,02508281
-0,00437478
-0,005351798
0,006648654
-0,009882052
0,01510034
-0,02236067
0,02228614
-0,005238242
-0,0243278
-0,02014485
-0,01302834
-0,0127524
0,01083028
-0,02279016
-0,0298868
0,01242939
0,0128411
-0,01727212
0,02160012
0,005235459
0,01907315
-0,03178542
0,003052621
0,0001709288
-0,01290253
-0,04115696
-0,02560139
0,01151155
-0,007086617
0,01776824
-0,003295095
-0,02868573
-0,02165881
0,005600896
-0,03131622
0,001210885
0,01405103
-0,02445493
-0,02389342
-0,02747783
-0,0175506
0,01924267
-0,02603028
0,0009711016
0,02898799
-0,004551693
0,02027378
0,004025851
0,02188164
0,01820953
0,01702175
0,007773611
0,02905872
-0,02690587
-0,02535793
-0,01421178
0,01063309
0,02452458
0,02025282
0,009262209
0,02129087
-0,03169063
0,01783344
-0,0204356
0,004761299
-0,02184371
-0,02611383
-0,03223411
-0,02876071
-0,002513013
-0,03754081
0,003599892
-0,0286844
0,01293694
-0,01003754
-0,03446351
-0,03672533
-0,02804879
0,004943911
-0,03385585
-0,02102535
0,006549426
-0,03447698
0,01464387
-0,02323617
0,02098009
-0,02798764
-0,0254927
0,001590598
0,01442726
0,01691401
0,01892829
-0,01512234
-0,00463553
-0,02076866
-0,01944174
0,02821967
0,02160332
0,01954731
0,01549295
-0,01400453
0,01243223
-0,006736141
-0,0167216
0,01422744
-0,02912894
-0,006487406
-0,02997361
0,0004299105
0,02594213
-0,01869393
-0,001733103
-0,01818291
0,01790435
-0,005294533
-0,02381548
-0,03430117
-0,03165735
-0,03309264
0,01114313
-0,02990929
-0,03520019
-0,005469393
-0,01829459
0,008838758
-0,02745256
-0,01158753
0,00913904
0,00851848
-0,017653
-0,02372455
-0,02163962
-0,01099787
0,02544536
0,01490275
-0,002010521
-0,01426769
0,01560782
0,02728694
-0,02756634
-0,004287892
-0,03084379
0,003458141
0,006115191
-3,353636E-05
-0,01447856
0,004215033
-0,005330587
0,02635267
0,02759521
-0,02192189
0,02181669
0,01596498
0,02933973
0,004812072
-0,01872498
-0,02492958
0,02678023
-0,006698819
0,0002470071
0,006070672
0,005299227
-0,01477366
-0,02431391
0,008949136
-0,03200465
-0,02841117
-0,02096348
-0,03541797
0,0238419
0,01792976
-0,0238641
-0,03171099
-0,03716528
-0,0133253
-0,02957675
-0,008126947
0,0222151
0,01670503
-0,006223591
0,003763406
-0,03097644
0,0183918
0,01833647
-0,01949237
-0,009402334
-0,004718283
-0,007773448
-0,009220471
0,002410533
-0,008751285
-0,01236101
-0,01060682
-0,003417972
-0,005153645
0,01650103
0,01270411
-0,006987027
0,02166563
-0,002076601
-0,02508613
-0,01606676
-0,01149599
0,02585757
-0,02908889
0,02132506
0,01105267
0,01242337
0,003005202
-0,005053141
0,01154077
-0,02338928
-0,02734487
0,02012406
0,01719469
0,00139795
0,01183793
-0,008282965
0,02224535
-0,01226254
0,001929026
0,00891707
0,02077728
-0,004846522
-0,0006761942
-0,0004551078
0,02245625
0,005850263
-0,004320447
-0,001020944
-0,006826379
-0,02923483
-0,02584918
-0,005774648
-0,004004237
-0,006691651
0,01151913
0,02441731
0,01755212
-0,008696874
0,008077014
0,0124713
0,01847045
0,02487195
0,01902847
-0,01727293
-0,0164819
-0,003559682
0,003556718
0,01914292
0,02852452
-0,01692844
-0,005793112
-0,002978587
0,02161184
-0,01377909
-0,01543919
0,01610437
-0,0133967
-0,00615818
0,02302166
-0,03082257
-0,02296907
0,02388298
0,024761
0,003319725
-0,03378788
0,0034488
-0,01117833
-0,007530897
0,01930803
0,0177371
0,003942267
-0,001568257
0,008257313
0,01689041
-0,03481604
-0,03089796
0,00612015
-0,01171411
-0,01195383
-0,003199077
-0,02459301
0,01607744
0,008676581
-0,01767956
0,009566384
0,01035043
0,004989595
-0,01937816
-0,02052673
0,02616321
0,006528285
-0,007985778
-0,003881616
0,007308943
0,004699953
0,02187108
0,02633143
-0,01782972
-0,01860484
0,005679583
-0,02973167
-0,02474718
0,02563036
-0,02474191
0,0004872306
0,01727611
0,009987365
0,02567758
-0,01740143
-0,02350992
-0,02974026
0,02136657
-0,03392455
-0,009723387
0,02014623
-0,01434516
-0,01715462
0,01103518
0,02086945
-0,01611914
-0,03552382
-0,02529901
-0,01839299
0,02565394
-0,01721133
-0,01497138
-0,02522626
-0,02859688
-0,01635251
-0,02567791
-0,02217323
-0,0008689078
-0,01657246
0,0180147
-0,0002026103
-0,02651355
0,02333995
0,004988511
0,01389251
0,02516246
0,02964031
0,009031292
0,02514211
-0,03025044
0,02244561
0,01171575
-0,008529478
-0,02785486
0,01508191
-0,01527056
0,003754339
-0,0184597
-0,01345355
0,02122705
0,002926294
0,01510108
0,01520966
0,02570048
0,01511455
-0,022448
0,003929865
-0,0004165657
0,003829057
-0,02754767
-0,03551126
-0,002983343
0,006998283
-0,02281956
0,01899924
0,01501851
-0,00810414
0,006277002
-0,03588223
-0,0339537
-0,01236603
-0,01027543
-0,01653816
-0,0168553
-0,02802368
0,00593685
0,02894506
-0,02115395
-0,006181293
-0,02611085
0,004592952
0,02779369
-0,01516812
-0,009024913
-0,01579597
0,01479615
-0,01219788
0,0261673
0,01755264
0,004226218
-0,01094828
-0,003643189
-0,02842482
0,01779103
0,03013627
-0,01001178
0,02961979
-0,0213443
-0,02159028
0,02523513
0,01783452
0,02007821
-0,02271465
-0,01439878
-0,002327887
-0,0219328
-0,00613836
-0,005191606
0,01883049
-0,02174277
-0,02226142
-0,007180488
-0,02607267
-0,002385226
-0,0002662788
-0,03401355
-0,0174573
-0,01533051
0,02689807
-0,02160783
-0,000897166
-0,001730515
0,02146006
-0,00664032
0,00806332
0,02285009
-0,009549239
0,002628237
-0,01121764
0,01555418
0,006731312
0,02022987
-0,02942706
-0,002386514
-0,01417307
0,01330073
0,0173486
0,02744905
0,02216716
-0,0254365
-0,01202008
0,02077545
-0,02534619
0,00643328
-0,006296965
0,02278055
-0,01374606
-0,001131883
-0,01623582
0,02716281
-0,02920656
0,007024249
-0,02292974
0,02619866
-0,007207815
-0,01420026
0,02506571
0,01270362
0,003877193
0,002233521
0,01600636
0,02167582
-0,02374184
-0,02731069
0,00144824
-0,01407666
-0,00783124
0,008213643
-0,01571019
0,01824051
-0,01830461
-0,01253034
-0,003204235
0,02280297
0,02102979
0,009490732
-0,004151318
-0,01096886
-0,02680817
0,01864877
0,007783032
0,02194552
-0,01239009
-0,008044165
0,0146986
0,029829
0,01175825
-0,0279536
-0,0259875
0,02935381
0,01772147
-0,02673373
-0,008188726
-0,01231008
-0,01315335
-0,005923738
0,01195818
0,03008337
-0,02799061
-0,02619237
-0,004618803
0,004270526
-0,01785757
-0,007768588
0,009916246
0,00900415
-0,02280748
-0,01684759
-0,02707686
0,01202105
0,0181494
0,00393582
0,008530411
0,01532108
0,02316362
0,02241184
0,003466905
0,01368973
-0,01304286
0,002120054
0,004463903
-0,009206369
0,005005236
-0,0147863
-0,02871969
-0,01886263
0,0292215
-0,01798327
0,008267876
-0,001331526
0,02934863
-0,004274878
-0,01343585
0,02956441
-0,006821307
-0,02709517
0,01028138
0,02490603
0,01046731
-0,02576366
0,02125395
-0,003492973
0,02617963
-0,008868244
-0,02230335
-0,01943888
-0,008150882
0,005142931
-0,007925802
-0,00898503
0,01820696
0,0247811
0,009252684
-0,004343136
-0,006743309
-0,03013509
0,02622722
0,02337698
-0,01006746
-0,001050001
0,009345245
0,02395662
0,004298381
0,005592399
0,01140908
-0,007906001
-0,01265533
0,0103368
-0,008271101
0,01998985
-0,0197851
0,007966426
-0,02593851
-0,01589692
0,01356032
-0,01853583
-0,001094548
-0,01335669
-0,02036802
0,02319874
0,01948635
-0,005856654
0,019675
-0,0144632
0,01021348
-0,02649388
0,01789686
0,02129216
0,003847177
-0,008533316
-0,02419435
0,01499699
0,003347586
-0,01951542
-0,00620276
0,02506548
0,01893138
-0,01292047
0,00679936
0,01380525
0,02140972
0,009781093
-0,01865759
-0,0008327947
-0,02526606
-0,02479369
0,01761714
-0,006997155
0,01193535
-0,017386
0,001990735
0,008740464
0,01322401
-0,002915506
0,008482058
-0,01590558
-0,02527698
-0,01125591
0,02666881
0,007248482
0,002934414
-0,003607217
-0,02194036
-0,02905524
0,01581086
-0,0001326233
-0,02181281
0,02702484
0,02327974
0,02051239
-0,007301628
-0,01873951
0,009303193
-0,004571677
0,02996071
-0,02098742
-0,01777485
-0,009834344
-0,01997868
0,004113258
-0,01407531
-0,0051648
-0,02215805
-0,01015535
0,01802653
-0,005360807
0,02923137
-0,02665387
0,000409806
-0,02275895
0,01817881
-0,003010748
-0,01221566
0,0259553
-0,02457968
-0,00717817
0,0005337805
-0,02128728
0,01375356
0,005276329
0,02648574
0,0205406
-0,0006723202
0,02174117
0,01904682
-0,00894041
-0,03008507
-0,01106717
-0,001539785
0,0003854927
-0,02814825
0,01571129
-0,01857884
-0,005922308
-0,006161627
-0,01919314
-0,01024878
0,018612
-0,01662745
-0,009151435
0,001085021
-0,02542604
-0,004052585
0,01485618
-0,02884313
0,0259435
0,02312696
0,01312297
-0,01088275
0,006623909
0,007566905
-0,02781471
0,00556962
0,003760185
0,005952899
-0,006269308
0,02417802
-0,01566934
-0,001430702
-0,004977125
-0,007816607
0,008215292
0,003644857
0,02891598
-0,02766136
-0,02894883
-0,01419467
0,0240369
0,002046159
0,02402781
-0,02849726
0,0121953
0,02498011
-0,008425663
-0,02632743
0,02360106
-0,004905136
0,01487162
0,02180157
0,02494911
-0,001023217
-0,01211402
-0,02988439
0,02316388
0,02422088
-0,02910476
-0,01889779
0,008044763
0,01921483
-0,0296735
-0,01217829
-0,02425638
-0,009666029
0,01934553
0,02950988
0,02381291
0,001215311
-0,002483271
0,01228425
-0,02970552
0,009698275
0,02906645
-0,02023453
-0,006130955
0,003094729
0,02443627
-0,02394372
-0,01767861
-0,0008369669
0,0125297
0,02767634
-0,02231937
-0,007973908
0,003084431
0,02486093
-0,02711804
0,007082626
0,009992124
-0,02657546
-0,02982213
0,01883105
0,007481191
-0,02650081
0,001403172
0,005941289
0,02707111
-0,007839336
-0,0234605
-0,005987441
-0,01891735
-0,008084039
0,02831045
-0,0267345
0,02167991
-0,01406939
0,001323804
-0,02094253
0,007749563
-0,009286623
-0,03005099
0,02633462
0,02954729
-0,02093709
-0,02341938
-0,02681398
-0,01963632
0,01396849
0,01760463
0,02468566
0,02625912
-0,01431705
0,02035536
-0,007343372
0,01090405
-0,01935454
-0,02878151
0,0239969
0,007703427
0,01702828
0,005697304
0,001027303
0,02943919
0,01856358
-0,0126304
-0,01011321
0,02853245
-0,02643
0,0007051839
-0,01359977
-0,00678234
0,02358988
-0,03046522
-0,01006091
-0,02679191
-0,02579797
0,0202763
-0,001883444
0,02836876
-0,001201269
-0,003480211
-0,01647701
0,005652954
-0,0169966
-0,001952691
0,02640171
0,002643875
0,006665454
-0,006379389
0,01132337
-0,01512348
0,008383477
0,002412006
0,02128316
0,0155596
-0,0003733087
0,02756128
-0,01903687
0,02216664
0,01741357
-0,02526011
-0,02357712
-0,01730352
0,0007815867
0,001162664
-0,02791853
-0,01454702
-0,0001552624
-0,01199888
0,005270761
-0,009769744
0,002697115
0,02570942
-0,02181644
-0,0104023
-0,008131707
0,02526436
0,01605059
-0,010139
-0,008459793
0,01761495
-0,00806272
0,01016079
0,01976977
-0,02964154
0,01453355
-0,009041229
-0,02118555
0,005128257
0,004867701
-0,02219703
0,009077796
0,007303562
-0,01846796
-0,005655327
-0,009526837
-0,02887512
-0,02442891
0,01265993
-0,003444206
0,01095976
-0,02675373
-0,01114989
0,01888298
-0,008890606
0,01291059
0,01316909
-0,00602208
0,001542673
-0,006302768
0,0045399
-0,01885369
0,021291
0,000271097
0,03044371
0,01301635
-0,003802127
-0,007030228
-0,0008415725
0,01628399
0,01108379
-0,02400774
0,0248103
0,01290909
-0,003281028
0,01105116
0,02601244
0,01451008
0,01459542
0,0299308
-0,009397259
0,02020482
-0,02637538
0,02422297
0,01138261
0,01403744
-0,02670448
0,0221172
-0,000816211
-0,01105963
-0,02823286
0,02768519
0,008205133
-0,01836557
-0,02891541
0,02790003
0,01916645
-0,02279758
-0,01839411
0,01206332
0,02518688
0,008847076
0,006806981
0,02681516
0,01593983
0,004895932
-0,0210965
0,00640104
-0,00791131
0,01066832
0,01749093
0,02926635
0,009959824
0,002389553
-0,02683139
0,01492201
-0,02267415
0,02743822
0,01937176
-0,01385556
0,009443107
0,004310206
0,02442056
-0,0200728
0,0138871
0,01338032
-0,001921897
0,01288355
0,0117295
-0,0004802607
0,02250373
0,01873145
0,002878534
-0,02761163
-0,02529928
0,01218089
-0,01652917
-0,02263031
-0,02156202
-0,02345446
0,005211173
-0,00254195
0,0002179681
0,01901288
0,002387983
-0,02640419
-0,01173431
-0,02391293
-0,02132457
-0,01316338
0,0206731
0,02234479
-0,01160119
0,02596689
-0,0273801
-0,00923278
0,01509112
-0,003102176
-0,01703485
-0,02743744
-0,02329028
-0,00345273
0,02520506
0,02325692
0,01874078
0,02920175
-0,003773267
0,007487394
-0,002209128
-0,008413462
0,001567455
0,03043261
0,01891992
0,01274707
0,01137909
-0,01825772
-0,02614416
-0,02474046
0,008040019
0,01027143
-0,004914265
-0,007983333
0,004258134
-0,005058988
0,009238731
-0,0299607
0,0003942497
0,007621336
0,03034234
0,01442463
0,02756485
0,01695611
0,02506869
-0,02399478
0,03055839
-0,02119389
0,003094252
0,007743922
-0,02959674
0,003830257
0,007987408
0,01139376
0,008906016
0,0177082
0,01584563
0,02087199
-0,02652026
0,006273669
-0,01543307
0,02151758
-0,01314818
0,009793654
0,01939673
0,003266309
0,007986315
0,01518025
0,02284137
0,0002112604
-0,01606105
0,01863471
-0,001234437
0,01920129
0,007689109
0,01400299
-0,005484333
0,0151353
-0,02467962
0,01294487
0,0127931
0,002609079
0,009292695
-0,003170299
-0,02504997
-0,0256559
-0,02769712
0,01433163
0,01377573
0,01718985
0,009728771
0,01901711
0,0272324
0,02475201
-0,006939876
-0,02106934
-0,00241825
-0,01211379
0,02825335
-0,008153961
-0,001412661
-0,01464526
-0,01345105
-0,02710768
-0,006194078
-0,01764652
-0,02495196
0,01941289
-0,02627616
0,02552212
-0,006800425
-0,02925276
0,0155687
-0,008871374
0,02406262
0,01254173
-0,01779822
0,02063484
0,004868469
0,01508195
0,0009581003
0,02425634
-0,02863451
-0,02436152
0,02108212
-0,004493338
0,02201002
0,004604464
-0,003869067
-0,00123982
-0,01359713
-0,02337286
0,01746761
0,01406074
-0,0156466
-0,002528798
-0,01391565
0,006377091
-0,02702543
0,02316536
0,02987959
-0,01648775
0,010637
0,0189051
-0,006003945
0,008985123
-0,02652082
0,006108228
-0,02930244
0,01113659
0,02732897
0,007548568
0,0136243
-0,01682337
0,02150247
0,004941971
-0,01601365
-0,01908941
-0,0175836
0,02890229
-0,009047242
0,001052156
-0,006717065
0,005565005
0,009109016
