-0,02061436
-0,01122778
0,02050643
0,003893713
0,003993951
0,01903448
0,01296841
0,008906654
0,02285738
0,02685312
-0,008116965
-0,02279332
0,008243575
-0,02892321
-0,01382916
0,01865271
0,03010466
-0,002685626
0,02771456
0,02953319
0,02693078
0,000965199
0,02112625
-0,02745186
-0,005196682
-0,02419129
0,01247742
-0,01678413
-0,0001409499
0,01790326
-0,02940008
-0,01950132
0,03003072
-0,006435113
0,01472438
0,0171256
-0,01079641
0,006619181
-0,01031854
-0,01229746
0,005422139
-0,008967205
-0,007318161
-0,002501583
0,0025312
0,02724632
-0,01562344
-0,00131963
-0,01019219
-0,013465
0,02690093
0,02908791
-0,01327274
-0,02048805
0,02976511
0,009123581
-0,001723065
0,0179482
-0,02089898
-0,001851289
-0,02350762
-0,0002093419
-0,02092971
-0,02504622
0,02626559
-0,01861557
-0,02219953
-0,01534289
-0,01302881
-0,0004127557
-0,0005907143
-0,006540122
-0,02239626
0,009980378
-0,005877794
0,005933692
-0,02164644
-0,006295224
0,0007483476
-0,001780074
0,02204462
-0,01612984
0,02408221
-0,01671751
0,02154535
-0,02787742
0,02433689
0,02057425
-0,005552367
-0,02428777
-0,01105006
0,001938067
-0,002412003
0,02211077
-0,01880038
-0,02436101
-0,01802341
-0,01223833
0,001827529
-0,008868528
0,01945383
0,03034046
-0,01824834
0,02086264
0,01770857
0,003376968
0,02140214
0,007220727
0,01590939
-0,006209228
0,0006661192
-0,02534299
-0,01268569
0,01159164
0,006813685
0,02328661
0,006428996
0,02637805
-0,01601083
0,02417861
-0,01241004
-0,01225463
0,02074602
-0,01869796
-0,01934138
0,02822888
0,02661356
-0,01380127
-0,001031013
-0,01143134
-0,005982186
0,02119403
0,02253144
-0,02060177
0,009325244
0,02231207
-0,02783993
-0,02673498
-0,003735364
-0,0117706
-0,01860988
-0,01289073
-0,02536348
-0,02936788
0,005553805
-0,01566225
-0,01541618
0,01665774
-0,01462801
-0,01151312
-0,0001508881
-0,01379216
-0,0261051
0,008376371
-0,02646295
0,001377955
-0,02068824
-0,02979189
0,0100306
0,02001086
0,007387409
0,005035986
-0,02161078
-0,002392792
0,03058464
0,01025446
-0,01718851
-0,0220578
-0,02769496
0,01510506
0,02126103
0,003189478
0,0003296158
0,02651424
0,01292877
-0,0293932
-0,01655361
0,02044926
0,006717826
0,02717661
0,01363986
-0,02012493
-0,02932734
-0,01958124
0,01936973
-0,02218789
0,01737293
-0,01567942
-0,02398982
-0,02240511
0,01305008
-0,02822288
-0,00636495
0,006594981
0,01133623
0,006647216
-0,02144878
0,007744792
-0,02925591
0,0259483
-0,02850007
-0,02322117
0,01447628
0,0009663934
-0,002348728
0,02710888
0,01619502
-0,02222152
0,02575359
-0,02727702
-0,01162956
-0,01043674
-0,005454175
0,0138932
-0,02313606
-0,00230695
0,004630299
0,02878962
0,008961154
0,02278178
0,02367241
0,02932077
-0,02773999
0,02539071
-0,02729455
0,01971358
-0,01998676
0,02492731
-0,0142467
-0,0232085
0,02276005
0,006191386
0,01952155
0,01095746
0,02547888
0,006596494
-0,004280105
0,0005369103
0,01296218
0,02256342
-0,007985379
0,009243536
-0,01131752
-0,02690508
0,02005216
-0,007110994
0,007593614
0,01044591
4,314519E-05
-0,01627713
-0,02793788
-0,01967101
0,0297302
-0,02161458
-0,02769711
-0,02760753
-0,02542755
0,01905606
-0,001687905
0,008728277
0,01801312
0,02325812
0,02414575
0,02020888
-0,0187293
0,01282736
0,0013582
0,01453963
0,01946954
0,0005270891
-0,0283263
-0,02557495
-0,014232
0,01711564
0,001492494
-0,01532062
0,01056326
0,02956674
-0,02461195
0,01037011
-0,01719336
-0,0003943959
-0,005923132
-0,02887656
-0,02627704
0,01142678
0,006472547
0,01058828
0,008236893
0,02244388
0,002345838
0,00669065
-0,0282723
-0,02577868
-0,024798
-0,0005217313
0,01615475
-0,0004118314
0,02287523
-0,02289185
0,02232242
0,02393232
0,02208473
0,03020668
-0,01863059
0,02812272
0,02486956
-0,01819257
0,007279647
0,01779374
-0,007328086
-0,02397138
0,01451372
0,01905051
-0,002882959
-0,01242797
-0,00142862
0,02250065
0,01621303
-0,0003947815
-0,02399301
0,02081054
-0,02462712
0,02739151
0,03030368
-0,004015213
-0,02730086
-0,01807834
0,01176513
-0,02816099
-0,0006984462
-0,0190048
-0,02399395
0,02813321
0,01749985
-0,01280891
0,008482462
-0,005286161
0,01906414
-0,02373523
0,01800435
-0,005234763
-0,02692641
0,02066313
0,0001414315
-0,004147034
0,02263089
-0,01688584
0,007902592
0,01774874
-0,02949006
0,02423823
0,0143232
-0,006459137
-0,02869069
-0,02943542
0,01694761
0,02465216
-0,02982189
0,01643884
0,02684167
0,01380529
0,001194952
0,005920717
-0,01066353
-0,01870712
0,02943796
0,01622519
-0,02901537
-0,0217699
0,009889422
-0,02614036
-0,02816211
0,009916828
0,01248031
0,01202155
0,01879139
-0,01350439
-0,001956982
0,003701545
0,003489829
0,01958844
0,004399992
0,0244562
-0,02974531
0,004026113
-0,002977997
0,01333448
0,02677827
0,01619776
0,0006853304
0,01296095
-0,006786656
-0,02749613
-0,01926083
-0,02596879
0,02380707
-0,003180688
0,0006591512
-0,01190015
-0,003891293
-0,02422189
-0,01789765
-0,0002186453
-0,02230386
0,02664299
0,02091356
-0,02526264
0,01164849
-0,01001703
-0,01504067
0,002863633
-0,0005709241
-0,0008991393
-0,01582028
-0,02408559
-0,02147171
0,006003666
0,004398236
0,01479649
0,0144091
-0,01487392
0,01876718
-0,0151774
0,00818509
0,02752301
0,01173532
-0,02970096
-0,0003267495
0,008319109
0,01919549
-0,008284263
0,01599585
-0,02110513
-0,02318189
-0,003311911
0,00656084
-0,02587255
0,01628958
-0,02617802
0,0135239
-0,008180358
-0,0290593
0,006536469
0,002752968
0,02949853
-0,01537981
0,02547556
0,01887379
-0,02560695
0,02558815
-0,01339184
0,022201
0,01575471
0,003131627
-0,02075353
-0,0141255
0,0278467
0,02235993
-0,01909088
-0,01477582
0,02139484
0,007205382
-0,02736619
0,001564194
0,02230572
0,01620702
-0,01100864
-0,00960324
0,01619442
-0,0008743134
-0,02667781
0,02038128
-0,000448082
-0,0288949
-0,005742
-0,01356333
-0,01600729
0,01339793
0,00932402
0,01379419
0,01601654
-0,01914373
-0,005612526
0,01288266
0,001070678
-0,002030935
-0,030309
0,006125561
0,02775638
-0,02083731
0,009487831
-0,01835746
0,005557879
0,02035534
0,02350842
0,0155534
0,02729233
-0,02625238
0,01029202
-0,01738279
0,02547802
0,003896522
-0,02798973
0,006151744
0,02181625
-0,003799741
-0,008370053
0,015561
-0,01971881
0,02395857
-0,02817491
-0,01449198
-0,01661156
-0,00284516
-0,002815949
0,008254628
-0,01909279
-0,008066759
-0,03078102
-0,007234155
0,01660784
0,01335491
-0,008390859
0,004804635
0,01905166
0,02215983
-0,01668258
0,009874225
-0,02327328
0,006719984
-0,01240927
-0,02166387
-0,02819294
-0,003593939
0,01883296
-0,01786224
-0,01999181
0,01846502
0,02204326
-0,02578119
-0,02346777
-0,01532377
-0,005045599
-0,02581711
-0,02175171
-0,005015662
0,02892321
-0,02267911
-0,00915335
-0,01595095
0,002475185
0,004703456
-0,02737252
-0,01303774
-0,003132016
-0,01792028
-0,01923961
-0,003227721
0,0180499
0,0300123
-0,01875631
0,01186626
0,00591341
0,001812101
0,004298719
0,02190101
-0,01799253
0,01799975
0,009443655
-0,01559984
-0,003227679
-0,007877928
-0,0006678263
0,02355971
-0,01611054
-0,001982526
-0,01535311
-0,01424609
-0,004569929
-0,009345235
0,02053112
-0,02334744
-0,01031908
0,02620667
-0,02197381
0,01375352
-0,02458599
0,01467864
0,0290544
0,005595883
-0,0299452
0,01263058
-0,02899029
0,02396673
0,02468311
-0,003384261
0,01071389
0,02430579
-0,0005020918
-0,01474463
-0,0183507
-0,02009882
-0,00425532
-0,02692581
0,01643536
-0,02075318
-0,02555596
-0,02258432
-0,029054
0,02622023
0,02465777
0,02264011
0,02868425
-0,007971843
-0,02577008
-0,02638508
-0,008969599
0,01026977
-0,006486643
0,01721632
0,01409167
-0,005334119
0,01545457
-0,02775464
-0,0171819
0,01260981
-0,008673666
0,006154078
-0,03003224
0,0190235
0,01877871
-0,005256574
0,02163303
-0,01730547
-0,01703777
0,01344639
0,01108838
-0,01529993
-0,02166391
0,02821638
0,01068798
-0,03048356
0,01453325
-0,02571425
0,01254272
-0,02047862
0,01595484
0,009023174
0,01889001
0,01985116
-0,0255256
0,03024858
-0,002456297
0,00940703
-0,001084916
0,01482354
-0,009273255
-0,00919007
0,01791359
-0,03005772
0,01564944
-0,003717331
-0,02579025
-0,01988385
-0,02445458
-0,000752851
-0,02891797
0,01542396
-0,0226271
-0,01187256
-0,009169399
-0,02558097
-0,000600188
-0,007675438
-0,02470916
0,01416902
0,01316228
0,01498031
-0,006604505
-0,02156531
0,02904761
0,01592857
0,01896824
-0,01826012
0,01634439
0,02098545
0,02544207
-0,01936427
0,0134916
-0,002963233
-0,008214169
-0,009180324
-0,002112038
-0,02196475
-0,01763751
-0,01680376
0,02590802
0,002985396
0,0295888
-0,01822125
-0,02317858
0,02953117
-0,001584867
-0,001279208
-0,003458847
0,0279868
-0,001941621
-0,02977842
-0,002492832
0,01280011
-0,03070446
0,004788626
0,02419555
0,009534685
-0,02985319
-0,03056879
0,006920309
0,02172242
-0,004392241
-0,01639818
0,001496349
0,02013123
-0,03122738
0,006325345
0,02584558
-0,03111133
0,00825026
-0,009429772
-0,01634424
0,0294261
0,02148136
-0,01917638
0,01533411
-0,01765725
0,0281983
-0,03002056
-0,01371789
-0,008844646
0,01650782
0,01490943
-0,007513797
0,02684021
0,01318366
-0,02942227
-0,000867637
0,01661033
-0,004468341
0,01654287
-0,02271764
-0,01842684
0,004715015
-0,02720737
-0,02517162
0,0147506
0,008128131
-0,01404522
0,02499737
0,01506109
-0,001431412
-0,008051265
-0,01132134
-0,02559547
0,01307901
-0,0007917429
0,01935247
0,01764735
0,02012448
0,01260869
0,01288976
-0,0305164
0,01198547
-0,01577972
-0,02730631
0,005951085
0,01910284
0,006437845
-0,02267912
-0,03163474
-0,01859469
-0,01974094
0,004636887
0,02157374
-0,01721463
-0,02907817
-0,007107456
0,01718905
-0,0246812
-0,02918458
0,004305563
0,0151896
-0,02621414
-0,001031421
0,02205439
-0,00696512
-0,002431209
-0,01253176
-0,01839303
-0,0174973
-0,02162164
0,0104406
0,02558324
0,01216778
-0,0257032
-0,02481386
-0,004493361
-0,01397632
0,02681317
-0,006159836
0,02125163
0,02726522
-0,02575453
0,02220043
0,002840276
-0,01513099
0,01596879
-0,004215569
0,01752172
0,009966072
-0,02324348
-0,02739417
0,009427263
0,01509433
-0,02789095
0,02295458
0,02637065
-0,01585335
-0,007298339
0,006403059
-0,0208093
0,002289759
-0,005275466
0,02259265
0,02204934
0,0008450693
-0,0145962
0,02481533
0,01822929
-0,01988333
0,007661852
-0,02541091
0,02030984
0,01033075
-0,02078552
0,007176269
0,008112072
-0,01921884
0,02625917
0,006356417
0,006067864
-0,02957511
-0,002115096
0,0006668015
-0,02524302
-0,02650619
0,02681837
-0,02530725
0,003107259
-0,02440836
-0,02237817
-0,02034213
0,01986247
-0,0188323
-0,02013407
-0,01507723
0,002104763
-0,02246226
0,02556319
-0,03239816
0,02866218
0,01920566
0,005779572
0,004285953
-0,03423377
-0,0341701
-0,02496626
-0,0351334
0,005774007
-0,005661746
-0,01845264
0,01261994
-0,01248977
0,01651671
-0,0281947
-0,0181267
-0,0251498
0,02750404
0,02114374
0,02074724
0,00579656
-0,02044503
-0,009414774
0,01057043
-0,02793323
-0,002367698
-0,01479326
0,007811009
-0,001588541
0,02269168
-0,02658407
-0,00218906
-0,01838364
0,02465515
0,006509319
0,01441396
-0,007594749
0,01822239
-0,003484609
-0,0275076
0,01924521
0,02232601
-0,007951983
-0,0331177
0,01501644
-0,009355875
0,01831019
-0,02891368
-0,03090082
0,02823976
-0,02254045
0,00123956
-0,01494843
-0,02683274
-0,01027966
0,01106113
-0,008922312
0,01733421
-0,001969137
-0,0007748291
0,01348869
0,00519297
0,001193839
0,01427587
-0,004837326
0,02067431
0,002962844
-0,005419683
-0,01818912
-0,006473512
0,01999565
-0,009145287
0,0005740845
0,01766873
-0,03032584
0,01258813
0,01905112
-0,008076292
0,02517786
0,01179988
0,007071738
-0,01815674
0,001179095
-0,001344387
0,01184603
-0,002654747
-0,02176303
-0,02723245
-0,0005431134
0,01908873
-0,01630959
-0,005434099
-0,02285296
0,01964232
-0,01537881
-0,01698216
-0,01336581
0,002782092
-0,00321136
0,02236214
0,01268478
-0,01104778
0,0142277
0,005525694
-0,02322209
0,01450082
-0,03090022
-0,007704878
-0,02888101
0,007722065
0,02547191
-0,02547622
-0,03258321
0,0225631
0,02389974
0,002577577
-0,03069136
-0,02638363
-0,02648965
-0,02985235
0,01331155
0,003237741
0,02872139
-0,004807979
-0,01970605
-0,00440804
-0,02000042
0,009834895
0,002444058
0,01726675
-0,006490122
-0,01811571
0,0209421
0,029616
0,02567532
-0,01792087
-0,007335255
0,01803487
-0,01010685
0,02114864
-0,01158816
0,006817312
0,02373897
0,01684766
0,0199438
-0,02652408
-0,008585538
-0,01889044
0,01834327
0,008739089
-0,02709305
-0,02336829
-0,009325709
-0,009831356
-0,02049677
-0,0245932
-0,009116894
-0,01269392
-0,008355937
0,004939705
1,749328E-05
-0,006545516
0,02489254
-0,01168051
-0,01570594
0,01282916
-0,01390432
-0,02791223
-0,03354029
0,01764087
-0,01670636
-0,01170934
0,01711843
-0,0127507
0,01376686
-0,02434619
0,00823952
-0,01713488
0,005385488
-0,02498601
-0,02724972
0,0257207
0,01812857
0,02087041
0,008940788
-0,01869514
0,01416004
-0,008120265
0,01872607
0,01296336
0,01329491
0,02604942
-0,01468607
0,003285002
-0,02263322
0,01960683
0,0055546
0,0008066227
-0,01118942
-0,03419767
0,009604178
-0,0165855
-0,02597471
-0,03774865
-0,01007226
0,01286147
-0,01242299
-0,02563629
0,0125595
-0,02969663
-0,0004822919
-0,02464701
0,01376104
-0,006825857
0,006582413
0,0125386
0,008446447
-0,02107374
0,01065628
-0,02132836
-0,02700005
0,02686016
-0,01300374
-0,009685297
-0,02552468
-0,0136117
-0,02943019
-0,01751089
-0,02210042
0,01969854
-0,004568722
-0,02570856
0,01801404
0,004044703
-0,01186791
0,0143243
0,01411104
0,01545906
-0,006309909
0,01935397
0,01419888
0,002188379
0,004829581
0,008702622
-0,02419639
-0,003844683
-0,0257657
0,01847219
0,02070723
-0,01343753
-0,02262617
-0,003436135
0,01078832
-0,02569632
0,01668911
0,01323433
-0,03688815
0,01704416
0,02453701
-0,02625674
0,01139924
-0,03167648
-0,0327018
0,025098
0,006448905
-0,00315424
-0,00230496
-0,01520122
-0,02328572
0,02746401
-0,02722191
0,02231581
0,0157694
0,02616468
-0,005112559
0,003773361
-0,0109419
0,007113146
-0,01781202
0,004981794
-0,02103726
-0,01907208
-0,01202529
0,01708002
0,007646468
0,02404106
-0,01725364
0,001122474
0,005802343
-0,004178382
0,009973262
0,01621252
0,01407032
-0,02191264
0,02578982
-0,0005138335
-0,003148789
0,006275244
0,02205187
0,002769877
-0,03711422
0,00947569
-0,002058947
0,01929345
-0,02074344
-0,01959728
0,007188801
0,01536573
0,01064755
-0,02034978
-0,009588565
-0,01458732
0,006890082
-0,01319502
-0,03104214
0,008552203
0,02526152
-0,01528891
-0,008885685
0,01872971
-0,01290128
0,0236151
0,008431562
0,01313627
-0,01147818
-0,01495133
-0,02107087
0,006989552
0,0305222
0,02383312
-0,0257546
0,01212969
0,009703452
0,006911466
0,003813597
-0,01295512
-0,0009821213
-0,01067991
-0,002815762
-0,01193331
-0,0219733
-0,008472515
0,01285543
-0,01837631
0,02441563
-0,01784917
-0,02447282
-0,01104855
-0,02786472
-0,01950167
0,0006285784
-0,02714821
-0,02021302
-0,02925354
-0,02303613
-0,03550215
-0,02825738
0,01512621
-0,003626719
-0,03843611
-0,0301391
-0,03051114
0,01862106
0,02006135
-0,01378561
0,01890204
0,01686267
-0,02618606
0,01927151
0,01282757
-0,0239655
0,0007592751
0,01797781
-0,03050081
0,009056948
0,02680727
-0,01979547
-0,005242306
0,01808586
-0,02510388
-0,02312366
0,01864299
0,0008836703
0,01393108
-0,01262431
0,02301534
-0,006648204
-0,0004633147
-0,01409568
-0,005397703
-0,02613394
0,003977506
0,01449544
-0,003787021
-0,02029619
-0,03099194
-0,004985775
0,01590844
0,02317927
-0,02668816
-0,008292343
-0,03574101
-0,009805022
-0,02013604
-0,03343859
-0,03601658
-0,01437603
-0,02488781
-0,01089031
-0,01800476
0,02065773
0,01416119
-0,02692585
-0,002918207
0,02160494
-0,01208
0,005032543
-0,02070251
0,006763726
-0,005686954
-0,00501489
-0,01567414
0,01601697
-0,006277953
0,009274004
0,004425107
0,01840499
-0,009059642
0,01960785
0,008587212
-0,0001832733
-0,00550842
0,0003632248
0,01173514
0,009448901
-0,02509351
-0,01213555
-0,02245545
0,002527696
-0,01698635
-0,002463058
-0,02616332
-0,03126361
0,02442807
-0,001218864
-0,01391756
-0,005911749
-0,0201757
-0,004055322
0,02200111
-0,01121898
-0,01920174
-0,02650956
-0,008672941
0,001390644
-0,02867392
-0,02561399
-0,03584808
0,0005260267
-0,002452525
-0,02158179
-0,03401424
-0,009894188
0,01343578
0,01665479
-0,001237504
-0,01740769
-0,00599748
0,01875305
0,01792316
-0,03113802
-0,003761096
0,004326923
-0,007271383
0,02643381
-0,01295062
-0,0164412
0,02233234
0,02540097
-0,01074194
-0,02230922
0,006067789
0,01987579
0,02810885
-0,01475252
-0,01522425
-0,01521895
-0,0311208
-0,0323291
-0,001820047
0,01744419
-0,01942024
-0,004894686
-0,03047145
-0,02975851
-0,009883598
0,00353238
-0,02447958
-0,03197594
0,03011881
-0,03024268
0,02713529
-0,01579975
0,005854421
0,01113349
0,01628955
0,001799781
0,002449793
-0,00903888
-0,01215096
0,01918844
-0,01646672
-0,03095645
-0,01286928
-0,01062329
0,003300043
-0,01980985
-0,001844156
0,002549125
0,004376204
-0,01828493
-0,01754707
-0,005238082
-0,009248025
-0,03146861
0,0162386
0,02900158
0,002685278
-0,006997556
0,0005599408
0,009472491
-0,02639577
0,0185928
0,02606223
-0,01407609
-0,02302894
-0,01747129
-0,02457888
-0,0268965
-0,01292558
0,002218136
-0,0006232935
-0,004883902
0,00335579
0,001220962
-0,007062543
-0,03135067
-0,02667603
0,007185169
-0,006651804
-0,02181118
-0,02774927
-0,002889249
-0,01380179
0,002893573
0,01045262
-0,008359144
0,016873
-0,001329799
-0,03337263
0,02016376
-0,0295975
-0,01914756
-0,03722683
0,008828304
0,01883405
0,001545757
-0,02013673
-0,02583333
-0,0148586
-0,009818338
-0,02569034
-0,006877041
-0,01628846
-0,02815406
0,01348043
0,01549804
0,01830059
0,01828222
0,004309738
0,01360843
0,02368268
0,02570327
0,02935628
-0,01309602
-4,051536E-05
-0,005336205
-0,0102729
-0,02120782
-0,004047782
0,002493277
-0,01431067
-0,004071675
-0,03161013
-0,01127711
-0,008015902
-0,02461027
-0,003029721
0,02422359
0,0107546
0,01908852
0,0164552
0,02351582
-0,01686294
-0,0384232
-0,03336241
0,001349463
-0,02056076
-0,01946031
-0,03923702
-0,03572553
0,008133272
-0,02878057
-0,02724972
-0,01086263
-0,03122919
-0,02055667
-0,01008975
0,01352936
-0,01798142
-0,008366239
-0,01731936
-0,02696179
0,01029021
0,01102998
-0,02493413
0,008753932
-0,007054353
0,02274386
0,006758149
0,00465759
-0,01311399
0,02332674
-0,02661953
0,01347338
0,02283904
0,02308372
0,004792943
0,02503336
-0,02417553
0,01415105
-0,02467879
0,02584203
-0,02231604
-0,00845545
0,01838615
-0,0254116
-0,01425059
0,009129945
-0,01968862
-0,02109671
0,008745599
0,01299201
0,009113737
-0,01621993
0,003258842
0,00500328
-0,02556655
-0,007795278
0,01157038
-0,01258227
-0,01766676
-0,005306242
0,01617491
-0,007167683
0,01284984
0,01834661
-0,02617051
-0,006970821
-0,003477158
-0,02082802
0,007418612
-0,003938572
0,005989827
-0,00231521
-0,01233957
-0,01511887
0,02383149
-0,01357622
0,02111431
0,02909838
-0,01078101
0,01276345
0,002678388
-0,007688752
0,0176599
0,003346436
-0,01898209
0,01181078
-0,02909653
-0,02422201
0,002718922
0,02576533
-0,03176868
0,006571513
-0,007426758
0,004647889
-0,02356176
0,01003273
-0,0013587
0,02359725
-0,03786179
0,01816365
-0,02705217
-0,03221504
-0,002549165
-0,01980421
-0,03394519
-0,03295866
-0,04233564
-0,01621647
0,01692227
-0,03041694
0,01856037
0,02677518
-0,02091012
0,005122355
0,02682497
-0,005090984
0,006537025
-0,01838035
0,009279219
-0,006162731
-0,008922676
-0,008651468
0,003787603
0,01119477
-0,004984041
0,02692063
-0,02610929
0,01243415
-0,02577568
-0,02071054
0,009202036
0,02063905
0,0279054
-0,005009749
-0,002584047
-0,01026161
0,01381518
-0,001663278
-0,003750672
0,02928578
0,01238023
0,008342372
-0,02156917
-0,005876807
-0,0296373
-0,03484077
-0,007451252
0,008091073
0,003179739
0,00806143
-0,03563817
-0,01760362
-0,02253719
-0,006290027
-0,007577215
0,01119398
-0,004339411
0,01938304
0,02122444
-0,02104901
-0,02092473
-0,01331491
-0,01371294
0,01445253
-0,00676787
0,0276868
0,02773943
0,01484495
-0,02166858
0,0040346
0,009985234
-0,02124307
0,01708128
0,0121707
0,01227327
0,01037187
-0,02004442
-0,02585045
0,00415061
-0,01031245
-0,003236671
-0,01052114
-0,028215
-0,01210482
-0,0282075
-0,01832282
-0,000442232
-0,01098448
0,02090244
0,008552758
0,01519051
0,01970899
0,004886778
-0,02064831
0,0114769
-0,01918418
-0,01990682
-0,0129385
-0,03621447
-0,03041063
-0,03348481
0,006990933
-0,003954968
-0,03614401
-0,03517102
0,01782858
-0,002978706
0,001833561
0,02001177
0,0219852
0,008789248
-0,003533878
-0,0146755
0,0009047843
0,01196864
0,02149875
-0,01360263
-0,03099891
0,01178161
-0,02205699
-0,00404729
0,007165977
0,02426762
0,001374969
0,01756717
0,01881379
0,005761538
0,003009858
0,02323417
-0,01021122
-0,01179962
0,0122475
0,02896762
-0,006701615
-0,01615682
0,01322865
0,01031509
0,02600059
-0,02043964
-0,02843062
0,005370892
0,0217685
-0,003738899
0,02537599
0,02197465
-0,02215726
-0,01017991
0,02304924
-0,01014889
0,02071477
-0,03141944
-0,01881313
0,00659011
0,01736047
0,006619391
-0,008789437
0,01268707
-0,03175915
-0,01766584
-0,01347632
-0,01086021
-0,0308554
0,01248614
0,001934159
0,002410039
0,02785443
0,002806726
0,02651769
-0,0109241
0,02840023
-0,02374627
-0,009884465
0,01876793
0,005233204
-0,0005135935
0,00206772
-0,01885809
0,02741936
0,003059376
0,00112837
-0,009756614
0,006141911
-0,0286482
0,02556001
-0,01443266
0,02822492
0,02596399
-0,03190872
0,005755355
0,01423372
0,02409494
0,009784615
0,006186125
0,02426349
0,0124351
0,0005021279
-0,03376013
0,01404012
-0,01307241
0,02545853
0,006884148
-0,007630067
-0,0009450236
-0,004613896
0,01274878
0,006202418
-0,006792074
-0,02657827
-0,007533422
-0,02224262
-0,01549437
0,01882688
1,551114E-05
0,01658917
0,02800445
0,01299084
-0,02961337
0,01780446
-0,01258478
0,007445212
-0,02736827
0,003579054
-0,01085386
0,00555838
-0,02570246
-0,002820755
0,01188447
0,02597655
0,01958052
0,02276496
-0,005672449
-0,01118682
0,003022319
0,004307839
0,01846335
0,01848025
0,02839617
-0,005111916
-0,02833084
-0,001280739
-0,007098651
0,01192752
-0,0008635139
-0,0043646
-0,002347622
-0,03550759
-0,02973546
0,01270299
0,02013678
-0,03382044
-0,004143311
-0,02303601
-0,008451246
0,003313193
0,01482173
-0,02827035
-0,02602958
-0,03346349
-0,009842488
-0,01113788
-0,03280592
0,00180884
-0,009805296
0,002082793
0,01791472
0,02709482
-0,01226512
0,02650321
0,02872361
-0,0209289
0,01747726
0,003816868
0,01653439
0,01755447
-0,01725575
-0,01013882
-0,02816171
0,02328473
-0,02543496
-0,02978145
-0,0112882
0,01990555
-0,02935619
0,01933498
-0,01285709
-0,02673237
0,0164984
0,01809032
0,006735427
0,007621168
0,0027854
0,02260797
-0,03309645
0,009152706
-0,001842985
0,01200063
-0,01172724
0,02126831
0,002509307
-0,00447985
0,01076725
-0,02707953
0,01368431
0,003521207
-0,02420443
-0,03651854
-0,004174749
0,01263502
-0,002152982
0,003972813
-0,02635161
-0,0134208
0,02797515
-0,00460719
-0,02660179
-0,01968234
0,005705373
0,004203411
-0,01360451
0,01117246
-0,02018123
-0,0004263828
-0,011808
-0,01094141
0,005691043
0,02369114
0,00406984
-0,02358201
-0,01368931
-0,006131219
0,02918207
-0,02423286
-0,01361451
0,002582564
-0,01551645
-0,02542389
0,02601052
-0,01542516
0,002703889
-0,01349347
0,003861357
-0,03272403
-0,01833253
-0,02986917
0,001640773
-0,01604755
0,01939813
-0,005969346
0,0002988014
-0,01824112
-0,02599468
0,006729039
-0,003150873
0,01371685
-0,01751169
-0,02397002
0,0146887
-0,002404558
-0,02712515
-0,01340094
-0,006735299
-0,009077453
-0,00259445
-0,02394155
0,006620538
-0,02899395
-0,0245012
-0,0008043174
-0,0157937
0,02828011
-0,01372584
-0,009849679
0,02841496
-0,02944293
-0,02153861
-0,01938236
-0,01497311
-0,01319266
0,01722905
-0,009580139
0,02893149
-0,02726307
0,001844795
0,02744395
-0,01855002
-0,01903422
-0,002597765
-0,007921976
-0,01903008
0,02726493
-0,01694032
-0,01188948
-0,02879344
-0,01960924
0,01770642
-0,02421191
-0,006555554
-0,03081959
-0,009491515
-0,007073343
-0,02705742
-0,01215944
-0,02154321
0,001971954
-0,04031442
0,01034885
0,008836022
-0,0001861476
0,01187934
-0,02413594
-0,03319874
0,004128283
0,01610305
0,02035439
-0,009207515
-0,004470427
0,02673474
0,00195327
0,0259679
-0,003461405
0,003111428
0,01282873
-0,01543592
-0,01483152
0,01217038
0,0242725
-0,01694006
0,01308551
-0,01953312
0,03008013
0,01023754
-0,02089219
0,01951868
-0,01308501
-0,02318497
0,0003957082
0,01222118
0,025702
0,0266871
-0,01222214
-0,01180351
0,01664652
0,00432388
-0,03426182
0,02615869
0,006043801
-0,002157249
-0,01992562
0,01667093
-0,01270854
-0,02229244
0,01851392
-0,02932614
0,02034877
0,02174469
-0,01338996
-0,02844604
-0,03117076
0,0238364
-0,0244661
0,008174581
-0,02708334
-0,0059138
0,01582197
-0,0003091202
0,02098657
0,01333644
0,0005684939
0,009401033
0,02156521
0,0106482
0,02889673
0,006550706
0,008190164
-0,02650221
0,01106757
-0,02428817
-0,01739245
-0,01301827
-0,02962481
-0,01067527
0,02473863
0,01885993
0,01474229
0,01289355
0,0110331
0,03020858
0,02066436
-0,01554287
0,008250949
-0,01591085
0,00718146
-0,03466774
0,01401094
0,007683574
-0,02009373
-0,01184056
0,009663927
-0,01035949
-0,03647612
0,01751539
-0,03777078
-0,00299102
-0,03838162
0,009297195
-0,02190036
-0,01429773
-0,002789027
0,02439417
-0,01762485
-0,01176905
-0,03299141
0,01273716
0,02467202
0,01801459
0,01335947
-0,01544441
0,01205507
-0,02773158
0,02159764
0,02277678
0,02314086
-0,01557198
0,03010297
0,004458382
-0,03004426
0,02867538
0,01869829
0,02728882
0,01731722
-0,01575898
-0,01477221
0,01231813
-0,01983399
-0,02830836
-0,01638339
-0,0160774
0,01529156
-0,03051571
-0,005426654
-0,01778286
-0,009906799
0,01771814
0,02527778
-0,01509557
-0,01593314
0,01801779
-0,03220201
0,01706241
0,01359999
0,02169763
0,00610651
0,01143622
0,002534599
-0,02538017
-0,03448061
0,009854717
0,002945771
-0,006330676
0,009733861
-0,01358195
0,002525731
0,002110882
-0,0245658
-0,03050003
-0,02403478
-0,01262938
0,004066008
0,02122596
0,005092407
-0,001361484
0,0003198484
0,009687417
0,006744337
0,003651339
-0,005570566
0,02661828
-0,0141206
0,01291956
-0,01229797
-0,02646633
0,02272831
0,02038772
-0,03032202
0,01582847
0,000176686
-0,004723976
-0,03288512
0,0265494
0,02816057
-0,00760097
0,001626093
-0,02054494
-0,02176244
-0,03216345
0,005364412
0,01872861
0,01151176
0,01606168
-0,03412049
0,01418038
-0,01894635
-0,02051588
-0,01443868
-0,009799761
-0,01018485
-0,03317948
-0,02321043
-0,02503203
0,01601686
-0,02279821
0,0003561539
0,02203615
-0,02358917
0,006524349
-0,003565455
0,01472154
0,004514745
-0,009033846
0,001687477
0,01046344
-0,01120489
0,008383594
0,022134
-0,02387668
0,02057143
-0,01874335
-0,007338454
0,0007107554
0,02299076
0,001380738
-0,02053963
-0,0106844
0,003039725
-0,01126172
0,01581269
0,005769951
-0,004251976
-0,001681017
-0,01380868
-0,005805193
-0,01582398
0,01692777
-0,02970114
0,01388618
0,01878604
0,004865419
-0,02723567
-0,004272802
-0,002786747
0,01787853
-0,02036102
-0,01493861
-0,01650089
-0,01040098
-0,002555098
0,004505942
-0,01111159
-0,01458067
0,006876219
-0,01436121
0,008188063
0,006500117
-0,01873229
-0,01367439
0,02955103
-0,01684939
-0,008352717
0,01962892
0,0247729
0,02096639
-0,01091484
-0,02799196
-0,02793419
-0,02493457
-0,006378056
-0,004119763
0,0001228979
-0,02809053
-0,01871496
-0,02210138
-0,02862964
0,01358188
0,02184314
0,02580023
-0,02117194
0,01206332
0,02247525
-0,02948462
0,009472617
-0,03147603
-0,02023656
-0,02535794
0,02127419
-0,03080596
0,01186342
0,002931724
-0,0004037127
0,01166724
0,009535383
0,0009385218
-0,02025775
-0,02178428
0,003245248
0,007846344
-0,002231858
-0,0222156
-0,01056262
-0,01377436
-0,02997936
-0,02057345
-0,02408312
-0,01177743
-0,02850988
-0,003204724
-0,01465221
0,02886983
0,0205734
-0,01164216
-0,02423512
-0,01486813
-0,009813475
-0,009963833
-0,02352812
0,02121246
0,007629694
-0,01891349
-0,02034122
-0,02833578
-0,00887857
0,01729727
0,01556356
0,008217187
-0,01977073
-0,001245276
0,01834266
0,01004188
0,02928788
-0,02810363
-0,01490018
0,02346525
-0,01418045
-0,003498319
0,02332535
-0,003784884
0,01758521
0,0167261
-0,03776238
-0,01594305
0,006890941
0,009691358
0,009487667
-0,01996288
0,00517572
-0,009297165
-0,02205776
0,01702316
-0,02370707
0,01875987
-0,02592315
-0,006491375
-0,02658706
-0,0116932
0,02915359
-0,01103174
-0,00673532
0,003280628
-0,0208448
0,005600463
0,008806283
0,001738799
0,03025713
0,01844556
-0,0300172
-0,02213689
0,0240634
0,01675634
-0,005724405
0,006743455
-0,02986044
0,01626053
-0,02270259
0,01377528
-0,01525524
0,003758926
-0,02934996
-0,004866354
0,02323987
0,005262842
-0,0229038
0,02246048
-0,0007355449
-0,02809366
0,01559564
0,01936843
0,01859824
-0,03445465
-0,002714008
-0,001916647
-0,03445242
-0,01756235
0,002190939
-0,01742246
0,002918126
-0,02904879
0,002295079
0,01909056
-0,01481135
0,0007360605
0,009684387
0,003107768
-0,0005485903
0,003553278
0,02345136
-0,002794222
-0,01359321
-0,00843065
-0,02625035
-0,006126342
-0,01322343
0,02739505
0,01023382
0,005443775
-0,001903603
0,01611014
-0,0285822
0,02436673
0,03010395
-0,0218188
-0,01206451
0,02426398
-0,01877363
0,01468606
-0,0007851339
0,01143339
-0,02549964
0,01398626
0,02836404
-0,02936145
0,01438525
-0,03059014
-0,02374836
-0,01660703
0,02060178
0,001519499
-0,01183569
0,02341382
-0,02226445
-0,01763238
-0,003700159
-0,009103253
0,01617784
-0,03121729
-0,02443909
-0,03444857
-0,001979745
-0,0360757
0,01998604
-0,03430204
-0,02359703
0,01770028
0,02444669
-0,02213686
-0,01016818
0,01876301
-0,006556103
0,01747963
-0,02605947
-0,02144944
-0,01110979
0,0008665395
-0,008960189
-0,02697398
0,005755867
-0,01404329
0,02193213
-0,005788465
0,01206008
0,02463862
-0,00400696
-0,02376924
0,01033361
0,00462024
0,002679045
0,01606056
0,02671091
-0,0294684
-0,004003065
-0,006889545
-0,0249951
-0,03020533
0,01572271
0,02773832
0,0169298
0,0231013
-0,02863613
0,01945245
0,01938244
-0,03554096
-0,03175357
-0,005881093
0,00983751
-0,03740776
-0,0366815
-0,03683048
-0,03088971
0,01266233
-0,00347129
-0,03433966
-0,02111712
-0,02006899
-0,01070988
-0,03130828
0,00188218
-0,02338911
-0,01654168
-0,008056629
0,009522462
0,001298039
0,01948363
-0,009051365
-0,009232982
0,0110267
-0,02547923
-0,01016929
0,01538011
-0,007891426
-0,01649843
0,01029602
-0,01982036
0,02604484
-0,002963079
0,005529555
0,01312873
0,02120936
-0,01463807
0,009672982
0,003342836
-0,002005841
0,01042376
-0,02522303
-0,001756562
-0,00699932
-0,02280299
0,02390365
0,005686035
0,007554101
-0,01333995
0,005728467
0,004021695
0,00462755
-0,02431847
-0,01698603
-0,02425823
0,01135938
-0,02720816
-0,02829677
0,02054856
0,006590571
-0,01827818
0,0104766
0,002431795
0,02203711
0,01874682
-0,01130139
0,01462977
0,01597693
-0,009130876
0,01076223
0,01787492
0,002022049
0,01815554
-0,02172634
0,02308107
0,01501943
0,02486343
0,02794459
0,002499519
-0,01731813
0,01221938
-0,02983336
0,02672911
0,0002878114
0,02488142
-0,004045639
0,007360676
-0,02685124
-0,007893466
0,02471028
0,01221964
-0,02380372
0,01014473
0,01938453
-0,02126448
0,0235309
-0,00519347
-0,001717418
-0,006602827
0,0138792
-0,03053411
0,01499921
-0,01359181
0,006321998
0,01748703
-0,02859571
0,01373295
-0,03342991
-0,00721263
-0,002876239
0,01972014
-0,02463658
0,001803459
0,01269
-0,03128861
-0,01281545
0,02021124
-0,01987394
0,02981198
-0,005632049
0,009461243
0,0108893
-0,006387141
-0,00552219
0,0311423
0,01186426
0,02172025
0,02913869
0,02789092
0,02917193
-0,01316593
-0,008634799
-0,001788453
0,01359351
-0,02455669
0,0228215
0,006823331
-0,01916858
0,003027548
0,01060794
0,00287416
-0,001250942
0,003533084
0,02264625
0,02690814
-0,003733149
-0,0026425
0,02230957
0,01312676
0,01900407
-0,03596198
-0,02016098
-0,005242023
-0,034461
-0,02961467
-0,01528708
-0,01406213
-0,0385851
0,006425076
-0,02170376
-0,01611434
0,02021365
-0,02583659
-0,001348196
-0,01916583
0,002631364
0,01674005
0,0236728
0,00991001
-0,02083408
0,01258334
0,007338623
0,004455389
-0,01560188
0,02208288
-0,02034362
-0,02116963
0,001811476
-0,004998676
0,004224794
-0,01986266
0,02540802
-0,01998496
-0,02672178
0,02414301
0,02987543
0,01625881
-0,008320741
0,005413625
0,00878034
-0,007904687
9,590494E-06
-0,006141354
-0,01294407
-0,01071533
0,009492072
-0,009891422
0,02549989
0,004331788
-0,01138244
-0,002255033
-0,003113248
-0,01834218
0,001152555
-0,02739856
-0,01555148
0,007986702
-0,01900703
-0,02672331
0,02076103
-0,02120285
0,0235602
0,0008242849
-0,0209362
-0,02921619
-0,005093202
0,01583546
-0,02516749
0,005499416
-0,01486673
0,01536612
-0,008135481
-0,01394441
0,02765176
0,01499318
-0,02224903
-0,01974818
-0,01507654
0,0236343
-0,01715383
0,01806591
-0,01998778
0,02343771
0,02901484
0,02428789
0,002451323
0,006521394
-0,001442755
0,021533
-0,0008656826
-0,01789372
-0,003501456
-0,01935557
0,008155937
-0,005671677
0,001175943
0,0287775
-0,01715674
-0,01905522
0,01923062
0,0140697
-0,02298413
-0,01577528
-0,01296324
0,003435261
-0,0242913
-0,01571742
-0,01773594
0,01629001
-0,03404918
-0,02234152
-0,005557008
-0,01098828
0,0235563
-0,02220565
-0,02474652
-0,02831468
0,005337317
-0,01375001
0,00227212
0,01834083
-0,01652306
-0,01842539
-0,02405429
0,02987635
-0,01344827
-0,02044649
0,01052184
0,003150747
-0,01573741
-0,02109435
0,02449337
0,03015989
0,02841055
-0,01058507
0,001113198
0,01777188
-0,00246941
-0,01305964
0,008023189
-0,01801092
-0,0101365
0,007668688
0,02198984
-0,01710646
0,01437326
-0,03187801
-0,02431552
-0,0098068
-0,01910777
-0,009985811
-0,01271131
-0,03639929
0,005029267
-0,03255102
0,00107513
-0,03447554
-0,019889
-0,01161616
-0,01643054
-0,02966926
0,007732505
0,01103786
0,006837866
0,0222851
-0,008753972
0,0005728194
-0,001547114
0,009553897
0,008484519
-0,01123626
0,002623117
-0,01450797
0,004984057
-0,01065708
-0,0001287577
0,007424452
-0,007315977
0,02214906
-0,01706358
-0,01674589
0,02808197
-0,01699546
-0,01562265
0,01716406
0,01503968
0,0222475
-0,01432529
0,01919397
0,01012691
0,0004687469
0,002521018
-0,02616267
0,02754183
0,001593767
0,001301048
0,002243635
0,02314312
0,02463783
0,01996723
-0,0198012
-0,001106396
-0,002627869
0,009846245
0,01639702
0,01232902
-0,03353644
-0,0135802
-0,01538627
0,001532157
-0,03344937
0,004378086
-0,01543915
-0,02436366
-0,02114712
-0,02172522
-0,001502443
0,002807542
0,02288875
-0,02208176
-0,001311076
-0,01836228
0,006963381
0,02901314
-0,02360772
0,0152158
0,000742762
-0,008078694
-0,02645323
0,01828217
0,02839116
0,01060007
-0,004009238
0,0263442
0,02396772
0,007653314
-0,00610102
-0,004127369
-0,01341366
0,02225034
0,01404361
-0,002203774
0,02204932
-0,01782675
0,01064571
0,02212661
-0,01778712
0,02032655
0,01186649
-0,01365874
-0,0316035
-0,03520598
-0,03488143
0,008363742
-0,01609531
-0,03659733
0,01987313
-0,006024131
-0,001323938
-0,02599598
-0,01472566
0,007704036
-0,01839139
0,002644102
0,008610938
-0,009969453
-0,01743736
-0,002251441
-0,01296896
0,003880929
0,01454681
-0,03074593
-0,01530411
-0,02835039
-0,004380224
-0,02924736
-0,009051401
-0,003598125
-0,009316469
-0,01409678
0,003823078
0,008752081
0,00564342
0,008542301
0,0112033
0,02698618
0,006669477
0,006952156
-0,0001092232
0,01425584
0,006749366
0,02018909
0,01423239
-0,0306554
-0,001301493
0,02654222
-0,02862074
-0,01799608
-0,003032714
-0,01848235
0,005818035
0,009493975
-0,0009512777
-0,02558489
0,001303979
-0,03797755
0,003246007
-0,0408529
-0,01666884
-0,0110005
0,005315291
-0,00436921
-0,02290592
-0,007545956
0,007562343
0,01527903
-0,02147598
0,01248018
0,02565246
0,0150543
0,01560554
0,007809894
0,02678903
-0,002561749
0,02379828
0,0243487
-0,01509897
-0,01760114
0,003382569
-0,002493337
0,02565461
-0,02623399
0,02360905
-0,02813911
0,006900707
0,01689616
-0,02885168
-0,008955245
0,03011651
0,002580184
-0,02430228
0,0006266815
-0,02106749
-0,03159421
-0,03340565
-0,03054226
9,351572E-05
-0,01489779
-0,01438367
0,009555514
0,01555551
-0,01559453
-0,01724607
0,007000532
-0,005897512
-0,03977977
0,008271955
-0,03454785
-0,02272799
0,005592315
0,01551901
-0,00529991
-0,009817169
0,02289812
-0,002639232
0,009544544
0,009578084
-0,01955564
0,01971689
0,02243541
0,01315944
0,01703994
0,01270848
-0,01191686
0,003025162
-0,0216013
-0,006726701
0,02122551
-0,006539529
0,01877576
-0,01155652
0,02544039
0,01983185
0,01941982
0,005265476
2,814974E-05
0,009460254
-0,0261016
0,0009221873
0,00453826
0,0247916
0,0244469
-0,03270966
-0,02040187
0,007501498
5,083041E-05
-0,02713373
-0,01861366
-0,001509779
-0,01445118
-0,01273184
-0,008517421
-0,004341799
-0,006661983
-0,03557543
-0,03496104
0,002561003
-0,037569
-0,02587679
-0,01207861
0,004331343
0,02054267
0,009493628
-0,003622654
-0,007090015
0,02634678
0,01477379
0,00688719
-0,01009198
0,02984237
0,02905946
0,003282529
0,008628605
-0,01883465
0,02443088
0,01656585
0,01478793
-0,002769629
0,005833198
0,02685399
-0,02818748
-0,02407765
-0,01426241
0,02926579
-0,009299691
0,021034
-0,008810235
-0,01094235
0,01756923
0,001378475
0,01704323
0,005603245
0,01606124
-0,02864082
0,02222263
0,02588918
-0,02461421
-0,00474069
0,01113074
0,01103303
0,01723492
-0,007679426
0,02140839
-0,002306844
-0,01547143
0,01784023
0,007419326
-0,02070489
-0,005303325
-0,02318092
-0,01638026
-0,02570264
-0,008427532
-0,01463291
-0,01159666
0,001744974
0,01233195
0,01309563
-0,0184308
0,004641169
0,004629271
-0,006631194
0,02033286
0,01702665
-0,02190482
-0,009996934
0,01350338
0,0006616925
-0,01473311
0,02661921
0,006206098
-0,01600748
0,008862563
0,01771582
-0,02756689
0,001028404
-0,02375155
0,01015975
0,0037867
-0,004765537
-0,02683362
-0,02965891
0,01000873
-0,001632663
-0,02144316
0,004145455
-0,02325845
-0,003438575
0,01145364
-0,00921706
-0,01986581
-0,01006566
-0,01641943
-0,02317013
-0,03016359
-0,01065233
0,0009412082
-0,03166179
-0,01485132
-0,03628827
-0,02800956
-0,02195168
-0,02997323
0,006816851
0,006593741
-0,02436555
0,005631852
0,008216667
-0,01372146
0,02013249
-0,005709411
-0,02894614
-0,01899787
0,01435424
-0,001349986
0,002676688
0,009932395
-0,01582766
0,005109354
0,003324111
-0,02046815
-0,0173677
0,01417539
0,02248547
0,009689331
-0,02184405
0,02298216
-0,00727726
0,003587505
0,001082653
0,02255722
0,02565243
-0,01900207
-0,007117653
-0,02076079
0,01505209
0,02061831
-0,03116335
0,02303343
-0,02748563
-0,0326636
-0,002537912
-0,0246472
0,01809907
0,01435772
-0,0277608
-0,02256995
-0,004717138
0,005904495
0,001074745
0,01628129
-0,01051889
0,0001768004
0,02011852
0,0220482
0,02649879
0,001529728
-0,01869628
0,03025251
-0,003774664
-0,01814541
-0,01911128
-0,02687135
0,0121878
0,02424574
-0,004127161
0,01722845
0,01072433
-0,001940557
0,01133641
0,006031033
0,00581554
-0,01263188
-0,001681733
0,002331439
0,007409015
0,02769386
0,01611318
0,02044269
-0,005766794
0,02417755
-0,01523618
0,002180593
0,02102025
0,009836339
-0,006546581
-0,009610317
-0,01361519
-0,0001600453
-0,01474284
-0,01834187
0,006883729
-0,03520744
-0,01413345
0,01555709
0,00950445
-0,01039374
-0,006472159
-0,03381391
0,003304922
-0,005809019
-0,0004568181
-0,03047229
-0,03148958
-0,03127556
-0,01787698
-0,02391423
-0,02771959
-0,009800749
-0,01502503
0,02845133
0,01604919
-0,008118507
0,005549822
0,003951071
0,02646159
0,00466938
-0,02341918
0,02943073
-0,00455397
-0,02819859
-0,004201856
-0,02465956
-0,02019322
-0,006432064
0,02283218
0,001170289
0,01732401
0,00365801
0,01284924
-0,02143286
-0,004668988
0,009415173
-0,01258849
0,02590252
-0,01461072
-0,02527582
-0,004002396
0,02021267
-0,001905784
-0,01268382
-0,01977153
0,02193023
-0,0209625
-0,02171212
-0,00857555
-0,02090969
-0,01216142
0,01854032
0,01997848
-0,02130567
-0,01349719
-0,001417707
0,00543865
-0,002747115
-0,0317056
-0,003314134
0,02645194
0,008265882
-0,02052581
0,011685
-0,0107556
0,001670123
0,006919593
-0,02201351
0,003279721
-0,02555792
-0,02442205
0,008944002
-0,01501687
0,01706049
-0,02938382
-0,01593479
-0,001009883
-0,02824805
0,01394193
-0,004496989
0,01835764
0,02169783
0,02247705
-0,0005224427
-0,03361032
0,01817979
0,001859517
-0,002713557
0,01372542
0,01991473
-0,03238039
0,01343176
0,02033065
0,01531677
-0,02633302
0,01213523
0,001190277
0,008152107
-0,03748599
0,007735216
-0,01700367
-0,02915611
0,006092838
-0,01043117
-0,02112817
0,01831646
0,00609598
-0,02132476
-0,02071746
-0,02540261
-0,02963779
0,005620339
0,01532586
0,004678402
0,01138567
-0,02470357
0,01536645
0,008718215
0,01089106
-0,003945683
0,026045
-0,02363839
-0,00910332
0,008589214
-0,02831289
-0,00946176
0,01518253
-0,008837275
0,002455757
-0,02515777
0,001217323
0,009902562
0,02845281
0,02643564
-0,03040198
0,006709886
-0,02664407
-0,00424444
-0,01722539
-0,02333427
-0,02083918
-0,01079278
-0,01804229
0,001920913
0,01231031
-0,01259125
0,0162909
-0,01977353
-0,02675001
-0,03085654
-0,03339565
-0,04168351
-0,03222221
-0,000539708
0,01536019
-0,01811328
0,01525787
-0,02490006
-0,009371355
0,02288977
-0,02535974
-0,01438151
0,005721045
-0,02484037
0,004096668
-0,01013669
0,006219131
0,01967647
0,001795691
-0,02894336
0,02852038
-0,01304785
-0,007785306
-0,001585465
-0,01849611
0,0006676983
0,01943175
0,009671259
0,01444567
0,004401434
-0,01001194
-0,007309654
-0,01785539
-0,004006833
-0,03526518
-0,001604095
0,002380958
-0,01464119
-0,02586386
0,01133785
0,0168134
0,02436589
-0,03370503
-0,0200032
-0,0348852
0,01503325
0,008419321
-0,02822261
-0,03287312
-0,004548054
0,01320379
-0,03204807
0,009075327
-0,02630143
-0,02780083
0,01767508
0,005735055
0,0032807
-0,003819548
-0,01231761
-0,005919185
-0,02359821
-0,008832322
0,02047823
0,0007731976
0,008706919
-0,028993
-0,0238068
-0,02496483
-0,02597595
0,01469313
-0,01449902
0,0118374
0,01413948
-0,01993966
0,02845798
-0,0188941
-0,03023662
-0,008490831
-0,01619764
0,009822996
0,006550995
0,002044444
-0,01948367
0,01151858
-0,0180461
0,004166038
-0,03199824
-0,01360495
-0,02641863
0,01052109
0,02093799
0,01747479
0,0104823
-0,02178531
-0,001214482
-0,002327729
-0,02554312
0,01282605
-0,01217431
0,01482364
0,0001410658
-0,03225052
-0,0339596
0,01492598
0,00356513
-0,007675325
-0,03044031
-0,03327936
-0,02157103
0,008232224
0,008869509
-0,01420058
-0,01913619
0,005499453
0,01838188
0,003393473
-0,02391042
-0,02326736
-0,01257744
-0,02800421
0,02912029
0,01594766
0,02497083
-0,01700388
0,01563379
-0,01016809
0,02241245
-0,008271213
-0,004279754
-0,01408706
0,02687605
-0,02281483
0,0239306
-0,01387821
-0,03249997
-0,002305129
-0,0008219359
-0,006347847
-0,02900783
0,009109937
-0,004403219
-0,03441175
-0,02796963
-0,008617829
-0,03255884
0,003492499
0,003557877
-0,02893492
-0,006496083
-0,02961901
-0,007339071
-0,02909599
-0,002876921
-0,008630392
0,02417571
0,02463816
-0,02292451
0,01664555
-0,03136449
-0,01662717
0,0007549464
0,008912032
0,001877888
0,0203152
0,008886355
-0,0008730553
-0,01013797
0,02232035
0,007324043
-0,0117401
-0,02753497
0,0103957
0,02775675
-0,00103573
-0,000963236
0,02690549
0,005728133
-0,00835247
-0,02711336
-0,02770475
0,004966946
0,01140371
0,02018809
-0,01304944
0,01678713
0,01795502
0,003501831
-0,002049388
-0,01226544
-0,02992303
-0,01554829
0,01152534
-0,01024168
0,01268194
-0,02949978
0,01374213
-0,007612529
-0,01953744
0,01816824
0,0005074046
-0,01816332
0,0141048
-0,003422861
-0,0197394
-0,0279231
0,02060277
-0,02455615
-0,02747875
0,02510212
-0,03171514
-0,01032119
0,01909045
0,01371637
0,02425007
0,005989053
0,01981412
0,01920513
-0,01634865
-0,02565445
0,02063853
0,02331498
0,01959619
-0,001729046
0,002598101
-0,02979652
-0,01085691
-0,01580671
-0,02746286
-0,01833311
-0,0002487029
-0,00817864
-0,01316974
-0,0006147285
-0,00595482
0,01372624
0,01488056
-0,02400967
0,003718348
-0,02088563
0,02055025
0,001997195
0,0003761866
-0,003246511
-0,01705187
-0,000569155
-0,009913782
0,02016786
-0,005866568
-0,01948308
-0,01194101
-0,03625125
-0,02323378
-0,02304236
-0,03160778
0,01328054
-0,002327138
-0,008793274
-0,03394257
-0,01877387
0,01360213
0,007500631
-0,02386139
0,01887362
-0,007718195
0,004486977
-0,0242638
-0,008384774
-0,0106133
-0,01899228
0,02081218
0,01077361
-0,01670566
-0,02936881
-0,02027933
-0,0181903
-0,01003838
-0,01470571
-0,02473935
0,01782083
-3,937439E-05
-0,01007192
0,01413456
0,01573827
0,01723261
-0,002994026
-0,0248477
-0,03263618
-0,007538209
0,004500379
-0,01877811
-0,01138494
-0,025695
-0,01795486
-0,01029333
-0,02137336
-0,004547049
0,009447105
-0,02798492
0,006550352
-0,001984966
-0,03306254
-0,000725427
-0,01965663
-0,007764837
0,008735631
0,01478708
-0,01826972
-0,02854772
0,01803464
-0,005624071
-0,01536967
-0,0141275
-0,02137053
0,00997903
-0,00775033
0,02270915
-0,008109945
-0,03015594
0,02330829
-0,00275667
-0,02366585
0,02597298
0,01135829
0,02713465
-0,002144006
0,0008609295
0,02088244
0,00213027
0,02060131
0,009416164
0,002569752
-0,03029
-0,01628921
-0,01916922
-0,007802554
0,01078668
-0,009456322
-0,01792473
-0,02880051
0,004994269
0,01681704
0,01887752
-0,002621577
-0,02465655
0,01628941
-0,0336975
0,01831183
-0,0001860945
-0,03930283
-0,01362667
-0,03159402
0,007302179
-0,01770714
-0,01670139
-0,005751266
-0,0262222
0,02621612
-0,01022754
0,02889717
-0,01786416
-0,03330339
0,009094532
-0,02043048
-0,02305442
0,02043473
-0,01509297
0,03072609
0,02614025
-0,01635024
0,009659629
-0,00294274
-0,02581407
0,02561341
-0,01733717
0,004091797
-0,01857266
-0,01104811
-0,004663538
-0,03117038
-0,00916353
0,0007847578
-0,02616033
-0,002641012
-0,005436359
-0,0001369574
0,01945918
0,009336343
0,02505537
0,01043208
-0,01671782
0,01000435
-0,03567228
-0,01781112
0,01835124
0,004417696
-0,02734685
0,002176975
-0,01483548
-0,01765134
0,004363033
-0,03597704
-0,03659278
-0,007490942
-0,01023667
0,0236383
-0,0316396
0,01712029
-0,02143104
0,01919365
-0,009937696
0,01977857
-0,003599821
-0,01039707
0,005721909
0,008260409
0,02246118
-0,01860322
0,01133285
0,003979313
0,02926094
0,001998339
-0,02818201
-0,01947901
0,02742005
0,0239641
-0,006801046
0,01574658
-0,0300872
0,001452049
-0,01134957
-0,003746765
0,01882307
-0,02585487
-0,01427168
-0,01421253
-0,003863145
0,008784392
-0,03060709
-0,002220039
-0,005151091
-0,03201607
-0,002286195
-0,02740559
-0,01381239
-0,01380613
-0,02314385
0,002768836
0,00234146
-0,02756592
0,01136628
-0,03752327
-0,0360474
0,01865435
-0,01345707
-0,0266395
-0,03062937
0,02274807
0,0008081249
0,002529409
0,004971237
-0,01358381
0,0140751
0,00327891
-0,004714719
0,02180274
0,03141101
-0,007245775
-0,02921889
-0,01199491
-0,02010027
-0,01819472
-0,02513263
-0,02242961
-0,02723855
0,02618815
0,02599797
0,02172388
0,01463296
-8,47167E-05
0,002513029
0,008808577
-0,03079619
0,01694706
0,0140844
-0,01197069
-0,01092209
0,02437023
0,01173445
-0,02623526
-0,01996254
0,0002830348
-0,03261389
-0,00423912
0,01911039
-0,02884054
-0,02398349
-0,03631956
0,005163615
-0,004804911
-0,01352174
0,01813477
0,008155678
-0,01185034
-0,03229546
0,002109489
0,02441631
0,02705935
0,02013604
-0,003288063
-0,01872385
-0,0203606
-0,02316685
-0,02884464
0,02736613
0,02689389
-0,01266592
0,02747095
0,01927326
-0,02173012
-0,0006400871
-0,02725708
0,006664973
0,02052081
-0,0276253
0,002376445
-0,02760703
0,000374653
-0,01897568
0,02246237
0,008227819
0,02350156
-0,02260655
-0,02088322
-0,02873376
0,006003482
0,02373254
0,00960707
0,01672219
-0,02166646
-0,0130799
-0,006911597
-0,03214648
-0,01687651
0,02091816
-0,03781117
-0,01231311
-0,0355101
-0,00428862
-0,0375024
0,02034735
-0,01829314
-0,02456842
0,001900166
-0,02881487
-0,008450086
-0,01101484
0,02528002
-0,007719596
0,0003088468
0,0005063766
-0,005321159
0,01582086
-0,02853739
0,02126875
-0,009818357
-0,02335441
0,02945383
0,03044173
-0,008754482
-0,02694804
0,01023425
-0,01987433
0,009153223
0,01654177
-0,02881583
0,02678158
-0,01274681
0,02237689
0,02777711
-0,02890551
0,02624469
0,02436855
-0,02325644
0,0237883
-0,01624201
0,01025284
0,0009445723
-0,02580084
0,006652778
-0,01767319
0,02597946
-0,02146569
-0,02238947
-7,619373E-05
0,01691254
-0,001154829
-0,03690359
-0,01114726
-0,002228776
0,02186523
-0,003847077
-0,03027486
-0,01890934
0,02585112
-0,01770435
-0,02369568
0,003114618
0,01828019
-0,02774757
-0,004210856
-0,02889339
-0,02930824
-0,007046923
-0,002618943
0,004062691
0,001369425
0,008872665
-0,02411149
0,003110886
0,009085519
0,005264949
0,02316759
-0,009530369
-0,02667143
-0,02711014
-0,004645723
0,02423367
-0,03301227
0,01942608
-0,01192223
0,02151344
0,01722
-0,01522259
-0,03128229
-0,001368509
0,02092895
0,009302174
-0,02563597
0,002454833
-0,03258149
-0,03293241
0,003684669
-0,03837246
-0,02834399
-0,02361618
0,01622216
0,008152266
0,008221952
-0,03362965
-0,007129198
-0,03123446
0,02621289
0,02419525
0,02754766
-0,009015188
0,006562266
0,01726161
-0,01810032
0,02557188
0,02131597
-0,0136333
0,00321935
0,02786975
0,01370387
0,003823007
-0,01670644
0,01530278
-0,008165063
0,02778917
0,01134835
0,0190754
-0,0003312229
-0,003358324
-0,00353591
0,00272616
0,02428801
0,02086265
-0,02383288
0,01821273
-0,02674522
0,005139707
-0,02474183
0,0248646
-0,004848853
-0,01478035
0,02224388
0,01945557
-0,01742009
0,003512726
0,01418504
-0,02959425
-0,007407013
-0,02561063
0,01154971
0,009650749
-0,007896738
0,004477276
-0,02147412
0,001426229
-0,03284744
-0,02161674
-0,006528883
0,01858323
-0,006740994
0,005853563
0,001690451
0,005052897
0,0002287149
-0,004894669
-0,001021691
0,0182545
0,008821854
-0,00901502
0,01819939
-0,01599596
-0,01959424
0,009230859
0,002620087
-0,002177798
0,01055457
-0,01072339
-0,001999349
0,0123912
-0,02500077
0,004935111
-0,01198197
-0,01533224
0,005540293
0,006811717
-0,02971992
-0,01935358
0,00349652
-0,001188729
0,01662349
0,02103839
-0,02440811
-0,01531163
-0,001232469
0,01489174
0,0086878
-0,01359303
-0,009645875
0,01501639
-0,02827049
-0,03456398
-0,0101512
-0,03311747
-0,01406954
-0,001102302
0,003459679
0,01739375
-0,025382
0,01739062
0,03008477
0,01324859
0,01434554
0,01880195
0,01671676
0,02065302
-0,01094901
-0,01160228
0,02415142
0,01977363
-0,006990913
-0,01230696
-0,01420468
-0,01913084
0,005399392
0,02776413
-0,02207698
0,02470901
-0,02224056
0,013765
0,01529418
-0,01142348
0,02436195
0,004532665
0,0005480444
-0,02888001
-0,02607851
-0,02268674
0,01707685
-0,03209085
0,02805997
-0,02249745
0,03011335
0,01143925
-0,004038766
-0,02896296
-0,0260007
-0,0149872
-0,005616272
0,008216328
-0,006663167
-0,01415216
-0,01087769
-0,007002676
-0,009814207
0,0189408
0,01331363
-0,01702243
-0,005607298
-0,004408136
-0,002279607
0,01523804
0,01394357
-0,002050944
-0,02327707
0,01088001
0,01900486
-0,02020338
-0,01523711
0,01420057
0,01308088
-0,02056135
-3,464986E-05
0,02647893
0,02213176
-0,01532969
-0,011172
0,004024367
0,0127583
0,001472211
0,02058768
0,01934964
-0,006979794
-0,005014291
-0,01632476
-0,01044511
0,02265038
-0,01365249
-0,02563189
0,006503079
-0,01900464
0,01864088
0,003010453
-0,009224016
0,0003151117
-0,01747997
-0,007023823
-0,002613645
0,0005882934
0,009668747
-0,02159443
0,02345584
-0,03368741
0,00864667
0,02184395
-0,01754701
0,01686802
-0,008034641
0,005518375
-0,01953652
0,001858906
-0,01574115
0,004915707
-0,02825179
0,007675981
0,009737254
-0,009416403
-0,01196919
-0,015361
0,015311
0,01629497
-0,0009476847
-0,02600454
0,008134134
0,002135309
0,02537965
0,006245391
-0,01986249
-0,006034011
0,006536217
0,0192141
0,01611853
0,02873203
0,02498108
-0,01400287
0,0230069
0,01492339
0,006429526
-0,005628383
0,0206687
-0,005532511
-0,006001715
0,006725688
0,01854559
-0,02985303
0,02545053
-0,01669198
-0,00153116
0,008806767
0,01773924
0,01982556
-0,02722439
-0,01516697
0,01286846
-0,03782685
0,008977047
0,01692382
-0,008901777
-0,01792904
-0,02520228
0,01486655
0,01031252
-0,02505051
-0,02437017
-0,003688264
0,01843695
-0,01364568
0,00946499
0,01570434
0,01604755
0,02462727
0,01380388
0,02254308
-0,009817055
-0,01182353
-0,007091607
0,02312026
-0,01732555
0,003433775
0,002601573
0,01070712
-0,02645397
-0,001562129
0,001843643
0,01313489
0,01381347
-0,002316986
-0,0226142
0,02356647
-0,0002543072
-0,03064121
-0,01067118
-0,008380125
-0,0101541
-0,02175112
0,0137395
-0,01014468
-0,001723988
-0,006358644
-0,0157641
0,009374382
-0,0006811533
0,01266289
0,01980929
0,02000972
-0,02424923
-0,01970275
0,02742591
0,004255031
0,009127304
0,02454336
0,00937326
0,02168815
0,01294661
-0,00567917
0,01056035
-0,01433081
0,002874763
-0,004876235
0,01347033
-0,008826194
-0,02050947
0,01759299
-0,01287775
0,01491475
0,005613574
-0,008251432
-0,000340835
-0,02107804
0,003000929
-0,02657704
-0,007266257
0,01712163
-0,01412743
0,01968385
-0,02173538
-0,01123345
0,001516867
0,006013227
0,002180655
-0,002241729
-0,003222366
0,00319521
-0,0155567
0,006670952
-0,009754956
-0,002342683
0,006358341
0,02780908
-0,0008624741
-0,001382657
0,01323802
-0,0272391
0,009991791
0,02080351
0,001064394
0,01478684
-0,002337677
-0,01628261
-0,00848688
0,01916098
0,01480828
0,02016365
-0,02806418
0,005175165
0,001004079
0,0242625
0,005510223
0,02306044
-0,01206144
-0,008706612
0,01277813
0,02944925
0,02344047
-0,01599013
0,02361147
0,006042191
0,001487608
0,009271197
-0,006751564
-0,02172785
0,01227825
0,000107004
0,007725095
-0,02733688
-0,01209117
-0,01346457
-0,02626742
-0,008034153
-0,01162235
-0,009690955
0,01848428
-0,010362
-0,01716012
0,01280168
0,01525619
0,008743283
0,001842645
0,01132105
-0,02390051
-0,003772111
0,02120031
0,01808226
0,01222717
-0,0221944
0,01517051
0,01369814
-0,01630815
-0,0001308452
-0,02843683
0,02758594
-0,01472984
0,02080693
0,01931227
-0,0172557
-0,02356265
-0,01557299
-0,01882286
0,02844833
-0,01342171
-0,01624878
0,01874785
-0,01688963
0,005385244
0,02712294
0,001186555
-0,007316671
0,01545326
-0,02050175
-0,0006033993
-0,0148182
-0,02780545
0,02043408
0,00254694
0,02584329
-0,01295438
0,02515488
0,018986
-0,001215434
-0,01311764
0,00355964
-0,02594631
0,004363915
-0,009785423
-0,01110694
-0,02742636
-0,03043587
-0,0005185299
-0,02989749
0,005941072
0,0001433389
-0,003248917
0,006090291
-0,006314882
0,02325202
0,008039062
0,007242355
-0,01648612
0,01628431
0,0106165
-0,005351075
-0,02782182
-0,02671742
-0,03018329
0,01788761
0,02507869
-0,004293536
-0,0122708
0,02434975
0,02713035
-0,01818047
-0,004013333
0,01424869
0,0124888
0,01572941
-0,02001947
-0,01656874
0,02238136
-0,0159751
0,02168961
0,0002720322
0,0214486
0,01490945
0,003537454
0,02927941
0,01977446
-0,002078536
-0,003822992
0,009144709
-0,0142625
0,009246762
0,01461366
-0,02618865
0,01967907
0,02130603
-0,000334322
-0,03025577
0,004681949
0,003023055
-0,004295227
0,009696434
0,01500259
0,007521322
-0,02758314
-0,006520799
-0,0255736
0,01227277
0,02493685
0,01135205
0,01574042
-0,003361779
0,01710425
0,02813294
0,02468733
-0,02133954
0,002900351
-0,01325069
0,0007285753
-0,02910474
0,02744006
-0,003086205
0,02986495
0,008272558
0,008729558
-0,01066568
-0,0008028486
-0,007637058
0,0248409
0,02135316
-0,01514401
-0,02077342
0,008270846
-0,01247041
0,01818373
-0,01839014
0,01736359
-0,01630964
0,01132263
-0,02147909
0,02396064
-0,02305143
0,005311312
0,01688567
0,02641399
0,01905763
0,01945623
0,01347398
-0,02192893
0,009431463
-0,01238008
-0,01568572
0,000680407
0,003739104
0,007216365
0,02952847
0,01048416
-0,02367407
0,03106526
0,01629382
0,02693459
0,01342374
0,01803688
-0,02806192
-0,005465739
0,003994186
0,01863772
-0,000147342
-0,0188978
0,01319459
-0,007890427
-0,01048332
0,006096448
-0,009045542
-0,02288516
0,02000529
0,02270523
-0,01772388
0,0116205
0,01861041
-0,001755457
0,01446123
-0,01684593
-0,01609501
0,003391515
-0,02841585
0,009354361
-0,02614075
0,0104359
0,01846841
0,001400846
0,01106444
-0,01540122
0,0266791
-0,01612511
-0,01947615
-0,01078633
0,0008790469
-0,008609547
-0,008602343
-0,03092791
-0,009204388
0,00346911
-0,004999823
-0,01220937
0,02880392
0,00747408
-0,01971131
-0,002504164
0,01822574
-0,02266248
-0,001071435
-0,005707046
-0,01973242
-0,01381763
-0,01850537
-0,0003731301
0,00400752
-0,0008959366
-0,007108833
0,02564532
0,0147301
0,01950109
-0,007450253
-0,01864213
0,01058408
-0,02585238
0,009353084
-0,02280838
0,02652759
-0,0001616843
-0,0102648
0,02025267
-0,01108281
0,0167931
-0,02334501
-0,0196009
0,01787073
0,02601871
0,004786078
-0,005137629
-0,0003919336
0,006766797
0,0230365
0,01067297
-0,0271081
-0,01261955
-0,02738263
0,009423261
-0,02860868
0,01071099
0,01599034
-0,0265913
0,02925282
-0,002853076
-0,01251314
0,002050824
-0,01818425
-0,01454565
0,008751927
0,02526704
0,02886951
-0,02826077
0,001006435
-0,01151438
0,01812572
0,008690673
-0,02456143
-0,005293928
-0,01999629
-0,02863519
0,01274025
0,008400058
0,02486908
0,02896716
-0,003968924
-0,02257141
0,02686455
0,01221428
-0,0214849
-0,007173533
0,03056491
0,02941496
-0,02505083
-0,01545901
0,01374552
-0,0139331
0,02085998
0,02199289
-0,000577178
0,004562972
0,02934025
0,00272683
-0,01265083
0,0101974
-0,003852401
-0,00243098
-0,02424985
0,004759749
0,02319327
-0,006111302
-0,01818542
0,009615117
-8,38075E-05
-0,02941953
0,03050603
-0,02168811
-0,02034876
-0,02867028
-0,02826473
-0,01970235
0,00638065
-0,0003868726
-0,02398274
-0,01429823
0,02479224
0,02987628
0,02800609
-0,01324122
0,004963359
0,001971837
0,01832523
-0,01612688
0,02604367
0,006213234
-0,02707093
-0,02024468
-0,009264098
-0,01576873
0,002692241
0,02936246
-0,02851366
-0,007960312
0,01939409
0,01443299
-0,01940357
-0,009204857
-0,0009231052
-0,02605425
-0,01474351
0,005759465
-0,0227459
0,02038276
0,0208273
-0,01067143
0,02843432
-0,001125373
-0,003313977
-0,0279199
0,01644054
-0,002815878
-0,0001309936
0,01969266
0,03014961
-0,008397971
0,007203673
0,02920571
0,01442419
0,02498056
0,02847645
0,01997172
0,0179933
0,02551253
-0,001484892
-0,02766864
-0,02145352
-0,01560221
0,01114041
-0,007516257
-0,02488926
0,004285452
0,001075957
0,02399947
-0,0285554
0,02998563
-0,005050157
0,02855394
-0,006219853
0,006966169
0,008385062
0,004424848
0,01364372
-0,01126902
-0,001435938
-0,02425089
-0,0004896901
-0,0176954
-0,007738536
-0,002034241
-0,022664
-0,01772882
0,006969196
0,005060626
-0,0236584
-0,004125603
0,01822134
-0,01781173
-0,008428996
0,01823017
-0,01951488
0,01394069
0,01855064
-0,0258155
0,02736614
-0,01815219
0,0266085
0,006553213
0,01822557
-0,02959101
0,02697843
0,008843867
0,005013415
-0,02265531
-0,01379781
-0,005974252
-0,02351883
-0,000736253
-0,003008762
-0,007090503
0,003686258
0,02693148
0,02279224
-0,01681513
-0,01487882
0,02357556
0,02799337
0,02663947
0,01786615
0,006431688
-0,01817069
-0,01709272
0,006796154
0,006133806
-0,003524422
0,02491632
0,01645472
0,009457867
-0,008113451
-0,01338534
-0,02021255
0,0236367
-0,005316752
-0,0080598
0,001554079
-0,001182306
0,007684479
-0,0005324136
-0,01126462
0,01279606
-0,01084465
-0,01125019
0,01550078
0,02930933
-0,01542088
-0,01576496
0,02195216
0,005430041
0,01980559
-0,02604426
-0,01538668
0,03046377
0,01906556
-0,01827703
0,01909098
0,01414911
-0,02772784
0,02960233
0,0115466
-0,008040737
0,008144132
-0,002365894
-0,02257755
-0,01959138
-0,01687966
0,01056612
0,002220324
0,0008447242
0,01224246
0,01684037
-0,01405204
-0,001488192
0,007920966
-0,02492063
-0,01283531
0,02353814
-0,002141478
0,007966296
-0,00845246
-0,01768071
-0,02694745
-0,01888449
0,02034777
-0,01194917
-0,02792386
-0,02008033
-0,02547924
-0,01709388
0,003495477
0,0180498
-0,003410194
0,008611301
0,01854116
0,02732491
-0,02536582
0,02214464
-0,01856016
0,005287745
0,01639457
0,004622997
0,01254349
-0,008987064
0,02370988
-0,02714644
0,01849909
0,01665713
-0,00741884
0,01406991
0,0252202
0,0261456
-0,01374896
-0,005090061
0,008082362
-0,0007696688
-0,01110288
-0,002976443
0,007911914
0,01998605
-0,02163252
-0,02677582
0,006015454
-0,01072588
0,02795841
0,02477588
-0,009791237
0,007929633
0,01057561
0,01115579
-0,02955058
-0,004455871
0,01206626
0,02323282
0,02224739
0,01752299
0,0004065626
0,01264093
-0,0119871
0,01746692
0,0001453983
-0,01401202
0,01790531
-0,008916872
-0,01164146
0,007931944
0,001827614
-0,02827128
-0,02943965
-0,01065156
0,008500395
0,008206303
-0,01569248
-0,00791522
-0,003129476
0,0130856
0,0292146
-0,006751303
-0,006338336
0,02954061
0,01326189
-0,01942921
-0,0239212
0,01203382
0,0136216
-0,000326347
-0,01592156
-0,006373594
0,003270776
0,02116712
0,02943291
0,006852704
