0,0112052
-0,02570868
-0,02944713
0,01461205
8,16173E-05
0,029998
0,005637454
-0,0259642
0,01812652
0,02100047
0,01401626
-0,01965822
0,01725964
-0,0229893
0,02325856
-0,01083963
0,01853896
0,007312005
0,02234235
0,02426473
-0,008869526
0,008621981
-0,0152989
0,007220476
0,01784754
-0,01077848
0,01654113
0,01883196
0,02419442
0,009733638
0,006711278
0,02354529
-0,001467854
-0,003800246
-0,01898727
-0,00728538
0,02472198
0,00510809
0,00445
0,01830427
-0,0216846
-0,01664716
-0,0030092
0,02605349
-0,001552974
-0,01132607
0,02556291
0,003669634
0,03038663
0,003444751
-0,02271436
0,01963847
0,0001626803
0,01301721
0,006346054
-0,02817285
0,01949317
-0,006021574
0,02591821
-0,02110248
-0,01709702
0,0172795
-0,01957442
-0,02211164
-0,0162825
0,0202583
0,01245981
-0,008550343
0,0265336
0,0004505362
-0,004862822
-0,01656438
-0,02723168
-0,02596805
0,01613681
-0,02249761
-0,01889507
-0,01114485
-0,02213133
-0,001352848
-0,005849842
-0,01837938
0,01873899
-0,008932209
0,001588917
0,01872295
-0,006069051
0,01536728
0,01949974
-0,02151525
0,003471044
0,0007739405
0,008630018
-0,005223681
0,004705039
-0,008854343
-0,02721642
-0,01101026
0,01229838
0,008150091
0,006808487
0,004421331
0,00771108
6,261724E-05
-0,02265538
0,02242242
0,01537321
-0,005003833
0,02774145
-0,001963456
0,02027113
-0,002505077
-0,01686588
-0,003106982
0,01440108
-0,02962828
0,02842709
0,01916601
0,004972347
-0,005235727
-0,003328272
0,02691095
0,0009376135
0,01770213
0,02758927
0,02383204
0,004113398
0,006089012
-0,002426334
-0,007452687
-0,02656011
0,02095172
0,007572807
0,00047166
0,02084428
0,01941105
0,004668503
-0,0130995
-0,01823932
0,008952482
-0,02883378
0,02831111
0,01824876
-0,008946039
-0,01337768
-0,02817417
-0,01444434
-0,019396
0,009533106
0,004049697
-0,007441552
-0,01821992
0,01408041
-0,0144648
-0,02303383
0,006796321
-0,02897613
0,01677795
-0,003326949
-0,02227947
-0,01149856
-0,02465851
0,02320115
0,0001083156
-0,009067342
0,02707664
0,02296689
0,01171908
0,003069647
0,02249326
-0,006132936
0,005146681
0,004365937
0,0248419
-0,008847235
-0,00158317
-0,02373273
-0,02383331
-0,00410571
0,01858714
0,006303678
-0,006363028
0,02816748
0,02734655
-0,02943414
0,02072375
-0,02236593
-0,01213067
-0,01387527
-0,02060683
0,01761236
0,01563515
0,01745202
0,02819407
-0,01053483
0,02237495
-0,02881286
-0,01486081
0,02766433
-0,01164423
-0,02125686
0,00137376
0,006388899
0,01580328
-0,02686814
0,005623414
-0,006328778
0,008611933
0,014076
-0,003029034
-0,007122708
0,01680303
-0,0152622
0,00260518
-0,00199934
0,01173548
-0,02570204
-0,03401152
-0,005116927
-0,00362304
0,01322751
-0,003869156
-0,0156729
-0,02222907
-0,03474491
0,003998867
0,01955486
-0,0001852956
-0,005115779
-0,01041726
-0,01275722
0,01192919
-0,03027583
-0,02692017
0,01396465
-0,02434685
0,01763891
-0,01527772
0,01256146
-0,01666086
-0,01398225
-0,004593305
0,003696983
0,01045688
0,01353465
0,02713092
-0,003271958
-0,01999634
-0,007593861
-0,004502344
0,01404471
-0,02787555
0,0171861
-0,008626328
-0,001658342
0,01175238
-0,02908699
-0,01459706
0,002422012
-0,01687106
0,004784401
0,01448194
-0,03113241
-0,02047712
-0,03091988
-0,01408727
-0,008599397
-0,03083767
0,0167209
-0,01159909
-0,03638248
0,0102176
-0,03353232
-0,04411876
-0,03404034
-0,0201178
-0,02992234
0,007539158
0,003606639
-0,03104273
-0,02127888
-0,008854649
-0,0253632
-0,0194065
0,01347097
-0,01159549
-0,02479117
0,02173431
0,01656853
-0,0188394
-0,03120665
0,01211464
0,01536352
-0,005356466
0,001160396
-0,004392607
-0,01485011
-0,02083464
-0,005583288
-0,02406721
-0,01048899
-0,009742065
-0,01146514
0,01990092
-0,01594106
0,005767481
0,002412113
-0,01311176
-0,04267108
-0,03773347
-0,02219502
-0,02317713
-0,009086349
-0,01082246
-0,02713315
-0,04012857
-0,01570558
0,01191489
-0,01515298
0,004945321
-0,005547068
0,007179443
-0,02233987
-0,01022666
-0,02276734
-0,02682618
-0,02574965
0,005801156
-0,01858133
0,008504791
-0,04183833
-0,002667344
-0,02238876
-0,002565137
0,008712004
-0,001522411
-0,02778099
-0,01656737
0,01487545
0,02349595
0,01041627
0,01029324
0,01906769
0,01635854
0,009375993
0,01218074
-0,02568147
-0,02651534
-0,02867413
-0,008264137
0,01967246
-0,01343141
-0,0006551395
0,00887932
0,006209561
-0,02841319
0,009794693
-0,0004059125
-0,01853371
-0,005481406
-0,02915267
-0,00276743
0,01197175
-0,02439248
0,005530422
-0,01886885
0,007486705
0,001783536
-0,02009084
-0,01951176
-0,003812507
-0,04061135
-0,05045022
-0,02832957
-0,06087315
-0,00033195
-0,04976726
-0,005717495
-0,05615716
-0,008033778
-0,04122525
-0,05487725
0,01031058
-0,01724559
-0,001642723
-0,008848613
-0,06484693
-0,02241498
0,002078823
-0,02628729
0,0127371
0,02860964
0,04616015
-0,02185295
0,008986999
0,02293625
0,01350828
-0,01875326
0,01607162
0,02534794
0,01054437
-0,02001503
-0,01459506
0,006836342
0,02532966
-0,0002209336
-0,03060926
-0,05167253
-0,002712987
-0,001845619
-0,03308875
-0,02342643
-0,004720195
-0,01272284
-0,01539694
-0,0403357
-0,05887595
-0,02264967
-0,04376753
-0,06119588
-0,02550208
-0,02019642
-0,04341454
-0,02163066
-0,02718857
-0,05029271
-0,06599905
-0,09177072
-0,0847806
-0,05577744
-0,05125308
-0,05831768
0,009137138
-0,06205367
-0,06626602
-0,04609293
0,002114244
-0,04344829
-0,003613984
-0,02206484
-0,01670411
-0,01968127
-0,01098172
-0,02615293
-0,01814389
0,01444583
-0,01721113
-0,01592354
-0,002448125
-0,01458937
0,01407155
-0,01929435
0,02486222
0,01280807
0,006692677
-0,0003225243
-0,07380233
-0,05654195
-0,04609533
-0,001710893
0,01511267
-0,01547474
-0,02966983
-0,01404155
0,008155702
-0,0256088
-0,007917496
-0,01707517
-0,0419668
-0,03941125
-0,02494442
0,007151652
0,01453062
-0,02858114
-0,01680104
0,003427733
0,03269038
0,01244779
-0,01242841
0,02127905
-0,02533712
0,01298527
0,03225384
-0,02221819
-0,04561564
0,006153113
-0,02804328
-0,05766518
-0,007259123
-0,01126317
-0,06758836
0,008948701
-0,02207454
-0,03034856
0,02878366
-0,001133142
-0,02112643
-0,02202746
-0,007120617
0,01755862
-0,01926951
0,005968998
0,004191109
-0,003578999
0,0206926
0,01516034
-0,02597681
-0,03202356
-0,046368
-0,08190014
-0,01095838
-0,03448946
0,01768627
-0,04374038
-0,005459556
-0,0151416
-0,01476545
-0,01678235
0,002354197
0,003811531
-0,01050697
-0,02063133
0,03760182
0,04286625
0,04325837
-0,02777658
0,006156699
0,03028498
0,002430835
-0,02718003
-0,04844986
0,02094745
0,06086826
-0,03411911
-0,009184405
-0,04510938
-0,03927024
-0,04050152
-0,02190094
-0,02756083
-0,0279749
-0,03063524
0,03875204
0,009817119
-0,00639206
-0,03290148
-0,02161356
-0,02847953
-0,01996809
-0,0005792072
0,0125729
0,01437368
0,005417517
0,04219224
0,01983608
0,0146213
0,02049167
-0,002608575
-0,0431823
-0,04389196
-0,04773629
-0,01706593
0,01165968
-0,02339221
0,01506157
-0,006444453
-0,02439693
0,006707842
0,00267409
0,03287953
-0,006720139
-0,02124028
-0,03401136
0,01304299
0,02352131
0,03340352
0,01440035
-0,0301538
0,03772023
0,03003971
0,02584832
0,0206833
0,01146809
0,04919824
0,02111742
-0,02987092
-0,0349591
-0,00655055
0,005570426
-0,02705864
-0,01793631
-0,06282564
-0,004660992
4,182563E-05
-0,01794632
-0,02987047
-0,00897683
-0,003606169
-0,0112807
0,007976964
-0,001721575
0,02475657
0,00811633
0,02471317
-0,009018228
-0,03767614
-0,04469577
0,008515094
0,01932028
-0,01729484
-0,04966862
-0,001229713
0,01782415
-0,02097699
-0,05884604
-0,00771491
0,03782443
0,02248948
0,03424435
0,02403301
-0,03287531
-0,03269129
-0,09856769
0,0279741
0,02207402
0,0486015
0,02657597
-0,04730372
0,0247448
0,02068335
-0,03449128
0,1071706
0,04208996
0,01154794
0,0156443
-0,02106261
-0,04800608
0,005623612
-0,02859379
-0,03128392
-0,03313323
-0,02548822
0,006288443
0,0182777
-0,01938742
-0,04062232
-0,0073792
-0,03475243
-0,02133059
-0,01450046
-0,009760129
-0,02171773
0,0113222
0,03961904
0,002860501
-0,008058826
-0,00722078
-0,04010421
-0,03180527
0,00653891
0,01287992
-0,05843448
-0,01447471
-0,0569342
-0,05192767
-0,004426823
-0,0219222
0,04758465
0,06098654
0,05943272
-0,02757463
-0,05643525
0,001827508
0,02996227
0,0547972
0,04555972
0,01058986
-0,02408981
0,1352559
0,002034558
-0,03589453
0,04206811
-0,005418502
-0,08281205
-0,04051782
-0,06999032
-0,09545323
0,003814385
0,05242231
0,02794591
-0,0257796
-0,02500126
-0,01876674
-0,02160735
0,006528471
-0,0369768
-0,01449078
0,01185728
-0,02403061
0,01143996
0,006108512
-0,02794068
0,01414536
0,03735619
0,02803685
-0,004452477
-0,02345343
-0,02010608
-0,02744809
-0,05660778
-0,02135402
-0,06519137
-0,04836158
0,002374811
-0,02481258
0,04127262
-0,05545784
-0,01768436
0,05793363
0,02164861
0,05947395
0,04656448
0,01121052
-0,04020108
-0,07598757
-0,02331943
0,1277826
0,1577138
0,1234397
0,05004783
-0,00110154
0,05766043
0,04073366
0,01851831
-0,0426096
0,006788133
0,01004098
0,008729149
-0,02741678
-0,01322911
-0,009992024
0,02274451
-0,01176303
-0,01228859
-0,01614258
0,02481477
-0,01098132
0,01000796
0,01191875
0,01295001
0,01097292
-0,01767781
-0,01160129
0,03392021
-0,02095428
-0,0377447
-0,03613307
-0,01720398
0,06273984
0,03125326
-0,02130535
-0,02878755
-0,05915006
0,02498853
-0,05144548
-0,0576234
-0,05306573
-0,09286466
-0,06445991
-0,007702933
-0,07461685
0,03766368
0,01022574
0,04017484
0,09204001
0,08463088
0,0563556
0,08963124
0,01484507
-0,1086606
0,06591635
0,06036645
0,02362888
0,07487907
-0,02776008
-0,03408176
0,01858384
0,01300599
0,0536452
-0,01675365
-0,01463299
-0,08671691
-0,04746214
-0,0479769
0,00976589
-0,01307673
0,01157693
-0,01480176
0,008511804
-0,03522578
-0,02488911
-0,01392292
0,01403849
0,01628166
0,01081816
0,006260417
0,006845112
-0,0006993302
0,05192916
0,0208742
-0,004536605
-0,07667729
-0,005621729
-0,02988202
-0,05815889
-0,01505911
-0,05132584
-0,05969643
-0,02821337
0,02456297
0,07672282
-0,05058548
0,002241955
0,07969962
0,09771597
0,07542647
0,02623574
-0,022328
0,07436036
0,006187457
-0,02834409
-0,01852174
-0,09064844
-0,04407854
0,01154719
0,01028786
-0,08761419
-0,05729402
-0,04808098
-0,0256822
-0,005523067
-0,04893884
-0,02812521
-0,01592689
0,03816845
0,01820523
0,02669484
0,01937279
-0,01327881
0,003797991
0,02890609
0,01648742
-1,141225E-05
-0,01008508
0,019335
-0,02540968
0,01555929
-0,04901591
-0,0555985
-0,01001536
-0,02511279
-0,0687951
-0,05636569
-0,02876067
-0,02940445
0,01576315
0,02659242
-0,02993125
0,05995093
0,04464054
0,1132688
-0,01415907
0,06339301
0,04561892
0,01968449
-0,02459525
0,05621104
0,02270099
0,02137244
0,09134285
0,0236582
0,06093987
0,001039808
-0,06207962
0,01619378
0,05876876
0,04127287
-0,008624888
-0,03520374
-0,06014418
-0,02693946
-0,02806048
-0,007243388
0,003553206
0,003305892
0,006186863
0,02215813
0,008488265
0,01023027
-0,02100349
0,006241351
0,006072176
0,02748949
0,007635497
-0,008103512
-0,004638104
-0,03899204
-0,0009532269
-0,06896938
-0,04429884
-0,0581472
-0,02198403
0,04876116
0,01437361
0,0139833
-0,05149709
-0,1012766
-0,04049176
-0,05404266
-0,03192871
0,05796222
0,03579965
-0,04931681
-0,05655354
-0,02542133
0,007231491
0,08146609
0,08665906
-0,09283464
0,04853294
0,0316445
0,05481787
-0,01004056
0,02290346
-0,009621257
0,004432155
0,1217221
0,07236915
0,0456399
0,01477583
0,0330154
-0,01804386
-0,03054778
0,0005219578
0,04909931
0,0178277
0,0069983
-0,02565746
0,0004584361
-0,01355926
0,01578775
-0,002525678
-0,01167083
0,006303217
-0,005255871
-0,004732331
-0,02378447
0,02805601
-0,01371879
0,01172442
0,03324198
0,04810613
-0,01924181
-0,004410625
0,0545067
0,02655339
-0,1071249
-0,02406274
-0,05920972
-0,001228444
-0,07892372
-0,0682918
0,005848512
-0,009769041
0,01040136
0,1409778
0,006561862
-0,03358108
-0,08577289
-0,003197181
0,03203848
0,06765727
0,01125122
0,06725024
0,02542049
0,117272
0,1123837
0,0845357
0,01168831
0,06314225
0,07077533
0,02876132
0,04740051
-0,003433143
0,001731446
-0,045589
-0,003684264
0,007765087
0,03609149
0,006620911
0,01010338
0,0271027
-0,01272799
-0,03070739
-0,04029378
-0,0006410301
-0,05894245
-0,02331484
0,02309819
0,003436927
0,06505192
-0,0411307
-0,04073522
0,06051639
0,0973386
0,0388421
0,02406374
-0,0559608
-0,06788044
-0,03953059
-0,01514241
-0,01249521
0,04722278
0,05646723
-0,01227909
-0,01640807
-0,04063797
-0,03474598
-0,08588357
0,03531337
0,02376657
0,07563098
-0,03417494
0,06964585
-0,01080518
0,09489232
0,01338056
0,05742438
0,02425164
0,07318495
0,05878284
0,02712659
0,04561001
0,02457761
-0,0305715
0,005940398
-0,006277724
-0,02486588
0,000474839
0,02867961
-0,01269267
-0,01230109
0,02178629
0,01051037
-0,0146071
0,0006226433
0,0001471061
-0,01665717
-0,09246466
-0,004691589
-0,03403703
-0,01372274
-0,01425106
-0,004542958
-0,1233166
-0,07498691
0,01481743
-0,06777091
-0,05553921
0,01458045
0,007611172
-0,1195387
-0,1141433
0,03687227
-0,0427683
-0,04042383
-0,006774108
0,02748273
0,083267
0,1219898
0,03009625
-0,1040295
-0,01844726
-0,018647
-0,004940151
0,05007795
0,08641492
0,09519067
0,1294965
-0,0132594
0,06531292
0,1162918
0,05254195
-0,0123739
-0,01834069
0,0006778827
0,008764788
0,004206466
0,01683443
0,01205658
-0,02471003
-0,02369994
-0,0001929049
0,004459256
0,008805422
-0,03894034
0,02683326
-0,005033246
0,00729198
0,07090171
0,001764321
-0,02553441
0,03545333
0,1038582
-0,06058154
-0,1049714
-0,03015275
-0,1259271
-0,04642554
-0,01471288
-0,04877444
-0,04280835
-0,05243761
0,06251534
-0,02998993
0,02558885
-0,005151179
0,03162221
-0,06764733
0,03563043
0,04466379
-0,01197118
-0,03688755
0,01223179
-0,002795854
-0,02809722
0,005087186
0,03801949
-0,03977802
-0,0008255022
0,04222816
0,04033213
0,03731485
-0,01088745
-0,03499892
0,009242678
0,005500479
-0,03344482
-0,0268393
0,02270647
0,01204129
-0,02942529
0,009096302
-0,04658819
-0,06374429
-0,03108745
-0,04220695
-0,09237163
0,004520327
-0,0001699275
-0,06493608
-0,02318514
0,06569634
-0,03944432
-0,007579862
0,00212288
-0,02371827
0,008335216
-0,0469011
0,01021955
0,09906892
0,048108
0,07084298
0,0269147
-0,03738414
-0,1559713
0,05726966
0,003917692
0,02475526
0,02710061
0,01956404
-0,01541913
0,04043796
0,06758355
0,07877411
0,07744774
-0,02365963
-0,05092815
-0,05446396
0,03867533
-0,07873839
0,04090279
0,04692919
-0,04097734
-0,00399681
-0,01189484
0,00283016
0,009291216
-0,02924281
0,01550512
-2,448688E-05
-0,0004662212
0,01761764
-0,006010135
-0,05611223
-0,007949297
-0,04064769
-0,02529522
0,07566439
0,06759277
0,02852543
-0,02611081
-0,03077639
0,02481006
0,004047391
0,02825407
0,0371885
0,04570901
0,04435085
0,01292833
0,09054868
-0,00331329
-0,01961502
0,152384
0,08284049
0,06294936
0,01309458
0,005437388
-0,1343274
-0,03018891
-0,05954253
0,02323614
0,1106421
0,04318813
-0,02761708
-0,05730902
-0,09025543
-0,09387375
-0,0819181
-0,01728473
-0,02763684
0,05353432
0,01028762
0,01030908
0,04936074
0,0477592
-0,005125465
-0,01885562
-0,03064812
-0,01597722
0,0007784361
0,0007829317
-0,02578226
-0,0410758
0,02015751
-0,008266751
0,06152659
0,03876989
0,05594251
0,05864638
0,09874091
-0,01155961
0,04543515
0,1048349
0,05570985
-0,05903599
-0,03046382
0,01119224
0,07819217
-0,02730609
0,03789134
0,05390683
0,06863926
0,003571773
-0,01075932
0,009639067
0,03781597
-0,09285002
-0,05610223
-0,002572511
-0,138702
0,005839688
0,1328381
0,02226671
-0,06929142
-0,1395206
0,01156248
-0,0109314
-0,07679813
-0,03396222
-0,007493681
0,00535892
-0,02951567
-0,02411777
0,006239455
0,007212786
0,03291281
0,009364563
-0,003159061
-0,02077358
0,02380515
-0,0276434
-0,005762931
-0,01265896
-0,01356215
-0,009388077
-0,01579653
-0,001862385
0,05621214
0,02169535
-0,01068772
0,00161203
0,05990818
0,1025386
0,02466533
-0,1198909
-0,03954965
-0,1403645
-0,1213455
0,06681158
0,1665268
-0,006489539
-0,005815267
-0,06256308
-0,07251859
-0,03441734
-0,009757337
-0,009070428
-0,004897301
0,02501153
0,02322704
0,0568384
0,06654298
0,063241
0,01286416
0,01964171
-0,04361989
-0,04934683
-0,006443904
-0,02447514
-0,03351368
0,009758124
0,0006010564
-0,003375732
0,01166555
0,008196844
0,01479898
0,01224687
-0,001111215
-0,0270692
-0,0121649
0,007359041
-0,01779933
-0,002741572
0,009998397
0,0469283
0,0309248
-0,009674336
0,005929043
-0,06128955
0,009018551
-0,03303316
-0,03199352
0,03757345
0,04169828
-0,01042984
0,06465725
0,05374331
0,1229458
0,0856201
-0,002362508
0,02572271
0,03186915
0,01865765
-0,04996177
0,00396112
-0,08157539
-0,03551873
-0,09464099
-0,06596468
0,002872143
0,035039
0,09847183
-0,0007281733
0,01511697
0,04694333
-0,1305041
-0,0607848
-0,0380417
-0,02659439
-0,02918474
-0,02234008
-0,01007519
-0,05021951
-0,03712627
0,03971481
-0,03571355
-0,008875156
-0,002979354
-0,009215073
-0,008098068
0,0026801
-0,03196752
-0,006118439
0,03954469
0,0755888
0,06532888
-0,01778777
0,003687917
-0,05280897
-0,04081335
-0,1037915
-0,04463366
0,07825167
0,07579263
-0,02647956
-0,02069517
-0,1364897
0,04419803
0,06467625
-0,007597632
0,1077956
0,04609745
0,06543891
1,677466E-05
0,09224455
0,0321952
0,04819633
0,008932515
0,005688742
0,02112677
0,09143546
-0,04508574
-0,0721501
-0,06389567
-0,05553202
-0,09314477
-0,06933828
-0,0232833
-0,07542522
-0,02478693
-0,0876401
0,0008587259
-0,0431484
-0,01962418
-0,01418797
-0,02909311
-0,03327069
-0,0007091781
-0,01998192
0,001664091
0,02542905
-0,001519459
-0,01037908
-0,06735659
-0,006319596
0,007683374
0,01616492
-0,01687
-0,01187009
-0,09228353
-0,04108497
-0,007216244
0,06436653
0,1254783
0,09087119
-0,02195328
0,03923604
0,06868103
0,08274955
-0,01498773
0,1089389
0,05487006
0,05896238
0,00959631
0,07178397
0,0004479783
0,01951127
-0,07224565
-0,02698201
-0,01784263
0,107113
0,05390068
-0,08872811
-0,1325924
0,006550634
-0,0529561
-0,07059202
-0,02795114
-0,009312077
-0,06591084
-0,001869502
0,01483471
-0,02733368
0,003193542
-0,04341651
-0,02755481
-0,02786866
0,008929857
-0,003735438
0,01421801
0,01162941
-0,0349267
-0,03437753
0,03078586
-0,02072313
-0,01553382
-0,05703017
0,09441988
0,03653842
-0,003341511
-0,0180216
-0,1060817
0,030345
0,1133572
0,1287824
0,01761949
0,07838
0,1113812
0,0324012
0,09801933
-0,005432277
-0,07577001
0,04719153
-0,06397361
-0,02635061
-0,09913467
0,09645122
0,08056211
-0,06129711
-0,04422444
0,08086855
0,02970325
0,05790219
-0,09667286
-0,1358601
0,01052848
0,0007020803
-0,08094177
-0,07732557
-0,0524983
0,03482002
-0,0258987
0,00805623
0,03261823
-0,01410243
-0,01110706
0,01899043
-0,01970141
0,00818508
0,001174396
0,03858443
-0,01406287
-0,01351355
0,008448964
-0,02886841
-0,05486299
-0,01838196
0,07996047
0,07807852
0,09383252
0,03092866
0,07938173
-0,05592765
0,0002710503
0,02512249
-0,02983409
-0,01270014
0,003892509
0,09945644
0,1218077
0,07460824
0,004552286
0,02975286
0,1283628
0,05297578
0,04565346
0,08548597
0,06623735
0,09688764
0,1169977
0,09261403
0,03049844
-0,06190666
-0,08580478
-0,03617087
-0,09472754
-0,01729499
-0,01377486
-0,04261228
-0,07642885
-0,03624344
-0,00651977
-0,02468083
0,01050844
0,01379409
-0,02826607
-0,02278688
0,02718382
-0,01667379
-0,003019284
-0,01811092
-0,02014718
-0,04932572
0,02779486
0,04668114
-0,08403616
-0,02314791
-0,02517977
-0,03458025
-0,01952299
0,04347049
0,07443944
0,02245954
-0,01389651
0,1426136
0,1395334
-0,06669528
-0,01292842
-0,05562898
-0,01096137
-0,003135075
-0,09993431
0,02349362
-0,01475274
0,007900916
-0,09156831
0,06452517
-0,006554862
0,1382617
0,03109335
0,004469609
0,01314728
-0,04988889
-0,05463833
-0,02160778
-0,03140942
-0,03111595
-0,02276994
-0,03499446
-0,06075197
0,02568264
0,02826064
-0,02313052
-0,03137249
0,01059282
-0,006439009
-0,0007659653
-0,02396774
-0,008970996
-0,004342848
0,01250023
-0,03039521
-0,04414701
-0,09272239
-0,094476
-0,01908329
0,08787274
0,05491035
-0,03720786
-0,01659209
0,008739122
0,07537521
0,07334089
0,04736055
-0,05668685
-0,07178164
-0,07928517
-0,01815759
-0,1329175
0,01597923
-0,0848148
-0,13992
-0,03610475
0,08225154
0,04321736
-0,07593454
0,05958812
0,09214677
0,05963254
0,04352797
0,07054533
0,03954744
-0,08400152
-0,06834795
-0,1572443
-0,1175391
-0,04957435
-0,07344277
-0,1139668
0,003664837
0,001235656
0,02057675
0,01461473
-0,03291457
-0,01606844
0,01342415
-0,03584367
-0,02084982
-0,01802974
0,0002830281
-0,01188154
-0,009829206
-0,006464141
0,04064586
0,0006496361
0,05362132
0,06919791
0,02597962
0,02215473
-0,03035893
-0,02191087
-0,01319344
0,06284335
0,0679137
0,005978626
-0,1125666
-0,2146655
-0,0704326
-0,03731008
0,08372077
0,1159893
0,01145989
-0,05934408
-0,0282515
-0,04958237
0,102829
0,1198826
0,09620926
0,1333591
0,02321517
-0,0135353
0,0002975431
-0,01983619
-0,06897825
-0,1053113
-0,05324926
-0,004496878
-0,02787849
-0,03470737
0,0007389326
4,304062E-05
-0,01033459
0,008783081
-0,02911734
0,0126538
0,005976238
-0,02046493
-0,01587328
0,02702106
-0,012356
0,01095601
0,008958531
0,04968278
-0,0009201028
0,01588508
0,008251659
0,04252803
-0,00355482
-0,0232936
-0,07172428
-0,05878578
0,01770787
0,012069
-0,06494271
0,009025682
0,03043019
0,09602262
-0,02473062
0,0465066
0,08199327
0,04613689
-0,09410869
0,0005583357
0,109051
0,08429417
0,02385721
0,07991084
-0,07486795
0,01513905
0,005991083
-0,04296582
-0,0909301
-0,03681124
0,09007967
-0,06250622
-0,03820899
-0,004594508
-0,04397151
0,03662128
0,01781735
-0,03698242
0,04140066
-0,03645001
0,008500679
-0,0267872
0,008537606
0,02883656
0,004801638
-0,008291112
-0,02883204
-0,01014756
0,005115125
0,01977822
0,0004253835
0,02106333
0,05933351
-0,03163172
-0,0006048369
-0,00978243
0,001103281
0,05214912
0,0493975
-0,01587436
-0,0126246
-0,08887899
-0,02776412
-0,01969395
-0,1959894
-0,060257
-0,04757771
-0,04335577
-0,04806926
-0,01892037
0,03516443
0,04839338
0,007536031
-0,174508
-0,133935
-0,01056449
-0,06810644
-0,1042424
-0,08274439
-0,1073582
-0,05224797
0,005614893
0,04102564
0,06545304
-0,0037967
-0,05908998
0,0002671073
-0,01161994
-0,02666513
0,003934009
-0,008093948
-0,001562359
-0,02715685
-0,005245905
-0,01285178
-0,02412355
0,0271788
-0,003836324
0,041333
0,04575735
0,04575802
0,08585753
-0,01457849
-0,01085745
0,03107299
0,08328128
-0,007887179
0,05945362
0,001593716
0,06217555
-0,07033045
-0,1399021
-0,06700046
0,02083493
-0,09049463
-0,0416786
-0,03610764
0,01115787
-0,07641451
-0,1195625
0,02677119
-0,02142132
-0,01020581
0,02507364
0,04224401
-0,09038824
-0,07002131
-0,181925
-0,0674969
0,01721839
-0,02328523
-0,08027004
-0,02266251
0,05563753
-0,02454036
-0,06819897
-0,01768704
-0,04398632
-0,007971159
-0,02567486
0,03157236
-0,02668057
0,01096995
-0,02347119
-0,007646413
-0,01637095
-0,02390857
-0,009743199
0,01648496
0,01646083
-0,01029299
0,05243433
-0,07263973
-0,05381638
0,03996726
0,06181023
-0,0574088
-0,1309768
0,0403777
-0,03919355
-0,07611652
-0,08350206
0,05079174
0,06354165
0,03678476
0,06498143
0,07054445
0,06755459
0,09228035
-0,0143374
-0,008822705
-0,02588223
-0,07447424
0,06481038
-0,01888114
-0,02752231
-0,04355898
-0,05386614
-0,06267384
0,03846954
0,05107997
0,01018944
0,001455265
0,01974566
-0,001254219
-0,01235234
0,01133206
0,02400449
-0,02841027
0,004367881
-0,03416105
-0,01587104
-0,01527134
-0,02049239
0,02331263
-0,02130895
-0,005024658
-0,04189993
-0,01890913
0,03946482
0,05691289
-0,01709822
0,008789401
-0,04599046
-0,04085803
-0,04383559
-0,03518455
-0,04961988
0,00409099
0,01958738
-0,0856056
-0,05349062
0,08545534
0,09341389
0,03046989
0,1331344
0,09850381
0,03200653
0,1181741
0,01355872
0,003741049
0,101818
0,08039829
0,1189384
-0,05720852
0,03907656
0,04901692
0,07661745
-0,01093247
-0,0005640586
0,02689422
-0,03338566
-0,02852718
-0,000780483
-0,06478381
0,04401668
0,007718703
0,02914395
0,03094173
0,005078739
-0,022948
-0,01416441
-0,004290548
-0,006592185
0,01214004
0,007303647
-0,01104655
-0,004478035
-0,01369113
-0,03793627
-0,01873555
-0,03481721
-0,003137658
0,008684171
-0,01505748
0,01639051
0,01102222
-0,01463574
0,05951757
-0,012147
-0,1735359
-0,1353429
-0,02507676
0,1025432
0,05005781
0,1349567
0,0887186
-0,0840283
-0,09064039
-0,02624921
0,02196817
0,06184232
0,01524396
0,03730391
-0,01749495
-0,03909487
0,04612086
0,005113845
-0,1101413
-0,02378801
-0,01377026
-0,08262371
-0,05493612
-0,001161608
-0,002937456
-0,01440074
-0,009512831
-0,03564675
0,01957867
-0,0245784
-0,04636089
-0,03336086
-0,002795966
0,01839373
-0,01775985
0,01657895
-0,01151421
-0,01676614
-0,01167498
0,01330171
0,04287467
0,0498249
0,01518784
0,03084287
-0,07552899
0,01221012
0,0494282
-0,00982183
0,04391292
-0,009111131
-0,06473184
-0,08049588
-0,004196497
0,06254835
0,04952433
-0,01674864
0,1327964
-0,04215835
-0,01607549
-0,0616439
-0,01312361
-0,04505485
-0,02487823
0,02462859
0,02621143
0,0188955
-0,08222677
-0,06659255
-0,1237396
-0,02527668
0,04224569
-0,07039039
-0,02473102
-0,03877312
-0,01664816
-0,03538889
0,002072857
0,02015249
0,002920013
-0,03298559
-0,02961355
-0,02120366
-0,0009827308
0,006152599
-0,01716272
-0,003188006
0,01651263
0,03220848
0,01388177
-0,04580772
0,02112319
-0,02928594
-0,08074078
-0,08059788
-0,01177279
-0,06616993
-0,07798924
-0,1270985
0,001250501
-0,02089744
-0,1106501
-0,01958337
-0,0288639
0,1672721
0,04957428
0,02985365
0,2751623
0,09041815
0,009578289
-0,04064703
-0,06726284
0,04877603
0,06875818
-0,03869013
0,03351719
0,06473663
-0,0393175
-0,09778959
-0,008103487
-0,09651747
-0,01187297
-0,03641868
-0,008974136
-0,02323217
-0,04058213
-0,01723507
-0,03209349
0,0231839
0,0128493
-0,01751329
-0,0663449
0,02354551
-0,003710897
0,01185559
0,006263364
0,01584426
-0,007314296
0,0002429599
0,01522767
-0,05013325
-0,02147849
-0,01994463
-0,09434468
-0,08858357
-0,04208595
-0,01145841
-0,003011935
-0,06292943
-0,01545401
0,04021411
-0,06946122
-0,1370768
-0,1124386
0,05334458
-0,01059046
-0,02381017
0,0393542
0,05780349
0,04765616
-0,07959293
-0,04540699
-0,03594506
-0,05127688
-0,08528656
0,01043843
0,0808882
0,1009327
-0,06086596
-0,07699619
0,04497344
-0,1028694
0,01721772
-0,03637299
-0,05206939
-0,006087712
0,02093841
-0,01076818
0,01210335
0,01256231
-0,01788345
-0,04604585
0,01129877
-0,0272845
-0,0310615
0,02546329
0,01604232
-0,009903374
-0,002094967
-0,005871592
-0,02697742
0,0001544982
0,01381596
-0,05000095
-0,04721063
-0,04055822
-0,05240491
-0,05507242
0,01828862
0,0360693
-0,0002784465
-0,005309884
-0,04057151
-0,04456291
0,07890156
0,07917524
0,03216049
0,07452353
0,1024476
-0,03313357
-0,02326177
-0,1229713
-0,1295543
-0,07068099
-0,03179904
-0,05882548
0,1143774
0,2110973
0,02612352
-0,04889971
0,02095921
-0,1019014
-0,06570406
-0,08385228
-0,02771236
-0,01075729
-0,01931324
-0,02892088
-0,02516661
0,01036354
-0,02997029
-0,004702662
-0,03477811
-0,0356461
0,01404897
-0,007353441
0,0255653
-0,01044102
0,006692121
-0,01153684
-0,0360317
0,02378169
0,0586765
0,02263346
0,0533113
-0,03804183
-0,02700004
-0,03642615
-0,001610331
0,06408883
0,05189566
-0,0282212
-0,08568101
-0,1470263
-0,001639905
0,1756391
0,1257734
-0,04463916
-0,05441852
-0,09747159
-0,04902243
-0,1137297
-0,05986619
0,009467417
0,1196951
0,05240804
-0,01336012
0,05626224
0,01722599
-0,01468363
-0,001780867
-0,02337303
0,004672937
0,02987992
0,01703486
-0,002161559
0,06080574
0,02539452
-0,01122005
-0,02025432
0,01116398
-0,0313925
-0,05006441
-0,008810735
-0,03358718
0,008660204
-0,02222283
-0,01857638
0,025102
-0,03314647
-0,003152125
0,04569441
0,03170963
-0,08068816
-0,03918528
0,02647908
0,04271428
0,05736418
-0,01862028
0,04801395
0,07785048
0,01462999
-0,01716532
-0,06371978
-0,01139643
0,07584526
0,007515656
-0,07036768
-0,08057481
-0,05790522
-0,1324801
-0,05077288
-0,1593051
0,04870263
0,03561424
0,026927
-0,02631695
0,007140055
0,0356736
-0,06071294
-0,05207774
-0,09123503
-0,03435117
-0,07982372
-0,01909178
0,01596988
-0,02906363
-0,03935929
-0,005671937
0,006698828
0,004856796
-0,04694468
-0,04024367
-0,02363946
-0,02876857
-0,01742641
-0,009985195
-0,01223061
0,0264906
-0,007484312
-0,03553872
0,07996304
0,04651691
-0,01840999
-0,01525914
-0,0625492
0,009271096
0,03179285
0,02340515
0,03330137
0,05857517
0,02995852
0,09155149
-0,04055948
0,00638975
0,1332099
0,1046581
0,02384857
-0,06672773
-0,06892564
-0,07848879
-0,08085317
-0,03187156
-0,01160622
0,001050367
0,07256347
-0,001836503
-0,01842487
-0,05277084
-0,08334689
-0,04317208
0,006157729
-0,005173863
-0,0726032
-0,05615591
0,0232562
-0,02835515
-0,04151243
-0,05257124
-0,00678777
-0,01216668
-0,02879512
0,008049116
-0,02836384
0,008003322
0,01379485
0,01619743
0,006391798
0,004415763
0,008040014
-0,01313119
0,005630831
0,09438794
-0,02616421
0,08053677
0,1179904
0,06564377
0,01919657
0,1523521
0,1054691
0,0783238
-0,0184335
0,05975029
-0,06693324
-0,09246943
0,02292286
0,08203507
0,03601515
-0,06803253
-0,1012186
-0,1542464
-0,002980829
0,04620364
-0,00116133
-0,01203042
0,1110315
0,1289553
-0,03060727
-0,1016023
-0,168533
-0,07117981
-0,02258256
-0,001883095
-0,01620544
0,009861035
0,03922673
-0,02888924
-0,004323113
-0,04217877
0,01546741
0,0009684394
-0,008858964
0,02732666
-0,003607099
-0,02665242
-0,02886056
0,01749795
-0,007909486
0,005782416
-0,02770927
-0,02498906
-0,002252197
-0,005454807
0,00955993
0,1041025
0,07862461
0,06943361
-0,006706057
0,03594962
0,1047233
0,06810061
0,02306115
0,0588859
0,1200658
0,09268027
-0,03029067
0,02399479
-0,004674362
-0,01707966
-0,01239654
-0,0627555
-0,08147459
0,02117486
0,101541
-0,03127105
0,0426089
0,05118651
-0,1434075
-0,09827235
-0,1893893
-0,03355329
0,01363542
0,03910732
0,009412884
-0,03700185
-0,01518471
-0,06116631
0,01725138
-0,01758398
0,004399502
-0,006583979
0,02605366
0,02723743
-0,01638138
-0,04439513
0,01343506
0,002700963
-0,01690771
0,00410239
-0,04507523
-0,05302137
0,0158084
-0,01332554
0,005282302
0,04543531
0,0260494
0,048582
0,03556404
0,03503995
0,01149084
0,03192517
0,04738687
0,0007237133
0,04549818
0,1498807
-0,06604321
0,02020566
-0,1324708
-0,006252703
-0,02974588
0,06140207
-0,04863226
-0,0762657
0,01234672
0,04219755
-0,02700759
-0,04620122
-0,1442671
-0,05021486
-0,02334579
-0,04312596
0,09264381
-0,03664292
-0,06950264
-0,04026538
-0,008294369
-0,06153581
0,0269396
-0,008556755
0,01757789
0,04135192
-0,0119301
0,009772707
-0,01396015
0,003556664
0,01562646
-0,01061707
0,01279639
0,03088153
0,01924478
-0,01299392
0,02185554
0,01630532
0,1444954
0,1093907
0,0437215
-0,02473695
-0,09023094
0,03315307
0,07965049
0,06973904
0,1112196
0,07393662
0,09327933
0,01481294
-0,06417219
-0,01598773
0,07834126
-0,05155248
-0,02796224
-0,04523527
-0,06705668
-0,03600405
-0,172461
0,01404574
0,05424497
-0,08749894
-0,07213468
-0,08339373
0,01586725
0,06310316
0,0517478
-0,0959025
0,007046858
-0,01063675
-0,116096
-0,004169753
0,0256486
-0,004798991
-3,163364E-05
-0,03746349
0,02292469
0,00396024
-0,03074179
0,004666829
-0,01158446
0,01126512
0,00748659
0,00280061
-0,02075804
-0,01021445
0,01929594
0,01738026
0,07643685
0,08030831
0,02866453
0,09652818
0,1513306
0,08316625
0,1571961
-0,006116136
-0,03651693
-0,00161789
0,04754545
0,0114605
-0,05258732
-0,1316687
-0,0671818
-0,06352083
-0,0418058
-0,1879179
-0,1196459
-0,06499708
0,05039088
-0,0003003115
-0,07571
0,01618639
-0,04127371
-0,08378215
0,06195478
0,03339189
0,01046184
-0,04119947
0,001235959
-0,004716881
-0,08252178
-0,07118685
0,02693008
-0,02123155
-0,05973488
0,01307087
-0,009837078
0,02716217
-0,02754796
0,005014783
0,01641764
0,02257294
0,01808699
0,03219998
0,02971224
-0,0461314
-0,0732108
-0,005233862
-0,05717524
0,0052008
0,0195191
0,04745838
0,1097662
0,04563496
0,1185368
0,08095149
0,1484944
0,01180591
-0,03203037
-0,02776661
-0,05961582
-0,06672003
-0,1871402
-0,1171966
-0,06300915
-0,05971304
-0,01238348
0,1080083
-0,08208112
0,006327715
-0,07192972
0,02485445
-0,08006747
-0,06057734
-0,03548653
-0,03526696
-0,0319905
0,05014586
-0,04014352
0,05856501
0,007803022
-0,079887
0,02569771
-0,005883682
-0,0126063
0,05054177
-0,007351359
0,03399348
-0,01340955
0,001686976
-0,01417141
-0,01968796
-0,0096586
0,01944875
-0,01525021
-0,006489451
0,0221397
0,01111145
0,02026526
0,05179626
-0,1032211
0,03053091
0,07911856
0,006287385
-0,054762
-0,002637871
0,01280787
0,08403273
0,01429821
-0,0595528
-0,09366328
-0,07973444
-0,05933365
-0,09410961
-0,05069952
-0,01397459
-0,02356071
0,08507098
-0,05487561
-0,02314712
-0,1159402
-0,130944
-0,05143265
0,09038112
0,1275945
0,1271971
0,07015273
0,08509687
0,002704734
-0,02205402
0,03140771
0,03699635
0,04226137
0,04965052
0,03704272
-0,0193711
0,02287915
0,0001592255
-0,0154764
-0,008120338
0,01489726
0,000661602
0,02700636
0,02295829
0,02429297
-0,01269746
0,01046577
-0,02404038
0,04245431
-0,008321909
-0,04930872
0,04024456
0,04859693
-0,03091121
-0,04889344
-0,08068471
0,01213555
-0,005847792
-0,06705111
-0,01131085
-0,1223036
-0,1087596
0,02764073
-0,06731798
-0,01705597
-0,04007711
-0,01550114
0,004840627
-0,0136535
-0,1127193
-0,08683913
-0,01082496
0,1409198
0,1190572
0,09758571
0,04797501
0,04616214
-0,04550793
0,009544182
-0,09423704
0,0146778
-0,07574715
0,0802684
0,04832222
0,01570343
-0,01618083
-0,05042834
-0,02166017
-0,01550321
-0,02811038
-0,01846992
-0,01551766
-0,01648728
0,01487785
-0,008797113
-0,01624997
0,01475079
0,001401498
0,08932479
-0,01998614
-0,03165947
-0,04500191
-0,03618776
-0,006750248
-0,01171255
-0,01936135
-0,03798993
-0,08770053
-0,01133431
-0,02515763
-0,1490185
-0,1125298
-0,03104117
-0,02158191
0,01151443
-0,01450752
-0,02775728
-0,03739961
-0,04629041
-0,02540603
0,0161331
-0,05517385
0,1502108
0,01208253
0,1619174
0,02143284
0,06547979
-0,00237785
-0,01509328
-0,02420386
-0,02325271
-0,06877328
-0,02630006
0,003619706
0,02288952
0,03545944
0,01991298
0,003812982
-0,04812725
0,009070584
-0,008161061
0,004121637
0,0272921
0,01653011
-0,01395757
0,03211454
0,01480639
-0,02949479
0,06298582
-0,003440773
0,02670825
-0,04737641
-0,09005455
-0,01972742
-0,02890838
-0,03673008
-0,06766967
0,007541716
0,04716786
-0,01607583
-0,1200435
-0,05137052
-0,08848183
-0,03482461
-0,02208054
-0,008256963
-0,008557091
-0,04196862
-0,08596017
-0,07333628
-0,04738448
0,07991687
0,06555673
0,07824589
0,002988575
-0,06422829
-0,07737821
-0,03560794
-0,08595927
-0,002411326
-0,01921328
-0,0646395
-0,04638077
-0,008977508
0,02833603
0,01004667
0,01437719
-0,03779791
0,007176419
-0,03308568
0,03023479
-0,01788539
-0,01019754
0,02907026
-0,02783614
0,00317484
-0,03524162
-0,06845045
-0,0001931426
-0,1042838
-0,01918875
-0,03533223
-0,07007415
-0,0008624215
0,00490635
0,03770645
-0,01525251
0,002015353
0,07348759
-0,03561784
-0,02792184
-0,03597236
-0,1472347
-0,1830795
-0,1301003
-0,05953141
-0,07428038
0,02426091
0,06905837
0,07086237
-0,02021788
0,1408315
0,07185072
-0,01132854
0,06687201
-0,03940451
-0,01937749
-0,09846041
-0,0420229
-0,007555392
0,04563414
-0,0936704
-0,03200197
-0,07143361
-0,03591086
0,01956642
-0,01485266
-0,001414025
-0,03295146
-0,03551047
-0,004218644
0,0419263
-0,003050021
-0,01275438
0,02385207
0,04614457
-0,01819598
-0,07532985
0,02369335
0,01458684
-0,07337122
-0,02055602
0,01886731
-0,01857268
0,002735326
0,09116761
0,04692851
-0,009171071
0,04118056
-0,07212203
-0,1563939
-0,08856975
-0,08825139
-0,1601708
0,08700848
0,005589054
-0,01835047
0,05077523
-0,05138754
-0,1022281
-0,01078055
0,025152
-0,051733
-0,0517432
0,06921344
0,01345866
0,04061404
-0,07970984
-0,0541096
0,01698763
-0,03539242
-0,02985695
0,01735791
-0,02847755
-0,06631829
-0,03752379
-0,02906458
0,000241263
0,001973221
0,008407363
0,03775327
0,02609338
-0,006810125
0,00511927
0,02550089
-0,03163732
-0,04918541
0,02633459
-0,006834313
0,02337624
0,02362536
0,07865459
-0,05657793
-0,08832484
-0,08043009
-0,0173475
-0,02758506
0,07402925
-0,05688255
-0,02648285
-0,1232584
-0,03390172
-0,07834458
-0,07234354
0,04264062
0,004255375
-0,0667493
-0,09361762
0,1054626
0,08676582
-0,0843301
-0,05931322
-0,05462135
0,09282514
-0,03316407
0,02006958
0,06439189
0,0243522
-0,05136994
-0,002567493
-0,01826615
-0,03964327
-0,01937658
-0,05368197
-0,05232674
0,01594717
0,02785973
-0,004815232
-0,04713596
0,02416993
0,0184322
0,002684867
-0,006956643
0,004496954
-0,00765845
-0,009700619
-0,006738493
-0,008899423
-0,06078545
0,05150358
0,006056962
-0,01368069
-0,05234052
-0,06240776
0,01685358
-0,004473777
-0,07322782
0,1182919
0,03902548
0,04698382
0,01874625
-0,02013662
0,02660643
-0,03733694
0,02020976
-0,04369211
0,03535599
-0,009076731
0,01578332
0,007653846
0,02695576
0,03540739
-0,002641629
-0,04588931
-0,07450757
0,1067352
-0,001579861
0,04791155
-0,06740569
-0,06091028
0,0070366
-0,09496566
-0,04508733
-0,02920084
-0,07986738
-0,02028921
-0,05391849
-0,06556591
-0,01152026
-0,0129051
0,008424733
-0,008214198
0,02611649
0,001542253
-0,02630302
-0,04692531
0,01052723
-0,0148164
-0,02823463
0,0602062
-0,0843624
-0,05995827
-0,001329187
-0,03855731
-0,01267276
-0,02083152
-0,03711048
0,003463683
-0,01727189
-0,007512223
0,05619679
0,05099625
-0,05302434
-0,1715369
-0,07853467
0,02787236
0,00744235
-0,01282476
0,01519444
-0,05316055
-0,07649951
-0,08226084
-0,02868975
-0,006033873
-0,1587709
0,02691931
-0,007144947
0,08668201
-0,02231118
-0,09674104
-0,07780657
0,04295712
0,08816639
0,03947916
0,0007989398
0,01789632
-0,05481505
-0,03789546
-0,02974351
-0,01679375
-0,02400907
0,02205456
0,02242581
-0,02473158
-0,01633871
-0,01710802
-0,01321396
-0,04337033
0,07015532
0,04604869
0,05628989
-0,02871825
-0,03140408
-0,07116567
-0,07659964
0,007886036
0,02008399
-0,01265061
-0,06974447
-0,05781023
-0,02472604
0,06903391
-0,1131049
-0,1510527
-0,01419156
0,09443336
0,1049189
0,08630363
-0,06443476
-0,05751281
-0,1382245
-0,08618521
-0,03686915
-0,00785074
-0,01245845
-0,003326292
0,01368965
-0,01037689
0,04953909
-0,1081972
-0,06215118
0,02863793
0,02225251
0,03353885
-0,0003333176
-0,06092066
-0,02145098
-0,0439996
-0,010826
0,02921606
0,001335758
-0,008619421
0,01161761
-0,04024731
-0,02260458
-0,01127634
-0,009327852
0,06034795
0,08930182
0,01488466
0,03424953
-0,06705997
-0,07258263
-0,07421277
-0,1173476
-0,005765014
-0,03617471
-0,009782084
-0,0682928
-0,08142841
-0,01015532
-0,0375716
-0,07931361
-0,06566465
-0,09711232
0,007213334
-0,07353086
-0,01784176
-0,0909564
-0,04451437
-0,01390566
-0,09581251
-0,09831902
-0,01259436
0,07868268
0,03131215
0,005286975
0,02861676
0,0469973
0,03389643
0,008614691
-0,02203671
-0,01292807
-0,01188986
0,02528933
-0,03807482
-0,03040901
-0,04732408
-0,02232225
-0,02851312
0,01257489
-0,008930002
0,009140097
0,03116814
0,00130183
-0,0247799
0,02923233
0,06925292
0,001666358
0,01017384
0,02576095
-0,02247382
0,05401189
0,02458744
-0,02803687
-0,01586292
-0,04840954
-0,01425116
-0,008885454
0,04928496
-0,008954209
-0,01611117
-0,1734976
-0,1885812
-0,1152128
0,1109654
0,1261054
-0,0849629
-0,008872444
-0,1067658
-0,1807376
-0,1695884
-0,07377709
-0,05591359
-0,01988764
0,1390028
-0,03418125
-0,07575627
0,0829509
-0,002243702
0,03399575
-0,04345039
-0,03195552
-0,02188897
0,003219995
-0,007534092
0,0131166
0,01973523
-0,01206641
0,03927744
0,0292716
0,009465298
-0,02530487
0,03790217
0,02933282
-0,0259779
0,03228409
-0,0005876489
0,03737755
0,08741765
0,04044668
0,04842892
0,06603414
-0,001884993
-0,01189466
-0,1086052
-0,03156044
0,05341999
0,02063452
0,09715042
0,0584373
-0,01316813
-0,1010898
-0,01933553
-0,1184479
0,0365484
-0,1002911
-0,01375019
0,01750631
-0,02139624
-0,07047755
-0,0854833
-0,1250206
-0,1372447
-0,04038316
0,005987732
0,05162566
0,07900902
0,1601251
0,1211154
0,1236394
0,01797387
-0,07004567
-0,04105988
-0,02929546
-0,008105736
0,02880381
0,0258841
0,0167572
0,02982656
-0,004679101
0,0207378
-0,02282423
0,001879882
-0,01567807
-0,0240313
-0,01909008
0,0169333
0,09255309
0,1199887
0,09466284
0,05838088
0,04942486
-0,02781761
-0,01776982
-0,07363167
-0,06288669
0,07636791
-0,002988237
-0,01781427
-0,08110991
-0,02655203
-0,02150346
-0,06986867
-0,05724159
-0,04817893
-0,05577499
0,001576981
-0,07223085
-0,01994655
-0,01967831
-0,1113859
-0,06337871
-0,02144405
0,01490892
0,07391986
0,04699916
0,1187517
0,06046025
0,09280904
0,07161682
0,02213763
-0,008839856
-0,02330826
0,01284841
0,02064389
-0,0141358
-0,003621717
0,02256528
-0,01116031
-0,009122338
-0,007562527
-0,01216345
0,01307548
0,01812104
0,06625355
0,05553671
0,04702256
0,08593663
0,02660444
0,04296371
-0,02817556
-0,06015565
0,04705061
-0,02890905
-0,09739632
-0,0427821
0,01264021
-0,0692919
-0,0716554
-0,1075054
-0,1034111
-0,09693231
-0,06765328
0,06266873
0,04798209
0,02950268
-0,1049175
-0,02203331
-0,1069
-0,1224941
-0,08133822
-0,09640363
-0,04651838
0,005071913
-0,04005725
0,09843747
0,0529019
0,1196577
0,1053808
0,06045771
0,007944769
0,02263072
-0,01518607
-0,01260274
0,05081485
0,04089378
0,01748164
0,01037339
0,0200144
-0,0252264
0,007348696
-0,01751575
-0,01596131
0,02611194
-0,004728829
0,02955481
0,03556376
0,04500084
-0,007596399
0,03842241
0,009693591
-0,09044402
0,03797763
0,03978733
-0,02673986
-0,01394464
-0,01570194
0,005522491
0,1200551
0,1307732
0,0002267631
-0,07579228
-0,03009428
0,07869409
-0,06353924
-0,08004382
-0,04163784
-0,1527374
-0,1053258
0,00123451
-0,01959579
-0,0395516
0,08404928
0,09258844
0,03453739
0,09529497
0,08507217
0,06963728
0,08125486
0,03070868
-0,04043937
0,05259097
0,001483427
-0,02852652
-0,004809683
0,01067136
0,004253622
0,01563263
-0,02036255
-0,003639893
-0,02745484
0,000854083
-0,01185485
0,0003981194
0,08515855
0,015204
0,02080373
0,01789252
0,05874993
-0,003326429
0,005101972
0,08014108
0,04976792
0,08100651
0,02723767
0,02343566
-0,04097999
0,02303679
0,1307146
-0,1016044
-0,008363871
-0,05560733
0,0490219
0,05238165
-0,01446371
-0,05644534
-0,133265
-0,116881
0,04753932
0,03758748
0,05271271
0,06083528
0,07662935
-0,01879215
-0,02444427
0,03819002
0,09894214
0,05149715
0,02753875
0,006576642
0,01839742
-0,02087493
-0,07176784
0,007733202
-0,01974899
-0,02316156
-0,005867226
0,009224582
-0,03319893
0,01130122
0,007934428
0,01069957
-0,003453896
0,002447239
0,01546548
0,04293053
0,001707361
0,004943481
0,03230051
-0,005014081
-0,05764002
0,02904214
-0,05787783
-0,02996811
-0,0384838
0,008925701
0,03178546
-0,004374781
0,09698641
0,07448014
0,0143818
-0,04643203
0,02187333
-0,009769482
-0,08541459
-0,06666938
0,0316632
-0,01760497
0,04843672
0,02311676
-0,05167026
0,08927094
0,06674419
0,08941863
-0,1137103
0,005612564
0,1035339
0,06554123
0,0968047
-0,01713948
-0,06757076
0,006173881
0,01984919
0,06466606
0,0476044
0,0114562
-0,01631785
0,002225449
-0,01820598
-0,03080152
0,03590328
-0,02633748
-0,02797857
0,01962465
0,08256444
0,03022927
-0,0443495
-0,01557122
-0,03491488
-0,02792404
0,03167201
-0,01252431
-0,04372252
-0,03747825
-0,01565256
-0,08444718
-0,05022439
0,01374764
0,06274687
0,09401103
0,0480482
0,05608486
0,08937907
-0,1404545
-0,1654316
-0,04465036
0,04476978
-0,01912253
0,0206295
0,02932792
-0,05685465
0,05589818
0,01916887
0,1151607
0,02275365
0,07641702
0,1086596
0,03427313
0,08865029
0,04577426
-0,08535658
-0,04437626
0,01641449
-0,02238796
-0,02887837
0,0324444
0,00877982
-0,001843412
0,01806214
-0,02388684
0,01656782
-0,02511068
-0,004816548
-0,02013227
0,03224404
0,00967188
0,01242883
0,01737502
-0,02184521
-0,05789484
-0,07899415
-0,007062685
-0,005234499
0,01389816
0,01926674
-0,02067788
-0,007761913
-0,06123474
-0,06104676
0,07285634
-0,003659374
-0,05578503
-0,07858006
-0,06843466
-0,04514968
0,0185714
0,0293643
-0,06173421
0,1096293
0,08024529
-0,02300406
0,05821544
-0,05355557
0,03017145
0,07960095
0,01089834
0,01224854
0,07330868
-0,01010761
-0,03521385
-0,05370772
0,001532345
-0,02573944
-0,01051662
-0,04184544
0,02458154
-0,02844103
0,03057812
0,01131205
-0,01171734
-0,02596132
-0,009464229
0,03343243
0,0133189
0,01337152
-0,01920685
0,03154195
0,005325535
0,0219008
-0,06361627
-0,007649438
-0,07174794
-0,05604943
-0,02303861
-0,005140587
0,06714317
-0,0167418
-0,06002346
-0,01931214
0,0106099
-0,1257118
0,01539219
-0,09141894
0,04578314
0,0454732
0,03189388
-0,01149738
0,04345671
0,03204922
-0,02899835
-0,02787982
0,01729311
-0,04859544
-0,009545733
0,02466779
0,04354034
0,002573182
-0,02241843
0,09594105
-0,009762975
0,02061644
0,01751014
0,004015545
0,004109315
0,03113868
0,01224486
0,01194176
0,006452189
-0,0301335
-0,03176738
0,02524888
-0,02806139
0,02480284
0,009393116
0,02973058
-0,03487866
0,03585162
0,039929
0,000499762
-0,03631122
-0,07833162
0,116375
-0,05576696
-0,01999866
0,06989045
0,1149702
0,04797205
-0,0496738
-0,08667129
-0,1157665
-0,09928041
0,04154743
0,006609976
0,03329019
0,003703871
0,001571795
0,09166072
-0,1228186
0,01016875
-0,02064192
-0,0713497
0,05615891
0,03341773
-0,04969594
-0,0614208
-0,03096874
-0,04212229
0,004918098
-0,01693822
0,06816534
-0,009852873
-0,03869817
0,01191924
0,005895421
0,003420399
0,01497822
0,0481146
0,003909967
0,005210473
-0,02490655
-0,01335458
-0,0146336
0,01811593
0,07603943
0,04777075
-0,01667527
-0,01429016
-0,01305704
0,02544752
0,0216094
0,0237007
0,02605544
0,05447314
0,01189414
-0,02975371
0,1131817
0,06333146
0,1125871
0,03689222
-0,1300635
-0,06638878
-0,07686724
-0,01994259
-0,05291703
0,0003195263
-0,01957748
-0,0779805
-0,05803133
-0,009493361
0,02869566
-0,05624948
0,03507221
-0,03889282
0,03023122
-0,08699494
-0,002948436
-0,03148396
-0,07559421
-0,06786982
-0,05410631
-0,08451811
-0,02525428
0,006738336
-0,02468673
-0,01234894
0,007257842
0,03052844
-0,01740728
-0,009277697
0,01189385
-0,03206878
0,02655735
-0,01196243
0,000392996
-0,01431364
-0,02828003
-0,003297085
-0,002994049
0,06746831
0,03271331
0,05055738
0,03834519
0,05290758
0,03647801
0,02442284
0,1172025
-0,0134759
-0,06648613
-0,09890512
-0,03273716
-0,08624867
0,06557677
0,0401893
0,05956405
0,06636275
0,1460196
0,08203538
-0,07443111
-0,05998329
0,01672362
-0,05301033
-0,01039757
0,02127065
0,02217696
-0,09887624
-0,07685741
-0,1502371
-0,2287904
-0,08957902
-0,08083799
-0,01219676
-0,007629069
-0,003041237
-0,02753613
-0,01888644
-0,02437949
0,03017575
-0,03019804
-0,01488692
-0,0001781853
0,01316095
-0,0213556
-0,03169906
-0,0161066
-0,02494764
0,04646456
-0,02042593
0,04701149
0,008078376
0,0204019
0,02776092
0,04483937
0,03873217
0,01413361
0,03006656
0,05842361
0,0396924
-0,1324459
-0,1755326
0,0391981
0,0999039
0,04739292
0,02859885
0,0548447
0,05359597
0,06451988
0,003196037
-0,1456369
-0,01082754
0,04584813
0,005046614
0,06741508
0,08918303
0,02771394
-0,1184305
-0,1263692
-0,1013938
-0,07277058
-0,1211115
-0,05582752
-0,03729459
-0,004319948
-0,05646225
-0,0367196
-0,01161082
-0,01072081
0,0156222
0,002831242
-0,004209642
0,01307307
-0,008365256
-0,02307265
-0,01801639
-0,0008215318
-0,02322868
0,02597101
0,007745404
0,03233631
0,09034398
0,02736118
0,06554452
0,06031578
0,008059558
-0,05229211
-0,0185822
0,01331986
0,006666494
-0,01369484
-0,06888381
0,02332888
0,109021
0,08454697
0,03428571
0,06636906
0,01285236
-0,05197543
-0,09809851
-0,06727643
0,020698
0,1313943
-0,01944948
0,01770389
-0,02070898
-0,08102484
-0,03625243
-0,09803386
-0,03679121
-0,09395646
-0,06290015
-0,03909769
-0,02439838
-0,00320708
-0,04481382
-0,01932096
-0,005764503
0,03899335
-0,04131659
0,02137864
0,002716045
0,01044667
0,002584499
0,02824864
-0,008128348
-0,007264808
-0,0282468
-0,0006706543
-0,0139216
0,01225592
0,01878093
-0,02306794
0,1292202
-0,04167297
0,01138422
-0,02689809
-0,04696311
-0,08159186
-0,06277858
-0,05060754
0,0292099
0,04485151
0,09492708
0,03749614
0,1129055
0,07424625
0,03377473
-0,0659723
-0,01597483
-0,01544775
0,0736248
0,01165273
0,08615825
0,0235502
-0,02352331
0,002227067
-0,0005579925
-0,108722
-0,129256
-0,1295891
-0,0889437
-0,05097209
-0,05880295
-0,04999004
0,01897562
0,03923295
-0,02555542
-0,003681755
0,001867654
-0,01394664
0,006688606
0,01220441
-0,01748627
-0,02546274
0,01032959
-0,005944875
0,04303554
-0,0399509
-0,001099622
-0,02952772
0,02816848
-0,01147047
-0,01358486
0,02171972
-0,001156674
0,08030321
-0,05052562
-0,06689387
0,02913654
0,1205474
0,07739123
0,08899478
0,1345419
0,1047825
0,05580727
0,0204496
0,0612867
-0,04545897
0,1227718
0,0155248
0,1028285
0,07864719
0,05956995
0,000808016
-0,01404259
0,02808813
0,05705488
-0,05599144
-0,07396313
-0,1465717
-0,05540416
-0,05931109
-0,006153313
0,03023729
0,04391989
-0,03833252
-0,005539188
-0,02927313
0,001911436
0,0240853
-0,007773953
-0,01877602
-0,02135628
0,01427813
-0,00967628
0,004918908
-0,0001945528
-0,004939021
-0,00659028
-0,1104731
-0,05000764
-0,06191997
-0,07721969
-0,0164703
-0,05517285
-0,000256281
0,002542085
0,04586547
0,06117092
0,06545064
-0,005369803
0,07962089
0,06103395
0,02955087
0,05247441
0,1034873
-0,001490213
0,02349643
0,05131332
0,06212451
-0,02359053
0,04153301
0,09333906
-0,03130311
0,06369675
-0,007843688
0,0006942392
-0,03987296
-0,08895526
-0,04654906
-0,05884819
-0,04551852
-0,0363091
-0,06111867
-0,03146416
0,05223709
0,02438609
0,03572997
-0,01625377
-0,02646492
-0,02861412
-0,02657978
-0,004233304
0,02297135
-0,01603597
-0,001186504
-0,05433235
-0,07240767
0,01696465
-0,04487956
-0,01178662
-0,1196598
-0,08068245
-0,03842064
-0,02750381
-0,1103752
-0,01972712
0,04336468
0,03099986
-0,03245075
0,03040985
0,05344893
-0,1054177
-0,1292167
-0,004751701
0,04681306
-0,07396188
0,03701669
0,004873092
-0,06325094
-0,02646455
-0,001620558
-0,01513478
0,05007438
0,004765581
-0,05075871
-0,06549098
-0,001489761
-0,01149302
-0,02821334
-0,08647364
-0,06892063
-0,0324721
-0,07622068
-0,004445944
-0,03260313
-0,02333298
0,02329087
0,02732075
-0,01660868
-0,01986846
-0,009465654
-0,002781906
-0,03025386
-0,001815563
-0,01884153
0,02133367
-0,04494529
-0,01703894
-0,03600511
-0,01575174
-0,04959151
-0,01789981
0,003164532
-0,0003981105
0,0009171605
0,08860066
0,08650021
0,04761467
-0,03330224
-0,01914651
-0,08833709
-0,1327558
0,005446835
0,1053194
0,02752778
0,03799299
0,04020804
-0,06746048
-0,08966386
0,03922698
-0,04780119
-0,08027755
0,09631181
0,05228791
-0,03135995
-0,0187457
-0,02445087
-0,02571795
-0,09670395
0,01406632
-0,05019181
-0,03261046
-0,006177616
-0,006416596
-0,03844787
-0,001349793
0,004702532
-0,01729516
-0,03016051
0,01071433
-0,01539466
0,02849256
0,01579097
0,02029475
-0,03548417
-0,03140267
0,01636738
-0,04058084
-0,06622262
0,04598061
0,02424898
-0,001020946
-0,07759479
-0,01283386
-0,01876651
0,006465868
-0,09633503
-0,005885147
-0,04605573
0,01065795
0,09599153
0,1377467
-7,607431E-05
0,03954332
0,06952503
-0,008810971
-0,09815725
-0,06090818
-0,04321359
0,02441152
0,04366914
0,008499605
0,06473639
-0,04196002
-0,05833407
-0,03975889
-0,0363541
-0,03413957
-0,09103323
0,003368594
-0,01506043
-0,01484481
-0,007278656
-0,02601379
-0,0004492124
-0,005007908
-0,01136897
-0,0005526781
0,01055388
0,02113993
0,008519268
0,02828043
-0,02458188
-0,02730637
0,02149253
-0,02093152
-0,03982877
0,01460666
-0,01422773
-0,02416383
0,01592979
-0,01626514
-0,0103821
-0,06459683
-0,07513987
0,07044771
-0,07040104
-0,1136608
-0,01936549
0,0410381
-0,0865344
-0,07378408
-0,004981288
-0,03975564
-0,08480789
-0,05055173
-0,09861725
-0,1493396
-0,09435248
-0,05989382
0,02784357
0,0002752171
-0,0456333
-0,09221324
-0,03676186
0,04618612
-0,01487812
-0,1028852
-0,02430049
-0,01338712
-0,04501212
-0,02535298
-0,01325952
0,01040183
0,01586137
0,003001598
-0,01293284
-0,01823911
-0,01887708
0,02163216
0,0171595
-0,02179616
-0,01137048
-0,01432721
0,01141413
-0,05685288
-0,0194326
-0,0006181194
-0,06029298
-0,01117953
-0,07700115
0,01712929
0,00477041
-0,02702651
-0,008095034
-0,0410018
-0,02871523
-0,09163941
-0,04700888
-0,005847417
-0,06525595
0,02335322
-0,06382193
-0,04411835
-0,05731961
-0,08458468
-0,1070343
-0,09391505
-0,1132843
0,0331741
0,02961495
0,005557787
-0,06736487
-0,05000995
0,01397712
-0,001220107
-0,003084415
-0,03119353
-0,05610187
-0,04530542
-0,04112783
-0,02039474
-0,003473961
-0,04101858
0,01335088
0,01151425
-0,03015805
-0,0008589237
-0,009297242
0,01111809
-0,01564286
0,02385896
0,02765577
0,001286732
-0,03448236
0,02012003
0,009890524
-0,009692772
-0,02569903
-0,04323285
-0,01877438
-0,08153809
-0,04893624
-0,04743528
-0,01290105
-0,03408496
-0,0671877
-0,09032847
-0,0613736
-0,115991
-0,07819143
-0,09643407
-0,07883378
-0,07690769
-0,01312227
-0,05734812
-0,1001941
-0,1172456
-0,07576542
-0,04179962
-0,06842779
-0,03445503
-0,01979232
-0,01519796
-0,04423941
-0,05060245
0,009914304
-0,02970129
-0,0498157
0,0008038923
-0,02208874
-0,01531408
-0,01750524
0,0157425
-0,02527986
0,01269489
0,01512383
-0,02444392
-0,02055016
-0,01814361
0,02423327
-0,027195
-0,01106292
-0,01734468
0,007410481
-0,001523854
0,008009729
-0,007620635
-0,07072417
-0,03375588
-0,04205852
-0,05119391
-0,09859175
-0,04651896
-0,03005009
-0,03135853
-0,01782486
-0,09670129
-0,1021557
-0,02755201
-0,05952774
-0,1412487
-0,08996013
-0,1103805
-0,05195649
-0,1133453
-0,1142456
-0,09063902
-0,06156413
-0,02577842
-0,08384817
-0,07283679
-0,0825908
-0,006816983
-0,0288851
-0,0466277
-0,05087342
-0,04404699
-0,008137223
-0,0007992043
-0,01700222
-0,01834807
-0,004353561
0,005979776
0,005900432
-0,02880809
-0,009892857
0,01129585
-0,02107873
0,02858469
0,02559801
0,01535381
0,02987758
-0,008043107
0,003145986
0,004929039
-0,01188403
0,01581877
-0,0149434
-0,03583395
-0,01334662
-0,01382433
-0,02939002
-0,04664171
-0,06570527
-0,0277339
-0,1066932
-0,08470149
-0,06378073
-0,06674615
-0,02557818
-0,09328385
-0,05054891
-0,06948746
-0,06843685
-0,08701722
-0,06425633
-0,02400655
-0,02728252
-0,08194055
-0,1388055
-0,07338108
-0,005142979
-0,03452358
0,01994983
0,0002116958
-0,03715661
-0,02327127
-0,0001610069
-0,04053632
0,03210007
-0,01698115
0,009455827
-0,006437159
-0,02873887
-0,002954207
0,01361358
-0,001763217
0,01421504
0,007111521
0,01806462
0,02333272
-0,02110516
0,009228402
-0,02380032
0,005482749
-0,001794998
-0,002027016
0,02061521
-0,0181721
0,02216125
-0,02125181
-0,03808118
-0,03689251
-0,03415076
0,0006667551
-0,01469035
-0,08544227
-0,08700754
-0,07477226
-0,04399883
-0,0673743
-0,08594359
-0,1043627
-0,07448009
-0,0713445
-0,02811011
-0,01126853
-0,0450699
-0,07319053
-0,0729591
-0,07178759
-0,05216689
-0,0414148
-0,007498182
-0,04020851
-0,01763129
-0,03726321
-0,049945
-0,03403932
-0,02326924
0,02206789
-0,03273342
0,01150563
-0,006496413
-0,005150911
-0,01402987
0,006976789
-0,01757346
-0,01361382
0,01254642
-0,0009710396
-0,01516224
0,008217389
-0,02313362
-0,006590532
-0,01367873
-0,02736657
-0,02050793
0,005221723
-0,0265046
0,01620621
-0,03905039
-0,006102284
-0,01354345
-0,01897155
-0,02974853
-0,01459105
-0,05774501
-0,05358489
-0,03467866
-0,03850442
-0,06322077
-0,03823332
-0,04799603
-0,06596088
-0,05758172
-0,02199477
-0,04269969
-0,0150102
-0,06972358
-0,01406241
-0,03519349
-0,04823614
-0,03300939
-0,03009357
-0,03631822
-0,01148569
-0,04285109
-0,02502679
0,0116828
-0,004816082
-0,025841
-0,01042676
-0,02670116
-0,01181449
0,01763853
-0,01536873
-0,02905711
0,01499305
-0,02049579
-0,007249468
-0,01703444
0,0297925
0,02703659
-0,01705158
-0,01631541
-0,01436388
0,01696775
-0,006793736
-0,03822282
-0,01276585
-0,01527575
-0,02842106
-0,005713735
-0,02359773
-0,022124
0,005874331
-0,02247658
-0,004332344
-0,01311066
-0,01094923
-0,008202468
-0,04940888
-0,03397204
-0,02022748
-0,05751102
-0,006744249
-0,004251379
-0,02616969
-0,01040058
-0,05395775
0,0002361146
0,01579842
0,01073528
0,008590076
0,00588698
-0,008495738
-0,02682392
-0,03012123
0,01513137
0,0130838
0,007772208
0,0007127734
-0,01859899
-0,009151206
-0,03069752
0,02632492
0,01469054
0,01544683
0,02036241
0,02621268
0,01983643
-0,001224503
-0,02538306
-0,007762048
0,002989547
-0,02573864
0,005524052
-0,02669214
0,01881184
-0,01463915
-0,002598612
-0,005692226
0,01099738
0,01772438
-0,009439573
-0,009626051
-0,01041792
0,0250414
0,004238093
-0,04496745
0,001213872
-0,03508448
-0,01408771
0,005335317
-0,03979234
-0,03224188
-0,002458707
-0,05440531
0,001591318
-0,02365488
-0,03026763
-0,02760114
-0,0006000215
0,01552161
-0,01550265
-0,007282033
0,01835524
-0,004954126
-0,02014083
0,00234462
0,01886316
-0,02356171
-0,01477908
0,0009407052
-0,01636142
-0,01377335
0,01168907
-0,01100416
0,01843413
0,001516414
0,005877444
0,02419256
-0,02552543
0,01779645
-0,01819403
-0,0006759154
0,01838606
-0,02390619
-0,01802249
-0,0240431
-0,02011614
0,003953518
-0,01894578
-0,007149934
-0,02319798
-0,0133004
0,01922265
-0,02730788
0,00744137
-0,02336771
0,004447307
0,01069317
-0,009099913
-0,03398424
-0,0284129
-0,004335695
-0,04075159
-0,03455048
0,006569579
0,01685796
0,004175106
0,00281247
-0,01682754
-0,01026158
0,01999523
-0,01408654
-0,02983216
0,01677659
0,005072471
0,01807234
0,003809703
0,01259242
-0,01709002
-0,02720737
-0,009025503
-0,01419198
0,02413287
0,01957876
-0,009690239
0,02167271
-0,003072863
0,01039033
0,0116316
0,008421428
0,02139192
0,01296055
-0,0131083
0,02726349
0,005308517
0,002821434
-0,006083769
0,008419545
-0,004930719
-0,00523446
0,001440574
0,006653438
-0,006506796
0,02547911
0,007057338
0,02349638
-0,01175952
-0,03121222
-0,004479294
0,02034428
0,003532374
0,02798215
0,004937372
-0,002282414
0,01377793
0,02423381
0,01295106
-0,01444658
0,02082147
0,02360134
-0,00607816
0,03040151
0,0222695
0,003624477
-0,0009302744
-0,02270941
0,02981229
-0,02634723
-0,01698616
-0,02687562
-0,006421672
0,02621226
-0,01012469
0,01958247
0,001539415
0,01195639
0,02215882
0,03056914
-0,01678238
-0,004359893
2,363045E-06
-0,003861287
-0,01507436
0,02216508
-0,02719507
0,02284116
-0,02871947
0,01268129
-0,01936158
0,01025545
0,01983964
-0,02075751
0,02119387
0,0005407984
0,02922764
0,001625333
0,01722156
0,01959141
-0,005618072
-0,001025227
0,02497972
-0,0137999
0,01695755
-0,01106869
-0,006669805
0,007738318
0,007525201
0,02121918
-0,02650515
-0,02500631
-0,02583315
0,01524154
-0,02760214
-0,006887025
-0,007267638
0,02915547
0,01450061
-0,02984729
0,001633356
0,007184465
-0,02508287
-0,01323713
0,02409986
0,004198118
-0,01566312
-0,01573445
-0,02532897
0,01945387
0,01964367
0,02877071
0,02482561
-0,02833951
0,00586064
0,01504346
0,0001732188
-0,01778568
0,008035963
0,0231782
-0,004435542
-0,006810206
-0,01591956
-0,01814492
0,01045101
-0,0244533
0,004247166
-0,02495965
-0,02286598
-0,001962448
-0,02208273
-0,02893233
0,0188773
0,01695365
-0,0116513
0,01750388
-0,006670313
0,008577966
-0,006247399
-0,01545789
-0,02183213
-0,01791377
0,0053437
0,02011948
-0,02817302
-0,02548658
-0,01918411
-0,02695334
-0,02111837
-0,0119112
0,0239372
-0,01926073
-0,008976838
0,02198846
0,005075297
-0,02142177
-0,006777209
0,02367841
0,006814126
0,0185121
0,02999097
-0,02039111
-0,02265596
0,007169695
0,01144466
0,01822013
-0,02058864
-0,02274843
0,01343857
0,01836027
-0,00903171
0,02140349
0,0186688
-0,006193691
0,01517616
-0,01664067
0,01820122
-0,005427587
-0,02004569
0,005942808
0,0251453
0,001524864
0,02612524
0,01914454
0,004634129
0,02790247
0,01102397
0,02802298
-0,01748693
-0,01980125
-0,005124187
0,0007665636
-0,02762004
0,006246357
-0,01512709
0,02897889
-0,02506714
0,02891845
-0,02142367
-0,01587636
0,02581953
-0,02643304
-0,009813052
-0,008861392
0,02773025
-0,02744662
-0,007270624
0,0278854
