0,02030571
0,02020801
0,003112592
-0,02378713
0,01053687
0,005965954
-0,02944911
-0,0008495955
0,02237751
0,006115591
0,02922892
0,005243166
-0,0106685
-0,02840894
0,005065042
-0,0290726
-0,004134386
-0,0154373
-0,008708443
0,01510919
-0,02394911
-0,004087047
-0,0006836141
-0,02065318
-0,0102127
0,01921396
-0,005519174
0,01848657
-0,004948264
-0,02520998
-0,006678911
0,01699781
-0,01449241
-0,02469784
0,01733938
0,02363185
0,008254268
-0,01884244
0,006275023
0,02477652
0,009836429
0,01784507
-0,02264924
-0,00660663
0,02202954
0,03058383
-0,02924763
-0,003867424
-0,02019227
-0,02639459
0,01856556
-0,008209765
0,003633429
-0,02157415
-0,0234061
-0,005518962
-0,00911416
-0,006287451
0,01701555
0,02198739
-0,01849533
-0,01733152
-0,02589445
0,01766723
-0,01717909
-0,01770511
-0,01023572
-0,01593115
-0,0151053
0,01203968
-0,006724322
-0,01529985
0,00886898
-0,002897584
-0,02470949
-0,0111724
-0,01140425
-0,02402789
-0,01203663
-0,01015407
0,01851295
0,0290437
0,008794738
-0,008566713
-0,01321773
-0,02847431
-0,01673057
-0,02295985
0,02934571
-0,007077037
0,0027875
-0,01549515
-0,005251728
0,0149902
0,01333291
-0,00283493
0,01370987
-0,009679
-0,01943993
0,009739542
0,01083933
0,01730175
-0,01877127
-0,001512139
0,01102738
0,003815197
0,01359722
-0,02345177
-0,0268421
0,01847179
-0,02404134
-0,01494594
-0,02410555
-0,002717365
-0,02657624
-0,01689377
0,004586459
0,0133541
0,0008607288
-0,01866817
0,02957359
-0,01734897
-0,01471323
0,02254856
-0,02077539
-0,02118361
0,02056956
0,02448032
0,01431631
0,008648228
0,005684508
0,02895123
0,026039
0,008661216
0,009565423
-0,02874218
0,01765997
-0,0197199
0,01112676
0,01354644
-0,0113904
-0,02320498
-0,02606748
-0,01900788
-0,01293795
-0,0122456
-0,02136659
0,02811825
0,01158927
0,0002477256
0,02318737
-0,02962667
0,02009123
0,03004161
0,01077162
-0,001654657
0,002114661
-0,01058286
-0,01073261
0,002292043
0,0139417
0,01970863
-0,007199325
-0,004946904
-0,01725405
-0,02247497
-0,01048492
-0,002322834
0,01834153
-0,02773833
-0,003997714
-0,005784687
-0,02785169
0,01792879
0,02332348
0,02272733
-0,02125003
-0,02561481
0,005614876
0,02226619
-0,02983773
0,02306646
-0,01725008
-0,01608467
0,01604595
0,005399637
-0,02131916
0,02662503
0,0285395
-0,01869407
-0,0001869883
-0,001570837
0,02162647
-0,02112448
0,03017329
-0,0005242239
0,01455941
0,009505977
0,02899715
-0,02049599
0,02881429
0,01158519
-0,02011326
0,009328744
-0,02557184
-0,0008433439
0,02881445
-0,02805798
-0,02340177
0,01891983
-0,01044081
-0,002381475
0,01440662
-0,002272161
0,002231878
0,02153659
0,006838321
-0,02136085
0,009467283
0,007881758
0,02957955
-0,006574634
-0,0003229517
0,00688037
0,003148813
0,0281833
0,003389916
0,02400754
0,01862384
-0,005898688
-0,02204625
-0,0002285401
-0,02440003
-0,004419877
0,02346042
-0,01114777
0,01308277
0,003991581
-0,02020328
-0,01291059
0,007052025
-0,02354351
0,0199971
-0,02010662
0,02248383
-0,02802742
0,01449596
-0,005976772
0,007526831
-0,02121099
0,02344032
0,005991325
-0,02994501
-0,009249539
-0,01963891
0,005128377
-0,01796352
0,003773205
-0,0234324
-0,02298844
0,02649923
-0,02496439
-0,01572737
0,0130781
0,010243
0,02029478
-0,008341759
-0,01141133
0,004506643
-0,01716922
-0,02176243
-0,0272323
0,02892147
-0,007850063
-0,02893179
0,02318169
0,00395813
-0,0106223
0,0150386
0,001732803
-0,01710529
-0,02062159
-0,01356922
0,009256274
0,0006040209
0,002581079
-0,0003600466
0,01515287
-0,01507898
-0,01167527
-0,02296856
-0,02038498
-0,002068259
-0,02680335
-0,008504254
0,002002629
0,02247213
-0,0232155
0,0002427977
-0,02765031
0,01084982
-0,003800045
0,02001584
-0,005437733
-0,02971709
0,02081664
0,007388439
0,008684561
-0,009642808
-0,0115101
-0,02870835
0,02304267
0,01930808
0,005778651
0,02357488
0,01694777
0,0189097
0,005329486
-0,01777865
-0,02227847
-0,009550209
0,006968904
-0,02714717
-0,01352209
-0,02325542
0,03001566
0,005379642
0,02641165
-0,02920924
-0,0005166231
-0,02998564
-0,003511654
0,01943308
0,01190623
0,01991198
0,0174999
-0,01026283
0,0219377
0,008698785
0,01030362
0,02623279
0,02199013
-0,004750467
0,02763051
-0,01300167
-0,01521691
-0,009348949
0,02246449
-0,01993531
0,004872812
0,01342578
-0,01308929
0,02494734
-0,007440566
0,01239707
-0,02598624
-0,007544243
0,003768201
-0,01197358
-0,02909205
-0,01524619
0,01171306
0,008310391
0,02151127
-0,0121298
0,004642742
-0,02701935
-0,02329781
0,01562335
-0,02494988
-0,002484164
0,02759151
0,02757525
0,003053137
-0,0175655
-0,0002430217
-0,01852497
-0,02367425
0,02918812
0,0220356
0,008715025
0,01300333
0,01527095
-0,004016676
0,01621808
0,01328113
0,001967369
-0,003239097
-0,03042106
0,01605259
-0,00524774
0,01553951
0,003186192
0,007454478
-0,004798112
-0,01573065
-0,01580646
0,004387861
0,009487125
0,01250563
-0,01838727
-0,0160912
-0,02323705
-0,02575058
-0,02256484
0,01594515
-0,01044368
-0,00755241
-0,020713
-0,01732147
0,02234697
-0,01422714
0,005216955
-0,001862816
-0,006177939
0,002314575
0,02642504
-0,01849266
-0,02502926
0,004727858
-0,02732146
0,006073675
-0,02324116
0,0296864
0,01129552
0,01290879
-0,006156721
-0,009956446
-0,02321536
0,02776422
-0,0147798
0,00770641
-0,002690541
-0,01435803
0,009365988
-0,006551269
0,005479253
0,01142091
-0,01191957
-0,03117718
-0,006251197
-0,02040992
-0,01354269
0,01725953
0,02498435
-0,02166609
-0,01950302
-0,02444855
-0,01642659
0,02302499
-0,01139801
-0,0269122
-0,0001637014
-0,02551711
0,009635226
0,005979268
-0,02325808
-0,02265593
-0,006692111
-0,005522107
-0,008848425
-0,03086339
-0,01518875
-0,01854536
0,02894181
-0,01566311
0,01925237
-0,01231856
0,01795956
0,02894618
0,0272657
-0,01606859
0,02230097
-0,02569131
-0,01934074
0,02344721
-0,01198574
-0,009826119
-0,02560762
0,00295475
0,002426266
-0,01147618
-0,02409749
-0,01608346
0,009261162
-0,01941242
-0,02281395
-0,008131986
0,006823815
-0,02685321
-0,01362271
-0,002012306
-0,01237831
0,02441983
0,008912799
-0,005801719
0,02500905
-0,02548325
0,01863102
0,009811192
-0,01122235
0,02272688
-0,01191629
-0,01569548
0,02632457
-0,0263168
-0,01884834
-0,005458265
0,0252636
0,01630599
-0,01427855
0,0169325
-0,02761304
0,02030153
0,02239205
-0,02695303
0,0230746
-0,0306088
0,002165197
0,015482
-0,02494084
-0,00395367
0,009529814
0,01278202
0,01212998
-0,002228218
0,02660552
0,0281314
-0,004240424
0,0163492
0,02817862
-0,01675323
0,0008700321
-0,004761843
-0,01674506
0,008882401
-0,02945699
0,02254743
-0,01292497
0,004248426
-0,03072877
0,01304268
-0,001917002
0,0202844
0,01832478
0,001160877
-0,004616644
-0,002778479
-0,0292058
0,004687897
0,000413228
0,02432787
0,001973832
-0,02905115
0,002589555
0,02103094
-0,01906503
0,002959304
0,003339796
-0,001700496
-0,02343367
-0,0181815
0,02814088
-0,02347838
0,01761802
-0,02890161
-0,01577642
0,006982007
0,005059145
-0,01826646
-0,02966238
-0,03122004
0,009721418
0,02610068
0,01458533
-0,00807411
0,02847278
0,01882776
0,0241211
-0,02144189
-0,0288255
-0,002464224
0,02571872
0,02142739
-0,01279577
-0,02600395
0,01210161
-0,0001978131
0,02178419
-0,008581545
-0,002916939
-0,003994929
-0,01128844
0,02023434
-0,001262966
0,01879236
0,01553582
-0,008823724
-0,02813177
0,01652711
-0,01445718
0,01768524
0,02133169
0,0170846
0,001652472
-0,001324041
-0,01851387
0,003885506
-0,01508494
-0,02106835
0,02229624
-0,009075434
0,008349122
-0,009535582
-0,00613518
0,006465025
-0,01598032
-0,02554109
0,01884346
0,01279994
-0,01430646
0,01215378
0,01352347
-0,01838142
0,01353448
0,003710337
0,0100127
0,01974385
-0,004317394
0,02569095
0,006363734
0,005798344
0,01596336
-0,02099323
0,02576401
-0,01509539
0,008403388
-0,0209593
-0,009962722
0,018628
0,02347158
-0,02282256
-0,01473588
0,01359977
0,001090094
-0,02295751
0,01930945
0,02812375
-0,00490268
0,02104304
0,002758424
0,009509481
0,001082193
-0,01239936
-0,002114376
0,001703763
-0,02820284
0,006962274
-0,03035636
0,02393561
0,01535841
-0,0118002
-0,02478345
-0,01382182
-0,001133658
-0,01804977
0,0004028721
-0,003337203
-0,006814388
-0,02285004
0,02593633
-0,02788
0,01212301
-0,03097558
0,0172562
-0,02416053
-0,004538582
-0,0324108
0,01025541
0,008228215
0,0158139
0,01273299
-0,005304234
0,006726634
-0,00570031
0,02936227
-0,02359957
-0,001289883
0,01299516
-0,006374475
-0,01795466
-0,02930143
-0,02040575
-0,004453414
-0,02859612
0,003943812
-0,0274644
0,02865178
-0,01710282
-0,01347865
0,004402946
-0,009146682
0,002103359
-0,01485967
0,02200918
-0,003069022
0,02416287
-0,000679076
-0,004121814
-0,0155479
-0,02938729
-0,03206155
0,02226646
-0,01078478
-0,02515908
-0,03009938
0,0212943
-0,003466715
0,02039306
0,000563279
-0,02446273
-0,03000275
0,01290245
-0,033184
0,02227964
0,02459963
0,02270126
-0,0128143
-0,0326514
-0,01474157
-0,02370818
-0,002582721
0,01842559
-0,004692436
-0,02619772
-0,004743515
-0,01791076
-0,01820338
0,01647321
0,02694331
-0,02614037
0,00873606
-0,02539809
-0,003730384
-0,006769337
-0,01599588
-0,02108446
0,01982954
-0,01118645
0,03032869
0,01133724
0,005027813
-0,02394454
0,01124955
-0,02041441
0,003400962
0,005061467
0,0006604989
-0,01137231
0,02401381
0,001668397
0,004491323
-0,003486292
-0,02337212
-0,0240566
-0,0006405108
-0,02153181
-0,004444735
-0,01687239
0,01039375
0,01822007
0,005785015
0,007166765
0,02000259
-0,008133241
-0,004242576
0,0252991
-0,01335762
0,003357723
0,01001683
0,01547317
-0,02876167
-0,03205686
-0,03244198
0,0052563
0,002975515
-0,00577586
-0,02240558
-0,01305574
0,001879428
0,02144826
0,01228615
0,02237028
0,02173188
-0,003140006
0,001038769
-0,01874218
0,02805397
-0,01073163
0,02251327
-0,02735515
0,01210959
0,003889811
0,007786892
-0,01942154
-0,02868388
0,02482525
-0,01774954
-0,01510057
0,01155117
0,006307804
-0,0139962
0,02105915
0,005187146
-0,02475598
-0,005568444
0,002865379
-0,004561115
-0,001141046
0,00127518
-0,02816411
-0,03274579
-0,02643782
0,0068098
0,01472545
-0,02771038
0,01416668
0,01771113
-0,00663765
0,01974944
-0,01768902
0,02522037
-0,03491589
0,01257485
0,007182626
-0,02665081
0,00204639
-0,006820108
0,02005741
0,006053817
0,01017262
-0,01905096
0,02304699
0,0070402
0,0284636
0,005979766
0,02141364
-0,0122164
0,01558088
-0,0297203
0,02695116
0,01354635
-0,003359611
0,01555531
0,01612904
0,03091252
0,00414717
0,02147956
0,01945032
-0,02584553
-0,01553448
-0,0265701
0,01488054
-0,01227351
-0,007353457
0,005685124
-0,01445581
-0,02659859
0,02341643
-0,03422532
0,02020024
-0,02448647
0,003344733
0,02063328
0,01913888
0,01698764
-0,02685479
-1,188656E-05
0,0109097
-0,02494122
-0,01923297
-0,006424101
-0,03067841
-0,006967732
0,02724401
0,00333399
0,000830432
-0,01608892
-0,03105649
0,009583742
0,002406705
0,01029492
0,004456164
0,01582296
-0,008334838
0,005713535
-0,002451609
0,004640082
-0,01775742
-0,008199583
-0,01011735
0,01530359
-0,008850801
0,01478129
-0,02276365
0,0148843
-0,02402474
0,001483532
0,02102828
0,0221632
0,01963229
0,02718232
-0,02539437
0,003750086
0,01722675
0,01401387
0,02985098
-0,01467238
-0,0138216
0,01691175
-0,03019752
-0,03261391
-0,02858662
-0,01854635
-0,009547247
-0,02471441
-0,0007364185
0,01450137
-0,003808132
-0,01891041
-0,007642679
0,0001939445
-0,01264873
-0,0106592
0,01921199
-0,001162255
-0,02456184
-0,01203211
-0,0115704
-0,01803145
-0,002417855
-0,02954701
-0,006743954
-0,02289734
0,0198505
0,006390313
0,004959071
0,02953226
0,02713262
0,007322574
0,006290252
-0,02023097
-0,01562958
-0,007913975
-0,01101684
-0,01194554
0,009297998
-0,02485298
-0,01102311
0,02660549
-0,02280371
-0,01997755
-0,03343311
0,001831195
-0,004575943
-0,0153238
0,006079683
0,01235561
0,009586177
-0,01754754
0,001662859
0,006770247
0,02237743
-0,03169569
-0,0153249
-0,03564662
0,001855335
0,02166003
-0,01251837
0,01117278
0,0003627605
0,0007102327
0,02122618
0,02090689
0,008068611
-0,01622243
-0,01154288
0,02804677
-0,02886583
0,002133022
0,02084351
-0,02861157
-0,03069123
-0,005209659
-0,02516012
-0,01445134
-0,02931097
0,01970762
0,01112491
0,005216412
0,02962201
0,02232073
-0,01303843
0,007992908
0,03019152
0,02571617
-0,01775398
-0,02153919
-0,02756797
-0,01264839
0,008472307
0,008956703
0,005884529
-0,004304714
-0,01460618
0,000843307
-0,01472046
-0,02920667
0,0160719
-0,02567481
0,01756554
0,002388543
0,002912107
-0,03073632
-0,008581315
-0,0007854089
0,0002382747
-0,007896964
-0,04282475
-0,03589527
-0,03788172
0,01188868
-0,0173795
0,01800797
0,01646614
0,0117851
-0,01257935
-0,01502927
0,02348837
0,01340192
-0,02774366
-0,01867573
0,0281567
0,01814552
0,02402817
-0,02083979
-0,004748397
0,002203715
-0,02246957
0,005427587
0,02947887
0,02712194
0,02730188
0,0001677869
0,01099017
-0,008091852
-0,01691879
-0,02055945
-0,01872189
-0,003092137
-0,01467957
0,008004345
-0,02485256
0,02317384
-0,01519642
0,01988612
-0,01035287
0,0122758
0,001719955
-0,003763597
-0,02710692
0,02065656
-0,02919172
-0,03042147
-0,02862813
0,001396323
-0,002904202
0,009871325
-0,03080479
-0,02446772
-0,03131266
-0,03130414
-0,01152313
-0,008297266
-0,02786944
-0,03050781
0,02012455
0,01541472
-0,02257815
-0,004400031
0,0007004799
-0,02070667
-0,02343492
-0,0007145932
-0,001077243
-0,005745674
-0,02514817
-0,02708774
0,001104039
-0,02796805
0,01794718
0,009029224
0,02390899
0,005415988
-0,004368081
-0,02926259
0,01803536
0,01943644
-0,006401403
0,0291339
0,01328994
-0,009375206
0,02556443
0,0259491
-0,01302253
-0,02462261
-0,01841789
0,008827798
0,01489225
-0,02281597
-0,03514459
-0,001634119
-0,003426069
-0,02983805
-0,03888693
0,01711593
0,009387028
-0,004714762
-0,005380342
0,0008644962
-0,002609585
-0,0004413148
-0,01342782
-0,02130141
-0,004966557
-0,003464294
-0,01895327
0,01817702
0,02912464
-0,02701203
-0,01789429
-0,0304467
-0,007033549
-0,01970362
0,01394783
-0,02123784
-0,01549045
-0,01736301
-0,01949507
-0,008773029
-0,01923778
-0,007643437
-0,01681755
-0,01167658
-0,02848732
-0,019719
-0,02927535
0,01434907
0,005544183
-0,002320169
-0,02204741
-0,02330594
-0,01747429
0,01049515
-0,01043047
-0,02627311
-0,03227646
0,01190352
-0,01096084
0,01355542
0,0183645
-0,01374841
0,005602251
0,003428779
0,01600014
0,01858319
-0,02928183
-0,01787256
-0,01802918
0,0118438
0,003124647
7,532458E-05
-0,007317322
-0,01680074
-0,002919772
-0,02085143
-0,01192273
-0,03004038
-0,02441927
-0,01575466
-0,006241668
-0,001406939
-0,01571355
0,001010074
0,02604198
-0,02290876
0,01839142
0,01180834
0,01802276
0,007057625
-0,02179083
-0,0008919906
0,01719803
-0,008235993
-0,003457048
0,01591884
0,008608285
-0,0007669165
-0,007861494
-0,02775333
-0,03024228
0,007702747
-0,01158466
0,0120481
0,01259381
-0,002631229
0,00497822
0,0231629
-0,02593587
-0,028076
0,007578676
0,02015064
-0,001802668
-0,03082414
-0,01979638
-0,01689958
-0,03247878
-0,03152683
0,006927216
0,007743212
-0,02983393
-0,01074971
-0,002475168
0,01353828
0,008057606
-0,01990378
0,0183255
-0,02519438
0,01773062
0,01190425
0,001974574
0,02135958
0,008629038
-0,02545926
-0,01473369
0,01780384
-0,02019373
0,0005503158
0,01636711
-0,005830784
-0,0001333522
0,02166761
0,001090095
0,009138361
0,02062191
-0,02264306
0,02198355
0,008116229
0,02902811
-0,02934288
0,00590754
-0,004751094
0,007765163
0,001272741
0,01759756
-0,004224715
-0,0348384
-0,001534929
-0,0353073
-0,005239358
0,003527268
-0,007429015
-0,03201969
-0,01224368
-0,006578253
0,01343246
-0,02083067
-0,008453621
0,01141705
-0,005986297
-0,02347737
0,0001019557
-0,01429016
-0,01379705
-0,01733867
-0,01599569
0,02419966
0,02596187
0,02529855
0,002321542
-0,01154581
-0,01924657
-0,02286265
0,01580641
-0,02513749
-0,02377446
-0,01756592
-0,02333934
-0,01828223
0,01440972
0,01707839
0,008703322
-0,00089963
-0,01430376
0,01350779
0,02972863
0,01323605
-0,02680992
-0,02701081
0,02740429
0,01740886
-0,01339458
0,0127632
-0,007880779
0,01439517
-0,0357055
-0,03252615
-0,01853507
-0,02260437
-0,002805927
-0,005242429
-0,03587245
-0,005569909
-0,01110997
-0,03333528
-0,01454803
-0,01936591
-0,02239998
-0,01720459
-0,01295171
0,001779826
-0,02482339
-0,01846362
-0,02805143
0,01419325
0,001486143
-0,02458228
-0,02330558
0,008753655
-0,01276621
0,002106988
0,02305706
0,02252688
0,02627656
0,01134214
-0,03045161
0,0003197308
0,01503752
0,02822829
-0,02451329
-0,02531361
0,02612088
0,0221423
0,007185302
-0,01918001
0,01296329
-0,02844023
-0,03028893
-0,02499251
-0,01341696
0,004963714
-0,01164562
0,009374768
0,005311538
-0,01375183
0,003214081
-0,03340724
-0,0004468871
0,0004682661
-0,02577967
0,01174057
0,01244843
-0,003388758
0,01386991
0,01797555
-0,006293717
-0,03455587
-0,002006546
0,009776395
-0,02902223
0,01636317
-0,002752361
-0,01621206
-0,02210913
-0,01246284
0,009345749
-0,01392814
0,01107234
0,0273907
-0,02882399
-0,0007912138
-0,02344178
-0,02830827
-0,008540804
0,01204664
-0,0182933
-0,01842827
-0,01380523
0,008173827
-0,02605386
0,02830544
0,02611021
-0,02134088
0,01536436
-0,01622248
-0,01848373
-0,01198219
0,02618306
0,007066528
0,001992909
0,001472678
-0,006972949
-0,01953344
0,02430912
-0,01267309
-0,03561589
-0,03461078
-0,009043456
-0,02143641
-0,003813271
-0,01946737
-0,02186146
-0,004350074
-0,008742085
-0,000783367
-0,001857957
0,006123002
-0,02744985
-0,02517616
0,01018535
-0,01295329
0,01556425
0,02317796
0,00640831
-0,02455312
-0,0353641
-0,003479457
0,0072697
-0,02957409
-0,02215366
-0,006616479
-0,007547481
-0,02556736
-0,005589417
-9,847039E-05
-0,02443468
0,02394664
-0,02319092
-0,02749473
0,01247841
-0,01764037
0,01447712
-0,02959849
-0,02740293
0,01497627
0,006966307
-0,01082858
0,006115377
-0,02752082
-0,001795303
-0,01069369
-0,02894497
0,01045738
0,01498819
-0,02936888
0,004316506
-0,008142436
-0,002927039
0,008851212
-0,01688848
-0,006132714
-0,01729083
-0,01307514
-0,03723194
-0,03519974
0,01322781
-0,02620159
-0,03254046
-0,04159829
-0,006554325
0,01130658
0,005366044
-0,02453926
-0,005193985
-0,002697643
0,008582853
0,02148789
0,025751
0,0271161
0,001603662
0,01046712
0,0201843
0,004205925
-0,0002118
0,01736213
-0,01055032
0,009225057
-0,0143644
-0,01037203
0,02086111
0,0105608
-0,009064257
-0,008586893
0,01372622
-0,01917754
0,01978656
-0,01277973
0,02481125
0,02022993
0,01643741
-0,01179328
-0,02453177
0,002282898
-0,005653649
0,007478641
0,005549562
0,01947084
-0,02526359
-0,02360578
-0,01363772
0,009668784
-0,008052158
-0,003649026
-0,03108721
-0,003045301
-0,000320857
0,003368498
0,01252261
-0,02531159
0,00856478
-0,02303704
-0,03717715
0,01700958
-0,02514973
0,01918226
-0,005061358
-0,01056533
-0,003845939
-0,01152648
0,01458439
-0,006207935
0,02784376
-0,0269599
-0,02191264
-0,01812679
0,002082645
-0,01548951
-0,02405801
0,01971169
-0,02261453
-0,003678533
-0,003568354
-0,02847144
0,02601159
-0,02726849
-0,02071776
0,01331918
-0,02160354
-0,02779329
-0,004362361
-0,03213986
-0,01158099
0,00451874
-0,03317065
-0,0037827
-0,01377992
-0,02100761
-0,01201633
-0,005438309
-0,02535984
-0,02011105
-0,01310087
0,01456276
-0,01185656
0,01653881
0,007376434
-0,01700279
-0,01524849
0,01743581
-0,03353167
-0,01069024
0,006853535
-0,03061559
-0,02427133
-0,0116819
0,01739941
0,02902978
0,02558684
-0,02428023
0,01326058
0,01515222
-0,01796501
-0,00656008
0,02281664
0,01312367
-0,028588
-0,0110707
-0,02892715
0,007647729
0,0220996
-0,01412031
0,01943145
0,001464225
0,006143872
0,01899732
0,03065312
0,002695086
0,00172893
0,02328265
-0,01923074
0,01080046
-0,01779929
-0,02402945
0,02422589
-0,03540122
-0,01615327
-0,02159334
-0,009871408
0,003188684
0,004107549
-0,01597975
-0,02056712
-0,02285339
0,009747837
-0,01529087
-0,03557694
-0,04107847
0,0191258
0,006068513
0,02012622
-0,003189096
-0,008700751
0,01565667
-0,02897472
0,01548237
0,005790794
-0,02083677
-0,000492165
-0,01042663
-0,00632823
-0,01367577
-0,004558346
-0,02922335
0,02502194
-0,02940856
-0,001483137
-0,02934874
-0,005186811
0,02189144
-0,005318796
0,01732675
0,02128171
-0,00852252
0,02731281
-0,0008867778
0,02593978
0,0008647859
0,01068171
-0,02470613
0,009996703
0,02525317
0,001203322
0,01457677
0,02517707
0,008860546
-0,01719238
-0,01297276
-0,03400828
-0,02747166
-0,01403241
-0,03041369
0,004865504
-0,0356723
-0,02751325
-0,01848927
0,01696511
-0,02022814
-0,01687118
0,008470153
0,02235838
-0,02946267
0,0005800465
-0,029827
-0,01479091
-0,02473407
0,007264655
-0,02872967
0,02229932
0,006443585
0,02339139
-0,02513292
-0,002673602
-0,008089127
0,0101192
-0,004102319
0,01324941
0,008362467
-0,02775177
-0,01563012
0,01469591
-0,02603074
0,02822729
-0,01412022
-0,002262212
-0,01485753
-0,02904373
0,01386734
-0,02411989
0,001027615
-0,0002003442
0,002739148
-0,02479241
0,0210974
-0,0263299
0,001691801
-0,01410091
-0,01137579
-0,009895325
0,01042542
-0,03621311
-0,02682261
-0,0110839
-0,0174184
-0,02928279
-0,02727924
-0,001331345
-0,01782438
-0,0151107
0,01035966
0,002965991
-0,02072938
-0,02017896
-0,02840685
-0,0324157
0,02111794
-0,02515962
-0,01092172
0,008121185
-0,02623371
-0,02314195
0,02431633
0,02508523
-0,01083108
-0,0252388
-0,01122253
0,02837228
0,003210418
-0,01584807
-0,02440156
-0,02251247
-0,0113778
-0,01767822
-0,01466117
-0,01633927
0,0002426497
0,002550615
0,0004841019
-0,02963452
-0,02025108
0,0004051395
0,006555178
-0,01346181
-0,014626
0,02243317
-0,02078489
-0,01886824
0,02495975
0,01701578
-0,02540085
-0,01311173
0,01733586
0,003979958
-0,02101674
-0,004312724
-0,0370214
-0,02399176
-0,03169696
-0,01964599
0,01627362
-0,01984402
-0,0304104
-0,02960785
-0,01771789
0,005392244
-0,01187373
-0,02498128
-0,02995615
0,02394553
0,002230594
-0,008679659
0,003849309
-0,01258113
-0,002760433
0,0005579898
-0,0008548776
0,005948434
0,006678616
-0,00599
0,02071479
-0,02648171
0,03006389
0,01309163
-0,02829237
0,008582761
-0,02141279
0,001880824
0,01993685
0,005495218
-0,02499579
-0,02116681
-0,01099605
-0,01939096
-0,0247276
0,0214461
-0,007840546
-0,0042595
0,02453147
0,003984805
-1,915603E-05
-0,02993196
-0,0260061
-0,03875037
-0,02737838
0,005134927
0,01084767
-0,0025435
-0,02374624
0,01042241
-0,03195886
-0,00829233
0,005194842
0,01112328
-0,007175488
0,01551776
-0,01478967
-0,007404083
-0,02513742
0,008809503
-0,001412737
0,01530716
-0,01597363
-0,004620697
0,01630812
-0,01087535
-0,03130333
-0,009637532
-0,01883567
0,004492505
-0,02503228
0,0303287
0,007241719
0,02807453
0,01965097
0,01087108
0,01920068
0,02546033
-0,0071973
-0,01963473
0,01427852
0,0005422213
-0,01416268
-0,0319398
-0,006230019
0,007027416
-0,0009275945
0,0007598507
0,009603935
-0,02041548
-0,0004407577
-0,03471268
-0,01610115
-0,02488855
-0,03416366
0,005651797
0,01296898
0,007851525
-0,02097572
0,02002951
0,01126067
-0,005393008
-0,008822561
0,005458251
0,01075497
-0,02456225
0,02002347
0,009959246
0,02632318
0,01712325
-0,03195476
-0,007586821
-0,03023143
0,0230938
0,02411346
0,02700709
-0,00149996
-0,01741127
0,02997844
-0,02182564
0,01817619
-0,004809318
0,00666177
0,02292388
0,02932989
-0,02590204
0,00578314
-0,01292751
0,01794195
-0,03052957
0,01386067
-0,03012494
0,005316882
-0,006542119
-0,01263443
-0,0198328
-0,02898973
-0,0001731828
-0,01950881
-0,01861087
0,009682623
0,01257017
0,0003400591
0,01895616
-0,02445282
-0,03016335
-0,04336881
-0,01063063
-0,01792325
-0,0317081
-0,02095193
0,003113934
0,01194264
-0,02710531
-0,02394511
-0,009005868
0,02255807
0,002144859
0,01361803
0,01093195
0,001998298
0,002807405
0,02369216
0,02577972
-0,02890562
0,02773063
0,01352294
0,00317643
0,002518702
0,01061796
0,0214986
0,02351761
0,02722422
0,01205451
-0,008842106
0,02871061
0,01674658
0,008479534
0,00309883
0,01238423
-0,02913887
-0,02390105
0,02418336
0,003494796
0,005609193
-0,03469321
-0,02276151
-0,006380885
-0,01918181
0,02285888
-0,01527996
-0,003302042
0,01520687
-0,003721377
0,003818405
-0,03063838
0,01265027
0,002145732
0,0141997
-0,02278469
-0,01023805
-0,010242
0,02094144
0,006067678
-0,0156689
-0,008719975
0,01204591
-0,02575148
0,01588064
-0,01940753
0,006717982
-0,01509112
0,02768547
-0,03208372
0,006320382
-0,006529558
0,006612707
-0,01350026
-0,01437323
0,02831133
0,01282669
-0,01604394
-0,01328955
0,005362491
-0,009393089
-0,01184926
-0,02999368
-0,008949067
0,02440865
-0,02456032
-0,03102278
-0,02653003
0,01166383
-0,02038447
-0,02235439
0,001450242
-0,02134027
-0,02058392
-0,01796496
-0,02077897
-0,01891605
-0,03003927
0,002754113
-0,03716799
-0,02156084
-0,03817822
-0,007883867
0,01091732
0,01735336
-0,02159613
-0,004406486
-0,0003442258
-0,01021422
0,02215441
0,003646695
-0,01830189
-0,0227337
-0,01240659
-0,008629533
-0,02707386
-0,005312384
-0,007046806
-0,02216079
0,008628492
-0,02293003
-0,0007833814
0,0009354549
0,0170633
0,01717714
-0,02977451
-0,01836444
-0,006682499
0,0300148
-0,03012174
0,008581659
0,003285646
0,0008232449
-0,02011002
-0,01663425
-0,01582154
0,01391768
-0,02480343
-0,01306069
0,0002195584
-0,005026381
-0,01025161
0,007515698
0,009952339
-0,003108534
0,01815401
-0,0104725
0,01256783
0,01170814
-0,02675227
0,007923109
0,01428937
0,02030747
-0,04044135
0,01680423
0,008376844
-0,007363917
0,006474105
-0,03253832
0,02099954
-0,02743679
-0,0205097
0,00505044
-0,00781309
-0,01367439
-0,02620419
0,01436594
0,02908858
-0,02535794
-0,02532988
-0,01503517
-0,01420433
-0,02786644
0,00565516
-0,01973738
0,01269973
0,01761024
0,01371002
-0,01767153
0,01965818
0,003433019
-0,01052443
0,001147672
0,01361082
-0,01901852
0,01196137
0,002022251
-0,003310111
-0,02104467
-0,01139692
0,008565048
0,02421921
-0,03283096
-0,01336732
-0,01300366
-0,02073713
0,01178738
-0,01839201
-0,007346926
-0,009832256
-0,02897251
-0,01161906
0,005169896
0,0006798907
0,01804841
-0,01000712
0,008287416
-0,01700964
0,01552263
-0,02218794
-0,0342895
0,01585091
0,001881305
-0,01607335
-0,007181307
0,01767847
0,01097569
0,02277114
-0,01737645
0,00414403
-0,0005063081
-0,01615443
0,01526281
0,01368725
-0,004734951
-0,01213499
-0,01658871
0,01086238
-0,01914255
0,02369236
0,0253317
-0,001675089
-0,01694638
0,01275952
0,005245876
-0,02569347
0,004426247
0,01362988
0,01210131
0,002509379
0,01665336
-0,02386644
0,002247503
0,02246843
-0,01709265
0,01627181
-0,01130026
0,01117234
0,02136722
-0,002737272
-0,008200309
0,009930827
-0,04013345
0,01137808
0,01698255
0,01386964
8,071365E-05
-0,03669361
-0,01572098
0,004902212
-0,01786828
-0,02443418
-0,0215239
0,02560842
-0,01199562
0,002887147
0,004650348
0,02044971
0,007555316
-0,01332665
-0,01697211
0,02492029
-0,02188135
0,007329215
0,01375102
-0,01056281
0,008326421
0,01910279
-0,005561998
0,004251712
0,02288977
-0,00434373
0,01314592
0,004221247
-0,01207518
-0,0302382
-0,007691924
-0,01390804
0,009082196
0,005235017
-0,009173518
0,00171533
-0,007210557
-0,0294353
-0,01727283
0,005283097
0,02246907
0,002872003
-0,002100576
0,005888001
-0,02445171
-0,009335319
-0,03624414
-0,004351535
-0,02359588
-0,003716762
0,005071119
-0,01133211
-0,02370585
0,005137973
-0,01929106
0,01710635
0,003102121
0,01370445
0,0167645
0,02294493
-0,002733703
0,005172372
0,007672703
-0,01467581
-0,02294989
-0,01434615
-0,02289679
0,02916357
0,02405822
0,009971721
-0,000715585
-0,0256973
-0,009883106
-0,02736241
-0,009222643
0,02915826
-0,02021128
0,009634824
-0,01244509
-0,01420081
-0,01407559
-0,028759
-0,02060189
0,006023998
-0,01426272
0,02716728
-0,02291889
-0,03011565
-0,01219057
-0,0004351406
0,02160704
0,002490902
-0,02485221
-0,02061041
-0,02991449
-0,020909
0,02008267
-0,02388999
-0,009668939
0,01643601
-0,01269265
-0,02932933
0,01089314
0,006053145
-0,02801173
0,003683551
-0,02758055
-0,0237822
-0,012386
-0,01108551
0,009688264
0,02615172
-0,004398273
-0,002698607
0,003961649
-0,006441388
-0,007860749
0,02848393
0,0282737
-0,02062201
-0,02319131
-0,02566234
0,008007491
-0,009084467
0,01163262
0,01726064
0,01575679
0,02493416
0,02019126
0,02826668
0,02633198
0,01952514
-0,03074661
-0,01387889
0,02155385
-0,02656031
-0,01729954
-0,002301511
-0,004310166
0,004789798
0,01472669
-0,03920447
0,00559977
-0,03920702
0,01030598
-0,04159263
-0,02575731
0,007099689
0,002377971
0,003413398
0,01769553
-0,0381834
-0,0143764
-0,009515454
0,01566307
-0,01382774
-0,00102081
-0,008128213
-0,02949918
-0,01160876
0,02063811
-0,02194401
-0,01534474
-0,01118553
-0,01112381
0,01904056
0,02484907
-0,02428351
0,005117326
-0,00350606
-0,02506882
0,02172469
-0,002565766
-0,01215819
-0,0133891
-0,02482626
-0,01179703
0,00447888
-0,001767354
0,01200542
0,002602659
0,02820072
-0,0240024
-0,02941454
-0,0306275
0,02483054
-0,003953822
0,001024965
-0,007282319
-0,004585553
0,0005991302
0,01634005
-0,0101734
-0,02947357
0,007257033
0,002122398
0,005204898
-0,01623396
-0,003266993
-0,04278234
-0,0352088
-0,03193915
-0,02402359
-0,01486721
0,006299816
-0,02786536
0,001114473
-0,02961905
-0,02060239
0,0154001
-0,030698
0,02346328
0,02351499
-0,0124465
0,01560304
0,02238229
-0,02749056
-0,01696718
-0,01154653
-0,007408733
-0,009572559
-0,009224574
0,00903561
-0,02685471
0,01932009
-0,01971643
-0,01259891
-0,01626241
-0,001244558
0,004231884
-0,01049769
0,02374327
0,02343068
-0,004036948
0,004585271
-0,004755299
0,01240112
0,01177531
-0,01696887
0,01896101
-0,01376058
-0,01147026
-0,01523836
0,001768708
-0,01116835
0,0006819455
0,01838253
-0,03029691
-0,01946921
0,01731895
0,002078562
-0,007398991
-0,03014215
-0,01822907
0,005420141
0,009923393
-0,006282363
-0,02439446
0,0004953056
-0,0001906826
0,01504269
-0,01569511
0,002913646
0,005299138
-0,005253732
-0,02368834
-0,02956094
-0,001238394
0,01347757
-0,01003002
-0,02263824
-0,01191052
0,02477843
-0,00476339
0,0287671
0,02478494
0,02512806
0,02654341
0,0006474871
-0,02495053
-0,02027564
-0,02509194
0,02286254
0,004862352
0,02557053
0,01950543
0,01535905
0,00210058
0,008700069
0,01554766
0,02315904
-0,001926107
-0,02774483
0,0070989
-0,03488699
-0,03642081
0,009823884
0,00596654
-0,02420492
-0,01507375
0,001979702
-0,008737754
-0,009191653
-0,03512613
0,0136824
-0,01080129
0,00105369
0,006932763
-0,01382605
0,01458238
0,01665401
-0,0007789658
0,004554212
-0,005661195
-0,0100047
0,009443422
-0,0075083
-0,02861954
0,01286993
0,00587034
-0,01112968
-0,004704617
0,0140464
0,02217391
-0,00835498
0,000274586
-0,02554226
-0,02349596
-0,01212853
0,02085032
-0,02850026
-0,02438571
0,008951471
-0,0209938
-0,004110443
0,009320732
0,003290187
0,01837337
0,01174386
-0,001625985
-0,02200905
-0,0302337
-0,02276551
0,01773428
-0,03663855
-0,01622675
0,01875835
0,006542865
-0,01196385
-0,01369361
0,003143026
0,01004811
-0,03425334
0,0007009844
-0,02961362
-0,01665714
0,01384191
0,004512809
0,007649611
-0,01465184
-0,01485443
-0,003385199
-0,01016373
-0,003706374
0,01206288
0,008937122
0,01966678
-0,00331479
0,0306931
0,01011461
-0,02800339
0,0022028
-0,01392246
-0,02022034
-0,007656028
-0,02025859
-0,02161545
0,0154484
0,01714927
0,02295798
0,001276583
-0,01212201
0,009673808
0,02340128
-0,02461501
-0,0186634
-0,02872412
-0,03190511
-0,02744291
-0,02405415
0,01901211
-0,03517623
-0,02707679
-0,01419983
-0,02569573
0,001932878
0,005176852
0,007543812
-0,02618841
-0,01483979
-0,000893319
-0,006356318
0,005915262
0,00522374
-0,01241902
-0,01952491
0,0003675162
0,02307578
-0,01427749
0,02354024
-0,02311103
-0,03110333
0,017743
0,01573903
0,01471348
0,02692792
0,01845688
-0,001337809
-0,009895018
-0,001155278
0,005914099
0,01858302
-0,008833714
0,02029465
0,01563725
-0,03001647
-0,008993429
0,01744427
0,02311535
0,006790473
-0,006278323
-0,01127974
-0,001428925
-0,006616949
-0,01560584
0,02769848
0,0005050217
0,02207425
-0,004169721
0,01915678
0,003932619
-0,02941263
0,004804069
-0,0311817
-0,04017987
0,01105936
-0,03084554
-0,01739726
0,002711429
-0,01945772
0,02009201
-0,02150217
-0,01102533
0,006589878
0,01418525
0,01721473
-0,020184
0,0237938
-0,03269932
-0,00714556
0,02125111
0,01550808
-0,02932113
0,009400489
-0,001838242
0,01667109
-0,001457618
-0,005117555
0,0007858128
0,01597423
-0,005911157
0,02305184
0,02989787
-0,006318033
0,01771942
-0,003795037
-0,02763633
-0,02279153
0,0174869
0,01950172
0,01728832
0,02839155
-0,02652634
0,002653093
0,00780227
-0,02638235
0,01944368
0,01285269
0,001347926
-0,008459949
0,01076958
-0,00139522
0,01503638
-0,03541584
-0,03783336
0,01320252
-0,03771981
-0,03609447
0,002196689
-0,0244041
-0,01345655
0,008929661
0,01354876
0,01936862
0,02107433
-0,02895954
-0,01598167
-0,02883247
0,02559812
-0,00968456
0,01451355
-0,02937153
-0,02500314
-0,02394653
0,002031572
0,02008381
0,009718362
-0,001892784
0,02900597
-0,009208985
0,02542245
0,01366745
0,02004514
-0,02768521
0,02741429
0,01661228
0,02685272
0,02147866
-0,01313793
0,02142671
-0,01157741
0,02812895
-0,006877783
-0,001155795
-0,007382362
-0,03099265
-0,02603891
-0,02874822
0,0007152135
-0,0001446916
0,01224414
0,009062602
0,0088525
-0,02470825
0,002637292
0,002084262
-0,01514094
0,004851291
-0,009100216
-0,02466051
-0,02145258
-0,0008909508
-0,03569839
-0,0153165
-0,01642808
0,007423129
0,02257711
0,01819819
0,02799115
-0,02281766
-0,02462142
-0,004982111
0,01758421
-0,02543875
-0,03076973
0,01443104
0,006062018
0,006031997
0,01152906
0,001031191
0,01337089
0,001976077
0,02090328
-0,007659
0,0006255288
-0,02230193
0,02580582
0,005463461
-0,01089928
-0,02166982
-0,01304933
-0,01972738
-0,01265288
-0,03125841
0,004120709
0,009757595
0,02143452
-0,03218875
-0,02745638
0,008836865
-0,0339558
-0,02227776
-0,03377258
-0,01021728
-0,009900111
-0,01921387
0,01638276
-0,002828257
-0,02766811
0,01965566
-0,02914162
0,01172266
-0,03854576
-0,03573548
-0,002324132
0,01001048
0,01583571
0,01099674
0,02102255
-0,01834906
0,01523367
-0,009594996
7,441895E-05
0,01926854
0,01946106
0,0244154
-0,02524662
0,01503687
-0,001593298
-0,01073529
0,02095367
0,003657676
-0,004737974
0,02758499
-0,004274563
-0,005281898
-0,007610292
-0,00939734
0,020191
-0,02614314
-0,02374859
-0,0188659
-0,009819773
-0,009197763
-0,03203832
-0,00687182
-0,02716434
-0,01879717
-0,007311318
0,01787896
0,01721881
-0,02428691
-0,02722064
0,02052023
0,01872957
0,00058858
0,00303826
-0,02834409
-0,006515453
-0,008093838
-0,02094818
-0,02774606
-0,02776708
0,01659568
-0,02895105
0,002103907
-0,006556303
-0,02667768
0,004099923
-0,02518301
-0,0109145
-0,005267216
0,02183339
0,01585694
-0,02639857
0,002031762
0,02824229
-0,02506714
0,01611965
-0,007994823
0,01736623
0,01769763
-0,01243324
0,007359808
-0,004278715
0,008148606
-0,009106168
-0,004725512
0,02789209
0,01019394
0,005626986
-0,02935534
0,01012061
-0,01559796
0,01238687
0,02179611
-0,03455397
-0,006525974
-0,01729163
-0,007955988
-0,03578105
-0,03540944
0,003140048
-0,01916296
-0,008687044
-0,01643317
-0,02263181
-0,01723508
0,01331121
-0,01468345
0,007380825
0,004321097
-0,006890493
-0,02073533
0,01387151
-0,002739735
0,02170683
0,002224731
-0,0064818
-0,004902084
-0,01661739
-0,03235792
-0,02240008
0,02437032
-5,801393E-05
-0,01434554
0,01274121
0,002556656
0,02924512
-0,02084475
0,002279613
-0,00268451
0,01949473
-0,009409217
-0,009449017
0,01483817
-0,02573658
0,02565394
-0,0256256
0,02689696
-0,01522959
0,02223694
-0,003346237
-0,002023662
0,02150047
0,0208723
-0,005492399
-0,008528547
-0,007384273
-0,02139569
0,02321465
-0,01437058
-0,03899905
0,01024783
-0,02896357
-0,04037043
0,01117762
0,008473799
0,0103349
-0,02704691
0,003714588
0,009551082
-0,009337503
0,006321396
0,01815592
-0,01760401
0,02033942
-0,0207569
0,02239123
-0,03064759
-0,005477338
0,02837918
-0,0007420573
-0,00143709
-0,01936286
-0,01094982
-0,001986621
0,004925739
0,02727322
0,005043301
0,01661392
-0,01347904
-0,02521699
0,01586975
-0,01959354
-0,02455348
-0,007869177
0,02881284
-0,02137857
-0,01146304
0,01916099
-0,01806051
-0,02935944
0,01811718
-0,01879744
-0,005916689
-0,009116535
0,01009388
0,001249067
0,001552624
-0,03697766
-0,02099386
-0,007820874
-0,01513009
0,006226262
0,01891059
0,01381142
-0,0066279
-0,003550368
0,008756565
-0,009340242
-0,02207188
0,01177023
-0,02111967
-0,006412821
-0,005315925
0,01039232
0,009788536
0,001020331
0,01496107
0,02415335
0,02195324
-0,02921223
0,005026312
-0,01985443
-0,01958429
0,02446696
0,009131345
-0,01577585
0,01262462
0,0235165
0,01246014
0,02818835
-0,009395222
0,003360471
-0,002431684
0,01456046
0,008099729
0,02858187
-0,02085131
-0,02331662
0,01436223
-0,01173391
-0,01384526
0,01516351
-0,0001136742
-0,008713483
0,01421953
-0,01275059
0,01256175
0,008800142
0,00756049
-0,03086942
0,008514307
0,0020644
-0,03327153
-0,02888331
0,01497892
-0,02686598
-0,005293457
-0,03749163
-0,02276962
-0,01838884
0,01862715
0,02304927
0,01757272
-0,01243253
-0,00299087
0,009935305
-0,03220256
0,009684442
-0,02781354
0,0108757
-0,00974966
0,006836443
-0,02213068
0,001892959
0,01471194
0,01797752
0,008859216
0,0166527
-0,02510322
-0,01344902
-0,001947291
0,02697141
-0,02281804
-0,001485007
-0,02396388
0,007013573
-0,006977669
-0,01924556
0,01524616
-0,00736211
-0,007017366
-0,02535174
0,02105059
-0,008456485
-0,01030015
-0,01308687
0,02274696
-0,02445909
0,01831708
-0,03438096
-0,01784201
-0,03655242
0,002867832
-0,03699558
0,009562956
-0,02849569
-0,006559167
-0,002631504
-0,009950629
-0,03123423
-0,002130324
0,01087414
0,02691515
-0,03200202
0,02011832
0,02580377
0,0181889
-0,01155591
-0,01816486
0,0213747
-0,01188602
0,01711155
0,02468761
0,009341856
-0,01415106
-0,01553706
0,01656696
0,01241688
-0,02406932
-0,005431928
0,02187667
-0,004151229
0,02121896
0,0265462
0,02379584
-0,006425189
-0,01665695
-0,02828098
0,006625839
0,02400034
-0,02630434
0,01428411
0,008521301
0,005393831
0,01649621
0,004112412
-0,02633794
0,01610296
-0,003012344
-0,01337429
-0,01051946
-0,003487491
0,02152117
-0,03432855
0,01055774
-0,004708807
-0,03212578
-0,03913194
0,006243747
-0,004032246
-0,01187814
0,0154613
-0,00178309
-0,02897603
-0,01791325
-0,02475676
0,0242181
-0,0292555
-0,0250911
-0,002531341
0,01241746
0,01469782
0,01098437
-0,0143903
0,01414983
0,0009254834
-0,02416117
-0,01484919
0,0201031
0,008894183
-0,02274278
0,02523207
-0,02232213
0,008515404
0,02274067
-0,01597134
-0,005367576
0,01588996
-0,02546722
-0,01314739
-0,01634002
-0,01854954
-0,01421889
-0,03094385
-0,002790268
-0,01830144
-0,02030049
-0,002065165
-0,01573225
0,001326574
0,00378898
-0,03544574
0,005697402
-0,03364476
0,00313312
0,003437993
0,01192899
0,002495458
-0,02170517
-0,0207202
-0,005770002
0,01958994
-0,02173656
-0,02594674
-0,006096408
-0,004532675
0,007841506
0,02052194
-0,01770868
-0,02939248
0,01186809
-0,02305029
0,02378631
0,01594773
-0,01973869
-0,001042119
-0,003409842
0,00943278
0,01493547
-0,002071303
-0,01476535
0,001121273
0,02229998
-0,02237016
0,02555939
-0,02948533
-0,02093398
-0,02926695
0,02366224
-0,02339253
-0,009130367
0,009670733
-0,004585271
0,01726078
0,01702749
-0,0129914
-0,03602535
-0,0281583
-0,002768737
-0,03441638
-0,003726219
-0,01624272
-0,02119858
-0,01999667
0,01867449
-0,008484327
-0,03287794
0,01756453
0,01306459
-0,02418412
-0,01843837
-0,02498659
0,02302027
0,01574799
-0,03214802
0,02277289
0,02661936
-0,0305314
-0,02021462
-0,003318131
-0,01206952
0,00771119
0,02736623
-0,02621679
0,007929421
-0,0296343
0,01028171
-0,02561001
0,0236452
0,0179886
-0,001815594
-0,01337999
-0,02589699
0,01276728
0,02060537
0,02062267
-0,02273994
0,0004911697
-0,01910482
-0,008428332
0,01930523
-0,02011864
-0,02310173
0,007262722
0,01205041
-0,02764117
0,006307621
0,000804063
0,0100184
0,01973915
-0,01520836
0,02049276
0,01854094
-0,03188749
0,002657072
0,01440789
-0,01836823
-0,0217214
0,002571893
0,01713984
0,0170807
-0,03118455
-0,03077732
-0,03005684
0,01048183
-0,03051679
-0,02400414
-0,01612926
0,02757397
-0,01995231
0,01679976
-0,003226232
0,01941166
0,0176178
0,005306795
-0,0234004
-0,0008441611
-0,01287027
-0,01476309
-4,728122E-05
-0,01159826
-0,02607186
-0,01259313
0,02627784
-0,008751644
-0,003247799
-0,01336722
0,02601806
0,02795134
0,02329619
-0,005531354
0,01720592
0,01589122
-0,01722087
-0,004059504
0,00842271
-0,03086505
-0,03430678
0,01823463
0,008896186
-0,03890591
-0,01283757
-0,004813512
-0,004707662
-0,0294866
0,01390291
-0,03496991
-0,02767634
-0,007620967
-0,001675246
-0,008480343
-0,02729188
-0,03106793
-0,02214884
0,001942603
0,01581223
0,01597036
-0,02491626
0,0117827
-0,0143075
0,01251517
-0,01978977
-0,01455879
-0,02739353
0,01415524
0,02733603
0,008617048
0,004340027
-0,0131204
0,02216184
-0,0297898
-0,003276884
-0,008511831
-0,002511809
-0,003315842
0,01794692
-0,005540543
0,01038003
0,01616275
-0,005552348
-0,01247257
-0,02614156
-0,007435197
-0,009899176
-0,005690412
-0,01724131
0,01248558
-4,099793E-05
0,0002836182
0,006050638
0,01575077
0,01931594
-0,02333604
-0,002995712
-0,03451376
0,009391407
-0,03030141
-0,005791162
0,01019267
-0,02575722
-0,01978798
0,0003562575
0,01983391
0,007247369
0,0007454503
-0,03264605
0,01350256
0,002766147
0,01249127
0,01547738
-0,009097016
-0,02607432
-0,01051246
-0,01452173
0,02544448
0,005943507
0,0153713
0,02262894
0,005125089
-0,001803577
-0,02051657
-0,02851874
0,02472628
0,004944673
0,02570415
-0,030246
-0,02344879
0,01395899
-0,006741675
0,008415111
0,00791223
0,01988311
0,02146286
0,002889431
-0,02482272
0,01351112
-0,0214347
0,01046509
0,01250947
-0,009574549
-0,01086161
-0,02864877
0,01241967
0,01218196
-0,02133355
0,01080513
-0,002649546
-0,03592327
0,001881534
-0,008587115
-0,0321207
-0,01630642
0,02648899
-0,01307956
-0,03443944
-0,01710086
0,005858129
-0,0145293
0,01149269
0,00178556
0,02248537
-0,02820357
-0,01895958
-0,0275118
-0,02433654
-0,000311593
-0,01678794
0,01434243
-0,02414832
-0,02135174
-0,007593655
0,02942194
-0,02747299
-0,0240382
0,02811755
0,02736109
-0,0216807
-0,02768028
-0,01554858
-0,028213
-0,01048349
-0,02978617
-0,03096882
0,02144474
0,002026154
-0,01143324
0,01918086
-0,007938466
-0,002434224
0,01615428
-0,03429978
0,01189411
-0,03884418
-0,02620126
-0,005296319
-0,01236671
-0,04068094
0,009350211
0,007274051
0,01254159
0,002563977
0,02056272
0,02444916
-0,003004587
-0,0296387
-0,02869998
-0,01684278
0,02167224
-0,006975416
-0,02635869
-0,02381678
0,004804916
-0,02721679
0,008697334
-0,02017353
0,02010224
0,02995298
-0,0142641
-0,003499425
0,01338351
0,005726861
0,01258778
-0,02144144
-0,01824355
-0,0309279
-0,002600665
0,02700643
0,01811979
0,001551934
-0,001440937
0,02244272
-0,01514225
-0,01488086
-0,009419558
-0,008045873
-0,004653548
-0,03010441
-0,007588743
0,01127579
-0,006035232
-0,03117763
-0,03765499
-0,03433932
-0,008229175
0,007592701
-0,006113495
0,01366496
-0,01350109
-0,03250395
0,01134884
-0,00533272
0,01272037
-0,0128909
-0,03167575
-0,02112152
0,02175476
0,01400702
0,01452145
0,001388445
0,006368968
-0,02306875
-0,004647152
-0,01233754
0,02534965
-0,01919467
0,02025383
-0,01056467
0,007217322
-0,01929658
0,01059094
0,01327987
-0,0006350853
-0,004403168
0,02539617
0,005365179
0,001713236
0,006281753
0,008237203
-0,006015244
-0,003265052
0,002647104
0,00111841
0,009584105
0,0125076
0,02603627
-0,02688874
0,01826105
-0,02084841
-0,02542364
-0,003778698
0,007079673
-0,01839736
0,01766763
-0,03058824
-0,01911263
-0,002161812
0,002600072
-0,0284163
-0,0187622
0,0216088
-0,02079368
-0,01999925
-0,02257465
-0,01139618
-0,03366372
0,02623435
-0,0118897
-0,002208775
-0,003532039
0,01071339
-0,01419952
-0,02676297
-0,010323
-0,02526087
-0,02756467
0,006389361
0,01421904
0,001549428
0,02637781
-0,02683083
0,02624901
-0,02495388
-0,00592751
0,006518004
0,026393
-0,008714647
0,001280977
-0,0194576
0,0003252228
0,02225379
0,01713647
-0,005219022
-0,01242382
-0,006762638
-0,02260189
-0,01565644
-0,01485087
-0,0206981
0,005296257
-0,04142373
0,007607813
-0,01294785
0,006086713
-0,01274087
-0,0264001
-0,003192533
-0,04119662
0,01329997
-0,03068956
0,01072598
0,02526072
-0,02139249
-0,02101712
-0,02073783
-0,03509857
-0,02420834
0,01806162
0,003710881
-0,001770249
0,009661755
-0,004325193
-0,02407711
0,02657084
0,00498416
0,02290613
0,02065299
0,01449876
0,02252123
0,02202385
0,01398629
-0,01390655
-0,005073076
0,01550701
0,02658676
-0,01283541
-0,0005371808
-0,01165171
0,02353687
-0,01265645
-0,01522104
-0,009575178
0,007835441
-0,0266118
0,01306786
0,02001382
-0,001029351
-0,02260814
-0,02833403
-0,01274038
-0,03637876
-0,01084796
0,006364724
0,009837414
-0,03579896
-0,007370265
-0,001585235
-0,01195283
-0,02776714
0,0003978177
-0,009370743
0,02322656
-0,02756909
0,02285
-0,01107007
-0,003895246
3,424172E-05
-0,005843155
-0,01251649
0,02899067
-9,659203E-05
0,01888463
0,02549391
-0,01548743
-0,01701119
-0,01258092
0,01580332
-0,02867599
-0,02005028
0,01084944
-0,01293971
0,007037908
0,006288668
-0,005309036
0,01635006
-0,01532404
0,0006589527
0,005691328
0,008593142
-0,01137627
0,002560897
-0,0307723
-0,02279758
-0,01434483
0,02337966
-0,01262282
-0,02263159
0,005603921
0,003912972
-0,02243526
-0,01812242
-0,02936776
0,01546945
-0,03576881
0,01328251
-0,02815134
-0,01059004
-0,01054501
-0,003898056
0,01110224
0,01336593
0,002550961
-0,01655747
-0,005101776
-0,01476585
0,01664167
-0,01279531
0,01195649
-0,01699113
-0,02020149
0,02751752
0,02672508
0,01658541
0,02627371
-0,007055979
-0,001407103
0,009341489
0,009121741
-0,009185249
0,02222181
-0,02661538
-0,02680852
-0,0116056
0,02382775
-0,01070649
-0,02255764
0,01041856
-0,003135056
-0,003840493
-0,0004286455
0,008057849
-0,02988741
-0,03317544
0,01876439
0,002535745
0,02146802
0,009743934
0,006880396
0,02363606
-0,03347354
-0,03879702
-0,008396573
-0,01116282
-0,009400214
-0,02640378
-0,01611366
-0,01822385
0,01945224
0,009944481
-0,007825378
0,003005929
0,02258134
-0,02450828
0,007669634
0,008823466
0,01218357
-0,009623391
-0,004626717
-0,02036766
-0,0184413
-0,02366498
0,02046942
-0,01481088
0,01270455
-0,0009079576
0,02798384
0,02698751
0,02608489
-0,007136215
-0,003715565
0,016181
0,02799356
0,01067077
-0,01467843
0,02091525
0,004440487
0,00405792
0,01628613
0,003860731
0,02153369
0,01313221
0,01105992
0,01128589
0,02828765
0,02121158
0,01623802
0,01851541
-0,01708582
-0,0275068
0,01273594
-0,001608804
-0,0228532
-0,01111576
0,003850111
0,01645176
-0,03286681
-0,02737056
0,004261389
-0,03429629
-0,01620766
-0,006437354
-0,005284406
0,003827779
-0,01493036
0,008581849
0,007539879
-0,01671394
0,02377766
0,02393016
-0,01972085
-0,02104461
0,002752545
0,02043998
-0,01377596
-0,00261078
-0,004666723
-0,02151567
-0,01349813
0,02009451
0,01206278
-0,02430958
0,01056182
0,01795997
0,004108757
0,02133958
0,0001268246
-0,002791476
0,0246311
-0,01335137
0,00832158
-0,01343761
0,01649361
0,01114228
-0,01737864
-0,005895897
-0,01062609
-0,02711331
-0,01097792
-0,01990307
-0,02381025
-0,003909979
0,01879816
-0,02090034
0,0156078
-0,0005196268
-0,03972245
-0,01680164
-0,02612281
-0,02136289
-0,004880518
-0,03563248
0,0238631
0,02338009
-0,01357212
-0,0199405
0,01642102
0,00785625
-0,02771121
-0,002611841
-0,01831471
-0,01786327
-0,01092132
0,005491853
-0,01502665
0,02416509
-0,006973734
0,021129
0,006522052
0,02020443
-0,02362591
-0,01172975
0,01537293
0,02909937
0,006920192
-0,01953782
-0,02210975
-0,009951127
0,02250195
0,02377928
0,0158113
-0,02800122
-0,01906995
0,003082674
0,01499895
0,006422821
-0,009582591
0,01907299
-0,01153262
-0,03638994
0,001628805
0,002320951
-0,03732922
0,01524242
-0,0367775
-0,04235372
-0,03225603
-0,02031979
-0,0319079
-0,0357503
-0,02222054
-0,02386471
0,01619561
-0,00894674
-0,02157905
-0,02172935
-0,01627739
0,02813778
-0,009786868
-0,02066981
-0,02505247
-0,001042379
0,01744603
-0,02473283
0,008709751
-0,02059931
-0,02866565
0,01554528
0,02086549
0,007213245
0,002614974
0,001015549
-0,0008960093
0,005911543
-0,01850079
-0,0030928
-0,01638954
0,02146568
0,02427167
0,004644177
0,02637357
0,01592046
-0,02110577
0,01806843
0,007729195
0,007637199
-0,01594568
0,0144475
-0,0103997
-0,00421185
-0,01607949
-0,01542758
-0,007992274
-0,02771188
0,01451933
-0,03160286
0,01112619
0,01759682
-0,01997253
0,01776579
-0,03579727
-0,009791967
-0,003406233
-0,003623405
-0,00473791
0,01142031
0,01076899
-0,01733794
-0,01759519
0,01485928
-0,03094039
-0,004592363
-0,02577683
0,01415502
-0,01838826
-0,0116587
-0,01055758
0,02847873
-0,00357725
-0,03002595
0,02466378
-0,01617368
-0,006727006
-0,01162247
-0,01379295
-0,01879811
0,03040516
-0,01208132
0,01037618
-0,02907609
0,0009958987
-0,0149314
0,004602046
-0,03084622
0,00322752
0,002103013
-0,01598093
0,004913799
-0,01346419
0,02183099
0,02178216
-0,03615982
-0,002548511
-0,00149909
-0,006903352
0,01552265
-0,02461878
0,003056101
0,01998697
6,021449E-05
0,0153077
0,02294179
-0,00340472
-0,0206694
-0,03325092
0,01375111
-0,02850654
-0,01883006
-0,01524721
-0,01149675
0,01413653
-0,007837515
0,002221219
-0,02129758
-0,0181233
0,01437075
0,02122713
-0,02572781
-0,02009589
0,01014865
-0,02944611
0,009129732
0,008671778
0,0008398926
-0,0270299
0,02410883
0,01021692
0,01646131
0,01566201
-0,009083795
0,02248357
-0,01924959
-0,01186195
-0,02743608
-0,01783053
0,007356368
0,01338369
-0,01560301
0,0252878
0,01262758
-0,007017199
-0,03131013
-0,01235417
-0,03983943
-0,02901417
-0,006922304
-0,01380248
-0,01721754
-0,01616828
0,01040106
-0,03326526
-0,02226736
0,0001795971
-0,01590518
0,001541986
-0,0233322
-0,01547681
-0,02979467
-0,0179465
-0,02338536
-0,02515834
-0,01453518
-0,004498969
0,02317439
-0,004892444
0,001794799
-0,02725273
-0,002158218
0,02651857
0,00304637
0,0296501
0,001892198
-0,0255658
-0,009061041
-0,01890474
0,02669619
-0,01717788
0,006680274
-0,01102836
-0,002969283
-0,006482384
-0,01602456
-0,008135829
0,02680399
-0,01523075
0,009052259
0,005985374
-0,0307374
-0,003362054
-0,03112647
-0,01098767
0,008253927
-0,02833134
0,01487897
0,004016547
-0,02740323
-0,0004782745
-0,005984914
-0,00168269
0,001449229
-0,005798001
-0,03650644
-0,006701197
0,0179022
0,01756752
0,001589293
-0,02187127
-0,01462844
-0,02228214
0,009519212
0,0276974
0,008223473
0,01065797
0,01277342
0,01203781
0,01963324
0,02127841
-0,002901725
0,005644887
0,01423455
0,02528301
-0,02907556
0,02872201
0,02339257
-0,01931789
-0,0137077
-0,004883633
-0,01879906
0,008493673
0,0270428
-0,01470351
0,007315699
-0,0305291
0,009303467
0,02791227
-0,007019617
0,02016826
0,002932032
-0,02259963
0,01184035
-0,00292872
-0,01401756
0,02246341
0,01537878
-0,03234778
0,00748419
-0,0347365
-0,01284986
-0,02575926
0,02005547
-0,01031336
-0,02190286
0,02422595
0,02000698
0,01211736
-0,0005508971
-0,02786241
0,004792781
0,01094345
0,003482953
-0,02187427
0,0261908
0,007764768
-0,01988184
-0,006888255
-0,01398445
0,006814755
-0,03022533
0,01409959
-0,01266202
0,02978279
-0,01333213
-0,01291522
0,02025669
-0,01684498
0,004030924
-0,02475298
-0,02160599
0,01653199
-0,004490216
-0,01725099
-0,03190373
-0,03088521
0,01340499
0,003259555
-0,02782965
0,0131216
-0,02205751
0,02625828
-0,00429854
-0,01440079
-0,02119422
0,01913661
0,001752852
0,003130771
-0,0009226286
0,007127826
0,00804094
-0,01009026
0,01348006
-0,02802552
-0,0334032
0,007048633
0,02153756
0,024149
-0,02492778
0,02584593
-0,02319019
0,009239094
-0,02085273
-0,006824434
0,02601157
0,01718003
-0,01627724
-0,01198078
-0,02338789
0,02614135
0,0241763
0,006592638
-0,01054179
0,002284181
-0,003194705
-0,02746897
-0,01472911
0,02719398
0,01526382
-0,0075931
0,01008681
-0,01766477
0,00819224
0,01931578
-0,0104283
0,009108554
0,02577807
-0,01406512
-0,02052432
-0,01171956
-0,02538462
0,01662171
-0,004973757
-0,02556343
0,002013495
-0,004205142
0,01373221
-0,02975857
-0,007438203
-0,007128982
0,006310571
-0,01272484
-0,003842515
0,006543889
0,01698955
-0,02460555
-0,02399059
-0,01313537
0,01212684
0,02931849
-0,005016506
0,02804924
-0,01906613
0,01527982
-0,01308505
0,02529513
-0,02951264
-0,01120567
-0,02906742
-0,01703364
0,02098777
0,02653853
-0,02376789
0,01622326
0,01792316
-0,02575765
-0,02065438
-0,01768439
0,02505275
0,02580822
-0,0158276
-0,02151035
-0,001062855
-0,01245483
0,01072094
-0,01102204
0,01029693
0,02857327
-0,02975284
-0,01738272
0,001710465
0,008021105
0,004925027
-0,02072809
0,02164191
-0,02390417
0,004005995
0,007962225
0,01894155
0,01173894
-0,003550048
-0,002630489
-0,02882779
-0,01748153
0,006489371
0,01259058
-0,01633756
0,0151722
0,02114794
0,01582045
0,02890067
0,02595933
-0,006777073
0,01699138
0,0164758
-0,01418267
-0,001486478
0,02335055
-0,02770442
0,02724331
-0,01536073
-0,02806667
-0,0125527
0,01694003
0,008705297
-0,01913462
-0,01033168
0,02430835
0,02069597
0,007102591
-0,004670367
-0,003473824
-0,01010196
-0,01864032
-0,004515888
0,01484934
-0,02684521
-0,01664854
0,009282573
0,02650563
-0,02496707
0,02303453
-0,02434808
-0,01627033
-0,01654458
0,004815602
-0,01790071
0,0187219
-0,005726234
0,009921765
0,009358237
0,0125359
0,007280751
0,02297201
-0,001974457
-0,001667412
-0,01781299
-0,0110056
0,006199941
-0,001894508
-0,003867008
-0,01057279
0,02683226
-0,0151089
-0,00936668
0,002323248
0,006197135
-0,01799708
-0,009795345
-0,02915099
-0,01756043
-0,0153883
-0,0158182
-0,02480007
0,02001643
-0,01027349
0,02489309
-0,02920238
0,0001337904
0,03002625
0,02507674
-0,001979386
-0,003555506
-0,02056649
0,02474811
0,008886966
0,0152468
-0,006893937
0,01182345
0,02575211
0,0004601753
0,01346395
0,0054468
-0,01983385
-0,0003891998
0,01381797
0,02624738
0,0210225
0,02520815
0,01514591
-0,02756215
-0,02887781
-0,002534219
-0,005649632
-0,003787382
-0,001662665
0,002469968
0,006271422
-0,02360225
-0,02003684
0,004979505
-0,01768663
0,01905947
0,007631934
0,002575473
0,02702887
0,02287735
0,0162379
-0,008950315
0,01210522
0,01717674
-0,01817898
-3,644502E-05
-0,006980924
-0,002008703
-0,003410672
0,006610295
-0,02934822
0,002085281
-0,02858358
-0,008673942
-0,02779224
-0,02518963
0,01468936
0,02602612
0,01939733
0,02711212
-0,0307368
0,01128961
-0,005287932
-0,02509563
-0,02202275
-0,01503389
-4,854171E-05
-0,008586822
-0,01115673
0,02573716
-0,0303109
0,01021934
0,004384236
0,02318715
-0,01874655
-0,001640659
-0,0162979
0,02906708
0,02291747
0,005458094
-0,02168701
0,0284066
-0,02822074
0,0232698
0,002363745
-0,02608902
-0,02521838
0,01963964
0,002576699
-0,02365438
-0,02639481
0,01130883
0,01313837
0,02978107
0,02188978
-0,02619265
0,02515766
0,00463125
0,006737994
0,0237945
0,02714043
0,02966218
-0,02403773
-0,0009633054
0,005359806
-0,01032439
0,02577686
-0,02530391
-0,02319584
-0,0007714633
0,02064863
0,01724067
-0,02541347
-0,01617193
0,0180151
-0,03102098
0,007556324
0,00228272
0,005353978
-0,02493295
-0,01656359
0,0137961
0,01906114
-0,01630344
0,02329905
-0,01122199
0,02795915
0,008309054
-0,02573787
-0,02041691
0,007089664
0,01039459
-0,007236602
0,02959929
0,008308522
-0,02093434
0,02327923
0,003130608
-0,01316704
-0,01894287
-0,02224799
0,0295206
0,0124594
-0,02801119
-0,01409517
-0,01341022
0,007182763
-0,00234343
-0,02029499
0,01951687
-0,006669129
-0,01005099
0,02862891
-0,0005283841
0,00946329
-0,01864093
-0,02345744
0,02032062
0,00434574
-0,01637457
-0,00907784
-0,01282752
-0,0299911
0,02700158
0,02167631
-0,02109179
-0,006175941
-0,02543505
0,007150932
0,01007691
-0,02078895
-0,02277994
-0,01324752
-0,006298208
0,02839288
-0,01551029
-0,02908159
0,02037617
-0,02972528
0,008453769
0,01397042
0,001746268
-0,001505605
-0,01368936
0,01742485
-0,01206809
0,01286954
0,02325661
-0,01033896
-0,003108775
-0,02741568
-0,02692993
0,02904391
-0,02755556
0,02036693
0,02065936
0,02875027
0,01457556
-0,02098851
-0,02439532
0,0217126
0,001260362
0,02140415
4,27355E-05
0,009972306
-0,01461848
-0,02880953
0,003029859
0,0003221059
-0,006739366
-0,02144276
-0,0137504
0,01969617
0,02605485
-0,0006015944
0,01828433
0,0184997
0,01345756
-0,02011559
0,005418438
-0,003107418
0,001570684
0,01522013
-0,02105356
0,006628065
-0,02460812
-0,0220772
-0,01523132
0,005047494
-0,02085302
-0,01210274
-0,01131072
0,01150346
0,02521741
0,01710905
-0,01705895
0,01106018
0,02899778
0,006483532
0,001614074
-0,0138097
-0,02029731
-0,007130268
0,02621861
-0,01279584
0,01626264
-0,01665427
-0,02826759
0,002145078
0,03047021
-0,02948878
-0,01674807
0,003333133
0,003778697
0,008129722
-0,0109009
0,01507369
0,01105095
0,02255407
0,003018855
-0,02486057
0,01569691
0,02699589
-0,009620402
-0,02463254
0,02031666
0,004674256
0,02457163
-0,02133717
-0,01290794
-0,02165584
0,02034937
-0,02225949
0,009792401
-0,01093199
-0,01266114
-0,02118476
0,02071817
0,02351319
0,02230688
0,02382789
-0,02230741
0,01439291
0,00605358
-0,02150456
-0,02588892
0,01600325
-0,02220468
-0,01273039
-0,001956196
-0,001467304
-0,02981899
-0,02347054
-0,02683098
-0,004483778
0,0005293934
-0,01744311
-0,02834447
0,01969124
-0,003338064
-0,01957598
-0,01168146
0,02224752
-0,01590331
0,02081478
-0,02061704
-0,02560362
0,02374991
-0,01604482
-0,01054192
-0,02081193
0,02422699
0,01713034
-0,03014226
0,00985219
0,02839122
-0,02864027
-0,008520232
-0,01837483
-0,02846559
-0,02559325
-0,003047092
0,007860876
0,01261128
0,01976158
-0,02142865
0,01482003
-0,02431231
-0,01535961
0,01989356
-0,024111
-0,02170043
-0,02839878
-0,002864884
0,01178585
0,005702811
-0,01382132
0,0002179635
0,0156036
0,0296405
0,03015411
0,0227327
0,02423843
0,02800233
-0,0116415
0,004710103
-0,01681881
-0,02380005
-0,006298481
-0,002640902
-0,001237622
0,02128347
0,01962888
0,01736136
-0,008512155
0,01290609
0,01031979
-0,0205101
-0,005112783
0,01160319
-0,004585382
0,02975963
0,009205658
-0,004967586
-0,01639313
-0,02880931
0,02265371
-0,009826242
-0,01124153
-0,02591302
0,01247512
0,001976096
0,006903806
-0,01636547
-0,0270152
-0,01710569
0,004396687
0,01107364
-0,005296608
-0,01450976
0,02688264
0,008907275
0,01246949
0,01795009
-0,009026905
-0,01487371
-0,0110156
-0,01510589
-0,0242895
0,02961037
0,02581665
-0,0232925
-0,02468472
-0,02612035
0,004255222
-0,02942829
-0,01635257
-0,0006807277
0,01419235
-0,01302529
0,01246049
0,02333789
0,01779946
-0,01073382
0,01530009
0,02709205
-0,01566676
0,006225154
0,01449384
-0,02168306
-0,02145789
0,03001867
0,01563067
-0,02049527
0,01542305
0,01697472
-0,01296252
0,02164635
-0,02604277
0,0293687
0,01311148
0,007862885
-0,01533697
-0,01006134
-0,02063641
0,005792025
-0,003184946
0,003022239
0,009912544
-0,02766642
0,03010724
-0,02488053
0,02753124
-0,02242309
0,003456807
-0,02659589
0,02155886
-0,006760053
-0,02734851
-0,005525079
-0,02925119
0,01338749
0,001001702
0,02794955
0,02090125
0,02637456
-0,008227793
0,02644321
-0,0109819
0,01772232
0,01409238
-0,007472883
-0,004610815
0,01551086
0,004589094
-0,0255672
0,008580605
-0,002274332
-0,02002001
-0,02059653
0,000316161
0,01209769
0,02686706
0,01205642
-0,02118563
-0,02647051
-0,02746362
0,008024596
0,006587818
0,01202373
0,02606437
0,02433569
0,01901528
0,01007284
0,02860146
0,03023665
-0,02299343
-0,0126091
-0,000276066
-0,01652028
-0,01586325
0,00102133
-0,01601776
0,02279472
-0,01121142
0,0074938
0,01023012
-0,01809367
0,003538227
-0,0009911117
-0,004529986
-0,006162426
-0,01676602
0,0238348
0,02471449
-0,01077575
0,01711651
0,01943658
0,01903929
0,01729784
0,02380062
0,01435322
-0,01021448
0,007547839
0,02215394
0,02025268
0,004056924
0,01595102
0,01754926
0,004962822
0,02810319
-0,008830741
0,02853997
0,02705915
0,02585376
0,02998367
-0,001812988
-0,02589521
-0,006610896
0,002009955
-0,006069474
0,0211915
-0,02555842
-0,02238298
-0,01339007
0,002328501
0,01120118
0,02583089
0,0159052
0,009311186
-0,01690968
-0,01186511
-0,001017748
0,01308699
-0,009711273
0,0003818008
-0,01879575
0,006980086
-0,02937321
-0,0008634414
-0,02653757
0,02490807
-0,005031016
0,02919531
0,001506484
-0,0257392
-0,00411977
-0,01328515
0,02854415
0,02535722
0,02165572
0,0130082
-0,003960714
-0,01295719
-0,006680509
-0,02745458
0,009880326
-0,01787426
-0,009085568
-0,01018219
-0,0209579
0,008814701
0,03056337
-0,02178362
-0,008129569
0,009951814
0,0228224
-0,0145002
0,006844836
-0,00450813
0,01872101
0,02177136
-0,02651552
0,02487995
-0,001451115
-0,000316505
-0,003716515
-0,02412302
0,006752037
-0,0176284
-0,02355203
-0,005504616
0,02791924
0,02121686
0,01828376
0,0006916729
0,02271288
-0,01807299
-0,01024232
-0,01225701
0,02111627
0,0296849
-0,01393094
0,01141225
-0,009903481
-0,004748378
0,02493912
