-0,008221468
0,01064006
-0,01885442
-0,01512576
0,0214704
-0,006383409
-0,006063274
-0,008651277
0,02325802
0,01305254
-0,02106872
-0,002032125
-0,02028419
0,008940426
-0,02726653
0,02179664
-0,01715219
0,02131069
-0,02486427
-0,01319963
0,03026214
0,01720598
0,01425637
-0,01045063
-0,02286931
0,0181622
0,01009516
0,02770537
-0,02363461
0,003223839
0,005052357
-0,007901373
0,02638857
0,03054645
-0,02354759
-0,00152309
-0,02806753
-0,01608901
0,02490136
-0,01904859
0,00539792
0,01457234
0,008707008
-0,02207633
0,01407249
-0,002340841
-0,01739211
-0,0120882
-0,02097583
0,004466807
-0,01176868
7,430325E-05
-0,010615
-0,008162524
0,01421859
0,005288815
0,02702405
0,02215077
-0,02230093
-0,02667445
0,01409899
-0,003030958
-0,0149555
-0,009946108
-0,02198373
0,017431
0,002225525
-0,02012157
0,002536895
0,004860885
0,01984068
0,02947564
0,02695922
0,02476349
0,01202123
-0,01428253
-0,02143414
0,006430756
0,006230034
0,01009627
0,005582037
-0,007685985
0,01887062
0,002565486
-0,0149341
-0,02498864
-0,02728018
0,004494221
-0,01369292
0,001885356
0,002173387
-0,01960728
-0,02378376
0,02161951
-0,002548082
-0,02146201
-0,0004147423
-0,01133616
0,03052512
0,02726865
0,02604669
-0,02722554
0,01597871
0,004850336
0,01526115
-0,0106054
0,003745495
-0,004875636
0,01038203
-0,001472812
-0,00326784
-0,009334066
-0,01392073
-0,001837439
-0,001660278
-0,008137051
0,008802245
0,01317738
-0,02482505
-0,0269148
0,0146597
0,02825483
0,02413745
-0,02928616
-0,02715382
0,009654461
0,02340447
-0,0244869
-0,002408903
0,003679456
0,01675744
0,02071813
0,00680558
0,009489897
0,01475792
0,002930581
0,007040177
-0,01608112
0,0179952
0,02640637
0,001946882
0,008222858
0,0247086
0,01838991
-0,02486374
-0,01850537
0,02490273
0,008583537
-0,006709496
-0,02443496
0,0003688034
0,017112
-0,01632255
0,02758289
-0,01743249
0,02829845
-0,02059354
0,01526563
0,001808547
-0,02443539
-0,003470201
-0,001758283
0,02837501
-0,02303275
0,01255065
0,006776278
0,01482071
0,007455007
0,01433732
0,02631294
0,01577963
-0,005047065
0,02600379
-0,02035847
0,001900624
-0,02339878
-0,02623612
-0,02389682
0,02659525
0,02233243
0,01569652
-0,01502483
0,01299122
-0,007698491
-0,02651505
0,03045316
0,007225028
0,009744777
-0,003215731
0,01687502
-0,00642025
0,02218646
0,01252349
0,01210652
-0,0004552879
-0,0263527
0,010394
0,01775887
-0,02402962
-0,001103794
-0,002772579
-0,01237904
0,02515944
-0,002309661
-0,009594293
-0,02445596
0,02147621
-0,02621085
-0,004720456
-0,02420614
0,02473587
-0,02701155
0,01954234
0,01078322
-0,008674196
-0,01795798
0,01618023
0,006983813
-0,02578919
0,01310924
-0,0297202
-0,02441446
-0,01919494
0,02819616
0,002792375
0,02455588
0,01345114
-0,01580137
0,01077006
-0,001465327
-0,002617114
-0,01299718
0,03069803
-0,001836278
-0,004751902
-0,002321468
-0,00939815
-0,01483257
-0,02858945
0,02813369
-0,02185964
0,002602126
-0,01618748
-0,009393363
0,02271108
-0,009856775
-0,02763945
-0,0282562
-0,008943736
-0,01232095
-0,01195659
-0,02631338
0,01411542
-0,006398112
-0,0007240399
-0,007574385
-0,02268452
0,02709239
0,02574583
-0,003524649
-0,006455564
0,008235026
-0,006142925
0,02812882
0,009875202
0,007883865
-0,02619174
-0,007141228
-0,01327607
0,02482461
0,02269807
0,002302101
0,00562286
-0,023895
0,004643541
-0,001769267
0,02280721
0,02133741
-0,02439424
-0,01678951
0,023421
0,0119106
0,02375231
-0,0059573
-0,01919444
-0,007364925
0,003254977
0,006672202
0,02891267
-0,02740111
-0,009434191
-0,006990814
-0,01045482
0,004953054
0,004975519
0,0006659472
-0,02159538
-0,0137175
0,0112912
-0,01551961
-0,01354607
0,01043161
0,01641509
-0,002447677
-0,003733904
0,01820818
-0,001273694
0,006993468
0,01984233
-0,02957688
4,162059E-05
-0,01254743
0,0227322
0,01317715
0,00556116
0,01237894
0,01558248
-0,02829153
0,01808959
-0,01278263
-0,02470406
-0,002383533
-0,005786714
-0,01594185
0,005419877
0,0007228878
-0,01740162
-0,02856772
0,002215306
-0,02540197
-0,00919478
0,006551774
-0,02113546
0,02168858
0,02715443
-0,01868601
0,02590833
-0,003889441
0,02726827
-0,007200022
0,02488596
0,02602456
0,01742101
0,02811144
0,002857228
-0,02717973
0,001175395
0,006995772
0,03003356
0,02325031
0,01564937
-0,02319707
-0,001247661
-0,005723915
-0,02057129
0,01921325
-0,01467081
0,001858007
0,0227663
0,02598732
0,005354136
-0,002032459
-0,02438982
0,01612338
0,01137591
0,02546308
-0,02192993
-0,02921661
0,01731153
-0,005733181
0,01698979
-0,01036546
-0,02513579
-0,004788487
-0,006972364
-0,0188013
0,01168507
-0,003210023
0,0114139
0,0007978511
0,0293657
0,006051993
-0,02957191
0,009537756
-0,01090877
-0,01785759
-0,02353
0,01453746
0,01183022
-0,02368435
0,02609879
-0,007607201
0,001859258
0,03007529
0,01788698
-0,004176961
0,01979866
-0,02893312
-0,01408848
0,008055549
0,02498195
-0,0003156101
0,02018584
0,005456705
-0,02409185
-0,00478944
-0,02801312
-0,0264595
-0,0295948
0,02953761
-0,02186348
0,01925105
0,02099804
-0,006199054
0,02978713
-0,02988901
-0,002862886
-0,002587016
-0,002327158
-0,0002981597
0,01912579
-0,00753596
-0,01001441
0,01059171
0,0002077532
-0,004901941
0,01925424
-0,02499754
0,008248918
0,0284023
-0,008965272
0,009848429
-0,01989996
-0,02656482
0,006362359
-0,001802561
0,01439438
-0,006104257
0,001570805
0,02216733
-0,01972538
-0,02729106
0,01407708
0,01211861
0,02940919
-0,02445166
0,0005717776
-0,02153739
-0,02975354
0,01707889
0,0287806
-0,007694117
0,003866175
0,01677709
0,01972502
0,0008130134
-0,02082047
-0,01996373
-0,02393103
0,01099982
0,007261304
0,02693433
-0,003141607
-0,02663494
0,009074302
-0,0008405813
0,008193642
0,01934172
0,01773176
0,0009007096
-0,01395461
-0,0288701
0,02570301
0,00631597
-0,009691421
0,01679098
0,0109701
0,008571291
0,0129206
-0,007313324
0,02428279
0,00959203
-0,02692507
0,02022749
0,02847041
0,02921394
-0,02549652
-0,007000414
-0,01788962
-0,02534836
-0,01229543
0,004935283
-0,01155881
0,02204286
-0,01369308
-0,01570229
0,006136203
0,009605912
-0,02761902
-1,300323E-05
-0,003220944
0,01189653
-0,007831777
-0,0002792393
0,0004900782
0,02712851
-0,002537578
0,03048978
-0,001984491
-0,02562416
0,01904669
0,0007925797
-0,0002578264
0,01430515
0,01714857
0,02836523
0,02096353
0,004563388
-0,02547502
0,01014277
-0,007567638
-0,0164004
0,005879175
0,01282584
-0,0167736
0,01102187
0,01258316
-0,02734579
-0,01135497
-0,02640257
-0,02273658
-0,03130464
0,00190283
-0,02042472
0,02654985
-0,01855629
-0,01257979
0,005747653
-0,01112194
-0,02801659
-0,000563039
-0,02504227
0,02527741
-0,02227581
-0,01589567
0,01730407
-0,02370751
0,005345247
-0,0255903
-0,01196745
-0,007799818
0,02975934
0,00417128
-0,008981463
-0,02396648
-0,01885904
-0,0240611
0,009884352
-0,01349802
0,02062286
-0,01865119
-0,005768143
0,0114958
-0,008031883
0,02420834
0,02046521
0,02510867
-0,01451234
0,01484211
0,003516269
0,008633725
-0,01529163
-0,01458437
-0,02763446
-0,01925282
-0,01329586
-0,0119926
-0,00551108
-0,00414961
-0,006216028
0,0014748
-0,02428143
0,02438095
-0,03115169
0,01165703
-0,02098922
-0,00523077
-0,0162935
-0,02649112
0,01355572
-0,02437111
0,006805482
-0,01165623
-0,0002625865
0,02137102
-0,02415829
-0,005669025
0,002812682
-0,01695182
-0,006397212
0,02081891
0,01902076
0,01864834
-8,088637E-05
0,008030468
-0,02473037
0,01273738
0,0005620378
-0,02085719
0,01807866
0,02324048
0,007652994
-0,01815629
0,01754879
-0,01692935
-0,02731298
-0,004930617
0,008549599
0,008208519
0,01371416
-0,007520542
0,011707
-0,02087419
-0,03063835
-0,003568671
-0,0317503
0,02732564
0,01683476
-0,01921953
-0,0272799
0,02216258
0,01496238
-0,01841554
-0,0280902
0,006046382
0,01453812
-0,01268772
-0,002954225
-0,00817213
0,006923028
-0,001180732
0,02539362
-0,02485898
-0,01250987
0,02306348
-0,001243322
-0,003865858
-0,0007107451
-0,01556634
0,01706668
0,009421107
0,01300855
0,02201167
-0,002283212
0,03015206
-0,02162295
0,007219722
0,01794436
-0,02938178
0,005196345
-0,02066704
0,02503772
-0,01115257
-0,02763712
0,02243011
-0,02639389
-0,007903583
-0,02247334
-0,015124
-0,0005009692
0,01414485
0,02891823
-0,01366268
-0,02793991
-0,01648816
5,027367E-05
0,008550956
0,0229584
-0,02358245
0,0285764
0,003581778
-0,003559791
0,0007037781
-0,008237128
-0,004577193
-0,0203383
0,02271304
0,01511696
-0,02631356
-0,002500812
-0,02111114
0,003313951
-0,002961745
0,01791099
-0,002447878
0,003235937
0,006704954
-0,02888003
-0,005697637
0,01775157
-0,02555631
-0,01261841
-0,01612421
0,01488291
-0,02702424
0,0122718
-0,006547651
0,01770147
-0,02030248
0,0002527222
0,00176097
0,01226384
0,009026343
-0,02913219
0,02843798
0,007905628
-0,01131249
0,02437314
0,009274082
0,01189917
-0,01882639
0,005972838
-0,03018405
0,01591279
-0,0117636
-0,01706455
0,002847824
0,000255962
0,002441302
0,009585197
0,01780364
0,00537497
-0,001841837
-0,01014541
0,02426283
-0,01555971
-0,019442
0,01860281
-0,006611842
0,01710919
0,01769208
-0,02211425
0,007316442
0,005606046
0,02620264
-0,001165989
0,02622113
-0,004515186
0,01867932
0,01732658
-0,01768874
0,01288289
-0,006507449
0,01183233
0,006983792
-0,001995667
-0,01640084
-0,00518933
-0,005730753
0,02138223
-0,0194882
0,02206232
-0,01861786
-0,004466453
0,005403056
0,02478955
-0,02379576
-0,01632513
-0,02508111
0,009110227
-0,007694111
-0,003356515
-0,004334609
0,02075274
0,0244526
-0,02747011
0,02882412
-0,003864503
0,01871507
0,01826104
-0,01524518
-0,02418282
0,008935103
0,01679515
-0,0004202738
-0,02300373
-0,02233977
0,01665336
0,01508351
-0,003784097
-0,02336345
0,01903039
-0,005129572
0,002041546
0,006294462
0,02622503
0,02789137
-0,01697024
0,02930687
-0,02998396
-0,01156544
0,008669199
-0,01210085
-0,02098603
-0,009458278
0,01046818
-0,01812185
0,002606861
0,01642012
0,003281862
-0,002999832
0,01528768
0,0004514008
0,002932239
0,006551709
-0,02497394
-0,02379844
-0,01127212
0,02075437
-0,003314658
0,008373317
-0,0159351
-0,003701022
0,005034703
0,004707803
0,006237315
-0,02745393
0,02885232
-0,01540053
0,02490058
-0,0287248
0,01340783
-0,00692466
0,01639402
-0,00287956
0,00200924
0,01427396
0,002634512
-0,002712318
0,02182862
0,02851836
0,01141594
-0,02699112
-0,01834199
0,03108565
-0,01093579
-0,01495405
0,02220183
0,02602918
0,001884786
0,01646695
0,005370906
-0,01068678
0,0028245
-0,01248457
0,02703073
-0,02366148
0,007928639
0,003582556
0,01143693
0,0009246968
-0,0196779
-0,01903833
0,0162855
-0,003367035
0,01113722
-0,01448151
0,009695916
0,02989199
0,0272238
-0,01897877
-0,001632786
0,01620247
-0,0338582
-0,003962601
-0,03323872
-0,01917038
-0,01576717
0,005628937
-0,02268051
-0,01548158
-0,01969334
-0,03198229
0,008553791
-0,0226712
-0,005506807
-0,0050165
0,02634622
0,004365181
0,005788452
-0,001102632
-0,02107564
-0,03171166
0,01726469
-0,00971125
0,01681268
-0,003545763
-0,01455478
0,01287381
-0,01118177
-0,02848207
0,003568091
0,02151757
0,02683021
-0,01312681
-0,01790449
0,01260906
-0,01124934
-0,02582891
-0,01506987
0,007400609
0,0142296
0,02624152
-0,01361664
-0,01289431
-0,01677728
-0,02317426
-0,001895282
0,004607644
0,02641986
-0,01984104
-0,01547514
-0,02792058
-0,01140942
-0,006966375
-0,02874893
-0,003417271
-0,03278717
0,003099592
0,001081408
-0,0026783
-0,0323001
0,005986833
-0,01492164
-0,02158147
0,01805979
-0,008034803
-0,02424463
-0,002253542
-0,03056221
0,01885245
-0,02040331
0,02103472
-0,01260776
0,02714592
0,01654982
-0,01793829
0,01353573
-0,0007598068
-0,02570761
0,007920134
0,02629411
0,01120982
0,01487476
-0,02433758
0,01172082
-0,004671302
-0,002954709
-0,001937267
-0,01772502
0,008676427
0,006063453
0,006171405
-0,007842899
0,008165421
0,002295417
-0,02666681
0,005293934
-0,02802373
-0,003929329
0,01684558
-0,03432474
-0,03246887
-0,001421355
-0,02337725
-0,03095707
-0,005337158
0,01199759
-0,01027851
0,003165915
0,01704095
0,0194988
0,006484021
0,0006677919
-0,03370675
0,008485365
-0,01106431
0,02107746
-0,01643374
0,001384438
-0,008111093
0,02929543
0,008711871
-0,01433888
-0,008507869
-0,01926524
0,003673494
-0,0001796021
0,009800671
-0,008706151
0,01004398
0,004731118
0,00785351
0,03007185
-0,01645634
0,008241699
0,023735
-0,02140651
0,002528934
-0,02962898
-0,01802589
0,009746994
0,02767847
0,01358769
-0,01247837
0,01773993
-0,03500638
0,02561303
-0,01463401
-0,03452024
-0,02018748
-0,02638174
-0,01145055
-0,003230101
-0,03009441
0,01647619
-0,01464736
0,004908615
-0,02880922
0,0196147
-0,008204194
0,02782809
-0,02609008
-0,02838863
-0,03310221
-0,01237991
-0,01999932
0,003763594
-0,01010941
-0,002932156
0,01298489
-0,01728949
-0,01174634
-0,01741986
-0,01176388
0,01436068
-0,0295315
0,02335156
0,02973145
0,003854027
-0,01987034
0,00349346
-0,02044985
0,008967455
-0,02185109
-0,002621403
-0,01741483
-0,02275916
0,02508196
-0,009098302
-0,01410137
-0,01911221
0,02709316
0,005729127
0,002186847
-0,0219658
-0,003968477
0,01546819
0,006816768
0,0239907
0,002186449
-0,01172916
0,00611854
0,01622858
-0,02524915
0,01799962
0,01209249
-0,03107143
-0,0307533
-0,02259055
0,01329121
-0,006627748
0,01292887
0,005915347
0,01857988
0,02733232
0,02070479
-0,002767718
0,02905494
0,001688216
-0,02813458
-0,02478572
0,01153171
-0,03099624
-0,0197569
0,006500595
-0,01306504
0,01312279
0,01053886
-0,02480322
-0,01534567
-0,02129226
-0,02190376
0,03044792
0,02832305
0,01731282
0,02791427
-0,01413333
-0,004856769
-0,02211069
0,007144302
-0,02551002
0,02287161
0,004604829
-7,077624E-05
0,01234233
-0,01007229
-0,01149836
0,01014456
9,570832E-05
-0,008736194
-0,03521963
0,01663789
-0,03175703
0,01278966
-0,01196989
0,0006617402
-0,00467856
-0,001403976
-0,0004569881
0,003317737
-0,02862296
-0,004701704
-0,02358038
-0,02623259
0,008303611
-0,0116741
0,01767964
0,008542033
-0,02985249
0,02792848
0,001973368
-0,02454413
0,01854854
0,02661081
-0,02922585
-0,01527022
-0,02259715
-0,0004115463
-0,004529657
-0,01642021
0,02625403
0,02549338
-0,02542812
0,01095987
-0,01591789
-0,01327765
0,02713555
-0,02400715
0,0003184864
-0,02480961
-0,00934308
0,003487133
0,01819649
-0,002439508
-0,009953634
0,002004279
0,01141529
-0,007205139
0,01232607
-0,01026159
0,002407436
0,006254397
0,007113224
9,362883E-05
0,01838043
0,01328533
-0,04180798
-0,02752142
0,01644698
-0,02599438
-0,002776199
-0,03183095
-0,01918336
-0,008034389
0,0112402
-0,01920674
-0,006213734
-0,004165156
0,02139434
-0,005640054
-0,008368969
0,008694514
-0,02167667
0,02701133
0,008210156
0,02571898
-0,01236494
-0,008616333
0,000977895
-0,003804782
-0,0009225606
0,01017187
0,01078093
0,02965453
0,005125776
-0,0168313
-0,02103478
-0,003058903
0,01774963
-0,009467361
-0,01651845
0,01452058
-0,01640873
-0,01566993
-0,002543975
-0,018344
-0,01183569
-0,01297243
0,00700337
-0,02016806
-0,02496898
-0,01817584
-0,002670323
-0,0168942
-0,03510159
0,01436501
-0,01355981
0,008672672
0,0195012
0,01892383
-0,000448471
0,005280399
0,006979313
-0,008151939
0,01227928
0,02385883
-0,00855407
-0,01659654
0,01671595
-0,0004507171
-0,02699675
0,02598838
0,01075011
0,003029692
-0,01762229
0,007086314
-0,005798263
0,02418929
-0,00558099
-0,006248156
0,005419166
0,02513384
0,0102495
-0,01341999
-0,01598368
-0,02034602
-0,03153768
-0,01390298
0,02678028
0,01151572
0,01225409
-0,01154137
-0,001226623
0,01998439
0,008036043
-0,003986063
-0,03050951
0,01289737
-0,008046655
0,0033221
0,01397931
-0,03661869
-0,006323204
-0,03120081
-0,03484975
-0,02835544
-0,005422721
-0,03808358
-0,0339659
-0,01564729
-0,003557186
0,002914019
-0,01053221
0,0002036263
-0,01182757
0,008856468
-0,03050088
-0,004249434
-0,02046993
0,00031632
0,01950147
-0,0236474
-0,009968362
-0,02110918
0,01910867
0,01447221
-0,002761318
0,01904412
0,02059849
0,01144304
0,003773634
0,004633698
-0,006082111
0,01567809
0,002641974
-0,0006214752
-0,01266534
-0,003490743
-0,02223949
-0,02959087
0,002050562
0,02864202
-0,02415022
-0,001291684
-0,02906371
-0,02981355
0,02142395
0,02137276
-0,003616202
0,02771863
-0,001733248
0,007953468
0,001950298
0,01758287
0,0102497
0,002365162
0,006120894
-0,01538716
-0,01922725
-0,01269168
0,01153699
0,01265269
-0,02200749
-0,003881952
0,01694299
0,02649773
-0,01743196
0,01040225
-0,02901319
0,02008803
-0,00769324
0,00154995
-0,01534853
-0,02155668
-0,03037003
0,02225265
0,02961256
0,01577827
-0,02704038
0,01417178
0,01953785
0,001535434
-0,01157458
0,01985697
-0,02023421
0,02493408
0,02525482
-0,005496413
0,026128
0,01899888
0,01202251
0,02366133
-0,02543527
0,01021176
-0,02273831
0,006101329
0,006313379
0,003334334
0,005704681
-0,02835408
0,01525083
-0,02070617
0,01443121
-0,005892579
-0,00186765
0,01732513
-0,0168843
-0,01075515
0,01583062
0,01446409
0,003835839
-0,03684007
-0,01329835
0,0003434737
-0,0008819302
-0,01842167
0,00151272
-0,00452446
-0,01251485
0,02740516
-0,02885223
0,01648283
0,01168804
-0,02097279
-0,02349531
0,001066223
-0,004764916
-0,001904128
0,02587848
-0,01144843
-0,02094539
-0,01116575
-0,02652597
0,02429028
0,02144339
-0,0004056815
0,002773456
0,008376835
-0,01816802
-0,01802125
-0,004291182
-0,005544692
-0,002225801
-0,0338625
-0,03001156
0,005266709
-0,008775385
-0,004756056
-0,0236314
0,02237538
-0,02701383
-0,02223697
-0,0167369
-0,0008320627
-0,04174943
-0,03528607
-0,004783925
0,01066063
-0,005284524
-0,02992448
-0,006292779
0,01981034
-0,0009429734
0,005341829
0,01279387
-0,009771415
0,02674234
-0,001293039
0,01296718
-0,02990294
0,009842198
0,01868219
-0,02203214
-0,02575987
-0,0006674652
0,007215684
-0,01311604
0,008928795
-0,02865401
-0,004872188
-0,02707436
0,02463096
-0,01431856
0,02709214
-0,02630216
0,01629977
0,02356762
-0,01339314
0,02133851
0,0188646
0,02374222
0,01702096
-0,02219955
-0,02223453
0,006370677
-0,003835269
0,01781589
0,02054979
-0,01955793
0,007102327
0,003620628
-0,04311757
0,001074927
-0,03071986
-0,02530543
-0,01906595
-0,03128213
-0,02117607
-0,02393737
-0,0125492
0,007996084
0,02202441
0,01423909
-0,02814425
-0,03246308
0,008119735
0,01245252
0,01030077
0,003318952
0,02772373
-0,001247145
0,007510212
0,005709893
0,02509752
-0,02719382
0,0213582
0,01001328
0,0296833
-0,00572464
0,0303459
0,01695058
-0,007004797
-0,007217709
-0,01151483
0,007919513
-0,03021597
-0,02677196
-0,02611526
0,006883734
0,01347569
0,002944267
0,006040557
-0,0286613
-0,005349407
-0,03112323
-0,03569031
-0,03090262
-0,03469481
-0,02955651
-0,04182356
0,005401452
-0,030419
-0,01825331
-0,02136616
-0,02412138
-0,03649242
-0,01735977
0,01027688
-0,03148505
-0,01040807
0,007783732
-0,02350259
0,02130915
-0,01900213
0,007793724
-0,008802365
0,001081365
-0,004509188
-0,002695164
0,02948053
0,001465745
0,006714948
-0,02920996
0,0185286
-0,008885649
0,02145037
0,002803637
-0,01941879
0,02364605
-0,02812921
0,02015087
0,006136638
0,02035628
-0,007117895
-0,01927965
0,002085574
0,02824747
-0,02744366
-0,02733028
0,001706864
0,00644485
-0,01635613
0,02448093
-0,021004
0,02581635
-0,0147049
0,007211827
0,01251578
0,008776894
-3,812619E-06
-0,008044635
-0,002309232
-0,000393818
-0,03258157
-0,01155599
-0,02997234
-0,03201896
-0,009558574
0,01620656
-0,01795738
-0,002524904
-0,01799231
0,02637497
-0,02692665
0,00278619
-0,02208556
-0,008023734
0,002912142
-0,02887352
-0,0261537
-0,004158817
-0,0005506985
-0,005532727
0,02507525
-0,009102397
-0,01676478
0,00846385
0,01986709
0,02104829
0,03043762
-0,01909588
0,0119576
-0,007461376
-0,01561068
0,003093231
-0,01734587
0,02670943
0,01197655
0,01999017
-0,03120388
-0,0113084
-0,005513986
-0,02148146
0,01332198
0,02385155
-0,01014746
-0,01860765
0,01865688
0,0003869043
0,01635033
-0,03856494
-0,03510544
0,005773223
-0,002998817
-0,02911665
-0,04211552
-0,03239679
0,00258436
0,01137726
-0,02088506
-0,003038774
-0,008644191
0,01060659
0,02328059
-0,02088362
0,02132175
0,01888362
0,01050854
0,0006376065
-0,008880356
-0,01901752
0,01218711
0,01193215
-0,02697434
0,01656529
-0,02991916
-0,01175649
0,01103309
0,02963801
0,03054729
0,02477393
0,01534954
-0,01727557
0,02865412
0,02867479
-0,02985718
0,02431972
0,01481517
-0,03239558
-0,001495999
-0,02850544
-0,01641988
0,02614184
0,006997386
-0,007074837
0,01928276
0,002208602
-0,02604452
-0,007185
-0,03690691
-0,009546444
-0,007029434
-0,01936416
-0,02560951
0,001997656
-0,02018201
-0,01254355
0,006376193
0,01483546
-0,02632638
0,006426641
-0,0001950157
0,01222005
0,01045236
-0,01634819
0,012784
-0,02384026
0,01269325
0,02230434
-0,02194449
0,02946876
-0,02300384
0,01221397
0,02927136
-0,01126224
0,02561142
0,01478266
-0,0248173
0,006357444
0,02127076
-0,01104891
-0,02657636
-0,02344224
0,02494111
-0,002043844
-0,01319755
-0,009031788
-0,02968391
-0,01412741
0,008208808
0,000882545
-0,02427819
0,02186729
0,01855961
0,01774811
-0,00571755
-0,007982335
-0,02815992
-0,02111763
8,483299E-05
0,006984197
0,02107125
-0,0225488
-0,02077095
-0,03828079
-0,01537149
0,01420174
-0,01868757
0,01135873
0,005936509
0,001372472
-0,008774563
-0,02592446
-0,03281004
0,01851226
0,003909866
-0,01202006
0,01753503
-0,01414293
-0,02880919
-0,007990052
-0,02407002
-0,003605528
-0,01360277
0,004853419
0,01871557
-0,01725774
0,02476708
-0,01945252
0,01723562
-0,005742673
0,004292256
0,01928543
0,02443124
-0,02780037
-0,008660438
0,01513577
0,01570136
0,01761866
-0,03008316
-0,007313957
-0,03130831
-0,02021519
0,001242901
-0,03118734
-0,02493152
-0,03480285
0,0174574
0,02047168
-0,02479053
-0,03043387
0,0001336166
0,008575788
-0,03101913
-0,02147725
0,0001288029
-0,01358392
-0,04023172
0,008064304
-0,0239024
-0,02310039
0,03124257
-0,02561785
-0,02775691
-0,008270194
-0,03199603
0,0006936546
-0,01984721
0,02467016
-1,250194E-05
0,02283984
0,007545289
0,0285334
-0,01602126
0,007222283
-0,01025981
0,02432388
0,02413059
-0,01474517
-0,006077132
0,01733584
-0,00926182
0,0283816
0,0281396
0,006293552
0,01166357
0,01345511
0,008882315
0,005192693
-0,0131838
0,01596754
0,008619231
0,02506692
-0,0002305369
0,01460365
-0,007031809
0,01661415
-0,02816475
-0,02464803
-0,03434033
-0,0005234093
0,008443947
0,01404173
-0,01481973
-0,02284907
-0,007019397
0,004352782
-0,003277076
-0,005591224
0,02201099
0,01607761
0,002461076
0,0107406
-0,008805312
-0,002033954
0,02249986
-0,03105779
-0,01793794
-0,002023662
0,009937112
-0,01071827
0,02526098
0,005940038
0,005928255
0,006575559
-0,02005837
0,009337318
-0,006043523
-0,004093217
-0,01853526
-0,002912622
0,01612361
0,01073193
-0,01574329
0,0141065
0,02678152
-0,005827278
0,004686549
0,01061954
-0,03199182
0,02340229
-0,0309955
-0,03484759
0,002059981
-0,001507965
-0,01607206
0,02466298
0,002888558
-0,02873398
0,01989892
-0,0158223
-0,001151148
-0,005206608
-0,009015662
-0,0006065803
0,004340996
-0,03171423
-0,02300228
0,008014518
-0,02329213
0,02300706
-0,01439105
-0,02359022
-0,008433606
0,0006199079
-0,02944389
0,02451067
0,004044201
0,00977245
0,002021325
-0,00232853
-0,003506387
-0,000116183
-0,005005937
0,01157061
-0,0158387
0,02084918
0,02542072
-0,02803277
-0,01083992
-0,01852539
-0,02594856
-0,01351546
-0,001040084
0,0143711
0,01543363
-0,02231945
-0,02343388
0,00200668
-0,03105286
0,01331846
-0,0264099
0,009627461
-0,0006238199
-0,02518164
0,00793224
0,0253878
0,007685266
-0,0253378
-0,002054092
-0,01598348
-0,01577673
0,01323702
-0,01062255
-0,01317543
0,01633698
-0,03118627
-0,02679418
0,01144733
-0,008440614
0,01899377
-0,01185845
-0,01453505
-0,0007761916
0,0265622
0,02041963
-0,02730279
0,01265476
0,007659764
0,01489076
0,02295237
0,0173515
0,02822188
0,009040706
0,01875347
-0,007777364
0,01211437
0,02630367
-0,01471901
-0,02612474
-0,01149894
-0,02161637
0,01611744
0,0001856119
0,02831483
0,0133737
-0,02162124
0,01462416
-0,02995036
0,01155902
0,0002886645
0,02290791
-0,01889771
-0,02842417
-0,02733409
-0,006002818
0,0129583
-0,02027999
-5,624748E-05
-0,01693298
-0,003935041
-0,03296308
-0,03984403
-0,01604015
0,001944422
-0,003856107
-0,009761699
-0,02513377
0,00391393
-0,02742813
-0,01610787
-0,01747537
0,02656549
0,0160147
-0,01968678
0,01808851
0,005568251
0,01939366
0,003652983
-0,01761492
0,01087357
-0,01526277
0,009387982
0,01927279
-0,0197992
0,02730743
0,0006987559
0,0202331
0,002429595
-0,007332404
0,001823682
-0,004207162
-0,01195424
0,02283213
-0,0009991189
-0,02773229
-0,02770219
-0,01097194
0,01565896
-0,01381283
-0,02130822
0,02044487
-0,03322492
0,0233447
-0,00483217
-0,01168593
0,0226177
-0,006365143
0,02366834
-0,0173889
0,01592078
-0,03839784
-0,00183121
-0,01831242
2,402717E-05
-0,01604723
-0,009262345
-0,02529826
-0,02589499
0,009032801
-0,02942185
0,004583238
0,01012886
-0,01056416
0,007460038
0,02804721
0,02812999
-0,02773597
-0,00983439
-0,0262477
0,01299166
-0,0205027
0,02802685
-0,01785232
0,02796505
0,01618522
-0,01803281
0,01407084
-0,009978858
0,02044883
0,02879035
-0,02914957
0,02099603
-0,01926155
-0,0001841948
-0,0006468174
0,0111857
0,02081561
-0,02122387
-0,02772826
-0,004459281
0,01714825
-0,02182784
-0,02889956
-0,0183423
0,002465132
-0,02438348
0,00630373
-0,01885161
-0,00429524
-0,01689916
0,01849435
-0,02852436
0,01513392
0,0006182786
0,00188209
-0,03983518
-0,0077776
-0,008924944
0,02369606
-0,0246881
0,01783253
0,02198899
-0,006853589
0,01782462
-0,02502471
0,02187578
0,0009981851
0,0221292
-0,02530219
-0,02003683
-0,02794506
0,01973615
-0,01746956
0,004253265
0,02338932
0,03040319
0,02274779
0,02710166
-0,008036346
0,006116074
-0,0004313105
-0,007144591
0,01154099
-0,003702712
-0,02835244
0,01909214
0,0228496
0,0006614813
0,01109714
-0,008351297
-0,02210586
-0,006484383
-0,01598929
0,02248057
0,0019625
0,01975753
0,006816615
-0,02124417
-0,03039881
0,004391765
-0,001245587
0,01075802
-0,02511594
-0,00980128
-0,02233257
-0,03616481
0,015669
-0,0177051
0,01346545
0,009051193
-0,02086227
0,00311599
-0,02564576
-0,01129651
0,0075274
-0,003880213
-0,0200191
0,0261605
0,01109845
-0,01811065
0,02215301
0,02880456
-0,02407658
0,01163147
0,03010873
0,008012863
0,0005062487
-0,01466668
0,02465663
0,02909415
-0,01780569
0,002129483
0,01431985
0,006624247
0,02964802
0,01028731
-0,02330318
-0,01756429
-0,02859842
0,02244735
0,02386125
0,001922618
0,01013018
-0,03562137
-0,02781832
-0,005130203
-0,02006843
0,01922433
-0,0244844
-0,02838563
0,002155281
0,01169621
0,002119448
0,02116052
0,01645926
-0,005040309
0,002466235
-0,003205748
-0,004993022
0,007846845
0,0001161801
0,009135092
-0,004768698
0,01869679
0,0009170002
0,007567784
0,01780533
0,001331705
-0,01232416
0,02631571
-0,01247715
0,02693899
0,02094601
0,0147737
-0,01383277
-0,0130315
-0,01883957
-0,02647123
-0,0008781767
-0,005633523
-0,01235509
4,471051E-05
0,02683508
0,01241586
-0,0145476
-0,00821029
0,02364965
0,01442988
0,007024508
-0,01507045
0,02366617
0,001419749
0,01119445
-0,01620751
-0,01732363
-0,02424067
-0,0303339
-0,04118539
-0,01165938
-0,00886973
0,01016001
0,009467568
0,001899008
-0,0199136
0,01490609
0,003443925
0,02171044
0,02124645
0,01267418
0,005126201
-0,003548623
0,007439599
-0,02744526
-0,02509072
-0,005576579
-0,02720526
0,01568425
0,01574153
-0,001100504
-0,02472092
0,0140374
-0,02866418
0,01976434
0,02867834
0,02902261
0,01235968
-0,0194596
-0,002412492
-0,00774456
-0,0286166
-0,02258475
-0,02254342
0,0001554127
0,02442392
0,006219435
-0,002892341
0,01800019
0,002656076
0,0139214
-0,0003192199
-0,009539755
-0,03473283
-0,03223363
-0,03152939
0,0205178
-0,02053906
-0,006128756
0,004539957
0,0189224
-0,02581542
-0,006988151
-0,01770422
-0,008951709
-0,01404756
0,008342101
0,00729635
0,02199289
0,01021969
-0,01163126
-0,02179112
0,003146248
-0,003438844
-0,0009472418
0,01180306
-0,002239671
-0,01411217
-0,02449567
-0,0219189
-0,003388093
0,02192301
-0,01714029
-0,02173602
0,0273397
0,02755296
0,0125071
0,01223003
0,02753459
0,01759756
-0,02580204
0,009961759
-0,02115456
-0,005067545
-0,003725797
-0,02779426
9,432097E-05
0,01448012
0,00957522
-0,02519331
-0,02527337
0,01844447
-0,003119688
-0,03060529
-0,02615828
-0,003904339
0,02304848
0,01448735
-0,006034012
-0,0173079
-0,007791504
0,0002956193
-0,02515945
-0,0170838
-0,02732404
-0,03655307
-0,03917644
-0,01693642
-0,01351657
-0,005057958
0,007335023
-0,02575004
0,01714137
-0,02430185
0,005601991
0,0109765
-0,02814643
-0,02429781
-0,029375
-0,006368045
-0,02214004
0,01228059
0,005454782
-0,03018956
-0,0284721
0,005186177
-0,009630732
-0,02376438
0,02545822
-0,006671863
0,02890414
0,02046935
-0,02033556
0,002661139
-0,0176489
-0,004774093
-0,002266503
0,01848026
-0,0188031
-0,008528586
-0,03103767
-0,02499556
-0,01179585
-0,027458
-0,009882569
0,02332054
-0,03927993
-0,01534133
-0,005113908
-0,009267671
-0,009234031
0,01235752
0,01253425
-0,03388502
-0,02927369
0,00365855
-0,04210543
-0,0291068
-0,01512145
0,004188925
0,01100387
0,02495172
-0,005385454
-0,03204712
0,005216629
0,02279559
0,02825475
-0,01678109
0,02600957
-0,02299996
-0,01830096
-0,01578121
0,02462389
0,01056456
-0,00506948
-0,02950248
-0,006046307
0,001175442
0,006503746
-0,02754796
0,00227833
0,02794306
0,0046883
-0,006286236
0,02088961
-0,02436626
-0,03159309
-0,02510322
-0,008582963
-0,00562077
-0,005866033
-0,01723503
-0,009618032
-0,00420654
0,005420655
-0,02886646
0,003466303
-0,01719797
-0,003225339
-0,006659272
-0,03900291
0,007316348
-0,01851238
-0,02155804
-0,02704534
-0,02805492
0,01609374
-0,03128455
0,0006365429
-0,02708887
-0,00993289
-0,003904128
0,0008268574
-0,01218486
-0,02132358
0,02017674
-0,008378051
-0,027416
-0,02114704
-0,004451181
0,01769888
0,02235103
0,02539231
0,004336375
0,01555979
0,02766927
0,0229683
-0,001537184
-0,02581203
-0,008603361
-0,008534029
-0,02411123
0,02839369
-0,02800148
-0,02931468
0,01658285
0,001092262
-0,0172499
-0,02459168
0,007173028
-0,02166854
0,02173178
-0,007636526
-0,02582706
0,02209694
0,02146668
0,009328923
-0,02684538
-0,01614584
0,01333013
0,001761255
-0,005825559
-0,02885619
-0,03852469
-0,0003524807
-0,03569324
0,01191373
0,01055497
-0,007435601
-0,02201444
-0,01271289
-0,009108478
-0,03285361
-0,01283818
0,01940995
-0,009198275
0,002349844
0,001265013
-0,01334283
-0,008752146
-0,0199107
-0,02286088
0,02656814
0,003794794
-0,01051081
0,0307447
0,001397392
0,02038696
0,008907815
0,02211738
-0,0139152
0,01847854
-0,02117834
-0,0161832
0,01065833
0,01717293
0,02943745
0,02529869
-0,008865467
0,02384044
0,02254014
0,01191302
0,00939016
0,01660237
-0,0198682
0,01037542
0,01623172
-0,02515829
-0,01845438
-0,000885785
-0,01750862
-0,03142978
0,006337965
0,01610448
-0,005041832
-0,009779176
0,001529181
-0,008253272
0,003713476
0,004115233
0,0007606695
-0,03447063
-0,02343217
0,008414408
-0,02801622
0,003245154
-0,01435483
0,01883255
0,005657977
-0,02931259
-0,01157655
0,005661898
-0,0204159
-0,006744158
0,002110833
0,004011436
0,0006073921
-0,0198796
-0,008318757
0,009795911
-0,01771412
-0,002767673
0,003898283
-0,02793517
0,0004235071
-0,02448455
-0,02823042
-0,01580781
0,00795068
-0,02453976
-0,02561715
-0,003831777
-0,02103347
0,008437535
-0,0132125
0,01958908
-0,002680933
0,02543205
0,008784755
0,0001957824
-0,01366656
0,02367965
-0,01317399
-0,02756558
-0,02160157
0,003302064
0,01870512
-0,02276579
-0,021248
-0,03997386
-0,03433375
-0,004566089
-0,02576391
-0,03295895
-0,003267556
-0,02232555
-0,002774601
-0,02258626
-0,01878174
0,02396593
-0,0001822534
-0,026452
-0,02018222
0,0002249056
0,02979885
0,02556659
-0,003305873
0,001853241
-0,0221857
0,01051317
-0,0265615
0,003917201
-0,004848205
0,01231875
-0,0106618
-0,01234037
-0,02644164
-0,006949885
0,01524317
0,01167023
-0,02584728
0,008613443
0,02056427
0,00641483
-0,02265996
0,004976226
-0,01627047
-0,0239452
-0,02791722
-0,03320745
-0,01226718
-0,0194912
0,006096912
0,004387145
-0,03605281
-0,02885859
-0,0004608229
0,01078465
-0,03044466
-0,01691031
-0,0181029
-0,004395733
-0,02271856
0,008545528
0,02816634
-0,00175575
-0,02546239
-0,003009434
0,0125112
-0,01933652
-0,02697928
-0,02587405
-0,008658342
-0,003590073
0,01663455
0,0232966
-0,01558679
0,007604047
-0,002934302
-0,006936339
0,009822715
-0,01160568
-0,008645743
0,03092153
-0,0133988
0,01342818
0,02266621
0,005093533
0,006070024
-0,02704235
-0,0008308305
-0,02296432
-0,02309764
-0,009143921
-0,003556594
0,0126898
-0,005625855
-0,02531326
-0,0001406705
-0,0004759831
-0,006945732
0,007518851
-0,01956445
0,01355263
-0,04078396
-0,02235308
0,01585549
-0,02590299
-0,03750818
-0,02579429
-0,03433543
-0,02480176
-0,009647991
0,01276828
0,009213794
0,02946619
-0,02777543
-0,01965769
-0,007647076
-0,01916182
0,006095591
-0,001446189
0,02125167
0,009685092
0,01074244
0,02594356
0,02541443
0,02752546
-0,0293257
-0,02519319
-0,004610505
-0,02745658
0,03113394
0,02046061
0,02289237
0,02202361
0,02716953
-0,005864142
0,02827708
0,03125483
0,01945517
0,005677379
0,001037012
-0,008989981
-0,02706311
-0,004903283
0,01496022
-0,01134366
0,01206924
-0,007831484
-0,004515221
-0,02873326
0,005464278
-0,0190826
0,01692227
-0,03816533
0,02123758
0,00374629
-0,02243092
-0,03478153
-0,01077339
0,02320421
-0,02372299
0,02172427
0,01426288
0,0261806
-0,02924404
0,001699655
0,0247576
0,01673436
-0,02640927
0,01241232
-0,01517356
-0,005808454
-0,005059819
0,02990985
0,02576271
-0,001607504
0,007736806
-0,01405478
-0,02066486
0,001950501
-0,01932038
0,003828377
-0,001071775
-0,01924438
-0,01272329
0,006479223
0,01792001
0,0167681
0,02513942
-0,01713202
-0,02385993
0,01913555
0,005738228
0,0168084
-0,0101879
0,002802105
-0,001776745
-0,02985741
-0,01614283
-0,02634735
-0,0149044
0,01734884
-0,01737287
0,01559366
0,02070822
-0,02053146
0,01968889
0,02361424
-0,03156682
-0,01379257
-0,03460711
0,0244626
0,02519287
0,01944083
0,01709128
0,007399984
-0,00322531
0,005036958
0,01020758
-0,0008673543
0,01505202
-0,02383646
0,02065547
0,02107075
0,005102823
-0,004978466
0,0191003
0,005358807
0,005602343
-0,01135805
0,02374611
0,002725179
0,02821856
0,02825731
-0,02682143
-0,01890607
-0,02279835
0,001116015
-0,01815888
0,02421977
0,005924613
0,01680048
0,01005022
-0,005570442
-0,02110135
-0,02052699
0,01940504
0,0104691
-0,03470946
0,006512121
-0,03204995
0,01670991
-0,01340202
0,009974067
-0,01629722
-0,02205609
-0,03292894
-0,006014717
-0,02287058
-0,009125552
-0,009682068
-0,01457617
-0,01193304
0,01211281
0,001613616
0,002007057
-0,03047873
0,02779656
0,01467803
0,00675404
0,001243577
0,02426082
-0,007767118
0,01371112
0,02085077
0,02498399
-0,001932173
-0,008927982
0,01114587
-0,004499292
0,000369539
-0,0286324
0,002262549
0,02197194
-0,02094902
0,02343365
-0,02388579
-0,02265828
9,553041E-05
0,01660758
-0,0287006
0,0006908704
-0,02024003
0,005137332
-0,00515932
-0,01216417
-0,009705696
0,01351715
0,02135327
-0,0008649669
-0,03105604
0,01838741
-0,03415535
-0,0087683
-0,02596058
-0,02365505
-0,0005077547
-0,001231698
0,01615974
-0,0122531
0,008361432
0,007510133
0,01426939
0,01848471
-0,0325
-0,001749131
0,01755274
0,002553538
0,008341286
0,009911573
-0,006549672
0,02296532
-0,004695176
0,0262217
0,00134846
0,02587817
0,009631765
0,009847065
-0,01217254
0,0016762
-0,001430193
0,00568978
-0,005989688
-0,02867688
-0,01478486
0,001089315
0,02744345
-0,02498063
0,003396136
0,0182956
-0,01681652
-0,004459107
-0,0247526
-0,03210428
0,02499446
-0,01498112
0,007407935
-0,01993299
-0,0001069047
0,02059258
-0,009472222
0,01083505
-0,03196893
-0,02753285
-0,03066953
-0,0292883
-0,009126954
-0,03263259
0,01784083
-0,02414859
-0,0008836716
0,01951697
-0,012501
-0,008879052
-0,03115531
-0,01676873
-0,01130039
0,01802699
0,005868512
-0,001908309
0,001958648
0,01264444
0,02406132
0,01584349
-0,00591305
0,02686051
0,01329276
-0,00455934
0,02776582
-0,01827579
-0,01911874
-0,01166992
-0,02977633
-0,00871473
-0,02856505
0,002528701
-0,009204886
-0,02116331
0,0193717
-0,03032516
-0,03055601
0,02012755
-0,02214318
-0,01253029
-0,01531811
-0,01593411
-0,03600426
0,009344047
0,01955954
0,0063908
0,01798286
0,01430126
-0,002284408
-0,035535
-0,02198721
0,001430289
0,01886597
-0,009310939
0,01424612
-0,02182699
-0,003193105
-0,03369222
-0,02619018
0,007195759
-0,02409299
-0,01218313
0,02599587
-0,02936262
-0,007343044
-0,002519764
0,02186667
-0,01873127
0,02855306
0,002573029
-0,003388911
0,00935648
0,002346593
0,003768981
-0,0005427442
-0,02426236
0,0210082
0,02956699
-0,001197292
-0,01788367
-0,01844941
-0,01635729
0,004316731
0,02060022
0,02693803
-0,01612753
0,004671267
0,02494679
-0,01225119
-0,0001863514
-0,002229102
0,02288108
0,004472903
-0,005806226
-0,02221412
0,02033078
-0,01363493
-0,03499121
-0,02665401
-0,01702898
0,009725776
0,008532505
0,02019577
-0,02917027
0,0009308676
0,005095667
-0,0224079
-0,00856143
0,01982315
0,007655587
-0,006521354
0,002576023
0,006798474
0,02439767
-0,003440444
0,01948602
0,01442811
-0,02478385
-0,02866868
-0,02263652
0,02258261
0,02725306
0,02156988
-0,004335309
-0,02842544
-0,001463368
0,02572967
-0,02549593
-0,0109141
-0,0001541098
0,01384104
0,01498111
0,01193965
-0,02970066
-0,0108771
-0,005467806
-0,01216043
-0,006022925
-0,0221789
-0,0181931
-0,02981396
-0,02516887
0,02156015
-0,001896635
-0,03216743
0,02052126
-0,01761051
0,007150004
0,01562183
-0,01873215
-0,02756907
-0,02191449
-0,03487604
-0,02875626
-0,003240863
0,01800978
0,0190822
-0,002913457
-0,02629615
-0,02037695
0,01871374
-0,02400263
-0,02397296
-0,0033637
0,02943079
0,007040333
0,02161346
0,003780679
0,002503969
-0,02979758
-0,0009685922
-0,01325005
0,02245274
0,01809023
-0,02474646
0,01230884
0,02894448
-0,01414399
-0,01333285
-0,02945777
-0,02537946
-0,02452893
-0,02256855
0,02627904
-0,01596351
-0,003776086
0,01223715
-0,002003167
-0,006761455
-0,008000191
-0,001046432
0,01580517
-0,01785998
0,02342773
-0,009473222
0,01821612
-0,03298758
-0,01014171
-0,005849881
-0,01165749
-0,02917459
0,01449404
-0,02455287
0,01832641
0,01631492
0,02315286
-0,005840024
-0,01491859
-0,0254968
0,01989963
0,02567833
0,008254094
-0,01625606
-0,0232907
-0,02269243
0,009538557
0,02916852
-0,02109778
-0,02025247
0,0009501877
0,02456748
-0,01186933
-0,02574347
-0,02470933
-0,0003941331
0,01100886
0,02890061
0,02289699
-0,007816135
-0,02180582
0,004905084
-0,005667801
0,008891557
0,01795132
0,0215155
-0,01448843
0,02255494
-0,01930088
-0,03109389
-0,01681748
-0,03314008
-0,007078055
-0,008431307
0,005174649
-0,0002368464
0,02102387
-0,0002145919
-0,02684397
0,01652886
0,004389102
0,01497094
0,01844383
-0,01998817
-0,03466235
-0,00328523
0,02138943
0,01289669
-0,0239945
-0,003638294
-0,0167665
0,02643102
-0,0007727528
0,02377063
0,02328783
-0,01514496
-0,00155397
0,02758133
-0,006793121
-0,01783917
0,02008948
0,01682971
0,01701923
-0,02185326
0,02541341
-0,002082937
-0,005602292
0,01880438
-0,003551115
0,002261951
0,004102079
-0,02783526
0,01644509
-0,02950868
0,003482136
-0,01981618
0,01136511
-0,02579595
0,005425307
-0,02025745
-0,0336622
-9,730258E-05
0,01262324
0,01258362
0,01318529
-0,02053811
-0,006911244
0,0001812926
-0,003575034
-0,01627042
-0,03789936
0,01762886
-0,02823078
0,0198787
-0,03414547
0,03051535
-0,02289777
0,01307906
-0,009509061
0,003629762
-0,02433118
-0,03193366
-0,01603669
0,00384366
0,02109763
-0,021897
-0,01866616
-0,003419726
-0,01566484
0,01004632
0,00237771
-0,007377067
-0,006694024
-0,0185509
-0,01765883
-0,01227653
-0,02978187
0,02870736
-0,01209679
0,006522881
0,0237331
0,01521066
-0,01652244
-0,027687
-0,002492573
0,00467403
0,0196265
0,01707442
-0,03438433
0,006863473
-0,0293926
0,02063714
0,007568957
0,0190178
-0,03705173
0,01673328
-0,0237454
-0,02826311
0,01784918
0,004009314
-0,03149037
-0,03632678
-0,02206509
0,01626438
0,01730179
0,007543035
-0,005608962
-0,03803614
0,01324186
0,008947969
0,02411137
-0,0228306
-0,004714391
0,0152734
0,008454529
-0,005906051
0,01870663
-0,0163647
-0,02619284
-0,02114404
-0,01377743
-0,006758869
-0,001947012
0,0055951
0,004383637
0,006653848
0,01056102
-0,005604348
-0,02205206
-0,01521746
-0,02865931
0,01864154
-0,0321534
0,005089084
0,00230524
0,01918373
-0,01172537
-0,01577856
-0,0247006
0,01620262
-0,02658105
0,01820469
-0,03313311
-0,02287335
0,002053875
0,01255588
-0,009870247
0,01916747
-0,02668056
-0,00278287
-0,02870937
-0,03947586
-0,03885435
0,006885267
-0,01368817
0,005052186
0,003482745
0,01501231
-0,01022313
-0,020187
-0,03364557
-0,02568732
0,01893839
0,0005728518
0,01028638
-0,02218668
-0,01965732
0,02014988
-0,0186763
0,02074265
-0,02844435
-0,0002767027
-0,02720151
-0,01336683
-0,02861016
-0,005476701
-0,01107213
-0,01979611
0,02513142
0,01121189
-0,02330085
0,01223159
-0,02503586
-0,0004678303
-0,02859919
-0,03073873
0,00968186
-0,02221997
-0,02443679
0,01662047
-0,02370349
-0,001375624
0,02316832
0,02117181
0,007065164
-0,03705198
-0,03514602
-0,004128702
0,001607572
-0,009154636
0,001928581
-0,001923002
0,004013212
-0,01498785
-0,005253202
0,000495426
0,0255592
0,01550596
0,01209343
-0,03273927
-0,008576058
-0,008047423
0,02336473
0,009726051
-0,02537949
-0,01393581
-0,03032743
-0,01247661
-0,004241807
0,009543964
-0,002829439
0,02965088
0,007907919
-0,008051488
0,006277084
-0,002122573
-2,129965E-05
-0,02498386
-0,001116579
-0,0304066
-0,007715743
0,01543554
0,003034462
-0,01156082
0,02682045
-0,004454702
-0,0328106
0,008681925
0,02091833
-0,01275079
-0,0306193
0,01815764
-0,01028566
-0,02418364
-0,007188326
0,01510696
0,001017003
-0,02170568
0,01225853
-0,007563883
-0,04101563
0,001696929
-0,03488785
0,01526127
-0,03485767
0,007880989
-0,03222447
-0,01171672
0,01160336
-0,03134668
-0,02559769
0,01956367
-0,0112088
0,01456611
0,005659661
0,005625708
0,02245792
0,0001495935
0,01192235
0,006624255
-0,014189
-0,01056093
-0,006304537
-0,02674755
0,005116002
0,002472266
0,002881933
-0,005298603
0,02270612
0,01538348
0,0170588
-0,01997845
-0,01843261
0,02797454
-0,03234221
0,005203699
0,00732419
0,005956466
-0,02049835
-0,0232126
-0,00669181
0,004790175
0,01654744
0,01040849
-0,02611759
-0,02780484
-0,004104519
-0,0004187254
-0,005222058
0,01120541
0,0166686
-0,03397948
-0,008718059
-0,02568538
-0,02386795
0,008616035
-0,01001747
-0,02583058
-0,01072099
0,0002024462
-0,02320736
0,004300693
-0,001453576
-0,02685189
-0,01257718
0,02886385
0,007466636
-0,008025484
0,01612558
0,02818035
0,02766765
-0,01614877
-0,01308397
0,0009833963
-0,025073
0,004448716
-0,003903766
0,004274448
0,01929666
-0,007676536
0,02980783
0,02114984
0,01762095
-0,02997389
0,0159962
0,004617013
0,005137119
0,02603277
0,007520145
-0,01849279
-0,0142101
0,004083708
-0,01753363
0,005798268
-0,03819776
0,01593011
-0,02741967
0,0101766
-0,0137396
-0,02750318
-0,01177926
-0,03392665
0,01530053
0,0004558862
0,02265526
0,01084056
0,01975535
-0,03210875
-0,02578898
0,008536161
-0,01599481
0,01270563
-0,01757762
0,0273953
0,001581243
-0,01072449
0,018843
-0,004011735
-0,01358278
0,0112714
-0,009144385
0,008988614
0,01149959
-0,00364916
0,00595463
-0,01159693
0,0281424
0,005535536
-0,0003420472
-0,02012314
-0,008000829
0,006731323
-0,02370518
0,003958967
0,01920534
0,01975238
0,02742567
-0,02407504
-0,02813205
-0,03269121
0,0178301
-0,0005316395
0,01759797
-0,03443754
-0,03470282
-0,005384982
-0,01739351
-0,02297582
-0,03263648
0,005207823
-0,03624716
0,003989061
-0,006013236
0,00970647
0,01829012
0,01896312
-0,001600272
-0,001762835
-0,02727217
0,004586328
0,01446213
-0,01666852
0,001053574
0,02671945
-0,0125676
0,009792313
0,00969765
0,006462422
-0,02355265
0,01403923
-0,007882382
0,0107583
-0,006179593
-0,01591792
0,02262724
0,01787684
0,02115723
0,01137492
-0,007581502
-0,03079311
0,02523308
0,009944134
-0,003317952
0,01586032
-0,02582028
0,005541635
-0,03032253
-0,0120172
0,01062874
0,02625828
-0,007562781
-0,003767922
-0,02781588
-0,009999691
-0,02290401
-0,001944158
0,02119697
0,01302225
0,001526563
-0,0131157
0,0178544
0,01000227
-0,02590878
-0,01288682
-0,01886806
-0,01215168
-0,01175774
-0,01236315
0,02322709
-0,02959653
-0,02895681
0,01292878
-0,02729863
-0,0277187
0,01424656
-0,02092242
0,01928544
0,01697329
0,02106554
0,01195151
0,007740227
-0,00838691
0,0247454
-0,0219959
-0,009729594
0,02551168
0,007788868
0,0277003
-0,03043631
-0,01167313
0,0176624
-0,03170861
-0,03067442
-0,03149347
-0,02564654
-0,02579433
-0,003620253
-0,02969337
-0,003741438
0,01384496
-0,01420884
0,01165281
-0,009714588
0,003977149
0,02324612
0,002865275
-0,01617786
-0,03639491
0,004276966
-0,03437708
0,006301383
-0,02831427
0,02115391
0,02190208
0,00487787
-0,007283897
0,01369366
-0,03292841
-0,0319139
-0,01071112
0,01396625
-0,01188478
-0,01296241
0,004654806
-0,01372095
-0,02807752
0,01744563
-0,02453705
0,02847682
0,008309127
0,008407747
0,01388318
-0,01261302
-0,0228895
-0,004729888
0,02477346
0,0293187
-0,01364558
-0,01946048
0,01261422
0,003664997
0,005690887
-0,0150784
0,02540079
0,005241917
0,002580653
-0,03307498
-0,03220079
-0,01945702
0,002072727
-0,01665798
-0,007503559
-0,0349695
-0,03268044
0,02629357
0,01770957
-0,01619532
0,008610356
-0,01974318
0,01126105
0,005306483
-0,02361911
-0,03459199
-0,03413583
-0,013464
0,0258917
0,01615942
0,01589002
0,0001944633
0,01792232
0,003847924
0,002758108
0,01961317
-0,01058175
0,01834836
-0,02250073
-0,02560251
-0,008397444
0,02930016
0,01245562
-0,02890257
0,01470244
0,02069128
-0,004346389
-0,005059157
-0,01967957
0,01365016
-0,01844113
-0,02356855
-0,001129971
-0,0005165541
-0,01987858
0,02389989
-0,01250752
0,02519497
-0,01181971
0,001195679
-0,01889982
-0,00242694
0,005594013
0,01096983
-0,02601041
-0,008460995
-0,01537191
0,01970848
-0,001748112
-0,002388291
0,004328578
-0,02551745
0,009501295
0,01136326
-0,03910592
0,009137829
0,0004854179
0,01139787
-0,0327641
-0,01131817
-0,000624141
0,005601602
-0,01819422
-0,01669813
0,01318735
0,01308538
-0,02884248
-0,009976653
-0,007352499
0,006385332
0,002498154
-0,00485481
0,0009576571
0,007002534
0,02078168
0,02264406
-0,007313468
-0,02945731
0,02214204
-0,01470419
-0,002648175
-0,002806745
0,01852936
0,002044099
-0,02876026
0,02687966
-0,01449478
0,006032802
-0,005958732
-0,01056955
-0,01584993
-0,009619225
0,01517086
0,0186467
0,01742322
-0,004364268
-0,02790092
-0,01712378
0,0195083
-0,01367991
-0,01410153
-0,03723368
-0,003311496
0,02105045
-0,038315
-0,02618445
0,005850692
-0,02884371
-0,03978936
-0,02779483
-0,008072828
0,00500746
-0,03274243
0,01844803
0,02821794
-0,02297209
0,02002928
0,01251475
-0,01911036
0,01495808
-0,006485377
-0,007489666
0,02277162
0,02984847
-0,01077851
-0,0215642
0,005962436
0,007092693
0,01157169
-0,01594563
0,008876744
-0,02733367
-0,02789412
-0,004128509
0,01907775
-0,007365542
0,02170286
0,01872096
-0,001662057
0,01496903
-0,02007879
-0,02702443
0,002747306
-0,01635707
0,02180339
0,003148403
-0,01497092
0,01939875
0,01499877
0,003720789
0,005401276
-0,01011461
-0,03468812
-0,03040215
0,01504906
-0,04148067
-0,03093811
-0,003264401
0,005072083
0,02009521
0,007035455
-0,02406802
-0,0009010184
0,01588807
-0,002266538
-0,0101762
0,002104647
0,003726681
-0,03256711
0,002719617
-0,015714
-0,03065349
-0,01735319
-0,002578568
0,002480041
-0,009376446
0,01553649
0,003121359
-0,02945274
0,008321396
0,01549761
0,005294158
0,008438873
0,02696132
-0,001523664
-0,0218135
0,02610758
0,01930715
-0,005490819
0,01436785
-0,02299539
-0,01617632
-0,02242388
0,003346009
-0,02725119
-0,03260409
-0,0009787093
0,01816392
0,01447794
-0,001330921
-0,02852408
0,00985502
0,01979993
-0,02464682
-0,01100194
0,004841534
-0,0223747
-0,001679686
0,001660211
0,006547987
-0,0137219
0,005347625
0,003407851
-0,03173044
-0,02221316
-0,02858711
-0,005297788
0,005514747
-0,01294807
-0,009058605
-0,007431833
0,01142635
-0,02222662
-0,01616704
-0,008239798
0,0293596
0,02112287
0,007555786
-0,0096217
-0,002766432
0,01883292
0,02366965
0,01211768
-0,005049782
-0,0003635802
0,02542525
0,005603178
-0,01368137
-0,004995704
0,009531141
0,01679157
-0,01369398
-0,0183457
0,01959585
-0,003063231
0,001068537
0,009922748
-0,02212963
-0,006397755
-0,03056773
0,005332816
0,01961456
-0,006847644
-0,0117693
-0,02387854
-0,0127852
-0,00188084
0,006749391
0,0277298
-0,0003667497
0,0240851
0,006569793
-0,01358906
-0,02055846
0,01915585
-0,006139966
0,02414366
-0,01696673
-0,0001264057
-0,02135149
-0,005562797
-0,02558478
-0,02200904
0,004702536
-0,0005238116
-0,0257195
-0,002766703
-0,009944455
0,01436992
0,01719465
-0,01505384
0,01079375
-0,02197892
-0,01405253
0,01769614
0,02335643
-0,01064697
-0,01743733
-0,0214362
-0,02883872
-0,01246229
0,02322703
-0,01003372
0,02897442
0,01686019
-0,02606956
-0,03465313
-0,03026731
0,02467281
-0,02645135
0,006852505
-0,0015665
0,002572764
-0,017788
0,003226156
-0,00363597
0,01429189
0,02482632
0,02586198
-0,02206739
0,02868741
-0,01006443
-0,03129186
-0,01591924
-0,01839918
-0,01824679
0,001997294
-0,02774461
-0,003616868
0,02699677
-0,02686209
0,008448653
-0,0294175
-0,005016266
0,02028757
0,001630246
0,0148205
-0,0198746
0,01612888
-0,01194071
-0,02856459
-0,006989989
-0,009499444
0,006680198
-0,02491385
0,01455147
-0,02692316
0,01993209
0,005264971
-0,02012706
-0,02778164
-0,01032685
-0,01635312
-0,03264244
-0,03023821
0,02529929
0,01703195
-0,02709265
0,01098534
0,001921663
0,00371586
0,02165042
0,00296558
-0,03390398
-0,03304018
-0,03557007
-0,002344386
-0,01959564
-0,008130933
-0,02518723
0,01964608
0,00711285
-0,02055717
0,01064327
-0,02709055
0,004152612
0,02778509
-0,007458524
-0,0237525
0,001059394
-0,02010953
0,009484471
-0,003776203
-0,01756744
0,02321996
0,01188931
-0,006143014
0,02987696
-0,00956438
0,02128201
0,008566425
0,004888601
-0,004309143
-0,02234451
0,006204206
-0,02882885
0,01409162
-0,01018368
0,005351791
-0,02659938
-0,01869701
0,01872634
-0,008541152
-0,003505351
-0,01129615
-0,006796889
-0,02541603
-0,001177465
0,01807856
-0,01180244
-0,0392496
-0,0152274
-0,03752267
-0,02594025
-0,01137883
-0,03922436
0,002086614
-0,006402951
-0,02715959
-0,00973125
0,00494647
0,001109498
0,02152316
0,004869711
-0,001660673
-0,01702602
-0,01800967
-0,02777292
-0,02818301
-0,02734591
0,02108366
0,00854807
0,02017328
-0,02790065
-0,01220485
-0,008131834
-0,01219591
0,02844284
0,02129314
-0,00197518
0,002789268
0,01913796
-0,02680255
0,02037848
0,019483
-0,02276927
0,001634423
-0,01944679
0,00990659
0,005699795
-0,001836386
-0,01293299
-0,01941733
-0,02045964
-0,005582443
0,01082385
0,02265683
0,009945369
0,02017167
-0,03232285
-0,02420994
-0,0336111
-0,002745052
0,01947775
0,003147094
-0,01338684
0,006125842
0,0283884
0,0231964
-0,02813388
0,01191042
0,005239371
0,00434092
0,009752559
0,01804448
0,01938902
-0,00369621
-0,02851118
0,015285
-0,008439191
0,01120777
-0,02905064
-0,008784039
-0,003792206
0,004925644
0,002979211
-0,003087207
0,008509595
0,007502621
0,008119844
-0,003552596
0,003954589
0,03011801
0,01367395
-0,0151903
-0,003436377
-0,01485833
-0,01831642
-0,01982983
-0,003229597
-0,001470648
0,002437266
-0,01517609
0,006471787
0,02050925
0,0165408
0,009016462
-0,001278337
-0,0126072
0,0003493074
-0,02282041
0,01793469
0,02388501
0,002248042
-0,009863801
-0,02532117
0,007783818
-0,02905282
-0,01683225
-0,02860469
0,02119083
-0,03184795
-0,007897197
-0,01150892
0,006358433
-0,01992444
0,004332977
0,02080207
-0,003585803
-0,007831563
0,001568381
-0,01550005
0,02281975
-0,009742034
0,02216681
-0,02265147
0,01679957
0,01520145
0,004081292
0,01269753
0,02081484
0,02585202
-0,01389891
-0,02903353
-0,005179943
0,003259242
0,005888507
-0,007668513
-0,01371509
-0,03036024
0,01202716
-0,019552
0,02300274
-0,03074893
-0,005317611
-0,009692431
-0,02139942
0,02549683
0,0242248
0,006780558
-0,01655843
0,01777375
-0,0294231
0,02695346
-0,02917049
0,02337584
0,02492142
0,001270031
0,0122359
-0,01338776
-0,005844071
0,02844947
0,002143035
0,002667884
-0,01566141
-0,0308812
0,01402277
-0,009911353
0,02256457
-0,02652142
0,003833906
-0,01716346
0,00445623
-0,006473618
0,00844094
-0,009242473
-0,01157503
0,02004614
0,01964428
-0,006104365
0,02631224
0,02055746
0,01649535
0,02094434
-0,004274399
-0,02998964
0,02024324
-0,01423223
0,02679242
-0,004096851
0,003463601
0,028867
0,005661658
0,02787898
0,002785207
0,01038807
0,008739663
-0,01134079
0,01414969
-0,002204615
0,009343789
0,01604154
-0,03088583
0,019709
-0,02700358
-0,03152258
-0,02131425
0,005086469
-0,01155929
0,01103778
0,007875624
-0,02149754
0,01513178
-0,01023534
-0,005844331
0,004712942
-0,01787127
0,009156602
-0,02216686
-0,01466593
-0,0205998
-0,001106654
-0,006431615
-0,004397955
-0,000664525
0,005579736
0,005834694
0,006914613
0,01719854
0,02266869
0,01023625
0,0263605
-0,02757169
-0,01234139
0,01108012
-0,02379192
0,01690556
0,02075691
0,01317355
-0,008648312
0,01423412
-0,02446014
0,02151363
-0,01898131
0,01374537
-0,006274391
-0,02009862
-0,01733647
0,004805733
-0,03090829
0,0005840408
-0,03501448
-0,02075726
-0,004870798
-0,0129838
-0,02123995
-0,009052516
0,003393998
-0,005912564
0,00173889
-0,00342624
0,007185795
0,02307055
0,001495262
-0,02560888
0,01303685
-0,02270013
-0,0009906004
0,0103865
-0,01175315
0,01874065
-0,01065698
0,02667215
0,01706743
0,0008926645
-0,02987416
0,00522173
-0,0209021
0,007224489
-0,02652584
-0,006499692
-0,0105894
-0,02842086
0,01522591
-0,01203081
0,00865211
0,01199485
0,001443466
0,02612216
-0,003344222
0,008423286
-0,02125036
-0,003985999
-0,02263195
0,01858601
-0,02816045
-0,01953229
-0,009228992
-0,02269165
-0,02819413
-0,01512747
0,008090846
2,591587E-05
-0,01635782
-0,01945046
-0,01915828
-0,03173732
-0,007778176
-0,03137471
-0,01064683
0,006336302
-0,01373693
-0,02983158
-0,008634091
-0,02209785
-0,02146599
0,008039665
-0,01979629
-0,01822461
-0,005864936
-0,02946464
0,004124192
0,002962299
-0,01626153
0,009864318
0,008780553
0,02247034
0,01570581
0,02331796
-0,005925184
0,01569129
-0,01923481
0,02846434
0,002107527
0,014508
0,01133429
0,01584539
0,01576134
-0,0003002102
-0,02812781
0,004584794
-0,01561209
0,0006089123
0,004096458
0,0156745
-0,01219775
-0,02702862
-0,02958513
-0,03341968
0,01108314
-0,003346878
-0,02746323
-0,02035362
0,01608213
-0,02864859
0,01061447
-0,02613029
-0,01212927
0,006705874
0,004245467
-0,009251988
-0,01033595
0,00385626
0,005643573
0,006555883
-0,001647282
-0,009777966
-0,0001203241
0,007812368
-0,00253446
-0,006356779
0,02178422
0,00910776
-0,02141715
0,02119293
0,01661751
-0,02704968
0,02885542
-0,004539225
-0,01177542
-0,0003871103
0,01598439
0,01285401
-0,02313121
0,02416191
0,01050818
0,0298468
-0,01911591
-0,003282299
0,0285582
0,0009904632
-0,007395213
-0,02275789
0,0247923
0,01074466
-0,01623873
0,007908983
0,02276277
0,02566117
-0,01274666
-0,03301745
0,006847106
-0,004822966
0,001227851
-0,01196325
0,006713457
-0,006470742
-0,02876143
0,02434322
-0,01248376
0,01082327
-0,01993844
0,02524829
-0,01202417
-0,02440553
0,006344504
0,006856297
-0,002819959
0,01287019
0,02642925
-0,0007561996
-0,02059906
-0,02838141
0,008781742
0,02728706
-0,02920168
0,01402898
0,01455538
-0,002010577
0,006211055
-0,02473868
-0,02239487
0,02993002
-0,02574355
-0,01354405
0,02013262
-0,01234154
-0,02134639
0,01569628
-0,01601949
-0,01738458
0,02490307
-0,01683429
-0,02159712
-0,01278014
-0,01026335
-0,004620952
0,0174912
0,01628461
-0,02855934
0,005764016
-0,01786279
-0,01998965
-0,02991722
0,01926036
0,02027638
0,006409563
0,01862061
0,007341318
-0,008839477
0,02433405
0,01207129
0,00544561
-0,009202605
-0,01721595
0,004300433
-0,01827789
0,0224701
-0,02757285
-0,01366062
-0,01141542
-0,002184957
0,01134191
-0,001534967
0,01257343
0,004382955
0,0259151
0,02288396
-0,008721765
0,006976723
0,004161629
0,02529981
0,02553712
-0,006796902
0,02776497
0,02191164
0,02628987
0,02744227
-0,01693933
-0,005321081
-0,01881735
-0,002700553
0,0008844708
-0,005397336
-0,01119167
0,0005458286
-0,01319619
0,02253026
0,02520345
0,01114604
-0,0230394
0,003993548
0,01454336
0,001388501
0,0153409
-0,02097608
0,00150614
0,01372245
-0,009803104
-0,01164771
0,02737455
0,01594792
-0,0018008
-0,02880281
0,01726226
-0,02975734
0,01732038
-0,01707439
-0,006771002
-0,008619673
0,00887802
-0,01504643
0,009180666
0,008107636
-0,02520016
0,02094342
0,02731495
-0,0137361
-0,02106716
-0,01939745
-0,01492696
-0,02815351
0,02635468
0,00812546
-0,001469831
0,02911906
-0,02108257
-0,006576095
0,00767784
0,01706201
-0,01121306
-0,018802
0,006192321
0,0248571
-0,002914774
-0,004754359
0,02828013
-0,001324057
0,007284343
-0,01121438
0,0152064
-0,02399439
-0,0009089335
0,004793803
-0,02583699
0,02295803
0,02684616
-0,02145301
-0,002054971
0,02668972
-0,01537286
-0,01331602
0,005621028
-0,0195706
-0,0273476
0,02547163
0,02059075
0,02170177
0,003185026
0,01895833
0,02196764
-0,006224138
0,005881698
0,006741392
-0,02741862
-0,003066288
0,00885223
0,01415497
-0,02008562
0,009114865
0,02170182
-0,002994368
0,008391302
0,01999403
-0,004461899
-0,02144937
0,001811906
-0,00937127
0,003323179
0,00494303
-0,02782308
-0,02916718
0,02642159
0,01184831
0,002914467
-0,0275603
0,007067388
-0,003355544
0,02306042
0,003086561
0,006017528
-0,02235812
0,02703879
0,0198163
-0,002290058
-0,008503622
0,0008853524
0,02482544
0,00415083
0,008936534
-0,01458656
-0,01708761
0,0292928
0,01966503
-0,02550807
0,01776002
0,009236908
0,01617737
0,01497994
0,02469303
-0,006670442
-8,995131E-05
-0,01145614
0,0289078
0,01701014
0,02121151
-0,001931132
0,02468712
-0,02619411
-0,02961585
0,02041584
-0,01773861
0,02164651
0,006768753
-0,02742973
0,01351218
-0,0002860288
0,01866231
-0,008450149
-0,02609484
0,00830818
0,008342007
0,01815302
0,0252562
-0,01058055
0,01979586
-0,02738169
-0,02251924
0,00764952
0,01598877
-0,006407426
0,02172986
0,01203733
0,02915446
-0,01967645
-0,02356054
0,01973729
0,02957527
-0,02651742
0,008243391
0,02454143
0,007167473
0,0207194
0,002871844
0,01878493
-0,02695352
-0,008095861
-0,007760999
0,01658445
-0,008351692
-0,01205523
0,02086217
-0,00561502
0,01106803
-0,0135167
0,01576319
0,0125998
-0,005773714
0,009427426
0,02782732
0,01898443
-0,008984188
-0,01269817
-0,01151668
0,00723447
0,02927643
0,0004350969
0,02308501
-0,003629841
0,02651759
0,02388538
0,001049498
0,0156075
0,01430985
-0,01997456
-0,02881526
0,01833875
-0,01467059
-0,02385082
-0,01371482
-0,002087843
0,01048353
-0,009167428
-0,01431408
-0,002147124
0,003427372
-0,002689001
-0,02868291
0,0128376
-0,004542926
-0,005236565
-0,003848757
-0,01001006
-0,02400561
0,01938804
0,003311111
-0,0102599
0,002079699
0,02620774
0,02020362
0,003235343
-0,0007136049
0,02649774
0,02073108
-0,00160157
0,017445
-0,02471237
0,01066818
0,0009385951
-0,01465723
0,02815586
-0,002526724
-0,0118692
-0,006977852
-0,0001408168
-0,02154152
0,03057629
-0,02856131
0,02107388
-0,02643066
0,001887202
-0,0007887556
-0,01960019
-0,02899459
0,001854502
-0,002184673
-0,01883297
0,009667126
0,025399
0,007189444
0,01178406
-0,01403938
-0,01065605
-0,01350983
0,01372465
0,0292746
0,01475184
0,000986037
0,0181361
0,01133473
-0,001683952
0,01732434
0,0009204727
-0,002660723
-0,002245972
0,02775291
-0,02207414
0,02758103
0,00670931
0,01099449
0,003344005
-0,01169082
0,01165174
0,02255955
-0,01172479
-0,02603846
-0,01121936
0,02543292
-0,01114567
-0,02936501
0,006396514
-0,003701449
0,01573387
0,02409285
0,003956646
0,01203648
-0,02203383
-0,02837432
0,009864541
0,001147159
-0,005672766
-0,0003250589
-0,01597334
-0,02021057
0,005902734
0,01522952
0,02902394
0,01375113
0,003887511
0,004634634
-0,01021748
-0,01595907
-0,02714762
-0,01552654
-0,02590116
-0,006254932
0,005107416
-0,002451835
0,02885563
0,009847686
0,01053199
0,01987789
-0,01793818
0,01739062
-0,02519187
-0,02804938
-0,02845782
0,007392162
0,02395903
0,01630547
0,01980277
-0,0237174
-0,01228064
-0,02442602
-0,01333365
-0,02634714
-0,02575882
0,001830369
-0,01344584
0,003626501
-0,02441387
0,005611619
-0,008497054
0,0147437
0,01137959
-0,007688209
-0,006575695
0,001198943
0,01998122
-0,01973525
-0,02303645
0,01101241
-0,02659276
-0,02997497
0,0212075
0,005084726
-0,01236578
-0,002735748
-0,02501076
0,004034131
0,01371061
-0,008458106
0,02039875
0,01822215
0,01552487
-0,01638826
0,02699153
0,02789311
0,02846049
-0,02953662
-0,01053411
-0,02675859
-0,01898711
-0,004802237
0,004228521
-0,02507422
-0,001638887
-0,002091941
-0,02400023
0,01311075
0,009138769
0,0009433804
0,01802252
0,01370467
0,009342486
-0,02120516
-0,02713326
-0,01231785
