-0,01280821
0,01361827
0,02930442
0,0165214
-0,008903885
-0,005518222
0,006043536
-0,02186362
-0,005142184
-0,02910583
-0,01859578
0,0004913018
-0,02049287
0,02701353
0,01388872
0,02222131
-0,0186542
0,0137678
0,01931891
-0,01855479
0,01095602
0,007642544
0,02883031
-0,01247778
-0,009374889
0,001088153
-0,02185817
-0,0006694864
0,02279153
0,01223612
-0,02136094
0,01692512
0,02674745
0,03014488
-0,004216082
0,007621244
-0,01093675
-0,01280947
-0,02046543
-0,02216798
0,01404282
-0,01961346
0,02168456
-0,02702528
0,01931916
0,01136029
-0,01605176
-0,01921657
0,02363639
0,004291064
0,02372012
0,01818709
-0,02892587
-0,005065979
-0,02789967
0,0102205
0,01538164
0,01175703
-0,004073116
0,02062145
-0,01361512
-0,02323698
-0,01400428
0,01329362
0,02291342
-0,004856362
0,004397888
-0,01996656
0,001284946
-0,02371876
0,003153845
0,02474386
0,004198644
0,01148194
-0,001906496
0,0006494593
0,01664987
0,02598294
-0,001069272
0,009912909
-0,0127831
0,02807588
0,0063869
-0,01153297
0,0190854
-0,008937055
0,01583191
0,00177211
0,02805336
0,01616803
0,02289223
0,007892409
0,02191518
-0,01042628
0,02211988
0,007260084
0,02501606
-0,02158858
-0,01935605
-0,005810071
-0,02302767
-0,02610393
0,01012603
0,01739253
-0,02873085
0,02952146
-0,01603164
-0,009935407
0,02743882
0,002155899
0,02433818
0,02017592
-0,01702905
0,01669542
0,003468215
-0,01107725
0,001026048
0,02814779
0,02483934
0,001954701
0,009908008
-0,02741896
-0,01741153
0,01583371
-0,0158167
0,02603258
-0,02704727
-0,01526354
0,02005977
0,02143373
0,006198751
0,00835215
0,01539433
-0,02537307
0,002924542
-0,0167303
-0,01199307
0,01954234
-0,01257444
0,02025426
-0,02286397
-0,00434508
0,004919462
-0,004002807
0,02256005
-0,02730336
-0,005085704
-0,02474971
0,01672273
0,003144297
-0,0238009
0,02746615
-0,01584817
0,009454846
0,01496205
-0,02571872
0,02192646
0,02480096
0,003193418
-0,02420978
0,02671544
0,02975568
0,0007844687
-0,0238202
0,02658863
-0,01399997
-0,02524145
-0,02170452
-0,01621074
-0,009747021
-0,02881093
0,01212432
0,01092943
-0,02509982
-0,005083163
-0,01578669
-0,001632926
0,01728729
0,02381712
-0,01837365
0,001006236
0,02813192
-0,00140093
-0,01314078
0,01517372
0,009442097
-0,005929433
-0,02416619
-0,009938532
-0,001553697
-0,007994821
-0,006499697
-0,01385661
-0,01854264
0,02393948
-0,02226523
0,02549365
-0,001149815
8,958966E-05
0,006519911
0,02839616
-0,01339427
0,02217691
-0,003414983
0,001693225
-0,005474686
-0,01353848
-0,0209136
-0,01599599
0,0005726825
0,006760743
-0,0253983
-0,02876074
-0,007977748
0,005422038
0,02918901
0,001305253
-0,01607477
-0,008727281
-0,01277853
0,0229458
0,02977663
0,01888448
0,01603744
0,02905796
0,007923458
-0,004196557
-0,0007228735
-0,01871914
-0,01273792
-0,01067143
0,03020232
-0,01283815
-0,0129075
-0,01653288
-0,01559633
-0,02408278
-0,02821821
0,01511118
-0,009630188
-0,007313898
-0,01572376
0,02186228
0,02013995
0,02237264
-0,01298777
-0,00783471
0,0248138
0,006706291
0,02545806
0,006970135
0,01159658
-0,02258014
-0,01747443
0,01398911
0,02912731
-0,001631334
-0,02396401
-0,002081959
0,02433238
0,02980589
0,01825653
0,02872844
0,0287888
-0,01826974
0,00733977
0,01823416
0,01443271
-0,02148649
-0,009172031
0,02331844
-0,0003040172
-0,0008297374
-0,02923066
0,02501927
0,008214771
-0,02212831
0,02894233
0,02350336
0,01184764
-0,01364571
0,0021382
0,02323674
-0,01366798
0,01029086
0,008205452
0,02239325
-0,02607135
0,003164594
-0,01525049
0,0162593
0,03011759
0,004316918
0,0214834
-0,008213746
0,00508693
-0,01390748
0,02451156
0,008943818
-0,01487921
-0,0006946208
0,008205258
0,01631178
-0,01463193
-0,02823799
-0,02259425
-0,01812966
-0,02392439
-0,01217611
-0,02437869
0,02099266
6,547393E-05
-0,01735009
0,01642827
0,008638849
-0,002345962
0,02537944
0,0120218
-0,01301318
0,003439378
0,01546194
0,01407093
-0,0185587
0,02476599
0,006270227
0,02429597
0,02597761
0,008251579
0,009774906
-0,009923829
-0,007018629
-0,015692
-0,01040378
0,007978581
-0,01803671
0,007762708
0,015681
0,006864303
-0,01657817
0,002783858
-0,003846402
0,01616006
0,01669026
-0,002437335
-0,006252902
-0,01364251
0,01756131
0,01846161
-0,01655943
0,02482393
0,01008129
0,004321057
0,006952787
-0,0246098
-0,0003534709
0,01563765
-0,00364107
0,02238929
0,01007521
-0,02164146
-0,01740793
0,004998679
-0,002811278
0,0277342
0,0138873
0,007790969
-0,01990633
0,004415174
0,003272719
0,02979958
0,01205799
-0,01169319
-0,001448378
0,01553521
-0,02245549
0,02914567
0,02752149
0,01515539
0,001031593
-0,01122705
-0,02341247
-0,02264159
-0,006116199
0,01498475
0,01040812
0,0181535
0,006470074
-0,0158357
-0,02248195
-0,003661035
-0,01852722
0,02365097
0,02671098
-0,02569035
-0,009625292
0,02176893
-0,01115569
0,01887337
0,01376328
0,01658433
-0,02396271
-0,01702257
-0,01574583
-0,01641341
-0,01751922
-0,008466525
-0,02404368
0,02270977
0,02721696
0,0002266963
0,01811922
0,01209208
-0,00874909
-0,007276334
-0,02609083
-0,02461405
-0,01996822
0,01196076
-0,01265644
0,02574421
-0,03005899
0,02567363
-0,004784687
-0,02445359
0,01835803
0,01824024
-0,008368864
-0,005385994
-0,00566773
-0,01391651
0,01061749
-0,02098523
-0,03034247
0,01381075
-0,01766923
0,02279797
0,02278779
-0,01944503
0,002349326
-0,01171216
0,01221827
0,01445834
-0,01387013
0,007410203
0,009805695
-0,0006337365
0,001644099
0,004546653
-0,0297155
-0,01567031
0,01137879
0,006953223
0,001171945
0,01768069
0,01550733
-0,01995167
0,01650639
-0,02251782
-0,005804132
-0,007666816
-0,0313082
0,0117074
-0,002724361
0,01035236
0,02019966
0,008181534
0,01147121
0,007823707
-0,02117833
-0,01995727
-0,01785795
0,0287533
-0,01982353
0,02826019
-0,01776996
-0,01519645
0,008090677
0,01772702
-0,003832668
-0,01351506
-0,01394667
0,01698042
-0,007758583
-0,01938229
0,005389534
-0,02556643
0,008592241
-0,01587161
0,02962904
-0,0276778
-0,02535297
0,01531902
0,01539554
-0,02178829
-0,01094306
-0,02955488
-0,01349884
0,0052754
0,01741064
-0,0295281
0,01741049
0,02368552
-0,005149337
0,01958094
-0,02965686
0,01198034
-0,003102177
0,001488539
0,003224721
-0,0018316
0,0009439276
0,02731581
0,009455118
-0,02447011
-0,0247681
-0,0193231
-0,01389206
-0,01418156
-0,02560059
0,01445094
-0,03112582
-0,001914848
0,008106242
-0,02449868
-0,0256906
-0,003583314
-0,01906042
-0,03120036
0,008790217
-0,01998503
0,02835389
-0,02658418
-0,03021344
-0,002925676
0,003302324
-0,006043457
-0,006835344
0,005867966
-0,02087424
0,02424396
0,006625541
-0,02424038
0,009404987
-0,001005543
0,00143015
-0,02266572
-0,02551462
0,009341842
-0,02772751
-0,02381868
0,01224396
0,02916551
-0,001267245
-0,02948796
0,03040457
-0,01235658
-0,01656363
-0,01281329
0,0133077
0,001455669
-0,003111758
-0,00379232
0,02151023
-0,01028493
-0,002379518
-0,003825661
0,02540635
-0,01916082
0,002538686
0,01228293
0,01941019
0,01337477
-0,02453897
-0,01886653
-0,02221174
0,02369235
0,01812741
-0,0212195
0,004516485
0,02616895
-0,007099193
0,002298251
0,02740378
0,003244694
0,002934056
-0,02791626
0,006015821
-0,02936844
-0,003208833
-0,01722503
-0,02121199
-0,02697373
0,02065533
0,007527274
-0,003225671
-0,01912429
-0,01604867
-0,01120922
-0,0299698
-0,0258172
-0,01982169
0,02151464
-0,02465054
-0,01028619
-0,01434913
0,02787095
0,02004567
-0,01469689
0,02193723
-0,02539174
-0,001219011
-0,02516375
0,01255409
0,01503532
-0,02290577
0,02236886
-0,003023138
-0,01315584
0,01741646
-0,002523065
0,01986884
0,02567194
0,01373756
-0,01154321
0,0004871895
0,01397752
0,02237904
0,002876685
0,01693374
0,02789847
0,008225437
-0,00160378
-0,02287163
0,001589162
0,0199524
0,002289244
-0,0008788154
0,008016913
-0,01271023
0,003208345
-0,02090662
-0,0123052
-0,02071257
-0,008332296
0,01562768
-0,02350125
-0,007469687
-0,02467434
-0,001892655
0,003403566
0,01251899
0,02665775
0,0005663961
0,002727702
-0,01759836
-0,01622428
-0,02609218
0,01528312
0,0176821
0,001556835
-0,02609058
-0,01170748
-0,000483812
0,02190703
-0,007684837
0,02770006
0,0242698
-0,02052808
0,02629723
0,005370119
-0,008361755
0,01984904
-0,03253285
-0,01696588
-0,01650885
-0,000193737
0,01646114
-0,006518184
0,002414908
-0,00519741
-0,009639912
0,01658993
-0,03010443
-0,01791045
-0,01229488
0,01457352
-0,03073568
0,007264618
-0,01261362
0,002263907
-0,003432068
0,01358782
0,02074552
0,01605877
-0,001394887
0,02324356
0,0195769
-0,01223862
0,02763952
0,01674364
-0,01870184
-0,0180151
-0,02147949
0,02291306
-0,01960855
0,02379073
0,02552286
-0,01530037
-0,01377751
0,01017747
-0,002646546
0,01008108
-0,02086106
-0,01105543
-0,02471818
-0,01712169
-0,0169326
-0,01545296
0,003600263
0,01039991
0,02739628
-0,0143159
0,02120261
-0,008903799
-0,02508043
0,008009759
0,0278793
-0,0179455
0,01185409
-0,01152755
0,01006397
-0,0008162023
-0,002789128
0,01872077
-0,01329029
-0,02075841
0,007139675
-0,0195369
-0,02809066
-0,005027792
0,01920013
0,0159515
-0,009594982
0,007589795
-0,02367403
0,01893012
0,003909028
0,0005300662
0,008501329
-0,01839846
0,008531348
0,00311202
0,01292992
-0,0130268
0,01944831
0,02516592
-0,00912346
0,01684392
0,01530159
0,001178421
0,02302904
0,01169896
-0,001999804
0,0208545
0,02596042
0,02575518
-0,01906702
-0,01052458
-0,02802759
0,02607402
0,005183191
-0,02895207
-0,01807479
-0,01907953
0,02224718
-0,02052918
0,02377543
-0,01740266
-0,02054263
-0,01533697
-0,02782354
-0,002661821
0,005358626
0,002739483
0,01413676
-0,01968547
0,01362372
-0,02208682
-0,03183051
-0,009666882
0,02137119
0,02398526
-0,004037045
0,00113694
0,0007242115
-0,02451581
-0,01154435
0,0004949448
0,01242107
-0,02197618
0,006294328
-0,01824431
-0,004965841
0,0113619
0,004769786
0,006696294
-0,008901229
0,001960566
-0,00473674
0,007609214
0,02681367
-0,02570614
-0,003198758
-0,005916737
-0,006619715
-0,005915015
-0,02304448
0,02203069
-0,02647085
0,01674333
-0,0206264
-0,03185193
-0,01120851
0,01274395
-0,0229989
0,0138314
0,004057251
0,01024556
0,003792431
0,01025076
0,02202565
-0,007453673
0,0009919846
-0,02481977
0,01023742
0,02080891
-0,02999249
0,02231875
-0,03165325
-0,02238422
0,01993471
-0,0170454
0,01531125
-0,006727647
-0,00708116
0,01425463
-0,005467128
-0,02784126
-0,02187507
-0,02258169
0,03005276
-0,004364632
-0,006146976
0,02572335
0,0258164
0,003723922
0,02123598
0,01144764
0,004340515
0,02024615
0,02773842
0,005722377
0,01996122
0,00732995
0,01063554
0,002431249
0,005152907
-0,009914115
0,01083811
-0,001270066
-0,01276881
-0,02317949
0,01720862
0,02288258
0,02556613
0,02665077
-0,01622598
0,02419601
-0,01319478
-0,01333138
-0,01314717
0,002369739
0,002599218
-0,001400479
0,01382223
-0,005818218
-0,03260491
0,003634212
-0,01981319
-0,02326771
-0,02846902
-0,007668452
-0,009555153
-0,01823466
-0,01918237
-0,018363
-0,01016341
-0,02398052
0,01221196
0,02171143
-0,02061959
-0,02648013
-0,010141
0,006264157
0,01760454
0,01746927
0,003420181
-0,00182465
0,02968547
0,02542691
-0,01587185
0,01883434
-0,01385287
-0,0207741
-0,001193426
-0,006512736
-0,02596655
-0,00805728
0,02261882
-0,01588666
-0,001955853
0,0250783
-0,02624733
-0,001727672
-0,007288085
0,02063732
0,01501095
0,002307905
0,00757387
0,005668324
0,005374781
-0,02220509
-0,01650107
-0,004360119
-0,02069796
-0,02033516
-0,0205393
0,02357485
0,01031262
0,02530939
0,02498783
0,004150752
0,005715376
-0,0152554
0,02244146
-0,01794804
-0,02779982
-0,02045762
0,01163579
0,01642239
-0,02342027
0,02904633
-0,01742003
-0,002655278
-0,008701627
-0,01943666
0,02474181
0,01781353
-0,0221086
0,02010269
0,02460678
0,02032946
0,0107899
-0,01576395
-0,01313197
-0,02515592
0,001616611
0,01886996
0,029371
-0,01856676
-0,02497379
-0,0286741
0,003599793
0,02156088
-0,01683018
0,01739427
-0,01705936
0,01402871
0,000440159
-0,02753739
0,01502657
0,007149244
0,02589341
0,0228072
0,003054962
0,003456691
0,02294015
0,01508015
-0,02527274
-0,0314938
-0,01072638
-0,004007201
0,01679956
0,02234847
-0,02918233
-0,02910957
0,02099346
-0,009252536
0,02805811
0,01712006
0,007994538
-0,01776268
-0,01984919
-0,00409109
0,005140404
0,02845204
-0,009481034
-0,01350152
-0,02412027
-0,007594424
0,01695883
-0,02967823
-0,02490531
0,0217771
0,02498286
-0,01584038
0,02342654
0,01182725
0,008649474
0,004251407
-0,02911933
0,007097917
0,004960312
0,02118085
0,01749155
0,005696165
-0,01696551
0,004334297
0,01013326
-0,02253384
-0,03317355
-0,03299673
0,02275717
0,01779606
0,002919084
0,008250458
-0,002315603
-0,0006647932
-0,01082715
0,007301947
-0,01212571
0,009403801
0,01123011
0,01475445
-0,01562034
-0,01240189
-0,009040484
0,02418844
0,0277849
0,01793766
-0,02252326
-0,02339262
0,01116072
-0,0113234
0,009729777
0,02261364
-0,0003829852
-0,01796001
6,18855E-05
0,02018552
0,005928755
0,006699466
-0,00785432
0,01591262
-0,009803882
0,01540737
-0,02656754
-0,02042175
-0,0162117
-0,0204296
0,008098179
-0,01916579
-0,0176038
-0,03709781
-0,01642126
-0,01057438
-0,03621463
0,01802554
-0,001208591
-0,006915454
-0,01648954
-0,01040087
0,01270087
-0,02880052
-0,02120826
0,02334233
-0,0122223
0,004456605
-0,01762698
0,01218733
-0,0190388
-0,01216328
-0,02783507
0,003048337
-0,02825056
0,01133521
-0,01418564
0,02320107
-0,007697812
-0,002310905
-0,01713545
-0,02124519
0,007121153
0,01276507
-0,02569288
0,01763535
0,016275
0,008880899
0,02847479
-0,02084291
0,01754526
-0,0008287854
-0,0007997366
0,02530436
-0,003268743
-0,02173932
0,01957183
-0,01141617
0,004459823
-0,01125351
-0,009184483
-0,01174899
0,02044724
-0,00819866
-0,03500132
-0,01343136
-0,02592255
0,003878204
0,01472827
-0,002282322
-0,03025889
-0,02916751
-0,0002721038
-0,01908195
-0,01106834
-0,02009098
0,0174587
-0,02688683
-0,03045644
-0,007741301
-0,0201243
0,01079815
0,007853838
-0,02970336
0,02358761
0,0105175
0,01770328
-0,02399615
-0,02567376
0,02251825
0,02258144
0,02659515
-0,01522452
0,03016831
-0,02839386
0,01323246
-0,02181088
-0,028813
0,007946317
0,007802298
-0,003455948
0,02635102
0,007532516
-0,01142142
-0,02978601
0,005964469
0,02128664
-0,01661351
0,0008388106
-0,02092108
-0,01677328
0,00682467
-0,02087014
-0,02522313
-0,02514598
0,007188363
0,01184503
0,01283514
-0,004007497
-0,01802175
-0,0006167283
-0,02870714
0,004532769
-0,02501411
0,0126028
-0,02016972
0,02117249
0,004269409
-0,01899974
0,008571385
-0,02905612
0,01450381
-0,005274256
-0,01036655
0,02198521
-0,01803744
0,02898452
-0,01206657
-0,02962168
-0,01474394
0,01747184
0,002331826
0,002966755
0,02096122
0,002920466
-0,02552128
0,00674247
0,02924623
0,01805883
-0,01411652
0,02326232
-0,01719101
-0,006853966
-0,01618185
-0,02952621
-0,01339838
-0,01667853
0,003151719
0,001526939
0,01344088
0,008127101
-0,02231581
-0,03512527
0,01838361
-0,02334191
-0,00324317
-0,02155674
0,01459053
-0,0191576
0,02074959
0,009924949
-0,004370851
0,01968829
-0,01051102
0,001224229
-0,02941001
0,005346415
0,0177406
0,001617173
0,009019622
0,003787635
0,02440133
0,01789129
0,0262274
0,01417422
0,01734693
-0,01176231
-0,02251276
-0,01321241
0,002071163
0,0263753
-0,006215782
0,01311457
-0,01553707
0,001345868
-0,0007753227
-0,001757438
0,00515738
0,006248323
0,02571736
0,01360965
0,006021348
0,004332989
0,01956462
0,0003205901
-0,008964152
-0,0109645
-0,02827844
0,007718524
0,02420278
0,00434664
-0,01519025
-0,03980339
0,01852293
-0,031331
0,009653077
-0,01389135
-0,03805977
-0,03130782
-0,01356191
-0,02229913
-0,02314156
0,009047411
0,0189742
-0,03171778
-0,01212195
0,01490232
0,009207443
0,02038771
-0,0262175
0,001927919
-0,03179218
-0,0180662
0,005949642
0,02440959
0,02866831
-0,01272245
0,02778303
-0,005675459
-0,009184338
-0,0039415
-0,0162178
-0,004592267
-0,01133377
0,01991976
0,0002554707
-0,01028972
0,01484946
-0,02942172
0,007150916
-0,03432988
-0,009433638
-0,005646037
-0,01712884
0,01189274
-0,001169809
0,02474443
0,01176149
0,01290639
-0,02562154
-0,001870752
0,00124424
-0,02397235
-0,0004715611
-0,0146278
0,004221619
-0,02769112
-0,01715947
-0,0408838
-0,03105473
-0,00845789
-0,003237276
0,007041007
0,01686494
0,02726845
-0,03167124
0,0155842
-0,007588515
-0,02937976
0,0003649784
0,02805996
-0,03026616
0,003500898
-0,02179664
-0,02704422
-0,01997121
0,003501634
0,02951095
0,02165603
-0,009113926
-0,02839386
0,001260132
-0,02013802
-0,01575281
0,016038
0,01337914
0,02909903
0,01532275
0,02026136
-0,02693025
-0,01585931
0,0208428
0,01296893
0,02344826
-0,02177197
-0,003517996
0,009571096
0,00260674
-0,01936312
0,004923275
0,005054955
-0,00624469
0,01182486
-0,02220296
-0,0294777
-0,006043106
-0,03458253
-0,03922739
-0,007726436
-0,02548832
-0,030959
-0,02419112
0,00286952
0,007701853
-0,0258125
0,02794622
-0,0122935
-0,004550917
-0,02620811
-0,01783669
-0,03041273
0,02902895
-0,002559737
0,02280681
-0,01765315
-0,02679993
-0,01511273
0,00962652
0,02892074
0,004207523
-0,0007297984
0,02846306
0,01402701
-0,021655
0,004284671
-0,004008539
0,01117233
0,02032305
-0,03157856
-0,02218764
0,004561772
0,02046539
-0,02110801
0,008897718
0,02723298
-0,02891758
-0,01254405
-0,02949227
0,008263873
-0,03056109
-0,03338338
-0,02628613
-0,008331394
-0,03748719
0,002176997
0,005561607
-0,03819608
0,01039751
-0,03847063
-0,0326768
-0,02170823
-0,01304528
-0,02994153
0,02612172
0,01194311
-0,02214215
-0,003702832
-0,005011818
-0,02475435
0,008385168
-0,01902569
-0,004934355
-0,008342805
0,02133549
0,006454881
-0,02358965
0,01363963
0,01748941
0,02436356
-0,02334121
0,01459295
-0,01882781
0,02185288
0,01635616
-0,006677451
-0,01829209
-0,006697827
0,01023872
-0,004525155
0,01753597
-0,01017086
0,01864627
0,01871017
0,02638552
0,0222091
-0,02397674
0,01583452
-0,01825056
0,02075999
0,0134611
0,001702643
0,01546546
0,01797519
-0,03239316
0,01643423
0,003681108
0,009637424
-0,002732074
-0,01967362
-0,008337197
-0,0389072
-0,02400077
0,02591905
0,02522156
-0,01151061
-0,02710082
0,004843608
-0,01221072
0,003045631
-0,002424191
0,01370762
0,01642825
0,02908057
-0,01437133
-0,01202354
-0,006132615
0,006340524
-0,005847619
0,02966012
-0,002461908
-0,01044197
-0,001556652
0,02004404
-0,02612874
-0,001302159
0,01929886
-0,01809858
0,01238793
0,02062208
0,01263404
-0,008470544
0,01481961
-0,0132151
0,02370454
0,01604749
-0,027907
0,0182038
0,01775459
0,0008685061
0,007666327
-0,006798348
-0,01274231
-0,0026431
-0,01362465
-0,03724098
0,007846876
0,01450019
0,0002689037
0,003903611
-0,01035163
-0,03462769
-0,01088102
0,008936382
0,02497765
-0,01931402
0,001348649
-0,004376752
0,02179725
-0,005918241
-0,00156694
0,02351663
0,02147106
-0,002642341
0,02172605
-0,02302168
0,02951183
-0,001901674
-0,02558855
0,0003926442
-0,01565146
0,003453521
0,01479004
0,01831919
-0,01840644
0,02401255
0,01975808
0,01610458
-0,009266932
-0,03156621
0,00773917
0,02522032
-0,0008117873
0,02486926
-0,01121001
0,00576314
0,02125786
-0,03153983
-0,01516631
0,004126325
-0,02394527
-0,003243273
0,01606932
-0,01772813
-0,03796894
0,008572917
-0,0004292785
-0,04291711
0,003444384
-0,02423157
-0,03994469
-0,01931886
0,01526998
-0,0208419
0,0008067221
0,02605308
-0,01387524
0,006468161
-0,006199401
-0,02843205
-0,009309251
0,01433496
-0,02478996
0,02400314
0,01839982
0,00470197
-0,007690588
0,0235462
-0,02255081
-0,014946
-0,01644794
0,0263826
-0,02177876
-0,004921661
-0,01379655
0,00817485
0,008643231
-0,01224134
0,01219695
-0,008350008
-0,01941475
0,0193286
0,02774917
-0,03114237
0,02540559
-0,0149522
-0,02641028
-0,01413155
-0,01181254
-0,01234526
-0,01748732
-0,02392393
-0,006557553
-0,02771298
-0,0268866
-0,01814774
-0,01341694
-0,04008002
-0,004988865
-0,01306819
-0,0121382
0,01128594
0,01841456
0,001163315
-0,03116959
-0,02672095
-0,02041466
-0,008394967
0,02209956
0,02406837
-0,009601963
-0,03048049
0,02455707
-0,0223295
0,0216919
0,003001426
0,01851033
-0,02486229
0,02746797
0,002689463
0,0007403443
-0,02602611
-0,0004435282
0,01534338
0,02747506
0,02763338
-0,009170965
0,02062787
-0,02339766
0,01957498
-0,02294264
0,002937729
0,01275894
-0,01960791
0,02073413
-0,006564787
0,02661771
-0,009260953
0,018929
0,009584785
-0,03574417
-4,712936E-05
-0,02087423
-0,01658286
-0,0435182
-0,02498859
-0,01992442
-0,01440104
-0,01677549
0,003007935
-0,001500237
-0,01240572
-0,03207918
-0,03325981
0,02488446
-0,009037445
-0,01597239
-0,02672636
0,005159922
-0,02258008
0,01546985
-0,007893087
-0,01415581
-0,02682692
0,01555517
0,01488619
-0,01222182
0,01221443
-0,0145087
-0,0005952879
0,006883442
-0,006295265
-0,02018406
-0,02179931
-0,0005924434
0,0203224
0,008875885
-0,02849225
0,01287938
0,0105109
0,006525951
0,02320421
-0,00660705
-0,007585556
-0,02080924
0,01199646
-0,002909522
0,005430663
-0,02366021
-0,009170061
-0,03294897
0,01016653
0,007811856
0,005723963
-0,04067943
-0,0002304024
-0,01620948
-0,0242399
0,0003496581
-0,02417717
0,01883429
-0,001268208
-0,02685561
0,02263785
-0,0265713
-0,01862312
-0,01981292
0,02193529
0,00178982
-0,02262188
0,01338149
-0,01498085
-0,008284939
0,02312076
-0,0001988323
0,02372984
0,02695904
0,02157676
0,02267414
-0,02692101
-0,01507481
0,008581369
-0,002146364
0,01906199
-0,00489738
0,01812864
0,005351122
-0,005937121
-0,02444242
0,01787441
-0,007229853
-0,0121661
-0,01506739
-0,004514883
0,01286842
-0,03214221
0,007049484
-0,004829038
-0,01658109
0,02099854
-0,005646848
-0,002653497
-0,03294664
-0,03503841
0,00143596
0,003900651
-0,01512045
0,01249608
-0,0263834
-0,03089275
0,004421995
-0,005426708
-0,009614074
0,004627456
-0,03428927
-0,01214571
-0,02334681
-0,01252456
-0,001584733
-0,01267742
0,008232326
0,01790847
0,01605777
0,01498939
0,01179514
-0,006210024
0,02748059
0,0240299
-0,02002944
0,0009925494
-0,0175826
-0,002489618
0,00253343
0,02522346
0,002435102
0,008539483
0,003471221
-0,009024413
-0,02444181
0,005610823
-0,01503786
0,008693678
-0,02283981
-0,03490862
-0,02880558
0,02033894
0,01641663
0,005147852
-0,007208453
-0,01232862
0,01358478
-0,01433886
0,02450714
0,02615055
-0,01779626
0,003335948
0,007235246
-0,0255283
-0,02069783
-0,02446378
0,009076859
-0,003537672
0,008826435
0,009693854
0,01981661
-0,01562281
-0,03650683
-0,00142316
-0,02850489
-0,01188036
0,01508252
0,01560906
-0,01562886
0,02235514
0,02855603
0,02711761
0,009489194
0,01837425
0,01275302
0,01864502
0,00239553
-0,01495085
-0,006142424
0,01331786
0,010601
0,02330783
-0,001710002
0,001945968
0,006160153
0,02053094
0,01853525
-0,01955983
0,02530389
0,01331731
0,01523273
0,01210648
0,02356682
-0,009424536
-0,03084129
0,01337963
0,02093684
-0,01422208
-7,523255E-05
-0,02751912
0,003490326
-0,03786082
-0,03791872
-0,03646331
-0,03989064
-0,02045988
-0,04083618
0,0205163
-0,0005381536
-0,0007086876
0,01094617
0,002775827
-0,02537561
0,02622502
-0,03044608
-0,03205283
0,0165162
-0,004683608
0,02380489
-0,0165248
-0,003453237
-4,310683E-05
0,01845449
-0,001765556
-0,02596704
-0,0181412
0,03033951
-0,01579786
0,0117677
0,02437033
0,02451085
-0,01780001
0,008442285
-0,01616317
-0,02560332
0,006988513
0,02015165
-0,009645773
-0,001237219
-0,01754561
0,01800574
0,0196335
0,003022003
-0,01219471
-0,03494384
-0,02316579
0,002364032
0,02598725
-0,01557379
-0,03457586
-0,04172064
-0,01746568
-0,01827252
-0,01951453
-0,002506155
-0,03256967
-0,02661223
-0,003668351
-0,03592131
0,01681545
-0,01261473
0,01535255
-0,01537321
0,01007946
0,007031927
0,001445935
0,02596068
0,02273503
0,02389498
-0,003966217
-0,02096486
-0,007209856
0,02624492
0,009085599
-0,006386298
0,004073601
0,02238256
-0,006146208
-0,005207846
0,01876217
0,0036003
-0,02886222
0,02379916
0,006362021
0,02492506
-0,003228687
0,01549679
-0,01928298
0,000351463
0,02484839
-0,0110084
-0,01478414
-0,01229777
0,008477651
0,02018236
-0,03566863
-0,001651782
0,02446858
0,009006429
-0,006959111
-0,02093736
0,005020327
-0,03806588
0,01286128
0,01331927
-0,003109386
-0,01006223
0,01142564
0,02383154
-0,02921312
-0,01839231
0,01856766
-0,02231469
-0,02009943
-0,01747246
-0,01129211
0,02449519
0,008930419
0,01824429
-0,0192216
0,01568291
0,01019112
-0,01083424
0,02797877
-0,02687407
0,0226257
-0,02826877
-0,01632498
0,01314222
-0,009394686
0,02809681
0,02554891
0,009220594
0,02313659
-0,0002101221
0,01577653
0,0242962
0,02461083
0,007135678
-0,01670257
-0,03606128
-0,03050295
-0,01552625
-0,005405778
0,005698838
-0,003108761
-0,02913789
-0,02598167
-0,009666465
-0,002753632
-0,03137155
0,01448168
-0,03210496
-0,005680668
0,003770315
-0,00101752
-0,01290859
-0,02779301
0,01678924
-0,03201098
-0,0009506355
-0,01724316
-0,03059393
0,008682199
-0,02280581
-0,009291933
-0,01975903
-0,01767584
0,01048742
-0,004137623
-0,007925435
0,02736904
-0,03002016
-0,0003443286
-0,01926061
0,01437425
-0,004992416
0,02221391
-0,01321447
0,001196805
0,01449675
0,02152477
0,01541999
-0,02500641
-0,01954692
-0,03046934
0,01069915
-0,02510282
-0,02129913
0,02205431
-0,005755372
0,01922066
-0,02563493
0,005931477
0,008463511
0,00986625
0,01982101
-0,0003123557
-0,02044864
-0,02136939
-0,0199053
0,01207402
-0,00961086
-0,03850086
-0,0284468
-0,02808445
0,01730429
0,005355236
-0,0114944
0,02498007
-0,02433352
-0,001314789
0,01735484
-0,01128137
-0,01147667
0,01167635
-0,001107699
0,02541392
-0,003975684
-0,02341584
0,007906263
-0,02442597
-0,0279423
0,01619566
-0,0289299
0,001804229
0,0219241
-0,007356046
0,0163764
-0,003684475
0,01663057
0,01837505
0,00384861
0,02863772
-0,02080373
0,01749316
-0,01036758
0,01280763
0,01951735
-0,02993586
-0,02575597
-0,03078511
0,009964557
-0,02116596
0,00836397
0,01598532
-0,03735043
0,006030666
-0,01917322
-0,03827872
-0,02605936
-0,0378403
-0,02919985
-0,03112659
6,800715E-05
-0,0240341
0,0121534
0,007722095
-0,03553437
0,008899048
-0,01529237
-0,0008022093
0,02341597
0,02512535
-0,01747354
-0,007620934
0,02728507
0,02066969
-0,02008301
-0,001929623
-0,009601409
0,01420885
-0,02676279
-0,006666657
-0,02921895
0,004904498
-0,006273163
0,02140079
-0,02662224
-0,02114892
0,001053893
-0,02277104
-0,02619076
0,01468575
-0,02112157
0,007988302
0,002020303
-0,007786341
-0,01544792
0,02334839
0,02752411
0,005350481
0,01201558
-0,02181581
0,006511019
-0,002766046
-0,02880356
0,009283573
0,0197169
-0,02352773
0,01460763
-0,02661725
-0,003612701
0,01157047
0,001147758
-0,006744335
0,02234887
0,01367028
-0,02583814
-0,02884158
0,01689154
-0,03305989
0,00805347
0,01886323
-0,02153889
-0,01962647
-0,002551843
-0,02178175
0,01555981
0,001911062
0,01958767
0,005048274
0,00213104
-0,01587587
-3,311273E-05
0,01331268
-0,02962259
0,02468973
0,01092825
-0,003368157
-0,005186625
0,008143708
0,02338022
0,01715671
-0,01449187
-0,01070565
-0,0007125543
-0,01800372
-0,02836517
0,006736783
0,01060325
0,01568954
-0,01855501
-0,02025056
-0,03118341
0,02230462
0,02018376
0,01669345
0,02246588
-0,009786387
-0,03483826
0,01929339
0,01616125
-0,01686601
-0,01059673
-0,02033569
-0,000741953
-0,01213321
-0,01242681
0,02226262
-0,002773006
-0,029431
-0,02412632
0,00980896
0,008795645
-0,0176304
-0,02574953
0,022145
0,00054291
0,01878428
0,0112942
-0,01568149
-0,02716848
-0,02331805
0,02230805
-0,02696987
-0,008988463
-0,01042902
-0,02031713
0,0006197633
0,01340672
-0,02322001
0,02627342
-0,01987475
-0,009852685
-0,002207879
0,007551458
-0,00439688
-0,01560213
-0,03265044
0,01010659
-0,01907843
0,02361774
-0,02629085
-0,02803188
-0,0016578
0,001364975
-0,003730313
-0,004386783
0,01144143
0,01439686
-0,03432549
-0,02049054
-0,0348416
0,006619704
0,00951514
0,01800364
0,01743022
-0,001199043
-0,009008365
0,0226863
-0,01634709
-0,02152446
0,01540276
-0,0192889
-0,008477088
-0,0224056
0,02605595
-0,01201141
-0,01789032
0,004759309
0,006127708
0,002490951
0,002003865
-0,02354663
0,000768976
-0,008311265
0,02474772
0,02949128
-0,01483036
-0,006411346
0,01791726
0,0147225
-0,01375093
0,009242529
0,007478558
0,01779112
0,01912532
-0,009430118
0,0009044602
-0,002615322
0,01285811
0,02746566
0,02105958
-0,0341638
-0,01199831
-0,04237273
-0,03218694
0,02316202
0,007664179
-0,0107994
0,003559725
-0,02650659
-0,02075005
-0,02563418
-0,02883236
-0,006203303
0,01279457
-0,03392546
-0,01681254
-0,007219973
-0,03371635
0,02240615
-0,01818499
-0,03376262
-0,02167633
0,0009908103
0,02152938
-0,02309647
0,002076089
0,007218996
-0,01059738
0,003651511
0,01479684
0,01067563
0,01804569
0,008872025
0,007973825
-0,001418561
0,01118608
-0,0002480807
-0,01428682
0,02675988
-0,01845934
0,01826057
0,009868301
0,004573095
-0,004282201
-0,03117398
-0,005912655
-0,02781096
0,02409177
0,0159254
-0,029435
-0,0284764
-0,003549199
0,01496133
0,006827524
0,01910208
0,0187343
0,01604738
-0,03125366
0,01515174
-0,0189585
-0,03665765
-0,03593042
-0,03113052
-0,007866258
0,006795814
-0,004835908
0,003504814
0,02351809
-0,0112947
-0,01206572
0,01574702
-0,01902198
-0,02759899
0,008098479
-0,005443715
-0,01226023
0,005157331
-0,02273824
0,02102578
0,01297315
-0,003236642
0,009555133
0,002035126
-0,0006298707
0,009820719
-0,01951773
0,02539104
0,02604264
0,01257513
1,936856E-05
0,01663689
-0,008915384
-0,011962
0,003042775
-0,02436876
0,01244571
0,003996678
-0,02887472
0,01246406
-0,0009705982
0,01660334
-0,02318983
0,002199754
-0,01018484
-0,0199948
0,0167217
-0,01332924
-0,02861586
-0,02854017
-0,006362601
-0,02002259
0,007775613
-0,02281174
-0,02074732
0,02543071
-0,005874661
0,001372903
0,007071799
0,01933037
-0,002750002
0,004069502
0,009227489
-0,01971376
0,01542897
0,001435379
-0,006097111
0,02311809
0,002260522
0,00288316
0,01233104
0,01640467
0,00273178
-0,005534773
-0,0100088
0,0254663
-0,01486725
-0,0290461
-0,02693135
-0,0183677
0,01415759
0,01388871
0,00733694
0,008183851
-0,02359735
-0,01657804
-0,02915682
-0,02276418
-0,0299782
0,0007060047
0,006203168
-0,02371947
0,01854577
-0,02276395
-0,02575801
0,01798749
-0,02625084
0,02060637
0,008387617
0,01470315
0,01346282
0,01704977
0,01331705
0,001919837
-0,0007302001
0,01566679
0,0152992
-0,01218207
0,02190805
-0,01268717
0,007693353
-0,006219371
0,0007372077
-0,004252288
-0,02786033
0,01447558
0,0254726
-0,02826369
-0,0238314
0,00796583
0,002531122
-0,01206687
0,02141342
0,02747336
0,02502302
0,003807018
0,02418526
-0,01173008
-0,01991056
-0,007424934
0,01616562
-0,01405943
-0,02225047
-0,02445349
-0,01151484
0,01725572
0,01998166
0,02714251
-0,03015068
-0,01734315
-0,01170071
0,006712232
-0,0221298
0,009740964
0,01620999
-0,02718145
-0,0006153863
-0,01369188
-0,03067037
-0,0115229
-0,03842654
-0,03426301
0,01493703
-0,02607077
-0,01369049
6,24791E-05
-0,02674409
0,02227264
0,01313156
-0,03182228
0,02211058
-0,002351621
-0,02065098
0,0005371557
0,0003223066
-0,007730043
-0,01426831
-0,005360829
-0,02082166
-0,01290405
0,02567973
0,02723508
0,02879364
0,02133875
-0,01517915
0,02408472
-0,02146311
-0,02304557
-0,02714122
0,01293192
0,02641097
-0,001795523
-0,02085046
0,01329568
-0,01075943
0,01220344
-0,005253008
0,02553221
0,01188756
0,01154638
0,003994458
0,02128919
-0,01947433
-0,03328085
-0,01504172
0,01621863
-0,01167627
-0,003770248
-0,02681367
-0,01069574
0,01296234
-0,02814396
-0,02540908
0,01491951
-0,003947133
-0,03141458
-0,03065052
-0,03499718
0,02362965
-0,002887065
-0,00568091
-0,03035192
0,02378338
-0,02949084
-0,02721071
-0,004250965
-0,009300309
0,0002457169
-0,01801395
0,02026354
0,0289306
-0,00961368
0,01114943
-0,00437468
0,008893593
-0,02811819
0,01634572
0,02562539
-0,001144932
-0,009063078
-0,003651104
0,001098633
0,02315852
0,001256242
0,01705874
0,01507372
-0,01785677
-0,01484827
-0,02324521
-0,01612132
0,001242739
-0,0101658
0,02735083
-0,02170086
-0,02144411
0,0007127922
0,01910998
-0,03159451
0,01997134
0,01500587
-0,008738455
0,01548997
-0,01458803
-0,01681583
-0,006974861
-0,003352506
-0,00457313
0,01444806
-0,01922254
-0,0003593527
-0,01248515
-0,0193273
0,0005577732
0,005662089
-0,02869598
0,02572583
-0,02271922
-0,007967114
-0,0164439
-0,008798417
-0,01651728
-0,02505451
-0,008862132
0,02577754
-0,01477555
0,004540599
-0,007436645
-0,002953052
-0,02312394
-0,02791515
-0,02769259
0,006912819
0,02691389
0,006707015
0,0165389
-0,00278179
-0,0287711
-0,0008795497
-0,03208594
-0,0176507
-0,02377968
-0,01184062
-0,0335108
0,001192824
0,0199361
-0,01547248
0,01604457
-0,01672735
-0,02994058
-0,02012628
-0,01411692
-0,005110584
0,01477305
-0,001548326
0,002561439
-0,008739081
0,0007577374
-0,005215318
-0,02414145
0,02820851
-0,02143938
-0,02790611
0,01132944
-0,0199116
-0,003681459
0,01214239
-0,01723545
0,0229619
0,01699371
0,003806736
0,01996364
0,00602834
-0,008573506
0,02965976
-0,02112316
0,02064173
-0,02588989
0,01389647
0,02897144
0,02222767
0,01050133
0,02998627
-0,01336806
0,01599861
0,002589083
-0,003614171
0,01122573
-0,01334292
0,02459317
-0,008655136
0,01961904
0,004159643
-0,01070072
-0,03160683
-0,03756604
-0,03584323
-0,001213684
0,008648835
-0,03323574
-0,02647453
-0,03230489
0,02169581
-0,002042112
-0,002471728
-0,002805127
0,01511438
-0,02163715
0,01951373
-0,006269855
0,01874544
-0,008235032
0,02094551
0,0003800622
-0,01656714
-0,01465067
-0,01622819
0,01951778
0,02673524
0,008163906
-0,02981346
0,02943033
0,02372418
0,02793386
-0,005217333
0,01148522
-0,01537667
-0,01725296
-0,01216763
0,02779023
-0,02962996
-0,02056349
-0,01815393
0,003880312
0,009586888
0,01012043
0,01150841
-0,006562565
0,006411589
-0,02150424
0,007780868
-0,02209435
0,01722326
0,01697899
-0,03054362
0,02042375
-0,0388043
-0,03825237
-0,03150941
0,009391878
0,01417598
-0,02016767
0,001929293
-0,02765311
-0,02892023
-0,02099196
-0,02148413
-0,038913
-0,02809181
0,02452715
-0,01448493
0,01070873
0,02660191
0,02994968
-0,003641232
0,007963163
-0,02000852
-0,01155097
0,01838903
0,002251025
0,004535372
0,01782637
-0,02115495
0,01412646
0,02709969
0,01832404
-0,0190316
-0,02814148
0,02076925
-0,004034379
0,01047053
-0,02108485
-0,0289971
-0,0008258975
-0,02753339
0,009158418
-0,006894933
-0,03230178
-0,008538464
-0,004761918
-0,004897921
0,00444001
-0,01875214
0,006840652
0,01824198
-0,0403243
-0,02162214
0,01158954
-0,01808116
-0,01154201
0,01000863
0,002140635
-0,02700006
-0,001799641
-0,02296439
-0,0349991
-0,02904415
0,02192865
-0,02317884
-0,01343669
-0,02849502
-0,01843981
-0,02091678
0,01517845
-0,01554809
-0,02379998
0,008933599
-0,004728069
0,023583
0,01523633
-0,01673364
-0,02401851
0,02060238
-0,01014225
-0,02733047
0,0241329
0,002448446
-0,00520963
0,01876161
0,02554952
0,001696634
-0,009003219
0,004126079
-0,009840242
0,004410367
0,02545726
0,02483307
-0,007609522
-0,01744428
-0,03362926
-0,002013861
-0,007046734
0,01348103
-0,03313053
-0,01409063
-0,02290059
-0,008531176
-0,006509257
-0,01164474
0,007747194
-0,01777467
0,009166776
0,01715595
0,004076683
-0,02169152
0,009295697
0,01573837
0,02065148
-0,0005986344
-0,01338475
0,0008451405
0,01526739
-0,0205822
-0,01266837
0,01763298
0,01401475
0,00906285
0,01862624
-0,02263066
-0,01297678
-0,01933981
-0,01693442
-0,02380168
0,02115943
-0,0191405
0,01622497
-0,01261801
0,01447761
0,02553432
0,01695882
-0,008456692
-0,0302973
0,02416755
0,02726381
-0,001140304
0,005737921
-0,009972981
0,01867351
-0,02913197
0,01445482
-0,03262864
-0,03421607
0,01458108
-0,03502399
-0,004408341
0,008229093
-0,02093356
-0,009639943
-0,02488652
-0,003825233
-0,005575549
-0,000363372
-0,01867631
-0,02913171
0,003721286
-0,02306339
0,006755102
-0,03348799
-0,005234369
-0,002318804
-0,003499381
-0,02137822
0,02880283
0,01612692
0,02367497
0,0009596587
0,0217654
-0,01822408
0,01848662
-0,02202778
-0,01044115
0,01612676
0,01035291
-0,01558728
-0,0161338
-0,01879036
-0,00615859
-0,02379893
-0,01180743
-0,008340062
-0,001617429
0,01661348
-0,006488015
-0,0164442
-0,02124406
0,008208205
0,004725061
0,00929954
-0,0132013
-0,01727186
0,01543637
-0,01834515
-0,01566049
0,002191261
-0,007497926
0,01909399
-0,03798334
-0,03890046
-0,03536654
-0,04018854
0,01507796
-0,03860099
-0,0009171076
-0,03042124
-0,01745071
0,01458797
-0,0350647
-0,02803112
0,0227118
-0,004865007
0,01693196
0,008917129
0,01621365
-0,02212077
0,02898553
0,00832375
0,01406045
0,01436158
0,005502346
-0,01703836
0,0219568
-0,02235096
0,02060988
-0,003851424
-0,01633647
-0,02769163
-0,004911558
-0,02914674
0,01660003
-0,01179658
-0,02133153
-0,01161489
-0,03154422
-0,01721574
-0,006137721
-0,007372519
-0,02933688
-0,01774484
0,01938806
-0,01569863
0,004937122
-0,003348553
0,01234185
0,02113519
0,0009695152
-0,0212392
-0,008356574
-0,03101728
-0,006898611
0,003315865
-0,0330592
-0,02795892
-0,01376336
0,015429
-0,02524274
0,009341429
-0,02641098
-0,01957918
0,02209113
-0,01374764
-0,007711003
-0,03161158
-0,01077198
0,009174963
-0,01430278
-0,00405733
0,007726141
0,0006806682
0,009774531
0,003663276
0,004838024
-0,002210639
0,02160288
-0,01549541
0,003992376
-0,007303549
-0,006484522
0,0252395
0,02197856
0,02712446
0,001536247
-0,02010968
-0,01063223
0,02867432
-0,02305402
0,0236019
0,02132081
-0,02480274
-0,02917632
0,00347866
-0,02382796
0,01624202
-0,01267977
0,001973808
0,0193484
0,002696662
-0,03366915
-0,03915752
-0,002342299
-0,03334873
-0,00257608
0,02076108
-0,002297381
-0,02902266
-0,02470252
0,005045094
-0,01218117
-0,02193704
-0,01511776
0,01415883
-0,010259
-0,01524657
-0,007706058
0,03043488
0,01765923
-0,01786408
0,01009633
-0,006680137
-0,0004383733
-0,01055751
0,002177551
-0,0001449856
-0,00520292
-0,03001168
-0,007788098
0,0171255
-0,02171905
-0,01341674
-0,01222409
0,02426458
-0,01551099
-0,01419453
-0,01641252
0,01309691
-0,01137162
0,001452087
0,007386429
-0,0184825
0,01171877
-0,008317864
-0,005049602
0,008954173
0,01986902
-0,01445178
-0,0209189
0,01706085
-0,01367625
-0,01710354
0,009769337
0,003837356
0,02033894
0,009640449
0,001122206
-0,01784637
-0,003385677
-0,02692555
-0,001986904
-0,001268174
0,01149862
-0,006351634
0,0001126723
-0,02601566
0,02279774
-0,006318231
0,002771184
-0,02357821
-0,02757877
0,01131298
0,007916442
-0,01686798
0,004155722
-0,003331295
0,008898853
-0,02621173
0,01914839
0,02071739
0,009757153
-0,02328968
0,01405185
-0,001397196
-0,008385034
0,01400954
-0,00376806
0,006084501
0,02663744
0,0008940243
0,0085816
0,02250441
-0,02564979
-0,02315509
0,02761773
-0,02626974
-0,0004738791
-0,01481097
0,01699192
-0,01288169
0,01331736
-0,009310729
0,009553694
-0,02882069
0,0128284
0,002454263
0,0008304839
-0,007092201
-0,03442178
-0,004403216
-0,02969127
-0,002146424
-0,004412576
0,01275021
-0,004545925
-0,006050093
0,01578622
-0,01615036
-0,02780448
0,01935486
0,01005431
-0,01284453
-0,004366495
-0,03065934
-0,004581676
-0,02361657
0,003171396
-0,002097113
-0,01573353
-0,0005963105
0,02773953
-0,009637051
-0,01793482
-0,004892637
-0,03087058
-0,0197008
-0,009391859
0,005499646
0,008166534
0,009827069
-0,02700627
0,01908579
-0,009258287
-0,007502333
-0,007613432
-0,02314001
-0,006463706
-0,01309981
0,005735424
-0,005711213
-0,02099566
-0,02226316
-0,02442093
-0,03455623
0,005720017
-0,01077951
0,01651346
0,002757368
0,006010534
0,007059326
-0,0276951
-0,0229943
-0,01607385
0,004616822
-9,983676E-05
0,01169403
-0,01067525
-0,02785415
0,01300254
-0,01390712
-0,02534539
-0,02029571
0,005201453
-0,01005052
0,01106339
0,01854487
0,02151003
-0,02846789
0,004110074
-0,01299136
0,01033206
-0,02048332
0,0141871
0,01282475
-0,02083409
0,01092778
-0,02626073
-0,02516934
0,0122238
0,002145308
-0,0191243
0,003455984
0,01929008
0,02504973
-0,00154389
0,0187487
-0,004919215
0,01125235
0,01292058
0,004189752
0,01190702
-0,01290291
0,001769611
-0,009412944
-0,01491911
-0,03362164
-0,003469265
0,01280349
-0,01397698
0,0173483
0,003042447
0,01841442
-0,02642078
-0,009738471
-0,03390095
0,02391513
-0,002726703
0,005973392
-0,003959811
0,02043702
0,007895758
-0,01669781
-0,008875789
-0,02087674
-0,0288914
-0,002093198
-0,01337556
0,008395872
0,01709639
0,02004764
-0,01243633
-0,02741729
-0,02009684
0,02238016
-0,00331071
-0,01231861
-0,0005650039
-0,01494883
-0,01363775
-0,02688778
-0,03064403
-0,02190398
0,009192492
0,01636037
0,02425037
-0,02048519
-0,009961693
-0,007902096
0,01768805
-0,003227285
-0,0153249
0,01631329
-0,01605606
0,0220445
-0,03988782
-0,008382794
-0,04401797
-0,01431419
-0,01337603
0,01914975
0,01375465
-0,03744513
-0,02967219
-0,0009881664
0,00449019
0,0009617984
0,01615188
-0,01508112
0,02650613
0,01215166
-0,003063603
-0,01818472
-0,01134882
-0,008046533
0,01798128
-0,003088819
0,001885572
0,004079045
-0,01409766
0,01795034
-0,02948308
0,01739761
0,01342342
-0,0178665
-0,004870967
-0,008364189
0,01061675
-0,02063491
0,0166144
0,02200354
-0,01535718
-0,03192992
0,01840509
-0,0136196
-0,01731133
-0,03249216
-0,03148397
-0,02926639
-0,02924041
-0,01855515
-0,01032075
-0,02862938
-0,005897698
-0,03200042
-0,03222372
-0,03068781
-0,009951651
0,01759152
-0,02823573
-0,002997103
-0,03335034
-0,01025357
-0,02378877
0,003084217
0,02363613
-0,03221979
-0,01427629
0,02360626
-0,02459393
-0,01513376
0,02314734
0,006121224
-0,00161358
-0,02718237
-0,003149934
-0,0027474
-0,008815782
0,02854932
-0,02325572
0,01737279
-0,00821596
-0,007149841
-0,007641835
0,0261137
-0,01058279
0,01992039
-0,01635368
0,003565755
-0,02740353
-0,01570172
0,01624617
0,01003688
0,02753888
-0,0202281
0,01605561
0,01868724
0,01285558
-0,02172702
-0,01296892
-0,02831972
-0,0003928373
-0,02929032
-0,03874587
0,01641913
-0,0172807
0,008629911
-0,002464005
-0,01274024
0,003466719
0,0003610055
0,01393144
0,0005808665
0,01354149
-0,01266896
-0,0231247
0,007010553
-0,02935707
-0,01481359
-0,01340545
-0,02504263
0,01745452
0,01335035
0,01931828
0,02050274
-0,004040521
-0,0188227
0,006425671
-0,0152254
-0,01655334
0,005825133
0,01027173
-0,02219967
0,002165969
0,0232433
-0,02660386
-0,02021534
-0,01095376
-0,005400975
-0,0005570824
-0,004679346
-0,02095341
0,01449635
0,02017052
-0,008099217
-0,006367155
-0,02643436
0,01351475
-0,003448502
0,02044777
-0,02922242
0,009891409
-0,008653967
0,01664242
-0,01973334
-0,01319582
0,01970157
-0,02136955
-0,03065645
-0,007508875
-0,02373016
-0,01984576
-0,007118837
-0,0221335
-0,0273063
0,02456798
0,00740068
-0,02801321
0,02924385
-0,009813802
-0,02822841
-0,01285291
0,003810399
0,01356385
0,01935143
0,02607706
-0,0299897
0,02225741
-0,004342714
-0,007797326
-0,01618621
-0,008933453
-0,02938776
-0,01529439
-0,0281674
0,01652984
-0,02244695
-0,01988798
-0,0178073
-0,004716686
-0,02935106
0,01926967
-0,02197372
0,02634591
-0,01640806
-0,0214609
0,005427903
-0,009687705
0,003666034
-0,01094696
0,0125685
-0,0261163
0,01651876
-0,02268836
0,02134563
0,01360655
-0,02913614
0,006267909
-0,03246454
-0,01444438
-0,009986642
-0,02795425
0,01933026
0,01445737
-0,01550752
0,01930485
-0,01980204
-0,01947229
-0,01934253
-0,01058973
0,0196907
-0,002881752
0,01618573
0,001133978
-0,01285583
-0,02174447
-0,02473441
0,009016313
-0,003929765
0,005986357
-0,01688145
-0,0002833691
-0,02230823
0,02870406
0,00389991
-0,02612163
-0,002470474
0,01565983
-0,01354242
-0,02183307
0,0050162
-0,01012301
-0,02894576
0,01949272
-0,03266659
0,02044579
0,0239126
-0,01253782
0,003648639
-0,008656983
-0,03618559
-0,00708082
-0,01867097
-0,01335008
-0,004404846
-0,02036637
-0,02042315
-0,0174611
0,01825911
0,008864667
0,01272196
-0,001726827
-0,01170258
-0,002838416
-0,02350196
0,02262556
0,02734231
0,02362646
-0,01759868
-0,01947289
-0,004446848
-0,004866052
0,02217885
-0,02752364
0,01600773
-0,002888001
-0,009822413
0,02608829
-0,0008602525
-0,008034839
-0,02016539
0,01308856
0,02929848
0,02885638
0,00421517
0,01256471
-0,02068557
0,01392538
-0,007057561
-0,01683921
0,0120137
-0,02608577
0,0183105
-0,004965898
-0,01302207
-0,03397738
-0,03278666
0,00400604
0,007054412
-0,03063158
0,0209643
-0,03263761
-0,02710137
-0,01109997
-0,03935071
-0,004463882
-0,003558951
-0,02370514
-0,00362817
-0,03656203
0,02364814
-0,00932351
0,0229503
0,001876559
0,003639176
-0,0290106
0,001157021
-0,01170037
0,02409095
-0,002751621
0,0167152
-0,01578674
-0,0008843009
0,02967943
-0,001200076
-0,01313476
0,005083702
-0,00350124
0,01057381
0,01499792
-0,002277318
0,01494342
-0,01606134
-0,007108985
-0,005733725
-0,02578649
0,002900095
0,0005806259
0,0277713
-0,03007534
-0,02621674
0,02386984
-0,02586399
-0,01711706
-0,01822989
-0,01821136
-0,02088932
-0,01878656
0,01296708
-0,01953776
-0,01280023
0,0009000951
0,006130883
-0,02569895
-0,01929941
0,0002231413
-0,007718674
-0,03255454
0,01903111
0,00304906
0,01947982
-0,02691126
0,00202954
0,02015469
0,005099065
-0,02127852
-0,02368124
-0,00449332
-0,02165288
0,00260341
-6,448755E-05
-0,02728713
-0,009221473
0,02341885
-0,00842093
0,02057057
-0,02092502
-0,01422431
0,01429516
-0,0176529
-0,02663634
-0,01095908
0,006084736
-0,0086366
-0,01278745
0,01661241
-0,02849619
-0,03068335
-0,02858207
0,01325743
0,001895626
-0,006985821
0,0002983685
-0,02046074
-0,03331621
0,02111983
-0,01764564
-0,02327998
-0,00217653
-0,03554648
-0,03179355
0,007454398
-0,03367524
-0,02612168
0,006643963
-0,02025648
-0,02661262
0,005147322
0,01246692
-0,01203827
-0,007474092
-0,02030254
-0,009593313
0,01190648
0,006271641
0,002814268
0,0005400823
-0,01792439
0,003558108
0,02076834
-0,02007852
-0,01968382
-0,005950408
-0,006302827
-0,02913771
-0,02471993
0,0007350357
-0,02111283
0,02389258
-0,002449013
0,00258197
0,02693043
0,009274664
0,01168787
-0,024294
-0,01408218
-0,01929883
-0,01043424
0,004182685
0,02800817
0,0003427334
-0,01559582
-0,02414991
0,002710328
-0,02054234
-0,0206211
0,02385898
0,01118872
-0,003339053
-0,0184881
-0,01754779
-0,03391062
-0,0005285581
0,00109529
0,005155191
0,01362292
-0,0254308
0,0003569648
-0,02371161
0,001049431
0,01308884
-0,02724435
0,02114824
-0,01039719
0,02233956
-0,000482947
0,007776191
0,01295028
0,007226837
-0,009147141
-0,003026323
-0,01751642
0,008447914
0,007169102
-0,009847772
0,02690281
-0,02784609
0,0207484
-0,01664424
0,01753966
-0,02403656
0,01318457
0,005376079
0,002318413
-0,02349708
-0,005579504
-0,01263082
0,02413955
0,02206347
-0,01989689
0,02763286
-0,00166163
-0,02717708
0,02173991
-0,03070604
-0,01292211
-0,01830443
0,007252702
-0,0004441609
-0,003226241
-0,00302405
-0,02417644
-0,03638123
-0,03301981
0,01052617
-0,03534564
-0,01748787
0,01898951
-0,01677248
0,0154551
0,01707224
-0,00598825
-0,00470202
-0,007120221
0,0005326158
-0,02771789
-0,002688566
-0,01130622
-0,01395783
-0,003015771
-0,01613397
0,01106603
0,01984058
-0,004171683
-0,00584003
0,03013396
-0,02289987
0,01748034
0,00453386
0,0259267
0,005384143
-0,01333359
-0,01851461
0,006323546
-0,02095397
0,01714502
0,003778744
-0,007876541
0,008690518
0,02830899
-0,02980065
-0,01067455
-0,0002409767
0,0252056
-0,01502845
-0,006562105
-0,03590328
0,003273241
-0,02091791
0,0175147
0,01214409
0,02006021
-0,01534526
-0,0338335
-0,02109127
0,01417758
-0,01578108
-1,393946E-05
0,009005526
0,01785096
-0,03735593
0,003376197
-0,0086684
-0,005348166
-0,01737702
0,001375337
-0,01757918
0,01898834
-0,01678682
0,01539225
0,002563758
-0,02131976
0,01042037
-0,01157361
-0,001584025
0,02747481
-0,01963564
0,02321859
-0,0233548
0,02505125
0,02911994
-0,00216902
0,001641907
0,008183605
-0,02816219
0,004402862
0,01854331
-0,03057829
-0,01555755
-0,01676565
-0,008612293
0,02163354
0,004364592
0,01491765
0,02438795
-0,01110085
0,01861775
-0,03280886
0,005427455
0,006200082
-0,02929135
-0,03167507
-0,01957812
-0,01310066
-0,0198583
0,001101414
-0,02423023
-0,03156175
0,005387183
-0,01232249
0,007854655
-0,001528652
0,005891029
0,02353997
0,02154895
-0,002279318
-0,02713219
0,01280678
-0,008029801
0,01117075
0,01494616
-0,01384378
0,003974601
0,0296309
-0,006957179
0,01314583
0,004653518
0,02471584
-0,01000962
-0,02446496
-0,02897629
-0,02299102
-0,01666179
-0,008379213
0,01128304
0,01786292
-0,02773299
-0,03098302
-0,01505527
-0,01169569
-0,01474698
0,008006434
-0,01394097
0,01860819
-4,416452E-06
0,02240874
-0,01725658
0,006130224
0,01938173
-0,007703174
-0,01895384
-0,0297327
-3,590814E-05
0,01686786
0,01921837
0,01356935
-0,004374987
-0,0115951
-0,02750547
0,005343184
-0,02734661
-0,01222878
0,01873561
0,002582536
-0,0111421
0,004484371
-0,01594783
-0,01982376
-0,02286215
-0,02698227
-0,003380187
-0,02774742
-0,001958889
-0,02721616
-0,004260562
-0,02340134
0,02625944
0,01056738
-0,004338638
0,000723463
-0,004634789
0,0238036
-0,02862251
0,02338503
0,01864758
0,02114962
-0,003743931
-0,01385089
-0,00969679
0,01598099
-0,01701841
0,007617955
0,02614551
0,00540893
-0,01911667
0,0208083
0,01482916
0,006720515
-0,002962519
0,02188762
-0,003503066
-0,02994222
-0,003296807
0,01314094
0,02119071
-0,0287074
0,002460795
-0,000374105
-0,00386168
0,01863104
0,02530954
0,02138633
0,03138156
0,003731136
-0,02040281
-0,01856832
-0,01433576
0,02385456
0,01517362
-0,001420175
-0,02457275
-0,0309035
0,01995764
-0,008615465
0,0189616
0,01887818
-0,02418584
0,01839292
0,01933513
0,0008495305
-0,01330223
-0,01737246
-0,02093904
-0,001581553
0,02689782
-0,009775784
-0,01130551
-0,01810613
0,02401431
0,00365393
-0,02489823
0,01958099
0,01465639
-0,001810465
0,01824579
-0,01219173
0,005851016
-0,01351563
-0,009029557
0,02674967
-0,001784515
0,01894164
0,02336044
-0,03621537
0,01238384
-0,003144737
-0,02461246
-0,02810537
0,02303555
-0,02596677
-0,02980608
0,02225737
0,01733394
-0,03369081
-0,000496184
0,01392044
0,010913
-0,002673071
0,006901616
0,02050019
0,02273558
-0,02391184
-0,03048224
-0,01873419
-0,008776914
-0,01410225
-0,01697933
-0,01408485
0,001374272
-0,003571101
-0,02211768
0,01570525
-0,006417234
0,01944046
0,02728955
-0,008235653
-0,01673204
-0,02423547
0,008791778
-0,009210756
-0,02833948
-0,02159707
-0,01864589
0,01422466
0,0002954175
-0,01624973
-0,03044286
0,01338759
0,0229531
-0,029936
0,002168793
-0,0263757
0,004624132
-0,005216667
-0,02994741
-0,01024735
0,01672753
0,00426784
0,002501013
-0,0006255301
-0,01567759
0,02888658
0,007259552
0,0006125076
-0,03369679
-0,01055686
-0,002951821
0,02404987
-0,03073672
-0,01867316
-0,0005508485
0,006561067
0,02183279
-0,0132928
0,01675963
0,0119389
0,02287528
-0,0170395
0,01095931
-0,0261173
-0,02039452
-0,002949568
-0,01098347
-0,00396354
0,01859845
0,02819536
-0,02793823
0,01826035
0,009565167
-0,00245995
-0,005093591
-0,002176363
-0,006615932
-0,0267077
-0,0272568
-0,02513938
-0,002021144
0,006870504
0,01199576
-0,02849692
0,008528681
-0,02958707
0,00520038
0,009532128
-0,0009741451
-0,03463137
-0,01959031
-0,01359986
0,01008468
-0,007102184
-0,001808385
0,007320642
-0,02788912
0,002515926
-0,01041031
0,02164498
0,006151705
-0,01983726
0,01372364
-0,02707272
-0,01332004
0,01252772
-0,01405939
0,002005876
0,01424117
-0,02923885
-0,02130969
0,01554527
-0,01661623
0,008679015
-0,02049529
-0,0184712
-0,001443218
0,002343545
-0,01265522
-0,02887893
0,0136914
0,003985356
0,02287183
0,01513367
0,007405398
0,006045175
-0,03067981
-0,01495524
0,02797356
0,0171707
-0,00886861
0,0166263
0,008732645
-0,02488174
-0,00517891
-0,01484267
0,02040362
0,004978345
0,01247532
-0,0354372
0,01433407
-0,02492373
-0,0343935
-0,0004744689
0,01867426
-0,002013577
-0,02168315
-0,02324214
-0,01517694
-0,01042242
-0,02121621
0,001407014
-0,01214091
-0,007618154
-0,01925757
-0,025199
-0,01234376
0,02823689
-0,005762017
0,01101176
0,01031777
0,03006317
0,004169567
0,02651349
0,007727025
-0,01204319
-0,0260175
-0,02596239
-0,01966234
0,02017178
-0,01523197
0,01725329
0,01243207
-0,01834101
-0,02145513
0,0003690881
0,001964443
-0,008454565
0,02342039
-0,02284731
-0,00662973
0,01857398
-0,0326767
0,002984578
0,001975038
0,01703093
-0,003241031
-0,01822475
-0,03609869
-0,01441648
-0,03493494
0,02335204
-0,01879738
-0,0248803
-0,008450579
0,01989383
0,006368475
-0,02686368
0,02481427
0,001642878
-0,004322631
-0,02317796
0,02970706
-0,002992549
-0,02333246
-0,005584788
0,01939378
-0,02442943
-0,01641839
0,008556673
0,001832344
0,0283961
-0,02706261
-0,01190313
-0,01454767
0,01767836
0,03004512
0,02808127
-0,01136208
0,01640839
0,01515591
0,0156177
-0,02715878
0,01592373
0,01685794
-0,01500576
7,648625E-05
0,00343898
0,01856901
-0,01247995
0,02323746
-0,003134452
-0,006448824
-0,01293631
0,006055119
-0,01558883
0,0195376
-0,002867536
-0,003666956
-0,02230389
-0,03546475
-0,008935224
-0,03248243
-0,01305525
0,01762322
-0,02849905
0,02594151
0,02814767
0,02161961
0,00390311
0,02251537
0,00886918
0,01560285
-0,02156935
0,01812102
0,01312336
-0,02575892
-0,01609258
0,01043374
0,0217417
0,02433525
-0,01405886
-0,01249586
0,02832088
0,0150944
-0,02713084
0,003062768
0,01191944
0,009450395
0,02787366
0,02411651
-0,002961459
-0,002468825
-0,02429593
0,01531838
-0,01169343
0,01131332
0,01147648
0,02367676
0,01232807
-0,0125022
-0,0009134269
0,008831742
-0,02111287
-0,008070374
-0,01971419
0,00853085
-0,02041739
-0,002518585
0,02157967
-0,02259558
0,004109232
0,01732381
0,00323071
-0,01523136
0,01397382
-0,02053261
-0,02281352
0,006275241
0,02012825
0,001784533
-0,01657767
-0,01118758
0,02569753
0,01258643
-0,004303951
-0,01863497
0,009022867
-0,00644184
0,0004904498
-0,02610803
-0,00627739
-0,009659696
0,02729661
0,001296995
-0,00753858
0,005374474
-0,02450655
0,003593245
0,0005658855
-0,01109657
-0,01489295
-0,0214042
0,01476589
0,01527453
-0,01588735
0,003484867
0,02053248
0,01744956
-0,03059198
-0,02285336
-0,0006492672
-0,02894632
-0,02957988
-0,02355009
-0,02914846
-0,02182726
0,01344333
-0,004182566
0,02550562
-0,03071607
-0,02943132
0,01671246
-0,03410909
0,01563816
0,01603422
-0,01124829
0,02653246
-0,02221202
0,02637118
-0,0207355
-0,02682562
0,002610829
-0,024059
7,920222E-06
-0,01507044
-0,02642543
0,002909071
-0,02066625
-0,002097767
0,0232
-0,008896864
0,0203366
-0,007278032
-0,008900695
0,00143398
-0,01059195
-0,01354275
0,01510237
-0,005549267
-0,02092006
0,02029676
0,006830072
0,006304048
-0,003151596
-0,01624837
-0,007567091
-0,02221498
0,02551583
0,02818149
0,02586787
0,00675433
0,01079374
0,0201212
0,01848813
-0,02736457
0,02990772
0,02796823
0,001603506
0,02371139
-0,03217705
0,006824004
0,001105464
-0,03212555
-0,0268796
0,01048118
-0,01609861
0,001226812
0,01161162
-0,01083612
-0,0002894064
-0,02725941
-0,01926479
0,01245042
0,01678572
-0,01119582
-0,004269801
0,02609817
0,007734215
-0,01407394
0,02380165
0,02638976
0,007342989
-0,01869323
0,001636127
-0,01480158
0,007483406
0,02784904
0,001485436
-0,01549943
0,0009462803
-0,0089955
0,013302
0,01855768
-0,009011993
-0,001267889
-0,01748439
0,004438068
0,0004270892
0,01503109
-0,03123774
0,01948429
-0,004806837
0,006551425
-0,002287965
0,02250613
-0,006342147
-0,03142479
-0,02730507
-0,0003853981
0,007228302
-0,02822063
-0,01243059
-0,01464172
-0,02805441
-0,02357278
-0,02787293
-0,005531632
-0,001173777
0,01932971
-0,02618543
-0,01376081
0,02953495
-0,003974405
0,0181061
-0,02226142
-0,01024581
-0,007189801
-0,00982129
-0,01238589
-0,02401904
0,0201433
-0,006988871
0,02044838
-0,01457466
-0,02876779
-0,001306335
-0,02974216
0,01262829
0,007938348
0,01903467
0,006159787
0,02199621
-0,03031963
0,004721114
-0,003810818
-0,03085727
-0,005987258
0,01497338
-0,01581358
-0,004272016
0,01742883
-0,02604972
0,01197526
0,01280383
0,01245905
0,02102535
-0,03015184
0,01653913
-0,01125189
0,0009915215
-0,02836631
0,009846624
0,01674817
-0,005456105
0,01992216
0,01160338
0,0007152896
-0,02689865
-0,02749777
0,008740506
-0,02739345
0,01242071
0,02209792
-0,02970915
-0,001904866
-0,004214333
0,03016654
0,02157127
-0,00855721
-0,02184465
0,02620118
0,007385993
-0,02578137
0,02110596
-0,012879
0,01333132
0,009696482
-0,02342938
0,002620206
-0,02125885
-0,002831312
-0,01795578
-0,007569322
-0,02586153
0,01535237
0,02424653
-0,0273059
0,004242566
0,01395385
0,01460867
-0,001656975
-0,01001836
0,01263626
0,006580688
-0,006637514
-0,02491178
-0,01616851
0,01092699
-0,01565765
-0,01452084
0,02206725
-0,02119231
-0,003788741
-0,01855165
0,008058086
-0,003142781
0,007430698
0,02832567
-0,02102055
-0,0223439
-0,02793766
-0,005749982
0,0005974416
0,02334593
-0,01900735
0,02144343
-0,009237157
0,01813157
-0,01487152
0,003755568
-0,007167806
-0,004675743
-0,02332413
0,006618089
0,009154247
0,004575323
0,02383861
-0,003063778
-0,003088939
-0,01946715
-0,001359966
0,02732982
0,02212683
-0,01438985
-0,01407123
-0,01298542
0,01494466
-0,02037995
-0,003508174
-0,01158496
-0,01285965
-0,02533028
-0,004954456
0,007147815
0,01262641
-0,02528535
0,02145343
0,02068574
-0,0037546
0,002503724
0,01545838
-0,003623842
-0,002549227
0,01148628
0,02480179
-0,001962696
-0,02687838
0,02147787
0,004097017
-0,02641919
0,003304164
-0,01940123
0,001496096
0,02846695
0,009682617
-0,02415429
0,003352304
-0,01455978
0,00737706
0,02457977
-0,02368196
-0,0190824
-0,008362667
0,02651918
-0,01405654
-0,012274
0,02997746
9,725682E-05
0,02401447
0,003944425
0,0137488
-0,02730826
-0,02959297
0,02426425
-0,005148531
-0,02815287
-0,000386096
-0,02027354
-0,009134538
0,01897719
-0,01574632
0,02445384
0,006308116
-0,007325468
0,01586756
-0,02327727
0,003696023
-0,002222341
0,02801259
0,00621398
0,001020426
0,004562908
-0,01701887
0,002554351
-0,003355417
0,005098915
-0,02474234
0,00230216
-0,003509862
0,007396713
-0,001315729
0,004190895
0,02806607
0,03048935
-0,009345404
0,0006110715
-0,01995936
0,0077112
0,003541591
0,008000345
0,007011241
-0,006227819
0,0253361
0,01914568
0,010784
-0,01737088
0,005227402
0,02957354
-0,01980981
-0,02111115
0,0144687
0,001812861
0,002045541
-0,01352357
-0,02806812
-0,0215091
0,02023501
-0,001265132
-0,002239409
0,0206921
0,02720661
0,02828418
0,01394637
0,01434372
-0,009890491
0,009892636
0,02694248
0,006340138
-0,02776243
-0,01441396
0,02706764
0,02605316
0,02465179
-0,00963613
-0,02939082
-0,02141046
0,01110637
-0,004775899
0,02256717
-0,01571853
-0,02980386
-0,02345245
-0,007995169
-0,01233618
0,02377291
0,02746264
-0,02812289
0,0114582
0,02853694
-0,01770461
0,01121563
0,01232879
-0,01964584
0,01406182
0,01197606
0,009847407
0,01067895
-0,01844374
-0,0008949164
-0,02934789
-0,013588
0,02934451
0,02735994
0,02501435
-0,01830072
0,01820923
0,00758201
-0,01798844
-0,01394507
0,02403206
-0,002224433
-0,005293499
0,006468673
-0,01693294
0,01981623
0,02006939
0,005875275
-0,004216914
0,02055701
-0,006933026
0,008038272
-0,01493386
0,008339128
0,02051624
0,005070501
-0,01469029
0,01646723
-0,01908017
0,008960274
-0,00869754
-0,001540755
-0,0004805334
0,0266366
0,02190084
0,02860115
-0,02849603
-0,02025716
-0,002495017
-0,02408167
-0,02449164
-0,01029451
0,02051077
-0,004545442
-0,02542154
0,01515477
-0,01356155
-0,02409674
0,02796889
0,02474629
0,02248763
-0,02590871
-0,01544474
-0,008550066
-0,02416386
-0,007082175
-0,02895427
-0,009272425
-0,0230849
-0,01020332
0,0268544
-0,0283157
-0,003314071
0,003636374
0,02526322
-0,004645138
0,02868437
-0,001297529
0,01512013
-0,01492741
0,01847731
0,01032101
-0,02172323
-0,009865582
0,01516553
-0,02645613
0,01834859
0,02046659
0,003952541
-0,02470272
-0,01127769
-0,02055979
0,01909816
-0,01325543
0,01704957
-0,01274898
-0,01609297
-0,02189636
0,02082559
-0,001078255
0,02749466
0,01124122
-0,02727721
-0,02238393
-0,02047257
-0,02621869
0,02357996
-0,01308517
0,0007603512
0,009683814
0,01689755
0,01827523
-0,00864138
0,01294861
-0,02368297
-0,01788857
0,02635986
0,024993
0,00686011
-0,02781626
0,005163262
-0,01886772
0,01749772
-0,02824619
-0,02876408
0,0175145
-0,01677211
-0,02006624
0,01709015
0,008124596
-0,01838475
0,02075885
0,008499341
-0,01385062
-0,01192473
-0,02283524
0,007635655
-0,0293141
-0,01934552
0,01135813
-0,01941589
0,001440789
-0,01029132
0,02484915
-0,01101287
0,001046397
0,01868408
-0,02385743
-0,0195942
0,004937439
-0,008461338
-0,01050025
0,001798425
0,018615
0,02431164
0,01631365
0,02435561
-0,0289745
-0,0235513
-0,007402632
0,02112149
0,01357117
0,0003782432
0,02331907
-0,001923275
0,02671275
-0,02028055
-0,02486157
-0,005149854
0,02974488
0,005085759
0,02563478
0,01432249
0,02610864
0,02222615
-0,0262335
0,02207903
0,02318801
0,01327957
0,0007419197
0,02946109
-0,02286662
0,03021477
-0,0178082
-0,01350389
0,02271887
-0,01100749
0,02053803
-0,00747739
0,002389618
-0,01657712
0,006617534
0,02485268
0,01866744
0,02086077
-0,002363471
-0,02893508
-0,002995609
-0,003218319
-0,007116103
-0,008671528
0,01354779
0,01189164
-0,01875566
