0,01404795
-0,01738311
-0,01638941
-0,007128635
-0,0174304
0,02400799
0,01154197
-0,006587034
0,01765787
0,008650844
0,02101277
0,002611822
-0,01705367
0,007833265
-0,0133129
0,01128285
0,001110108
0,01182634
-0,02440055
0,0115531
0,01175814
-0,001652173
0,02714038
-0,02873736
0,02921495
0,01706906
0,01937772
-0,004399414
-0,0004405819
-0,02584399
0,02020384
-0,02829501
0,01278256
-0,01123581
-0,005261233
-0,01163394
0,0191105
0,02084995
-0,02878479
0,02619818
0,01167759
-0,01765461
-0,009912835
0,0007899951
0,01422892
-0,007282656
0,002378816
0,01205772
0,0003171145
-0,002971007
-0,02376147
0,02784671
-0,0134071
0,01892198
-0,009640212
-0,01418885
-0,01393815
-0,01769782
-0,005715175
-0,003889551
-0,02539288
-0,0140031
0,02447251
0,01369075
0,01917786
0,01935262
0,02051096
0,02484665
-0,01690313
0,02887297
0,02277159
0,01082082
0,01055494
-0,02000846
0,03052121
-0,0004929072
-0,02165188
-0,003605742
-0,01234056
0,006472644
-0,01534128
-0,02247243
0,02599852
-0,02748964
0,02841129
0,02299875
0,01568646
0,02439142
0,0290387
-0,02104269
-0,02766211
0,006777586
-0,003348175
0,005772302
0,02165584
-0,004306509
-0,01150266
0,007112233
0,01229548
0,02553515
0,002858722
0,008132814
-0,001094204
0,00220654
0,004923963
-0,004013854
-0,01287156
-0,02358217
0,0190689
0,02149553
-0,02259385
0,02022181
0,02523515
0,0185081
-0,01845579
0,02793545
-0,009376919
0,0218646
0,01572045
0,02678451
-0,02644631
0,02661022
0,02633584
-0,02587527
0,02653839
-0,01390246
-0,01576967
-0,02516286
-0,01104323
0,004753575
-0,01908424
0,00202875
0,0146401
-0,00752288
-0,0266756
0,006942755
0,009048003
-0,00611715
-0,0017784
0,002499026
0,005735788
0,009224181
-0,02457238
-0,02236651
-0,0284551
-0,01737697
0,01205129
0,008843295
-0,005664778
0,02444452
-0,02497248
-0,002807218
0,02206169
0,01639903
0,02206226
0,006912192
0,01259339
-0,005383394
0,005897194
-0,01134208
-0,018582
-0,01787609
0,01817014
-0,01555073
0,01063176
0,0063051
-0,02427987
0,00245871
0,01468599
0,00488326
-0,01105763
0,02739921
-0,006398616
-0,01675816
-0,008903443
-0,005069428
0,02151452
0,01897098
-0,02727443
0,01359626
0,004488413
0,005632536
0,01073542
-0,00541677
-0,0005748969
0,01416655
0,01035877
0,02913331
0,00119074
-0,002703452
0,0252264
-0,01580066
0,01831141
-0,02065443
-0,00933664
-0,006706392
0,02164203
0,02177735
-0,002231493
-0,004072784
-0,02306113
-0,02044763
0,02497159
0,02033107
0,005508543
-0,02192375
-0,0266542
0,008562364
-0,004764576
-0,002900882
0,01620556
0,02428743
-0,00753039
0,02306213
0,01483853
0,006156185
0,001886912
-0,007026826
0,01475063
0,02656324
0,0265884
-0,02296808
-0,02880228
-0,01269228
0,01017931
-0,0256038
-0,02055761
-0,01544484
0,02333229
0,02815108
0,003731817
0,02990488
-0,009435191
0,006428845
0,00661939
-0,005415011
0,01185402
0,02158605
0,0201412
-0,008469086
0,01063682
-0,02847578
0,004045101
-0,02580219
0,01168432
-0,02902173
0,02238328
0,02606537
-0,00476054
0,01506971
0,02192629
-0,001329837
-0,02333709
0,001456819
0,0002296558
0,03053841
-0,02123894
0,00735769
-0,02032712
0,00106573
0,03035124
0,01969163
0,01644741
-0,002376814
0,02344886
0,01619993
0,003184926
0,01561211
-0,01421815
-0,01052335
0,02453372
0,01110468
0,003466292
-0,007065613
-0,01403889
0,02526588
0,004428436
0,02702278
0,005147175
0,008420298
-0,01717316
-0,01681149
0,02032407
-0,02293776
-0,02393525
-0,02490125
0,02364879
0,01998908
-0,02272811
0,006807728
-0,01324382
-0,02528663
0,01193261
-0,01088531
-0,007651272
0,02126091
-0,01441231
-0,02337388
-0,01878042
0,02575289
-0,00177448
-0,02344155
0,01015728
-0,02507964
0,02028596
-0,01913186
0,02492448
0,01378134
-0,01388725
0,005975789
-0,003190559
-0,01915754
-0,02875719
0,001099203
-0,0119318
0,01540493
-0,02959917
0,008160658
-0,009644613
0,01750953
0,02319629
0,01307592
0,008345135
0,009356285
-0,02725649
0,01964441
0,03010684
-0,01603796
-0,02918446
-0,005932789
0,009309772
-0,002489537
0,01646389
0,01079943
-0,01977171
-0,02440449
0,004381052
0,01402545
-0,01257468
0,02557324
-0,01961616
-0,02066255
0,004166254
0,002269547
-0,01948697
-0,02448113
-0,02675237
-0,01940483
-0,02862571
0,007224718
0,02110887
0,007528765
0,0161673
-0,006826245
-0,02812367
0,0149962
-0,002258077
-0,02933635
-0,02790891
-0,03057694
-0,01790033
0,01126898
0,01329319
0,02154421
0,02703388
0,02970349
-0,004919534
-0,009898299
-0,01067565
-0,01955803
-0,01984751
-0,01436784
-0,01008867
-0,005330706
0,006073934
0,01361348
-0,02115079
-0,02472236
-0,001637852
0,02685728
0,01613335
0,01880377
-0,01787294
-0,004645599
0,004264
-0,02872443
0,01007298
-0,007522864
0,008673148
-0,00372406
0,008179714
0,002596556
0,01064847
-0,01265471
0,01397388
-0,0002006542
-0,002787195
0,01371398
0,006438323
-0,01852298
0,01086853
0,01288522
0,02024118
0,02016615
-0,004596104
0,003514269
-0,01363773
-0,00975006
0,01596856
-0,0125843
0,004439406
-0,008424465
0,002814715
-0,02287099
-0,01556934
-0,005620013
-0,001790031
-0,01214479
-0,01419992
0,0232703
-0,01315956
-0,02883686
0,01054238
0,02262396
0,003163805
0,009127661
0,005653865
-0,02886033
0,01077827
-0,02328493
-0,01220693
-0,004395368
-0,0003308821
-0,01305175
-0,01354473
-0,02590237
0,02877861
-0,006619311
0,02825006
-0,03033872
0,01513876
-0,00967438
0,006388182
-0,008849937
0,02263735
-0,01341127
-0,02957333
0,005635034
-0,02609315
-0,00922218
-0,02829555
-0,02113192
-0,003272529
0,01144273
0,02325879
0,008021944
-0,03025186
0,02673627
-0,01344629
0,01564917
0,02821322
-0,01675621
0,008959311
0,008115305
-0,02773913
-0,02156599
0,0222731
-0,01443725
0,01944928
-0,02157874
-0,007125245
-0,02774252
-0,01234783
-0,01540811
-0,02105654
0,02753141
-0,005993784
-0,01010631
-0,02882591
-0,01500983
0,007322188
-0,03092031
0,02996798
-0,008069941
-0,0236367
-0,02181678
0,03146645
0,01955192
-0,005601405
0,00876103
-0,02770419
-0,02915181
-0,024117
-0,01762985
-0,02739257
0,001882409
0,01254073
0,03000706
-0,009834541
0,01434455
-0,005036232
0,01523607
0,01626424
0,02460929
0,02535558
0,02767304
0,02066201
-0,01873136
0,003115335
0,02683234
-0,01809794
0,009845877
0,0262362
0,03042334
-0,02265484
0,02864529
-0,01737888
-0,01554677
-0,000790794
0,01985885
-0,02529125
-0,02894269
0,01969935
-0,02211624
-0,02483266
-0,01007434
0,02532792
-0,02466011
-0,01576143
0,006503815
-0,01406059
-0,004815497
-0,03021264
-0,01277115
0,02257285
0,02524894
-0,0134872
-0,02379263
-0,004130681
-0,02086423
-0,01084543
0,01910829
-0,01373062
-0,001720184
-0,003395422
-0,00652495
-0,02323294
-0,02350491
-0,02565338
-0,02523539
-0,01299671
-0,005526381
-0,002107694
-0,00238078
0,006034734
-0,008782637
0,02393886
0,007040374
0,01747694
0,001740478
0,02919434
0,0126194
0,02665095
0,02403913
0,007628012
0,01625229
0,007684769
0,005163211
-0,02522607
-0,01711653
0,01193919
-0,02331226
0,01750632
-0,01286581
0,001057259
-0,01287189
0,01649971
-0,007342973
0,01458184
0,01178565
-0,01193021
0,02102173
-0,03142299
-0,02148288
-0,01041545
0,02013743
0,02805568
0,004674334
0,01375777
0,0004125963
0,02999648
0,007492607
-0,01370819
0,02356732
-0,01841402
0,006419783
0,02230127
-0,008431774
0,01812702
0,009770982
0,01508626
-0,0005662293
0,02915511
0,01910921
-0,009236529
-0,02308046
0,001137746
-0,02469723
0,02229177
-0,0142884
0,00595876
0,001267479
0,02244048
-0,02538295
-0,01403276
-0,02491623
0,00981318
0,01758875
0,0008965876
0,01725636
0,01801124
-0,02709625
0,02465589
0,006375995
-0,01762683
-0,02642325
0,02131902
0,02940157
-0,02143286
0,02622581
-0,005553807
-0,007962313
0,001965124
-0,02799705
0,0265131
0,01589973
0,02388148
-0,01607697
0,01622142
-0,01687091
-0,01069964
0,02168678
0,01087758
-0,004132092
0,02608546
0,000217793
0,01637009
-0,01725672
0,007916712
-0,02591296
0,02645282
-0,02605739
0,01822848
0,02782147
0,02014026
0,009164904
0,003952826
-0,008657802
0,002069588
-0,01497415
-0,01449145
0,004781503
0,02663087
0,02664868
0,01948244
-0,02131251
0,02560283
0,01666859
-0,02469308
-0,00276874
-0,01650804
-0,003399341
-0,03044243
-0,01168269
-0,001615052
0,02668224
-0,008568337
-0,00492955
0,009576029
0,01334846
-0,01395752
0,004832673
-0,01075761
-0,02722621
-0,03217113
-0,009640189
0,006845945
0,007665688
-0,01582772
-0,01172505
-0,01913916
0,001916457
0,009972889
0,001704821
0,0284509
0,01571496
0,02569355
0,01519422
0,007919648
0,01610084
0,006021174
0,02942089
-0,02418956
-0,02190115
0,01875146
-0,001741455
-0,02733533
-0,002392362
-0,002223072
0,02102978
-0,01501605
-0,02486897
0,01082113
0,02013885
0,02740237
0,003489345
-0,01958134
0,01607458
0,02215922
-0,005681353
0,0005246749
-0,01630447
-0,0001778217
0,01469085
-0,01758347
0,008338474
0,01383683
-0,006602384
-0,01514311
0,01051713
-0,03146091
0,008004344
0,01906185
0,02406173
-0,0219389
-0,01333209
0,001926438
-0,0159083
-0,01442089
0,002920494
-0,01183154
-0,02117612
-0,02031426
-0,008053625
-0,02586406
-0,02333829
0,02140548
0,02190106
0,006217533
-0,007450837
0,003886765
-0,02360492
0,02084026
-0,0184392
-0,01714891
-0,0102213
-0,004088943
-0,01311885
0,02382793
-0,02389382
0,01122328
0,00567659
-0,02499777
0,01253792
0,02183738
0,004052191
-0,01783369
0,01049783
0,004775249
0,005952907
-0,02671777
0,02722035
-0,001602544
-0,01287664
-0,02693122
-0,01385057
-0,02926505
-0,02539262
0,004134281
-0,02639799
0,01849484
0,02649833
0,02018128
-0,03546045
-0,01927938
0,0256823
0,01845269
0,01246271
0,01308708
0,01880895
0,02531102
-0,01605485
-0,0102095
-0,01964879
0,02374396
0,01440308
-0,02465541
-0,0007808388
0,003877259
0,0005445895
0,02322181
-0,02280538
-0,01760707
0,02998316
-0,01010499
0,005051702
0,004436949
-0,0007528772
-0,0249282
0,02203456
-0,01710624
-0,01677872
0,002942608
0,01333472
-0,01691639
0,01501027
0,01380651
-0,02711148
-0,002927724
0,02477601
0,01300271
0,0008754685
-0,03397595
0,01362475
0,008202232
0,01178996
0,004559552
-0,01085803
-0,007882571
-0,01375303
-0,02106232
0,0009327258
0,002072552
-0,02560021
-0,01685534
0,01089677
0,01166858
0,02337126
0,01036446
0,005148936
-0,007739217
-0,01062795
0,005202034
0,02052063
0,008746089
0,01107351
0,0123419
0,007648458
0,02749236
-0,02059539
-0,02952424
0,0304723
0,02880551
0,0112175
0,01652309
-0,0117457
-0,0246764
-0,005843318
-0,01106003
0,005263793
0,02755294
-0,01811549
-0,02888634
0,0122627
0,004663565
0,003515048
0,004600057
-0,01215711
-0,003179481
-0,004203045
0,02502953
0,01655314
-0,007261192
0,0178987
-0,00503697
-0,01561948
0,0210121
-0,02714181
-0,02622171
-0,03465914
-0,03430522
-0,03773116
-0,007958917
-0,01837139
-0,01041306
-0,01471651
0,00781812
0,02822285
-0,0042428
0,0283812
0,01047356
-0,009851995
0,005043159
-0,02429604
0,01086055
-0,01957078
-0,01070809
0,02426722
-0,01407192
-0,02869054
-0,02824028
-0,007691221
-0,0202353
-0,00203491
-0,01861334
-0,01841085
0,004664773
-0,02563497
-0,02224107
-0,007919241
-0,01402797
0,02446858
-0,01826049
-0,01603455
0,0002470194
0,02351133
0,01428669
0,0101551
-0,00907585
-0,01013439
0,02651863
0,01033025
0,01921556
-0,008441713
0,01360346
-0,002089584
-0,0262575
-0,0228423
-0,02330705
-0,01856683
-0,03584778
-0,03276913
0,02089561
-0,02694782
-0,03406386
0,00847442
0,01991972
0,02827562
-0,02084305
-0,01961726
0,01293562
0,001416097
0,01543125
-0,02442621
0,009438511
0,01529261
-0,02235369
-0,009931817
0,006933342
0,01437923
-0,007902645
0,00799716
0,004826727
0,02696271
-0,02551007
-0,008209438
-0,0003748488
0,01076071
0,006891695
0,002074288
0,02461318
-0,0185683
0,01932117
0,01838131
-0,01261383
-0,01663594
-0,03091383
-0,02448735
-0,01477678
0,01679483
-0,02788038
0,01993993
0,000452818
-0,03300825
-0,0005985802
-0,01543944
0,0147634
0,0060922
0,01432631
-0,03613232
-0,01031399
0,01812212
0,01036542
-0,006502308
0,02335474
-0,004954046
5,581122E-05
0,02759877
-0,02486766
0,007357243
-0,02075014
-0,01977966
-0,01203268
0,005634167
-0,01407254
-0,001480542
0,01318952
0,02912343
0,01928291
-0,005822509
0,01341839
-0,02677154
-0,02633138
0,01799737
0,008542363
0,001009713
-0,02637801
-0,003202664
-0,01285384
0,01057227
-0,006535213
0,01195679
0,01653967
0,004153459
-0,02811165
-0,03065276
0,00327097
-0,006789658
0,02233809
0,01880351
0,0139513
-0,02898484
0,02486067
-0,001325531
0,0002813549
0,0208516
-0,005788825
0,01594836
0,01263242
-0,02925389
0,003230144
0,0198728
0,02397827
-0,006657729
-0,01157584
-0,002599421
0,02375265
0,02453415
0,023003
-0,004614751
-0,007807029
-0,02753594
0,008982888
-0,005130861
-0,01797606
-0,001440488
-0,007910459
0,01573952
0,004747234
-0,01497218
0,02483667
-0,009791833
-0,02144721
0,02773338
0,009686104
0,009761875
-0,02488488
-0,003676364
-0,0191419
0,01544931
-0,03137001
-0,02701055
0,001109908
-0,02209941
-0,03223682
-0,0003013254
0,01459841
-0,00989758
-0,02220724
0,004524169
-0,02582119
0,005184432
-0,001959866
-0,01376464
-0,01070261
0,001005808
-0,01396727
-0,003741264
-0,01615469
-0,03021705
6,133621E-05
0,009200451
-0,01399605
-0,0001951443
-0,02023224
-0,0120106
0,01480393
0,02957243
0,01594277
0,01155427
-0,006622178
-0,005765479
0,01405386
-0,02477465
-0,003050946
-0,01500571
-0,001391527
-0,001921595
-0,008272048
0,008108185
0,01125126
-0,0296552
0,004397457
0,02994182
-0,02493452
-0,01344827
0,01882738
0,01391598
-0,0006695177
0,03068323
-0,01564486
-0,004694497
-0,03401531
-0,02697088
-0,0206175
-0,02057465
0,0114356
0,02687153
0,02431818
0,009225773
0,01184848
0,01121885
-0,004402885
-0,01463027
-0,0267172
0,008302778
0,01522719
-0,01271374
0,01477623
-0,02482281
-0,02226771
0,01929016
-0,02440726
0,01242777
-0,00603186
0,0004242195
-0,02003288
-0,007709926
0,004462819
0,03026828
0,001858984
-0,02936599
0,0007280133
0,01735355
-0,004587581
0,0243641
-0,005926518
0,01000153
0,02337298
-0,01754856
-0,0003115592
-0,001993712
0,00323577
0,008703058
0,02091754
0,0248797
-0,004281384
-0,02725409
0,01607621
-0,01139403
-0,008320807
-0,01050978
0,01684435
-0,01970991
0,01188828
-0,01707537
-0,01613707
-0,01872101
0,002196341
0,007106501
-0,03292367
-0,01865698
-0,01635671
0,0181936
-0,02477407
0,01390039
-0,02363575
0,008932851
-0,03977171
-0,02336344
-0,01748601
-0,02055611
-0,004515517
0,01096959
0,01401811
0,01382319
-0,0105827
0,005937438
0,02769206
0,003695676
-0,02641015
-0,02524578
0,004155257
-0,01830046
0,00669211
-0,01992171
-0,01976594
-0,01330055
-0,02860746
-0,02353646
0,009447711
-0,02034691
-0,02590024
-0,01821054
-0,01956346
-0,02143756
-0,02955019
0,006774821
-0,0003635689
-0,02601857
0,008659825
0,008745645
-0,02951683
-0,003523627
0,02236528
-0,02866745
0,01748455
-0,0253021
-0,00542626
-0,03276504
0,02206177
8,599534E-05
-0,02387175
-0,03358734
-0,001392518
0,01887368
0,006543217
-0,02657776
-0,02285354
-0,04033292
-0,001592655
0,02599551
0,01095893
0,02589531
0,005645045
-0,02177073
-0,02162314
-0,01108731
0,002716534
0,007589223
0,01153197
0,0153456
-0,02459421
0,02299993
0,02563945
-0,004823513
-0,02574307
-0,02591762
-0,01512717
-0,0006799518
-0,009290643
-0,02737182
0,01776109
-0,0291021
-0,01981437
0,03041884
0,02333414
-0,0284546
0,006642405
-0,01603878
-0,007920972
0,01317977
-0,01725399
-0,005233685
-0,007172844
0,006476796
0,02244039
-0,02956855
0,01977381
0,008634346
0,0169991
-0,01145865
0,00153713
0,01574649
-0,02749649
-0,03208469
-0,009737561
-0,02303015
-0,04118782
-0,03466843
0,01024941
0,004782201
0,02907724
0,0197773
0,006285016
0,002047946
-0,02324985
0,008778807
0,01727212
0,006126151
-0,01383747
-0,02171465
0,01343164
-0,01138807
-0,01511331
-0,03106478
-0,001483696
0,008619684
-0,006237592
-0,01498471
-9,515808E-05
0,03028934
-0,01797267
0,001956124
0,004305337
0,02456265
-0,001597266
0,0270968
0,01763645
-0,02913774
-0,004013428
-0,0001812363
0,02443299
-0,005873933
-0,01160142
0,002710647
0,01226355
-0,008893556
0,01325063
0,01937424
-0,0078952
-0,02781979
-0,02169858
-0,0292663
-0,01744854
0,006339855
0,003055013
-0,02807939
-0,005885394
-0,02497671
0,003886206
0,02166936
-0,03375476
0,01959181
0,005988581
0,01580164
-0,003340139
-0,003350722
-0,01130175
0,01607206
-0,02888269
-0,01630126
0,0253123
0,01252725
-0,01971941
0,01881077
-0,01588911
-0,01199209
0,0270419
0,005429873
-0,015361
-0,02836104
0,02068305
-0,001779227
0,01701162
-0,01126065
0,01335153
0,03110006
-0,02271752
0,01620986
-0,02166892
-0,01664
-0,01352981
-0,0008918823
-0,01391497
-0,004381645
-0,003314314
-0,03373452
0,009503568
-0,002826291
-0,02607169
-0,02500925
-0,03242343
-0,04391031
0,007102751
-0,0272297
-0,0228008
-0,005000433
-0,03921885
0,002406627
-0,002028653
-0,0122578
-0,01681679
-0,03239992
-0,03522519
0,001954649
-0,02893204
0,0009025096
-0,022934
-0,006513681
-0,02232558
-0,001602999
-0,008663727
7,481459E-05
0,008736571
0,02020536
0,02671829
-0,005710673
-0,006424618
0,01038497
-0,01010963
-0,0181037
0,001644477
-0,005320023
-0,004623673
0,03106711
0,02242758
0,02059828
0,002808918
0,0004464951
0,02748048
-0,02688526
0,02631463
0,0009960119
-0,01924464
0,01121805
0,0251829
-0,01612177
-0,003192792
0,008041421
-0,009925405
0,01536861
0,01633278
-0,01877603
-0,02197248
0,003424247
0,01721507
-0,001829521
-0,01635505
-0,03601949
-0,01612291
0,01672587
-0,02321201
-0,01112202
-0,01637142
-0,01272685
0,01936347
0,02206163
0,006663386
-0,02908283
0,01561686
-0,0158502
0,02713778
0,002650707
-0,006384708
-0,02727251
0,0007487579
0,02138977
-0,01198747
0,02645647
0,02606495
0,009315181
0,02381122
0,01014181
-0,01789529
-0,006828475
-0,01479712
-0,02106454
-0,02998275
0,01099296
-0,02920165
-0,02133294
-0,004583373
-0,001183291
-0,02040802
-0,02552457
0,02688429
0,006267119
-0,018929
0,01655379
0,009369988
-0,04032233
-0,004834852
-0,01512513
0,02087738
-0,02447447
0,01867747
-0,01901035
0,01948948
-0,01858971
-0,02762051
-0,03556712
-0,01455475
-0,006605993
-0,02944454
0,004412366
-0,0344095
0,0003202282
-0,02173106
0,02231307
-0,0270718
0,01309653
0,0211921
0,02496617
0,02895123
0,002249276
0,01613486
-0,005701147
-0,008037939
-0,011224
-0,02208988
0,02512748
0,007012345
-0,00452577
-0,02304989
0,0254218
0,03028812
-0,0096775
0,01114231
0,02487919
-0,007429976
0,01947104
-0,02385564
0,01169335
-0,002666836
0,02776383
0,02119854
-0,02995359
-0,005739731
-0,000623342
-0,03416744
-0,01689562
-0,01589023
-0,01720298
0,01224746
-0,03616407
-0,03096436
0,00136125
-0,009860785
-0,01289256
-0,01263583
-0,001547756
-0,03343207
0,002511329
-0,02453257
-0,01917486
-0,003710238
0,02288844
-0,0148571
-0,02067562
0,009617012
0,007586881
0,02067414
-0,01847574
-0,002701462
-0,01906194
0,001738976
-0,02208603
-0,003792307
-0,02928757
0,01063194
0,01533988
0,02893444
0,01788986
-0,01780304
0,01189276
-0,002306279
-0,01690942
0,003625256
-0,03124164
0,01279232
-0,02184126
0,01777066
-0,01581671
-0,001770158
0,02074838
0,02112758
-0,003101401
-0,001220874
-0,0243471
-0,003739064
0,01614494
0,001644224
-0,02322135
0,01372095
-0,01730687
-0,005195014
-0,0242845
0,0161192
-0,004724763
-0,006343197
-0,03632142
-0,01789934
-0,005473839
0,009282985
0,008258257
0,004592728
-0,01977998
-0,004695474
-0,005601296
0,01505152
-0,01464261
-0,008404756
-0,01055593
-0,006612905
-0,007405902
0,01277462
0,0009104485
0,01156038
0,008846672
-0,0101401
0,029363
0,006010946
-0,0190169
-0,0004260105
0,01585306
-0,02791392
0,01047783
0,0237191
0,01180875
-0,02603404
-0,02559827
-0,01585901
-0,03117885
-0,005713427
0,0170262
0,02721144
-0,007060002
-0,003523165
0,007658842
-0,0260763
-0,001010335
-0,0377776
-0,0344234
-0,01461292
-0,02763581
-0,01287106
-0,022268
0,01024196
-0,007081652
0,008944234
-0,03380654
0,000246662
-0,01735478
-0,0168821
0,003528615
-0,005736248
-0,02688455
-0,03282616
0,02795078
0,008168447
0,02748774
-0,008965996
0,0119372
-0,01391331
0,006484051
0,02513195
-0,01032268
0,02457586
0,01024152
-0,005400462
-0,01391549
0,02717214
0,02186094
-0,005604674
0,008688283
0,02290549
-0,002447051
0,01345832
-0,0216438
-0,02078615
0,00841996
0,01699673
-0,007618981
0,02900808
-0,02631378
0,002538636
-0,03500416
0,008148527
0,0136415
-0,02251516
0,01224539
-0,01325674
-0,007189932
-0,0326239
-0,0269495
-0,02580296
-0,01876323
0,01115205
0,0115754
-0,01641164
-0,02568411
-0,005124321
-0,02065928
-0,02754238
-0,006748593
-0,02642151
0,01067252
0,01896435
0,001096553
0,01163563
0,02747788
-0,00970818
0,01896627
0,01755598
0,02841915
-0,02276335
0,02784738
0,01517986
-0,01579501
0,02985119
0,02233841
0,005267692
-0,0269253
-0,01128504
0,0001852992
0,02056137
-0,01092678
0,01041351
-0,02077352
-0,009228561
-0,002764103
0,005765968
0,02388823
0,01633417
0,02422553
-0,01948423
0,002467853
-0,02102151
-0,008542243
0,01693642
0,01616785
-0,02622579
-0,02952612
-0,03317323
-0,01639381
-0,008652858
-0,005419505
0,01305556
-0,02546183
-0,03432057
-0,0193049
0,001991652
0,00332516
0,01869319
-0,002458972
0,008664452
-0,003520809
0,0210972
0,002984625
0,006641754
0,01642226
0,02707092
0,00894087
-0,0188263
-0,01774941
-0,01120242
-0,003183087
-0,02630959
0,02429524
0,01540018
0,00168359
0,01290492
-0,01494227
-0,01433315
-0,02669719
0,009888223
-0,008024338
0,02155178
-0,03248399
-0,03070184
-0,01949635
0,00156589
0,001727784
-0,02872863
-0,03736492
0,01288589
-0,03047499
-0,03273291
-0,02121839
-0,02333492
0,01096252
0,01021714
0,004838327
0,01090039
-0,03085352
0,0146392
-0,009392165
0,01781831
0,01976429
-0,03914922
-0,03183181
-0,0021171
0,02293732
-0,002600015
0,00546132
0,009988022
-0,007974873
-0,01527699
0,01658373
0,01960389
-0,01498299
0,0003148888
0,01881362
0,001680516
-0,00647943
-0,01968348
-0,004956145
0,006909116
-0,01892745
-0,007645087
-0,01433384
-0,007546755
0,01616289
0,006010519
0,02351628
0,0137519
0,02701628
-0,00810413
-0,02619246
-0,02892734
-0,02777587
-0,008352289
0,0226483
-0,032887
0,02159252
0,007893841
0,006395353
-0,02808997
-0,008672203
-0,01226598
-0,007560264
0,009273602
-0,02120604
-0,01111513
0,02097099
-0,0271417
0,01674056
-0,02711511
-0,008443397
0,02404382
-0,000816154
0,02189354
0,01855703
0,00515886
0,01306036
0,01565157
0,01594178
-0,01755037
-0,00351568
0,02184236
0,01212631
0,02708044
-0,02257979
0,009129973
0,0137796
0,02034128
0,004703924
0,02076827
0,007492762
0,01201612
-0,002694228
-0,01428378
-0,02336533
0,01806072
0,02351533
-0,003740872
-0,02976735
-0,009017104
0,008403311
0,005883223
0,01783679
0,013671
0,02482865
-0,02676233
-0,002060205
-0,02310223
0,00529034
-0,009555767
-0,01736941
-0,0211132
0,02364365
-0,007677794
0,003006599
-0,001495396
0,002457621
-0,01151951
0,001939952
0,006021684
0,00919692
-0,0233545
0,006185992
-0,03079999
-0,001680699
0,01224107
0,002876968
-0,01459253
0,01859417
0,02810883
0,008620448
-0,01143999
0,01063986
-0,008721638
0,002893103
0,01642926
-0,02760727
0,02335546
0,02890395
0,03047951
-0,0232041
0,002384521
-0,02070371
-0,01873623
0,005214384
-0,005521189
0,01347164
0,02713372
0,006195056
0,0005389554
-0,0259515
-0,01004489
0,01610937
-0,01253368
0,005275567
-0,004620755
0,02803716
0,01129427
-0,01486585
-0,01655343
0,005125183
-0,01160056
-0,01217903
0,002059024
0,006775932
0,01923712
-0,01046169
-0,003311139
0,02033528
0,02332539
-8,63462E-05
0,01310436
-0,00564209
0,004263935
-0,00035759
-0,02330384
-0,02952665
0,0004517062
-0,0004480797
-0,02454349
-0,03326242
0,006482171
0,01064065
-0,0165598
0,01935104
-0,01560054
0,0003168778
-0,009113521
0,01398526
-0,02638965
0,01788748
-0,009999721
0,005606898
0,012834
-0,006987275
0,02033942
-0,02213283
-0,0006513737
-0,003651359
0,009620184
0,02375653
-0,02228921
-0,03512951
0,007560042
0,02276478
-0,01610881
0,02164892
-0,01800817
0,02101645
-5,248163E-05
-0,000968712
-0,002751769
-0,02440102
-0,0333882
-0,02720526
-0,04046883
-0,008074583
-0,03068615
0,01480525
-0,005380297
-0,01360528
-0,03040718
0,01361348
0,0176873
-0,02920036
-0,0181844
-0,01715978
0,01989804
-0,01266928
0,0128072
-0,02947937
0,002909692
-0,02354993
0,02049029
-0,01710002
0,01966314
0,006162974
0,02983711
-0,01255314
0,0005474821
-0,0056622
-0,007804444
0,001597757
-0,01654885
0,001677761
-0,01001619
-0,02254487
-0,005201768
3,290419E-05
-0,008827874
-0,01515377
-0,03246179
0,0006768084
0,02168116
-0,01984283
0,0132952
-0,01159586
-0,0228552
0,007841377
0,01294642
-0,02532787
-0,03560918
0,01612571
-0,03733058
-0,01746615
0,01620523
-0,02172778
-0,02072422
0,01546821
-0,01049564
-0,01401492
0,002058256
0,01644083
-0,01409617
-0,0309764
-0,02703433
0,01050916
0,006721604
-0,009724606
0,01725444
-0,02365912
0,01705473
-0,005989131
0,0229641
-0,003875047
-0,02767895
0,03003825
-0,0185029
0,00661821
-1,856965E-05
0,0002210806
-0,0009579197
-0,006681186
0,004489036
-0,005416494
-0,005564215
-0,000806057
-0,006529537
0,01382895
0,004486501
0,02833951
0,01724453
0,001925533
-0,0296109
0,02869613
0,010155
-0,0224753
-0,01775783
0,01769196
-0,02504751
-0,03015949
0,01044564
0,0110512
0,009027002
-0,004891395
-0,02125548
-0,003456196
0,0153916
0,002128881
-0,01112407
0,021186
-0,02179071
0,01450801
-0,009831978
0,0211763
0,0246753
-0,01986066
-0,01314607
0,02966239
0,01135913
0,002821108
-0,0171892
0,02342554
0,01421693
0,01721064
-0,01123369
-0,0150643
-0,007744565
0,02641252
0,01598373
0,02246459
0,01768556
-0,00871262
-0,005472672
-0,005003165
0,01784806
0,01070355
0,0008685612
0,02419392
-0,0287026
0,01696296
0,001524022
0,013793
-0,01288064
0,008503824
0,01914866
-0,03055282
-0,02616311
-0,0262577
-0,03325858
-0,006503433
0,01922627
-0,02426469
-0,02964897
0,0002931152
0,01428794
0,008837661
-0,04149814
-0,03874298
-0,02104129
-0,034331
-0,01811344
-0,03202271
0,0196998
-0,001533661
-0,02146261
0,01988439
-0,01384716
0,02985666
-0,02098199
-0,01671302
0,007890272
-0,009519802
0,02422655
0,02514367
-0,02989244
-0,002469692
0,003753006
-0,02460603
0,02664143
-0,01546381
-0,02201071
-0,01339968
0,0242991
-0,01111311
0,02921718
0,004611749
-0,01590997
0,0171449
-0,002108239
0,02465677
0,008045626
-0,001567091
0,00606529
-0,03239196
0,001874767
-0,001369829
0,01948408
0,009433568
-0,01312548
-0,03630112
0,005836066
-0,03146234
0,01981904
0,00728083
0,009864371
-0,007208259
-0,02026989
-0,03197247
-0,003833102
-0,01589735
-0,02269493
0,02302043
-0,02791944
-0,03149952
0,02526858
0,02908167
-0,02378064
0,006206699
0,006072708
0,008803812
0,005752395
0,002327887
-0,002903323
-0,02136049
0,006016748
-0,02443109
0,01137922
0,02190308
-0,007323008
-0,0003458467
0,006817202
0,02139336
0,009204881
0,0245854
-0,0001875563
-0,03034393
-0,01182471
-0,0267649
-0,006669665
-0,004907439
-0,0200481
-0,03217279
-0,02415528
-0,02550645
0,0128729
0,008710114
-0,008052104
-0,0002598217
-0,0351498
-0,003552496
-0,01554734
-0,02090478
-0,03213927
0,008904196
-0,01409165
-0,02670909
-0,0005890182
0,0003231037
-0,03107674
0,005913859
0,01492744
-0,001556235
0,0187132
-0,02772149
0,0172401
-0,003583388
-0,01213015
-0,01855551
0,004081299
0,02650189
0,008825501
-0,02939351
-0,02099581
-0,02226581
-0,005635125
0,003587072
-0,008098488
-0,01179387
-0,002617721
0,02696183
0,01242241
-0,02251003
0,01723874
0,01832014
-0,02387053
-0,01057534
0,01058864
0,01693474
-0,005995312
-0,01520853
-0,01179095
-0,0003253516
0,02556131
0,01305895
0,004987121
0,01182476
-0,02037882
-0,03386021
-0,01418021
-0,02015323
-0,01755634
-0,02539395
-0,03950869
-0,03308989
0,01345968
-0,01935556
-0,03935292
-0,04477581
-0,01853557
0,01582041
0,01639717
-0,009156528
-0,01208179
-0,02301853
-0,03080931
0,01511374
0,01269724
-0,0268449
-0,02850519
-0,002040864
0,01341876
-0,0006118467
0,01508084
-0,01270064
0,004251324
-0,02477024
-0,02468795
-0,005714082
0,001267199
0,01281798
-0,005141881
-0,008101221
0,02704221
-0,01978397
0,005462805
-0,002670612
-0,02375475
0,007219478
0,02149027
0,01354949
-0,0147368
0,009886008
-0,007862625
-0,0005962602
-0,006697075
0,02759857
-0,01880018
0,006589439
0,005905336
0,01379087
-0,04025123
-0,03086025
0,02124378
0,01411028
-0,005204751
0,01334302
-0,0146285
0,0006164891
-0,005797823
0,01367776
-0,01775297
0,004744408
-0,005095862
0,005755003
-0,004740133
-0,002856813
-0,007618516
-0,020664
0,00842989
0,003687219
0,006164411
-0,02705943
-0,01929425
-0,01350812
-0,01902771
0,02867333
-0,02566813
-0,01724017
0,02210307
0,005028871
0,02626947
-0,003143271
0,01276623
0,008564498
0,01137801
-0,01186502
-0,01040714
-0,02836229
0,002397962
0,01507655
-0,02737197
-0,007322598
-0,02886106
-0,03228269
-0,002965985
0,000773769
-0,01877837
0,01291082
-0,03609472
0,01312467
-0,007692079
-0,04023607
-0,03828407
-0,02800068
-0,02300461
0,02196051
0,01647013
0,0009226122
0,001733215
0,0001061911
0,009344353
-0,02458851
0,01342591
0,02371055
0,02078266
0,01903923
-0,0324556
0,01751331
-0,03141187
-0,01888969
-0,02392371
-0,008524351
0,0062362
0,0235468
-0,001598937
-0,02175199
0,02872455
-0,01992407
0,01875888
0,01071974
0,01747633
-0,006904294
-0,01936771
0,0254065
0,02929754
0,02473166
-0,006539288
0,0001007175
-0,01180496
0,01031607
-0,01018145
0,005877486
-0,01478101
0,02381133
0,02972694
0,01769499
0,004541047
-0,02584314
-0,0320095
-0,002738899
-0,008627821
-0,0220148
-0,001519884
0,01137092
0,00936774
-0,02301403
-0,01738262
-0,03225356
0,003384473
-0,02828959
0,02096457
0,009804117
0,01874957
-0,03179932
0,01730048
-0,008149059
-0,02860292
0,02214534
-0,03033917
0,02993042
-0,005224029
-0,001550446
0,001882262
-0,01384923
0,02047196
-0,0029427
-0,02849688
0,01034273
0,0239514
0,01174763
0,006298627
0,02614737
-0,02460662
-0,02166366
-0,02197858
-0,002472952
0,01005517
-0,01430908
-0,02556186
0,01282352
-0,001384226
-0,01899703
0,01714296
-0,02049639
0,01268179
0,004231326
0,0163659
-0,01579388
-0,02890969
0,0002661553
0,005179693
-0,003754931
-0,04001272
-0,03870446
-0,02586306
-0,03725926
0,01053432
-0,01549964
-0,03879131
-0,01803634
-0,02328231
0,007827096
-0,01651893
0,03068816
0,0009493829
-0,03011513
0,006810203
0,009644626
0,02022626
-0,009868752
0,01351007
0,01759759
0,01691245
-0,0170094
-0,004415152
-0,02020037
0,008265203
-0,01147254
0,002111689
-0,01462808
0,01317957
0,01562458
0,004360182
-0,01360889
0,02691306
0,02772602
0,02252771
0,02669186
0,02571743
-0,03016545
0,0002027585
-0,02368786
-0,01806732
0,01352401
0,001936647
0,02032026
-0,02968765
0,02071936
0,006247228
0,003798134
0,01693568
-0,03950538
-0,0164594
0,004378311
0,01464884
0,01856081
0,00931356
0,009469047
0,004045494
-0,03495754
-0,00932443
-0,00277391
0,02622406
0,0146194
0,006711981
-0,00628021
-0,02373156
0,02821659
-0,02964933
0,002444945
-0,01897921
0,01235836
0,01622565
0,01646031
0,0177451
-7,938767E-05
0,0004635969
-0,02949182
0,009681908
0,006531469
-0,0198355
0,01775513
0,008215902
0,01971897
-0,01015735
0,01209075
-0,006304893
0,02026127
-0,008303626
0,02511511
-0,02962326
-0,03320865
-0,01797785
0,02177005
0,008690801
-0,02584421
-0,01273407
-0,002474437
-0,02786507
-0,02966763
0,002232368
-0,03878773
0,01002471
-0,03800788
-0,01107179
-0,02724474
-0,02828908
-0,00659431
0,01464727
-0,01893986
-0,008749427
0,0221858
-0,02060682
-0,02917189
0,02248246
0,006084181
0,02349935
-0,02552405
-0,006052714
0,0231218
-0,02651774
-0,01229711
0,004351617
-0,02739832
-0,0004258561
-0,02291956
-0,004845912
0,02254429
-0,022193
0,01542374
-0,01760982
-0,02997606
0,02189377
0,0009351285
0,02527107
-0,02097275
0,03203747
0,001831735
-0,01173576
-0,02444471
-0,005685563
0,01232472
0,0209754
-0,033075
-0,00251737
-0,01786149
0,02031727
-0,01876442
-0,03028958
-0,03354389
-0,02914524
-0,02457915
-0,03546907
-0,03194224
-0,04089156
-0,02445311
-0,01528438
0,002230807
-0,00597258
-0,01470991
0,01510489
-0,006421418
-0,006241688
-0,02401723
-0,0205515
-0,004303032
-0,03287987
0,007905426
-0,02178113
0,01422448
0,008687671
-0,006201558
0,01629759
-0,01172494
-0,001563273
-0,01196934
-0,004940971
0,004522812
0,005435627
-0,01055457
-0,01409119
-0,01621732
0,02175963
-0,02535264
0,0058058
0,02769921
0,02523299
0,007353222
-0,002151087
0,002073531
0,00766112
-0,01847173
0,02423393
0,02499782
-0,009065604
-0,0273419
-0,01363754
0,01450951
0,02111605
-0,03126774
-0,02602935
-0,02696794
-0,0399252
-0,02624931
-0,0182435
0,007880478
-0,01197971
0,005869164
0,006186027
0,006791275
0,02275783
0,02329689
-0,02614881
-0,01656182
-0,02153865
0,001791112
0,003140389
-0,008271814
0,0007120048
-0,0201572
0,001484172
-0,00893156
-0,01892343
0,00356758
-0,02959919
-0,009113307
-0,004429788
0,01949135
0,02739442
-0,0042354
-0,0293089
0,01123472
0,01621094
0,00377024
-0,02137492
-0,02838782
-0,02010766
0,00317745
0,01116465
0,01974511
0,0002488534
-0,02271032
0,02105725
0,01193451
0,007239219
0,01724752
-0,02256037
0,01318344
0,01760021
0,01413773
-0,005027463
0,01600896
-0,02932643
7,497219E-05
-0,01134977
0,01374644
-0,03594904
-0,01534143
-0,02323477
-0,03768647
-0,008806323
0,008342672
0,01607904
-0,01223961
0,01180138
-0,01774328
-0,0238679
0,004981338
-0,02731863
-0,02758683
-0,008512963
0,02717298
0,01115691
0,01171751
0,008468037
-0,01110946
-0,003665696
-0,0007166227
0,02721825
-0,0180691
-0,01550591
0,01481588
-0,02909199
-0,02104684
0,02271026
-0,02432527
-0,000354972
-0,02521528
-0,02784446
-0,01361235
-0,0309758
0,009993481
-0,01737516
0,005882587
-0,002190271
0,02094777
-0,01239438
0,006937488
0,02579836
-0,01436979
0,006520876
-0,00469763
-0,001791728
0,00377988
-0,01681394
-0,005090047
-0,02867136
-0,01672747
0,01716875
-0,02968341
-0,01298656
0,001476923
-0,001741858
-0,02800133
0,01692843
0,004849065
0,005876433
0,007274319
-0,01003056
0,007057069
0,0139299
-0,03127933
-0,001008883
0,0175994
-0,02753643
0,01023524
0,01021852
-0,0262097
-0,01725534
0,0153671
0,02726753
0,0201891
0,002033013
0,004199063
-0,002491843
0,00825907
-0,02170295
-0,01572442
0,0128398
-0,01189682
0,02067675
-0,0298028
-0,02683201
0,01802368
0,02486274
-0,00637367
-0,02571124
-0,01874332
0,01615179
0,01815477
-0,01965978
0,008723662
-0,02469068
-0,02047984
-0,003292414
0,004803936
-0,03636989
0,006388702
0,00178321
0,00747302
0,02078393
-0,02107943
-0,01955789
-0,01834238
-0,0188065
0,003500942
-0,03002154
0,0263097
0,002563543
-0,02505242
-0,005119628
-0,008260482
0,02469109
-0,02465944
0,01762611
0,01210806
0,02150082
0,006936279
0,02156484
0,004047964
0,0005672371
-0,003759984
-0,015193
-0,01329792
-0,003275991
-0,01889614
0,006377813
-0,02008963
0,02631438
0,01481562
0,007608368
-0,006037371
0,002683991
-0,03506782
-0,009312284
0,004435211
0,01292305
0,02086782
0,008145643
-0,01151512
-0,007425938
-0,02233515
0,002488839
0,002333083
-0,006778812
0,02294509
0,01426789
-0,02896304
-0,004744673
0,01600566
0,01700873
-0,007588068
0,02106874
-0,02743052
-0,02238066
-0,006015812
0,02484984
0,02901868
0,0167
-0,02892659
0,02513406
0,01807728
0,03024803
0,01879226
-0,0002540028
-0,02868477
0,01682792
0,02363621
0,009443458
-0,02312255
0,02641502
0,02760119
0,02716406
-0,004141946
-0,02691188
-0,01335755
0,01557218
0,000166022
0,01800833
-0,001105106
-0,01305412
-0,008280168
0,008301195
-0,03240782
0,01835369
-0,02531062
-0,008992957
-0,01038075
0,01119012
0,02427992
0,01325674
0,01441927
-0,02538534
-0,002800063
-0,01559521
-0,003593407
-0,03324314
0,01019809
-0,02850773
-0,01458349
-0,03233402
0,02080987
-0,007991733
-0,01100874
0,02355883
0,02447114
-0,0008363046
0,0008668147
-0,02695138
0,02805476
0,01117342
-0,005886955
-0,02073839
-0,01715838
0,01024242
-0,002581798
-0,02312467
0,02781321
0,0275027
-0,00779596
0,007341291
-0,008416599
-0,02428132
0,01010828
-0,01084364
-0,02621148
0,01665022
-0,01325234
0,02831484
-0,004380794
-0,02739181
0,02302429
-0,01105241
-0,01004305
-0,01179421
-0,01189789
0,02548783
-0,01772153
-0,03334066
0,02768116
0,008594763
0,02092573
-0,01090107
0,01109643
-0,02793013
-0,02431133
-0,004278872
0,01301908
0,01674503
0,02630804
-0,001787292
-0,0156037
0,02138758
0,01558032
0,01714288
0,0162668
0,02388952
0,0211401
-0,02552536
0,02497116
-0,02565829
-0,01924798
0,001110736
0,007389484
0,02456038
0,01620649
-0,02725513
0,01664914
0,02249546
-0,009841782
0,001961808
0,02126408
0,02194866
0,02708422
0,01139762
0,008517846
0,02698242
-0,01601608
-0,008932009
0,02723611
-0,005381137
0,02274743
-0,008282323
0,02904149
0,01837105
0,01147346
0,0284787
-0,001896335
-0,001621076
-0,002017482
-0,007978792
-0,03346346
-0,0277198
-0,02819574
0,01054509
-0,01149726
-0,01094656
0,005800663
0,01559463
-0,004574813
-0,01667437
0,02141551
-0,03125127
0,002121846
-0,001979202
0,01341741
-0,001330625
0,02966265
-0,02180585
-0,02030049
0,02009143
0,008509846
-0,00292875
-0,02780189
-0,002716562
-0,01737717
0,01858396
0,002856233
0,01887039
-0,01751925
0,01761524
0,001842668
-0,01797819
-0,0148276
0,02067842
-0,006976298
0,006856102
0,00940256
-0,02454809
-0,01688402
-0,01904575
-0,0188966
-0,01095634
0,019705
0,006391371
-0,003413084
0,01715236
0,01407952
-0,0006722398
-0,02613222
-0,02142662
-0,0349974
-0,0132372
-0,01315955
0,005690143
0,01536912
0,00276802
-0,02775747
0,004379661
0,001946506
0,003400404
0,01796357
0,0260052
0,01280318
0,01341202
0,01782136
0,01350618
0,01912691
0,01651195
-0,02720431
-0,02693257
0,0158075
0,02120501
0,02127954
0,0255287
0,006189667
-0,0169661
0,004995844
-0,004676399
-0,02653377
-0,004608776
-0,02637585
-0,02787821
0,01092216
0,02534258
0,01375278
-0,02245538
0,01689277
-0,0004237996
0,0281831
0,012091
-0,0054109
0,02266622
-0,007726225
0,002702051
-0,0147449
-0,01880882
0,009808033
-0,01933224
0,02049961
0,008565538
-0,03708928
0,02183707
-0,01121022
-0,03775771
-0,005295226
-0,02526116
-0,002510174
-0,00919624
-0,02840714
0,004378033
-0,02796906
0,0136871
0,01101576
-0,0154836
0,006480063
0,02215061
-0,0135343
0,01918214
0,0283016
0,01263688
0,02704056
-0,01481046
0,01675701
-0,009350092
0,006088904
0,0179436
-0,004036195
-0,01298831
0,005996594
-0,008731437
0,00406988
-0,003845023
0,002156126
-0,01008587
-0,00728848
-0,02727553
0,004324519
0,007119574
-0,007552008
0,002399934
0,0007682842
-0,01685864
-0,0133677
-0,01481165
0,002690279
0,01213163
-0,0100717
-0,01631861
0,02784589
-0,005973591
0,0240633
0,019068
-0,02586816
-0,02867512
0,005821094
0,004276638
-0,0291377
-0,03796127
-0,01657476
0,003996163
0,01202558
-0,01664941
0,01937645
0,02079903
-0,0254743
0,00955708
-0,02098107
-0,01305543
0,01837177
0,001923629
-0,01527122
0,00754701
-0,007486545
-0,005576227
-0,02215058
0,007726053
0,02748223
0,0001575681
0,0160938
0,02423393
-0,0001828871
-0,01738691
-0,01405414
-0,02394339
-0,009430471
0,01043391
-0,01438773
-0,006754151
0,003952991
0,01023027
0,02279148
-0,0007424263
-0,01988659
0,00797432
0,01734902
-0,01542027
-0,006066997
-0,001097136
-0,01950884
0,0228617
-0,00539927
-0,0371014
-0,01234633
-0,01220983
-0,02799265
-0,01897338
-0,01251105
0,00280255
-0,03703463
-0,03153596
0,008498482
0,005197232
-0,0134726
-0,001657106
-0,01743104
0,000459287
0,02694755
0,01220956
-0,004962482
-0,005557331
-0,00819737
0,01737092
0,01240288
-0,0245601
0,005269598
0,0152916
-0,00390467
0,01551977
0,006244906
0,02360156
-0,01677707
-0,004731882
-0,01310983
0,02072293
-0,01027049
-0,003638349
0,01652904
0,01797555
0,02364218
-0,02874934
-0,01867191
0,0006663337
-0,009685438
-0,001299418
0,02733668
-0,01738306
-0,02017033
0,008430903
-0,01200168
-0,0211959
-0,01994864
0,001206163
-0,03440691
0,01245681
-0,002470489
0,002260042
-0,02454009
-0,02121249
0,0148475
-0,00897466
0,02041651
0,008776739
-0,02582588
-0,02435508
0,02149002
-0,009283695
-0,00978938
-0,00364488
-0,02198302
0,01579503
0,01381635
-0,0174634
0,02211887
-0,006315931
-0,01816941
0,02164506
-0,001179507
-0,01554574
-0,02118694
-0,007330336
0,004825205
0,01607576
-0,009727501
-0,01000611
0,006510629
0,003811193
-0,01262558
-0,002882187
-0,01407175
0,007241734
-0,02442837
-0,002230601
0,02359708
-0,0025613
-0,02425966
-0,004277568
-0,009285227
-0,02275281
-0,002013466
-0,001807397
0,009320772
0,0004697959
-0,01006161
-0,001012303
-0,0107976
-0,04416177
0,002024413
0,002962301
-0,00328806
0,00479989
-0,02224317
-0,03257637
-0,02643982
-0,004931198
0,0192422
-0,02211618
-0,006256653
0,01964943
-0,001190829
-0,01282423
-0,02692422
0,02466975
-0,01907698
0,0005243411
0,005410105
-0,01640925
-0,01329712
-0,00486216
-0,01148693
0,01659978
-0,0009555196
-0,0126334
0,01148588
0,002862792
0,001513967
0,02261308
-0,01702856
0,009027597
0,01546153
0,003286797
0,01486547
0,00451761
0,02142055
0,006586417
-0,004837431
-0,02566917
-0,01118409
-0,01093685
-0,001724929
0,02172878
-0,03589445
-0,007677734
3,74327E-05
-0,02620381
-0,007575813
0,01568034
-0,008799865
0,02030791
-0,03777529
-0,01732497
0,01438492
-0,01315971
-0,01259926
0,01424567
-0,0178395
0,02381255
-0,007479253
0,006093289
0,02781087
-0,02991904
0,02477241
0,01269911
-0,02933165
0,02761816
0,0008773587
-0,004646119
-0,02959819
0,004695936
-0,02408883
0,002269408
0,02311866
0,02418155
0,02151789
-0,01051097
0,01268692
0,02542879
0,006158067
-0,007069357
0,02650811
0,004559581
-0,008667701
-0,01817622
0,004503651
-0,003102489
0,01635358
-0,00680451
-0,02262432
-0,03049826
-0,009049146
-0,006059687
0,001987553
0,005441076
-0,0111052
-0,004611327
-0,0374037
-0,02536732
-0,008897996
0,002223927
0,005950562
-0,02516409
0,0210054
0,01997309
0,0187446
-0,001440904
-0,007683288
0,02443993
0,002181785
-0,02701375
-0,02441729
-0,0128019
-0,009447976
-0,03096897
0,009260626
-0,008490656
0,006742043
0,009776386
-0,02355135
0,002223718
-0,01885882
-0,02313347
-0,0169406
0,02808242
-0,01918117
0,007620358
0,023331
-0,02123574
-0,005765433
-0,01513358
-0,01556828
-0,01072374
-0,007230303
0,02274315
0,009974337
0,01767251
0,01059841
-0,004420782
-0,01130029
-0,0276001
-0,03099874
0,01447173
0,01541416
-0,03158037
0,02084594
-0,03423022
-0,03295035
-0,003204625
-0,04067209
-0,03522172
0,02073596
-0,01233339
-0,0218598
0,02127526
-0,007050097
0,001852911
0,02346074
0,0282937
0,01680128
-0,01485462
0,008400794
-0,01142642
-0,002157904
-0,01646
0,01581661
0,01353241
0,02294296
-0,004449957
-0,01137317
0,02300749
0,01036052
-0,01992256
-0,01069997
-0,02880835
-0,001299187
-0,01274646
-0,01754882
-0,02805093
0,02641858
-0,03340713
-0,002842966
-0,01664532
-0,02739767
-0,01039934
-0,01337176
0,02369219
-0,02079155
-0,00832465
-0,006907662
-0,02673347
0,01735235
0,006467687
0,001069397
-0,03737769
-0,01099725
0,01137236
-0,0179123
-0,004289093
-0,01482024
-0,02066863
-0,01955413
0,004788651
-0,01859038
-0,03004416
-0,01301983
0,01641646
-0,02291406
-0,01870038
0,002059211
-0,01857794
-0,00710949
0,02395537
-0,02919925
0,01208438
0,01569903
-0,005385569
-0,0190744
-0,02408055
0,02716439
0,0240751
0,004791697
0,0002001518
-0,02815674
-0,01577247
-0,02902856
0,02546234
-0,0007010464
-0,01639993
0,0001755795
0,008609524
0,02135795
0,008393453
0,008976354
0,01271423
0,01370697
0,01542625
0,01998801
0,02302111
0,02678467
-0,002070544
0,01051999
0,01788181
0,01431503
-0,02544779
0,008225808
0,02177568
0,002783984
0,0110052
-0,0227179
-0,03682963
-0,004797584
-0,01878863
0,005626216
-0,006242283
0,006786068
0,0145319
0,01008955
-0,02464878
-0,02149093
-0,002580038
-0,01251679
0,02045246
0,009336862
0,01816278
-0,01098897
0,01835617
-0,01590686
-0,01236659
0,02957956
-0,02981276
0,002750876
-0,01300175
-0,02137326
-0,004601231
-0,02458962
0,007687065
0,007949012
0,02036211
-0,0006923354
-0,03178953
-0,02165292
-8,480763E-05
0,02817071
0,003345618
-0,02576783
-0,0004054033
0,02060746
-0,02550571
-0,03156243
-0,03518469
-0,03035038
0,008637822
0,005446148
-0,008362796
-0,02350536
0,01724429
-0,022928
-0,03798404
0,01463801
0,01469169
0,006498892
-0,01215684
0,02365903
-0,01760097
-0,001338722
-0,01039773
-0,02279761
-0,01593131
-0,006781687
-0,02917232
-0,02369409
0,0201795
0,006520675
-0,02206798
-0,0130991
0,01787415
0,02485508
-0,02213219
0,01395706
0,01491104
0,02445244
-0,02321357
-0,01304135
0,02824718
0,0244503
0,01616967
0,001039833
0,009395226
-0,01932821
-0,01968352
-0,007434036
0,006033092
0,02937946
0,004418662
-0,01667411
0,01283581
-6,020091E-05
0,005719008
-0,02814094
0,01667774
-0,009307785
0,0006818051
0,008267075
0,02731531
0,01944177
-0,02319858
-0,03128049
-0,00635345
-0,02685364
-0,01086063
-0,03745321
-0,02997914
-0,0173734
-0,02619235
-0,03275121
0,005522748
-0,02133881
0,02934938
-0,008483692
0,01185668
0,01497854
0,002224818
-0,02450068
-0,01584981
0,01225787
0,002503918
0,02196887
-0,02809271
0,02468991
0,002469883
-0,01590418
-0,01360342
-0,02394784
0,02432163
-0,009563999
-0,01512117
-0,006225945
-0,01189892
-0,02456395
0,01042966
0,00954698
0,02609758
-0,0008814278
0,01306279
-0,02715243
-0,02013983
-0,01789323
0,01805068
0,0002590116
0,001853443
0,0006692519
0,001228322
-0,01868405
-0,01579763
-0,03429945
0,01196669
-0,01255335
-0,01406913
-0,02652274
-0,01949168
-0,01507084
-0,0298963
0,005728085
0,004953739
-0,01859487
0,01492601
-0,02669162
-0,009902076
0,01638021
0,01294992
-0,01689178
0,02002796
0,02295179
0,01207854
-0,02702974
0,01956099
-0,02496882
-0,008005876
-0,01910687
9,826391E-05
-0,01362867
0,03062502
-0,001627854
-0,01333876
0,02653394
0,010918
-0,02855453
0,01901494
0,0226207
-0,002071845
0,01771766
0,02652383
0,03033392
0,01383388
-0,01612388
0,001101272
-0,01622263
0,01375511
0,0002045357
-0,01797618
-0,03274933
0,0156577
-0,0344201
0,01096013
-0,01769311
0,003227212
-0,001699837
-0,009128519
-0,0296952
-0,02785986
0,006525064
-0,02749965
-0,02065676
0,01111543
-0,02884607
-0,01011901
0,0088508
-0,007153384
0,01228053
0,002291143
0,01483577
-0,01366313
0,0006560513
-0,009807427
0,02630154
-0,01383915
0,02239578
-0,02139962
-0,003808789
0,001670313
0,004166419
-0,0112142
0,01831042
0,0213438
-0,008600082
-0,004791369
0,02443228
0,00751455
0,0245376
-0,01826212
0,028907
-0,001817457
-0,001913508
0,009163363
0,01111941
0,005979249
0,007763865
-0,0218085
0,009581105
0,02124192
0,02044467
0,01784164
-0,03623625
-0,03957796
-0,005832281
0,01022365
-0,02127993
0,002925682
0,01346897
-0,0384698
0,007321128
-0,008203981
-0,03126493
0,00975945
0,0066798
-0,001752496
-0,00986613
-0,00633514
-0,003589562
0,01175993
-0,002868481
-0,03098263
0,00203808
0,001533709
0,001203625
-0,01307215
0,01955273
0,02277079
0,01139606
-0,01024724
0,007954876
0,01088847
-0,002862313
0,00236001
0,008937235
0,01296049
-0,01393646
0,01868743
-0,01355931
0,002102681
-0,02265473
-0,01608345
0,0127594
0,01826898
-0,007402986
-0,004700682
-0,0088368
0,01303335
-0,03095967
-0,02224883
-0,0216716
-0,02395158
0,007293999
-0,03874195
-0,01345979
0,0138578
-0,01887703
-0,01212898
-0,01776292
-0,03090378
-0,04108098
-0,01436249
-0,0374417
-0,002249329
-0,008221075
-0,02018511
-0,02718101
1,483568E-05
-0,02319431
0,02404862
-0,01809481
0,002608867
-0,02050578
0,02541802
0,004563462
-0,01599746
-0,009749278
0,0157715
-0,01841958
-0,02331851
0,0276129
-0,02540538
0,02173546
0,002074573
-0,02618092
-0,007295198
0,02673074
-0,004090816
-0,0247377
0,01686921
-0,002687758
0,02103476
-0,008705158
0,03265895
0,003718752
0,006305058
-0,02008361
-0,02253369
-0,01066107
-0,01902427
-0,01299394
0,009462718
-0,001804563
-0,02897063
0,02187667
0,00331685
-0,04055145
0,007257577
-0,01695117
-0,03488564
-0,01236474
-0,004533416
-0,01655088
-0,01540571
-0,01549373
0,02726206
0,005532694
0,00243915
-0,0009385017
-0,02929425
-0,01617524
0,00781576
-0,002185376
-0,01144189
-0,003983623
-0,005308348
-0,013984
-0,01898528
-0,002503131
0,02987433
-0,0251376
-0,01825523
-0,004747119
-0,02852016
0,01639984
-0,01888205
-0,00140074
0,01355701
0,003039413
-0,009442395
-0,010438
-0,02361911
0,03168353
0,02778678
-0,0118485
0,02794072
-0,0005470199
0,02701831
0,01093259
0,004497218
0,0255587
0,002420008
0,003153509
-0,01913284
0,02085557
0,0003531243
-0,02817615
-0,02093331
-0,0007881997
-0,009780488
-0,01416789
0,0140646
-0,01545888
-0,01058197
-0,03034673
-0,014876
-0,02520042
-0,012479
0,005064039
-0,02379085
0,0006113396
0,02223286
0,02508484
-0,0241083
0,01086639
-0,02231017
0,009973091
0,003922899
-0,02626965
0,00141938
0,02658496
-0,01113397
0,0002677581
0,0252448
0,03140615
-0,004439589
0,002387643
-0,02237665
-0,02061508
-0,02683187
0,02187642
-0,0204972
-0,02700416
-0,02749814
0,02846145
-0,004204997
0,01311133
0,003218329
0,02266594
0,02708883
0,01807759
-0,02313618
-0,01168519
-0,004597897
-0,03981221
-0,03620412
0,003265711
-0,007120627
9,992E-05
0,01198636
-0,03326894
0,01337961
-0,0247411
-0,02658538
0,002761782
-0,02781277
-0,01113947
-0,004525474
-0,003145955
0,01079482
0,01705885
0,03144779
-0,02032447
0,0006849364
-0,01849411
-0,01167159
0,01667358
0,02485807
-0,0194298
-0,01822507
-0,007303921
-0,0226141
0,01522899
-0,02403969
0,01213995
0,01455994
0,02670442
0,02572474
0,0236101
0,02297449
0,01116786
-0,02773363
0,002765266
-0,01329141
-0,02911029
-0,02332073
0,02443122
0,02394333
-0,004309115
0,01850663
-0,02734017
-0,01630033
-0,03220664
-0,03137915
-0,02807678
0,01512115
-0,03301735
0,01980964
-0,01271108
0,01435505
-0,01080289
0,01489606
-0,01663846
-0,00761243
-0,008451914
0,02132907
0,0284092
-0,02437574
-0,00502634
0,02199604
-0,01822785
-0,003131035
0,005591826
0,003835298
0,02589162
0,01073177
-0,002671817
0,02206135
-0,005182455
-0,02902082
-0,008088484
0,02047637
-0,002688486
-0,0110008
-0,02680635
-0,02547368
-0,02926032
0,003645963
0,0236438
0,02009718
0,01058809
-0,02738405
0,003915113
-0,02441324
0,0001019806
0,02110737
0,009961333
-0,02677799
0,02114908
-0,02115479
-0,02268622
0,01417567
-0,005149559
-0,0008445916
0,004408569
0,005445585
0,004655575
-0,005653794
-0,02484829
-0,002913974
-0,008210825
-0,02465389
-0,005958915
-0,01296637
-0,01005096
-0,001654712
-0,01212396
-0,03115258
-0,01123583
-0,01067637
0,02296001
-0,006533752
-0,01787686
0,00580339
-0,02283894
-0,02581463
0,02132147
-0,001965081
-0,02957639
0,03023899
0,02690892
-0,01154509
0,02571652
-0,018315
0,01793494
0,002466713
-0,008793264
0,02098273
0,008674282
-0,008873319
-0,008321633
-0,00202768
-0,008420568
-0,008670159
-0,006173753
-0,002345537
0,002449374
-0,01961168
0,01096363
-0,03160465
0,001429491
0,006182126
0,01095559
-0,0003018607
-0,01583264
0,0103995
-0,001149102
0,02203588
-0,007805935
0,002089788
0,02103524
-0,01458796
0,0003494365
-0,01922445
0,0003142168
-0,02520035
-0,01517061
-0,01482773
0,00342598
0,02126916
-0,02028509
-0,002155322
-0,007310876
0,02765669
0,0289218
-0,007977752
-0,02965088
0,01971142
-0,02119536
0,006804829
-0,001620481
0,006095122
0,0119485
0,02739261
-0,005323274
-0,01829231
0,0007686434
-0,009468523
0,02226196
0,02835666
0,02589806
-0,003905828
-0,008367658
-0,03298778
-0,002991056
-0,02744243
0,02496367
-0,02342718
0,01630534
-0,01422524
-0,01323768
-0,01287025
0,008492431
0,02146623
0,0177688
-0,03379713
-0,0179966
0,01628673
0,00473201
0,02508611
0,01768636
0,01778244
0,01335526
0,01818749
-0,02473819
-0,01800234
0,002731723
0,006776266
0,01784505
-0,008082809
0,006738655
0,02646399
-0,006446288
0,003108133
0,02507514
0,01410271
-0,02614376
-0,007702642
-0,001962589
0,02451868
-0,004121044
0,02124534
0,03018159
0,01838343
-0,00970991
-0,02209218
0,02344295
0,01624688
-0,02616382
-0,01165255
0,0212302
0,0147188
0,01652536
0,02160331
-0,02485894
-0,02800658
0,009609646
0,001751373
0,01953763
-0,01758745
0,0006445406
-0,01112888
-0,01534248
-0,004288604
0,01131909
-0,0150963
0,02269157
-0,022715
0,03228066
-0,0232106
-0,03052921
-0,03017852
-0,006933926
0,009765952
-0,0003511247
0,02716744
0,0164053
0,02742847
-0,0007456371
-0,02858784
-0,008274765
0,01956481
1,435339E-05
-0,000340465
0,0009242775
0,02533302
-0,01769275
0,00213979
-0,003144816
0,01995111
-0,02591569
-0,001732163
-0,001345995
-0,01699249
-0,005815526
-0,02586007
0,001056455
0,0034287
-0,02728292
0,02967014
-0,01801735
0,01728538
0,01909975
0,02457889
-0,01403813
0,02164097
-0,01017028
-0,02972686
-0,01150031
-0,02487957
-0,01582781
0,0105133
-0,02781306
0,01996308
0,0176229
0,009984106
0,01817793
0,01807327
0,02221388
0,01636072
-0,02405337
-0,004519504
0,01134104
-0,02384968
-0,02730714
0,003045685
0,000129331
-0,02071978
-0,01275439
-0,003034065
-0,002217629
-0,01461341
0,02505289
0,0009982451
0,02144118
0,007813824
-0,02854815
0,008028101
-0,01385368
0,011485
0,007532382
-0,01983628
-0,01928219
-0,01160585
0,001822412
-0,007658608
-0,00739962
0,00734766
-0,007941931
0,01230489
-0,01598667
0,01326262
0,008596957
-0,01817727
0,0190233
0,01440696
-0,02669218
0,006722283
0,01896164
0,00974247
-0,01141341
-0,02101111
0,01085611
0,02096578
0,005789481
-0,03248745
0,01235232
-0,001913044
-0,03629343
-0,02377063
0,009704915
-0,01741668
0,002404987
-0,01648117
-0,02003317
0,02973003
-0,01439452
-0,006627315
0,008054707
0,01326822
-0,01831224
0,02481715
0,01931493
0,008914026
-0,01466344
0,01777253
0,00952672
0,01521404
0,01372293
-0,02308433
0,005618285
-0,006231606
0,01837444
0,006410292
-0,00778626
-0,0007691058
-0,002974761
-0,01069292
0,0101834
0,001038219
0,00645567
0,01960027
0,007588628
-0,02409305
0,02817502
0,03042202
-0,02216133
-0,008016751
0,0281536
0,01908899
0,0007393331
0,009484467
0,02724638
-0,02705111
-0,004322887
-0,01098222
-0,01348128
-0,03003609
0,0009254807
0,01611136
-0,008093357
-0,0298902
0,02024235
0,02313927
0,008618084
-0,01165141
-0,005164874
0,02709291
0,02238142
0,01473868
0,003733819
0,02625945
0,01518963
-0,02221271
-0,02225813
-0,005981007
-0,01160732
0,01358083
0,01123203
-0,01344612
0,009993143
-0,01393205
0,017032
0,02528074
0,007921227
0,02766341
-0,004653723
0,01314262
-0,02071763
0,02997898
-0,02109861
-0,008167695
0,01454273
0,01778077
-0,02259074
0,005522746
0,02932083
0,01265589
-0,003837437
0,01025772
0,005283024
-0,0208599
-0,0008535329
-0,01770725
-0,01576822
0,0001400287
0,02166217
0,01963358
0,02536193
-0,03057626
-0,02465761
0,005512771
-0,007445202
-0,01166607
-0,01881968
-0,0233326
-0,01510955
0,02639641
-0,01377418
0,01328989
0,02564205
0,01494977
0,01906603
0,0234315
0,005880452
-0,02043343
-0,01753188
0,02913749
-0,02839801
0,005568775
-0,003828227
0,004859729
-0,01344069
-0,02788753
0,01265706
-0,00118204
0,01567402
0,004076765
0,009388264
-0,02499899
-0,02638467
0,004622905
0,01384138
-0,02449913
0,02411073
0,004654702
0,03028617
-0,004608226
0,005604944
0,02960629
-0,01314355
-0,02970335
-0,00344166
0,0108789
0,01297435
0,01901061
-0,01099717
0,003460942
0,005205292
-0,02800546
-0,01099905
0,02547971
0,01915794
-0,008315452
0,00766584
0,001364456
-0,01080349
-0,008250631
0,007004072
0,01374768
-0,007573353
0,01324057
-0,01208335
-0,01804108
0,01042561
-0,009914194
0,02979241
0,01461186
-0,02921703
-0,02660998
-0,01887917
0,01779508
-0,005858481
-0,02802673
-0,01232638
-0,006125245
-0,02319819
0,002685643
-0,01145972
0,02232829
-0,02262664
-0,02183634
0,02561829
0,0035649
0,01359133
-0,0215001
0,01766041
-0,006508572
-0,002717369
-0,01051893
-0,01764564
0,007210202
0,01724
0,01955765
0,005686514
0,00311129
0,0133288
-0,01645591
-0,02953345
-0,006903776
0,02117988
0,007326221
0,006202885
0,005134208
0,02537673
0,004110961
0,002108257
0,01842945
-0,02432655
-0,01584767
-0,004940298
0,01911889
-0,02584743
0,01645903
0,007463837
-0,01551949
0,01716351
0,0149508
-2,765831E-05
0,002689482
0,004823602
0,006850794
-0,01261502
0,009683702
0,02162518
0,003320549
0,02974911
0,003241267
-0,005517714
0,01258626
0,00965655
0,02121236
-0,001637827
0,02365704
0,03011137
-0,0008831524
0,0004170826
-0,007700855
0,007992015
-0,02328613
0,006336847
0,02909805
-0,01293459
-0,01723267
0,02744517
-0,007191943
0,003703563
-0,02845741
-0,0168296
-0,007452251
0,01866853
-0,03081928
0,01712664
0,00240257
0,0197938
-0,01436885
-0,008017259
0,02874507
0,01349839
-0,008480048
0,005272162
0,02914533
-0,007446159
-0,007083117
0,005256909
0,003830748
-0,01074036
-0,02015051
0,01629986
-0,02194372
0,01365952
-0,004365771
-0,02328344
-0,008168051
0,02660252
0,006144528
-0,01121425
-0,02599546
0,01237192
-0,002809631
0,02952388
0,0266354
-0,01172524
-0,02923762
0,02308138
0,008740352
-0,02539368
0,02731505
-0,0261243
0,01491277
-0,02145095
0,004498289
0,00822936
-0,01324864
0,004066927
0,008495595
0,005782706
0,02539677
0,009237387
-0,005401589
-0,02449094
-0,005694492
-0,01377697
-0,02395771
0,01003582
-0,006585913
0,02466162
-0,004995576
0,006245503
-0,01567962
0,027273
-0,01355836
-0,01472176
-0,0133417
-0,006990611
0,008707827
0,009699211
-0,008670661
-0,0003269304
0,0262805
-0,001229956
-0,0076292
-0,02387736
-0,02813572
0,03019154
-0,02059774
0,01718486
0,02062875
0,01879878
-0,01170589
0,03010961
-0,006081329
-0,003779937
-0,01061657
-0,007761968
0,004943681
0,01068751
-0,01690011
-0,008307737
0,0005959229
0,01654301
0,01126046
-0,007784212
0,02060189
0,01797374
0,02314033
-0,0105933
-0,007734951
0,02428169
0,02580554
0,02927698
-0,01499351
-0,004436119
0,01314666
0,02567023
0,01373211
-0,01089783
-0,01460084
-0,0231526
0,00118434
0,006865715
-0,02687843
0,006362534
-0,01265946
-0,01541871
0,003347502
0,02094602
0,0264813
0,02511718
0,01876281
0,02914316
-0,003215412
0,03029324
0,02999726
-0,01983212
0,01828796
-0,02965554
-0,01351967
-0,01527549
-0,02244394
0,02042446
-0,005295686
0,02736105
0,02435052
-0,01010504
0,01507593
0,02919396
0,01431914
-0,005362315
0,009332105
-0,01356577
-0,004165407
-0,02271195
0,02144256
0,02389936
0,01310963
-0,02465182
-0,02444546
0,006052615
-0,01538654
-0,028434
-0,006794946
-0,001759319
-0,02431875
0,02724305
0,002613581
-0,01408384
-0,003347667
0,002911376
-0,02286186
0,01308667
-0,02781853
-0,02952003
0,02954308
0,01073022
-0,01825826
-0,02357303
0,01283434
0,02787952
0,0002654828
0,005386528
-0,02277246
0,002290356
-0,01386377
0,002635027
0,004011802
-0,00971582
-0,02106012
-0,02413693
-0,002179867
0,01351759
0,0262169
0,01142443
-0,02981542
-0,02396431
-0,002418221
0,02753111
0,02201482
0,02789828
0,01815428
-0,0005968864
0,002144603
-0,01893964
-0,01280482
0,02652731
-0,01609746
-0,005229738
-0,0221641
-0,01944763
0,01207867
0,006273484
-0,00764045
-0,02265061
-0,02458465
0,009924404
0,02508102
0,02179661
-0,01803064
0,003395895
-0,00717188
-0,01802162
-0,02331132
-0,009272438
-0,02501295
-0,005786276
0,01736799
-0,008651872
-0,02962212
0,02334912
-0,01666292
-0,01512856
-0,0147464
0,01562309
-0,02042618
-0,02906385
-0,02658855
0,02693181
-0,01477601
-0,009692064
-0,01134584
-0,02070777
-0,01735502
0,02890172
-0,005888758
0,02190763
-0,008949112
0,01868108
0,005889321
-0,009237344
-0,01834844
0,006211216
0,0155596
-0,01180989
0,004759595
0,006162259
-0,007422631
-0,01884509
-0,02421165
0,02342314
-0,02085219
0,02327548
-0,005609321
-0,01503659
0,02799825
-0,00242139
-0,008689783
0,0075326
0,02852511
-0,02556293
0,006323751
0,0286034
0,006402206
0,02218662
-0,01526232
-0,01636196
0,0299911
-0,02174482
0,02712579
-0,01647135
-0,02692872
0,02912202
0,01595951
0,01009116
0,01156623
0,007576866
-0,0002078243
0,02742409
-0,01932458
0,003883662
0,008866892
0,02276124
0,02100355
-0,00761684
-0,01882029
-0,003913563
0,01551615
0,02828295
-0,02890918
0,02730842
0,0008848591
0,01425763
0,02098707
0,00150135
0,01508976
-0,01625218
0,03049619
0,02401863
-0,02641708
-0,008768271
0,006832711
-0,01558648
-0,01524577
0,02300845
0,02039862
-0,01940465
-0,02276115
0,01486475
0,003946008
-0,009746951
0,02822139
-0,005659302
-0,003217563
-0,00541689
-0,003811559
0,01419842
-0,02242093
-0,01600602
0,0110417
0,01926301
-0,001281486
-0,0283029
-0,02287639
0,03037545
0,01325009
-0,01059018
-0,02187927
-0,01559431
0,02555988
-0,002214014
0,007614837
0,006317469
0,02373261
0,01994795
0,02758847
-0,005553182
0,008038682
0,02863044
0,002613299
-0,02944313
-0,01117041
-0,02935208
-0,005648706
0,01147108
0,02970293
-0,02350807
-0,01252862
-0,003587548
-0,02464732
-0,0290604
-0,02378425
0,01656391
-0,01695555
-0,0149558
0,02321397
0,0051995
-0,02270012
-0,01502858
-0,02025389
0,0009706147
-0,02752941
0,02343707
0,01991383
-0,02382238
0,01326725
-0,008058628
0,001224733
0,007438669
-0,002397757
-0,02825899
-0,02382132
-0,02044545
