-0,02979156
-0,0136881
-0,02401076
0,01699931
0,02573368
0,0006772195
0,02688685
0,02200305
-0,02283484
-0,01990668
0,02634028
-0,01304249
0,01091232
-0,01645548
0,001495556
0,02101908
-0,01184849
-0,02280101
-0,006603359
-0,0266517
0,006203977
0,007270845
0,02239622
0,000738866
0,005707269
0,003167733
-0,02367277
-0,01196028
0,0284581
0,01267843
-0,02021816
0,004212352
0,02011809
0,02430261
0,02804947
0,009651752
-0,02083174
0,01929536
-0,02698429
-0,005600786
-0,006180405
-0,005005652
0,026173
0,02295542
-0,009515798
0,02449243
-0,01634061
-0,006312042
0,007128482
0,007776006
-0,01220865
-0,01805365
0,00754057
-0,009194896
0,02165502
-0,00710859
-0,006229058
0,00465655
-0,02090663
-0,01172812
-0,008761048
0,006059642
0,02341328
-0,006908338
-0,02954066
-0,009115812
-0,002898035
0,01760488
-0,01290254
0,02261896
0,009398965
0,0003504726
-0,02559365
0,02925915
0,009534759
-0,01944057
0,01006697
0,02638699
-0,02476398
0,003847111
-0,009593374
0,00948115
0,00763648
-0,01391189
-0,004520243
0,02532708
0,02062608
-0,002425408
-0,02676036
0,004101629
-0,0156815
0,005438023
0,007799858
0,0147366
-0,02941591
0,01818321
0,002229978
0,002712272
0,02248905
0,0288155
-0,003130554
-0,002962266
-0,02439969
0,01385709
0,02482088
0,00931967
-0,02698706
0,004176348
0,00496592
0,007512454
0,008404624
-0,007308064
-0,006983333
-0,0006825986
0,02597592
0,01031838
0,0253748
0,003094359
0,02651773
-0,02841249
-0,003141834
0,0274759
0,01403677
0,01456431
0,009042428
-0,0282959
0,01927989
-0,01638483
0,01987179
0,01395066
0,002997871
-0,02367681
-0,02254725
-0,02036922
-0,01973958
0,01906738
0,0007110912
0,02142224
-0,01142444
0,004410014
0,01907381
-0,01412479
0,01858691
-0,008859657
0,02396199
0,02053633
-0,0193688
-0,02170711
0,01937879
-0,01039031
0,02268208
0,02980272
0,003374147
0,0154751
-0,006004301
-0,01588273
0,0005079035
-0,01720903
-0,02627689
0,0263307
0,02908176
0,01407861
0,001710645
0,01639371
-0,02934041
-0,004997215
-0,01734247
-0,01937822
-0,01605959
0,02890972
-0,02843982
0,03360142
-0,01377361
-0,003381665
-0,01540659
-0,01513031
-0,02415633
-0,00882666
0,01477997
-0,002063507
0,01981113
-0,001083495
-0,01533924
-0,01009438
0,01754161
0,002443169
-0,0001571664
-0,01783535
0,007306114
0,01209181
-0,01802573
-0,01676342
0,02341119
0,0007799868
0,01749747
-0,0266855
0,004867228
0,02835716
-0,0120312
-0,01131995
0,002956927
0,02656682
0,02087334
0,01252684
-0,02979933
0,02387365
0,02292648
-0,01958248
-0,009994766
-0,01436146
-0,02207531
-0,0156378
-0,01085098
-0,01423008
-0,03560708
-0,03632661
-0,02681251
-0,03342908
0,01160091
-0,01120598
0,02418273
0,03580423
0,004634981
-0,005613468
0,01447425
0,02254232
-0,0259246
0,004521526
-0,01614557
-0,04997611
-0,03597715
-0,04506503
-0,04169412
-0,01403421
-0,02912072
0,01093648
0,02387372
0,004954742
-0,02050313
-0,04031218
0,01938703
-0,014955
0,01634389
-0,00610847
0,0009718036
0,02800147
0,008171653
-0,001024257
-0,00515069
0,005509365
0,01514282
0,003847374
-0,02527026
0,01223165
-0,0432898
-0,02449404
-0,01268549
-0,006858264
-0,017888
0,007682623
0,02123068
-0,02998038
-0,002747586
-0,01327288
0,01664637
-0,03557426
-0,03193478
-0,04191225
-0,03918276
-0,04231971
-0,03655915
-0,02129446
-0,009864678
-0,008923064
-0,02452226
-0,0001427897
-0,01960354
-0,03621747
0,004982486
-0,03452284
-0,07143907
-0,04272921
-0,03286792
0,03059864
-0,03338099
-0,03794023
-0,02112251
-0,05088633
-0,02508592
-0,01071883
-0,01509414
0,001186362
0,01433121
-0,03264164
-0,01243444
0,02102729
0,001613743
-0,01689053
0,004329623
-0,004319665
0,01578435
0,01723663
-0,006059579
-0,01133351
-0,04148103
-0,05011392
0,01309811
-0,03427622
-0,03057536
0,03383061
0,02616278
0,002563731
-0,001341993
-0,04615628
-0,03080779
-0,03543962
-0,006228826
0,001456691
-0,05540811
-0,01976933
0,003814458
-0,004731929
-0,0181798
-0,04063766
-0,04427583
-0,01418466
-0,04727704
-0,04039585
-0,06533939
-0,04619378
-0,09764135
-0,08269114
-0,0265733
-0,0005267822
-0,009988317
0,002032778
-0,03711669
-0,03622786
0,02337739
-0,01206482
-0,01653672
0,02287885
0,03149565
0,004062368
-0,01444927
-0,01053574
-0,0285471
-0,005276177
0,02383966
-0,008824993
-0,02751926
0,02483808
0,002158831
0,02936789
-0,01931131
0,02622911
0,03207852
-0,04933719
0,004272467
-0,01180683
0,04665398
0,01414571
-0,05918521
-8,514575E-05
-0,0170786
-0,005355277
-0,00739108
0,0148291
-0,04928437
-0,05066896
-0,01540842
-0,008066368
-0,05822116
-0,05053286
-0,04626448
-0,06287995
-0,08685748
-0,08409353
-0,04438493
-0,05360977
0,02249887
-0,03409434
-0,04178396
-0,004157417
0,004983836
0,03894625
0,04389782
0,01414082
0,02082621
0,05234805
0,005083257
-0,006701373
-0,0005601934
-0,01144374
-0,02710508
0,02363214
0,01272542
-0,02419851
-0,01828961
-0,01450562
0,02335168
-0,02502637
-0,004201251
0,003382422
0,0004979118
-0,04261886
-0,03249302
-0,02107467
0,05197034
0,04857305
0,06192201
0,01894306
-0,01273909
-0,001444642
0,01498284
0,04967145
0,01864909
-0,04619301
-0,01361499
-0,0441076
-0,09769949
-0,02481727
0,003134122
-0,04094005
-0,01970238
-0,01626073
-0,02935097
-0,008361681
-0,0749447
-0,03601329
-0,001758363
-0,0409532
-0,02016562
0,0489647
-0,01580573
0,0510101
0,04045161
0,02747877
0,02395795
0,03768601
0,01237933
0,005514749
0,02763185
0,04156148
0,023566
-0,03576194
-0,01516197
0,01493041
0,007676919
-0,009917133
-0,01347785
0,01698062
0,01505323
0,02834347
0,0122495
-0,06179445
-0,04931538
-0,01315506
0,01612575
-0,001536286
0,08100629
0,06876746
0,005715033
0,01139973
-0,01505542
0,002137176
-0,02732056
-0,02796794
-0,04082036
0,004868674
-0,0290725
-0,03311979
-0,04861455
-0,04459336
-0,05474873
-0,0170531
-0,04379534
0,01282295
-0,0556794
0,04934888
0,03426954
0,02467193
-0,00657877
0,03579173
0,04104153
0,08109657
0,007621644
-0,02055852
0,05541944
-0,04720781
0,01028279
0,07119393
0,06100628
0,0130208
0,01663437
-0,006588608
-0,01606358
-0,00291166
-0,02827737
-0,02536868
-0,01859275
0,02848023
0,01992448
0,01829798
0,03338389
0,04152724
0,02120172
0,03173633
-0,008435647
-0,02402089
0,04845269
0,05338755
0,05692941
0,04438744
0,03362873
0,0543342
-0,02433271
-0,04895437
-0,001520056
0,002198533
0,01978005
0,06805746
0,02485812
-0,05990544
0,006099842
0,02421131
0,0166428
0,06133835
-0,05365047
-0,007253175
0,09274068
0,01919251
-0,02803759
-0,01063523
-0,00499698
0,0425645
-0,02960492
-0,04086104
-0,02296397
-0,07649545
-0,00151929
0,03116095
0,005303652
0,04499432
-0,01372037
-0,04559696
-0,02794253
-0,04387464
-0,0241413
-0,02656683
-0,02211452
-0,02425817
-0,02460156
-0,03964544
-0,03857927
-0,03380897
-0,02306636
0,02831422
0,05540163
-0,03984407
0,008598002
0,03943074
0,05625701
0,03377423
0,110464
0,06058461
0,04593116
0,00799946
-0,01554924
-0,03728545
0,02085983
-0,00296312
-0,003121271
0,03795844
0,06928025
-0,03030175
0,02947352
-0,1517583
-0,07066154
-0,005723858
-0,03327173
0,009260423
0,006034512
-0,104892
-0,1265249
0,01145724
-0,04412513
-0,06436211
-0,02290525
-0,01261083
-0,06554724
0,02591048
0,0387644
0,02753771
0,01624481
0,0017959
0,0302928
0,006831682
-0,0005679596
0,01417045
-0,006939603
-0,02436171
0,01845469
-0,02342013
-0,03206067
0,03185051
0,07443856
-0,02162161
0,07686247
-0,02303478
-0,01154617
-0,03571163
0,01542229
-0,04375855
0,08188538
0,08979937
-0,01747102
-0,07960609
-0,01739115
0,02905958
-0,04624959
-0,08561058
-0,07989196
0,05650828
-0,0719559
-0,1397756
-0,0001699177
-0,1027329
-0,07068639
0,01172934
-0,01430618
-0,001759348
-0,07156461
-0,0878934
-0,06345712
-0,1800402
-0,1110481
-0,1417743
-0,1222029
-0,1048911
-0,05876322
0,06148856
0,07632334
0,007610576
0,03066595
0,0007576614
0,01934577
0,001273389
0,01177707
0,01431891
-0,02565033
-0,002121644
0,00883932
0,01612977
0,006827455
-0,04427621
-0,01771223
0,01861399
-0,01296782
0,01235795
0,1095665
0,02786475
-0,0517263
0,04577775
0,02495896
0,0263706
0,08728326
-0,000638233
-0,01915662
0,01070362
-0,008695484
0,003488838
-0,02542657
0,05675626
0,007121581
-0,03309718
-0,04377524
-0,0316897
-0,0320016
-0,0771602
-0,01980295
0,02935944
0,02299062
-0,1170573
-0,04621216
-0,1221069
0,05773162
-0,0452328
-0,1149236
-0,02213198
-0,0670376
-0,05015681
0,04107025
-0,01520366
0,0693928
0,04205577
0,013946
0,01063696
0,01432025
-0,005955932
0,01313468
0,01350731
0,01880398
0,02099199
0,03152434
-0,03061116
-0,0487523
-0,04142127
-0,01171861
-0,04674841
-3,733326E-05
0,07360895
0,02864412
-0,07377946
-0,01330208
0,0184776
0,05971592
0,05674312
0,01592212
-0,06649907
-0,1989456
0,02659513
0,05026098
-0,09422857
-0,03235522
0,05962126
-0,09166803
0,02792155
-0,1188695
-0,001185403
0,03360081
0,08980509
-0,04773832
-0,08980177
-0,2015654
-0,02419581
-0,1424154
0,01068517
-0,04333763
-0,01268101
-0,05863688
0,0003090658
0,01433787
-0,01321033
-0,0140306
0,05896552
0,009787174
-0,008740669
-0,02802971
-0,02750927
0,009036056
0,01317181
0,0005609633
0,007197132
0,04524567
0,04346496
0,01528144
0,004933218
-0,04478674
-0,02172385
0,03483035
-0,04496602
-0,1342835
-0,0752221
-0,04112209
-0,0217355
-0,07000974
0,001230518
0,05403353
-0,09253052
-0,002234543
-0,02934018
0,08480991
-0,04092913
0,01465755
-0,04025444
-0,09050027
0,09862753
-0,01662274
-0,0126364
-0,02910296
0,1433498
0,003677708
-0,124239
0,04207391
0,1440624
-0,1396964
0,07392024
0,09375715
-0,02244685
0,04741766
0,09866673
0,03421012
-0,08945489
-0,03962555
0,01774573
0,01908483
-0,01147759
-0,06038481
-0,01592836
-0,01049692
-0,004760968
-0,01369023
0,02503492
0,03681384
0,0710415
0,0624391
0,02044413
-0,02937132
-0,02834133
-0,08307517
-0,02083672
-0,1076259
-0,004846903
0,001030255
0,1574088
0,01576444
-0,06239712
-0,03165502
0,06652745
0,03124649
-0,07657839
-0,02409981
0,1557594
-0,04756622
0,01206225
-0,1292398
0,05508944
-0,1070193
0,06858864
0,07569269
0,05227163
0,08561983
0,1223398
0,06200736
-0,1574417
0,009349153
0,02223388
-0,06526919
-0,05583448
0,08488593
0,04775253
0,07869204
-0,03750098
-0,0206369
-0,05516135
0,004964699
-0,02220857
-0,04048584
0,002280571
-0,01549815
0,008489077
0,02773564
-0,01319246
-0,01541374
0,04617725
0,06868845
-0,05294268
-0,08669639
-0,08164751
0,02456839
0,00922638
0,0156462
-0,01779404
0,08106147
0,04825463
0,05273256
0,04206432
0,06472783
-0,01846886
0,004352803
-0,1538256
-0,1784637
-0,1210962
-0,09941134
0,00466743
0,03928687
0,06165502
-0,1565895
0,1212149
0,09409401
0,01185623
-0,0843243
-0,1339536
-0,0568049
0,07978962
0,02275225
0,2246327
-0,005428455
0,02903928
0,07146664
-0,008391772
-0,06179741
-0,01104007
-0,04786402
-0,05191529
0,008697242
0,03467924
-0,02554199
0,01168275
-0,008649061
0,02195882
-0,02670398
-0,007252319
0,05024961
0,04322727
0,1258452
0,09738038
0,1114624
-0,0377503
-0,03154261
-0,06014932
-0,04482777
-0,03321514
0,03136191
0,03018657
0,03725712
-0,03329961
-0,002549184
0,03081424
-0,1583295
-0,1611247
-0,1070271
0,09626867
0,2350886
0,009225255
0,09064456
-0,001840063
0,0312178
-0,07322135
-0,01277188
0,02871628
0,1551807
0,1194046
0,0495104
0,1748391
-0,03097307
0,04786453
-0,1087768
-0,01561106
0,07970589
0,05919069
0,001904277
-0,002785315
0,047864
0,01294784
0,03892813
0,01472806
0,009204616
-0,0300949
0,02087493
-0,02475854
-0,02197493
-0,01188707
0,01116328
0,004839514
0,005244085
0,0768309
-0,02642384
0,006312018
-0,03308759
-0,08968756
-0,0161586
-0,05243384
0,1249237
0,1315036
-0,06312741
-0,1164092
-0,08796375
-0,06174573
-0,01936855
0,08931581
0,06075819
0,1984566
-0,01147224
0,05140075
-0,0702651
-0,06952025
-0,1893656
0,07781876
0,1057133
-0,1213469
0,09039447
0,08971386
0,1057473
0,07752682
0,005384574
-0,1542604
-0,01417919
0,04806127
0,1714744
0,04153988
0,1056789
0,08440264
-0,06083493
-0,004448062
0,0380162
0,02436078
-0,01683759
0,00938093
-0,01593703
-0,02005954
-0,000676743
0,01957329
-0,02194894
-0,04689005
-0,2041166
-0,005271687
0,01366429
-0,08312418
-0,1654079
-0,03357305
-0,02116462
-0,2150403
0,01251797
0,005258471
-0,01982694
-0,0835807
0,02269107
0,1060682
0,03719707
-0,04235261
0,07093598
-0,06121166
-0,1144588
-0,10992
0,00871861
0,04658879
0,09392013
0,3220495
0,1355412
0,05013882
-0,09512566
0,06617321
0,1807374
0,08409444
-0,009539128
0,1273214
0,05235767
0,008154651
-3,772054E-05
0,1289681
0,1849197
0,08572169
0,001377688
0,05136719
-0,05822169
0,006220783
0,003505555
-0,01442874
-0,00681727
0,02097998
-0,004429608
0,02401093
0,02583867
0,02232842
-0,1098599
0,104632
0,1351241
-0,1224694
-0,006172226
-0,03128626
-0,1756652
-0,2658505
-0,1856361
-0,05836257
-0,05366573
-0,06220362
-0,03629779
-0,1733788
-0,1218614
-0,1863823
-0,1149633
-0,09754161
0,01269283
0,04154582
0,1853638
0,1026721
0,1278843
0,1783992
-0,09783429
0,05344159
0,0901557
0,07713337
0,0598901
0,08037727
-0,02601927
0,01718698
0,09275156
-0,001536806
0,02573724
0,09424952
-0,04311011
0,05578149
0,0206469
0,0416428
-0,04938782
-0,01596398
-0,02926035
-0,02826675
0,02199163
0,02647731
-0,002665405
0,008975212
0,03132473
-0,02255085
-0,07391175
0,07564584
0,02181075
-0,05160309
-0,06493615
0,07111885
-0,06721845
-0,09003833
-0,137692
0,01020831
-0,04754232
-0,1905872
0,15422
-0,02448979
-0,09728988
-0,1323604
-0,026886
-0,06979268
-0,1288576
-0,007997118
0,03553854
-0,02721101
0,07151064
0,2020124
0,02833094
0,04584321
0,01237066
-0,2254675
0,06305498
0,008383265
0,04708699
0,06806313
0,08096123
0,04349336
0,06162993
0,05994859
0,02001408
0,06663528
0,03872117
-0,02315638
-0,0164876
-0,04454422
-0,04682732
0,005545553
-0,02123015
0,01980603
0,03813034
-0,04646451
-0,02434815
-0,04648453
0,01285966
-0,08544156
0,04263815
0,07715562
0,08928233
-0,1147309
0,04380178
0,06922168
-0,1220571
0,04012038
-0,009979183
0,0109281
-0,01668143
0,1293011
0,04659706
-0,1291329
0,01453964
0,08844537
0,0518202
0,09111811
0,0255749
0,0480055
-0,1334648
0,03838793
-0,1447066
-0,0699816
-0,008944678
-0,11158
-0,09842344
-0,02270868
-0,02422266
0,0884913
0,07246175
0,02526451
0,04812641
0,06199235
-0,00997174
0,06274942
-0,02822336
-0,02484071
-0,02034464
-0,0009540439
-0,009086226
-0,01474687
-0,001614451
0,02750535
0,04660555
-0,03635828
-0,01059766
0,0213295
0,01721277
-0,1263533
-0,04027013
0,07650504
0,09780358
0,1034657
-0,01760078
-0,08506043
-0,131396
0,07476059
0,1174014
0,09528703
0,154382
-0,0007468321
-0,1365855
-0,1997493
-0,126188
-0,01831884
-0,1138194
-0,04725007
-0,102122
-0,06921216
-0,1401255
-0,1613372
-0,1277283
-0,08139079
-0,05344763
0,03205697
-0,007351344
0,01080941
0,02334359
0,1295735
-0,07158321
0,001255871
0,1282977
0,0347062
0,008347372
0,05103543
-0,04418103
-0,05658938
-0,00137646
0,03307636
-0,04257277
0,01684758
0,01936143
0,003860312
0,05358489
-0,08026719
-0,02446584
0,03956268
0,05481597
0,1974252
0,1265809
0,07473183
-0,05417376
-0,05462009
0,001731905
0,009772212
-0,02783851
0,03307039
-0,001355821
0,03153564
-0,1832534
-0,1537455
0,1712632
-0,01762732
-0,1310132
-0,1710164
0,01058398
-0,1307993
-0,01086996
-0,1022978
-0,1670662
-0,08779357
-0,07968573
0,08052114
0,1341834
0,02032143
-0,08248254
0,1795769
0,01419105
-0,1312012
0,09299015
0,01662008
-0,1571573
0,03787593
0,09281429
0,04258015
0,07871485
0,0622942
0,0140383
0,02250409
-0,02748208
0,01603714
0,01617028
-0,02874117
-0,0414249
0,01911089
0,07621692
-0,04827002
0,004518071
0,1509186
0,02758257
0,1014436
0,01949096
-0,07026369
0,001938524
0,007458672
0,08999639
0,03808673
-0,03586277
-0,004125353
0,010997
-0,1090719
-0,2063366
-0,2283187
-0,1994435
-0,063146
0,05814034
0,145707
-0,001759337
0,132436
0,1121292
0,1620899
0,05759124
-0,04821529
-0,06757412
0,03611201
-0,09828325
-0,02307365
0,05966609
0,00704518
-0,09641708
-0,03327566
-0,01764548
-0,01479359
0,06101818
-0,0276546
-0,02434817
-0,01405094
-0,01232754
-0,01571793
-0,04277052
0,02362673
0,01425432
-0,007474572
-0,02337696
-0,001315657
0,1033691
0,007922992
0,03062563
0,03591066
0,1169648
-0,01572519
-0,009313086
-0,07878987
0,01337885
-0,03064705
-0,1177277
0,09468126
0,0077084
-0,03528644
0,1644701
0,09665579
0,05737224
-0,1448534
-0,03644603
-0,0775776
0,02893676
0,02478398
-0,07980903
-0,1173176
-0,1302684
-0,1750173
0,2414104
0,03755391
0,008673409
0,1233219
-0,08346131
-0,04978494
-0,01678786
-0,1010461
-0,1642129
-0,1373635
0,006138292
0,04470591
-0,002622967
0,01930816
-0,0731519
0,001391478
0,006448851
-0,03375617
-0,02141672
0,01400008
0,002769662
-0,02290729
0,007182194
0,01759036
0,0658105
0,0927792
0,1563289
0,07240126
0,1071768
0,1038335
0,1108149
0,122001
0,1012486
-0,0001553085
-0,1088227
-0,04605841
0,1069559
0,07126858
0,2863258
0,0185962
0,1196974
0,1200043
0,1573517
0,03783628
-0,08238296
-0,03341347
-0,01775611
0,05292263
0,09943105
0,1073862
-0,03196391
-0,1719519
-0,1524198
-0,03944836
0,03506131
-0,03696437
-0,1054684
0,01320815
-0,09057029
-0,1346279
-0,07371714
-0,06002256
-0,0005962459
-0,06578363
0,02451089
0,02037773
0,0414812
-0,003079457
0,002514035
0,001297742
-0,00887455
-0,001294281
0,04308253
0,01438576
0,009274049
0,07884362
0,05683291
0,05949625
0,1969253
0,06248663
-0,04929953
0,07719021
0,2109596
0,103275
0,06515647
0,2644841
0,03936069
0,1127224
0,1789581
0,1796651
0,1533299
0,08201079
0,292054
0,1578243
0,2577415
0,1526925
0,2299056
-0,04749733
-0,132886
-0,08141404
-0,08638459
-0,1528834
-0,07386552
-0,1951496
0,05977571
0,06265067
0,03569403
0,2051319
0,006837764
-0,01170689
0,005941484
0,008199941
-0,04194298
-0,02952913
-0,005542895
0,01733269
-0,01916795
-0,002013225
-0,0211349
-0,002242616
-0,02925583
-0,02334657
0,01504928
0,02481847
-0,006682588
0,03216203
-0,02100723
0,08894569
0,303932
-0,1235655
-0,02611746
0,03593604
-0,05628696
-0,04140772
0,04831411
0,1293974
0,0770032
0,1353589
0,2512989
0,260589
0,3132256
0,2384586
0,2207769
0,2631897
0,3074011
0,1469141
-0,08081346
-0,2500067
-0,1573901
-0,1643564
-0,0929222
-0,2054512
-0,005736547
-0,168374
0,1163584
0,07037945
0,09509435
0,09659221
-0,02253416
0,07160406
-0,12531
-0,03211239
-0,03113024
0,09741777
0,05342922
0,0486028
0,001228426
0,03901129
-0,005434532
0,02758205
-0,01186744
-0,01400846
-0,04821352
-0,03139092
0,06006804
0,0109558
-0,09702785
0,08264527
0,06969434
-0,0526033
-0,02712166
0,1146058
-0,1303667
0,02690124
0,054005
0,05968602
0,1040321
0,2251141
0,201052
0,2689436
0,287758
0,2447542
0,2879738
0,1191892
-0,017555
-0,08042951
-0,1291065
-0,0588667
-0,06359955
0,09371214
0,1286861
0,108692
0,07200018
-0,1618439
0,1220323
0,1874037
0,08973424
0,09286844
-0,1161744
-0,0693493
0,01122613
0,02484168
0,005399058
0,04407658
0,03344334
0,05480992
0,03857083
0,01184142
0,02799225
-0,02176644
0,00926229
4,630194E-05
0,02843204
-0,08150645
-0,02750454
-0,02806828
-0,03716237
-0,01607185
-0,1519276
0,005539517
-0,01277702
0,0271992
0,1051777
-0,05258467
0,07075045
-0,1182363
0,1596885
0,1174329
0,007110253
0,2424686
0,07717569
-0,02834808
0,03492036
-0,147554
-0,181178
-0,1808046
-0,1915276
-0,3468792
-0,3115892
-0,173056
-0,01805731
-0,09593882
0,02593908
0,09260201
0,07007412
0,1008317
0,05931112
0,2266039
0,09332415
-0,01703692
-0,02891007
0,01693439
0,03596438
0,02214483
0,006782863
0,03914296
0,02148666
-0,008230134
0,01159848
-0,01287185
0,0211459
0,008939639
-0,05828261
0,003072067
-0,1426149
-0,1546235
-0,04372656
0,01411966
-0,03204863
0,1140635
0,02373925
-0,1250785
-0,08107087
-0,06510571
-0,07690379
-0,05313113
0,1265594
-0,04118532
0,0293022
0,2132679
0,1115502
0,08640542
-0,05607952
-0,2109532
-0,3396653
-0,323507
-0,2527907
-0,02275305
-0,1410639
-0,1354386
-0,2082558
0,1808286
0,3271548
0,1733832
0,1384725
0,1002042
-0,01471833
0,06513622
0,05204045
-0,06126185
0,01544179
0,07114048
-0,03297334
-0,02245247
-0,007874954
0,03240079
-0,0250523
0,008814543
0,008084463
0,01313508
-0,006604221
0,0103468
-0,04137243
0,04647636
-0,08340492
0,02653595
0,01207662
-0,02311631
0,04613698
-0,01653503
0,0134062
-0,07905916
0,01544163
-0,06706907
-0,1568023
-0,02939324
-0,01993996
-0,01470932
0,1288163
0,01925734
-0,04831463
-0,03501071
-0,2782001
-0,4013939
-0,2939705
-0,3000058
-0,1523392
-0,1924063
-0,1512707
0,2905664
0,009738568
0,2428189
0,05083885
-0,09419439
0,04124854
-0,07432663
0,04913365
0,03815641
0,08788722
0,02071979
-0,06514966
-0,02604996
0,004103255
0,05574059
0,04268072
-0,03340472
0,0115104
0,01659324
-0,02985743
0,0328357
-0,002698194
-0,02663552
-0,02354495
0,04185934
-0,01913665
-0,000599017
0,02329478
0,1033094
0,02025059
0,02592888
-0,02364318
-0,03434299
-0,08676106
-0,002117714
-0,006298687
-0,06787647
-0,0322086
-0,0858397
-0,1526799
-0,318449
-0,09062888
-0,3544817
-0,2462586
-0,06954563
-0,1826219
0,027876
-0,03615423
-0,1344849
-0,2661635
0,08032229
0,008887826
0,1888289
0,1277187
0,0358442
-0,02516921
0,008301491
-0,1278598
-0,03896218
0,08390163
-0,01352627
0,09159987
0,009959621
-0,03724252
-0,02948101
-0,06935757
-0,0299793
-0,03915602
-0,006874489
-0,002938308
0,01079177
-0,01054687
-0,03368973
-0,001846824
-0,05816883
0,02432078
0,01817774
-0,0145672
0,1111936
0,1201668
0,03222317
-0,06734273
0,006332332
0,02925569
0,0668195
-0,02733002
0,04357719
-0,02972052
-0,3017605
-0,1192608
-0,2049064
-0,3932523
-0,2718197
-0,45612
-0,3578352
-0,2906989
-0,1569489
-0,3232995
-0,1678233
-0,04257046
0,148438
0,02774757
0,1785733
-0,01194684
-0,1434807
-0,1542965
-0,1222721
-0,001124204
0,05993477
-0,02833017
-0,01776154
0,02718095
-0,05727575
-0,04620931
-0,02983131
-0,0322726
-0,01924914
-0,001075886
-0,000425328
-0,01580226
0,03009244
0,02504735
0,006245062
0,05246541
0,01633395
0,002964083
-0,02751738
0,0402751
0,01261993
-0,04355804
-0,05719691
-0,07274675
-0,01485404
-0,1231157
-0,1141581
-0,2161826
0,1010594
0,1399866
-0,02076951
-0,1553899
-0,06797434
-0,06150892
-0,1039367
-0,1755156
-0,1251364
-0,08440622
-0,1927021
0,1001434
0,08082095
0,1059561
0,03231208
0,1516511
-0,03400641
-0,06745689
-0,1216796
-0,1141316
-0,1660177
-0,1931348
-0,1602297
-0,05676425
-0,01830678
0,05209479
-0,008211383
-0,02375714
-0,009900526
-0,06153303
-0,04482459
-0,02912716
0,01692597
-0,02620565
-0,01899191
0,003752052
-0,05683799
-0,00882395
0,02160824
0,01786551
0,1045167
-0,1516878
-0,06256324
0,06772046
0,145305
0,09234227
0,02408629
0,0382964
-0,09943765
-0,1198079
-0,02167696
0,07278114
-0,07340141
-0,05076981
-0,01660317
0,02691721
0,03605172
-0,2274482
-0,2857664
-0,206448
-0,01836897
-0,007412562
0,03085921
0,005614357
-0,138101
-0,1177951
-0,05594282
-0,1519436
-0,2088454
-0,1473079
-0,2683456
-0,2509035
-0,01882949
-0,0533636
-0,0627005
-0,01348058
-0,02641468
-0,04915068
-0,04301753
-0,02858799
-0,03262588
0,01012656
-0,02040259
-0,03125373
0,02704553
0,02387343
0,009949605
0,04451157
-0,1283149
-0,01037097
0,03322849
0,02573548
0,09062623
0,04826591
0,09165321
0,1530667
0,0047647
-0,08755525
-0,0007410427
0,05731037
0,03667202
0,05083539
0,04057261
0,007886493
0,2412477
0,02861907
0,09014092
0,04362953
-0,06970612
-0,1919554
-0,0844538
-0,1539035
-0,1894211
-0,1883907
-0,08624174
-0,1332494
-0,2179553
-0,3631976
-0,2683679
-0,1853806
-0,03816271
-0,1134273
-0,1893218
-0,1525038
-0,08891656
0,0004128161
-0,1079438
-0,09701197
-0,04452393
0,01065182
-0,05174423
0,01741166
-0,008394082
0,003298644
0,009333069
0,02476675
-0,003097003
-0,06539641
-0,007663242
0,03070847
-0,001401226
-0,01751659
0,113454
-0,04415297
-0,06469642
-0,04087936
0,0914536
-0,06553463
-0,05235092
0,006259727
0,1270716
0,1536041
0,152039
0,2719178
-0,02047538
-0,0410674
-0,06141948
0,03429693
-0,007067702
-0,1066792
-0,1686104
-0,2314593
0,01366046
-0,1492973
-0,09663316
-0,217995
-0,1527153
-0,2232801
-0,3111484
-0,04261193
-0,1228826
-0,05948863
-0,1973931
-0,006417365
-0,005720307
-0,1166366
-0,07343417
-0,1209454
-0,09374808
-0,05443395
-0,008598588
-0,004788832
0,01684041
0,01478723
0,0002117968
-0,01522538
-0,02770518
-0,0410371
-0,03106341
0,01615491
-0,008205135
0,07134724
-0,0250945
-0,144769
-0,05727084
0,05862115
0,01765003
0,06323389
0,06170039
0,08238528
0,2538818
0,02334473
0,1079587
0,1186616
0,1234458
0,1048272
0,1798649
0,07452779
0,07440697
-0,1655431
-0,2056368
-0,2391385
-0,003029296
-0,1900577
-0,08257706
-0,1283434
-0,1613538
-0,2282073
-0,1827566
-0,1049884
0,06428256
-0,2537798
-0,1735988
-0,0774274
-0,04347239
-0,09517283
-0,1264396
-0,0605817
-0,05047833
-0,01352077
0,003879443
-0,01871037
-0,03085435
-0,01145773
0,01244428
-0,01261982
-0,0007524035
-0,01869584
0,03406059
0,04479192
-0,08127532
-0,05692945
-0,02948657
-0,1216657
0,03292468
-0,05302005
0,03877261
0,08152524
0,1687835
0,04216208
-0,06376913
-0,04270213
0,1409743
0,3897907
0,1638207
0,1739579
0,1060782
0,1087063
0,004683958
-0,03699725
-0,1039675
-0,03180736
-0,15185
-0,2251964
-0,2180297
-0,1113006
-0,0873934
0,05893471
0,02442686
-0,05300292
0,04096848
-0,1376454
-0,1164587
-0,06899776
-0,05459291
-0,02110448
-0,008678977
-0,1233548
-0,07015704
-0,01172039
0,01403311
0,01734483
-0,02654434
0,03064268
0,01335142
0,01206917
0,02009226
0,02957834
-0,06333389
-0,09103776
0,06990594
0,02826126
0,04523985
-0,1437475
-0,03626866
-0,003996151
-0,0170329
0,0283987
-0,04919006
-0,0458934
0,06844734
0,1174528
0,152451
-0,08578058
0,01415829
-0,03315984
-0,08280591
-0,003538161
0,1146609
0,2827733
0,03345667
0,1001999
-0,2257574
-0,2102725
-0,1847975
-0,3472342
-0,3151289
0,1531711
0,01354342
-0,05888968
0,07089017
-0,08131786
-0,04853962
0,04402957
0,06592146
-0,08100145
-0,06655581
-0,07684518
-0,01010012
-0,02231114
-0,0269247
-0,02147228
0,007143409
-0,01050963
-0,01297897
-0,01526325
0,0140054
0,01258647
0,0141768
0,03771278
-0,001493668
-0,003100559
0,1325271
-0,04215837
0,08819235
0,03982126
-0,01664612
0,1611636
-0,1273432
-0,1144933
-0,03854563
0,02948558
-0,005546786
-0,02627907
-0,06587858
0,1579292
0,2604481
0,05630446
0,007244934
0,1528412
0,03242008
0,2729621
0,1880847
-0,2173492
-0,1677513
-0,06302566
-0,16887
-0,02567224
-0,1254498
0,1003949
0,02483314
-0,04195297
-0,07894383
-0,1163626
0,09546371
0,0510188
-0,06044463
-0,06813967
0,0441566
-0,00426064
0,01839782
0,04235468
-0,00737949
-0,007169006
0,02826939
-0,02437104
0,01028153
0,01956617
-0,002348425
0,001658351
0,04420223
-0,07368358
-0,08274452
-0,1292156
-0,05861908
-0,1481536
0,007163169
0,0281942
0,06288364
-0,06502889
-0,03415834
-0,01299116
-0,008668507
-0,06045379
0,03354081
-0,07360367
0,004707258
0,1647338
0,09742256
0,03492984
-0,05825904
-0,06129402
0,06827009
-0,1403204
0,01012437
-0,05749518
-0,04032931
0,02771991
0,03426337
-0,03318531
-0,1408895
0,01585877
-0,1245352
0,07843892
0,02767085
0,01603424
-0,02284375
-0,01391924
0,004100551
0,009092068
-0,008620204
0,01292984
-0,0002768606
0,01054047
-0,006657938
0,004602649
0,0002102877
0,05895998
-0,006405482
0,04698468
-0,0149288
-0,07150419
-0,03935423
-0,008481665
-0,08164986
-0,1396156
0,04791281
0,03441583
0,06515502
0,06445231
0,01024636
-0,001460669
-0,09530221
-0,01265194
0,07531678
0,04372427
0,2156363
0,04925184
0,2166064
0,1264717
0,05683415
-0,08374432
-0,1808301
-0,1329863
0,008969629
0,04675721
-0,06348605
-0,02419721
0,102988
0,1850919
0,1064729
-0,07527444
-0,0538482
0,03718383
0,02572541
-0,001770565
-0,09252358
-0,01851569
0,005474094
0,01397297
0,0167037
0,0377073
0,03866006
0,04562722
-0,02302756
0,02543086
0,01632513
0,03422152
0,03782333
-0,02970347
0,01365402
0,0296207
-0,06338578
-0,002044018
-0,08905759
0,02954352
-0,08665105
0,02579422
-0,02452861
-0,1139619
-0,01331115
-0,08914266
-0,2289177
-0,04558475
0,1363621
-0,1269457
0,2091827
-0,01401966
0,09352473
0,1090354
0,0870873
-0,01258736
0,02276339
-0,1470851
-0,04809017
0,04899269
0,01433229
0,03701438
-0,02082486
0,001622677
-0,04069849
-0,1628549
-0,1244109
0,01362019
0,0003862671
0,003227605
0,03532022
0,0443536
0,01683406
0,01137978
0,007864685
0,04201215
0,0007102832
0,005819423
0,00907634
0,01659423
0,03926842
0,03543945
-0,01676452
-0,04463881
-0,02160326
0,07584488
-0,1167989
-0,2283774
-0,1311929
0,042755
0,05716962
0,03564337
0,02236114
-0,06449016
-0,07828382
0,1575816
0,06612592
-0,07705268
-0,08539949
-0,07214416
0,08285185
-0,07485386
0,1519338
0,07717925
0,1706353
0,09266393
-0,01237745
-0,09088409
-0,1556703
-0,1294174
-0,08190397
-0,08843181
-0,09620515
0,001940702
0,07369715
-0,09075021
0,04878932
0,03252819
0,08788291
0,05438803
-3,663771E-05
-0,06071768
-0,03518463
0,002206573
0,01987336
0,007182345
0,01367966
0,009184323
0,0150942
-0,006792928
-0,01761802
-0,002316534
0,005764401
0,01709908
-0,05911601
-0,01790679
0,005557237
-0,08877929
-0,08246136
0,03238396
-0,05584133
-0,09744469
-0,05436485
0,03290191
-0,00248457
-0,06605863
0,03620468
0,0997776
-0,09711391
-0,1204327
0,04523139
0,04429402
-0,1413879
-0,01674378
-0,1227466
-0,03305297
0,08950541
0,1047471
-0,01860207
-0,1205855
-0,09227633
0,03517294
-0,07828832
0,03081567
0,08013025
-0,2454875
0,05660671
-0,02203782
0,04631123
-0,03264707
0,09292027
0,02249356
0,00802653
0,06694426
-0,0134756
0,004165539
0,01048863
0,04184025
0,01133245
-5,406253E-05
0,022838
0,001095489
0,002654415
-0,003200567
0,1085694
0,006658715
-0,07316277
0,009920506
-0,05571218
0,1375041
-0,03451195
0,07477847
0,007625389
0,01811227
0,1073279
0,03189309
-0,07843379
-0,02944468
-0,2436996
-0,06676636
0,1075533
-0,04932148
-0,02284138
0,0878856
-0,0934108
0,0003530868
0,02235854
0,08519156
0,04093777
0,1809674
-0,1649004
0,02858093
-0,07430712
0,0464297
0,1984853
0,03173645
-0,1215424
-0,09566262
0,001237998
-0,06528784
0,04506835
0,08500885
0,01595047
0,1069373
0,02421766
-0,01517953
-0,01318753
0,02391859
-0,0194026
-0,0282144
-0,01364431
0,01267449
0,01014234
-0,07361586
-0,07036746
-0,1118569
-0,02315073
-0,03536467
0,03733774
0,09556785
0,06109093
0,03383178
-0,03168608
-0,03295428
0,03028496
-0,02847846
-0,06637166
-0,2284566
-0,1643769
0,1109622
0,07695428
-0,1384037
-0,1169684
0,04865663
0,1121453
0,1021073
-0,1968555
-0,0963852
-0,1061288
0,01821665
0,01062426
0,1673909
0,01517705
-0,05898436
-0,04440146
-0,06371111
-0,01774354
-0,08599114
-0,01338037
-0,001377302
0,03545365
0,07066912
0,1247646
0,04637781
-0,01235606
-0,02026475
-0,02822923
0,03093131
0,006081597
-0,02418859
0,002034476
0,03097383
0,07075981
-0,03280806
0,03715054
-0,04745028
-0,03316892
0,002520186
-0,04745039
0,1113137
-0,06791569
-0,0107062
0,09743653
0,01775691
-0,003699005
-0,06668157
0,1306524
0,004907577
0,2018955
0,08818637
0,03635117
-0,1088144
-0,01331865
0,04953923
-0,2001783
-0,03529132
-0,1318353
-0,1455732
-0,06421176
-0,05869967
-0,06962454
0,2043188
-0,09865154
-0,07169752
0,178093
-0,03920411
0,1647943
-0,03388948
0,03806908
0,06073491
0,05636747
0,09929495
0,07392687
0,05354638
-0,03668052
-0,0007731866
0,02353827
0,0181907
0,01548705
-0,01146276
-0,01774098
0,01915927
0,08961913
-0,03434779
0,0001901496
0,05284961
-0,00954277
-0,0598938
-0,07652064
0,03436017
-0,005795864
0,01562294
0,04841674
-0,0596554
0,08184927
0,05318963
0,1043495
-0,05566241
0,02993893
-0,01662518
-0,1023443
-0,1678676
0,02065078
-0,08345783
0,01252099
-0,09248076
-0,04590838
-0,1339864
0,08182472
0,1078658
-0,1430943
-0,1178713
-0,05332094
0,02742215
0,07975277
0,0379252
-0,08622419
0,01676799
0,1341318
0,01294268
-0,02869386
0,03460954
0,1355737
0,08909537
-0,03227481
0,008490469
-0,006130183
-0,01492148
-0,01365219
-0,02976921
-0,02959793
0,03406893
0,01874006
-0,03266077
0,01704358
0,07867126
0,09063718
0,01856313
0,0240689
-0,002504677
0,05942896
-0,07866231
-0,08420115
-0,08456673
-0,00560039
-0,1104508
-0,1121878
0,02119655
0,08123691
-0,1018913
0,03582962
0,1447804
0,1255225
-0,007674244
-0,0006872037
-0,06441958
-0,06819043
-0,01157041
-0,04435333
-0,0500196
-0,05258101
-0,08729807
-0,1660974
-0,1407719
0,05130034
0,01654336
-0,1116946
0,052529
0,2293568
0,03627937
0,04387551
0,04245089
0,06092762
0,01732037
0,0440173
0,0328648
-0,0320167
0,009690016
-0,02621543
-0,02030809
-0,02579
0,04068606
0,155057
0,03766119
0,06984672
0,06279901
-0,03199775
0,04777501
-0,02289388
-0,03577769
0,07299801
0,009626615
0,1014261
-0,0313286
0,04420149
-0,01332751
-0,04774781
0,02190525
0,01017608
-0,123437
0,07461131
0,1019665
-0,0983821
-0,006335038
0,08039677
0,1176762
0,006391567
0,009067051
-0,1088253
0,144441
-0,0792174
-0,0634153
-0,112706
0,1167058
0,02467429
0,05225668
-0,09794276
0,008680146
0,05315097
0,1168288
0,02086942
-0,09587105
-0,06498441
0,01617842
0,04035058
0,008996804
0,02033185
-0,005814767
-0,01832129
-0,02454357
-0,02809387
0,01035899
0,1086813
0,07422451
0,02535633
0,06047851
0,002663234
0,02728729
0,07407329
-0,06523068
-0,1397803
-0,02762841
0,08270384
-0,1180014
-0,07834727
0,0334786
0,1528097
0,210118
0,13977
0,09306413
0,0314052
0,1756954
-0,08980063
-0,06229224
-0,01890687
-0,1716308
0,09794089
0,03125605
-0,07124566
-0,0724376
-0,1363114
-0,1192094
0,08365409
0,1223501
-0,05441452
0,05483212
-0,001861157
0,03449223
0,03487071
-0,009601064
-0,0606955
-0,02880235
-0,03907125
-0,01561909
-0,03238012
-0,03370411
0,01023552
0,006614495
0,01510706
0,004078381
-0,03789156
0,0342084
0,1208647
0,1229533
0,01572044
0,02850018
0,00499984
0,04485953
-0,07731067
-0,02448892
-0,03475909
0,09128159
-0,03481484
0,05709535
0,221612
0,04752846
-0,05930135
0,07823726
0,03158379
0,1046172
-0,1782211
0,09519121
0,006657583
0,01569999
0,0232267
-0,04292242
0,05230159
-0,0004858178
-0,0468662
-0,03527634
-0,06043813
-0,03994713
0,07996652
0,0965993
-0,1590501
-0,04112721
-0,02854001
0,03058034
-0,0747952
0,08433431
-0,05393726
-0,02635971
-0,01071072
-0,009747916
0,008398353
-0,02632545
0,005246579
-0,01717638
0,03122133
-0,00693767
0,02912964
0,04110493
0,06966256
0,08316102
0,1443298
0,04946449
0,003977411
-0,007128346
0,04462508
-0,200747
-0,06286702
-0,07080219
-0,007037581
-0,007463132
-0,09604879
-0,07528757
-0,07118834
0,03234044
0,1621235
0,07900542
-0,06446984
0,001165313
-0,0423268
-0,2060636
-0,05621949
-0,06847295
-0,14199
-0,04578441
-0,0158401
0,05022401
-0,02030149
-0,001655745
-0,01445354
-0,05914141
-0,1805201
-0,1139052
0,07040668
0,02064233
0,1087883
0,1163163
0,06485572
0,0001570724
0,01677406
-0,007975264
-0,02536792
-0,05377685
-0,01054749
-0,004382448
-0,001248584
-0,008129938
0,02396118
0,007192239
0,02842493
0,08412797
0,04647825
0,07304423
0,04256569
0,01605815
-0,004466481
-0,1125708
0,01467308
-0,05217706
-0,1432249
0,03150065
-0,2274385
-0,183547
0,07537378
0,1078843
-0,003896202
0,02478414
-0,01670421
-0,009702264
0,06471937
0,08454009
0,03713135
-0,01810576
-0,05816977
0,05667385
0,01769555
-0,04725316
-0,03356921
-0,02734519
-0,1560906
-0,05970685
-0,01465304
-0,005690057
-0,1118347
0,01697144
0,02075833
-0,00123319
0,05485608
-0,1062431
0,006994683
-0,03984053
-0,016249
-0,05549302
-0,02645328
0,002182589
0,03665124
0,02373812
0,02571548
0,08557583
0,09798236
-0,01929195
0,006339308
0,07002654
0,08123829
-0,03296586
-0,1209849
-0,06728368
-0,06684969
0,003060077
0,02555633
0,1883767
-0,04054361
0,06827442
0,02233257
-0,01933255
0,02915372
-0,01285524
-0,1033156
0,008895325
0,02027918
-0,06917965
-0,07145642
-0,01870282
-0,08637832
0,01674685
0,05744643
0,1247275
-0,2100445
-0,1905262
-0,03460482
0,07698781
0,005028324
-0,0345604
-0,126401
0,1175072
0,04423817
0,1435595
-0,001805084
-0,02373037
-0,07436916
-0,01319491
-0,06986798
0,01724186
-0,0654116
0,0007030963
0,03898099
-0,02389532
0,02647438
-0,0379992
0,05350069
0,06645519
0,0005806204
0,02275914
0,01092393
0,04386232
-0,0295198
-0,0202677
0,0818369
-0,03063791
-0,0614714
0,01120984
0,0546651
0,05273512
0,09721308
-0,03226886
-0,05500518
-0,06550876
-0,05707297
-0,0004678309
-0,03332645
-0,08452033
-0,1281637
-0,02428415
-0,1191512
-0,02254032
0,01622558
-0,02401818
0,04623733
-0,09441707
-0,1692938
-0,01916009
-0,06552664
0,1191968
0,03673845
0,03413221
-0,02636475
0,01763714
0,02905457
0,03258557
0,01755033
0,06915095
-0,0207949
0,02235011
-0,01465649
0,01382002
0,03239335
-0,01345293
-0,03256968
0,006901224
0,04177319
0,06845118
0,02564305
-0,1388407
0,03072871
-0,1024415
-0,1461787
-0,001325198
0,06700058
0,2494989
0,04736492
-0,05143709
0,02006061
-0,06094093
-0,005837316
-0,1303546
-0,01132089
-0,01260255
-0,05643536
-0,03384618
0,182034
0,01010739
-0,1142967
-0,07701311
-0,07260942
0,1386898
0,05960915
0,1996208
0,09396809
-0,1350341
-0,0239948
-0,1250214
-0,02594104
-0,104657
0,05377721
-0,08034394
0,06711895
-0,07678104
-0,09685619
-0,04936253
0,07619859
0,05543615
-0,02121263
0,02763364
-0,04154184
-0,004442823
0,01021234
-0,008917194
-0,02761482
0,009795081
0,07112635
0,04046045
0,01274859
0,004748528
-0,02601223
0,09774777
-0,1097413
-0,002023962
0,09463197
-0,1346481
-0,02597054
0,04102341
-0,003398675
-0,1041641
-0,1545294
-0,07367342
-0,06661531
0,04867852
-0,06578103
0,00294369
-0,1545899
0,02364836
-0,1522743
0,02379451
-0,09588163
-0,05057827
-0,06083179
0,04026701
0,09117217
-0,1301614
-0,04883103
-0,1034141
0,01852774
-0,02147095
-0,1021597
-0,2161019
0,0672284
0,05683598
0,03826567
-0,005805852
0,03635149
0,07143573
0,0007663245
0,01482461
-0,03379563
-0,04445458
0,001204126
-0,004412384
-0,01413671
-0,001410549
-0,003077184
0,1115933
0,01592984
0,02459105
0,2454582
0,1556103
0,02038995
-0,04226791
0,08397351
0,06238035
-0,03955058
0,04309419
-0,01016279
-0,1237743
-0,1511954
0,0546519
0,04864234
0,01454117
-0,1158823
-0,098661
-0,03859567
0,1056017
-0,08815792
0,05853497
-0,1484781
-0,006162523
0,05768967
-0,1088085
-0,05602958
-0,113538
0,1283456
0,06969095
0,05606664
0,08940654
-0,0009410291
-0,1089529
-0,05140346
0,08193956
0,1418435
-0,03822023
0,02686552
0,07660685
0,07079361
0,02106572
-0,06029134
-0,01344975
-0,01696598
0,01920829
-0,009239012
0,0502013
0,03279707
0,151493
0,04945227
0,1696422
0,09968277
0,08127161
0,1482727
-0,0408674
-0,06152707
-0,227564
0,003023484
0,05454145
0,06051347
-0,1507064
-0,05454019
0,001593347
-0,004607167
0,05609101
0,18769
0,09272342
-0,05682873
0,03624867
-0,02321284
-0,09988612
-0,06506205
0,005650978
-0,0003501211
-0,01015613
0,2278357
0,1880726
0,04260864
0,04759319
0,1780449
0,03889262
-0,0330852
-0,1907207
-0,1671512
0,02593173
0,08656041
0,04984786
-0,03390122
0,06993093
0,07204109
0,04440254
-0,05610542
-0,05813284
-0,0213121
-0,03007332
0,02303635
-0,02321179
0,01423593
0,1144664
0,07296045
0,08268914
-0,03379796
0,07057441
0,09783565
0,04188736
-0,05767006
-0,06073442
-0,04391222
-0,07155493
0,03898954
0,005704287
-0,0617071
0,04249971
0,1324109
0,09660677
0,07703003
-0,01844103
-0,04951788
-0,176322
-0,07797518
-0,1614312
0,0969615
0,187341
0,174504
0,01762697
0,03710037
-0,06097159
-0,1229855
-0,02919479
-0,05909072
-0,09755918
-0,1344973
-0,09661469
-0,1476539
0,09890633
-0,005706043
0,02784541
-0,08956615
-0,004408099
0,04379802
0,01455984
-0,01062975
-0,05444579
-0,04125875
0,01218714
-0,01526105
-0,02354923
-0,004054262
0,02535519
0,0003148316
0,03230493
0,0728366
0,1889984
0,1623809
0,05751811
0,1083463
0,0489345
0,1314759
0,01016529
0,05540787
0,06585017
-0,08851037
-0,06856541
0,08758678
0,06484716
-0,1094135
-0,1606272
0,01055787
0,0709352
0,05997768
0,203156
0,08978652
0,1541928
-0,1210259
-0,02776206
0,1110445
0,04821125
-0,1147504
0,09683599
0,1867665
0,08474512
-0,04773059
-0,08323722
-0,04804277
-0,1778848
-0,04802499
-0,1054704
-0,0225288
0,0479699
0,02986046
0,05503337
0,01464152
0,004241344
-0,0001428159
0,024604
0,018673
0,02282712
-0,02494673
-0,006101663
-0,00887047
0,06625154
0,1793759
0,002140665
-0,1507301
0,0311567
0,0625174
0,02021117
0,005032232
0,04471088
0,04785118
0,05199736
0,1170596
-0,03968513
0,02132828
0,05188693
-0,1389571
-0,2395575
-0,07488304
0,3106227
0,04619789
0,05404074
0,05606116
-0,02956269
-0,09303305
0,02405235
0,1399764
0,07314906
0,137022
0,191704
0,06861376
-0,08410691
0,000341111
0,06439737
0,009944896
0,05866832
-0,0358213
0,03479381
0,07765154
0,0474123
-0,0024021
-0,0009612788
-0,01310543
-0,02231283
-0,006179838
-0,002591294
-0,0173298
-0,001081582
0,05054352
0,07828331
0,03466281
0,03784792
0,08371403
0,07020658
-0,07977924
-0,08701806
-0,1198369
-0,02391395
-0,1135773
-0,1533889
-0,08507011
0,04384266
0,04735725
0,1810184
0,0898718
0,1266861
-0,09015664
-0,09853762
-0,05711269
0,05345342
-0,0214945
-0,07804462
-0,0414902
0,1422161
0,1233254
-0,03626052
-0,01947354
0,1363002
0,04023369
-0,1001586
-0,05063013
-0,1185494
0,004436797
0,1065749
-0,09000073
-0,08672775
0,01400105
0,00255066
-0,02934899
-0,0199473
-0,02472703
-0,03141986
-0,002304671
0,01223949
0,003155143
-0,001149095
0,0241076
-0,02333464
-0,08168142
-0,03591907
0,05502751
-0,00449742
0,1246623
-0,05012516
0,03442554
0,1118188
0,1098882
0,1395622
0,1243229
0,06099587
-0,03232327
-0,07908489
0,2824041
0,1610942
-0,09269337
-0,06998185
0,009213257
0,0685025
0,1365697
0,0308433
0,1480729
0,1579058
0,003450762
0,2229785
0,07789134
-0,09448968
0,1645385
0,01952486
-0,1317857
-0,07408054
0,06714285
0,03452967
-0,04634722
-0,007860172
0,05622471
-0,04777923
0,03717771
-0,02560306
0,03782322
0,03696581
0,008372512
-0,004898029
0,01190633
-0,01306167
-0,002372328
-0,007720792
-0,02652476
-0,07156498
-0,0498983
-0,02999042
-0,06330983
-0,06636102
0,09746375
-0,1396829
-0,1078524
-0,009823723
-0,00369157
-0,01305249
-0,1072412
-0,1064139
0,1209786
-0,1146386
0,2331412
-0,0442666
-0,1025785
0,1254588
0,1601094
0,07090691
0,01004825
0,07525074
0,0828539
0,07312925
0,1159726
0,08172863
0,1135768
-0,02176014
-0,04076424
0,09219354
-0,05286293
0,05833633
0,1323611
0,03076249
0,0215045
0,03922305
0,0997512
-0,0156485
0,01594005
-0,0003491323
0,03757453
0,02094274
-0,06220853
-0,001105943
-0,02731811
0,009355985
-0,00483008
0,01103366
-0,006575048
-0,007049634
-0,006828523
-0,0296315
-0,1684938
-0,03970369
0,01776592
0,01807004
0,04660001
-0,1198395
0,01733997
0,05068379
-0,0062997
0,1585179
-0,07893737
-0,06367587
0,05176105
-0,03618327
-0,1006578
0,1398419
-0,07588892
0,0661919
-0,01803416
0,2085588
0,1380978
-0,004191791
-0,0491217
-0,008344811
0,07478253
0,06898607
0,178067
-0,0365219
-0,06262936
0,05340877
-0,04281071
-0,0066974
0,01419963
-0,03840186
0,03053215
-0,03653688
-0,04632112
0,02891787
-0,01687755
-0,01719172
-0,004200861
-0,01578473
0,01371467
0,01549027
-0,03248351
-0,02134536
-0,01290307
0,01480899
0,002891122
0,009562722
0,03875483
0,0526421
0,1050362
0,03358047
-0,0674854
-0,1402562
0,1052554
0,03071511
-0,1280265
0,06497234
-0,1810681
0,03367771
-0,1259089
-0,1124476
-0,1403553
0,06494465
-0,09610999
0,09422887
0,05160389
0,02306885
-0,05223314
0,05207928
0,2403251
0,04108783
0,03924106
0,1372934
-0,0153023
0,1761032
-0,1193385
-0,03166823
0,06144196
0,0907758
0,1376533
0,1318341
0,06067531
0,1075035
0,01159471
-0,03205649
-0,01721694
0,002879011
-0,050085
-0,02017168
-0,0407556
0,001731029
-0,02366595
0,001871595
-0,01057511
0,02637117
-0,06328876
-0,06423016
0,04105216
-0,1364663
0,003235768
0,1042401
0,0313771
0,1297532
0,1181987
-0,05904964
-0,06789642
0,03085215
-0,07680797
0,1258806
0,03348413
0,06868014
0,01126432
0,06304389
0,1326619
0,07839433
-0,06820285
0,01413228
-2,099735E-05
0,02862406
0,04082734
0,1312072
-0,08640646
-0,09433103
-0,03553238
0,1517925
-0,1626884
0,01378819
-0,02945125
-0,01086679
0,05631567
-0,04788306
-0,07877962
-0,01749
0,01871308
-0,03667468
-0,05633266
-0,06887675
-0,002590537
0,02718629
-0,0436012
-0,03348715
-0,03684483
0,02929205
0,01867891
-0,003216489
0,05062629
0,01324105
-0,08196394
0,09291068
0,01893488
0,07044525
-0,02585702
-0,02663512
0,03769045
-0,1573628
0,001908489
-0,04744937
0,06652282
0,2042131
0,1731035
-0,1391289
-0,1233539
0,1291814
0,04184615
-0,1061279
-0,1002607
0,1175028
0,07387319
0,06902567
-0,1170612
0,0814678
0,01657736
-0,1054564
0,02525838
0,1370714
-0,1648091
0,03775682
-0,04738402
-0,09869622
-0,05724709
-0,02667019
0,01578588
-0,05211158
-0,1116034
-0,002599792
-0,08385838
-0,03048732
-0,04079876
-0,03595965
-0,05027301
-0,006290898
-0,02748704
0,006155693
0,007583712
-0,06021196
-0,03636548
-0,04058833
0,002998426
-0,01809628
0,06678571
0,1074141
0,02060143
0,1037419
-0,1412003
-0,02417952
-0,1028708
0,1178958
0,1223845
-0,147663
0,1048898
0,01829751
-0,01438422
-0,01304273
-0,1571425
0,09095964
0,07297526
-0,01678615
-0,0978719
-0,09265289
0,03712838
-0,1248905
-0,01119462
0,1992339
-0,09531806
0,1824702
-0,06804315
-0,01536538
0,0002265388
0,09824122
0,06685793
0,002847617
0,05106145
-0,0005414035
-0,01414674
-0,03586807
-0,0086169
0,005151405
0,03656448
-0,03440384
-0,07301562
-0,02830211
-0,03645595
-0,02741067
0,008915833
-0,0630622
0,002752514
-0,05283083
-0,1312463
-0,0266952
0,02355069
-0,0491247
-0,06405225
-0,07436842
0,070448
0,04071993
-0,009048218
0,03744834
-0,2309418
-0,1287484
-0,02021946
-0,0293044
-0,1452049
0,06232637
0,01541771
-0,07024714
-0,00288531
-0,1631733
-0,007575233
-0,03504132
0,01441444
-0,01308626
-0,02713896
0,1231264
-0,04938217
-0,04118691
0,03318009
0,04732208
-0,08571234
-0,006915117
0,003275098
0,03605917
0,08443951
0,06121235
0,07063533
0,0329855
-0,101249
0,03038085
-0,0559878
-0,02310212
-0,06078212
-0,02508994
0,004110527
0,01986861
-0,03432558
-0,03591562
-0,06989229
-0,05141664
-0,04895112
-0,0248904
0,01671436
0,05939701
0,1703382
0,1544489
-0,01794805
-0,06430031
0,06222581
0,04527185
0,009954994
0,008594629
-0,06214593
0,06213801
0,08759054
0,008187745
-0,07456677
-0,1271922
-0,005290709
-0,07774556
0,2020571
0,09710128
0,02124142
0,1059077
-0,01492231
0,0162857
0,1275258
-0,0121777
-0,1176545
0,005905199
0,01311133
-0,02699786
-0,05984687
-0,02607414
0,03250817
0,04464511
0,05546482
-0,1062513
-0,1011792
-0,003855177
-0,02787083
-0,006254114
-0,05373488
-0,06807925
-0,004564982
0,00948457
-0,007884654
0,00522086
-0,05950317
0,003510145
-0,1317328
-0,1809365
-0,07810827
0,1030875
0,06618538
-0,0146429
0,1798106
0,02900343
0,04369933
0,06638612
0,03101577
0,06749251
-0,1374441
0,02007988
0,0215713
0,131985
-0,06104416
-0,002271123
-0,04115065
-0,08750009
-0,004910046
0,03912165
-0,1091611
0,08292464
0,2125775
-0,0214424
-0,03558706
-0,2020752
-0,0358341
-0,06960522
0,08255199
-0,1081531
0,08844347
0,0076435
-0,0421542
-0,02538003
0,02403838
-0,01659977
-0,07852004
-0,04789987
-0,04825141
0,003191385
-0,05935664
-0,04839002
-0,03331224
0,02792293
-0,02949404
0,006263352
0,001143905
-0,02907197
0,107736
0,08600429
0,1368937
0,1288526
0,06504495
-0,01870335
0,01958689
-0,005961712
0,009574247
-0,01953229
0,06521007
-0,04781518
0,06183141
0,08022739
0,1361719
-0,04531034
0,1597124
0,003873414
-0,1674464
-0,2179461
0,0719911
0,07901133
0,01632656
0,09602911
0,1847657
0,01862885
-0,02251831
-0,03662711
-0,1166588
0,02865621
-0,1636667
-0,09664626
0,05203644
-0,08948468
0,01262444
-0,02111103
-0,008879297
-0,1043992
-0,05661489
0,04815648
-0,001237618
0,02609002
-0,0405267
-0,01194354
-0,01662205
-0,0265867
0,009809144
-0,01706366
0,02547905
0,05075577
0,03567772
0,1653146
0,1706887
-0,09147382
-0,1341249
-0,03244979
-0,01539684
0,08174224
-0,007624479
0,01497908
0,1250133
0,05389608
-0,02014047
0,09833346
0,04530696
-0,03533166
-0,1060839
-0,09549506
0,04207592
-0,133045
0,04811359
0,1129417
0,1159435
0,060793
-0,01495386
0,01455283
0,03417686
0,03287644
0,05367312
-0,06140695
0,01152453
0,03666884
-0,09407569
-0,0800887
0,04663804
-0,008895821
-0,02968116
-0,03023186
-0,01744414
0,03633314
-0,03094704
0,004479514
0,01099463
0,001737208
-0,01725232
-0,01219939
-0,001596165
0,02803793
-0,05717614
0,01905787
0,03035804
0,02280113
0,0432679
-0,002575479
0,1870307
-0,100674
0,06212698
-0,07496138
-0,001206
-0,0339043
0,130212
0,1393608
-0,06359708
0,01285437
0,1083699
0,03702388
-0,005595791
-0,07309016
-0,127454
0,093
-0,1777722
-0,04798118
0,1570722
0,09537885
0,1581147
-0,04138773
0,02072647
0,1445634
0,1465363
-0,09996606
0,1912116
0,0694344
0,06568176
0,02678743
0,01596638
0,05417457
-0,05627764
-0,08064605
0,007169067
-0,006887172
-0,04198373
-0,02703364
-0,003040318
-0,01583944
-0,03337602
-0,005250589
-0,01172099
-0,01529066
-0,01382141
-0,02700529
-0,01301836
0,03505344
0,1180612
0,06428738
0,06135592
0,01863929
-0,03799499
0,09269018
0,07302795
0,02814298
-0,174232
-0,07963168
-0,08352786
-0,02887572
0,07560255
-0,1261617
0,02672871
-0,03709637
-0,003651223
0,0401909
-0,01214977
-0,07491247
-0,009593187
-0,1194264
0,003758215
0,04996409
-0,05695043
0,09873437
-0,01412409
0,01611348
0,001833843
0,07082955
0,02548101
0,1073173
0,03617753
0,07300015
-0,01886977
-0,02627619
0,02929468
0,02932861
0,03806278
-0,009174494
-0,005847353
-0,01708994
0,02398838
-0,02330409
0,02386507
-0,0159404
0,08398493
-0,06217409
-0,05407158
-0,0641926
0,03131192
0,08792649
0,1441941
0,0007817312
0,07897828
0,08602488
0,09359661
0,03221989
-0,1444838
0,003156618
0,03978575
0,05243195
-0,009737632
-0,09293482
-0,03065492
0,08330379
0,05876757
0,04544937
0,06827386
0,1078061
-0,02759062
-0,1278712
-0,02172269
-0,0003208612
0,05992389
-0,01892669
0,02592795
0,03099118
-0,1002416
-0,04695936
-0,07939357
0,02190903
0,01031813
0,06142619
-0,08485394
-0,03767184
-0,005544961
-0,01833517
-0,03115398
0,008024178
-0,01240453
0,0114103
-0,01540519
0,006244059
-0,02349004
-0,03853411
-0,1013989
-0,02940856
-0,002958063
0,01498124
-0,05035586
-0,02141112
0,05699726
0,02557203
0,06689756
0,007846838
0,1391676
0,01693949
-0,1141367
-0,1097412
0,01745139
0,1129505
0,08526405
0,03780004
0,07812808
0,0803324
-0,04452313
-0,01926956
-0,05532213
-0,06635532
-0,1632846
0,02533057
-0,05889478
-0,08990279
0,1251598
0,1427854
0,07494848
0,1066267
0,05754114
0,03847811
-0,01927753
0,032657
0,009400229
0,006200827
-0,08600093
-0,005482455
0,0120909
-0,01904113
-0,004051652
-0,03245421
-0,0144849
-0,02639415
-0,02515937
-0,02293164
-0,0172818
-0,02256656
-0,02288521
-0,04831968
-0,01870235
0,02980767
-0,0394861
-0,05768596
0,03051011
-0,08180672
-0,07645132
0,00413387
0,1428734
0,2392516
0,1105691
-0,06186433
-0,1388323
0,1234583
0,07599206
0,02379253
0,01791819
-0,09566998
-0,0407979
-0,1149997
-0,09338187
-0,04329414
0,01676814
-0,2218485
-0,110967
0,0005256093
-0,06373391
-0,0256635
0,04509249
-0,02338219
0,0211157
-0,04808776
-0,03282579
-0,02578298
-0,0254616
0,025188
-0,0528761
-0,03780478
0,05774143
0,03867013
-0,02924076
-0,01708006
0,007806428
0,01342221
-0,03236168
-0,02989618
-0,007755019
-0,01381884
-0,05504302
-0,03743782
-0,002597059
-0,08863075
-0,02832612
-0,1043084
-0,0307147
-0,01151905
0,02305226
-0,04315508
-0,09713401
-0,01290981
0,08336651
-0,08118503
0,03480895
0,06808948
0,1792054
0,01977196
-0,01407787
0,02861053
-0,05473669
-0,09463716
0,01242249
0,00138917
-0,1176592
-0,2175229
-0,1439277
-0,03431214
-0,1467943
-0,09709297
-0,002706954
-0,1283915
-0,0180476
0,008821349
0,04839476
-0,02864064
0,01745098
0,03819302
0,006209807
0,006019773
0,05203042
-0,006735738
0,03462854
0,004909491
-0,0001069834
-0,02165242
0,02477017
-0,02305124
0,0002915129
-0,02642652
-0,008367606
-0,03681907
-0,02877562
-0,07987116
-0,04932523
-0,0732332
0,0005582242
-0,04482859
0,01875925
0,02335413
-0,0159277
-0,0179523
-0,01589423
-0,04118549
-0,1509706
-0,02122772
-0,01958706
0,01368555
0,06021195
0,02323144
0,004943249
-0,03049345
0,05160356
-0,05287828
-0,08319035
-0,1485486
-0,05901526
-0,03529495
-0,09579623
-0,02141348
-0,08823549
-0,100509
-0,02843617
-0,03408833
-0,02153089
-0,002086264
0,04049155
-0,02130246
0,01031403
-0,03926995
-0,02213326
0,004403937
-0,006171389
0,0004939924
-0,03020847
0,006514885
0,01639599
-0,02570568
-0,008595472
0,0147838
-0,0479464
-0,0544778
-0,03299615
-0,1183515
-0,01417395
0,005659195
-0,06224662
0,0009006805
0,02891979
-0,0173579
0,1108168
0,02392142
0,007681339
-0,140673
-0,03560223
-0,001190392
-0,03036479
0,06949581
0,0007110172
-0,008408033
-0,0392344
-0,008562542
0,1076122
-0,01624785
-0,01823054
-0,004428524
-0,1340361
-0,073318
-0,08771062
-0,09062883
-0,07522199
-0,0168462
-0,03856292
-0,04976567
-0,005960155
-0,07834648
-0,04281205
-0,04261146
0,00825676
-0,0008447268
-0,0004863554
-0,02779289
-0,04394345
-0,02166446
-0,03022544
-0,03518729
0,01633373
-0,01125068
0,009009249
-0,01507817
-0,0394668
-0,007508999
-0,04379404
-0,05815367
-0,04149107
-0,009634999
-0,0915337
-0,08864909
-0,08498222
-0,06513745
0,03419528
0,003249099
-0,06581639
-0,1057772
-0,0691568
0,0009451755
0,05101655
0,1147481
0,03324947
0,05490851
-0,04238917
-0,1222934
-0,1455114
-0,02379339
0,07190721
-0,05234146
-0,05727164
-0,06093652
-0,08352201
-0,06060221
-0,03009473
-0,09829274
0,03444173
-0,04669813
-0,07339536
0,005189018
-0,0002046654
-0,06834055
-0,04122741
0,0387198
-0,03937719
-0,01431555
-0,008185389
-0,02219972
-0,01759376
0,02604207
0,01002516
-0,00892235
-0,02421467
0,01477985
0,01033829
-0,03465874
0,02287455
-0,005687553
-0,07128395
-0,03635912
-0,0406799
-0,04284267
-0,06105508
-0,02210654
-0,04906169
-0,06337143
-0,0138496
0,0002631622
-0,01278674
-0,04178452
0,02494858
-0,003021548
0,003062445
-0,06187932
-0,07074953
-0,05721702
0,04602071
-0,01754821
0,06136348
-0,06837198
-0,0315746
-0,1143006
-0,06941734
-0,05721337
-0,01321771
-0,03520224
-0,02211248
-0,05116551
-0,07076594
-0,03260613
-0,009461827
0,0163729
-0,006938556
9,030409E-05
0,03098258
-0,01029531
-0,003838131
-0,02507285
-0,02183334
0,009721263
0,02902872
0,02146892
-0,0147188
0,01893549
-0,02744349
-0,002318824
-0,008260985
0,01323715
-0,03491117
-0,01823256
-0,01920647
-0,01762475
-0,07688142
0,02301573
0,002188526
-0,003919142
0,02410359
-0,01361593
-0,02714854
0,02188298
-0,02754407
-0,07595547
0,005409629
-0,02542325
-0,06030676
0,003702309
0,08687901
0,01019705
-0,01137416
-0,02920315
-0,02744171
-0,04282477
-0,06734688
-0,03968837
-0,04347532
-0,07232069
-0,02679794
-0,01772116
-0,03023728
-0,03079242
-0,02890653
0,00975772
-0,02955558
-0,005543593
-0,02666969
0,01346563
0,0243832
-0,005332337
0,02751922
-0,01901789
0,02008244
0,01461795
-0,02878223
-0,0120902
0,02039587
0,009666395
-0,02272547
0,00588046
0,006371161
-0,03439073
0,01026996
-0,01289213
-0,009032801
0,02821571
0,04086116
0,0175654
-0,01428079
0,02864399
0,02927138
-0,0180181
-0,0049873
0,006341089
-0,02386067
0,02854677
0,02522615
-0,05564051
-0,06228329
-0,05929475
-0,04426975
-0,05915701
-0,08184426
-0,0518521
-0,03841273
-0,03580362
-0,003054689
0,008573077
-0,01178787
0,01460379
-0,02443734
-0,01668697
0,02970287
-0,01900469
0,02165255
-0,004260397
-0,004325716
-0,005597264
-0,03262655
-0,0134074
-0,003837004
-0,01345263
-0,01463734
0,02956774
0,00308791
0,003350615
-0,01421182
0,02357786
-0,002909847
-0,02036776
-0,006390878
0,03114936
0,02125326
0,02046844
-0,0209938
-0,01070381
-0,03877585
-0,01257055
-0,02409567
-0,004063415
-0,02481142
-0,02924415
-0,02738185
0,003910361
0,002309511
0,003028766
0,003825515
0,009204824
0,01294921
-0,0215379
-0,02527129
-0,03027525
-0,07123957
-0,01165507
0,01233106
-0,03073265
-0,01627786
-0,02065553
0,004408409
-0,002311378
0,009124191
0,002021096
-0,00331657
-0,005699535
-0,007500442
-0,006403732
0,004033469
-0,03256157
0,02487915
0,002176955
-0,002215418
0,02152866
0,02693798
-0,00469142
0,02497737
-0,005736849
0,02142725
0,00153335
-0,01354858
0,02243439
-0,02765435
0,008842989
0,02575237
0,01660586
0,005844884
0,02136664
0,004203875
-0,04164778
-0,04670354
-0,0530555
-0,05010196
0,007494883
0,01255319
0,02134049
0,01138105
0,01356039
-0,005449133
0,024659
-0,02075799
-0,03302068
-0,03833082
-0,01844529
0,009275153
-0,008554114
-0,01720871
0,007046958
-0,007343525
-0,0009335246
0,00362028
-0,01756483
-0,01860942
0,006813582
0,02068089
0,01487935
0,0002482309
-0,01619688
0,008878439
0,007371613
0,01335648
-0,002007061
0,008810068
0,001436753
0,02483488
0,01555603
-0,01449656
0,004057366
0,02297649
0,02714485
0,006311813
-0,02662553
0,01376422
0,02469854
-0,01363542
-0,02516448
0,02400703
0,00617422
0,0143808
-0,004691627
-0,00604487
-0,0494783
-0,01733969
-0,02924439
-0,02215187
0,009680318
0,01891801
0,007356197
-0,02596838
-0,02326082
-0,007063621
-0,009177794
-0,03109106
-0,03251749
-0,01812277
0,01516493
0,005764362
0,0003923679
-0,0002798886
-0,03344375
-0,0261716
0,009051463
0,013395
0,003315907
-0,02894103
0,01227274
0,007583718
-0,004834563
-0,007839547
0,01350829
0,02298998
0,02348826
-0,006990574
-0,02219337
-0,02360556
0,01011869
-0,02728246
-7,708085E-06
-0,01447927
-0,01906882
0,02447376
0,004747042
-0,002760469
0,008761726
-0,003874479
-0,02710757
0,02421211
0,01341273
0,00549212
-0,004248222
-0,003790761
-0,01805966
-0,03490764
0,01561963
-0,01253151
0,01382292
-0,01107115
0,01910732
-0,0222319
0,000382365
-0,03369682
-0,01394384
-0,0164661
-0,008398471
-0,009818848
0,005185042
-0,01710488
-0,02775277
0,02519532
0,005241057
0,01619049
-0,02431036
-0,01550045
-0,008962187
-0,02220959
0,00548056
-0,01566255
-0,02363225
-0,02082838
0,03054833
0,01933743
0,02407477
0,01941765
0,02746883
-0,01560057
0,00336276
0,02157071
0,004955676
0,01623372
-0,01269017
-0,008081723
-0,01740977
-0,008218374
0,01226337
-0,02521117
-0,002759409
-0,01478701
-0,02796319
-0,01350697
0,0196824
0,01769517
0,01964832
0,01563151
0,02586399
0,008151594
-0,007263386
-0,02799838
0,007772542
0,01014848
0,01480551
-0,001564758
-0,02205767
0,01037903
-0,02033515
0,01585017
-0,01748966
0,007795244
-0,007729526
-0,02032589
0,01882288
0,01662111
0,008679098
-0,01290528
0,008339426
-0,01432602
0,004050063
0,01512345
0,005451844
-0,01165153
0,0104246
-0,0100479
-0,01954688
0,01960296
-0,009739012
-0,01792109
0,02894991
-0,0253174
0,02078175
-0,01200269
0,02214613
0,001097809
-0,01776743
0,02411952
0,02938706
0,01256011
-0,01995745
0,001490246
-0,01689571
0,02795514
0,02332517
0,02063117
0,02382537
0,0247881
-0,0009768134
-0,02705635
-0,02031502
0,003785461
-0,01886089
0,01370648
-0,02520472
0,007604182
-0,002359601
-0,008896756
-0,02886347
-0,002517549
-0,005131141
-0,007830801
-0,008708776
0,02695556
0,01667507
-0,02235429
0,0176588
-0,02566054
-0,01196994
-0,01218501
0,004290053
0,01515595
-0,01118068
0,02652159
-0,02439527
-0,02756375
0,001916438
0,008113737
-0,004287354
0,02072357
