0,02077331
-0,02188365
-0,02836507
-0,008246655
-0,006137837
0,01016441
-0,001823802
-0,02912426
-0,02703102
-0,0134079
0,005340078
0,02234154
-0,02860443
0,01991999
-0,005878869
-0,02877979
-0,01377833
-0,01663401
-0,02610037
0,01022004
0,001100856
-0,01808891
0,0271782
0,02598466
0,0205489
-0,01381396
0,004305793
-0,01948744
0,00159014
0,00867585
0,01557249
0,02702663
-0,02667764
0,02172032
-0,01323881
0,02753644
-0,02484151
0,01620237
0,001008853
-0,02800522
-0,01159629
-0,02912364
0,01116614
0,0008985059
0,02561387
0,01184045
0,02246634
-0,0228549
0,01019608
-0,01791564
-0,01567468
0,00516591
-0,002577782
0,0005863825
-0,01575069
0,005364544
-0,01809032
-0,03260997
0,0003710175
-0,03490705
-0,02797419
-0,01244919
-0,01110607
-0,008817607
0,01216563
0,01640712
0,02635073
-0,01624876
0,007001856
-0,004715191
0,0271764
0,003953607
0,009925147
-0,02360399
-0,007306746
-0,001985112
-0,001825829
-0,006346202
-0,03582723
-0,03061968
-0,01156115
0,001164587
0,007750788
-0,001430567
0,004412485
-0,02643912
0,003843263
0,01594427
0,01488752
0,01096155
0,0336757
0,02993959
-0,0199899
0,001670165
0,02847253
0,0288056
0,00757388
-0,01087743
0,02511203
-0,01781477
0,01964472
0,009655713
-0,006219102
-0,01614047
-0,01082416
-0,001998579
0,004911891
-0,01931774
-0,04070544
-0,007577843
-0,02580975
0,01419281
-0,03150735
-0,01102493
0,01131979
0,01062094
0,01926712
0,01790183
0,01993147
0,0005038868
-0,006637185
-0,002311788
0,009724742
0,03338313
0,001797968
0,01676038
-0,02513137
-0,03746504
-0,04891229
-0,0218008
0,004988891
-0,02203216
0,006155956
0,03903561
0,01164373
0,01371983
0,05830306
0,01255638
-0,008754136
0,02689444
0,009670024
-0,02387045
-0,005732296
0,02816133
0,001472224
-0,02349815
0,02020233
0,01606719
0,02352483
-0,004124472
-0,01844715
0,01269238
-0,03239963
-0,009293028
0,04231651
-0,005189077
-0,02539696
-0,04239959
-0,02453687
-0,02906434
-0,02861911
-0,003715877
-0,03404758
0,001876499
0,01694092
0,03254431
-0,01716984
-0,01651926
-0,01955537
0,03027249
0,01463441
0,004230039
0,01202114
-0,03798246
-0,03996747
-0,03400054
0,0007474059
-0,0360005
-0,03167442
-0,03930945
-0,07106271
-0,01897361
-0,02463393
0,006416989
-0,001883581
0,02050696
0,03748482
-0,02159777
0,02518712
0,03301989
0,04363198
0,002879287
0,01169775
0,03412029
0,01096834
0,009360473
0,01685668
0,01341542
-0,02465921
0,004766572
0,02340692
0,004900306
0,01672548
0,02615912
-0,002285752
0,02507446
0,02010116
-0,06562323
-0,06956603
-0,01678667
-0,009454546
-0,01154102
-0,02795292
-0,01410167
-0,01862806
0,02871854
0,009150405
0,01906203
0,005083798
0,02665436
-0,04780772
-0,03636028
-0,02662961
-0,03646886
-0,04904195
-0,02700794
-0,01215315
-0,05056359
-0,04030296
-0,03356512
-0,0649549
-0,04200377
-0,007365941
0,06381842
0,06453625
0,06228501
0,0670723
0,009582988
0,007475993
0,01332755
0,01179409
0,01152473
0,04609352
-0,00424703
-0,003264949
-0,01825707
-0,008834861
-0,01013905
0,0156578
-0,02968122
-0,02048567
-0,01458857
-0,02106984
0,03915929
0,000138397
-0,0205381
0,02766884
-0,00813717
-0,06076943
-0,08365711
-0,04182273
-0,0443141
-0,01729312
0,0240276
-0,01558702
-0,006308191
0,02303958
0,008249349
0,02345267
0,003255653
-0,008140718
-0,02636184
0,0475632
0,01690501
-0,03876467
-0,02563963
-0,01999374
-0,008348181
0,05088192
-0,01886794
0,04254185
0,008424188
0,001166424
-0,01077625
0,09134772
0,044401
0,1071515
0,02185588
0,07777454
0,05621139
0,03142936
-0,02204545
0,03433056
-0,007127439
0,02793777
-0,005409745
0,021221
-0,01529457
0,02041363
0,0269262
-0,02942532
-0,0169241
0,02017831
-0,001242413
-0,07514214
-0,1055881
-0,02983802
-0,007679748
-0,09393904
-0,07428824
-0,07907686
-0,09211816
-0,05189026
-0,005559051
0,08175911
0,002314957
0,03826873
0,03513501
-0,005939905
-0,0029706
-0,01015803
0,05328336
0,08165774
0,09753685
0,02041244
-0,1327937
-0,05343287
0,03040003
0,03831844
-0,01907884
0,03878321
0,002091646
0,0110256
0,08151668
0,1031023
0,09807234
0,07275029
0,04197133
0,05376602
0,02380353
0,07651783
-0,003182909
-0,03471384
0,03343515
0,01556568
0,01884589
0,03378436
-0,01475245
-0,01339329
0,013945
-0,01929506
0,02756221
0,01272459
0,03933759
-0,06172824
-0,1467504
-0,04059066
0,003757027
-0,06545183
-0,10556
-0,02179871
-0,06114099
-0,06774192
-0,02108891
0,0549181
0,03678192
0,02931602
0,07719099
-0,04414024
0,01529234
0,07401422
0,08166914
0,01086875
0,06750182
0,02680871
-0,01280087
0,01986434
0,02634407
-7,73943E-05
0,06304678
-0,03624528
-0,04468463
0,01773447
0,05565814
0,05341721
-0,01225706
0,1302585
0,0415112
0,1322662
0,09092034
0,05794953
0,0405142
0,002942956
0,0408773
0,05196428
-0,01520016
-0,01372067
-0,02364
0,002276504
0,02222925
-0,009056361
0,02218074
0,01972682
0,02692912
0,07004576
-0,003705884
0,02909208
-0,01940884
-0,05898258
-0,0580224
-0,1428289
-0,03776934
-0,0402949
-0,02174789
0,07985597
0,07419156
0,004315646
-0,0462134
-0,1098843
0,055065
0,05868268
0,04995556
-0,01884545
0,04057071
-0,00685916
-0,01428599
0,1192719
0,05415842
0,1085552
0,002613873
0,05408112
0,04449419
0,1137584
0,04462516
0,1017384
-0,1117908
0,07717535
0,09426392
0,04067374
0,1202945
0,04615738
0,02926897
0,01400036
0,05694417
0,004087139
-0,007790477
-0,01158062
0,009294635
0,01264516
-0,02463152
0,02514654
-0,01211773
0,04610057
0,04290719
-0,003680334
0,03327578
-0,003951088
-0,03443887
-0,05388349
-0,06414796
-0,09103023
-0,08458702
0,0002189552
-0,03088125
-0,02192893
-0,04045386
-0,02525937
-0,09188034
-0,07268622
-0,01717689
0,09640265
0,007535467
0,06254279
0,03457172
-0,01006716
0,1039798
0,1794689
0,09943543
0,02890752
-0,02264982
-0,1894526
-0,04058058
0,06184486
0,04255537
-0,07097001
-0,1172461
0,01498975
0,1071346
0,1206448
0,06368714
-0,01775128
0,0484048
-0,004483073
0,03742749
0,01708248
0,01665454
0,0136458
0,01524921
0,01378993
0,009263135
-0,002267189
-0,006864469
0,07190416
0,09765879
-0,01078393
-0,04272667
-0,0991526
-0,01255607
-0,05963808
-0,06007398
0,0311252
-0,07107565
0,06953673
-0,0500448
-0,1656012
-0,2203358
0,04588197
0,0424878
0,08040971
0,104435
0,159463
0,04154241
-0,007184878
-0,05891632
-0,1386854
0,04260434
-0,03840678
0,005113173
-0,05676094
-0,08976325
-0,09854512
-0,08572534
-0,05650531
0,03621895
0,08850306
-0,07938068
-0,1122384
0,1536534
0,07046244
0,01897684
-0,0002610336
-0,003116971
0,06782277
0,06607877
0,03298687
-0,01404721
0,01755447
0,01255125
-0,01009749
-0,04137401
0,02073878
0,04443778
0,07270575
0,06445894
0,1169164
0,1033746
0,006951179
0,06464337
-0,0006376347
-0,06972783
0,08076233
0,003718017
0,004826053
-0,007153907
0,01580319
-0,1100789
0,0776725
0,1421337
0,07545126
0,07942364
0,1191901
0,1104861
0,09042981
0,1005149
-0,1611818
0,07274437
-0,05323767
-0,06462967
0,02865021
-0,0674408
-0,02079373
0,03969687
0,05704241
0,09270454
0,1124749
0,06949555
-0,02497049
0,04642273
0,1040388
0,1126979
0,02710924
0,04524271
0,08092707
0,08096945
0,02939691
0,02155175
0,0241924
0,03005928
-0,01987149
2,113113E-05
0,007783662
0,04309756
0,04521101
0,01079458
-0,03672247
0,05503527
-0,1277955
0,06425552
0,07276612
-0,08925346
-0,01711393
-0,1664009
-0,03598444
0,1212461
-0,0231977
0,04293278
-0,06799355
-0,006209262
-0,02119339
0,09243326
-0,04133938
0,1421241
0,06886934
-0,03731869
-0,1153014
0,08296379
0,04450379
0,01115989
-0,006417863
-0,05854836
-0,04121935
-0,1166765
0,155051
0,05383308
-0,01195313
0,01577209
0,1027888
-0,02152133
0,01010776
0,07944466
-0,04727275
0,08521141
0,09210134
0,0514684
0,04295664
-0,02468568
-0,0117439
0,007114023
-0,02142043
-0,02883052
-0,01446598
-0,02467393
0,06258048
0,03787577
0,09957493
0,1508751
0,03384463
-0,007161759
-0,03527898
0,06569991
0,09181869
-0,04847478
-0,0627703
-0,01657899
0,03807569
-0,09966983
-0,1259818
-0,1557427
-0,0564938
0,07391174
0,1015696
0,2182415
0,1739707
0,05667511
-0,08043373
-0,01112833
0,05728187
-0,02394794
0,07943515
-0,05203836
0,1718915
-0,01625022
0,1574872
-0,117943
0,05899102
-0,03762556
-0,02213081
0,0220102
0,01428408
-0,04146812
-0,09924836
-0,02527404
-0,03160048
0,009498931
0,05247899
0,02142803
0,03690135
0,02818229
-0,0002245159
0,004540515
-0,02989035
0,01824645
0,04954487
-0,02024462
0,07451517
0,1181235
0,05982043
0,02873027
-0,07911368
0,0909042
0,1533768
-0,001565001
-0,03769171
0,08821479
0,0453707
-0,1086666
-0,1122866
-0,1067777
-0,01036359
-0,04842672
-0,1293007
0,09673852
0,1762428
0,004573364
0,1012966
-0,02228253
0,03807629
-0,0425951
-0,1021617
-0,2225016
-0,06670151
-0,05706059
-0,04606297
-0,09260184
0,003486555
0,03390555
0,02935732
0,01064495
-0,01628466
0,0195589
-0,02676326
0,05710323
-0,0539308
-0,0152806
-0,006087052
0,02197125
-0,008984536
0,01601509
-0,001528456
-0,007618896
0,02236259
-0,02827704
0,004878266
0,02237812
0,03675082
0,1537416
-0,03265576
-0,01587426
-0,0687857
0,0206742
-0,01916996
-0,009592821
-0,1409993
0,08358724
0,03794608
-0,04252207
-0,01581489
-0,09680327
0,03108855
0,05590225
0,00546373
0,1413576
0,1048208
-0,05931531
0,05620266
0,03114462
-0,055287
-0,06083695
-0,06280441
-0,04711474
0,1542062
0,03492985
-0,1620743
-0,125068
0,05365727
0,02325172
0,08586708
0,01500379
0,02205105
0,02809196
0,08962545
0,07824822
-0,05094624
-0,02342188
-0,015768
-0,006853307
0,01232143
-0,03456532
0,01375219
-0,01942689
-0,02124909
-0,01856683
0,01117678
0,01528549
0,07207781
0,03347578
0,09400306
0,04314968
-0,05558817
-0,1512575
-0,1452726
-0,08337322
-0,03122095
-0,1214503
0,04972693
0,1351856
0,195079
0,1155453
-0,02312497
-0,0237773
-0,001752786
0,07030864
0,179485
0,07394178
0,1492176
0,1469893
0,07854194
0,2327697
0,06929769
-0,1774084
0,05025594
0,000184499
-0,07426226
-0,1633639
0,04305076
-0,08280701
0,04377829
0,02281268
-0,002343656
0,07990008
0,07912523
0,02734085
0,06141343
-0,04299158
-0,05064775
-0,01294809
-0,0464751
0,009267615
-0,001493251
0,001213636
-0,01880195
-0,02197607
-0,02214438
0,008525505
0,0566613
0,05143137
0,117798
-0,0440332
-0,03984165
0,06518025
0,06120897
-0,1079276
-0,005530326
-0,01292805
-0,01950445
0,06135607
0,1624516
0,03335423
-0,01643348
0,04065604
-0,02786124
0,2250741
0,05974001
0,06471647
0,3115331
-0,02311561
0,08106195
-0,0434191
-0,1523892
-0,05352924
-0,1634644
-0,2732334
-0,03111098
-0,04106321
0,09244704
0,1247447
-0,1715734
0,02384765
-0,01154708
-0,05337276
0,05608192
-0,02105939
0,002628218
-0,06516279
-0,002199489
-0,05863332
-0,04506658
-0,02661175
0,03263392
-0,02091918
-0,02063799
-0,02675029
0,009174149
0,0485201
0,08314721
0,01162724
-0,03151015
-0,0778789
-0,0616204
-0,0248167
0,06039814
-0,0957425
0,03821996
0,01535963
-0,05009188
-0,02069699
0,03251425
0,1333992
-0,002333853
-0,02410146
-0,01033397
0,1279898
0,08967376
0,08931162
0,1178243
-0,1220812
-0,0570961
0,07529411
0,1340296
-0,0527373
-0,1049406
-0,01134375
-0,1141939
-0,1699667
-0,2032751
-0,03563259
-0,1636971
-0,1170399
-0,05674599
-0,2111385
-0,09722662
-0,05673242
-0,06222316
0,02659663
-0,02056326
-0,01619679
-0,03076397
0,01093636
-0,009143061
0,02202373
-0,004990456
-0,01454337
-0,02494187
-0,01068868
-0,03968712
-0,003247628
0,003352189
-0,04524024
0,0580801
-0,003219238
-0,09851073
-0,04774823
0,08839323
0,1001164
-0,03333231
-0,03368894
0,02377885
-0,05213527
0,1872676
0,09249038
0,0279067
-0,07034075
-0,03520875
-0,1474572
0,1331408
0,1613691
0,2217433
0,08771421
-0,01171498
-0,1608866
-0,02890261
-0,01093216
-0,08722951
-0,0223894
-0,04708789
-0,07162565
0,02787912
-0,06904773
0,04758833
-0,154133
-0,08985205
-0,04102257
-0,1522302
-0,1166589
-0,04197313
-0,07104425
-0,04970034
-0,03869131
0,005974289
0,01542349
-0,02299785
-0,01205593
0,02502531
0,02081354
-0,02518667
0,02526343
-0,02567553
0,0004672903
0,02387052
0,05926032
-0,003519644
-0,1543117
-0,05418155
0,05946005
0,1529419
0,04124606
-0,06482366
0,05138592
0,01997721
-0,1118787
0,06688777
0,09645171
-0,06614962
-0,06437089
-0,04679931
0,08477641
0,226696
0,1737496
-0,0149104
0,1041002
0,04398277
-0,1033659
-0,05012927
-0,22466
-0,1698297
0,1377932
0,04583083
0,03305749
0,02969241
0,02521846
-0,1953775
-0,04507221
-0,08041543
-0,1186429
-0,07577704
0,00714514
-0,001851599
0,009282483
-0,03824365
-0,0164028
-0,02903911
0,006143541
-0,01771165
0,04613651
0,01282886
-0,001397945
0,01269287
0,04554726
-0,01414005
-0,05050124
0,07138737
-0,06207284
-0,1224119
0,03489266
0,07096419
0,07695665
0,05815615
0,002653461
0,0742684
0,07321645
-0,02156549
-0,08134155
0,01548562
-0,001505645
-0,01359945
0,02597078
0,01559537
-0,1915267
-0,01552839
0,1624289
0,1681647
0,1240979
0,01579771
0,0847599
-0,07117002
-0,03513163
-0,1026582
-0,04702494
-0,06164985
0,04054907
-0,087138
-0,03072361
-0,07709341
-0,05568391
-0,06402219
0,03396631
-0,004027967
0,003684952
-0,01652646
0,004346875
0,01099714
-0,02992562
-0,01957776
-0,005325922
0,02116041
0,09399402
0,05178213
0,0438681
0,0806132
0,1041694
0,0534018
-0,01853373
-0,05004546
0,04483996
-0,05184554
0,2090361
0,03663498
0,0523347
0,1216401
-0,026727
-0,002818963
0,02370777
-0,03060896
-0,1008934
-0,1012789
0,004985343
-0,06026459
0,05859585
0,02217856
0,07045589
0,05397737
0,1517113
0,01584861
-0,09440583
0,01089333
-0,08331325
-0,009942552
-0,04037756
-0,04020006
-0,05533545
0,03945597
-0,2523696
-0,07337701
0,02277332
0,01643042
0,02396706
-0,02884584
-0,01383887
-0,007660105
-0,01687503
-0,0005299273
0,01557521
-0,02424958
0,03508804
0,02610115
0,1163386
0,06574894
0,04347733
0,003513328
0,02282803
0,06221014
-0,01861149
0,09462997
0,09528428
0,154533
0,09292211
0,1251493
0,08610463
-0,01788124
0,0558919
-0,1165965
0,0788913
-0,06728315
0,03768086
0,1751496
0,04207382
-0,0199876
-0,0310474
-0,05812157
-0,1030106
0,1434408
-0,001704915
-0,08584541
-0,1741341
-0,107263
0,1001091
-0,1039243
-0,01243849
-0,06614551
-0,06482769
-0,1625776
-0,2053306
-0,05635404
0,07752026
0,04308166
0,02966927
-0,01379991
0,001961522
-0,003305689
-0,01669748
-0,008594054
-0,005147562
0,03987408
0,04818992
0,01929389
-0,09525137
0,1146266
-0,07188151
0,02675471
0,1121725
0,01026769
-0,0319723
0,01224319
0,114539
0,09946873
0,2255957
-0,050636
-0,05146362
0,002433911
0,03096497
-0,0387254
0,094336
-0,1057195
0,110067
0,1460858
0,03240357
-0,1343488
-0,1427927
-0,1243522
0,1568189
0,3377465
-0,004703636
0,1172665
0,1132516
-0,09286932
-0,07471189
-0,1716293
-0,06628002
-0,0417537
0,006387634
-0,05666546
-0,1636937
-0,008495494
-0,03808318
-0,05019785
-0,01658778
-0,01290263
0,005437595
-0,01902363
0,004485907
-0,002371142
-0,02291791
0,02834393
-0,01187761
-0,04012451
-0,09309851
-0,03124746
-0,03250261
0,1434838
0,005560366
0,1571729
0,04040629
0,03469751
-0,06941795
0,1138691
0,05336016
0,03751682
-0,03530364
0,1713541
0,02567216
-0,008845219
0,1063503
-0,03514291
-0,04893697
0,01745916
0,07621634
-0,05388274
0,1154859
0,08009864
0,1219117
-0,06811615
-0,0565159
-0,06584114
0,1162893
0,1212557
-0,0796259
-0,0962953
-0,1155915
-0,1062589
-0,02144064
0,06957823
0,03901535
0,08086186
0,08007813
0,02155943
-0,02973328
-0,007990387
-0,0318137
-0,04568053
-0,01076605
-0,03042536
-0,020915
0,02337998
0,01985017
0,04718051
0,03211952
-0,003204323
-0,05878526
-0,01382249
0,0760936
0,01935982
0,01539137
-0,1065979
0,02025815
0,05369634
-0,01932479
0,03632523
-0,05588117
0,1528563
0,1097833
0,06516741
-0,1183411
-0,02222414
-0,02279874
-0,0136665
0,0492377
-0,2252558
-0,1674047
-0,01694256
-0,05581056
-0,02776952
0,1888162
0,3620785
0,1900998
0,1797361
0,05690268
-0,1046214
-0,1135628
-0,02490794
0,07659024
0,09890999
0,02017755
-0,05926303
0,06812441
-0,02765622
0,0020517
-0,01903556
0,002566827
-0,05145869
0,02027192
-0,01767431
0,003775739
-0,03669313
-0,04080079
-0,0513252
0,08536087
0,1263539
0,008380108
0,09940514
0,07078565
-0,08593079
0,02966885
-0,04135559
-0,007145936
-0,008060976
-0,04167896
0,0563163
0,01007672
-0,2016858
-0,06106257
0,03743766
-0,05991341
0,0204683
0,3285987
0,06575001
-0,01208254
-0,08256322
0,05537348
-0,3531897
-0,003963922
0,05983341
0,06079447
-0,01748673
0,08945465
-0,01353429
-0,004861883
-0,02195047
-0,04513365
-0,1279157
-0,05350734
0,1432472
-0,05960083
-0,03629694
0,03387131
-0,006648915
-0,02424723
-0,01260579
-0,01352697
0,02287047
-0,01320108
0,01788573
-0,03093182
-0,05347883
-0,03684087
0,03767888
0,01224836
-0,0174663
0,1354767
0,135991
0,2360424
0,1074069
0,1513689
0,1784599
0,0542845
-0,0653297
-0,07774201
-0,009863609
-0,06352337
0,1213778
-0,1335437
-0,1197851
0,02888182
-0,1095522
0,1258878
0,2224713
0,07646474
-0,06992175
-0,1655294
-0,2052294
-0,1462717
0,1082415
0,1919168
0,03054288
0,0285335
0,153542
0,06976539
-0,00491943
-0,0659748
-0,005070603
0,03288071
0,08840352
0,03202074
-0,05929843
-0,01908923
-0,05273874
-0,05863394
-0,002603521
-0,01243831
-0,03327024
-0,02848305
0,00565226
-0,00473683
-0,04408025
0,027405
0,003598346
-0,04507815
0,07033131
0,1284198
-0,004385082
0,01264718
0,1023077
-0,01552624
-0,03301391
0,08127364
0,08705666
-0,03463146
-0,03681633
0,111591
0,04367723
0,08944488
-0,1935081
-0,08599463
-0,04213783
0,07269567
-0,008850356
-0,05564442
-0,1611478
-0,1785659
-0,1516277
-0,1620126
0,0664606
0,02186023
-0,01310053
0,2944735
0,06438752
0,1322439
-0,0761975
-0,0605454
-0,1963952
-0,04673854
0,05233564
0,05539308
-0,06816347
-0,05755163
-0,0831814
-0,0292901
-0,005367964
-0,07089096
-0,0371831
0,0008209266
0,01462109
0,007812189
0,1137837
0,06690206
0,04835041
0,05757949
0,167072
0,1361711
-0,02082586
-0,04611717
0,02929145
-0,03875212
-0,2319629
0,05085102
-0,09941988
0,09125555
-0,009379962
-0,02866925
-0,102468
-0,1477072
-0,0890161
-0,03489343
0,06839734
-0,09244676
-0,2692512
-0,004760043
-0,2091332
-0,1439039
-0,01401036
0,0948322
0,04570274
0,08053238
0,1000076
0,1139688
0,1683307
-0,02756784
0,06235535
0,1142487
-0,04523319
-0,01104143
-0,002601198
-0,03528227
-0,03878718
0,05235129
-0,06132114
-0,02670274
0,005176935
-0,04285986
-0,01460399
-0,00462831
-0,02400796
-0,0005915198
0,016699
-0,002381068
0,06407869
0,06056643
0,09129149
0,0526048
-0,1204878
-0,1288342
0,01912375
-0,1522948
-0,03044062
0,1358035
0,08019639
0,03113839
-0,02300956
-0,06368102
-0,05870264
-0,02929096
-0,02622025
0,02660943
0,08780628
0,1744403
-0,1463643
-0,007683867
-0,263671
-0,334606
-0,07629314
-0,15592
0,1002081
-0,05956207
0,1191904
0,213622
0,1263925
0,1487934
0,002424229
0,01576266
0,02993168
0,04108938
0,0444042
-0,1182459
-0,05906226
-0,1162778
-0,06979424
-0,0613392
-0,02182891
-0,03476834
-0,04764973
0,01102516
0,03171633
-0,000603599
-0,002486591
0,02306433
-0,01647274
0,142277
0,1085168
0,08241002
-0,02931974
0,02681939
0,02064017
-0,05386941
0,04115469
0,02393093
-0,02120282
-0,1035916
-0,02947754
-0,1827194
-0,1205061
0,2224893
-0,06691034
-0,2042968
0,02644864
0,09857506
-0,1426105
-0,1238085
-0,02171477
-0,2787394
-0,1490603
0,01459658
0,08879013
0,02744602
0,1967811
-0,01966929
0,1179672
0,007321048
0,1024909
0,0936254
-0,026941
0,04745205
0,0006639427
-0,01910179
-0,03313501
-0,1213227
-0,02205838
-0,02494255
0,05960373
-0,01603496
-0,02573741
0,006302432
-0,001155416
-0,02133491
-0,08390974
-0,04102962
0,04441829
-0,009529772
0,135598
0,03775118
0,001390193
0,07111479
0,02681454
-0,2520194
-0,06313458
0,09243711
0,01075351
-0,05176573
-0,1261213
-0,1550665
0,003114483
0,09410866
-0,07014428
-0,08680965
-0,0738143
-0,0671959
0,1272591
0,03679572
-0,03720465
0,1218456
-0,1115709
-0,05535569
0,09264541
-0,001936006
0,1996219
-0,0205414
0,1211802
0,0111359
0,1862279
0,1602078
0,06412012
0,006621401
-0,06265517
0,005060827
0,01230511
-0,04997293
0,00764065
-0,007854453
0,03103729
-0,01816787
0,02469483
0,0156315
-0,01656296
-0,0154383
-0,03267033
0,05088813
0,13354
-0,0534639
0,1330435
0,06183084
0,1350591
-0,03459722
0,0457775
0,004276193
0,04130918
-0,03224536
-0,02575517
-0,06205289
-0,1064959
-0,1523279
0,1070248
-0,004720031
-0,01500699
-0,05811267
-0,08874085
-0,2166196
-0,1216377
0,02934873
-0,06928468
-0,07238802
0,04123566
0,181965
0,1761051
0,1080815
0,2194553
0,07884257
0,160568
0,03288865
-0,009459995
0,1375434
0,07670324
0,110767
-0,04880511
-0,00368201
-0,06607172
-0,02790477
-0,02788237
-0,0009201432
0,02215816
-0,01259228
-0,02290865
0,0202947
0,0096726
-0,01850988
0,00427878
0,01899992
0,0634106
0,05871754
0,09046376
-0,009853414
-0,03005907
0,1420344
0,1746397
0,09601294
0,09114163
-0,07167497
0,0245251
0,1424755
-0,05198126
0,109788
0,1164909
-0,09978886
-0,04459067
0,03755948
-0,1815246
-0,1117525
-0,2295472
0,1468119
-0,05494281
-0,02303972
0,07049641
-0,08244146
0,08329309
-0,09837244
0,03274075
-0,01466442
0,190754
0,1030414
-0,119694
-0,1079506
-0,07501126
-0,02852767
0,006041497
0,04082318
0,09620363
0,1195966
0,02312469
0,004859746
0,03092067
0,01886358
-0,003374963
0,03602789
-0,02746213
0,04736277
0,07060917
0,02848557
-0,032807
0,07828237
0,1581667
0,006056919
0,06097037
0,03993042
-0,158988
0,04026018
-0,03975687
0,07646304
-0,05777274
-0,05862585
0,0250134
0,1200633
0,1216852
-0,04099202
0,1234996
0,02483569
-0,07058042
-0,2868597
-0,129982
0,01822598
-0,2241816
-0,07006968
-0,1665851
-0,117002
-0,1469996
-0,02991047
-0,006499646
0,1155115
0,1063703
-0,06754052
-0,09821549
-0,1609922
-0,11457
-0,06616563
0,003932197
0,09396613
0,1418725
0,1740994
0,05112139
0,06082814
0,01168684
0,006563369
0,007775631
0,03409019
-0,009287744
0,07738458
0,1260441
0,02165554
0,06721897
0,09015722
0,1700933
0,1096576
0,01091182
-0,09477229
-0,03160192
-0,004959855
0,1707696
0,1515409
-0,02310128
-0,2099302
-0,002556118
0,06901392
0,1341592
0,06198798
0,1840015
-0,1371424
-0,1889603
0,01386871
-0,2042071
-0,1198472
-0,02149733
0,01850247
-0,02653413
0,09035261
-0,2032743
-0,001004768
0,005344294
-0,1191149
0,1464869
-0,05102828
0,006393273
-0,002536848
-0,2047621
-0,1990637
-0,02039455
0,06726301
0,1180068
0,1004751
0,02533557
0,01725269
0,006822803
-0,01042763
-0,003675282
-0,0195307
-0,01472345
0,07551427
0,1948634
0,09852989
0,1710045
0,355794
0,1076249
-0,02505293
0,05208585
0,1131914
0,07725348
0,1436903
0,2005119
0,1528139
-0,05436452
-0,144015
0,1073242
0,06430523
0,145205
0,1134565
0,01473773
0,002504665
0,02410195
-0,07712673
-0,09010226
-0,2634202
-0,1604107
-0,1032412
0,08412904
-0,244775
-0,009200733
-0,1202772
0,02483724
0,1124956
0,01431678
-0,05941327
0,1467271
-0,1225231
-0,04875438
0,0833476
-0,01578714
-0,03632387
0,002379236
0,02728792
0,03301102
0,02093188
-0,005371823
0,02806362
0,0004409089
-0,01715358
0,01058742
0,01598379
0,06933591
0,1680827
0,1239678
0,2085526
0,1325604
0,02010795
0,1569752
0,2096411
-0,07917608
0,1055999
0,1224076
0,1259954
-0,04547627
0,03986217
-0,12249
0,02040983
0,2213794
0,1652279
0,1724204
0,1820677
0,01909968
-0,1380423
-0,0691069
-0,1879692
-0,179588
-0,1820636
-0,2619958
-0,1532994
0,1042065
-0,02311965
0,08677939
0,04160143
0,1125216
-0,002205477
0,07954069
-0,009486011
-0,03006942
0,06713845
-0,04461061
-0,01235048
-0,03695575
0,04318926
0,04611253
-0,01460739
-0,005525953
0,01172942
0,03599873
0,01529694
-0,02154008
0,01166661
0,06181125
0,1021774
0,1164935
0,04598799
0,09764617
0,06202021
0,1147662
0,09309276
0,05080212
0,05474356
0,1568011
0,215812
-0,06933208
-0,02600319
0,08884878
-0,08720703
0,1505958
0,1150923
0,09916703
0,03924605
0,01621334
-0,09621403
-0,03991011
-0,05967497
-0,07969693
-0,2588092
-0,08565915
-0,0599443
0,05556704
0,02197039
0,01784899
-0,2334363
-0,01141412
0,1502606
0,1203889
0,05860652
-0,008499258
0,1317435
0,06587174
0,005838743
-0,03623531
-0,03997715
0,03726706
0,01723204
-0,009542471
0,0101836
0,0210777
-0,01796062
0,002386113
-0,01604805
0,06301981
0,01731874
0,1371837
0,07408107
0,1663127
0,1774508
-0,05663489
0,08934911
-0,07303872
-0,0003978751
-0,05140515
0,06386244
0,1296651
0,1570854
-0,09098046
-0,09431869
-0,01310994
0,06797458
0,06977087
0,1274325
0,01913759
0,09255109
-0,06372371
-0,2097256
-0,13459
-0,2457678
-0,1056319
0,0415878
0,1552265
-0,1095182
0,01316755
-0,07740512
0,04064896
-0,05478555
0,01831964
0,002340011
-0,01342986
0,03954801
0,0983865
-0,007235888
-0,0478075
-0,0503921
-0,01455279
-0,0002350718
0,04039355
0,03350302
0,03441532
-0,0321582
0,006075957
-0,01781245
-0,05091299
-0,1061189
0,01337627
-0,08672088
-0,01888686
0,08330761
0,09220076
0,1142092
0,02397259
0,03266663
-0,05119805
-0,130819
0,1284672
0,07359565
0,0287824
0,06471974
0,005226743
-0,1071188
0,1005473
0,1687562
0,1104795
0,2093257
-0,01904889
-0,06970311
-0,1676196
-0,1406237
-0,1493229
0,02309417
0,03382023
-0,1281625
-0,06718355
0,04132804
0,2419383
0,1596294
0,195805
0,07724145
-0,03091335
0,09488618
-0,005124256
-0,1004869
-0,1099988
-0,05504395
0,01540829
-0,0102763
0,03591273
0,03068081
-0,02634828
-0,006022161
-0,014095
-0,02798067
0,0007796807
-0,09727427
-0,09001104
0,007934776
0,03717517
0,09963933
0,09418395
0,0545215
0,1143776
0,01506597
-0,03607365
0,001643519
0,06095328
-0,09211478
-0,01408468
-0,04214995
-0,02437826
-0,0115835
-0,09117399
-0,04015752
0,01443404
0,1422732
-0,04162963
-0,2508906
0,05728836
0,04149122
0,1397751
0,2183751
-0,1351524
-0,329942
-0,08049425
-0,0789347
0,1467405
0,2221604
0,1214453
-0,09636351
0,009780833
-0,04830125
-0,04195934
-0,05368695
-0,01872633
-0,0364406
-0,05562147
-0,005574556
0,03474133
-0,005000161
-0,02828579
-0,003184287
-0,01012304
0,02263261
-0,06274676
-0,154533
0,06873281
0,05017594
-0,00888371
0,08667932
0,08864563
-0,03724892
-0,0794805
0,07627611
-0,0212143
0,08654963
0,006277265
-0,06073875
-0,00646184
0,002553353
0,1841386
0,1702418
0,08687133
0,09440352
0,09457216
0,2028312
0,04651689
0,09104238
0,1481451
0,04981621
-0,004962133
0,1450029
-0,198106
0,07792304
0,09949579
0,04601267
0,1189205
-0,001679021
-0,05129364
0,03107393
-0,00595355
-0,008734535
-0,02232059
-0,03900974
-0,06816222
0,001715374
0,0230879
-0,01401735
-0,01096947
-0,01859292
0,006982346
-0,003914209
-0,002314064
0,01608263
-0,05213747
-0,1023818
0,06768222
-0,02707192
0,001536694
0,07290926
0,1513739
-0,04768411
-0,1191347
0,002843338
0,03126924
-0,05801129
0,0338668
0,039239
0,0982701
-0,05651623
-0,05043565
0,02287986
0,06760105
0,02605461
0,2388044
-0,001863643
-0,03109717
0,0825319
0,0478238
-0,04267047
-0,1342347
-0,07811563
0,002768786
0,01564129
0,165261
0,1038061
-0,1474364
-0,00594147
-0,02416622
0,1211428
0,03345836
0,007638468
0,04102281
-0,02706731
-0,07766987
-0,03991309
-0,03784259
-0,02005311
-0,0004462316
-0,006445957
-0,008737156
-0,01859717
-0,03032379
0,03980423
0,003950143
0,005570703
-0,08675347
-0,1069673
0,01936832
-0,02488603
0,02596045
0,2333225
0,02028401
-0,1420437
-0,0237211
-0,04190399
-0,0830153
0,02961768
-0,07081318
-0,02564064
-0,134833
-0,09001548
0,08535027
0,04667266
0,1213649
-0,1407195
0,02376262
0,02281825
-0,1175439
-0,004083831
-0,2855766
0,1346393
-0,0431464
0,03458096
-0,04976919
0,1421005
0,1639255
0,02602748
-0,0005688384
0,06406876
0,04108637
0,02156038
0,06470472
0,03879037
-0,006609026
-0,01807148
-0,002203602
-0,04506192
-0,01905644
-0,02124083
-0,004092523
-0,02427829
0,02804806
-0,01635388
-0,02275246
-0,05874956
-0,03232686
0,04705296
0,05163084
-0,02167146
-0,05786524
0,07420015
-0,03636543
-0,04705488
-0,1181317
0,01483749
0,05415149
0,008347088
0,133391
0,06423771
0,001052288
0,1335827
0,06273117
0,02187603
0,06818926
-0,02125476
-0,04638945
0,006464947
0,02615225
0,05912068
0,05913153
0,09616537
0,008895623
0,01035859
0,04638189
0,15313
0,06520259
0,2046187
0,09010316
0,1320166
-0,04327858
-0,07528099
-0,08304942
-0,06312645
-0,08142792
-0,0450728
-0,05136497
-0,03356092
-0,02945193
-0,007709224
-0,01918854
0,0208602
0,01145355
-0,02998916
0,006774756
-0,02897047
0,03716427
-0,07804884
0,04001801
-0,09220948
-0,03472878
-0,07573631
-0,05240723
-0,1537406
0,0298939
0,1320126
-0,02517206
0,004609492
-0,08162513
-0,1398745
0,03190329
-0,09568751
-0,02095648
-0,02800943
-0,0128733
-0,238924
-0,2190803
0,1046076
-0,1174933
-0,06689163
-0,0254093
-0,06632196
-0,001697429
-0,001952692
-0,1594779
0,08691089
0,06355882
0,2304777
0,03321913
0,009055638
-0,1186287
-0,08845605
-0,09562817
-0,01939702
-0,08538485
-0,1357223
-0,09632043
-0,0419717
-0,04008001
0,004243727
-0,04367458
0,01705984
-0,01459145
-0,008942029
0,01421575
-0,08053434
-0,09313356
-0,01275625
0,01692585
0,0069076
0,05498965
-0,007893366
0,08976753
-0,1306706
-0,09306711
-0,02564209
0,01545308
0,02948996
0,0481797
-0,1800548
0,138569
0,04641054
0,11516
0,07395269
-0,0394959
-0,1795615
-0,1064928
0,1381887
-0,1489115
-0,3308298
-0,04903083
-0,1191009
-0,04433565
0,1417583
0,1876523
0,164197
-0,02992417
-0,05303114
0,01824105
-0,1017557
-0,1461316
-0,0717852
-0,05954784
0,05424037
-0,04577518
-0,119751
-0,07055098
-0,08560734
-0,02023337
-0,02652076
-0,04310787
-0,00985999
0,01242027
-0,04722686
-0,05859578
-0,0410466
0,03232345
-0,01792422
0,1373534
-0,0248766
0,06211231
0,1540114
0,03742155
0,1132378
0,08961719
0,09219065
-0,1655618
-0,03071811
0,04251626
0,00345736
-0,03006216
0,06671898
0,007425384
0,07219224
0,1671409
-0,04435766
-0,06298553
-0,05353738
0,06080367
-0,1050124
0,07816475
0,003484175
-0,03114093
0,2263311
0,05671908
0,2057614
0,2297607
-0,0410601
-0,1679975
-0,08751404
-0,1225597
0,007560113
0,01359163
-0,1403845
-0,1045363
-0,0588374
-0,105754
-0,02002275
0,007659758
0,008867377
-0,055618
-0,02448274
0,02434747
-0,02424241
-0,02770316
0,05182406
-0,04719676
-0,02334102
0,04350365
0,01411916
-0,0629129
-0,1277256
-0,01968633
-0,02532884
0,0578654
0,1924586
-0,05926307
0,1490796
-0,01088549
0,007844949
0,1211726
-0,04530836
-0,005527967
-0,07011829
-0,1280202
-0,1782197
-0,03153498
-0,02983027
-0,1414154
0,06967442
-0,007172791
-0,1933082
0,07908899
0,2569392
-0,1439343
-0,03691739
0,100474
-0,05609824
-0,1292091
-0,09062128
-0,0420131
-0,1451254
-0,1331476
-0,1083493
-0,05185029
-0,08039067
-0,02705684
-0,03948911
-0,03983464
-0,02841404
0,003091528
0,02060477
-0,02978399
-0,01236373
-0,01943095
0,02328509
0,06348109
0,1334454
0,1209528
0,1016216
-0,09600419
-0,09440406
-0,07343771
0,01458366
-0,2189337
-0,06860119
-0,005566273
-0,04113985
-0,1057387
0,08449877
-0,03089062
0,01697286
-0,05481082
0,06338651
-0,1257169
-0,1134308
-0,0860187
-0,04756264
-0,136815
0,02396099
-0,1612859
0,03951825
-0,04276779
-0,07396462
0,07772826
0,08057608
0,003179701
0,07025101
-0,09272533
-0,03536435
-0,09211983
-0,03829599
-0,09336688
-0,1143669
-0,08783943
-0,08568808
-0,04584141
-0,07405589
-0,03233133
0,01353799
0,01577946
0,02630954
0,01817779
-0,02227365
0,03956216
-0,05630295
0,02210132
0,04305756
0,04527587
0,1040582
0,07898455
0,04160908
-0,02483675
-0,0177724
-0,001314304
-0,00618001
-0,03730412
0,08979779
-0,08029007
-0,1214918
-0,07611138
-0,06225166
0,126267
0,1312987
0,05683269
-0,2169976
-0,09057515
0,007401235
-0,1270188
-0,04255067
0,2864219
0,08625153
-0,04187917
-0,06399661
-0,06753436
0,02096832
0,02466292
-0,05053588
-0,02983776
-0,007405758
-0,1345038
-0,09905083
-0,03326641
-0,04216002
0,05762339
-0,06613587
-0,07569502
-0,08712022
-0,06962892
-0,02244392
0,04560407
-0,01772529
0,01645324
-0,03172293
-0,03218688
-0,02637411
0,003950177
0,138228
0,1336687
0,07430514
0,1211706
-0,03568811
-0,1004878
-0,003536148
-0,09327376
0,05094492
0,02116343
0,07618053
-0,01913294
-0,007933254
0,07167369
-0,05636378
0,05952822
-0,0285119
-0,003994805
0,02416153
-0,07888621
0,0111239
-0,03410631
-0,01136818
0,1140424
0,1516768
0,003650445
-0,07245806
0,07078044
0,07004866
-0,1465667
-0,1160885
-0,1842639
0,04387092
-0,08046287
-0,004945565
0,02805095
0,00777636
0,07380478
-0,0325939
-0,004427182
-0,061751
-0,03990003
0,02056123
0,02918449
-0,01669644
-0,004835632
-0,006526291
-0,03502252
-0,03859646
0,03257374
-0,01568052
0,009127071
0,1211324
0,04669218
-0,07403008
-0,01701649
-0,00600219
0,08422242
0,09976203
0,2725473
0,2800346
0,09801225
-0,05430376
-0,04236899
0,01495572
0,2863907
-0,1066981
0,02650576
-0,1423563
-0,1571497
-0,06766757
-0,06976695
-0,05571164
-0,2260696
0,06062756
0,00236466
-0,03951643
0,1717903
0,08934864
-0,06063639
-0,04987326
-0,1909261
-0,02637424
-0,196972
0,003266307
-0,01368294
-0,07746594
0,1511584
0,004147238
-0,0120748
-0,02625752
0,003914102
0,01920383
0,03038616
-0,01814702
-0,02270388
-0,01768185
0,006850405
0,02521825
0,08379524
0,01037771
0,03955618
0,09500293
-0,04942229
-0,04815442
0,05056744
0,01305251
-0,05812168
-0,1389894
0,05192811
-0,07489807
-0,0289161
-0,03211864
-0,02742168
0,003360511
0,1512153
-0,1158695
0,1310086
0,01836601
-0,1139623
0,0407683
-0,07147321
-0,1228116
-0,1626245
0,09271023
-0,05026382
-0,09156963
0,08244234
-0,07081029
-0,006119942
0,03123718
0,03662562
-0,02451175
0,05776222
0,08104875
0,07795914
0,002048652
-0,03673249
-0,06601033
-0,00147605
-0,002207662
-0,03587373
0,02092626
-0,004646064
-0,02240641
0,02661788
0,0186429
-0,0006028991
0,07543679
-0,01715545
-0,04405361
-0,0168972
0,03363225
-0,06592667
-0,06635166
0,07394244
0,01336873
-0,1118593
0,0380033
0,02972421
0,005378727
-0,1305766
0,1305806
-0,05281261
-0,0007328937
0,08737718
0,03701669
0,05299876
0,05176141
-0,3223768
0,125298
-0,03024974
0,001575804
-0,1232137
-0,02665537
0,1026722
0,01066553
0,1664184
-0,126006
-0,08810775
0,05436417
0,01813504
-0,1583989
-0,09744558
-0,01768073
0,07566775
0,05248109
0,03999516
0,0322954
0,01283731
-0,007147104
-0,02680566
-0,01028049
-0,01523116
-0,02248146
-0,01256569
-0,03639419
-0,07932565
0,01856388
0,06760457
0,05969442
0,002790842
-0,01078309
-0,0814083
0,03060267
0,05727394
0,01977915
-0,1144027
-0,00196481
0,006883018
-0,06568258
-0,1091439
-0,1664998
-0,04335437
0,05516756
0,01399181
-0,02414591
0,1272055
-0,02486939
-0,2096678
-0,08318751
-0,07045682
-0,07584883
-0,1678434
-0,009513346
0,05825324
0,2027487
-0,0259079
-0,1568604
-0,06816257
-0,07568198
-0,06405047
-0,05974738
0,2528852
0,008680596
-0,0202123
0,05068953
-0,01210894
0,01204243
0,02351485
0,006947421
-0,01858933
0,01502917
0,01644777
-0,02746967
0,02633403
0,03879422
-0,03615769
-0,005632117
0,003004908
-0,06534861
0,01952755
0,0001728843
0,03320879
0,05427916
0,1579418
-0,07819092
0,02227437
-0,01326277
0,01097498
-0,05081953
0,07826209
0,03499343
-0,1234635
-0,0548691
-0,08807875
0,1277899
0,008820142
-0,05366525
-0,1980866
-0,09134961
-0,04193765
-0,1460071
-0,03070929
0,1070063
-0,1202921
-0,07028003
-0,03634635
0,08356681
0,06641473
-0,06455779
-0,09071193
0,1026201
0,0629513
-0,03005783
0,1113535
0,0216275
0,05482384
0,06251274
-0,03289568
-0,002972727
-0,03528905
-0,007876993
-0,03014584
0,001034682
-0,007230973
0,02116802
-0,05269688
-0,04819521
0,009114009
-0,03344118
0,02201951
-0,04559314
0,07010258
-0,05232031
0,1018281
-0,09376707
-0,03566209
-0,02700844
-0,04900727
-0,1678345
0,09935213
-0,04898076
-0,02915096
-0,1026613
-0,1316754
0,1297284
0,08803001
-0,09590513
0,02257678
0,0609721
-0,1310732
-0,2413359
0,05477799
0,06966677
0,02099928
-0,05310085
-0,1171426
0,05175226
0,02514991
-0,1176814
-0,1207062
-0,1163731
-0,0224789
0,02920537
-0,06122018
-0,07412922
-0,03691339
0,0997957
0,06266749
-0,01289393
-0,01765753
-0,02806406
-0,03328261
-0,03617633
0,004794791
-0,03063087
-0,02420257
0,1166001
0,09674774
-0,04838571
-0,03360488
-0,03896046
0,02574323
0,09894373
-0,07102818
-0,07047687
0,1005235
0,09256639
0,003497546
-0,03234378
0,03430332
0,07931918
-0,07213473
-0,1115804
-0,1474533
0,03450366
-0,2459055
-0,2726354
-0,09413772
-0,04348132
-0,05174988
-0,09164555
0,001694671
-0,1606025
0,05202635
0,08529011
-0,01229149
0,03351711
-0,05807844
-0,2098469
0,05517546
0,08617022
0,08177959
-0,09122271
0,01272584
0,008373562
-0,02993657
-0,06184432
0,003306584
0,02807602
-0,0368039
0,004265764
-0,01070944
0,02292719
0,007270039
-0,002164882
-0,004892307
-0,02708038
0,0126002
-0,05952
0,08959769
-0,07724244
-0,01027788
-0,07281861
0,02038251
0,2103072
0,1705773
0,02005851
-0,1668317
-0,1250856
-0,1265509
-0,03273409
0,08812194
0,05299575
0,1580883
0,293335
0,0115356
-0,01030389
-0,07794206
0,2239313
0,04578732
0,09672317
0,03167068
-0,1433967
0,03583878
0,1466867
0,03830377
0,02168817
-0,0612276
-0,1536718
0,01261662
-0,190626
-0,1128808
-0,05141384
0,0374492
-0,01624108
-0,1049236
-0,07965908
-0,03253788
-0,02617943
0,00247059
-0,02026104
0,001106386
-0,002252583
-0,01652651
-0,01952962
-0,02925544
-0,07389326
-0,1141951
0,01429896
0,2682709
0,1377131
0,02336342
-0,12437
-0,191834
0,09438991
0,1642744
0,02668717
-0,08118867
0,0340545
-0,002470372
0,1826155
-0,109231
0,09624413
-0,2720784
-0,2388929
0,002913821
-0,1145788
0,0233171
-0,02795758
-0,1627473
-0,0247349
-0,01308019
-0,1131794
0,04812884
0,0458148
0,1118024
-0,00684258
0,06980665
0,053371
-0,09027418
-0,04038746
-0,1643347
-0,07486671
-0,005912483
-0,1976
-0,2312993
-0,06103729
-0,01906566
0,007365086
-0,02920596
-0,01972397
-0,007790409
0,02694514
0,01236398
0,01911484
0,009215387
-0,09225814
-0,06304873
0,0230615
-0,0763864
0,01351428
-0,01181146
-0,02551026
-0,1611366
-0,03405141
0,05136963
0,04390357
-0,07150701
0,03671204
-0,07845787
0,01794156
-0,09962751
0,1071288
-0,02694124
-0,03430104
-0,03781823
-0,1653427
-0,1357786
0,06588697
0,02184404
0,02851229
-0,1088769
-0,1018015
-0,08208841
0,121275
0,1120206
0,1024631
0,1170707
0,2243046
-0,1691262
0,01129538
-0,05943522
-0,008432631
-0,03779272
-0,01635536
-0,1264688
-0,07835208
-0,008572481
-0,03241292
0,000367017
0,001649538
-0,02307527
-0,006029884
0,0107834
-0,04060423
-0,05895457
0,00798043
0,1146046
0,09522247
-0,09836525
-0,00482825
0,001022594
0,01710719
-0,05934331
-0,1060405
-0,06031708
-0,0342624
-0,04869736
0,003637269
0,03858699
0,0444079
-0,02312375
-0,1621305
0,103802
0,08487071
-0,1038991
-0,08437323
0,07688472
-0,08300874
0,04287075
0,1042038
-0,1007512
-0,04391925
-0,1228323
-0,03713126
0,03067922
0,08078499
-0,1260154
-0,08071643
-0,1825524
-0,01436235
-0,01810181
0,01339513
-0,02378882
-0,08365421
-0,1662712
-0,06475047
-0,05634865
-0,03046574
-0,02174
0,007735854
-0,03574306
-0,0306243
-0,008410854
-0,004812668
-0,01174603
-0,05840698
0,00617478
0,06157712
-0,007555049
0,003110719
-0,1753201
-0,1216873
0,1506618
-0,06963134
-0,1189875
0,1670078
0,05872416
0,003732147
0,0007790888
-0,1366264
-0,03847543
0,005335733
-0,1921564
0,001534376
-0,09125602
0,05111052
0,04123792
-0,1895879
0,01380941
0,02187299
-0,1234811
-0,04068354
-0,2169057
-0,1122829
0,006476869
0,1474763
-0,09399157
-0,09911264
-0,03814322
-0,1483876
0,0677103
-0,08475143
0,003492395
-0,1520042
-0,07585101
0,001877711
-0,04841835
-0,05623648
0,001346322
-0,001297533
0,02918465
-0,03069862
-0,007464362
0,01890895
0,01873946
0,05884105
-0,08677323
-0,03231468
-0,01089428
0,07833068
-0,1526836
-0,0291044
0,0456829
-0,04524348
0,1272052
0,01735596
-0,02935131
0,046901
-0,01892877
0,04745445
0,08760115
0,1625525
0,1670542
0,1626191
-0,01608782
0,03221152
0,09965356
0,1017569
-0,0835674
0,05562066
-0,1151911
-0,1571485
-0,05824323
-0,09610518
-0,002141395
0,08987733
-0,009348046
-0,2593976
-0,1255718
-0,0217391
0,1802986
-0,1820651
-0,1105552
-0,1033728
-0,126818
-0,05064485
-0,05728141
-0,02565642
-0,02734458
0,02426848
-0,004247463
0,001004802
-0,01803486
-0,01617623
0,007933741
-0,01304524
-0,05182967
-0,1785445
-0,01658857
-0,06926151
0,01502977
0,06686726
0,01752082
-0,06319545
0,03941055
-0,1065399
-0,076726
0,1102065
-0,04173799
-0,06390573
-0,1038078
-0,106735
-0,04312543
0,1181995
0,1536248
0,114862
0,1131426
0,08486398
-0,05332446
-0,03248554
0,1063226
0,003136679
0,02776735
-0,201336
-0,05819413
-0,1262406
-0,006231555
-0,01959419
-0,01775539
0,05570497
-0,05562725
-0,04356029
-0,06071518
-0,03061513
-0,1616127
-0,05726678
-0,03762011
0,01277971
0,03398499
0,0235639
0,03341269
0,008285488
0,01184544
-0,01187128
0,002346939
-0,0105074
0,03225419
-0,1562177
-0,07284094
0,002497626
-0,1257988
-0,02274223
-0,06915642
-0,03503298
0,1878057
0,05085758
-0,05270694
0,007019178
-0,06911849
-0,1251572
0,133553
0,1474912
-0,2019229
-0,02213782
0,08763696
0,04523349
0,05505421
-0,03046107
-0,09127374
0,04410474
0,0708659
0,1271903
0,2553545
0,07312544
-0,02958034
-0,1224596
-0,1058537
-0,04514216
-0,04288583
0,009596017
-0,1119231
-0,1128809
-0,07473384
-0,1446803
-0,09254982
-0,05081958
-0,1069169
-0,044373
-0,01308376
0,03663929
0,01373893
-0,004658123
0,001890448
-0,001605528
0,01659358
0,06404558
-0,04999189
-0,0609766
0,09278253
0,09283744
-0,03603886
0,07751203
0,07437755
-0,0008767659
-0,101245
-0,2462957
-0,01449608
-0,005398373
0,04329678
-0,06076203
-0,1338245
0,08900245
-0,08169416
-0,06832718
0,1472989
-0,01824521
0,04538094
0,0457425
0,08045769
0,1741559
-0,073034
-0,04866993
-0,129344
-0,2624154
-0,03012583
0,04329104
-0,0186465
0,260146
0,07248592
0,1404201
-0,03262474
-0,09104034
0,08010447
-0,07195131
-0,06224934
-0,08997409
-0,1164556
-0,0392753
0,03114025
0,03578614
-0,01179743
-0,007769796
0,02675913
0,0003212313
-0,005677263
0,04332715
-0,04073232
0,1178142
0,07342279
-0,072739
0,01355807
-0,03809005
0,1102738
0,07144906
0,01251567
-0,1452511
0,06769339
-0,07912525
0,06034825
0,01644348
-0,1143104
-0,1848443
-0,08736228
-0,08868932
0,0955396
-0,0274743
-0,07226704
0,0180522
-0,05085046
0,0715298
0,1076682
0,04948117
-0,03860466
-0,0672544
0,1702573
0,09102792
0,04746255
0,007277966
0,01078567
0,0389704
-0,1729616
-0,08181837
-0,01873365
-0,1768195
-0,1069949
-0,1142502
-0,1654838
-0,01292581
-0,02344259
0,005421334
0,01723994
0,01319676
-0,0003674552
-0,01626937
0,04901745
0,03177892
-0,04253607
-0,02171829
-0,004620334
-0,2747721
-0,008658368
-0,01236769
-0,05204878
-0,1060008
-0,3064142
-0,02863234
-0,05719068
-0,07709345
0,1896936
-0,01674583
-0,05752316
-0,1392482
0,09562543
0,00737732
0,09915505
-0,1654524
-0,1231879
-0,001670027
0,2032009
0,2377146
-0,08091069
0,09107539
0,008152662
-0,1090357
-0,005406128
0,03676739
-0,03061173
-0,01123483
-0,008212247
0,09688614
-0,08498485
-0,06004351
-0,07499799
-0,1427709
-0,1217058
-0,1345116
-0,1123867
-0,002207139
-0,03327353
-0,03473837
-0,0142808
-0,01263692
-0,001157708
-0,000532019
0,06584958
-0,01713035
-0,04470662
-0,02687262
-0,06874512
-0,03965791
-0,03054358
0,0107872
0,02791603
0,02201244
0,03014865
-0,04912559
-0,07801776
-0,05891499
0,1131034
-0,1163161
-0,02484301
-0,06567
0,04906706
0,1085762
0,06724711
0,002926655
-0,0742509
-0,06137568
-0,07790022
0,1943517
0,09076412
0,06324493
-0,006386893
-0,03668172
0,06895937
0,1399073
0,1178459
-0,07026136
0,04787483
0,04156878
0,07952516
0,03310701
0,006960873
-0,05782812
-0,02812919
-0,1099027
-0,005604091
0,00610419
-0,03219828
-0,07423317
-0,02614656
-0,01141532
-0,02519738
-0,03947817
0,01632759
-0,07271785
-0,04247618
0,05856533
-0,1397053
-0,07226749
0,006253128
-0,02293357
-0,08170819
0,009182009
0,02025948
0,0127214
0,03018213
-0,1074966
-0,01903597
0,02226686
-0,1296262
-0,1117665
0,07416403
-0,04882909
0,05942228
-0,03169851
-0,03688238
-0,07261571
-0,3468031
-0,1220276
-0,03559859
-0,07236927
0,0953172
0,0323141
0,1082227
-0,0482462
-0,07386814
-0,02165313
-0,03175738
-0,05836273
0,02498658
-0,0009975183
-0,08477006
-0,1428141
-0,1127105
-0,1207547
-0,05201215
-0,01226411
-0,00243224
-0,05492195
-0,04443987
-0,03840705
-0,02035669
0,006122374
0,07334431
-0,004288814
-0,02187863
-0,0004407161
0,02279647
-0,07687413
-0,007608065
0,04976084
0,0515306
0,01812897
-0,1558566
-0,0168508
0,05978136
-0,02447657
-0,1567298
0,0001999782
-0,03599026
0,06376077
-0,00141906
-0,1087885
0,1379636
-0,02039791
-0,1138118
0,1403395
-0,08012737
-0,1232945
-0,009296855
-0,1488466
0,06186586
0,0283577
0,07662103
-0,1428961
0,02100828
-0,09269264
0,008525932
-0,02969241
-0,002668454
-0,02977943
-0,00151415
-0,01307521
-0,02752321
0,004761451
-0,07040323
-0,02145017
-0,0956725
-0,06981494
-0,05393897
-0,01049267
-0,01441861
0,02191326
0,07276718
0,008645155
-0,02478115
-0,06907701
-0,183266
-0,1009114
-0,00541378
-0,03819271
-0,01495971
0,07481124
0,03994025
-0,04503324
0,05196195
0,132647
0,07101965
0,0450983
-0,05378325
0,003321034
0,09368135
-0,03585419
-0,1331276
-0,1674444
-0,1838801
-0,1337714
-0,07510173
0,02530783
-0,06647801
-0,09652659
0,1104921
0,07004614
-0,1308965
-0,01882778
0,01925733
-0,04755703
-0,1083155
-0,006047559
-0,05779554
-0,02144999
0,03674422
0,02421529
0,0605141
-0,002650825
-0,08785049
-0,04487908
-0,07980873
-0,1032327
-0,02200302
-0,03329008
0,01583012
0,007430559
0,02441572
0,02563614
0,00895726
0,02656767
0,05587585
0,04342595
-0,00131227
-0,07281247
-0,09133655
-0,00734083
0,03881618
0,02886439
-0,1371051
-0,1099405
0,1724807
0,1071623
0,04143031
-0,001803382
-0,01875068
0,1444896
0,04474934
-0,03340461
-0,0276427
-0,1516678
-0,134763
-0,2213738
0,009372124
-0,07402651
0,1213553
-0,0269017
-0,01252094
0,0211402
0,02546216
0,03862684
-0,005912556
0,01811463
-0,02267371
0,006671217
0,03351817
0,04443394
0,08141937
-0,1031434
-0,03834881
-0,06389473
-0,08807412
-0,07722782
-0,02369377
-0,003260021
-0,01194512
-0,04950981
-0,03611086
0,07921238
0,1033465
-0,07251518
-0,007597191
0,01400543
-0,1416518
-0,08214847
-0,06372183
-0,08645402
0,01919105
0,01178352
0,01003785
0,118925
-0,1214815
-0,02283123
-0,1849494
-0,08895431
0,03433692
0,02815131
0,09844929
0,05459227
-0,2144513
-0,01706469
-0,01166142
-0,2139742
-0,1767948
-0,1774407
-0,1124106
-0,2619944
-0,04858631
-0,1847374
0,01458393
-0,003673649
0,04184654
0,1308395
0,1149989
-0,1268771
0,02249469
0,07562943
0,06431434
0,03244947
-0,1098858
-0,08520381
-0,06057394
-0,05000205
0,02398686
0,001508879
0,01084277
-0,03966554
0,01767954
0,0295207
0,1162592
0,01383972
-0,01772681
-0,03578874
-0,1267498
-0,09183502
-0,00207215
-0,09010419
-0,06454148
0,01239631
-0,002525626
-0,08339953
-0,1349703
0,006307179
-0,1418353
0,1499698
0,09586421
-0,121361
-0,06754223
0,1179777
0,03229664
0,03321329
0,04523552
0,05382762
0,1743642
0,04482597
-0,06911279
-0,2821822
-0,1303064
-0,03791391
-0,1885538
-0,07874278
-0,03921776
0,04475989
-0,001375887
-0,09415608
-0,0368101
-0,008768591
-0,043625
-0,01101951
-0,07993259
-0,1123268
-0,03738061
0,009523668
0,01607525
0,02446296
0,01477171
0,002287504
0,01981524
0,07768039
-0,02350108
0,07534973
-0,119236
0,01125553
-0,07557788
-0,07452195
-0,183237
-0,08877905
0,01783845
-0,1016675
-0,01830609
-0,02226713
0,02759515
-0,172025
-0,1684959
-0,1236412
-0,1366149
-0,07798944
-0,07460057
-0,01967325
-0,2193881
0,01288544
0,001698332
0,1092375
0,08824725
0,1470567
0,1428823
-0,1795301
-0,1185909
0,03246737
-0,05598828
0,0667568
-0,07870676
-0,1715548
0,008297488
0,01499895
-0,01097961
0,03133306
0,01743342
0,06328816
-0,03490225
-0,07607958
-0,01730495
0,002200832
0,01654948
-0,01639184
-0,01056307
-0,02215128
-0,003518011
0,0942745
0,100479
0,007762818
0,01483072
0,02949982
-0,01280594
-0,09002161
-0,08800219
-0,1579408
-0,1276094
-0,001908258
-0,1219491
0,02812696
-0,02118547
0,07891121
-0,03432649
0,03347456
-0,1982289
-0,1363032
-0,09662924
0,06346163
-0,06241171
0,1392346
-0,1487463
-0,1658472
-0,01672079
0,05203318
0,0854043
0,006874486
-0,02567112
-0,004584516
-0,0183491
0,04754164
-0,1206312
-0,005078139
0,03924713
0,0673839
0,0148086
-0,04508727
-0,008621847
-0,01821041
-0,07062905
-0,09002133
-0,02768878
0,03647945
0,01143273
0,01588572
0,01831836
-0,02077025
0,0008119078
0,01404079
0,09831197
0,09961161
0,003385915
-0,0315743
-0,02591423
-0,1256939
-0,1200634
-0,007612785
-0,09420005
-0,2787371
-0,2320883
0,006424723
-0,02732533
-0,03105615
-0,02703098
-0,1542858
0,101909
0,008552422
0,00598442
-0,05480413
0,1252445
0,08008094
0,1993411
0,1737896
0,2335748
0,07718423
0,1320595
0,1073627
0,1439093
-0,04478319
0,02427482
0,1930525
-0,03435944
-0,02719539
0,04769501
0,06379877
0,06717237
-0,08957665
-0,05217276
-0,1045745
-0,03521044
-0,04167229
-0,008456406
0,04358507
0,06224897
0,01613133
0,01838162
-0,02040235
0,02853396
0,03700412
0,03905329
0,1940189
0,01955045
-0,0715263
-0,03980374
0,008116646
-0,085206
-0,04074161
0,01183257
-0,03657115
-0,03026029
-0,0303631
-0,1221945
-0,1746335
-0,2491081
-0,1244279
-0,02893851
-0,2129352
-0,07723173
-0,07036009
0,01543442
0,05160761
-0,04158864
0,1419121
-0,02833727
-0,01762743
-0,04427291
0,101966
0,1261462
-0,002636139
-0,0233672
0,105345
-0,08939251
-0,004512939
0,05776785
0,1243486
0,1209265
0,005866821
-0,05351186
-0,02336457
-0,02942724
0,0198549
0,03083341
0,03907302
0,009195819
0,02976287
0,02603191
-0,001409506
0,02708617
0,06045929
0,09548905
0,09613603
-0,04636468
-0,1534978
-0,06534142
0,005886742
0,003601235
-0,02833213
-0,1120041
-0,08419834
-0,1359729
0,05159897
-0,05568542
0,03928652
0,01723998
-0,1310009
-0,0864762
-0,1085456
-0,1101486
-0,1791255
-0,1713461
0,06399121
0,2136791
0,01599423
0,1029487
-0,03529584
0,0835543
0,2233375
0,1230018
-0,1353598
0,03516024
0,005943479
0,004330827
0,01124312
0,05718712
0,1423375
-0,08521242
-0,04758631
0,005216699
-0,02332571
0,0430641
0,0633006
0,0528344
0,01866159
0,02685202
0,02647158
-0,02634701
-0,02811511
0,008312074
0,06419405
0,1161177
0,1598808
0,1371292
-0,1230097
-0,05894323
-0,01314044
-0,03662788
0,04569623
0,105253
-0,05182511
-0,1045446
-0,01785072
0,04654969
0,06143726
-0,07175323
-0,1319916
-0,0342502
0,07273988
-0,06184991
0,08896378
-0,1685455
-0,1092159
-0,1011382
0,0186643
-0,02875111
0,07506745
0,117708
0,351456
0,04823693
0,0233596
0,1634332
-0,04016051
0,08338694
0,08287597
0,003201792
0,03678865
-0,09994593
0,09122075
0,01241501
0,002854239
0,0586287
0,009861277
0,09338535
0,02884717
0,01223986
0,02844036
0,02374638
0,0005350867
0,0484881
0,03237252
-0,001295665
0,009824474
0,09263084
-0,0578155
-0,05704634
0,01098075
-0,04477008
-0,005858413
-0,03898265
0,1215775
0,1011127
-0,1961641
-0,1653861
-0,1614688
-0,1600422
-0,1245294
-0,0892568
-0,0419465
0,08991688
-0,02603304
-0,03755347
-0,06193106
0,1860035
0,1373294
0,2711638
0,1766492
0,1537863
-0,03386534
-0,03629659
-0,03882154
0,02419036
0,1532611
0,006327014
0,04801473
0,09393417
0,08487448
0,1194258
0,05882752
0,07238757
0,01601066
0,07354885
0,08656936
0,1010896
0,03779432
-0,02231113
0,001621118
-0,0004166126
-0,004794059
0,0281941
-0,002324535
-0,02580344
-0,04873668
-0,03242029
-0,09492259
0,01130407
0,0244855
0,04692275
0,1534488
0,07488947
0,01703427
0,1197202
-0,004002894
0,04173095
-0,05782033
0,007068462
-0,01992791
-0,05482241
0,1110163
0,2132892
-0,02178802
-0,1628394
-0,1407016
0,2350031
0,1576913
0,198016
-0,07039656
-0,0835751
0,1009059
-0,1380697
-0,05347813
-0,05786543
-0,03328237
-0,01696781
0,002303718
0,03456346
-0,004451426
0,04536334
-0,01083161
0,07163252
-0,03817954
0,001922614
-0,02249587
0,01491447
0,05028611
0,02439975
0,01464095
-0,02716499
0,002759166
0,05295981
0,01688014
-0,01483973
0,06109671
-0,04463417
0,03835096
-0,1261103
-0,06645909
0,04934665
0,02740946
-0,07477236
-0,1071449
-0,1256673
0,002122971
-0,008144287
0,09116709
-0,0190935
0,1719239
0,01625619
0,1613761
-0,004854966
-0,01844845
0,09377243
-0,2510177
0,07973196
0,06010822
0,05431511
0,08983896
0,06195997
-0,1379587
0,05824308
-0,1075338
-0,02225487
-0,1480913
0,08652609
0,008973014
0,06258542
0,05545618
0,01204165
0,01269006
-0,0274167
-0,04924342
0,03510924
-0,003094447
0,0278886
-0,005771617
-0,008352865
-0,02736461
0,02137196
-0,005994913
0,02115645
0,02596346
0,06861585
0,06311283
0,02556984
-0,01743156
-0,05640258
-0,03275746
-0,05971819
0,0198729
0,0740317
0,05225825
0,01469107
0,05164206
-0,0360974
-0,006400618
-0,05653194
0,06653132
0,05156375
0,1356026
0,1207228
0,05694254
0,1372835
0,0516667
0,0981226
0,1162458
0,02851612
0,09865999
0,02254542
-0,09657803
-0,2432201
-0,1880672
-0,08836731
-0,01763389
0,03786076
0,0832459
0,004838875
0,1335143
0,07562666
0,03405409
0,02245314
-0,006469872
0,01125006
0,01374506
0,01319473
-0,0208239
0,01231162
-0,01756816
-0,02743129
0,01026072
-0,007027738
0,0121806
-0,001759744
0,04853444
0,005392638
-0,005184549
-0,04727137
-0,0745033
-0,002549934
-0,07063511
-0,04074144
-0,06844962
-0,01664086
-0,1296633
-0,07386988
0,01315546
0,05234892
0,1384742
-0,01388431
0,008521943
-0,07977321
0,05476654
0,132664
0,0705549
0,08005909
0,1740137
-0,02446307
-0,05276648
0,007435302
-0,03766876
-0,1509529
-0,04406956
0,053421
0,1267105
0,06697856
0,02366769
0,02092278
0,1148249
0,05210677
0,01533667
-0,016988
-0,03009134
-0,02930064
-0,008184645
-0,03473232
-0,02055049
0,02303183
-0,01524016
0,003687526
-0,01816054
-0,03189802
0,002445897
0,02505923
-0,05246444
-0,03445344
0,02990913
-0,000681097
0,01307695
-0,05358849
-0,008265678
-0,05183976
-0,03185302
-0,02642368
-0,09294026
-0,03626879
0,01643848
-0,07463649
-0,169902
0,002759342
0,03280174
0,134545
0,09820081
0,1768623
0,1845962
0,1165953
0,0409893
0,04856552
-0,03004433
-0,08259321
-0,1621653
-0,1085432
-0,155606
-0,06294873
0,06449708
0,04990544
0,007802826
0,006745808
0,04777044
0,05272363
0,0179187
0,006592591
-0,01968412
0,0234869
0,008614599
0,02249672
0,01256152
-0,02255956
0,00323247
-0,01498826
0,01913329
0,00737942
-0,01292646
-0,02928901
-0,02086801
-0,01926685
0,01516094
-0,03241121
-0,01463082
-0,05384884
-0,01045917
0,07227474
0,04257524
-0,01736706
-0,0235191
-0,03872929
-0,01570177
-0,0289884
-0,05860419
-0,06229019
0,04895337
0,01545475
0,04466783
0,1034333
0,08561862
0,07899834
0,08447637
0,05412479
0,03486858
-0,03021308
-0,04080504
-0,04287154
-0,07401723
-0,0461578
0,02918338
0,01681458
0,0218645
0,007478583
-0,01252841
0,01876816
-0,008289771
-0,03646387
-0,003337702
-0,003122151
0,000441634
0,01957577
0,02439154
0,007518993
-0,02265793
-0,02354997
0,01719939
0,01870999
-0,02095939
-0,0120774
-0,01330455
0,01392712
0,05131279
0,04904677
-0,009227918
-0,01950566
-0,07293994
-0,02217507
-0,04326204
0,02327979
0,01490071
-0,04089721
-0,01829229
-0,03357949
0,01787755
-0,03876614
-0,003499579
0,008422973
0,1088664
0,1964231
0,03719987
0,0362142
-0,0472352
-0,08013758
-0,1125287
-0,05435709
0,006737819
0,001850364
0,004871338
-0,001139583
-0,007681004
0,05249203
0,06070317
0,03378718
-0,003254769
0,006547474
0,01911633
0,03252825
0,04105587
0,0006973646
-0,01697505
0,00939097
-0,02032462
0,003951498
0,01964138
-0,0118563
-0,004421601
-0,01971465
-0,03253854
-0,02922435
-0,02816128
-0,006391
-0,03105276
0,008633131
-0,02288719
0,02130423
0,0276551
0,03251728
0,01757425
0,01697537
-0,007262892
-0,02675043
-0,02472932
0,001137302
0,09378859
0,02740487
0,01208551
0,008544981
0,01656295
0,04084474
0,07748064
0,02938826
-0,01578207
-0,05847491
-0,03200854
-0,04715699
-0,009505779
-0,03698086
-0,03104779
-0,02123108
0,008470761
0,04756249
0,05027732
0,003501471
0,01398866
0,03655394
0,01131089
-0,02412478
0,01157029
0,002034701
-0,01090386
0,02531756
-0,01259913
0,007450864
-0,00631535
0,006816437
0,02946123
0,01381782
0,02707827
-0,02319249
0,01558143
0,01830492
0,009369418
0,01724763
0,01054077
0,02679829
0,04990634
0,03693371
-0,02268538
-0,02124423
-0,05180566
-0,01074875
-0,04149297
-0,02009213
0,007821454
0,05113752
0,03992114
0,01522579
0,03222124
0,03179207
0,05728174
0,01552894
-0,03356131
0,01400133
-0,08090015
-0,01416009
-0,002956861
0,00243298
-0,04414218
-0,01685771
0,01154678
0,03185537
-0,005266707
-0,00367185
-0,00415353
0,002078398
0,0142303
-0,00819611
0,03223515
0,01451091
0,03049579
-0,01680011
0,008602991
-0,02764962
-0,02315793
0,02319844
0,006901314
0,002706701
-0,00235376
0,02112404
-0,02699644
0,018644
-0,02745194
-0,002243557
-0,01851212
-0,01133587
0,01095067
0,02204501
0,008032272
-0,03405051
-0,03344412
-0,04381232
-0,01160915
-0,01531361
0,03467003
0,04287115
-0,002361503
-0,006176471
0,02628522
0,04125043
0,03351088
-0,01719125
-0,03886488
-0,006599254
-0,01951343
-0,003993782
0,01599195
-0,03676924
0,02319276
-0,01352954
0,03498218
-0,001124712
0,0008215326
-0,004246816
-0,005644006
0,02845276
0,01529448
-0,02640177
0,03100081
0,02605798
0,0238132
0,03148147
0,01372774
0,02294133
0,01062967
0,02884599
0,00358287
-0,01505173
-0,01552778
0,001005983
0,01492928
0,003496961
-0,03081754
0,01635315
-0,02005733
0,02082358
0,001724197
-0,02692355
0,001775313
0,004212791
3,682374E-05
0,01208912
0,03406189
0,009384766
-0,03148983
0,003031509
-0,01050335
-0,00899861
-0,02592196
0,01868847
0,01334826
-0,03850996
-0,05005889
-0,02126647
0,001118294
0,01897975
-0,003043056
-0,006915465
-0,01679168
0,01527775
-0,02033255
0,00385416
0,02656438
0,0002601785
0,002439265
-0,004287304
-0,00763008
0,008193872
-0,03121642
-0,002548857
-0,006157073
0,01373209
-0,001852164
-0,003842489
-0,003105697
-0,006219632
-0,02885051
-0,01562587
0,01980989
-0,02796547
-0,006209434
-0,0263364
-0,02573666
-0,009855851
0,01354173
0,01229091
-5,810441E-05
-0,0040441
0,02493794
-0,006942959
-0,01282767
-0,01748209
0,02194695
0,02774011
0,001539723
0,03217718
0,009423939
0,01577033
-0,0210032
0,01735839
-0,01310986
0,01833544
-0,006936809
0,01001737
-0,004665706
-0,03204066
0,01158122
0,008797059
-0,02262412
-0,00696955
0,01561953
-0,009243187
0,006978713
-0,01192955
-0,00871888
-0,02500329
-0,000832626
0,002346344
0,006124329
0,01434008
0,02452825
0,02649763
0,01064301
0,009527292
-0,01355409
-0,01124809
0,0257845
0,003725571
-0,02905246
0,001065629
0,01686521
-0,00818302
-0,02006394
-0,02001001
0,01691494
-0,0016848
0,004351343
-0,01123247
0,01928043
0,004910538
-0,02624827
0,0233328
-0,01189831
0,004351381
0,007210845
0,02145565
-0,001230966
0,001437571
0,00456866
-0,009817212
-0,002431385
-0,02524131
-0,02610583
-0,009915384
0,01414501
-0,01163237
-0,01304069
0,02020328
-0,002233315
-0,01774718
-0,01724006
-0,02632322
0,00689394
0,007703535
0,008193129
-0,006212521
-0,02087605
-0,003916792
-0,0006254193
0,02218224
0,0001006395
-0,02125593
0,01327609
-0,02867374
0,01077439
