-0,0008908401
0,003047499
0,02342987
-0,01271796
-0,02561557
0,0111442
-0,02699486
0,01246861
-0,01249663
-0,01773126
0,01620268
0,01567014
-0,02296448
0,02769265
0,01086691
-0,005262811
-0,004912912
-0,01190895
0,02590933
-0,01943825
0,004618297
0,02849163
-0,007808922
-0,007738693
0,02000241
-0,02838491
-0,0196667
0,004912245
-0,0004974308
-0,01817621
0,02042652
-0,02487624
-0,01310163
-0,0004178639
-0,01988934
0,01825688
-0,02854649
-0,007578738
0,01438382
0,01258995
0,01182613
-0,005608007
0,02963855
0,003397723
0,001589452
0,02637179
-0,02469601
0,01467512
-0,01926221
-0,008964294
0,02135784
0,02768603
0,0003002823
0,02913917
0,003371793
0,00120814
-0,01916629
0,00111519
-0,00215825
-0,02719178
0,0008162101
-0,001287542
-0,01704661
-0,02424206
-0,007483239
0,01112166
-0,001192674
0,00807292
0,01760645
0,02320155
-0,006727131
-0,02738373
0,004257504
-0,01668332
-0,0006356743
-0,01971023
0,02947806
0,01935138
0,02129149
0,02420614
0,02693729
-0,00363683
-0,005772416
-0,02147613
-0,008905401
0,02335291
0,005428076
-0,01164425
0,0268178
0,009463715
0,007435175
0,0008846872
0,02516161
0,01166628
-0,01816563
-0,01691149
-0,01858294
0,02390876
-0,01912246
0,02105545
-0,002443454
-0,002162782
0,02769357
-0,01174483
0,02849814
0,01867752
-0,006597184
-0,01300255
-0,0001533676
-0,006805567
0,002440276
-0,007979542
0,01045226
0,004349535
-0,02352089
-0,02558525
-0,02550998
-0,025541
0,01524735
-0,0001869792
-0,02435678
-0,01961997
0,0117787
-0,02182614
-0,0141903
0,022992
-0,02198248
0,02310682
-0,0286172
-0,01392383
0,0293854
-0,02434828
0,008537034
-0,02979592
-0,003172107
-0,0009284292
-0,0006792296
-0,02397233
-0,01933892
0,002941703
-8,799667E-05
-0,01153816
0,01921352
0,003756103
-0,0229206
-0,01466216
0,02101086
-0,009105601
0,005176645
-0,02267119
-0,02145677
-0,02309808
-0,02140567
0,01166296
0,01534249
-0,01303509
0,01654305
0,019374
-0,02761137
-0,02458708
0,01061828
0,0007668349
-0,01452342
-0,01643115
-0,005703198
-0,003374324
0,01406471
0,01024169
-0,02246694
0,007930743
0,005896944
0,02903745
0,0243716
-0,01761001
0,03049202
0,01782495
-0,008204749
-0,02197962
-0,02897593
-0,0295937
-0,02848056
0,01724345
-0,0123341
0,02461732
-0,02211946
0,0228768
0,0276444
0,02730993
-0,01471387
-0,02052386
0,01298328
0,01022584
-0,02639951
-0,02476689
0,02281724
0,02964245
-0,02702927
0,00573874
-0,02052501
0,01087195
0,001816716
-0,0191505
-0,0165515
0,02793502
0,001888459
-0,02028661
-0,01725757
0,02643675
0,01188431
0,02826066
0,0259796
0,008485805
0,01849789
-0,02799102
-0,02652558
0,02327409
-0,01711903
-0,008614666
-0,02430371
0,002269266
-8,937369E-05
0,01723461
-0,005281383
0,02863476
0,0255406
0,026214
0,02539671
0,01883075
-0,009906991
-0,02910758
0,01442344
0,01617224
0,02855512
-0,009600181
-0,000927195
0,02160793
0,004401584
-0,009267918
-0,007616538
0,02801907
0,009238251
-0,02941357
-0,01429609
-0,01213536
-0,01579469
-0,02568354
0,02228367
-0,0284029
-0,02819942
0,03000501
0,01692838
0,0122991
-4,509099E-05
0,007441965
-0,0193713
0,01511574
0,01689901
-0,01500614
-0,02786154
0,006460872
-0,01460684
-0,005536343
0,006342978
0,01094495
-0,0170187
-0,02101448
0,009939249
-0,002336971
0,003493281
-0,01765979
-0,01105446
0,02249601
0,02894199
-0,02233481
0,02360406
-0,0005483584
0,001827645
-0,02338061
0,01438932
0,02129184
-0,02673687
0,02361329
0,01721312
-0,009145414
-0,01542937
-0,02749355
-0,01353788
-0,008808332
-0,02058692
0,0144207
-0,02481287
-0,01084067
-0,01135879
0,01691206
0,01326266
-0,01514684
-0,005543562
0,005268973
-0,02552989
-0,02501323
-0,005083251
-0,005305517
-0,001228646
0,01990746
0,01062309
0,02505088
0,01350335
-0,007874024
0,01495621
0,01279623
-0,016177
0,009520842
0,001113302
-0,0186547
0,001815462
-0,00899257
0,007162308
-0,01428605
-0,003684666
-0,01899432
0,02298102
-0,01182532
-0,01223447
0,01936733
-0,02249634
0,03063203
0,003839088
-0,01830622
-0,004779284
0,008496192
-0,02616758
0,02683624
-0,02795751
0,009090252
-0,004458643
0,01003258
-0,004255156
0,02829699
0,01015796
-0,01015507
-0,01054185
0,0251483
0,007132457
-0,001932137
0,001174116
-0,003679879
0,01842988
-0,02266849
-0,0155662
-0,008604987
0,007594115
-0,02146251
-0,02126414
0,02388147
-0,01768411
-0,02390963
-0,02384987
0,01065064
0,01272132
0,01086427
-0,008917579
0,001568932
0,02760333
-0,02338664
0,007922211
-0,01328103
0,00667411
0,02200247
0,01459695
0,02282806
0,02700896
0,01023453
0,006220022
-0,02338436
0,02156791
0,02772679
0,01059117
0,01954904
-0,01206247
0,01151006
-0,01895099
-0,004059073
0,02794571
-0,02575982
-0,02903237
0,02710225
0,01771187
-0,02093638
-0,003424293
-0,01030061
0,003028665
0,01538001
-0,0156084
0,02964293
0,02935267
0,01882201
0,02901878
0,001538769
0,02091297
-0,01596371
0,019579
0,02651263
-0,007992072
-0,008516372
-0,005451231
0,02705471
0,002248998
-0,02795153
-0,02815273
-0,01586287
-0,005143335
-0,01355585
-0,008087871
-0,02779406
0,0002076258
0,02603021
0,003784848
0,0225763
-0,02625612
0,01117307
-0,0007277256
-0,002571139
-0,005675993
-0,006137056
-0,01108057
-0,01923193
-0,005116793
0,005934774
-0,02323798
-0,02775841
0,02977601
-0,02047431
0,02915459
-0,02691754
0,02238758
-0,01408961
-0,02627273
0,007500357
0,009570593
-0,02618295
-0,005878001
0,01507116
-0,02377678
-0,01788481
0,025437
-0,01342502
-0,006217983
-0,01656257
0,0002887405
-0,02651555
-0,0148746
-0,02389088
-0,003059301
-0,02103758
0,01420473
-0,009496529
0,0003457731
0,02700308
-0,02880367
-0,01794154
0,00149872
0,02538014
0,02508677
0,02863888
-0,01485467
-0,01516522
-0,01418796
-0,01341834
-0,02089337
-0,01642912
0,02235264
0,02666342
-0,01697792
-0,03068039
-0,01336225
0,01458962
-0,009250753
-0,0172301
-0,0004030962
-0,02759919
0,01958584
-0,01789669
-0,02388965
-0,02583627
0,0185971
0,02371918
0,01361009
0,0210426
-0,009905631
0,00114386
0,01542581
-0,0234487
0,004356693
-0,003334017
0,00274299
-0,001384374
0,02102752
-0,02167262
0,02778475
0,01040612
0,02981925
-0,02414077
-0,02632131
-0,013929
-0,01910252
-0,01295004
0,02323353
-0,003664118
0,0221242
-0,02996747
0,03025199
-0,01204356
-0,003091705
0,02873939
-0,005541093
-0,01086739
0,01765127
0,0187542
-0,02189502
-0,008951055
0,001200508
-0,002940813
0,02816925
0,007891155
-0,0006076506
0,01589062
-0,00733336
0,0163685
-0,001409968
0,02144436
0,02622469
-0,01705171
-0,01524303
0,02219591
-0,02566292
0,01336297
-0,02102083
0,02097722
0,02255421
0,0005241348
-0,02989781
-0,01315314
0,02915136
-0,01083519
0,001216378
-0,002179318
0,01090624
0,007203571
-0,02754026
-0,01673223
0,01007737
-0,0297817
0,02850672
0,005439523
-0,02168059
0,00201523
-0,02250667
-0,004308658
0,01837932
-0,002466529
0,02651331
-0,02189749
0,02993453
-0,0271891
-0,02437951
0,01715762
-0,02923077
0,004999203
0,02181009
0,01104013
-0,0195226
0,02828097
0,02570333
0,008858466
-0,008020467
-0,01453834
-0,002378304
0,009136531
-0,02085873
-0,02708225
-0,02441848
0,01459541
0,01279689
-0,01461412
-0,02063159
0,02477548
-0,01750552
0,009659055
0,01181345
0,001565872
0,004313835
0,01228701
-0,02936125
-0,004885826
0,004445215
0,02337087
-0,0119494
0,02655423
-0,01648782
0,01434948
-0,004123857
-0,02494018
0,0141888
-0,009514307
-0,02866234
0,0110891
-0,0284635
-0,01181201
-0,01581645
0,02346843
-0,02575086
0,0004447474
-0,01066348
0,01862067
-0,006799049
-0,02028621
-0,007301789
0,01260394
0,02183661
-0,01686894
0,002326763
-0,008341139
0,02206859
-0,009104953
-0,02396804
-0,001740142
0,02547495
0,003092527
-0,02392465
0,000580992
0,02695157
0,001370683
-0,005885249
-0,007456893
0,004959845
0,02711834
-0,02981118
-0,008487524
-0,01802872
-0,002783063
0,02025205
0,02658158
-0,003548798
0,01876341
-0,003447551
-0,02597706
-0,006630867
-0,01668609
-0,02835846
-0,006883094
-0,0013769
0,004542447
-0,02667428
-0,02911596
-0,01923243
-0,02638625
-0,01981657
-0,007877401
-0,0177161
0,001690824
0,01559
-0,0006232766
-0,01653364
0,01559076
0,02536086
0,001859751
-0,02674883
0,0251825
-0,01587807
-0,00521678
-0,02083009
-0,02936834
-0,0002125467
-0,006710552
-0,01120791
0,004495219
0,02359444
-0,02714753
0,0250124
-0,02641203
-0,02540609
0,01105338
9,914505E-05
0,01131688
-0,03147791
-0,009046472
-0,003539831
-0,007305556
-0,01882466
-0,0009315127
0,0154017
0,007886025
-0,02051697
0,0101736
0,01307813
-0,009069762
0,01280541
0,01060649
0,02268389
0,0238724
0,0298488
-0,001641482
-0,02960686
0,006888987
-0,01719817
-0,003680284
-0,02786436
0,007344377
0,00858432
0,004405812
-0,02186956
-0,02238615
-0,002459479
-0,02033025
-0,005125066
-0,03048135
0,02867439
-0,0001343445
0,01703912
0,005820568
-0,02584858
0,009885793
0,01171519
0,008999688
0,006931094
0,0006765069
0,01925121
0,01692268
0,009168351
-0,03392362
0,02147097
-0,01784048
-0,02005271
-0,03044679
-0,02912102
0,003557341
0,00900432
0,02274841
-0,002153717
0,001824369
-0,01245894
0,02027082
0,0144917
0,006731136
-0,007598134
0,009576281
-0,01944445
-0,02908196
-0,01464186
0,01288562
-0,007292421
-0,01718259
0,02626091
-0,01211864
0,01861922
-0,01246681
0,0133394
-0,01278409
0,02906257
0,01206029
0,00619794
-0,01680487
0,02738162
0,009474354
0,01221187
0,02345822
0,0263956
-0,003289542
-0,02437735
0,01852406
-0,01348874
-0,02909532
-0,03347553
-0,02394185
-0,01657753
-0,01646718
0,02102993
-0,02849961
-0,01710698
0,02164341
-0,01439162
0,01839298
0,001645052
0,02430268
0,005063817
0,008087921
-0,01400769
0,022315
-0,01823234
0,01300694
0,02266295
-0,005316013
0,02518862
0,01728179
0,02786912
-0,02553835
0,02234652
-0,02360662
0,02629962
-0,0002359662
0,01482665
0,01467873
0,02658884
-0,002641086
-0,005581787
-0,01143399
-0,01932447
0,0145161
-0,02912261
0,002324792
-0,008744648
0,007768769
0,02655137
-0,02864596
-0,007683455
0,01646652
0,008433647
0,02790052
-0,02907347
-0,02818312
0,002917124
-0,03395394
-0,02184906
-0,01474928
0,02080202
0,01769573
-0,02564628
-0,0238541
-0,02328834
-0,02598536
-0,01418245
0,01304032
-0,02455209
0,01433645
-0,01933132
0,001483149
0,02180807
-0,02474574
0,0008387687
-0,01241215
-0,001098691
0,004288195
0,02204815
0,009436708
-0,004956432
-0,01468947
-0,004936543
0,02368432
-0,004331373
-0,01809784
-0,005526653
0,02346648
-0,02409052
0,02625745
0,02628417
0,01336891
-4,542769E-07
0,006408056
0,002198338
0,001406651
-0,02160928
0,0288539
-0,0009801029
0,01968269
-0,01950823
0,002518727
-0,00264125
-0,02080272
0,01863167
0,01611071
0,0213326
-0,002241066
-0,008793755
0,006051678
-0,001122053
0,02030057
-0,02809168
0,0005292517
0,01939473
0,002123779
-0,00847532
-0,02097012
0,01429092
-0,03488258
0,01474805
-0,001815456
0,01293876
-0,01509546
0,0209752
-0,0005510488
-0,02528625
-0,01547214
0,004172789
-0,02769111
-0,01769575
0,001330947
-0,02523439
-0,02736967
0,0001736638
0,02232115
0,0178176
-0,01395373
-0,0248443
0,009524044
-0,009737373
0,02120932
-0,002537689
-0,003922555
-0,005521548
0,02942233
0,005405524
0,02518837
0,01104241
0,02076198
-0,0283845
0,02203648
-0,02108096
-0,002411138
-0,02961038
0,007740259
0,0159321
-0,02091503
-0,0177938
-0,01711257
0,0082337
0,002560237
0,02330879
-0,01364509
-0,007704732
-0,03987249
0,01318469
-0,0320458
-0,03174691
-0,03357141
0,01772119
-0,02206042
-0,02064748
-0,02280043
0,01209047
0,02521668
-0,02698172
-0,01176923
0,02155899
0,02569245
0,02578867
-0,01848471
0,005034359
0,0132968
-0,02944449
-0,009719981
-0,009462361
0,007064729
0,03017904
0,020723
-0,02639104
0,004247398
0,02972985
0,01779074
0,02875649
0,01465171
0,02249361
-0,02521214
0,02732817
-0,007807897
-0,02641547
-0,001998589
0,01736895
0,008746817
0,02913817
0,01802272
0,004564283
-0,03428791
0,01359587
-0,03026459
0,003759893
-0,002862379
-0,01485854
-0,01670751
-0,01291944
-0,008382751
-0,04133829
-0,02389368
-0,01377891
-0,02772855
0,005309799
-0,01775301
-0,02544028
-0,01660911
0,02702176
-0,01527109
-0,01681775
-0,005396173
-0,01902709
0,0276648
-0,02681559
0,02836565
-0,007030706
-0,001971251
0,02154411
-0,003711509
-0,009248922
0,02594356
0,01333136
-0,02034112
0,01036456
-0,01141299
0,02079177
0,02351958
-0,01670424
0,002449291
-0,0172151
0,009868905
-0,007382582
-0,001213433
0,01432901
0,00465873
0,01066925
0,01554785
0,0103506
0,0132293
-0,01165057
0,001147204
0,003987898
0,007430539
0,006285247
-0,01480583
0,01404796
0,01029086
-0,03471516
0,002040887
-0,02941071
0,01959587
-0,00515897
0,02179988
-0,02415916
-0,02717926
0,0006244716
-0,01937502
-0,00259427
-0,01106107
-0,003763574
-0,01555258
-0,02801478
-0,003934633
-0,02621193
0,002220885
-0,02881076
0,01267547
-0,01656087
-0,003249662
-0,0147088
0,005520873
0,01484449
-0,02796493
-0,02611469
0,01556037
-0,01452421
-0,03013325
0,001066568
-0,005253527
-0,002278934
-0,03064594
0,01989117
0,00321762
-0,004248349
-0,01257856
-0,02320138
-0,005891959
-0,01543902
0,004426228
-0,03145114
-0,007153078
-0,02118192
-0,01341028
-0,01257111
-0,02639828
-0,005904765
-0,02848903
-0,002694631
-0,03491421
-0,0224078
-0,02809754
0,0004108475
0,005459724
-0,00837331
0,00158798
-0,02248742
-0,003473045
0,02418893
-0,007456874
0,02137922
0,002082579
0,01163438
-0,02519266
0,02305602
-0,00488665
-0,005841212
-0,00224841
0,0284198
0,01431482
-0,00717882
0,005265255
-0,006278988
0,004659743
-0,007246445
0,0152036
-0,01319631
-0,009524306
0,009359737
0,02399663
-0,01867563
-0,03024257
-0,009802577
-0,005291838
-0,02319989
-0,01519211
-0,009143069
-0,02125704
-0,02406582
0,02275201
-0,02378007
0,005291882
-0,007937447
0,01757914
0,00996995
-0,005624303
0,008940989
-0,02633823
-0,01455006
0,01766109
0,01109775
-0,02974825
-0,02016829
0,02002708
0,01195916
0,007514825
0,01531098
-0,02839183
-0,01624949
0,007317887
-0,01654001
0,01722307
0,01778034
0,02935239
-0,01893265
0,01761642
-0,02095649
-0,01469665
0,02508132
0,003784374
-0,0289879
-0,01926134
-0,01299609
-0,02745892
0,003403585
0,009200966
-0,02956496
-0,003368064
0,01381794
0,02029582
0,02577661
-0,02858641
0,02087172
0,01024149
-0,02442987
-0,02860714
0,01286072
-0,003476005
0,009065235
-0,002624213
-0,002525441
-0,01970457
0,02004272
-0,005374674
0,002224383
-0,01694445
0,01480038
-0,007732653
0,004244964
-0,04004275
-0,01271304
-0,002512788
-0,01829451
0,02298705
0,02614963
0,005354614
0,01871876
-0,01714094
-0,01218524
-0,02801367
0,006574565
-0,01509887
-0,01514192
-0,006792171
0,01125541
-0,02019053
0,02312855
-0,02502351
0,01990439
-0,02574213
-0,0266574
0,009960954
0,002318952
-0,005197499
0,02985175
0,008117813
-0,01977232
0,01322169
-0,009503481
-0,0231033
0,01298482
-0,003830446
0,01536435
0,01301941
-0,007136684
-0,01302905
0,01070326
0,02561493
0,0137176
-0,001695066
-0,01795612
-0,009649318
-0,03213854
0,0006934428
0,01071923
-0,02480198
-0,03775391
-0,007990826
0,01095833
-0,009726427
-0,005416689
0,01294533
0,01027697
0,00989785
0,02865612
0,01458539
-0,0295829
0,02330098
0,02410777
-0,01287513
-0,008528992
-0,02769692
0,0201976
-0,01932832
-0,01319506
-0,02248175
0,000765341
0,0004886862
0,02709998
-0,01240011
-0,004501706
0,02440337
-0,01112885
-0,01473544
0,01597926
0,0002200043
0,000290062
0,02176732
0,0004316363
0,01029911
-0,0004576642
0,00332163
0,02189435
0,02132457
0,001712431
0,01850401
0,01079901
-0,02770589
0,01510206
0,00893175
-0,01213487
0,01610939
-0,03403969
-0,01157665
-0,02973682
-0,02667347
-0,001748106
0,01583441
-0,01713653
0,003797791
0,008642484
0,001496865
0,002384214
-0,001852054
-0,02757158
0,008383007
-0,001325887
-0,002970312
0,02217328
-0,005621088
-0,01736616
-0,02299413
-0,009265007
-0,01638875
0,0155481
0,01430953
-0,02253882
0,02959369
0,002530916
-0,008293858
-0,007126624
-0,005287218
0,01367882
-0,01595278
0,02478006
0,002253657
0,0193525
0,02051615
-0,02706036
-0,0001375141
0,02103266
0,001193315
-0,002801924
0,01343781
0,02130558
0,02151748
-0,03485515
-0,01274853
0,01578597
-0,03218623
-0,008824279
-0,01984994
-0,02561247
-0,01772292
-0,01209045
-0,02619734
-0,009634174
0,009910199
0,00344755
-0,01229143
-0,03253669
0,003202894
-0,01141845
-0,036063
-0,01100759
-0,009175926
0,02183291
-0,008713908
0,006745245
-0,000919555
0,01482998
0,008183193
-0,007322599
-0,009983475
0,001172306
0,008154292
0,007808271
0,003846835
-0,01015058
0,0209265
0,01586854
0,01607036
-0,01742566
0,001558582
0,02584333
-0,02669119
-0,02070585
-0,01004234
0,01319732
0,007144195
-0,03211718
-0,03468798
-0,02565243
0,003992748
-0,009992202
-0,02417839
-0,02856683
-0,005871133
-0,006662858
-0,002231224
-0,03165561
0,0002021694
0,007331992
-0,02487276
-0,02776058
0,006732624
0,0162965
0,01378107
0,01155648
0,01447849
-0,00397072
0,02078916
-0,006256244
0,01641496
0,007418654
-0,01198549
-0,004292434
0,02514054
-0,02582702
-0,01297969
-0,0198538
0,001160397
0,008360531
0,02670315
0,0005104965
0,01455024
-0,0008192334
0,01520252
0,02700649
-0,009938465
0,001972453
-0,02043607
-0,02090843
0,01849121
0,01725228
-0,02228901
-0,03263303
0,02437893
-0,01415058
-0,02519924
-0,02461423
-0,01549452
-0,003327128
0,02171261
-0,03087158
-0,03447206
-0,005269161
-0,0190815
0,02131175
-0,03494952
0,005477103
-0,02669135
-0,0142498
-0,03178274
-0,02148393
-0,005391521
0,02173502
0,0118155
0,01048607
-0,008044456
-0,02329054
-0,02430014
0,0211215
-0,004338056
-0,01472888
-0,006025007
0,0161725
0,01197449
-0,02607019
0,001527142
-0,01014414
0,001964756
0,006189826
0,02545697
-0,02257925
0,02166464
0,02724695
0,0148508
0,02399455
-0,003065353
-0,01684134
-0,0172228
0,01833324
0,02365391
0,00493044
-0,01334243
0,01434583
-0,03052797
-0,005402709
-0,02097318
-0,02445199
-0,0223194
-0,02214595
0,01421435
0,01641826
0,02347435
-0,01408872
-0,03246528
0,0006460081
0,003964045
-0,02317054
0,008911516
-0,02784942
-0,01618806
0,002572807
-0,0240481
0,0004043869
-0,0080245
0,02048719
-0,01191623
-0,003548122
-0,02138497
0,02143782
-0,01309771
-0,01857364
-0,02947933
-0,007078483
-0,0265671
0,02525216
-0,03063903
0,009330223
0,01469063
-0,01737886
0,02059916
-0,007931849
-0,02407729
-0,01090503
0,01972637
-0,02604603
-0,0204339
0,001408714
0,02649012
-0,01947307
-0,01426653
-0,02026993
-0,009868434
0,02965661
-0,01065724
-0,02242375
-0,01231938
0,005357726
-0,01653029
-0,03057631
-0,03261265
0,002801615
0,01935214
-0,01809568
0,01962525
-0,00359245
0,01214516
-0,0006540788
-0,02244104
-0,03316932
-0,007301474
0,01630842
-0,012316
0,0005699984
-0,01677065
-0,04084936
-0,005871353
0,01721582
0,01612749
-0,008830307
0,01535196
0,02337813
0,006551343
-0,02569074
0,009055126
-0,02412423
0,02406166
-0,02797185
0,0295522
0,02425309
0,003793991
-0,009293491
-0,005517315
0,0104033
-0,01788598
-0,01664959
-0,002382084
0,01982919
-0,00189249
-0,01098752
-0,01390948
0,002829489
-0,01915243
0,01681452
0,004976869
-0,01413859
0,005349326
0,01030384
0,003706047
-0,01145484
0,001137058
-0,0070749
0,01895191
0,0170518
-0,01860021
-0,03170867
0,02161612
0,01080093
6,4711E-06
0,004268224
-0,006530892
-0,001509486
-0,009495306
-0,01872128
-0,008786951
-0,02989006
-0,009405444
0,01104815
-0,004930608
-0,02298015
0,002131075
0,01505602
-0,005337131
-0,0007277071
-0,02301168
-0,01646804
0,0123344
0,01868236
-0,001577517
-0,009975568
-0,0006559123
-0,01957225
-0,0034826
0,008726872
-0,009309675
-0,02304669
0,0008261649
0,003822458
-0,003659894
-0,02173581
-0,01634602
0,006106707
-0,0198109
0,01066068
0,009331849
0,0003890568
0,02465107
0,01706166
-0,01875787
-0,009668874
0,01428294
0,01597573
-0,01520027
-0,003623317
0,01232878
0,01223188
-0,03565365
-0,01364512
0,004792793
0,01833795
-0,02292845
-0,03620978
-0,02149812
-0,02602877
-0,02918732
-0,01732912
-0,02477493
0,02107619
-0,03020872
-0,0080716
0,006703836
0,02620974
-0,007220823
-0,01270447
0,02421916
0,0273641
0,005952992
0,01265081
0,01652524
0,006959295
-0,0112096
0,02495896
0,005576705
-0,0263498
0,004162289
0,01224748
0,02483106
0,02806559
0,02358147
0,003855508
-0,02572166
-0,02264557
0,02183829
-0,004006307
0,01569904
-0,02626829
-0,01754066
0,02245739
-0,005465684
-0,01870979
-0,01791066
0,02804869
0,01572446
0,0146479
0,00955948
0,01125985
-0,01452413
0,02548836
-0,007235391
0,008027529
-0,03201003
-0,02392676
-0,01004284
-0,04145294
-0,004913894
-0,0157987
-0,004900091
-0,0180934
0,01009163
-0,003181639
-0,004369664
-0,01574013
-0,02979241
-0,002532917
-0,01074617
0,0008474871
-0,02471519
0,02543465
-0,002190433
0,01871493
0,01430445
0,0135371
-0,01657898
-3,550351E-05
-0,008479947
-0,00905532
-0,01961389
0,01690373
-0,009326844
0,01647396
-0,01269847
0,02498061
-0,008126255
-0,02672539
-0,008707227
0,0152121
0,004013032
0,01609535
0,01359872
-0,01169029
-0,001729603
0,02149598
-0,02359379
0,02304137
0,01130582
0,02047623
0,01688947
-0,02159709
-0,01376777
-0,02936363
-0,001620595
-0,01531703
-0,01480291
0,002374095
-0,03644742
-0,0102668
-0,03377115
-0,03538904
0,00908719
-0,01650022
-0,01918796
0,01401456
0,02608976
0,02797977
-0,01748571
0,006343066
0,02420849
0,02686848
-0,02681252
0,003263617
0,02687262
-0,01036188
-0,02095928
-0,02273173
-0,01069651
0,02054606
0,005198235
-0,01397129
0,0143938
-0,003935438
-0,003630496
0,02355655
-0,01147406
-0,02075925
-0,02690558
0,01891815
-0,00649569
0,00649886
-0,03426556
0,02124637
0,009660826
-0,003364105
-0,0347531
-0,009586748
-0,03176206
0,009237402
0,02098522
-0,02584379
0,003995605
-0,02902561
-0,04120389
0,0141436
-0,0308229
0,01553989
-0,02230635
-0,01565215
-0,01956436
-0,01743777
-0,01144642
-0,02053698
0,01812425
0,01838377
-0,01167946
-0,01372511
0,02115685
-0,009649757
-0,002388784
0,01559406
0,02020185
-0,007291547
-0,0196656
-0,01274316
0,02846262
-0,0209484
0,02304062
-0,004664306
-0,01334134
0,01096471
-0,02877047
0,005068911
0,02355656
-0,00622246
0,0006693329
0,002273156
-0,004908089
-0,001680141
0,01107081
-0,008166311
0,02114472
0,009515096
-0,002875766
-0,03344467
-0,0258755
0,01098924
-0,03152301
0,01603006
-0,02664742
0,01003161
-0,00287468
0,007898887
-0,02337231
-0,02931297
-0,01740379
-0,0186609
0,02049366
0,003672716
0,01968748
-0,03563266
-0,03305945
0,01570082
-0,03010528
0,003432432
-0,01237505
0,0184065
-0,01069289
-0,001261344
-0,01461964
0,01603292
0,02184381
-0,009602828
0,007749491
-0,02618905
0,0239113
-0,02149319
0,02159922
-0,02177105
-0,02592376
-0,0200097
-0,02452907
0,02981608
-0,01700514
0,001939758
-0,02562971
-0,01497629
-0,01070232
0,01348224
-0,02829983
-0,01983496
0,0001629273
0,008408821
0,0008634203
0,008064023
-0,01369512
-0,03140358
0,00489192
0,02229866
0,008414578
-0,0120263
-0,01067095
-0,00133999
-0,0008998163
-0,01105723
0,01855413
-0,02163843
-0,03093569
-0,03008213
-0,02492345
-0,02317952
-0,005200007
0,01729023
0,002782024
0,01419984
0,02147044
-0,03181477
0,006396725
0,00281079
0,001511534
-0,02606314
-0,00276213
0,005129491
-0,005444756
-0,02691024
-0,0166004
-0,02020027
0,01690529
0,02701696
0,01224219
0,01932894
-0,0004811686
0,02681128
-0,003767384
0,01162105
0,01296677
0,002171952
-0,005154735
0,0185971
0,005646864
0,01761892
-0,02465012
-0,02414172
-0,00398
0,01882272
0,009628069
0,007260837
-0,03099981
0,01299381
0,01236569
-0,01691635
-0,01152442
-0,03467009
-0,01787562
0,0009834622
0,01741039
0,01000723
-0,03249177
-0,009285232
-0,02813266
0,007535782
-0,005521421
-0,02438948
-0,005663376
-0,009273217
0,009923173
0,00288739
-0,005316942
0,02664713
-0,0279314
-0,00605613
0,005274108
0,01893179
0,02682993
0,01284166
0,02786599
-0,01046097
-0,0239049
0,003451009
-0,01022247
0,003430121
-0,02344596
0,02990171
-0,01854276
-0,009712844
-0,009871036
-0,003747509
0,00446524
0,02107598
0,01587571
0,01972853
-0,009159309
0,02325515
0,004090216
0,02021167
-0,01253644
0,02096849
0,004972908
-0,03336345
-0,02439651
-0,02546156
-0,02355134
-0,03648546
0,005056473
-0,01644282
0,002416301
-0,002725315
-0,03137578
0,00177884
0,001273087
-0,002864004
0,009114173
-0,002471599
-0,02321848
0,003619439
0,002743721
-0,002681841
-0,02911356
-0,02370646
-0,02732444
-0,01493494
0,02791576
0,00448373
-0,01898119
-0,01771409
-0,02757956
0,01494994
-0,01598015
-0,02508383
-0,006318629
-0,02766635
0,009064887
-0,02792946
-0,007778936
-0,02295283
-0,01349244
-0,02867288
-0,01422494
0,02150963
0,006912252
0,01185484
-0,01363863
0,02360604
-0,02206858
-0,02329645
-0,03124894
0,01076756
0,003596837
0,02035467
-0,02080645
0,0128697
0,01663748
-0,007553284
0,01777421
0,0145357
-0,02670239
0,001630158
0,01675805
-0,008348159
-0,0215952
0,02329944
-0,01283064
-0,03747838
-0,02242709
0,001193405
0,02321424
0,01256981
-0,01742217
-0,02791502
-0,01042794
0,00468096
-0,01713171
-0,02171822
-0,001715476
-0,009445411
0,02970646
-0,02505567
-0,006266623
-0,02935545
-0,02225117
-0,01339432
-0,02601858
-0,01355517
0,01956339
0,002722151
-0,02428428
-0,02563573
-0,02924207
-0,001349703
0,02406128
0,006240111
-0,02418336
0,01529599
0,0006108425
0,004702459
-0,01831876
-0,02126819
0,002733192
0,0005987728
-0,02280213
-0,01578754
-0,003748073
-0,001887659
-0,001827963
-0,001067705
-0,006987294
0,004812892
-0,03749039
0,001190377
0,01855975
-0,02842297
-0,01853198
0,01573946
-0,01362858
-0,03382121
0,0226209
-0,02445954
-0,01761279
0,01004667
-0,001776465
0,02011606
0,01011866
0,01369589
-0,02537674
0,01134221
-0,002988774
-0,0009418222
0,007601922
0,0211721
-0,02766347
0,01369733
-0,004614404
0,0168357
0,01557687
0,01645667
0,01417755
-0,00403821
0,007290362
-0,02068262
0,02670171
-0,01071518
-0,03096224
-0,004572196
0,004408052
0,01722492
-0,01358252
-0,01896944
-0,01325612
-0,005949284
0,005887278
-0,02505033
-0,03330456
0,01852415
-0,0318065
-0,01724559
-0,0007079552
0,004380703
-0,01007259
0,01769485
-0,02403641
-0,02813642
-0,02708874
-0,02455602
-0,0002488854
-0,02300093
0,0101045
-0,003000152
-0,02590982
0,004836344
-0,01376719
-0,001663165
-0,001138995
-0,02815148
0,0122835
-0,0249991
0,01854297
-0,01285328
-0,01891746
-0,01446843
-0,009233188
-0,01934702
-0,02494317
-0,02476886
-0,02353121
0,02042576
0,01097202
-0,00361891
0,009156503
-0,01058062
-0,02616049
0,02741485
0,02619286
0,01563675
0,02869767
0,02141743
-0,01765538
0,0149218
0,01141713
-0,0170777
-0,03034985
0,01495676
-0,02582237
0,007095844
-0,02617591
-0,02495802
0,005412478
-0,04223682
-0,02787785
-0,03911803
-0,001488156
-0,01068892
0,002779872
-0,01982172
-0,00148731
-0,03169982
-0,03147194
-0,02952943
-0,02539617
0,01287163
0,0007267834
-0,01619729
0,02104215
0,01590601
-0,0003928202
-0,00913035
0,001397842
0,01561175
-0,02471949
0,02255412
0,02235626
0,03057837
-0,0008925379
0,01896696
-0,02411491
-0,002384328
-0,0311293
-0,01302508
0,02068284
0,02059051
-0,02229372
0,007678261
-0,01842891
0,01155417
0,01692586
0,01142404
-0,01273422
0,006954826
-0,02565589
0,01912108
0,01301359
-0,02704544
0,003911327
-0,03556619
0,01053116
0,01366648
-0,03780785
-0,01735397
-0,02624099
0,01396712
0,008770376
0,02410912
0,02341375
-0,009459838
-0,02478702
0,002723409
0,02284286
0,01598342
-0,02239467
-0,02599241
-0,03118575
0,01240248
-0,01878109
-0,01510772
0,005049217
0,02266383
-0,02908593
-0,0172942
-0,02976897
0,01876215
-0,0270752
0,0217787
0,00639936
-0,02002946
-0,0281897
0,008476761
-0,01445643
-0,007810586
0,02713447
-0,02047349
-0,004381067
0,006507541
-0,02739859
0,03079057
-0,02196934
-0,01708741
0,0115853
0,01478938
-0,009629512
-0,0269559
0,01274996
-0,007972206
-0,0088197
-0,03960283
0,01378602
-0,03472332
-0,04269767
-0,01570719
-0,01297921
0,0204311
0,01711329
0,0149202
-0,01094285
-0,003188608
0,01694679
0,02026237
-0,0119142
0,01348723
-0,009461087
-0,000270706
-0,01218
-0,001371326
0,01974916
0,02895429
0,01072968
-0,004838425
0,0116486
-0,01619188
-0,02097876
-0,007254854
-0,02048407
-0,01694849
0,01688396
0,0215024
0,02937049
0,0009038866
-0,01122533
0,0002529635
-0,01467704
0,02383545
0,01088699
0,0192146
0,02704809
0,03231118
-0,01459749
0,006018526
-0,01958283
-0,002682522
-0,03046482
-0,02402901
0,0131794
0,02179399
-0,009910331
0,0183873
0,0123746
-0,02096631
0,0007724338
-0,0114488
-0,02014677
-0,01694782
-0,0150903
0,008861315
-0,01770008
-0,02615459
0,01811785
0,007674492
-0,03063356
0,0007353101
-0,003267387
-0,01114966
0,002535847
0,01638225
-0,00275041
-0,004668301
0,01992974
-0,002216937
0,002387507
0,02080029
0,01353795
-0,02625369
-0,0172956
-0,02011022
-0,02265476
0,02691938
-0,0004567526
-0,0205896
0,01294854
0,01719912
0,02949703
0,01007331
0,02193352
0,01954968
-0,02074927
0,01836898
-0,001849399
0,02272667
0,00144774
0,01797367
-0,02403948
-0,003062628
-0,007328051
-0,0007668099
-0,0351783
0,01204496
-0,0004659408
-0,03667221
-0,0118574
-0,04243717
-0,03791795
-0,02183541
0,01038101
0,01596504
0,01099552
-0,01612346
-0,01759046
-0,01855798
0,004323872
-0,01051787
0,00294334
0,007951409
0,02458342
-0,01860798
0,002006648
0,01696944
-0,003068917
0,0132803
0,005211925
0,008938768
0,02700511
0,02667644
0,02731083
0,01381155
0,01037541
-0,02240143
-0,0001350054
0,001228013
-0,02798089
-0,01484952
-0,01554508
-0,006427739
0,006923292
0,01213785
0,01131553
0,00738215
0,02568698
-0,03023603
-0,02960663
0,01957694
0,001824472
-0,02191033
-0,02169373
-0,02986155
-0,02790461
-0,006616402
-1,780248E-05
-0,02207625
-0,03250043
-0,02467008
-0,01839438
0,01578767
-0,006480373
0,02004934
-0,03296621
-0,02586415
-0,008187123
-0,03098742
-0,02125712
0,008149289
0,0172504
0,01262238
-0,02169244
-0,01089846
-0,02440543
-0,01957156
0,02758477
-0,01820748
0,001541739
0,02640419
0,02291263
-0,003171849
0,012301
0,01397431
-0,02416005
0,01186629
0,01115354
0,01591865
-0,00226922
-0,02529464
-0,004633906
-0,02259166
-0,005817473
0,01669592
0,02488681
-0,01475784
0,02370355
0,013695
0,005747843
-0,001066853
-0,02111356
0,01732215
0,01594615
-0,01739288
-0,03722108
0,01084492
-0,03656691
0,0157799
-0,03630009
-0,03920329
-0,009021437
-0,0128999
0,008749151
-0,02358262
-0,01341455
0,02162884
-0,01663464
0,01322404
0,01704018
-0,009777769
-0,001714959
0,009039314
-2,551072E-05
-0,02857061
-0,01938286
0,008302093
-0,01356106
-0,01037287
-0,003100064
0,02104677
-0,01464803
-0,01820647
0,003249787
0,02848199
0,01427089
-0,03022673
0,006116726
-0,01073954
0,008381436
-0,01537405
0,006093942
0,01341324
0,0116414
-0,006612353
0,002816405
-0,03270895
-0,01121532
-0,01944684
-0,006432377
-0,03480968
-0,03281225
-0,02676944
-0,03639898
-0,02497425
-0,03749469
-0,008626699
-0,02107227
0,008540647
-0,02726572
-0,01138185
-0,006257151
0,005777238
-0,009123146
-0,02168698
0,01414886
-0,01336377
0,02083041
0,01852494
-0,002181655
-0,007912588
-0,01256299
0,02751311
-0,02530824
-0,0005468648
0,01362973
0,01085812
0,02511191
-0,0231739
0,0002931661
-0,01774412
-0,01237075
-0,02671906
0,02417
-0,004266635
0,0188234
-0,0247248
-0,01930116
-0,01521622
0,02244275
-0,02216486
0,008143541
0,01637582
-0,02292674
-0,01938115
0,01018044
0,01851548
-0,01421596
-0,001357265
0,006126063
-0,02123037
-0,02978149
-0,007676514
0,00692615
-0,03812264
-0,0008122905
-0,03551599
-0,03838274
-0,009016661
-0,003178785
-0,0149083
-0,001016023
-0,02593702
-0,01997773
0,02224489
-0,0266366
-0,004929279
0,01883915
-0,02693159
-0,003805494
0,01379366
-0,01883972
0,008467761
0,02774609
-0,01369463
0,01088134
-0,001210911
0,01555439
0,02380894
0,01881375
0,02400053
-0,005260974
-0,007207772
-0,002468669
-0,01244655
-0,02428517
0,01838678
-0,01348073
0,02020294
0,01255769
0,01083962
-0,03325862
0,007977765
0,00906508
-0,001889904
0,0007669667
-0,00416674
-0,001745327
-0,02180181
-0,03022299
-0,02026593
0,02610782
-0,0193362
-0,02850899
0,01789578
-0,03831974
-0,01435091
-0,008111824
-0,00932035
-0,01766223
-0,02721384
-0,01517248
-0,02652884
0,006865822
0,003150662
0,02178666
-0,01868639
0,01074804
-0,02747489
0,02441478
-0,01087626
-0,01965428
-0,02949158
-0,01114659
0,01112277
0,0110794
-0,002769992
0,02565292
-0,005047801
0,01533912
-0,0150878
0,03009318
0,00623463
0,01902737
0,004491264
0,02362538
-0,02105043
-0,01497404
0,0002864044
-0,01527976
0,007675909
-0,01706435
0,01610741
-0,002091276
-0,002317503
-0,01027781
0,01911001
0,02844815
-0,02941548
0,0004716929
-0,01826789
0,007031821
-0,005891692
-0,0207321
0,003531644
-0,03732872
0,02087641
0,01571165
-0,01553845
-0,02585171
-0,00955006
-0,00802809
-0,02987952
0,009569354
-0,0316502
-0,02295955
0,01028458
-0,01325841
-0,02334318
0,0184379
0,0191826
-0,0313562
-0,01751977
0,01275513
-0,01735864
-0,02661111
-0,007386212
-0,000761752
0,01773991
-0,01051119
0,02044195
0,0001248377
0,02472915
0,02218934
-0,00155123
0,002025867
-3,872752E-05
-0,01096846
-0,02465822
0,002046098
0,02326084
-0,0191091
0,01774413
-0,01781581
0,009183301
-0,02562606
-0,02671418
-0,02847167
-0,006291038
-0,01449179
0,003503972
-0,005964249
0,01574621
-0,02398787
0,002818721
-0,0249401
-0,01202379
0,005065137
-0,03934609
-0,002618096
-0,002978837
-0,009178749
-0,02606827
-0,03226777
-0,01077681
-0,03225577
0,002317146
-0,02083069
-0,01735556
0,004050561
0,01421354
-0,006218991
-0,01710539
0,005612136
0,02340613
0,005605903
-0,01990386
0,02806516
-0,02997136
-0,02554064
0,02693299
-0,009460482
-0,02571148
-0,0004280042
0,01192333
-0,009547801
0,008793654
0,008160698
-0,02151892
-0,01717271
-0,0284356
0,01099158
-0,01571128
-0,005415247
0,02107821
-0,01158127
-0,02861849
0,0120533
0,01616219
0,008025608
-0,0009269947
0,02120281
0,01041117
0,01104307
-0,007437843
-0,02691954
-0,0268795
-0,02498428
-0,02215861
-0,03371568
-0,03317459
-0,006130481
0,00934511
0,01874937
0,003266791
-0,01630059
-0,009058083
0,003860469
-0,010183
-0,02632432
-0,005998362
0,02388422
-0,02589065
-0,02766274
0,0007700599
0,02934189
-0,02337935
0,01593904
0,01064636
-0,000122355
0,001810452
-0,003165546
-0,02279846
-0,01120686
0,001021226
-0,02757385
0,004534477
-0,01636024
0,02575942
-0,004216308
-0,02643612
-0,01009462
-0,01499962
0,02697036
-0,02783936
-0,001905389
-0,03560733
-0,01465483
0,01317837
-0,001164286
0,02218233
-0,009582481
-0,02006953
0,004436598
-0,02378694
-0,002555834
0,0104122
-0,001597377
-0,02561185
-0,006612344
-0,03553494
-0,0128686
-0,003981861
0,01341998
-0,00211434
0,001426354
-0,01030328
-0,008375772
-0,006527601
0,007439133
0,01271711
-0,02022211
0,01180496
0,02507425
0,02781645
-0,02857039
0,007516778
-0,02430322
0,02693132
0,02874953
0,0300911
0,01807889
-0,02997636
-0,02577293
0,00263138
-0,024215
-0,02242261
-0,008722286
-0,0292081
0,02152473
-0,0179242
0,01877598
0,02208879
-0,01019012
-0,007877958
0,008895863
0,01589845
-0,007822249
-0,01127546
-0,007848796
-0,0249018
-5,146457E-05
0,01514111
-0,02929774
0,016728
0,008663319
0,006855452
-0,01928055
0,004683064
-0,02526725
0,02304159
0,005539219
0,007308881
-0,01621057
-0,003047349
-0,01907122
-0,01166008
-0,004841989
-0,01506295
-0,001598694
8,45411E-05
-0,02862374
-0,006018908
0,00279972
-0,007820266
0,02178898
-0,01206524
-0,01073787
0,002347678
-0,01385265
-0,01584829
-0,01745797
0,0138446
-0,00180793
0,01997803
-0,004746257
0,02563066
0,02142497
-0,01939786
0,01571525
-0,01025355
0,01184864
0,002552383
0,01243992
0,0212028
0,0006208712
-0,02767803
-0,002110098
0,01096612
-0,02970542
-0,01895597
-0,01700426
-0,02966748
0,01446459
0,02202982
-0,02874061
-0,0271915
-0,02309191
0,004514479
-0,03813702
-0,01324214
-0,01860194
0,008934523
-0,007218134
-0,03629823
0,008425085
0,02106007
-0,01749292
-0,001049209
-0,02288385
-0,00906559
0,001862766
-0,01471776
0,0009106002
-0,02171291
0,01544985
-0,003483111
0,008027512
0,009518886
0,01838504
0,01579369
0,01529066
0,004297932
-0,001522513
-0,02797312
0,0275296
-0,02434962
0,02095864
-0,001301368
0,01027502
-0,01844932
0,003241303
-0,02630793
-0,02035977
-0,0127932
-0,03115452
0,0236343
-0,02815548
0,0097365
-0,0256925
0,004179525
0,0176881
-0,03352453
0,001993659
0,004958545
0,003297879
0,022308
-0,003112789
0,005609811
-0,02725196
-0,001060331
-0,00921878
-0,002328298
0,02028652
-0,02212681
0,008283198
0,01811054
-0,01141461
-0,003920343
-0,02953851
0,008461004
-0,0267616
0,01652525
0,01851571
0,02526271
0,01662223
-0,004453141
-0,02375577
-0,01656891
-0,02187957
0,02160736
-0,006437111
0,0254412
0,003300138
-0,01822253
0,02722115
0,01446153
0,02686291
0,01545146
-0,01145378
0,02560221
-0,0009501656
-0,02958838
-0,01476095
-0,03089687
0,01063176
0,02494637
-0,02434904
0,02312461
0,002774998
-0,02197273
0,0009719814
0,002937672
0,005995912
-0,009595083
-0,005541212
-0,03292749
-0,02637921
0,006935864
0,01875328
-0,02720395
0,007685345
-0,02397796
-0,003580248
-0,01766865
-0,01782843
0,007019315
-0,02584911
0,01416981
-0,01262376
0,02815717
0,01929497
0,002367124
-0,02423808
-0,02512291
-0,0232399
-0,03143638
-0,002442746
0,01828306
-0,01606907
0,0198485
-0,01139369
-0,01845356
0,008027365
0,02643122
-0,01271223
0,01758127
-0,01371206
-0,02400192
0,008909398
0,02141196
-0,000625742
-0,0203847
0,01719721
-0,02415827
-0,02361556
-0,02030859
-0,005402017
0,02428188
0,01069664
-0,02988711
0,01713275
-0,009733345
0,000949178
-0,003282807
-0,01838678
0,02073859
-0,01037163
-0,00665674
-0,02119139
-0,0108014
-0,00595017
-0,01752613
-0,009250677
-0,02931023
0,02279887
0,009719339
0,01183857
0,01009406
-0,02880132
-0,003756347
-0,01077175
0,02858783
-0,0269442
-0,008745255
-0,005014012
0,005642882
0,01481535
-0,03082328
0,03070683
0,02704155
0,002194983
0,001848251
-0,02495864
-0,02124041
0,02767584
0,02246434
0,002911045
-0,03015408
0,004630375
-0,01254228
-0,01351248
0,01245612
0,01662297
-0,0220115
-0,01128164
-0,02483133
0,01155797
0,009568168
-0,0227881
-0,006568339
-0,005103764
0,01299809
0,0150176
-0,02468708
0,004845158
0,01896123
-0,01499692
-0,02264279
-0,02665476
0,003947809
-0,0260925
-0,009444782
-0,002815102
-0,01031996
0,02742346
-0,02838451
-0,01297688
-0,01170996
-0,02247417
-0,02946755
-0,02601385
0,01099217
-0,02700563
0,01357771
-0,02227429
0,004607379
-0,02125481
0,02545165
-0,02638294
-0,01209107
0,02410144
-0,02633222
0,01846994
0,002867586
-0,003323518
0,01361718
0,007719049
0,02058035
-0,007145023
-0,02666011
2,172376E-06
-0,01266467
0,01771706
0,02034059
-0,02793464
0,01961634
-0,02243616
-0,006762925
-0,02450928
-0,01641152
0,01486648
-0,0115343
-0,004636945
-0,02660121
-0,01607819
0,01123675
0,004501791
-0,03023219
-0,0391447
-0,03842457
0,001913832
-0,01298475
-0,0268453
0,01868337
0,01636365
-0,02312687
0,005837306
0,02585963
0,02299575
-0,01668701
-0,00747733
-0,004790043
0,02374188
-0,02297114
-0,001204542
0,01574385
0,02091448
-0,01685669
0,01041582
-0,01116193
-0,004546885
0,01437853
0,01519358
0,01591679
-0,003596398
-0,0001066387
0,001374376
0,00700182
-0,02065766
0,006631106
-0,02923082
-0,001128141
0,01452491
-0,01474907
-0,01064762
-0,02776317
-0,02503794
0,02398467
-0,03108021
0,02140846
-0,02504255
-0,0236975
-0,007080765
0,01467188
0,01254004
-0,01427857
-0,01174089
-0,01438606
-0,002629362
-0,007695117
0,01718486
-0,009247584
-0,007491088
0,009413778
0,006606074
0,02511309
0,006651158
-0,007717682
-0,004153464
-0,01181784
0,006304339
-0,03217988
0,01667816
-0,01335594
-0,01630172
0,02317393
0,01075614
0,007035871
0,01461088
-0,002445171
0,009654447
0,02542249
-0,02063688
0,01563069
-0,02228236
-0,01587946
-0,01575715
0,02164065
0,02059958
-0,0307286
-0,03156839
-0,02566054
-0,03309605
0,005126035
0,009641961
-0,003575298
-0,0338925
-0,03234407
0,0008705732
-0,01546948
-0,01437705
0,004228959
-0,01137224
0,001649401
-0,02295654
-0,03122863
-0,01711706
-0,02562006
0,0004734313
0,02100726
0,006857635
0,01404006
0,003644187
-0,02703612
0,01734619
-0,03450935
-0,01343696
0,0127026
0,005686105
-0,004081944
0,01292859
0,01937535
-0,0005109949
-0,0064765
-0,01154217
0,0006918101
-0,03104089
-0,01940822
0,005677666
0,01520859
0,02461587
0,009955088
0,03018858
-0,006950849
-0,0250543
0,02699689
-0,005574949
-0,003564036
-0,00171102
0,02859184
0,01690666
-0,03125145
-0,02066216
0,02033104
-0,01513134
-0,02368372
-0,008018631
0,01574477
0,006707533
0,002929195
-0,02904558
-0,02044859
-0,01676364
-0,03353797
-0,0009098274
-0,007407868
-0,03367364
-0,03701326
-0,01776111
0,004796568
-0,03040977
-0,02559737
-0,001953509
0,01580472
-0,03346798
-0,03465247
0,01787227
-0,01396562
-0,02775282
0,02705633
0,004238083
0,02245761
-0,01758463
0,007906503
0,01004019
0,01525274
0,01053771
0,01166737
-0,02258793
-0,01847328
-0,02320664
-0,01872321
-0,002417081
0,0275451
0,00485373
0,005544822
-0,01417669
0,0213588
0,01515818
0,003023536
0,01666734
-0,01171422
-0,03028534
0,01258013
0,01618877
0,001987795
-0,01011072
-0,01894862
0,01271394
-0,02077694
-0,02235585
-0,0288908
0,004232679
0,004559426
-0,0360716
-0,02340941
-0,03928483
-0,0006432044
-0,01603978
0,01180143
0,01158
-0,009553039
0,01490399
-0,02849832
0,001608082
0,02092004
0,01143304
0,006288094
-0,0133798
-0,005082249
0,01612798
-0,0307196
0,0008625679
0,001280314
-0,01834082
-0,01387088
0,0238781
0,003006661
0,02078407
-0,02460028
-0,009283556
-0,007165259
0,02299157
0,02565415
0,0256581
0,03010847
-0,002897516
0,01285236
0,02449985
-0,01190684
0,001599238
0,001471334
-0,006973636
0,02205928
0,01094943
-0,01572792
-0,01088934
0,0128269
-0,03087045
0,02000313
0,0134442
0,01055954
0,02322453
-0,01728793
-0,01384141
-0,0217225
-0,003025709
-0,02703927
-0,007341634
0,005515419
-0,01738465
-0,007409756
0,0133037
-0,01910598
-0,005904139
-0,01024534
0,0002675008
-0,03380853
-0,01608427
0,006295692
-0,0007056826
-0,02918795
0,01446708
-0,03073638
0,02732859
-0,01445544
0,006709504
0,007881507
0,01970132
0,02466137
0,02282417
-0,02658617
-0,002138156
0,02874415
-0,01280953
0,007339959
-0,005042557
0,004285994
0,003071138
0,01086132
-0,006679814
-0,01321948
-0,02073166
-0,02488519
0,02479325
-0,03306558
0,004838189
-0,03656691
-0,01281992
-0,01759038
0,006019989
-0,01467008
-0,005398503
-0,01026943
-0,01377176
0,008059732
0,02399485
0,0163492
-0,02104569
-0,03588144
-0,001468024
0,01945214
-0,01582739
0,0009047335
0,0186243
-0,01765408
-0,03097838
0,0216882
-0,02844262
0,02515467
-0,02602019
-0,02948421
-0,000167798
0,009513934
-0,01510661
-0,01688915
0,02220983
0,007259536
-0,02653864
0,02789955
0,007933856
0,007926638
-0,01376876
0,005175638
-0,01713626
-4,180199E-05
0,002113413
-0,02921937
0,006483042
0,002748532
0,008190785
-0,002969856
-0,01907275
-0,00631307
-0,03111327
-0,006057183
0,02275239
-0,002501588
-0,02025346
0,002427473
0,02089684
0,01015734
0,01686057
-0,01002422
-0,02579059
0,001718819
0,01236268
0,01259603
-0,03197555
-0,03149035
0,01624336
-0,01300676
0,01578381
-0,01294483
-0,009033103
-0,04070532
0,004031956
0,01584762
-0,004747296
-0,006159564
0,01847056
-0,02846288
-0,01199213
0,003795315
-0,01204696
0,002854287
0,01831385
-0,02601977
0,006993883
0,01977457
-0,008693187
-0,008591755
-0,004083557
-0,002772358
0,03012553
0,02293253
0,01209755
0,01823867
-0,007552621
0,001486498
0,007695385
0,007039154
0,0203313
-7,945073E-05
0,007968999
-0,01627222
0,003992512
0,01594183
0,02298521
-0,03456629
0,008794164
-0,02710308
-0,03049253
0,0102555
0,01413993
0,01908641
-0,01303586
-0,02215536
-0,03159064
-0,002622137
0,01439436
0,01164842
-0,02449905
-0,01997939
0,009179237
-0,007920044
0,01944486
-0,007029893
-0,006809106
0,006174129
-0,01211705
0,02177232
-0,005940226
0,02461051
0,0186592
-0,02229802
-0,02011031
0,02076039
0,02417195
-0,02795708
0,02888351
-0,02909215
-0,02042806
0,006663846
-0,02614535
-0,01577535
-0,01565515
0,008139551
0,008765343
-0,0268383
-0,004176718
-0,009642724
0,007830488
0,01621796
0,0117631
0,01828517
-0,008139329
-0,002031626
0,008023011
-0,02533879
-0,01255241
-0,02548087
-0,01671877
-0,02134194
0,005641521
0,01645378
0,001811067
-0,03003797
-0,04297748
0,002403297
0,008568903
-0,001471418
-0,01117914
-0,03336615
0,001890487
0,01361363
0,002944952
0,008703436
-0,01530152
0,003499426
-0,01290145
-0,01287304
0,01805932
-0,009281468
-0,02141029
0,02596862
-0,01694813
0,007679528
-0,01911288
0,02709834
0,01626206
0,01167628
-0,02033085
0,01801187
0,01280954
0,01713719
0,005874963
0,02124474
0,02390656
-0,02122643
0,001374056
-0,02705247
0,006451541
0,027524
-0,009002186
0,0208951
0,0248455
0,0007915912
-0,02625779
0,01861924
-0,0215877
0,009956783
-0,02839788
-0,03150119
0,01169268
-0,03489328
-0,01640235
-0,03972799
-0,03471845
0,006926578
0,002347045
-0,03438851
-0,04023815
-0,03837933
0,01968748
-0,03110062
-0,009181633
0,008195872
-0,00678337
0,02220364
-0,01652189
0,01611719
0,0144928
-0,02482202
-0,02960264
-0,01660957
0,009604917
0,02095621
-0,02920086
-0,01119054
-0,02737392
0,009404664
0,001418569
-0,01036775
0,01400986
-0,02909613
-0,001160687
-0,02777069
0,0274484
0,008773991
-0,004476209
0,005940448
0,01191446
-0,02270571
0,003860204
-0,0007511286
-0,02930944
0,002685421
-0,03167841
-0,01926458
-0,01141465
-0,02249307
-0,02858416
-0,02357932
-0,001118222
-0,01522121
0,01734126
-0,03625342
-0,03464191
-0,005055971
-0,01712652
-0,007910221
-0,0395021
0,01378278
0,008933537
-0,03137251
0,001382714
0,01021214
-0,01099947
0,02283956
0,00489343
-0,006679367
0,01133182
0,01268878
-0,004884975
0,008331874
-0,02608003
0,008148838
0,005167565
0,005114717
-0,01685632
-0,02393893
0,02006716
0,01411365
0,0230253
0,01601859
-0,001503003
-0,01272764
0,01173758
-0,01330121
-0,02925032
-0,00648775
0,02510978
-0,006310158
-0,01161656
0,02211639
-0,001799342
0,02084581
-0,01183285
-0,004571591
0,01849381
-0,01475466
-0,02345606
-0,02825881
0,003375875
-0,03804764
-0,00683929
-0,01466945
0,01046523
-0,03885184
-0,01809392
-0,02048515
-0,01126884
-0,007038238
-0,0140561
-0,01372347
0,01324688
-0,01276251
0,02783961
0,02859336
0,00326094
-0,01268074
-0,03026042
-0,02989407
0,02208523
-0,01974581
-0,002142598
-0,009845884
-0,001952666
0,004596072
-0,02329655
-0,01665566
-0,01443921
-0,02507303
0,01111755
0,02302809
0,02207309
0,0134215
-0,02880743
0,01883833
-0,02052506
-0,02793409
-0,004191066
0,009538021
0,02724945
0,009415538
0,02067694
-0,009819506
0,02703648
0,02559136
-0,02359704
-0,02334603
0,01854883
-0,0109815
0,02008756
-0,003092939
-0,02293213
-0,02875322
-0,0276045
-0,009661828
-0,006161687
-0,0237457
0,01729057
-0,02711429
0,01616802
-0,02484793
-0,02727238
-0,005016685
0,02327111
0,002330237
-0,004713745
0,02952527
-0,01374554
-0,02510726
0,0146173
-0,0005362124
0,01946152
-0,009891606
-0,02361167
-0,01923186
-0,01172541
-0,02607796
-0,007468294
-0,0003388746
-0,00598355
0,02407679
-0,01073185
0,02091131
-0,02303611
-0,02609633
0,001326337
0,008940715
-0,002588795
-0,00101956
-0,0172375
0,02463957
-0,03068173
-0,01753703
0,01621294
0,01538702
0,004393391
-0,006993322
-0,0047402
-0,009415574
-0,006370809
-0,03061657
0,01529115
0,006488148
-0,003362071
-0,01458919
0,006605818
0,01771108
-0,03838012
-0,03864037
-0,02804939
-0,004329862
0,02112049
-0,002926859
0,02007252
-0,03110754
0,02024008
-0,01636166
-0,01405623
0,01475339
0,02721037
0,0154343
0,002313532
0,01695826
0,02230073
0,01946909
-0,003984605
0,006096394
0,004132494
-0,01125198
0,004246708
0,02265704
0,001232666
0,02622492
0,02633553
-0,01880581
0,02563114
-0,0002682731
-0,02236247
0,009257377
-0,01369695
0,002934226
0,00226351
-0,007779695
-0,0179923
0,01035808
-0,02984112
0,003434547
-0,008825357
0,01164318
0,02111497
-0,01657227
-0,02928793
0,007514284
-0,01462993
0,007419942
0,00117675
-0,0338433
0,01340876
0,009843382
-0,03803815
-0,0248316
-0,005068854
0,01319419
-0,002392285
-0,009565213
-0,03226946
0,02457961
-0,0002492279
0,005976026
-0,02768066
-0,01505984
-0,02805105
0,006224099
-0,001229458
-0,005082645
-0,01704929
-0,02210766
7,295671E-05
-0,02278687
0,01475854
0,01932627
-0,01766392
0,01781572
-0,0105053
-0,02058723
0,01040298
0,01166697
-0,004698953
-0,01912573
0,001071328
0,01602302
0,006546007
-0,008364676
0,01033217
-0,02741243
-0,02461746
0,01312797
0,0229682
0,0222899
0,00796973
-0,03184567
-0,03602067
0,005817281
0,0003989679
0,007009117
-0,01276599
-0,002701807
-0,02234276
-0,03752925
-0,006903177
-0,005194768
0,007876226
0,01472258
-0,02869997
-0,02145535
0,02660309
0,005956667
-0,004951946
-0,01324743
0,008096292
-0,01472932
-0,002068297
-0,01047348
-0,02625928
-0,01435228
0,008818795
0,008529959
0,02497644
-0,007662538
-0,01342261
-0,005426141
-0,01516798
0,003355744
-0,008474754
0,004431267
0,01430901
-0,005998115
-0,02769032
0,006810302
0,01988146
-0,02175887
-0,006611763
-0,007675448
0,006911448
-0,02966291
-0,02588928
0,01608243
-0,01544818
-0,005621574
-0,0280502
-0,008904683
-0,0201688
-0,00468288
-0,02203876
-0,004141198
0,008530851
0,01205212
0,00467562
-0,01274652
-0,03527522
0,008871719
0,00597526
0,02222274
0,01413437
-0,02464452
-0,01440754
-0,0263396
-0,005908641
-0,001576982
-0,003487685
0,0006693884
0,001808317
0,0183077
-0,003470616
-0,002342364
0,01971277
-0,02847428
0,009854188
-0,02897495
-0,02250569
0,01772867
-0,010243
-0,006150032
-0,01730381
0,01337131
-0,02667104
0,007177944
-0,01652523
0,02156877
0,0232587
0,02761689
0,01317621
0,006361953
0,001030806
-0,02700289
-0,004107805
-0,005979263
0,003412838
-0,006100316
0,007213447
-0,03724367
-0,01163036
0,01182485
-0,03137497
0,001785995
0,02452841
-0,001886943
-0,02531158
0,01674854
0,003954473
0,008821137
-0,02664785
0,006797669
-0,0128961
-0,01649758
-0,01030125
-0,01813842
0,01125151
-0,0297679
-0,02799822
0,009111454
0,02087203
0,001233172
0,003875501
-0,001867749
0,01527737
0,02307723
-0,01768653
-0,01297699
0,02681312
-0,01102095
-0,007891278
-0,02346944
-0,01698779
-0,02780603
-0,009191917
-0,005204516
-0,01209944
0,003914798
0,01248625
-0,003300937
-0,006425161
-0,006441328
-0,02077572
-0,02080848
0,01484356
-0,03260663
-0,01640476
-0,01924205
0,009350437
-0,02156759
0,009280236
0,003313964
-0,006442624
-0,02850106
-0,02436746
0,02009058
-0,0163346
2,005383E-05
0,01971657
-0,02523031
-0,01225161
0,01913126
0,02333247
-0,01169901
-0,01403192
0,02861918
-0,004392793
-0,01557973
0,02356928
0,02523088
0,02450693
-0,02496217
-0,01640478
0,001130408
-0,01973312
-0,005011412
-0,01323954
-0,01045266
0,007298276
0,01023961
0,003178437
0,02174026
-0,0003708265
0,009371717
4,657058E-05
0,009617889
0,004417125
-0,02570827
0,01972408
-0,00668643
-0,02140957
0,01333934
0,01432512
0,004434808
-0,02775988
0,0008308144
-0,005353594
0,01763302
0,01960313
0,01493858
0,002374076
-0,02986868
-0,01079633
0,01661471
-0,01063634
0,009127729
-0,003817814
0,0253386
0,02378197
0,01768291
0,004051839
0,0243387
0,02740075
-0,01949355
0,003478362
-0,002516823
-0,008290578
-0,01646747
0,02035114
0,006862268
-0,009455496
-0,01397109
-0,007539805
-0,003543686
0,01258329
-0,02088423
-0,009943287
0,004327745
-0,009315815
0,004690194
0,02341608
-0,008062087
-0,008353885
0,0150154
-0,03103661
-0,003890554
-0,007161256
0,00375552
-0,01723283
0,01492584
-0,01785561
0,009346259
-0,02029691
-0,03074316
0,01180721
-0,02172012
0,01001487
-0,001165886
-0,03022226
0,005195526
-0,02163366
-0,01697722
-0,03027
-0,01598725
-0,00370128
-0,01100388
0,01026906
0,02749735
-0,02272225
-0,01704774
-0,009800029
0,01985418
0,00548848
-0,01060057
0,02265261
-0,0153143
0,003015451
-0,01720542
-0,01857596
-0,02376174
-0,02706132
0,01479178
0,02987733
-0,02726755
-0,007640006
0,01153679
-0,02641964
-0,01093101
0,008376919
-0,002684565
-0,007076218
0,01707735
-0,001570791
0,00795382
-0,00973304
0,005786741
-0,01452571
-0,02904113
-0,01634293
0,004442223
0,01251931
-0,00826581
-0,004591606
-0,03303937
-0,01073542
-0,01452375
-0,03368631
0,01989993
-0,026326
-0,002317261
0,006013827
-0,002214217
-0,0137712
0,02343366
0,002751125
-0,005557095
-0,01431383
-0,02751298
0,02601823
0,0172515
-0,01306248
-0,00826962
-0,009813299
0,01010345
0,02050848
0,00831829
-0,006337167
0,02921048
-0,03091744
-0,01332732
0,02907275
0,002372247
0,02954084
0,005523504
-0,007588225
0,008470257
-0,01263711
0,02852177
0,01040856
-0,02966912
0,009599908
-0,01772499
-0,02073066
-0,02549976
0,01707628
0,01865175
-0,007522343
-0,003858926
0,02879146
0,02251056
-0,01011538
-0,01823933
-0,02727301
-0,008337448
-0,01538909
-0,0118684
-0,03167155
0,01298435
-0,02145912
0,0120976
0,02240081
-0,03269485
0,0171124
0,01650406
-0,001309447
-0,02688726
0,001154436
0,01411055
0,005915052
-0,03254009
-0,02140602
-0,0131205
-0,008968035
0,02690303
-0,02124951
-0,02243168
-0,01616635
-0,01434659
0,02499049
-0,02795282
-0,01666359
0,02652647
0,03016023
-0,02219291
0,02816649
0,01520319
-0,0007428283
0,004569903
-0,01134305
-0,02807214
0,004924253
0,00225974
0,01867837
0,02589704
-0,02636057
0,005675234
-0,01136507
-0,01330452
0,001632693
0,008864664
-0,0163291
0,005097467
0,01856635
0,02585153
0,008227076
-0,03034694
0,02112163
-0,02546147
-0,01896694
-0,02657295
-0,03067449
0,01306634
0,01761989
-0,02637775
-0,001595324
-0,03523265
-0,0324373
0,009906964
0,02281749
0,01646604
0,006484819
-0,03118765
-0,0001504274
0,005524204
-0,005406599
0,009221278
-0,0008026134
-0,003710385
0,02406336
0,005057742
0,01866533
0,02806446
0,01434857
-0,0139208
0,0187002
0,008322894
-0,02275781
-0,02974087
-0,003401299
0,02769591
0,02281175
-0,007301636
-0,009896613
-0,01960135
0,02714663
0,01777158
0,009897628
0,01073635
-0,005806107
-0,02810125
0,0008673451
0,00352255
-0,01069599
0,01104899
-0,03181949
-0,01860116
-0,02494993
-0,01950577
-0,003042178
-0,03428062
-0,004558845
-0,009195643
-0,02016276
0,005705464
-0,01365035
-0,02745056
-0,03057316
0,001303098
-0,01334561
0,02267344
0,02200267
-0,02802347
-0,01228728
0,02760504
0,02626168
-0,01374152
0,01056783
-0,01194284
0,009307602
0,007711619
0,02904642
0,02034666
-0,02652872
0,02166331
-0,02699757
-0,01680213
0,006992906
-0,02960701
-0,01485391
0,004575571
0,00171535
0,02387967
-0,003140776
-0,004703563
-0,0008345275
-0,00235633
-0,02037199
0,01051243
0,02060959
0,01939542
0,01504508
-0,02503203
-0,009945035
-0,000330554
-0,02184538
-0,0042253
-0,01584537
-0,009449303
0,01563824
0,01245488
-0,0003497151
0,01299781
0,001686531
0,02384057
-0,02877171
0,006775119
-0,01045802
-0,01130972
0,005090171
-0,02504795
-0,0007452661
-0,02902188
-0,01081932
0,01502908
-0,008192741
0,02994875
0,007456677
0,0232586
-0,0009191225
-0,002181905
-0,0246009
0,02996755
-0,001326125
0,02139737
0,02325699
0,02297455
-0,001549692
0,003226606
0,01153451
0,004898054
0,02652722
-0,01695945
-0,01751285
0,0007239137
-0,02879614
0,01486222
-0,01074858
0,0009450971
-0,007568741
0,01969335
-0,02350273
0,02002068
-0,02584484
0,01393007
-0,01320878
0,01024885
0,01383699
0,003819529
-0,02433011
-0,02260775
0,01978063
-0,007329494
0,02388429
-0,01218816
0,008374894
0,0008029588
-0,01324136
0,01263673
-0,02766334
-0,01970025
-0,0203362
0,01801751
0,009334004
-0,02815177
-0,01942373
-0,01193062
0,02021679
0,01997746
0,01427282
0,008311082
0,01125131
-0,0238095
0,001623114
0,01023544
-0,008571605
-0,01375143
0,0263676
0,0143135
0,00272663
-0,02013523
-0,0244308
0,02086209
-0,005993301
0,001191522
0,01377085
0,002155736
-0,0118325
0,02185368
0,02160203
-0,00172814
-0,005281439
0,005430404
-0,002177029
-0,01917731
0,007930954
-0,01429673
-0,02384642
-0,03062038
0,001668043
-0,03245601
0,02150117
0,02510728
0,02249311
-0,0007268417
-0,00231626
0,01469873
0,02190761
-0,01588302
0,02847292
-0,007313071
0,007201949
0,005698202
-0,01870354
0,02420188
-0,02498351
-0,009878776
-0,005213304
-0,02099397
-0,01078431
0,009269631
-0,02983211
0,02907562
0,02930155
-0,01365202
-0,01622231
-0,0243098
0,009144478
-0,01024836
-0,02917914
-0,02718765
-0,02388985
0,02418105
-0,01964198
0,002559508
-0,01254945
-0,02124416
0,02710597
0,02306826
-0,02835986
0,02856483
0,009085603
-0,02720604
0,02260759
-0,003262037
0,01909008
0,01712985
-0,006940439
0,003143698
-0,02363027
-0,01120638
0,02397906
-0,02998906
0,01268241
0,02491513
-0,02953321
0,02399
0,0286334
0,007127961
-0,01253093
-0,005778443
-0,02357295
0,003235372
-0,01585021
0,02689269
-0,01281282
0,01448466
-0,004385245
0,008979429
0,006618009
0,026955
-0,005937118
0,002335795
-0,02234588
-0,008783026
-0,0299162
0,02766395
-0,02388389
0,001588993
-0,00310051
-0,004986097
0,01158458
-0,02528562
-0,0171402
0,01237245
-0,02099073
-0,02444145
-0,01944748
-0,01454621
0,002510901
-0,006485634
-0,01978839
-0,01187289
0,004281924
0,006765729
0,02114761
-0,02500866
0,01948448
0,0263126
-0,01959981
-0,02469626
-0,006587777
0,01545946
0,02783361
-0,01908054
0,02615266
-0,008020837
0,02320328
-0,007600287
0,02520413
-0,02703146
0,01838994
-0,002561161
-0,01830136
0,02340474
0,01320873
-0,02794473
-0,009379339
0,002124636
0,01796267
-0,01796654
0,004212357
-0,01966208
-0,02313954
-0,01623668
0,01696423
-0,02403595
0,02819171
0,0005050484
0,0001523519
0,02501159
-0,02203009
-0,01979794
-0,008769398
-0,008501477
-0,02851861
0,02634172
-0,02269684
-0,0276264
0,0172262
0,01791417
-0,01736295
0,01861322
-0,009698994
-0,001384169
0,004685182
0,01299835
-0,02375273
0,01161366
0,02486937
0,01951585
0,01514436
-0,01352786
-0,02172462
0,02899653
0,001424623
-0,01757563
0,008743629
0,01442362
-0,005977405
0,01962749
-0,005759666
-0,006784952
0,02279827
-0,02973418
0,02576513
0,008460562
-0,02395651
0,020571
0,02201753
0,01729896
0,0249388
-0,01175942
0,01561352
-0,02973375
0,02988982
0,01629482
0,02042131
0,008246491
0,009390566
-0,02640961
0,02976448
-0,01383362
0,005648407
0,0109057
-0,02037877
0,02130199
-0,02851371
-0,007296047
0,02024394
0,01878347
-0,01264291
-0,006221423
0,009036358
0,02833972
-0,006636149
0,0198724
0,02600967
-0,01001342
0,003930355
0,02695271
0,006971666
-0,0133835
0,0209371
-0,02194407
0,02502817
-0,003013944
0,002082416
-0,02164408
0,02975029
0,01598687
-0,006661897
-0,02930618
-0,02530397
-0,009680666
0,02049693
-0,02190093
0,01787573
-0,01798451
0,0214096
-0,02556137
0,006699202
0,01384895
-0,02974028
-0,02685941
-0,0001805828
0,001118799
0,009796222
0,01780733
0,007388659
-0,020382
0,02058902
0,0002142769
-0,02580506
0,01290511
-0,003007084
0,01305592
-0,003789555
-0,002463749
0,01581379
0,01272338
-0,0110405
0,02405304
-0,006467745
-0,02585533
-0,004556353
-0,013433
-0,01115503
-0,01153847
-0,02203834
-0,01446366
-0,02755841
0,01420131
-0,0006790375
-0,0004825197
-0,009686877
0,02383594
-0,01364323
0,01734979
0,008822776
-0,00564873
0,01814266
0,01505806
0,001442242
0,0201846
0,02612523
0,02374728
0,02709202
-0,007502888
0,02410163
-0,02262142
0,01245818
-0,009684405
-0,003162068
-0,02140709
0,0158111
0,01311021
-0,009848264
0,02661565
0,008147321
-0,01696921
-0,01787276
-0,008701175
0,009916048
-0,00797703
-0,0226997
-0,02357917
-0,02914387
0,005143386
-0,00750846
0,003616396
-0,003443402
0,009437324
0,01911883
-0,008871807
0,02505138
0,004671883
-0,007274112
0,004192397
-0,02136282
0,002379309
-0,009706624
0,02700012
-0,005226373
-0,02959086
0,003430397
0,01269743
-0,01264201
-0,00924105
0,01442866
0,00786235
0,00378857
-0,009576161
-0,02069905
-0,004088581
-0,01765857
-0,003189863
-0,02495948
-0,02069602
0,01282578
0,01971222
0,02293015
-0,008034837
0,03059579
-0,009559682
0,0113276
-0,02702378
0,001662486
-0,02453283
-0,01616132
-0,01903165
-0,009723446
0,0165722
0,0178889
-0,02425659
0,02336382
-0,01431675
0,02695547
0,009490122
0,01920165
-0,004726981
0,01972122
0,01069944
0,02129733
0,01523047
0,03046302
-0,02368524
0,0002872062
-0,006586946
-0,0209647
-0,001446654
-0,0002413859
-0,01649006
0,02190706
-0,01040171
0,01011219
0,02893959
0,0270701
-0,0254852
-0,01030177
0,000493998
-0,01903494
-0,01813831
-0,02305613
0,003472059
-0,01242275
0,01779383
0,003096516
-0,02650405
0,003122706
0,02726453
0,0004646992
-0,003817304
-0,009280668
-0,01242905
-0,02998652
-0,01776682
0,001263882
-0,01471441
-0,009500769
0,005001091
0,003324356
-0,02171076
0,02704304
0,01592398
0,01180305
-0,02322791
0,02525338
-0,001731653
-0,00374827
0,02506799
-0,01076928
0,02245189
-0,01027665
-0,01129855
-0,01569176
0,007841877
0,003740711
-0,01218053
-0,002278049
-0,01728261
0,003798386
-0,003253679
0,02085897
-0,01762095
0,02867337
-0,02639663
0,02339837
0,004359744
-0,01040568
-0,00213893
-0,002362329
0,01177292
0,01462294
0,01534554
0,02776607
-0,02732848
-0,01458063
-0,008376779
0,02229635
-0,01918601
0,02317064
-0,02516979
0,007854113
0,008662142
0,008038541
0,008630634
-0,02355316
