-0,007591324
-0,02160963
-0,0296663
0,01956872
-0,01472403
0,00687995
0,03014508
-0,0229731
0,009118964
-0,01345083
-0,009607269
0,01645326
0,01771984
-0,01445401
-0,0287888
-0,01828362
-0,01517062
0,01300556
-0,0208782
0,02548478
-0,01473905
-0,02813055
0,007774453
0,01545469
-0,01485769
-0,008153115
-0,01855232
-0,01071313
-0,003182233
-0,01065776
0,01395242
0,02224075
0,0003811781
-0,02758976
0,02715689
-0,01525978
-0,01058001
0,0003363295
0,009283582
-0,002705228
-0,01427789
0,03004229
0,02676489
-0,006928062
0,006398381
-0,01317338
0,01572573
-0,004436198
0,02872017
-0,02648145
-0,0009727748
-0,001563022
-0,01732707
-0,01092864
-0,02410864
-0,009491542
0,001191707
-0,01454733
0,00443681
0,02405713
-0,004589041
0,01091339
0,01081765
-0,01020942
0,003267237
-0,001196574
-0,01387839
0,01534454
-0,0109667
0,01710639
0,02293462
0,01510916
-0,02629895
0,01244672
0,009821313
-0,0141175
-0,02426289
-0,01527916
-0,02092968
0,02888543
0,0067236
0,01652081
-0,008791395
-0,006741361
0,02092666
-0,01441884
0,009593182
-0,01867791
0,02713675
0,006641389
0,0141792
-0,02608388
0,02649359
0,01586896
-0,02808639
0,005419844
-0,01076891
0,007013279
0,02042734
-0,02241351
-0,02926897
-0,02960875
-0,02352093
-0,01835472
-0,01870129
0,0144631
-0,005297861
0,0007225557
0,009858462
0,02076658
-0,01497839
-0,01346394
-0,02352421
0,006195368
-0,01263456
0,009490749
-0,01030077
-0,01248512
-0,0005405196
-0,01221231
0,01978922
-0,02525523
0,01875073
0,01306637
-0,02703379
0,01902943
0,01928822
-0,01150694
0,01050918
-0,02572571
0,02714517
-0,0005963125
-0,005158884
-0,02869649
0,02820693
0,006449197
0,0101247
-0,02041308
-0,01781277
-0,02342114
0,02155765
-0,02125216
0,001975843
-0,02353936
-0,008238805
-0,002405181
0,028092
-0,009651283
-0,001474058
-0,006967618
-0,01426802
-0,02829247
-0,02251038
0,002558677
-0,01165602
0,02636349
-0,01784304
-0,00610761
-0,02146409
-0,007251702
0,02579054
-0,02390722
0,02071135
0,005528166
0,02404083
0,01599098
0,02211751
-0,02505883
0,008587467
0,01161692
0,030065
-0,01994856
-0,02456361
-0,00694601
-0,003125287
0,0109321
0,003307463
0,01230447
-0,008777726
0,006107885
0,02162531
-0,001428541
0,02010352
-0,01285728
0,01899424
0,02525765
-0,008230048
0,02274769
0,01353404
-0,02836793
-0,005847052
-0,01412236
-0,02909183
0,01996503
-0,0188633
0,01508951
-0,0115555
0,02709993
-0,01700897
0,006215179
0,005956531
0,02312479
0,01234961
0,01725573
-0,006825103
-0,02458637
0,02661416
0,01434247
-0,02495749
0,007782451
-0,006630869
0,0002270181
-0,02734974
0,003273188
0,001652105
-0,003345202
-0,01383823
0,003365436
0,01683206
0,02921498
-0,005439683
0,03009559
-0,007969767
0,007303751
-0,01213727
0,01417643
-0,02108003
-0,0141421
-0,0181448
0,01254795
-0,007503702
0,006844978
-0,001302473
0,0153087
-0,03038977
0,02853484
0,01700783
-0,02726321
0,02423238
0,01335031
0,02901621
0,007062619
0,01707206
-0,024163
0,009046405
0,02415228
-0,01694342
-0,001764251
-0,01185642
0,01475964
-0,00123443
0,01564193
-0,01992216
-0,016387
-0,01874668
0,005753185
0,001317794
-0,02545076
-0,0006960171
0,009927134
0,02745598
0,01061298
0,003183291
-0,005709846
-0,0151286
0,01614401
-0,0291304
-0,01235729
0,003249587
0,00331768
0,0107194
-0,01620101
0,009459766
-0,02679508
-0,02963372
0,01820526
-0,01666943
-0,01404856
0,02830301
-0,005904169
0,0009327124
0,0109301
0,02827288
-0,003009776
-0,01686159
0,00713308
-0,003297958
-0,0151243
0,003569672
-0,006340708
-0,002536788
0,01158429
0,003623001
-0,01546514
0,01720104
-0,01179288
-0,02622662
-0,006696599
0,02126115
0,02285645
0,02300373
0,0261041
0,02537968
0,01485816
-0,02619418
-0,01449229
-0,02439897
-0,02375984
-0,01620897
-0,006108481
-0,006551729
-0,01505947
-0,02296585
-0,02413811
-0,02164284
-0,01539166
0,01228942
-0,02501523
-0,02069473
0,007779733
-0,009618848
0,0171179
0,01475057
-0,02055011
-0,02350713
0,02973139
0,01091169
-0,004745307
-0,01330327
0,01244634
0,0144025
0,02060345
-0,005066955
-0,02431263
0,00135446
0,005301687
0,01686211
-0,0165135
-0,006805559
0,02835196
0,00116282
-0,01036
-0,029514
-0,02072091
-0,02950785
-0,01777458
0,004023553
-0,002181063
-0,0240961
0,001827505
0,005851376
0,02869682
-0,01714308
-0,01752597
0,00237526
-0,02384738
-0,01909296
0,01591896
0,008374488
-0,02565187
0,00512883
0,01171752
0,02058164
0,002339649
0,0106142
0,00318936
0,01997398
-0,02854641
0,004006693
0,003102534
-0,0003341725
-0,0001005888
0,01291357
-0,01769469
-0,02248524
-0,02887923
0,01624894
0,004825504
-0,02132477
0,02421432
-0,004609532
-0,01726888
-0,0106557
0,01675008
-0,02299782
0,0162793
0,007039565
-0,01708094
0,002967903
-0,005584043
-0,00630052
-0,03036316
0,003862398
-0,01214107
-0,006893379
0,0199697
-0,000460432
-0,001246978
-0,0009608059
-0,002946295
-0,007864616
0,00190342
0,02338908
0,00215012
-0,02779291
-0,02472584
-0,01478203
-0,02903713
-0,02459416
0,001706041
-0,01027395
0,006667905
0,007522085
0,01624517
0,01000014
-0,007523675
-0,008069979
-0,02522595
-0,00419894
0,02530697
0,02728279
0,007346805
-0,002166519
-0,02148782
-0,0212895
-0,001896794
0,02524623
-0,005808844
0,01964082
-0,01221057
0,001600316
-0,01268092
-0,02378168
0,01225159
0,001561619
0,02461042
-0,01045604
0,01742621
0,01328267
-0,03038131
-0,0008587778
0,004904355
-0,02417757
-0,02903707
-0,02516944
0,01771259
-0,00696148
0,01897785
0,007896435
0,02987899
-0,003287895
-0,006009127
-0,02730698
0,003473418
-0,0008580126
0,01384386
-0,02802135
0,01392476
-0,007292438
0,002719847
-0,02014381
0,02113882
-0,01715615
0,01790428
-0,03034139
-0,02764927
-0,0002428945
0,02525129
-0,01718727
0,01637628
-0,02647894
0,006079897
-0,007920199
-0,005169284
-0,004689889
-0,008270432
0,002137427
-0,002388118
-0,02552025
-0,008610365
-0,0230023
-0,02370394
0,01797586
0,0201464
0,01996023
-0,02219313
-0,01524049
0,003526904
-0,01749822
0,01761165
0,02025614
0,005719468
-0,007115539
-0,02101225
0,02057665
0,008776059
-0,006865243
-0,01199536
-0,02939541
-0,02841949
-0,01367868
-0,003048311
0,004294586
0,02063154
0,02430379
0,01990548
-0,03009699
0,006569506
-0,02381832
-0,02383661
-0,01848516
0,005017294
0,009740775
-0,02940441
-0,004140267
-0,02830854
-0,02735418
-0,009600923
0,02612205
0,02187308
0,01854562
0,02875154
0,01259772
-0,005034048
0,02763625
-0,001209877
-0,01660769
-0,01759467
0,005663436
0,01778467
0,02971193
-0,01581808
-0,003595765
-0,02803314
-0,02491789
0,01001665
0,002980442
0,02722653
0,02453485
-0,02886559
-0,02469359
0,00561004
-0,005325355
-0,02595474
0,006255955
-0,01424232
0,02684651
-0,007061224
0,01346115
0,01744605
0,004283519
-0,02998332
-0,01017795
-0,02250321
-0,01747192
-0,01237875
0,01351327
-0,02219803
0,02429537
-0,004666417
0,007012649
0,01782346
-0,0266941
-0,009291616
-0,02216188
0,02745013
-0,02313578
0,004909314
0,02310679
0,01620616
0,0001605329
-0,02270437
-0,004293349
0,02547661
0,0154195
-0,01779316
0,003116846
0,006485763
0,02023743
0,01089042
0,001583781
0,01916674
0,0005616631
0,01689607
-0,01717246
0,02892221
0,02345262
-0,01148704
0,01969443
0,0173483
0,02525998
-0,007719874
-0,02931025
-0,001374335
-0,004391501
-0,01017741
0,003955369
-0,02502512
0,02776491
0,008628881
-0,022433
-0,009557948
-0,001620541
0,02621138
-0,01364709
-0,004092137
0,002393534
-0,006898608
-0,00906901
-0,03044087
0,01452125
-0,02431098
-0,01078087
-0,01560139
0,02378243
0,01429814
-0,01455445
-0,01658032
-0,02456603
-0,02143515
-0,0286446
0,01874216
0,01490791
-0,02604432
0,01664231
-0,02627505
-0,02765411
0,0275035
-0,001201746
-0,003357436
0,006754552
-0,004406832
0,01044156
-0,02079405
0,001262716
-0,01949522
-0,00800153
0,003315033
-0,0005453515
0,01577836
-0,00380112
-0,0001242345
0,02945649
0,01955961
-0,02630282
0,02177757
-0,02453628
0,01965379
0,006667814
0,01053074
-0,02754727
-0,01104086
0,02912573
0,01858039
0,004852312
-0,01086183
0,004073504
-0,008388137
-0,02514052
-0,02056221
-0,009801893
0,004274374
0,02504155
0,02570919
-0,009883643
-0,01657393
-0,0079619
-0,0246919
0,009321664
0,009666619
-0,01077053
0,01119005
0,01256001
-0,01263823
0,006125324
-0,001190058
0,01620982
0,02351755
-0,03049236
0,02964653
-0,02986049
-0,01746804
-0,009362561
0,01833752
-0,007782681
-0,01097298
-0,001515145
0,0216493
0,005622486
-0,01778997
0,005620792
-0,03115231
-0,001521644
-0,009400638
-0,003934941
0,02357796
0,007299318
-0,02528711
-0,001139629
0,01890286
-0,001922056
0,0295742
-0,02054966
0,02553644
-0,01237199
-0,01115514
0,00497458
0,009671175
-0,02325054
-0,03025701
-0,001592411
0,008650777
-0,009072088
-0,0241591
-0,0211009
-0,02745445
-0,02053248
-0,03028243
-0,002662051
-0,03063945
0,01351339
-0,002279941
-0,001980013
-0,005628565
-0,03078034
-0,01189955
-0,01994272
-0,01187319
0,01958007
0,01449016
0,02558436
0,01232237
-0,005174591
-0,01864493
-0,0001866372
-0,03172551
-0,02634601
-0,00453936
0,0006967923
-0,02808633
0,01436331
0,01932094
0,01452173
0,003854789
0,0139392
0,02952121
0,009979317
-0,0062945
-0,01744257
-0,007828134
0,01280537
0,005274092
0,005481344
-0,003375968
-0,02669202
0,02755888
-0,001247968
0,01215155
0,02339558
0,02752784
-0,02445561
-0,01767521
0,01697558
-0,01012992
-0,02481347
0,0121769
-0,01888644
-0,02436099
0,002737177
-0,0250391
0,02656752
0,0111379
-0,003028279
-0,006703611
-0,01417982
0,02267824
0,010966
0,02176103
0,007894732
-0,02852515
0,01009977
0,01675168
-0,02478692
-0,00367021
-0,02722938
-0,01322588
-0,02465212
-0,0320689
-0,02256166
0,00141907
0,004539554
-0,007302385
0,003514573
0,005997468
0,02739675
0,001244796
-0,02677155
-0,002919526
-0,0003942009
0,02963288
0,01807752
0,002929753
0,01995238
-0,02492125
-0,005507866
0,02945289
-0,02531395
-0,02013892
-0,02125709
-0,02194058
-0,01935682
0,002103865
-0,03134393
0,02123138
-0,01581049
-0,01404343
-0,02987025
-0,01578703
-0,01906132
0,01479696
0,004816074
-0,02293104
0,02414876
0,02731802
0,0008706001
0,0002402823
-0,02469127
0,0170579
-0,0101554
0,01220936
0,01862544
-0,01941647
-0,01193629
0,008885466
-0,01773999
-0,02529336
-0,03222581
-0,02722197
-0,02612868
-0,0248048
-0,01469001
0,02793918
0,01979534
-0,02955734
-0,008639329
0,02921575
-0,008618183
0,01333566
-0,008788084
0,01033528
-0,001737943
0,01725216
-0,01672152
0,01432618
-0,006481185
0,007029905
0,004930437
0,02002891
0,001120524
0,01959255
0,01678527
-0,02059465
0,01089137
-0,006045577
-0,01325075
0,02426427
-0,02562346
-0,01439541
0,002221842
-0,0257015
-0,01290639
0,02400055
-0,0241009
-0,02887932
-0,002559512
-0,0002426036
-0,01768287
0,01904044
0,002328053
-0,001452464
-0,02423682
-0,01033497
-0,00158052
0,01232026
-0,01625004
-0,02846816
-0,02730785
0,01051509
-0,01386346
0,007991045
0,001712151
-0,02239668
0,001534111
-0,01516378
-0,01155281
-0,02468975
-0,01258059
-0,002397328
0,0143279
-0,003509643
0,02226848
-0,02769304
-0,02197585
-0,0150688
-0,007048518
-0,0003307849
0,00538749
-0,0226867
-0,01528637
0,01762463
-0,01489846
0,006792588
-0,02155417
0,02404626
0,004988562
-0,01280178
0,005648177
0,02241804
-0,02790407
-0,02078537
0,01698924
-0,007227943
0,0285717
0,02333531
-0,002233931
-0,02871008
-0,01185305
0,01649423
0,01118366
-0,01447269
-0,0172875
0,01779027
-0,02276999
-0,02332731
0,01056628
-0,02254682
-0,01353567
-0,01345173
-0,006114879
0,01571993
-0,003115506
0,02689948
-0,004353269
0,0005622935
-0,007805941
0,02563606
0,02974423
0,008434452
0,008956787
0,02953038
-0,001642816
-0,006672247
-0,008585555
0,0007428914
0,005839045
-0,003525733
-0,02825319
-0,01839377
0,01222396
-0,01537754
-0,0275777
0,008684864
-0,01279921
0,01907646
-0,004328336
-0,008440974
-0,00517644
0,02649658
-0,01982076
-0,006949813
-0,03447417
-0,01626854
-0,0045905
-0,01702329
0,008019753
0,0164443
0,02067175
-0,009996691
-0,003492008
-0,0002847101
-0,02988583
0,01146005
-0,02002635
0,01046794
0,02185414
0,02524096
0,001074459
0,008461208
0,004914314
-0,01618681
-0,02420486
-0,02318281
0,005526032
-0,0199954
0,01413708
0,01746406
0,007812902
0,006598197
-0,02639643
0,02900444
-0,0004149626
-0,02961293
-0,005258062
-0,0189492
0,02875535
-0,02048736
0,02465383
-0,0284379
0,01489076
0,01050613
-0,002904927
0,00392683
0,004420712
-0,02814679
-0,02539626
-0,01424084
-0,005940062
-0,001919072
0,02199838
-0,0003332905
0,01984654
0,008953877
-0,01088684
0,02025928
-0,01731518
0,01577503
0,005494408
-0,02440957
-0,00934359
0,02032886
-0,02113239
-0,01469627
-0,009573776
0,002163044
-0,02536589
-0,02404227
-0,008308762
-0,02521716
0,01871987
0,01374884
-0,03083921
-0,0029351
0,02651691
0,02597179
0,01821715
0,002470086
0,0006659978
0,002144059
-0,02584347
-0,003038728
-0,006975984
-0,02427392
0,0104032
0,0006806757
-0,02372252
0,01527126
0,008711606
-0,003108353
0,02113286
-0,02568354
-0,002892541
0,004268497
-0,003879515
0,01242283
-0,006354709
-0,02634825
-0,02257534
-0,03298036
0,01998612
0,02338294
0,02076704
-0,01799799
0,005657838
-0,02892217
-0,006422336
-0,01669107
0,004830307
-0,0151662
-0,03487282
0,00832277
-0,01440156
-0,0286676
-0,02225309
-0,02649203
0,005099469
-0,01928828
0,01104344
0,02415792
-0,002751167
-0,008713875
-0,00190814
0,02529268
-0,01693033
0,01502049
-0,01219553
-0,006349678
0,02924148
-0,01951668
-0,0005736428
0,01223399
-0,007660103
-0,0008758012
0,004655902
-0,0255264
0,002194031
-0,02683249
-0,007403545
-0,001732727
0,02704721
0,01032943
0,02708384
-0,02209453
-0,01348301
-0,02879852
0,008579287
-0,01312919
-0,008461282
-0,009725794
-0,02335642
-0,0179297
-0,01187708
-0,02189982
-0,007243873
-0,006854089
-0,01134485
-0,0386857
-0,03614351
0,01333895
0,007535595
-0,02986206
-0,01196759
-0,0004796411
0,01976671
-0,009145404
-0,005880538
0,02392669
0,00526478
-0,02165113
0,006294204
0,001241826
0,01530801
-0,01731655
0,02704289
0,01755703
-0,007702249
-0,01238452
0,006514325
-0,02021896
-0,02595452
0,02915376
-0,02982502
0,005889159
0,02938553
-0,01716221
-0,01256503
-0,02592729
0,02463004
0,0268298
0,003281571
0,0008968484
-0,03254937
-0,00529246
0,002750904
0,01428737
-0,01929559
-0,01076184
-0,0191708
0,02157148
0,007415456
0,01351212
0,007636004
-0,02629784
0,008247515
-0,0009099804
-0,01011595
-0,03095202
-0,02255952
0,001111904
-0,02785493
-0,02378435
-0,008794783
0,01984733
0,01460647
0,02309422
-0,02162214
0,02278542
0,005930047
0,01523965
-0,02200945
-0,01221688
0,02643967
0,006494619
0,003554035
-0,02941082
6,161795E-05
-0,0136221
0,006751983
-0,02139616
0,003273651
0,02901353
-0,02578495
0,01307206
-0,0006900242
-0,01402217
-0,01445298
0,01500477
0,01660457
-0,01379394
0,01219319
-0,02648925
0,0143759
-0,01988692
0,01403795
-0,01224989
-0,02658363
-0,03072019
0,003582303
0,01167835
0,005616022
-0,01092129
0,009624643
-0,01184649
0,003317724
-0,0193466
0,007872629
-0,03544582
-0,002301321
0,004119904
-0,03002335
-0,02440571
0,0009628661
-0,02853655
-0,02716996
-0,0186296
-0,0226549
0,01219955
-0,004328659
0,005923488
0,008465881
-0,007105228
-0,02936773
-0,01225826
-0,02978623
-0,02849975
0,001484305
0,0134858
0,0217749
-0,01632158
0,02613781
-0,005018339
0,01077886
0,02454442
-0,0006268768
-0,0212411
-0,01825033
0,004599078
0,02697054
-0,02404202
-0,006615957
-0,02316795
-0,02743923
-0,0307368
-0,02625353
-0,003195519
-0,003940953
0,0003136592
-0,02995683
-0,0003009538
-0,02155399
-0,01150867
0,002646812
-0,03950086
-0,03947829
-0,02326657
-0,02274211
-0,01313532
-0,01567715
-0,0009221288
0,008506402
-0,03110147
-0,02063101
-0,01332276
0,01256897
0,01579245
-6,297838E-05
0,01003146
0,009850838
-0,03104418
-0,02942752
0,001574546
0,01142913
-0,01219151
-0,01973708
-0,001759486
-0,01492751
0,02886747
-0,01853205
0,002822038
0,003030841
0,02723205
0,01070611
-0,009874659
-0,0290216
0,001123132
0,01522282
0,008143063
0,01998023
-0,01879205
0,01538286
0,01264653
-0,02155541
-0,01395452
-0,01656274
-0,01789697
0,01790256
0,004643042
-0,01680554
-0,01151976
0,02504665
0,01444755
0,01740197
-0,03765765
-0,0120166
0,002073432
0,002197311
-0,01767731
0,01128447
-0,005961899
-0,04072656
-0,016734
-0,02151942
0,01509947
-0,02978819
0,01733758
-0,005734722
0,02205662
-0,008017031
-0,01474271
0,02943795
0,02299656
0,01946317
-0,0003160853
-0,01634554
-0,01312039
-0,008756362
-0,007391702
-0,03011044
0,02355039
0,006384458
0,005876712
0,0137032
0,01869801
0,005260678
0,014903
-0,02710369
0,007440624
0,02083407
-0,0102079
0,01821484
-0,007593281
0,01523006
-0,01604327
-0,02212171
-0,009292568
-0,006672408
-0,01771514
-0,02038094
-0,007211784
0,01778033
0,02303828
-0,0217492
0,02054677
-0,01341081
-0,03454464
0,01873565
-0,01533045
0,01024383
-0,02774834
-0,02136863
-0,01975877
-0,01786564
0,02108961
0,02161315
-0,009457204
0,00662693
-0,005564583
-0,01399933
-0,009389273
0,01911126
0,01868706
-0,02619392
-0,02565208
-0,002666748
0,005282673
-0,0255193
0,002300074
-0,01239918
0,01979147
0,02003123
-0,02561944
-0,0189041
0,004104335
-0,02817635
0,006885352
-0,0111079
0,01296137
-0,008977775
-0,001409686
0,01450925
0,006847675
0,01841891
0,007016243
-0,03250789
-0,001890814
-0,03035107
0,0169769
-0,01334663
0,01272818
0,01236344
-0,03660896
0,02039622
0,007975436
-0,0009058419
-0,03646072
0,01832797
-0,02492289
-0,0046938
0,008682392
0,02017505
-0,01232813
-0,03269719
0,02049323
-0,01636002
-0,01882092
-0,02523511
0,01444125
0,02214441
-0,01523942
-0,02511749
0,02561095
-0,02768875
0,0181253
0,004724573
-0,0233435
0,02844914
-0,007389346
-0,02920589
0,02683975
0,003204417
-0,01529614
-0,01898181
0,0003656372
-0,02670053
0,01848335
-0,02595657
-0,01164245
0,02382443
-0,03166971
0,01089013
-0,02558253
-0,01927435
0,002595799
-0,0006707085
-0,01227319
0,0001642295
0,01770825
-0,01507723
0,01482668
-0,01236442
-0,02105877
0,01815346
-0,04095771
0,002307201
0,01300991
0,01990648
-0,02743358
-0,02334656
-0,009649128
-0,03861095
-0,005572796
-0,0257166
-0,002475904
-0,01842362
0,01343378
-0,01918264
0,001597969
0,02428366
0,00305143
-0,02110299
0,01638495
0,02175224
0,02438676
0,004714529
0,02669715
0,0115253
-0,003038155
-0,01386099
-0,01557032
0,004390618
-0,02181296
-0,02603472
-0,01783507
0,002886182
-0,01276389
-0,01214929
-0,02540997
0,01445747
-0,02315963
0,01827295
0,01996049
-0,02725665
-0,007483415
0,02506944
-0,02079085
0,0214268
0,001751816
-0,0170108
0,01329731
-0,03056038
0,01928451
0,0151579
0,00381956
-0,002812946
-0,003653156
-0,01444277
-0,03946979
-0,01207825
0,003672394
-0,03143058
-0,01046821
0,01714736
-0,03528336
0,02212223
0,019799
-0,007085272
0,02620736
-0,029866
0,02980007
-0,005369815
-0,02397914
0,01815964
0,0142959
0,01096184
-0,01428794
0,01176613
-0,003334323
0,02508058
-0,0070389
-0,02805183
-0,02487692
-0,02198154
0,001018636
-0,02185746
0,006012463
-0,01770847
-0,01513308
-0,0003969795
0,02300725
0,01918333
-0,01610358
0,008503928
-0,03385052
-0,02974023
-0,009538548
0,02627071
-0,03033374
-0,009091648
-0,03330074
0,008814031
0,02039742
-0,005337566
-0,02154709
-0,02196611
0,02023228
-0,03239706
-0,03250889
-0,03923995
-0,01953963
0,01542011
0,01777231
-0,03286978
-0,02902011
0,0109725
-0,02891475
-0,01240889
-0,01067934
0,02130297
-0,009413557
0,01012435
-0,02232351
-0,005426332
-0,02207239
-0,02465621
-0,0202215
-0,003485965
0,01784674
0,008731289
-0,01225797
-0,0130604
0,007232259
0,0293117
0,02161905
0,008292397
-0,02548069
-2,948887E-05
0,01663407
-0,02066178
-0,02499462
-0,005393598
-0,03096574
-0,02115813
-0,02600138
0,02772256
0,02551094
-0,02501729
0,0002240771
-0,01723149
-0,03613958
-0,03426631
-0,001520283
-0,02801987
-0,03627589
-0,01815162
-0,005082329
-0,01356741
-0,01820674
-0,03225693
-0,03341346
-0,007276437
-0,02035232
-0,004573216
0,0109544
-0,02823934
-0,0179152
0,02410932
-0,01876025
-0,004253635
0,006961962
0,001479538
0,003152262
-0,01859857
0,01368561
0,02561105
0,0102691
-0,03042332
-0,009906653
-0,02215318
-0,02071075
0,03056279
0,02175448
0,0003625595
0,00820422
-0,01339068
0,01161708
-0,006160823
0,0214547
-0,002028507
-0,02859424
0,004299755
-0,02630663
0,0004814428
-0,03053863
0,003982481
-0,02419324
-0,001360294
-0,01331205
0,02584827
0,003613588
0,02164346
0,0170158
-0,0306496
-0,002648572
-0,01130388
-0,01592418
-0,0209226
-0,0134151
-0,03020841
0,002601394
-0,004899533
-0,02906256
-0,02104413
-0,03223534
-0,02701745
0,007873246
0,01548974
0,01960856
0,001423802
-0,004370874
0,02248213
-0,02555756
0,0159161
-0,006638721
-0,02814548
-0,002792113
-0,0296772
-0,01896139
-0,02086721
0,01953911
-0,01878625
0,009803831
-0,008848042
-0,002365087
-0,01835853
-0,02457377
0,01297756
0,01778198
-0,02386288
0,01675376
-0,01342816
0,02506923
0,008270911
0,01482355
-0,003476878
-0,003424344
0,01587346
-0,002928622
0,01823406
0,01604365
-0,01886005
0,0004140565
0,01122645
-0,006908807
0,007351481
0,009572051
-0,03521167
0,001218948
-0,005212131
-0,04257023
-0,01414658
-0,02882292
-0,02197016
-0,01381901
-0,002086982
0,02168057
0,01327096
0,01539883
0,02231517
-0,02739063
0,02873381
-0,03103597
0,01384145
0,01275335
-0,02324794
0,02697386
-0,00535686
0,02987728
0,025968
0,004533446
0,009850063
0,004483931
-0,009611746
-0,01297059
0,005553716
0,006862272
0,02186002
0,01747289
0,009572683
-0,01418368
0,02518038
0,02569892
-0,01913762
-0,02625043
-0,01008629
-0,02317058
0,006668534
-0,01592264
-0,02035546
-0,002089278
0,007836273
0,02356508
-0,004236998
0,007252054
0,01365155
-0,03166693
0,008261319
-0,03716659
-0,013845
0,01094635
-0,01186298
-0,03175
0,01211292
-0,03326751
-0,009687847
0,01776876
0,01834651
-0,03217169
0,01688315
0,0246827
-0,02765838
0,03032942
-0,02199624
0,003689879
-0,02334448
0,02981495
0,01761007
0,009311955
-0,009667277
0,02764748
-0,01358621
-0,02288291
0,01459785
-0,007697296
0,02410689
0,01047678
-0,03028329
0,003714399
-0,007712504
-0,01015235
0,01645528
0,01217961
-0,01181385
0,01523106
0,02064509
0,01610099
-0,02511455
-0,02757099
0,008811926
-0,002977497
-0,01661322
-0,0002473248
-0,006664452
-0,01622595
-0,009467882
-0,000307197
0,0117578
0,02366892
-0,0009773233
0,0145979
-0,01303407
-0,02883647
0,00904222
-0,003413468
0,001283928
-0,014054
-0,009388648
-0,006683688
-0,02207144
0,01080858
0,01994833
-0,01435792
0,007605145
-0,003457748
-0,02437249
-0,01303265
0,008920979
-0,008620008
0,01247664
-0,01132689
0,01981596
0,009179501
0,02488526
0,01882259
0,007555158
0,006343019
0,00572315
-0,007512774
0,02239847
-0,0183784
0,02166734
-0,03272469
0,02225658
-0,00252877
0,022175
0,007380317
-0,03387741
0,01698177
-0,02209303
-0,002757672
-0,009622583
0,006776667
0,02084642
-0,03199326
0,00658821
-0,03354111
-0,03594365
-0,03690657
-0,02821721
-0,03052594
-0,03886389
-0,009424036
-0,01613407
-0,01307087
-0,03051088
0,01366696
-0,01718166
0,02343135
0,02001962
0,02805332
0,01217346
-0,03096144
0,002683093
0,02408046
0,01722599
0,01957947
-0,008569959
-0,02249559
0,002954514
-0,001380919
-0,01259493
0,01835549
-0,02296809
-0,02118411
0,02367814
-0,02611421
0,008833737
0,02083636
-0,02205764
0,005170916
0,002936001
-0,0008239021
-0,02281133
0,0127126
-0,0174771
-0,005745964
0,01163837
0,001037243
-0,007675829
-0,02848357
-0,01284577
-0,03102384
0,02106317
-0,02608392
0,009134988
-0,01674162
-0,03142418
-0,03474867
-0,0281455
0,008323076
0,003207793
0,02002112
-0,002236123
0,01195292
0,02296295
-0,02152413
-0,01575183
-0,02622512
-0,00485266
0,02907647
-0,02262994
-0,007367068
0,01807567
-0,01479361
-0,005468642
-0,01843237
0,02156959
0,0229422
0,01206436
-0,008613979
-0,02343155
0,0179749
0,01319887
-0,00378535
-0,02475922
-0,0173342
0,01744537
0,02204934
-0,01047809
-0,00214093
0,02275318
0,003705946
0,004006363
-0,01294086
0,02556235
0,008060763
0,02870617
-0,009443817
0,01457094
-0,03587443
-0,03449304
-0,00184721
-0,03152817
-0,01495782
0,01762809
0,02000312
-0,02046456
0,006717161
0,01001424
-0,003588658
-0,007887425
-0,02240828
-0,01399563
0,02088118
0,01116657
0,01868116
-0,02279356
-0,02687183
0,009334766
0,01167183
-0,005115932
-0,001660879
0,0182903
0,02802022
-0,02572804
0,003508241
0,01858264
0,000432377
-0,009533617
0,01480203
-0,01812324
-0,001083436
-0,02416397
0,01156513
-0,015764
0,0014101
0,01032657
-0,01254152
-0,005048325
-0,02554925
0,02240991
-0,02823844
-0,03224985
0,01300175
0,0261216
0,005234899
-0,01924261
0,008840788
0,002694022
-0,03511405
-0,01262172
0,01622289
0,003004991
-0,03524539
-0,005810329
-0,003444349
0,006224458
-0,03061184
-0,01928993
-0,0151151
-0,03065263
0,007503456
-0,01175446
-0,02725973
-0,01020352
-0,03431335
-0,02443889
0,009959204
0,008304069
-0,02013933
-0,01717487
0,02461583
0,008043294
0,004042983
0,01597153
-0,01029622
-0,001523318
-0,02310528
-0,0297345
-0,003987617
-0,00883253
-0,02278849
0,0265603
-0,01242034
-0,01285621
-0,01330315
0,01516049
-0,030097
-0,02527509
0,005716281
0,01221696
-0,003736176
0,02608405
-0,02864717
0,02698981
-0,02303901
0,006712736
0,02103337
-0,0169041
0,01730934
-0,01077806
-0,01151591
-0,03952836
-0,02019858
0,007640921
-0,008129379
-0,0246811
-0,03510366
-0,02296258
-0,02801527
-0,02919525
0,002073639
-0,02669412
0,01946113
-0,03320762
-0,0324339
0,01517035
-0,02692083
0,01738635
-0,02318345
-0,01391424
-0,01977904
0,005023659
-0,02845111
-0,002830436
0,01194298
0,02851355
0,004735482
0,007235495
0,006074428
0,009959141
0,004541476
0,01998997
-0,02405678
0,02874198
0,02167256
-0,02411376
0,003845024
-0,001519855
0,01231356
-0,03055901
0,007142319
0,008405627
0,01791501
-0,00286943
-0,02735364
-0,01228607
-0,03516875
-0,03541132
0,01768231
-0,01861838
-0,006207817
-0,03725363
-0,03071685
-0,002282621
-0,02252598
0,01546243
-0,03937464
0,0119255
-0,0383803
-0,00274768
0,006640118
-0,004868495
0,009062598
0,002562595
0,0008505465
0,01594424
-0,02929665
0,02356184
-0,02001915
0,02637755
-0,01537921
0,009233318
-0,02369719
-0,02429524
0,008340635
-0,001255931
0,01538699
0,003782689
-0,007979935
-0,008311688
0,02790998
0,004713837
0,0134652
-0,01401584
-0,02391771
0,001498381
0,01135981
0,0004041909
0,01223145
0,02355888
-0,02782421
0,01013962
-0,01168392
-0,02205144
-0,01191206
-0,02525744
0,02404132
-0,02011163
0,01476505
-0,02260009
-0,0198124
-0,0347426
0,009971804
0,01710645
-0,03437204
0,01917799
0,02254437
-0,03734975
0,01666429
0,009733002
-0,02745242
-0,008193964
-0,002720464
0,01110927
0,003620033
-0,0285657
0,01451911
-0,005723286
-0,003466432
-0,02710962
-0,02079218
0,003992382
-0,01861859
-0,01408149
0,02212157
0,005470063
-0,0121268
0,0269567
0,01651437
0,001399218
0,0009899627
0,0004363532
0,01183713
-0,02318995
-0,0256836
0,0236061
0,01644109
0,01805717
-0,01713967
-0,02126663
0,0009992936
0,005288651
-0,0001550949
0,02506348
0,01484538
0,006177715
-0,02659801
0,0006424047
-0,004555563
-0,02328216
-0,01854935
-0,007802298
0,009051537
0,009021933
-0,0368385
0,001698009
0,01396496
-0,01024249
-0,0359237
-0,01129181
2,389949E-05
-0,03176178
-0,01872809
-0,0100431
-0,02032515
0,003773697
0,01161722
-0,007585064
0,00999246
0,01563644
-0,009815158
-0,02928711
-0,01660917
-0,01169859
0,003015265
0,003214882
-0,02721475
-0,01512323
-0,0004333672
-0,01705852
-0,002834773
0,01364173
-0,004915047
0,004180467
-0,01894889
0,02917806
0,01304881
0,02336048
-0,02849375
-0,00778426
0,02561108
-0,01481484
0,01248509
0,01600692
0,001203487
5,42717E-05
-0,01236391
-0,03142572
0,006192284
-0,02862437
0,01757979
0,008554386
0,01654128
0,007691944
0,011454
-0,02413938
-0,02965914
-0,02116878
-0,02888097
-0,005888791
0,003799432
0,007152773
-0,03053941
0,01756719
-0,0349067
0,01780659
0,001568095
0,008691643
-0,01660182
-0,01439239
0,02382423
0,02069272
-0,009215671
-0,01267333
0,01646871
-0,02495907
-0,01197177
-0,001687754
0,01594999
-0,02863585
-0,01787467
0,02915633
0,005125313
-0,008005265
-0,01167723
0,01313915
0,01934685
0,008218322
0,01311272
0,02182502
0,007837197
-0,01436809
0,007424332
0,0001245165
0,01132303
-0,01133155
-0,02015037
0,01563419
0,005619616
0,003897703
0,01437875
0,0005663838
0,01362509
-0,009085762
-0,02844304
-0,0398623
-0,02076302
-0,00706292
-0,03993243
0,007192981
0,02516918
0,01667449
0,005418018
-0,02251891
-0,01522554
0,004867074
-0,03060834
0,00846841
0,001065303
-0,01274217
-0,02610707
0,02728509
0,02849752
-0,009763558
0,005888448
0,00747937
-0,01891162
0,01899507
0,004037473
-0,00537491
0,02114275
-0,00265913
0,01538066
-0,02268667
-0,02368013
0,003076276
-0,02212012
-0,01995977
-0,02045299
-0,01538611
-0,01251238
-0,01867239
0,008412776
0,02940954
0,0254854
0,01966259
0,0005516426
-0,01172519
-0,024733
-0,0344086
-0,02372099
-0,002890549
-0,01820824
-0,008254829
-0,006747765
0,01700245
0,0005473204
-0,01182832
0,007665507
-0,002714578
0,01503304
-0,002190231
-0,03716009
-0,002321274
0,02036076
-0,001651054
-0,02663681
0,003038617
-0,0238116
0,01595327
0,000614951
0,02210008
-0,0008417609
-0,01280936
-0,03000535
0,02411297
-0,009859325
-0,0294543
-0,003548837
0,01458279
-0,02926858
0,01674245
0,007501859
0,001429265
-0,02325435
-0,01403927
-0,02501
-0,0125001
0,005270869
-0,01818918
0,02210617
0,009810517
-0,007643493
0,006165481
-0,006040129
0,01386095
-0,02381683
-0,03291361
-0,0333291
-0,01671921
0,009353602
-0,03540612
-0,01618698
-0,01191839
-0,009018594
-0,01549667
-0,03432954
-0,04112405
-0,01739218
-0,0026535
-0,004368615
0,004342251
-0,03790586
-0,03466078
-0,001298291
-0,02714504
0,02709658
-0,0005098731
-0,001864916
0,0094879
-0,005794205
0,01476086
-0,03060839
0,02470426
0,02346449
0,02354851
0,0008139646
0,02555214
0,0248659
-0,01255451
0,01548818
-0,009920191
0,03049697
-0,02439217
0,02781837
0,02906669
-0,005364215
-0,02198681
-0,03121566
0,01317936
-0,01902037
-0,02440653
0,02612859
0,0266669
0,005826653
-0,0193691
0,003976332
-0,01550353
-0,03353701
-0,02012114
0,008751854
0,001252671
-0,006507646
-0,01707822
0,01494155
-0,0420006
-0,03844138
-0,01790339
-0,01106311
-0,006338926
0,01472419
-0,03061214
-0,03455278
-0,03099116
0,02162802
-0,01789155
0,01001452
0,0256689
-0,02502191
0,006119699
0,007859436
0,01665575
-0,0002795434
0,01574038
-0,002428201
-0,01076109
0,02232361
-0,02353561
-0,01055537
0,01222215
-0,01255757
-0,01750752
0,02576387
0,007987409
0,001859674
-0,02253514
0,01714972
0,005232383
-0,02164485
0,02548745
0,02737575
-0,02958249
0,00886253
-0,007200749
0,0182054
-0,02982356
0,02819088
0,01261544
0,02624531
-0,01911603
-0,007275674
0,0007329103
-0,02819434
-0,01634156
-0,002957606
0,01763508
-0,03422473
0,005436735
0,01422354
-0,002895106
-0,02963771
0,01850643
-0,03551928
0,01275428
-0,01466377
0,009120022
-0,01625909
-0,002639366
0,004657303
0,01791543
-0,002245499
-0,02827038
0,0169577
-0,02080649
0,009864346
0,007123927
-0,020974
-0,02229302
0,02786057
-0,00298252
-0,008139944
-0,02457491
-0,02273896
0,03083281
-0,02124235
0,008165023
-0,03100507
6,973462E-05
0,0291854
0,004173335
-0,02912201
-0,02992531
0,01267327
0,001038587
0,01368703
0,02759155
0,02382503
0,01424251
-0,03180522
-0,02933087
0,008025018
-0,007694405
-0,02610931
-0,02510183
0,01118736
-0,01064727
0,009558543
-0,03931004
0,006308217
-0,03920199
0,00997284
0,02341109
0,01136492
-0,01077003
-0,02010101
-0,03024
0,01799836
-0,02479445
0,01165632
0,01194015
0,01013497
0,01384967
-0,001748037
-0,03077018
0,01490154
-0,003593382
-0,009585432
-0,01359627
-0,004812521
0,01022767
0,01162174
-0,009349725
-0,02568793
0,02194464
0,0101428
0,02273602
0,02633341
0,02401966
-0,02350637
0,00782468
0,01594375
0,02522544
0,01369857
0,02553231
0,01314392
-0,02970332
-0,01967089
-0,01929135
-0,01964262
0,007384465
-0,02571367
0,01432217
-0,03084089
-0,01563939
-0,01550311
-0,03765657
0,02344437
-0,02842766
-0,00900908
-0,01017252
-0,02838009
-0,0024668
0,001481889
-0,03203424
-0,01655149
-0,004633251
0,02566252
0,02800978
0,01858377
-0,006550969
-0,01910931
0,02530492
0,0295966
-0,03043344
0,0229413
0,01243858
0,02939483
0,000439519
-0,01634046
0,01279676
-0,01654544
-0,02522301
0,03041339
0,0157955
-9,855648E-05
0,0202867
-0,01810719
0,01149085
-0,006904094
0,006028394
0,02205486
0,009847495
-0,009450463
0,004949849
-0,003700297
-0,01999526
-0,01239017
0,007124479
0,006855626
-0,01533218
-0,02766511
-0,02209996
-0,007005828
0,01830265
-0,009178148
-0,02470267
0,01492197
-0,03421545
-0,01033822
0,00467291
-0,03331099
-0,007820716
0,02446841
0,01312186
-0,02111078
-0,02874511
0,002525736
0,01926014
0,003647955
-0,002380106
-0,01409832
-0,01733739
0,003014335
-0,02247805
-0,003597496
-0,004513252
-0,000264758
-0,01263137
0,0001233279
0,008081337
-0,009400214
-0,01224199
0,01964206
0,02608682
0,0057003
0,02835554
0,006547981
-0,02585116
-0,01754938
-0,01850589
0,02542792
-0,02778257
-0,02059432
0,006383131
0,0008415705
-0,008118878
0,01328911
0,005383914
-0,004692252
-0,006573735
0,007385705
-0,006612299
-0,03420723
-0,02592364
-0,03879377
0,01456405
0,003277033
-0,02035436
-0,0113031
-0,03373096
0,009728404
0,003382256
0,006107815
0,01812085
-0,01081023
0,0104878
0,006355953
-0,03311808
-0,02209276
-0,01794836
-0,001624141
0,000981579
0,008453599
-0,008846411
-0,001215805
-0,02199218
-0,03047862
0,02202886
0,003614983
-0,02864753
0,008333465
0,02011921
0,01868001
-0,02589568
0,02713232
0,02165343
-0,01754186
0,004921089
0,01877844
0,008364644
-0,01774482
-0,01557409
0,004009475
-0,02328686
-0,005819651
-0,01188617
-0,004457763
-0,01236655
-0,01599246
0,01657058
0,01177018
0,008417852
-0,00998223
-0,02488964
0,01898977
-0,02935371
0,01339177
0,006690687
0,006433938
0,02103349
0,01904203
0,01418889
0,01407443
-0,008746015
-0,009161599
0,02108601
0,01307062
6,202937E-06
0,02097325
0,001640107
0,002424157
-0,02788128
-0,02095638
-0,0001929439
0,02780859
-0,01889975
0,02247055
-0,002483942
0,02450197
-0,02383561
0,00998898
0,0091496
0,004011976
0,01504734
-0,01492863
0,02136447
-0,01142566
0,001150489
-0,02589153
0,01354522
0,02473483
-0,004415873
0,02050492
0,02195838
0,01205153
-0,009761854
-0,006420222
-0,02438564
0,01150509
-0,0003786331
0,001928835
0,02008721
-0,01044022
0,005183373
-0,02669312
0,00231483
-0,004161797
0,01931265
-0,02495727
0,005909844
-0,02084096
-0,01260019
0,01474126
0,002349142
-0,01983278
-0,01897398
-0,01757765
-0,03123961
-0,02119176
0,004905849
0,006357165
-0,01683589
-0,003608011
-0,02241658
0,006597776
-0,02457869
-0,02105326
-0,0164666
0,01459011
0,003239225
0,01156219
0,01311004
0,01589638
-0,007444975
-0,0003826233
0,01328043
-0,01848258
0,01751345
-0,0031041
-2,26135E-05
-0,01569975
-0,01002373
-0,01546771
-0,01455843
-0,005542399
-0,003372036
0,002506686
-0,01926905
0,01070113
-0,001421885
-0,02546862
-0,01140189
0,01897234
-0,03209352
0,01181915
-0,01935242
-0,008746384
-0,02177413
-0,03274483
-0,02779954
-0,002612174
-0,01636126
-0,02124147
0,008470859
-0,02971475
0,0002537933
0,007564809
-0,004079551
-0,02371147
0,002321639
-0,02559678
-0,003766012
0,003680485
0,01110792
-0,01151885
-0,01506318
0,02689771
-0,02251703
0,01031749
-0,02445906
-0,003068212
0,02197698
0,002197517
-0,01606371
-0,006283934
-0,01802233
0,01253877
0,006410601
-0,007074743
-0,02592195
-0,01889178
0,01968646
0,007942581
-0,01464396
0,0227135
0,01843365
-0,02965453
-0,003077221
-0,02030789
0,01865207
0,01524612
-0,02742358
-0,03129167
-0,03170289
-0,01783997
-0,001989488
0,01336919
-0,02725972
0,006371054
-0,0006022847
-0,01174051
-0,0156854
0,001565745
-0,03224672
0,01023241
0,01014293
0,02030079
-0,03048175
-0,01146641
0,02073677
0,0217813
-0,02716857
-0,02837267
-0,02807016
-0,01056859
-0,01840864
0,01753682
-0,01360357
0,01496323
-0,003713039
-0,0182943
-0,006051091
0,02417745
0,01715263
-0,01633221
-0,01597491
0,01087772
-0,009742104
0,01608966
0,01157022
-0,01203822
-0,006613132
0,01908888
0,01527645
0,007707406
0,01700747
-0,02067615
0,002953356
-0,000404297
-0,01998772
-0,03295598
-0,03426016
-0,028442
-0,01890611
-0,03894834
0,007661756
-0,03492185
-0,03788912
0,005658801
-0,02773597
0,0162596
-0,0008642318
-0,0008652089
-0,01150646
-0,004729631
-0,02879103
-0,002140719
0,02234827
0,0182671
-0,00126236
-0,02925288
-0,003377976
-0,01508626
0,008807294
0,003209025
-0,00441862
-0,01774715
-0,01385861
-0,006383613
-0,0003214224
0,03040755
-0,01918584
0,01382906
0,002164901
-0,006311166
-0,02092484
-0,01957349
0,0007234708
0,01285038
-0,00858819
-0,02510668
0,003420907
0,001456166
0,002186962
0,01557176
0,007923524
0,0179198
-0,008626233
-0,01691163
0,004893642
-0,01116266
-0,01736249
0,009167577
-0,03111029
-0,02902694
-0,005375279
0,007679469
-0,007017439
0,008875834
-0,003241485
-0,0007840393
0,01494354
0,007367228
-0,01316811
-0,01653755
0,01175053
0,02619928
-0,02783931
0,02913599
-0,01050628
0,02068139
0,02682248
-0,02300525
-0,004471158
-0,007682603
-0,003019226
0,02629906
0,0122207
0,02313972
0,02155956
0,004798731
0,01589856
0,02902449
0,01624078
-0,02177926
0,009258961
-0,007063111
0,006145983
-0,01175092
0,01733154
-0,01151968
0,005108682
0,011673
-0,02278683
0,01514089
-0,02087645
0,01731546
-0,02147192
-0,01893901
-0,03047233
0,01453767
0,0142301
-0,008562263
0,02044588
0,004917524
-0,01785079
-0,03005441
-0,02048375
0,005968765
0,006937688
-0,002067158
-0,03252879
0,002890216
0,0208302
-0,03150652
0,020198
0,02456503
0,02769826
-0,0187256
0,003982031
-0,01012197
-0,01661436
0,01109813
-0,02048636
0,02927373
-0,01552848
-0,0158702
0,02840568
0,008260905
-0,02251602
0,008126366
0,01443875
-0,007339464
0,01859712
-0,02794226
0,01572101
-0,01358574
-0,03131621
-0,03146806
0,01282733
-0,004379067
-0,02964097
0,02277244
0,003120115
-0,0231708
-0,02253
0,01813431
0,009986664
-0,02671655
0,02179197
-0,0163189
0,01805095
0,02377539
0,007859223
0,004478501
-0,007063353
-0,03366774
-0,0212061
0,02095934
-0,008959241
-0,02909181
-0,02193776
0,004487221
0,0001414102
-0,02658041
0,02278444
0,01340141
0,02186784
0,02497749
-0,01404044
0,003984595
0,0223587
0,02567077
-0,0008780217
-0,02248534
-0,01162856
-0,00897731
-0,02308358
0,03050159
0,01479291
-0,01059599
-0,001832118
0,01960661
0,01087682
0,01714507
0,01665926
0,01433925
0,007014193
-0,02539063
-0,002200022
0,007670436
0,02702282
-0,03049823
-7,724772E-05
0,0006780513
-0,02434708
-0,01747816
-0,01484667
-0,002688052
-0,01625192
-0,003402087
-0,03061332
0,01651804
0,01904784
-0,01508297
-0,01400733
0,01522232
-0,01063242
-0,005827385
-0,01607741
-0,02750907
-0,04005766
-0,01994039
-0,02489838
-0,02708173
0,01043871
-0,006352345
-0,03002955
0,01735744
-0,01179959
-0,02077314
-0,02562026
0,01800869
-0,003430825
0,00729039
0,004138138
0,02171714
-0,00367821
0,02782644
0,02712936
-0,0297343
-0,02857362
0,006312654
0,01310051
-0,01651853
-0,01294873
0,007216839
0,02658761
-0,01172355
-0,01031449
0,02031869
-0,01880696
-0,02856915
0,008167238
-0,01865653
0,004678138
0,006951924
0,01278036
-0,01208935
0,01671669
0,00924612
-0,02324376
-0,00637016
-0,02555836
-0,0345001
-0,01728419
-0,02832443
-0,01930084
-0,0265829
0,00758237
-0,004143169
-0,01050406
-0,006781564
-0,001532101
-0,01168996
-0,02279542
-0,009860868
0,003011266
-0,03155014
0,02007421
-0,02707926
-0,001565449
0,01466385
-0,004294923
-0,003829527
0,0238692
-0,02782641
-0,02011041
-0,0172725
0,02835955
0,02331491
-0,02546446
-0,0242388
-0,022398
-0,01815864
0,01607175
-2,735358E-05
-0,00499572
0,005704977
0,01843825
-0,02757329
-0,01923335
0,008520743
-0,004089403
0,01113185
-0,007309903
0,01134591
-0,008046803
-0,01878671
-0,03234572
-0,02134508
-0,03476798
0,008193403
-0,008351869
0,005985527
-0,02380568
-0,009968505
-0,03975274
0,001921792
-0,02591996
-0,01659366
-0,03654269
-0,02648653
-0,0205742
0,02010812
-0,0008304977
-0,01238986
-0,007902342
-0,003988803
0,008521331
0,008280764
0,0286608
-0,03022209
-0,01826435
0,01589416
0,01902411
0,01988771
-0,01297775
0,01265861
-0,02974546
-0,02002603
0,009343966
0,02667332
-0,02105352
0,01273899
0,01869769
-0,01183378
0,008478857
-0,007366466
0,02808174
-0,0126822
-0,003748365
0,008994768
-0,01015903
-0,007112491
-0,03117689
-0,02849194
-0,01138547
-0,0003903622
-0,02031026
-0,02997695
-0,01811403
0,02086561
0,0006185839
-0,01710607
-0,02589318
-0,03746706
-0,01027149
-0,002707716
0,01884522
-0,01344186
-0,02834828
-0,01861484
0,008153942
-0,02980232
0,01181693
-0,02775652
-0,03389885
0,001369232
-0,02376126
-0,01970671
0,0116975
-0,02821591
-0,000691504
-0,01119921
-0,01783297
-0,01136347
0,008971417
0,01635073
0,01346984
0,01196983
-0,00367397
0,01423497
-0,00340409
0,02560914
0,02211661
0,01238538
-0,01109613
0,01546426
-0,003993008
0,01181355
0,01407102
0,02585616
-0,007433209
-0,002221038
-0,02642666
-0,02464234
0,02349054
-0,01416151
0,007327816
0,01984956
-0,03237864
0,01073062
-0,01153847
-0,03701092
-0,01945621
-0,02494954
-0,01603817
-0,02670848
-0,02922916
0,01890364
-0,01186114
0,01033159
0,02381849
-0,02034988
0,02834622
-0,005563727
0,01984079
0,01743125
-0,01923985
-0,02973392
0,01556224
-0,01664799
-0,02478748
-0,006322358
-0,00186793
0,01642626
0,005931935
0,02799359
-0,01798007
-0,02844363
-0,006078165
-0,009354807
-0,02660878
0,01485121
0,005885681
0,007017625
-0,01270454
-0,006587322
0,003950535
0,004939791
-0,01534751
-0,02669902
0,001543567
-0,004273641
-0,017147
0,02291618
0,02579841
-0,02281392
-0,001765852
0,004626574
-0,01875644
-0,03219198
-0,03215014
0,001669227
-0,02723233
0,0138568
0,001411534
-0,04029849
-0,003412892
-0,001867668
0,004355656
-0,007760339
-0,03379006
-0,0261254
-0,0001313621
-0,02842267
0,01343923
-0,01839888
0,00749478
-0,008466521
-0,0209404
-0,002473499
-0,01801445
0,005533074
0,01541525
0,01134703
0,009131291
0,006989133
-0,02237122
0,001588215
0,01672463
-0,005206039
-0,004970006
0,0008619867
0,01448325
-0,01208074
-0,01796687
-0,009919879
0,0003474733
0,01119796
0,02328055
-0,01358537
0,01815329
-0,03395423
0,02210235
0,01344856
0,02662103
-0,0089635
0,01693938
-0,02941514
-0,02792997
0,009028475
-0,007620846
-0,02835236
-0,006955907
0,01094759
0,009244887
-0,01010657
0,01912679
-0,006992179
-0,02470252
-0,03113924
0,01758073
-0,03109715
0,01445578
-0,0176822
-0,02534507
0,003391715
-0,005318577
-0,01527372
0,02152503
-0,007845853
0,009318736
0,02551298
-0,003069715
0,02115867
0,008632284
-0,01567513
0,01226845
0,03034473
0,01238934
-0,01586427
0,01017381
0,02609959
-0,01225012
0,02834458
0,02118852
-0,01769955
0,02731333
0,02406109
-0,006832986
0,01214429
-0,005748618
-0,02792579
-0,0007479226
0,01936409
-0,008562244
0,01311625
-0,02475361
0,002100648
0,003602032
-0,01217471
-0,03759556
0,001802583
-0,0214438
0,009502048
-0,03589583
-0,004789411
0,005117555
-0,0008965901
-0,02726433
0,002627609
0,0138037
0,01937322
0,01550519
0,02955081
-0,005297722
0,02799224
0,01379959
0,01830904
-0,00519904
0,02123101
0,002234255
-0,0007487881
0,01979831
-0,0230844
0,025752
0,008469275
-0,003078452
0,008049269
-0,001994358
0,02255044
-0,02800117
-0,028632
-0,01219437
-0,01598803
-0,0186933
0,02778946
0,00521797
-0,001250545
0,02274164
-0,0172101
-0,002367847
-0,01038268
0,01293379
0,01738081
0,01973419
-0,005396468
-0,02179693
-0,008005946
-0,01656811
-0,0102296
-0,0338016
-0,01156491
-0,02321007
0,0112255
0,01342243
-0,007161895
0,01326844
-0,02829966
0,01878788
-0,005927512
-0,02398352
-0,02794162
-0,02168885
-0,01264362
0,004109273
0,01465118
0,005090053
0,002011641
0,01853923
-0,001782386
-0,01048455
-0,01538205
0,02653865
-0,02244901
-0,01071694
-0,01594906
0,01636998
-0,0282233
-0,01754055
-0,00552991
-0,006878902
0,02564439
-0,01625775
-0,02927259
0,01783638
0,007871307
0,01653401
-0,003755428
-0,01027004
0,01070142
-0,02636381
-0,009061201
0,001169486
-0,009949511
-0,03105391
-0,008664186
-0,02993063
-0,01079136
-0,02397231
-0,02763001
0,02132857
0,00654947
0,003970211
0,01678746
-0,03450797
0,009075805
-0,01223264
-0,02906331
-0,004455567
0,002635821
0,01132212
0,01738376
0,02759618
-0,002796849
-0,02614225
-0,01737924
0,02137518
-0,01955027
-0,000161765
0,02468974
0,02943286
-0,02054623
-0,01860398
-0,0261466
-0,009311672
0,02698269
0,01128968
0,003031927
-0,02563557
0,02523354
-0,02486338
-0,01109502
0,01978735
-0,02901448
-0,000665186
0,01231261
-0,017856
-0,0118206
0,02459785
-0,0302538
-0,01828496
0,006794509
0,02402626
0,007584274
0,02242366
-0,01661416
-0,01120992
-0,03411364
-0,01909778
0,01359269
-0,0006085355
0,0205674
0,01718414
-0,02149131
-0,03049756
0,006052132
-0,00915204
0,001572613
-0,003337381
-0,02911189
-0,02822979
0,01956128
-0,03028544
0,005373306
0,002388416
-0,005940748
-0,0307307
0,02623031
-0,02970772
-0,007708024
-0,0282642
0,002423238
-0,01499405
-0,003545792
0,01060922
-0,0118424
-0,01787311
0,001049285
-0,02227586
-0,02652472
0,0002772071
0,006526023
-0,01517782
-0,01728644
-0,01170385
-0,02116948
-0,00693337
0,0004873432
0,02059378
0,01324965
-0,01887874
0,001247499
0,01185335
0,01110365
0,01963548
-0,01338863
0,00276028
-0,01517272
-0,02792852
-0,003699467
-0,0232027
-0,01075627
-0,03765702
0,01590141
0,005533214
-0,0395172
0,002956331
-0,008867985
-0,001445758
0,01602612
-0,002381834
0,02593744
-1,663079E-05
-0,001795655
0,008031291
-0,000495506
0,008067621
0,01754103
-0,01577432
-0,00690585
0,03027941
-0,002396932
-0,0260558
-0,01415545
-0,02150335
-0,0001529512
0,01839584
-0,0008353148
0,0003586174
-0,01048984
0,009119747
0,01969719
-0,004543509
0,006943066
0,01418007
-0,03166657
0,002331167
-0,01073161
-0,003362934
-0,01267229
-0,005738623
0,02159734
0,02451433
0,0246518
-0,02728682
-0,02134079
-0,03461451
-0,02050161
-0,03059102
-0,01096996
0,005574483
0,01241753
-0,03551832
5,17968E-05
-0,01171131
0,009296555
-0,01268192
0,009892913
0,009067955
-0,01758024
-0,02169964
-0,01795315
0,02941097
-0,01413378
-0,01775689
0,01222064
0,002989775
0,02691921
0,01504174
0,007416532
0,02704338
-0,01307286
-0,01001534
0,02652877
0,02648148
-0,02634711
0,003001356
-0,02472342
-0,0253781
0,02289163
-0,000351966
0,004389535
-0,008102097
-0,02685426
0,005191096
0,01814896
0,01426165
0,01088659
-0,02629883
0,02608932
0,000986155
0,01319982
0,0003989589
-0,02485142
-0,03208674
-0,02081974
0,02290357
0,002808848
0,007838648
-0,01124624
0,001966544
-0,0362118
-0,01354145
-0,01760686
-0,01349238
-0,0130255
-0,006385153
-0,02834282
0,009326861
-0,007283744
-0,01706673
-0,01235094
0,01323385
0,02394425
0,01970486
0,01034182
0,02155655
0,02550465
0,01076309
-0,002705703
0,02995329
0,02179067
0,021659
0,0189344
-0,02830038
-0,01863854
0,01466517
-0,01875779
0,02197284
0,01108029
-0,02242924
0,02519589
-0,009285907
0,008135102
-0,01832758
-0,007007849
-0,02417412
0,02421078
0,002389972
-0,02093629
-0,01476347
0,0006126512
0,02400819
0,002167833
0,005020916
-0,01777836
-0,03406747
0,002578131
-0,01613878
-0,01492086
-0,0176113
-0,04138104
0,01712706
-0,02557957
-0,01315755
0,01204122
-0,02549813
0,001970089
-0,01211919
-0,01833522
0,007541535
-0,01078494
-0,01035877
-0,02599343
-0,007887037
-0,006858237
0,0279734
-0,02506138
0,01333735
-0,004495739
0,003064583
0,02848315
-0,00824476
0,0007623864
-0,01859869
-0,003233946
0,02700262
-0,0146752
-0,02131775
0,01584034
-0,01982822
-0,02635253
0,01940195
-0,00379294
-0,01469936
-0,025617
0,02751818
-0,02890272
-0,02260485
-0,01094894
-0,02155299
-0,00438072
-0,007339997
-0,01860934
-0,004000997
0,02244065
-0,0211148
0,01446946
-0,0198925
-0,01971356
-0,02331577
0,01662348
0,01549385
0,01265861
0,01159159
-0,01002636
0,002581366
-0,01110352
-0,03003822
-0,03458046
0,02061543
0,02779965
-0,0009460167
0,01153634
-0,02099222
0,006587085
-0,002422537
0,0209718
0,01971859
-0,01474708
-0,006381952
0,02657647
0,02754712
-0,007994517
-0,0153644
-0,02344743
0,001954491
-0,02310385
-0,027812
-0,0136307
-0,01793751
-0,02460481
0,02986602
0,02066482
-0,00245984
-0,0163318
-0,02426987
0,02310913
0,001951306
0,01539551
-0,007314522
0,001006317
0,02761383
-0,02343058
-0,005543048
-0,0236456
0,02068882
0,009424101
-0,02672557
0,01339327
-0,01467196
-0,01882047
-0,04142559
-0,0415634
0,01424636
-0,01598484
0,02447022
-0,002683649
0,006812327
0,009272564
0,02200906
-0,001047844
-0,008734059
0,01803526
0,0194961
0,01871769
0,02952226
0,01012838
-0,01687568
0,02384281
0,001242637
0,004941469
-0,01307521
-0,02884834
0,01874376
0,02228068
0,02906456
0,01943115
0,02640337
-0,02642993
-0,02023948
0,01766752
0,02984916
-0,01930463
0,01977558
0,02088629
-0,0261314
0,02617937
0,0238152
-0,02709521
-0,01597258
-0,0006571127
-0,01622861
0,01852263
0,01888926
0,02130889
-0,02746223
-0,02732812
-0,01712327
0,002610241
-0,02576356
-0,02160546
-0,006697488
-0,02407843
-0,01743553
0,01437506
-0,0329297
0,022181
-0,02396707
-0,03400941
-0,01111699
-0,02330241
0,006077397
0,006313767
0,005833465
-0,01906347
0,002486009
-0,01707697
0,03112209
0,02731235
0,01255753
-0,02971545
0,01311292
-0,02433734
0,006506417
0,02888731
-0,009526946
-0,001906966
-0,01909041
0,02612277
0,01260887
0,02040944
-0,0005932689
-0,0128998
0,02083477
0,02527119
-0,01608379
0,01492285
0,01997224
0,02747854
0,01423408
-0,02586941
0,01543724
0,02268052
0,01050468
-0,02610428
0,01797961
0,002438941
-0,02329543
0,00438732
-0,0181687
0,01742491
-0,03017857
-0,01198861
0,02011615
-0,02497374
-0,004526581
-0,01132043
0,001238399
-0,01275235
0,0004891224
0,004162748
0,01545382
-0,01429578
-0,009171226
0,003663584
0,009756324
-0,008622171
0,01632919
0,01044975
0,02337069
0,01789234
-0,008748298
-0,02977333
-0,0188553
0,006723723
-0,01617642
0,01907218
-0,007096171
0,000101311
-0,02596045
0,01232448
-0,01642012
-0,0008713508
0,004359162
0,01523852
0,009881631
-0,02299545
-0,009524259
0,009841415
-0,008164045
0,02236043
-0,02010566
-0,0008711424
-0,003185807
-0,02301431
-0,01533638
-0,002264334
-0,0001346262
-0,02689825
-0,00933058
-0,005014429
0,01393856
-0,002120775
0,01122816
-0,005367776
0,0003664042
-0,02657078
-0,02485043
-0,01200635
0,02733615
0,01439102
-0,0297325
-0,02289803
-0,01134763
0,01924483
-0,007234751
-0,01191954
0,01082636
0,003312449
0,02222862
0,002813807
-0,02963234
-0,02356479
-0,01095428
-0,02609256
0,009819086
0,02414193
0,00398525
-0,02791326
-0,01288589
0,0122242
-0,01609759
-0,0172586
-0,02710998
0,002161415
0,01965037
0,009024885
0,009479562
-0,02850098
-0,02008252
0,002144905
0,0287289
-0,02882327
0,009903627
0,005047269
0,0159972
-0,03099637
-0,02521656
0,0007661575
0,01087529
-0,03645464
0,0137679
-0,03969557
-0,02207872
0,01778202
-0,001004735
0,01529599
-0,01878445
0,01254778
0,02642869
0,01217279
0,005777079
-0,02170338
-0,0270702
-0,01378948
0,0007839545
0,02028657
-0,02604205
0,01680387
-0,03007677
0,01413142
0,008173177
0,009063188
-0,007104231
-0,009239594
0,006774256
0,02922742
-0,003411576
0,0123086
-0,01390489
0,008393726
0,0134296
0,02688202
-0,01362937
-0,01263908
0,02258407
-0,01842635
0,02411622
-0,02245072
0,02872623
-0,02631332
-0,002984092
0,02660313
-0,02403414
-0,004968873
0,02434961
0,01634973
0,02246022
-0,01279986
-0,02958209
0,02333588
0,02234123
-0,01191933
-0,0002970519
-0,03383253
-0,0124479
-0,02065965
0,008042478
0,02698464
-0,01049513
0,004718683
-0,009805177
0,001150307
-0,003561311
-0,01467123
0,02874113
0,008434151
0,02257624
0,01383538
-0,007730876
-0,01229897
0,02530265
0,02510359
0,01791123
0,02726404
-0,01139687
0,01155757
0,0004921218
0,02362714
-0,007147205
0,0178766
0,03033704
-0,02740412
0,005106364
-0,01298275
0,009340108
-0,01324759
-0,01122248
-0,01744549
0,02418588
0,0129908
0,004240598
0,02772537
0,01982336
-0,006983841
0,01313753
0,0218459
-0,005251783
0,01791082
-0,0003906873
-0,01450812
0,02304892
-0,01943718
-0,03298293
0,01571426
-0,02948321
-0,02687689
0,008626068
0,008638321
0,0127823
0,009870341
0,009535321
0,01314582
0,002972162
0,0007134209
0,005684289
-0,01368745
0,02663887
-0,02238518
0,004161046
0,008836533
-0,01183747
0,007987273
0,02072167
0,01194692
0,01351499
0,02815012
-0,02652236
-0,007705693
-0,01824688
-0,005104254
-0,01839088
0,007457344
-0,009353084
-0,0275004
0,02002402
0,01382338
-0,03049086
0,01609068
-0,01327476
0,009335413
0,0137795
0,009748139
-0,0006249056
-0,01737211
-0,02831726
0,01643702
-0,009848706
-0,00873704
0,01873045
-0,006653944
0,02351931
-0,01189418
-0,01420343
0,02377879
-0,02793857
-0,009449612
-0,004185485
-0,01056793
-0,02425864
-0,02612519
0,02860626
-0,01584803
-0,001102292
-0,01095164
-0,001041599
-0,02797917
-0,006733009
-0,0005967678
0,01013056
0,02212263
-0,01453207
-0,01984191
0,02337483
0,02709707
0,02777617
0,01017962
-0,02155082
0,006724385
0,009795959
0,02301341
0,003912029
0,01187733
0,00243234
0,01464497
-0,002844888
0,02030496
-0,01138168
-0,001338423
-0,02768439
0,001004859
-0,01162749
0,01058036
0,008060097
-0,01972134
0,009903499
-0,0025834
-0,02083998
-0,02085179
0,01063752
0,02484352
-0,006059011
0,02088841
0,01093351
0,02893089
-0,01690171
0,01627024
-0,002598557
-0,009745326
0,02504682
-0,01092187
-0,01955581
0,01975938
0,009793815
-0,01778772
0,001138464
-0,01504492
0,01191686
0,01488406
0,02271088
0,00956967
0,01438442
0,02552469
-0,002442097
-0,02039595
0,003921412
0,004795923
0,0003287948
0,01174127
-0,01389049
-0,0007470606
-0,0005161093
0,02809915
0,02244916
0,01031191
-0,00446632
0,009778339
-0,02895271
0,003999189
0,002136554
0,01051186
-0,007981442
0,02640527
0,002208766
0,01185903
-0,009798789
-0,0008053061
-0,03088016
-0,005701171
0,007928316
-0,007501842
0,01276705
-0,004949568
-0,01312981
-0,02589281
-0,01748831
5,1616E-05
-0,00771793
-0,001826518
-0,00605103
0,006302233
-0,01439275
0,01634078
-0,02486516
-0,003945081
0,02219376
-0,01787576
0,02614816
-0,03065267
0,01710241
0,02094144
-0,0156485
-0,02121883
-0,01637873
-0,01812573
-0,01221489
0,01858386
-0,007708934
0,01527619
0,01969613
-0,02576436
0,004031801
-0,02698133
-0,02895984
0,02280074
0,01474768
-0,02542372
0,01100636
0,01930336
-0,00260272
0,02578084
-0,01657296
0,0005055278
-0,02136846
0,02463486
-0,007896615
0,003213949
0,01867821
-0,02555108
0,01950861
-0,02304208
0,002617397
-0,03026478
0,007192225
0,01828736
-0,02309854
0,003945131
-0,02016918
-0,02647194
0,01526617
-0,005523209
-0,02231204
0,01144971
0,01181945
-0,008681949
-0,02568498
-0,01645049
0,01516016
-0,01712846
0,01141997
0,01744925
0,001351355
-0,02237077
0,004110115
0,02326865
0,007810669
0,01469018
0,03058833
-0,01063647
0,01813389
0,01284627
0,02801004
-0,01484697
0,02412558
0,01137038
0,001536862
0,002841743
-0,005876366
-0,01667199
0,01456651
-0,02071756
0,02408071
0,005943827
-0,02718354
-0,03030362
0,01336962
0,0006519756
0,01639303
0,01508645
0,01746544
-0,02038265
0,01972535
0,006740524
-0,006685216
-0,02884653
0,003589361
-0,006227999
-0,003472395
0,01537789
-0,01849837
-0,005807248
0,004566061
0,02218465
-0,01247476
-0,02629668
-0,001181198
0,02463601
0,018055
-0,02910643
0,02031382
0,002150036
0,02023335
0,003611882
0,0005821749
0,003077759
0,0248189
0,02699488
-0,02491572
0,003255664
-0,02295455
-0,02497424
0,02604943
-0,01825697
-0,0003599863
0,007533914
0,02270173
-0,01015881
0,02015133
0,02107334
-0,02536555
-0,02504399
-0,02393677
0,007880758
-0,02937712
-0,0124885
0,00172239
-0,03151896
-0,01504978
0,02776615
0,0008094964
0,02071588
0,01350638
0,01653838
0,02670259
-0,01376416
-0,01000349
-0,01505066
-0,02453168
0,02233915
-0,01994563
0,01015766
-0,009321003
0,02462068
0,009669475
-0,02347127
-0,0004215587
-0,00591656
-0,00665303
0,01146724
-0,01806103
-0,02066745
-0,02538732
0,02838513
0,02696718
0,01562006
-0,004023958
-0,01779368
0,002295349
-0,01817099
0,03001452
0,0243365
0,009712148
-0,02296427
-0,02885136
-0,01442677
-0,009331401
-0,02199854
-0,01658749
-0,01857739
-0,01399277
0,006244605
-0,01735958
0,02648052
0,009206652
-0,006625653
0,01343762
-0,01847046
0,02730084
0,02434019
0,01831706
-0,02316716
0,004972392
0,002879196
0,01426362
-0,008383139
0,01585004
0,01562561
0,02039847
-0,01695101
0,02351664
-0,02074606
0,01473095
0,02613594
0,0240147
-0,01394248
-0,02935739
-0,01634774
0,02323886
-0,005854651
0,01683136
-0,00823742
-0,0193158
-0,01762105
-0,004425354
0,006230542
0,02683768
-0,02190663
-0,01189457
0,002525914
-0,02914625
-0,01608733
-0,01564213
0,008055503
-0,007237204
0,02067078
-0,01286449
-0,02608318
-0,008961135
0,008555135
-0,001005065
0,003366841
-0,0136829
-0,02984949
-0,01201433
-0,02336799
0,0222438
-0,01207233
-0,02716491
-0,005685932
-0,007170586
-0,0007724969
-0,01273151
0,002503976
-0,02247633
-0,002866431
0,02851955
-0,006051556
-0,02019853
-0,02008123
-0,003159042
0,008917838
-0,0008226477
-0,01059436
-0,01742284
0,009390778
0,02584505
-0,02293985
0,00289825
-0,02671802
0,02986426
0,02767148
0,02369853
-0,01524536
0,02614987
-0,01687458
-0,02487877
-0,01929958
0,02488777
-0,01091457
0,01513238
0,009270463
-0,02500605
0,02472806
-0,02097627
0,0007265942
0,02562167
0,01131109
8,962327E-05
0,02567893
0,02270826
0,02274653
0,02399463
-0,02010537
-0,01832217
0,02026507
-0,02517747
0,02785146
0,01796416
0,009129521
-0,01891739
0,01381659
0,01429538
0,02962788
-0,005382176
-0,004324661
0,006876513
-0,02616354
0,008285998
0,02488737
-0,007696021
0,01777947
0,0005502558
0,02189832
-0,003889708
0,01827889
0,004478909
0,005048549
-0,01990491
0,01231972
0,01431708
-0,01594235
0,007284657
0,007931493
-0,01859693
-0,02296805
-0,02616952
0,01365149
-0,02700297
-0,023997
-0,02164099
-0,02223655
-0,00683365
-0,01454063
-0,02237049
-0,02938323
0,02487229
-0,02477629
-0,0002145442
0,01341557
0,02394084
0,0214148
-0,02686744
0,005618039
0,003150783
-0,02565223
-0,007672052
-0,0278419
0,01502189
-0,005638481
-0,01463614
-0,0002029454
0,01728976
-0,02443559
0,02553236
0,0277433
-0,02299567
-0,02313914
0,01884208
-0,01236752
-0,007659063
0,02423625
-0,02905993
0,002168264
0,016815
-0,01511355
-0,00486831
-0,01492456
0,01432724
-0,004472617
0,02391683
-0,0009299713
-0,02472758
-0,002660156
0,01879621
0,02323587
-0,01910129
-0,02823706
-0,02511047
-0,02280464
0,0154412
-0,02814146
0,02959227
0,009417871
0,02093062
0,008708684
-0,009283728
-0,01259212
-0,009501586
-0,01980154
0,02378125
0,01780734
-0,01283542
-0,01801044
-0,008855633
0,03034971
0,02049391
0,001707162
0,0190604
-0,01206645
0,009388215
-0,02295171
-0,01211296
-0,01118718
0,0008040692
0,01715572
-0,004962639
-0,009644767
-0,01249395
-0,02774434
0,01683562
-0,02460879
-0,02792038
0,01166019
0,003086601
-0,009386833
0,02540223
-0,007680953
0,01185535
-0,02175521
0,02485923
-0,02236762
0,02521556
0,004194374
0,00222008
-0,02411623
-0,01792182
0,02402569
-0,02367527
0,01903339
-0,02733896
0,00980123
-0,0168484
0,01739382
-0,001917496
0,008336481
0,01434416
0,0104714
-0,0215313
-0,02625104
-0,0162322
-0,02965724
0,03050445
-0,01196824
-0,006258153
0,01842401
0,01578376
0,005922767
0,009435441
-0,02968086
-0,02517906
-0,001811484
0,02040313
0,0107623
-0,006228299
0,001962956
-0,01747034
0,01457008
0,01754257
-0,004904842
0,004968108
0,00143565
-0,0159743
-0,0008258746
0,0304474
-0,02276684
0,02295115
-0,0146817
-0,01646893
0,02528133
0,006849064
-0,01510057
-0,01617833
0,007985493
0,02506823
0,02451561
-0,02221228
0,007190738
-0,0195808
0,01437985
-0,009368306
0,006680743
-0,01545697
-0,02410689
0,01406229
0,004978806
0,01992458
0,002833395
-0,006430952
0,0267336
-0,004107042
0,03045798
0,02360637
0,01397537
-0,0006365668
0,01288184
0,01698685
0,001403619
-0,01168716
-0,01346776
0,02607002
0,0005261182
-0,007577058
0,01471436
-0,005832484
0,02067327
-0,01549449
-0,01748022
0,01650585
-9,975438E-05
-0,005767768
0,005902544
0,004121948
-0,02687436
-0,02556309
0,02895994
-0,01304747
-0,02190469
0,01566126
-0,004595723
-0,01208008
-0,009900538
0,02233163
-0,01259328
-0,0005653455
0,007007599
-0,008086885
0,0004293229
-0,02142181
-0,01786369
-0,02246687
0,00700347
-0,0110706
0,02448699
0,01888694
0,02070311
-0,01578119
0,0003688074
0,01231389
0,02400451
-0,009492917
0,007434361
0,01696085
0,02428019
0,002527972
0,02055933
-0,003667553
0,02049583
0,00956238
0,001055964
-0,004044347
0,008844271
0,01632605
0,02346778
0,02924212
0,006024055
0,008828107
-0,02494758
-0,01464348
0,01778931
-0,001242807
0,0146514
-0,02607247
0,00433042
-0,007621424
0,01780575
-0,01302958
0,01021542
-0,0151715
-0,01565269
0,01474542
0,0171976
-0,003605248
0,02227872
-0,02509018
0,01109473
0,003730098
0,0286552
