-0,01545615
-0,02514776
0,008163163
-0,009962044
-0,01448544
-0,02916408
0,01341111
-0,02635287
-0,009722025
-0,01678036
0,02859741
0,01374011
-0,02821302
0,01522034
-0,007437163
-0,02790596
-0,001045735
-0,01526237
-0,0288974
-0,02091666
-0,02664171
0,01095467
-0,002079005
0,02926001
0,01148211
0,01147959
0,01299788
0,01327097
-0,0224911
0,001007901
-0,02126702
-0,01153506
0,001635598
-0,0240614
-0,02877256
0,01457998
0,003060269
-0,007394629
0,0081201
0,008059661
-0,01152656
-0,008411004
0,01661356
0,0108763
0,001501551
-0,02950193
0,02120466
-0,008502045
0,03016285
0,005912914
0,01047844
0,007228858
0,01683002
0,02354023
0,009825367
0,004306901
0,007575747
0,009524719
0,009189186
0,004658484
-0,0116024
-0,02980819
0,02677587
0,0199276
-0,02550631
0,01016045
-0,01786928
0,02652588
0,01404167
0,008615592
-0,0003289562
-0,02365704
0,007165205
-0,006431486
0,02119023
0,01237035
0,02498839
0,0177101
-0,002156114
0,0110625
0,02091594
-0,008418117
0,01383682
0,002238194
0,02113681
0,002142462
0,002302597
0,008780748
-0,00321089
-0,002312182
-0,02287284
0,02418163
0,01412238
-0,02644528
-0,01035818
-0,0117009
-0,004542632
0,0273314
0,006364514
0,02193997
0,0189841
0,02532392
0,008034042
-0,008365553
-0,02364865
0,004156213
-0,02989928
-0,006790042
-0,02767754
0,02804203
0,00986358
0,02042288
-0,01828204
0,02883982
0,01422869
0,02742835
-0,01294429
-0,005431602
0,02939939
0,003064677
-0,02205615
0,003959711
-0,000283888
-0,0135438
0,001680677
0,006233074
-0,007036146
0,003777249
-0,02594891
0,002931745
-0,01310132
0,02845124
-0,01857674
0,006385761
0,02267249
0,02630938
0,01418598
-0,007881627
-0,003928309
-0,01278425
0,002262091
-0,02083644
0,006543756
-0,0006279831
0,01837229
-0,01282864
0,01242305
0,0159603
-0,01012332
-0,007262067
-0,02873895
-0,02907885
0,02865379
-0,02667241
0,01379777
-0,0152253
-0,004639656
-0,008563504
0,02067489
0,0008635334
-0,01853229
-0,003025255
-0,01087342
-7,596688E-05
0,01111356
0,01210491
0,009155831
0,00595978
-0,02390886
0,01871389
-0,01649301
0,02547887
0,02922527
0,01258627
-0,02892899
0,02957096
0,02831792
-0,02909437
-0,001389168
-0,01562326
0,02415613
0,007210955
-0,0164356
0,01167804
0,001458901
-0,01388751
0,0304924
-0,02185124
0,02315071
0,007696095
0,00088384
-0,007531201
0,00207047
0,02581784
-0,02432651
-0,02492798
0,02051413
-0,02347473
0,0188625
-0,02387568
0,00856545
-0,0234859
0,009964581
0,001826892
-0,02083137
-0,02397129
-0,02813902
-0,01449868
-0,02814023
0,01536346
-0,01231826
-0,00491555
0,02347551
0,006063705
0,006879754
0,004072473
-0,01670667
0,007874141
0,02867457
-0,00491087
0,01270609
0,001221988
0,01352433
-0,0008090753
-0,01195556
0,02162169
-0,006288082
-0,02634612
0,006876691
0,02654073
-0,02156769
0,0210385
-0,01817036
-0,007598378
0,005989912
0,01779601
0,02815938
0,01254865
0,002389349
-0,004898666
-0,01615835
0,01434167
-0,02442844
-0,02209675
-0,00985828
-0,02453221
-0,0007161974
0,02631361
-0,01130942
0,001897285
0,02249657
-0,0173432
-0,02175096
-0,006756905
-0,005765049
-0,02304927
-0,006754706
-0,01993007
-0,01710742
-0,0118293
0,01389496
0,02908721
0,009213363
-0,02412108
0,005672367
-0,00367961
-0,01739089
0,0009185799
0,0303968
0,01984104
0,006813686
0,001688614
-0,02479609
0,003311877
-0,01855734
0,02926254
-0,004567074
0,006078524
-0,02064409
-0,01709036
-0,008175811
-0,002630999
0,01502406
-0,02566569
-0,02590977
0,0268911
0,01284217
0,01892945
0,02907612
-0,001070086
-0,005781688
0,01751129
-0,001273292
-0,01551266
0,01259929
-0,01517163
-0,02595431
0,02970089
0,002262937
0,02414872
0,02309029
0,02886252
0,02629506
-0,0003314441
0,02611456
-0,009468167
-0,02361651
0,004474361
-0,01870506
-0,005146106
0,01171144
0,0178534
-0,02900047
-0,02918649
0,02621122
-0,01463732
-0,01665947
0,004726376
-0,02790608
0,009596987
0,01359637
-0,005489353
0,003166465
0,002215205
-0,003631812
0,02022833
-0,02714195
0,02191797
0,02183547
0,02716941
0,02485891
-0,003628496
-0,02742766
-0,01519895
-0,0103522
-0,006506275
0,002204951
-0,01342873
-0,02015236
0,01344682
0,02000638
-0,02164177
0,006484315
0,00308126
0,01744437
0,006138819
0,01562394
-0,002439698
-0,01133886
-0,003340903
-0,02943085
-0,0004885871
0,02719226
0,0233099
-0,01967337
-0,002075797
-0,005044876
-0,006571903
-0,02714788
-0,02528028
-0,01257789
-0,0139268
0,01410292
-0,01475668
0,001178468
-0,01461348
0,0146127
0,01592251
0,0110027
0,00152553
0,01393282
0,02839826
-0,00451754
-0,009882337
0,02106822
0,006464876
0,01842028
0,03046462
0,01470458
0,01962365
-0,02653532
0,005143289
0,002655975
-0,003846161
0,02662056
-0,00463755
-0,0002122511
-0,01887277
-0,02501638
0,02204655
0,02930479
-0,02295894
-0,01775413
-0,02640073
-0,005450378
0,003238541
-0,005534397
-0,009055274
-0,0280436
0,001698227
0,02135749
0,02926058
0,01649765
0,0174784
0,0124791
-0,02857465
-0,02722413
0,006091041
-0,02872295
0,004311181
0,009728677
-0,004795481
0,009898148
-0,01693565
-0,0289852
0,01325329
0,01399593
-0,0111451
-0,01064626
-0,02495625
0,01676433
0,004255965
0,01159152
0,01995147
0,00447383
0,007913306
0,01704746
-0,008160885
0,02636853
-0,01258525
-0,01982597
-0,003099061
0,02728669
-0,0170215
0,02857422
-0,02399176
0,02037705
0,01680253
0,01271303
0,0242739
-0,007483466
0,02295876
-0,02114319
0,0003954006
-0,0183561
0,001938185
-0,003115171
0,02899395
-0,02748849
0,0112778
0,01936409
-0,02458198
-0,02888294
0,02658544
0,0155826
-0,0132525
-0,01348381
0,02538385
-0,01743431
-0,02550551
-0,01467862
0,01160785
0,01138606
0,01377066
-0,007213796
-0,01832188
-0,001227729
-0,001896604
-0,01453353
0,02581542
0,02463272
0,02847395
0,006548466
-0,004548068
0,01533824
0,02509556
-0,005119796
-0,0185115
0,008148121
-0,02726074
-0,01945418
0,01813835
-0,01112286
-0,01572836
-0,001036514
-0,02373324
-0,002915557
-0,02878122
-0,002859449
0,01318826
0,01933627
0,02405097
0,003706225
0,006866468
0,00776162
0,008852768
-0,01939385
-0,005233567
-0,02277885
0,02974684
-0,02697024
0,02949817
0,01377812
-0,02315413
0,01653184
0,020661
-0,001629782
0,004222215
-0,01874862
0,02232414
0,02004305
-0,02460018
-0,01270663
-0,01950607
0,02518704
-0,002067
-0,006057133
-0,002854379
-0,01598589
-0,01487625
0,01557595
-0,002956519
-0,03013333
0,002177509
-0,02199297
-0,02820561
-0,006666272
0,02918441
0,01802453
-0,02482012
0,01262661
-0,03070802
-0,02834282
0,01025144
0,03122398
-0,01739106
-0,02443611
-0,01770188
-0,002016454
0,008448108
0,008239564
0,02141667
0,02106817
0,005869362
0,02045226
0,01211483
0,005099226
-0,007766047
0,01263865
-0,02071904
-0,01485374
0,01358314
-0,02064419
0,019901
-0,01728392
0,005073362
0,02746763
-0,02100314
0,02932896
0,01611254
-0,004659513
-0,001944853
0,01792595
-0,02397952
-0,02149836
0,02099098
-0,02898274
0,008381168
-0,01971965
0,01229752
-0,006232801
-0,02006727
0,02757092
0,006320232
0,009086929
0,02616066
0,005930097
-0,007505363
0,009919599
-0,007068011
-0,005611771
-0,02840627
-0,01404473
0,008829189
0,02352339
0,03264511
0,02205828
-0,0153044
-0,002079807
-0,007106038
-0,01678758
0,0231128
-0,01762935
0,01271097
-0,01746192
-0,02192159
-0,02789529
0,01416868
-0,002880657
0,03015032
0,01004665
0,02640458
-0,01905192
0,02999541
0,01574189
-0,026565
0,01257667
0,0007282326
-0,02135417
-0,0135434
0,0277307
0,004008728
-0,001416239
0,004003881
-0,009835097
-0,00763456
-0,01955324
-0,02172238
-0,01667267
-0,02075861
0,02723069
0,01605222
-0,01879546
0,01755012
-0,001020815
0,001275571
0,0294033
-0,01335188
-0,006705445
0,001250859
0,02081207
0,02305684
0,02786631
0,01337775
0,01846616
0,002517614
0,02228806
-0,01304787
0,02492315
0,0174051
-0,01176329
-0,0103569
-0,02562423
-0,02062024
-0,003849854
0,01055851
-0,005752307
0,008825806
-0,008001646
0,01913787
0,02651531
0,02405358
-0,0001953455
-0,01182501
-0,02942106
0,0215417
0,01285191
-0,008786883
-0,001193433
-0,01858203
-0,02719094
-0,004868615
-0,02305155
0,007384369
-0,005585912
-0,02675639
0,00395452
0,01662157
0,01943682
0,02052303
-0,0009356905
0,0217495
-0,01613365
-0,004152375
0,02040223
0,008392536
0,01418917
-0,02869209
-0,008408993
0,01740926
-0,02574853
-0,01118331
0,02749436
0,009279024
0,00896138
0,03287883
-0,005069661
0,008662208
0,01268425
0,02562839
0,01643143
-0,0004163777
0,01821332
0,01020946
0,01336494
0,02245285
-0,01635329
-0,003042975
0,01572626
-0,009677084
-0,02639208
0,008096955
0,02075273
0,001530732
-0,0130162
-0,02859776
0,008283755
-0,02946496
-0,003420991
-0,01029276
-0,02495742
0,009380444
0,03006004
0,008782039
-0,02420964
0,01356085
-0,0024443
-0,002260294
-0,03067825
-0,007142663
0,01029558
0,0250643
-0,02858589
0,02309588
-0,03105156
-0,03096159
-0,02721221
0,001124382
0,009391969
-0,03527287
-0,006419931
-0,01283981
-0,01108448
-0,02585449
0,01845507
0,001149283
0,0006906767
-0,003115804
-0,01159953
0,003654719
-0,007887752
-0,006052542
-0,01630527
-0,008682989
0,01825332
-0,02054633
0,001791294
-0,02078319
0,0038953
0,02954359
-0,006204849
0,01479516
-0,004560975
-0,009007169
0,009225705
-0,02323444
0,003319468
0,02653574
-0,001677158
-0,01494565
0,02537572
-0,02856612
-0,01313999
-0,006246434
0,02378877
0,01993416
-0,01169215
0,02314029
0,02075868
0,005579734
-0,01945759
-0,03041442
-0,02159949
-0,005650533
-0,03225677
-0,01734951
0,00880774
0,008647178
-0,03070962
0,01677968
-0,002643696
0,02938954
-0,0280996
0,01537273
0,008228729
0,01358881
0,02282611
0,02877912
-0,007722813
0,008204706
0,02689453
0,004754791
0,0272173
-0,02618365
0,008294215
-0,01050266
-0,02320685
0,01864081
-0,003262261
0,02919932
0,02045562
0,006045113
-0,01408551
0,02627595
0,01538311
-0,009192673
0,004241898
0,02870797
-0,01147116
-0,007640023
-0,006033745
0,01932871
0,01842319
0,003989433
0,01515542
0,02999483
-0,02982744
-0,002301635
0,01585121
-0,01948849
0,02502747
-0,01142452
-0,001527605
-0,01930334
0,007132156
0,004619865
-0,02814606
-0,0253023
0,0157493
0,006322986
-0,02171438
0,02367162
-0,01489328
-0,02458333
-0,0240886
0,02438364
0,01155388
-0,02447607
-0,03054678
-0,01458427
-0,02189816
0,02471988
0,01047438
-0,02760391
-0,01496666
-0,02350171
0,01554053
-0,007799778
-0,01249064
0,008306385
-0,01123722
0,005603077
0,02893419
-0,01752681
-0,02860332
-0,001500855
-0,02511368
-0,02746086
-0,01530324
-0,02503251
-0,01751411
-0,003820858
-0,02350437
0,002894777
-0,02007633
0,001255169
0,004307337
0,009452673
-0,003303589
0,01758811
-0,0108574
0,02217557
-0,002463591
0,001085882
-0,0295682
-0,03585732
0,004668726
-0,004611187
-0,03756852
-0,0004493046
0,02378302
0,01343178
0,01707189
-0,02309145
-0,003748884
0,008307626
0,02467633
-0,0280958
-0,02484809
0,004160421
0,02158617
0,009572707
0,02263308
0,02596713
-0,02724238
0,01084048
0,01637453
-0,0243895
0,02111416
0,01423261
0,003097615
-0,02682882
0,02115242
-0,00425374
-0,01071063
-0,005987022
-0,02528947
-0,004646642
-0,02300492
0,02905898
0,01606048
0,0008201446
-0,03229582
0,006074409
-0,02225671
-0,00173112
0,00720475
0,02608999
-0,02155629
0,006073122
0,005920378
-0,002362535
0,002247083
0,02270361
-0,03573154
0,001577401
-0,03323898
0,001025499
-0,006886628
-0,008709556
-0,01597401
0,003441231
0,004489573
-0,01678382
-0,02807835
0,02206678
0,02314835
-0,005266172
0,02241106
-0,03041309
0,001395698
0,000130699
0,02772467
-0,02281301
0,01787736
-0,01095906
0,00863597
-0,01722317
0,01411787
0,003029251
-0,02683824
0,01952404
0,0258449
-0,01482806
-0,02029855
-0,026405
-0,002079565
0,02572939
-0,00399686
0,01036129
-0,01020155
-0,005029731
0,02011539
0,007091322
0,009434156
-0,01810892
0,02106878
0,01597627
0,008631834
-0,009199455
0,004526604
-0,01945013
-0,0292522
-0,02840444
-0,03345469
-0,03229865
-0,004711112
-0,01006105
-0,0262034
0,008114799
-0,03481762
0,01747957
0,01801692
0,02528107
-0,01090795
-0,005000727
0,009683314
-0,005076978
-0,02570756
0,02747709
-0,007409664
-0,03139893
0,02810651
-0,01641705
0,01025565
-0,02646058
0,008385443
-0,01215378
-0,005277019
0,004439209
-0,003537952
0,02352263
0,005646438
-0,007109115
0,02816621
0,01981327
0,01577233
0,0187222
-0,01755622
-0,02425454
0,0008311303
0,02782014
0,0113668
0,009089221
0,00441948
-0,002398176
0,001649615
0,02025171
-0,01566026
-0,01933576
-0,00109767
-0,007570999
0,00382969
0,002202242
0,02048348
0,002554518
-0,02123742
0,01341295
-0,006851584
-0,03677604
-0,01304061
-0,02191356
-0,03228869
0,002632194
-0,0207492
-0,02788629
-0,01829002
-0,0009257577
-0,03013003
0,0005801945
0,01039736
0,02309308
-0,01716326
-0,02956454
-0,003039422
-0,004603572
-0,01278142
-0,01316103
0,005883648
-0,02026724
-0,002033617
0,01413009
0,03018295
-0,02131115
-0,02810568
0,0305098
-0,01527624
0,02758673
-0,001925302
-0,005917628
0,007748845
0,02384501
-0,01562065
-0,02108449
0,0101125
-0,01503408
0,01938359
-0,02784463
-0,007959506
-0,004392976
-0,01754949
-0,03156157
0,01280311
0,00684657
-0,004937191
0,003279682
-0,0270328
-0,002046021
-0,02988965
-0,007946215
-0,01905471
0,02091871
-0,02202339
-0,01606456
-0,005262688
0,006531932
-0,01713262
0,02696089
0,002494552
-0,01608759
0,02132999
-0,0125436
-0,02725159
0,009164069
0,02493839
0,01757717
0,009048354
-0,02579976
-0,009888251
-0,02159927
0,002396678
-0,02052697
0,01964349
-0,02416318
0,02552413
-0,006985617
0,02204749
-0,01660741
0,008164899
-0,004405953
0,01940786
0,007585639
0,0143875
0,02657253
-0,02685863
0,007232048
0,007728419
0,02578991
0,003304852
0,0270895
-0,03161744
0,02190756
-0,008803843
-0,03010086
-0,0009901291
0,01990361
-0,03970145
-0,02447018
0,01098458
0,006270408
0,0230472
-0,03014758
-0,02121297
-0,03196771
0,02395725
-0,02577012
-0,02296364
-0,02217894
-0,006562516
-0,02063441
0,0174321
-0,03172266
-0,00974039
-0,01981358
-0,001590694
-0,01554575
0,003522616
-0,02221104
0,007058602
-0,01331623
-0,02027821
0,01197831
-0,003191936
-0,009588756
-0,02464415
0,004910243
0,005123345
0,007233953
0,001329909
0,03167558
-0,008452062
0,008599868
-0,006938439
0,02076083
-0,006245013
0,006478284
-0,01100761
0,01358148
0,02497541
0,02125386
-0,006465294
-0,01081823
-0,008880371
-0,01152262
-0,02847472
-0,03664936
-0,006709837
-0,01922482
0,002050134
-0,01994284
-0,01367099
0,01576057
-0,004584457
-0,002734227
0,0005121307
-0,01473044
0,01104084
0,02546603
0,02737944
-0,004841519
0,004154888
0,0003265703
0,01291407
-0,002365008
0,02036898
-0,019425
0,006204427
-0,0004304874
0,01682224
0,02054604
0,02426254
0,02046642
-0,0190144
0,01388957
0,01679081
0,01086859
-0,020414
0,02836045
-0,01979201
-0,02934707
0,02834471
-0,0159151
0,02354737
-0,02419635
0,004764382
-0,005257359
-0,02715309
0,02020094
-0,01962212
-0,02965737
0,01969445
-0,0163728
0,006798973
-0,003790533
-0,01667697
-0,03800398
0,007463286
-0,03519611
-0,001003308
-0,03999797
-0,009319354
-0,03241018
-0,002631331
0,01686801
-0,004952516
0,00245308
0,01174396
0,02156072
0,01773268
0,02427681
-0,02126663
0,01433649
0,01692479
0,02830851
-0,005344455
-0,01310649
0,003733095
0,004635686
0,02162842
-0,007813063
-0,0249486
0,01323582
-0,01607579
0,01206702
0,02416357
-0,0005462997
-0,0258297
0,007405909
-0,008689003
0,01281432
0,0239752
-0,02711941
-0,01067667
-0,0212551
-0,0038179
0,0198756
0,004739247
-0,03005453
0,0006784759
-0,03625565
0,005786991
-0,02941729
-0,03476956
-0,01508246
0,01936076
-0,0219585
0,002574306
0,006728905
-0,03519446
-0,03928208
-0,01169034
-0,02925912
-0,02162457
-0,01644927
0,02192962
0,01477023
0,02077938
0,02354447
0,02939204
0,02824645
-0,005477975
-0,02663683
0,001107077
-0,02723158
0,02795192
-0,02833992
-0,008421908
0,008408145
-0,0046906
0,001550842
0,007249502
-0,0006038094
0,02680299
0,02127023
0,007822139
0,02260393
0,007358949
0,02031048
0,01327004
0,009295991
0,02058537
-0,01277741
-0,002112263
-0,01546658
-0,01679359
0,008402361
0,01690226
-0,03366311
-0,02393917
0,0121605
0,02214242
0,005124855
-0,03500081
0,002964405
-0,002997536
-0,001964648
0,001842614
-0,03856916
-0,01571456
0,01687059
0,01682315
0,0221117
-0,01355173
0,006281431
-0,00388407
0,02640991
-0,01731518
-0,007122534
0,00970482
-0,0255631
-0,02396444
-0,02833012
-0,01988125
-0,01200838
-0,02746335
-0,02309923
0,007946279
-0,01421504
0,01645787
-0,0157604
-0,02042532
-0,01306978
-0,004596215
0,008443704
0,002198839
0,02245504
-0,006262304
-0,01568763
-0,01575738
0,02787979
-0,02113373
0,004055832
-0,006009755
0,01404192
0,0142254
0,02414922
0,02407661
0,01210725
0,008703831
-0,01924612
-0,009179118
-0,01145849
-0,01066432
-0,02685797
0,002694315
0,02258555
-0,002680514
0,00618255
-0,001473214
-0,007666132
-0,03739297
-0,01359147
-0,01953095
-0,0237683
0,01168401
0,001061911
0,001731967
0,01592907
-0,02181061
0,006716756
0,003016874
-0,03145383
-0,0250449
0,007726248
0,02043895
-7,743781E-05
0,007110723
-0,005994566
0,0002616189
-0,02397107
-0,02107685
0,01931634
-0,001340225
-0,00178485
0,01533168
0,01139356
0,02036142
-0,0163682
0,02815016
0,001199379
-0,01721739
0,004479888
0,004434329
0,01702845
0,02430821
0,008327013
-0,01312802
-0,02298117
-0,03712848
-0,02539906
-0,01296472
-0,02419106
0,001340905
-0,02702941
0,004604715
-0,007919755
-0,01757146
0,007963615
-0,0197939
-0,02729383
-0,018741
-0,02518902
-0,01755667
-0,00410655
-0,01668076
-0,02140186
0,0261752
0,01781738
-0,006892444
-0,02754816
0,01372841
-0,01133458
0,01429725
0,0001711255
-0,008428992
0,02797507
-0,007293477
-0,01235214
0,01108356
-0,02538717
-0,02063364
-0,007971969
-0,007670342
-0,01389424
0,01255911
0,02439269
-0,02393042
-0,01257919
0,0129241
-0,01423961
-0,01482141
-0,0318293
0,01808898
0,01576528
-0,0189724
-0,03012116
-0,01400031
-0,02623951
-0,0002069011
0,01488203
0,02004179
-0,001957608
0,01294671
0,0160801
-0,01358392
-0,03592637
-0,01555612
-0,03045416
0,008697258
0,007912327
-0,03220857
-0,03029497
-0,02694365
-0,02182143
0,02282149
0,02518204
0,01858317
0,03161556
0,02136947
-0,008259326
-0,0257313
0,008590802
-0,02903734
-0,02489501
0,01858303
0,01343891
-0,003199882
0,02721799
-0,01384861
-0,01209475
0,007920934
-0,01323735
0,01624415
0,02380292
-0,01389896
0,004254967
0,0007830673
-0,003886784
0,01807402
0,004821444
-0,007467407
0,02337457
-0,004630038
0,02710211
-0,02052223
-0,02146208
0,02157924
0,007480072
0,01411917
-0,01736846
-0,02248165
-0,01744765
-0,02627811
-0,03519448
0,00231148
-0,03303543
-0,0126308
0,001957562
-0,03603381
0,006807762
0,003478376
0,0002370578
0,02115029
-0,004643731
-0,02842417
0,01611979
-0,01170692
-0,01855155
-0,03128797
-0,006664371
-0,004245635
-0,007659927
-0,01874537
-0,0164404
-0,02970182
-0,01839454
-0,01869027
-0,02617845
0,02440242
0,006771261
0,01854705
0,0199029
-0,02162939
0,02869249
-0,02711448
-0,01402552
-0,03043277
0,00642704
-0,0178901
-0,02709135
-0,02850472
0,01492568
-0,01268728
-0,02916684
0,02486664
0,01556734
0,02183674
0,02223812
0,01412733
-0,0120429
0,01345022
0,005166776
0,001034173
-0,01533516
0,01004272
0,01089921
-0,03390963
-0,03903899
-0,03379464
-0,007523269
0,0253918
-0,003631663
0,01931836
-0,004869537
0,02226212
0,01727934
-0,00383914
0,02759243
-0,003932287
0,01863289
0,01621626
0,01192097
-0,02976433
0,02710978
-0,00982666
0,01078202
-0,02809628
-0,02104016
-0,01369835
-0,01761285
-0,0156768
-0,01538466
-0,01727019
-8,269174E-05
0,01433438
-0,02402826
-0,01721147
0,01458623
-0,02256353
-0,02072596
-0,02581411
0,02327895
-0,006117578
0,01039136
-0,02993569
0,0008348257
0,021588
0,01472753
-0,03108916
-0,02709509
-0,01266285
0,02189046
-0,009660321
-0,038675
-0,004696901
-0,03176833
-0,003055499
-0,0004272006
-0,0359988
-0,02747635
0,0164473
-0,03374606
0,01552865
0,01750943
-0,01767536
0,01472624
-0,01590819
-0,009617739
0,01354675
0,01842453
0,005233031
0,01182541
0,02141383
-0,01235189
0,01233462
0,02211987
-0,01659224
-0,01241042
0,02305725
0,01625342
0,01686665
-0,018532
-0,02877664
-0,02334019
0,01740075
-0,01580574
0,01605861
-0,01982848
0,0219268
0,001660267
-0,008375228
0,0001268766
0,00746821
0,02568386
-0,0124373
-0,02700781
-0,0264737
-0,0015758
-0,005778499
-0,01642663
-0,0169049
-0,006673101
-0,03849798
-0,0235059
-0,004903653
-9,23356E-05
-0,03198462
-0,02923462
-0,02145438
0,007393993
0,0232284
-0,01203064
0,01497566
-0,01410497
-0,008842061
0,004495217
0,02535403
0,008851015
-0,02537955
-0,03108908
0,02790775
-0,02662826
-0,001645918
-0,01835566
-0,003343411
-0,02593423
-0,02824294
0,02428736
0,02875141
0,00665381
0,01233065
0,00838591
0,01916697
0,002455767
-0,004550783
-0,01612266
-0,02323182
0,01520612
0,003608717
-0,0225353
-0,02821671
0,002586724
0,02081745
-0,0231546
0,006303528
0,02709084
0,009250931
-0,01443272
-0,004690753
0,002581473
-0,02970562
-0,009804168
-0,008515263
-0,01086497
-0,01640024
-0,02577805
-0,03757295
0,01164118
0,01053199
-0,01134031
-0,0005487551
-0,02282812
-0,02314514
0,009377754
-0,02891717
-0,01658856
0,003309304
-0,01585452
0,02042767
-0,02298638
0,0003066504
-0,01931526
-0,02456014
0,02664973
0,02584033
-0,006843925
-0,01976924
-0,009314191
0,004922537
-0,001699209
-0,01140973
0,009462895
-0,01050125
-0,01451322
-0,004269711
-0,01819225
-0,02287928
-0,01060057
-0,02065956
-0,0210281
-0,02295254
-0,01710899
0,02585631
-0,02665286
-0,006218374
0,01569251
-0,01086645
-0,02286172
-0,03370408
-0,0177442
-0,01523814
-0,007784678
-0,01001074
-0,01335128
-0,02910803
0,02331851
-0,01565772
-0,006578879
-0,007708443
0,01703468
-0,03690608
0,004711574
-0,01659993
-0,01269703
-0,02040487
0,02966769
0,02439574
0,02473419
-0,0195978
0,01792537
-0,02155117
-0,01447061
-0,02828039
0,01004262
0,03067642
-0,01531543
-0,01630499
-0,02941314
-0,002091113
-0,0231673
0,02992492
0,02764746
-0,015644
-0,01689869
-0,02563369
0,01891822
-0,02272243
0,02557673
-0,02530327
-0,001065052
0,01810256
0,003766875
0,01568564
-0,0204767
-0,02778982
-0,007967121
0,02780938
0,004302865
0,01819085
-0,007788301
0,01747665
-0,008145387
0,01829717
-0,02510742
-0,02416996
-0,03110883
-0,01329036
0,008982731
-0,01433567
0,0180926
0,007306341
-0,01462965
-0,02811199
-0,006723956
0,02583457
-0,02702778
-0,002417214
-0,02999562
-0,01634072
-0,01020547
0,02158732
-0,03057602
0,01863952
0,01189178
0,02882193
0,001679722
-0,002170404
0,02086343
0,005481698
0,004589872
-0,01540735
0,0044588
-0,02650971
0,0266018
-0,01553564
0,003566935
0,02774694
0,0278048
-0,02840368
0,02681814
-0,008976656
-0,01331734
-0,001748662
-0,02352687
0,01591434
-0,004180345
-0,0008709139
-0,013027
-0,01967308
0,02413759
0,01844263
0,01914599
-0,01701809
-0,005290553
-0,003714992
0,0109891
-0,002145465
-0,02560646
-0,01904426
0,003345295
0,004538148
-0,0006162953
-0,01589005
0,01640736
0,00708646
-0,02496722
-0,01609462
-0,02419292
-0,02011022
-0,005037212
-0,0216281
0,0009365056
0,02997648
-0,01234368
0,02886885
0,006792055
0,0007227686
0,009296499
0,0255953
0,0008640817
0,02874199
-0,02527049
0,004946243
0,007676386
0,009576438
-0,01267616
-0,01832877
-0,000265516
-0,01285656
-0,01093488
0,02315407
0,008637733
0,007316939
-0,008986717
-0,01678152
0,01541608
0,0304932
0,007826009
-0,004170255
0,00521668
-0,02343744
-0,0119206
-0,02863548
0,007832034
0,00303283
-0,01539466
0,01849763
-0,0363074
-0,00188024
-0,03663814
-0,01526101
0,02586027
-0,01117053
0,01255096
0,005798717
0,002155035
-0,0335043
0,006544449
-0,01970853
-0,008060418
0,02720154
0,01797998
0,01769038
0,01892875
0,002334761
-3,742657E-05
0,02249148
0,006957747
-0,02929601
-0,01878805
0,006977478
0,02050294
-0,02087952
-0,01473378
-0,0093243
0,002814096
0,0238118
0,0158386
0,01775996
-0,01818838
-0,01247105
-0,02655684
0,02142549
-0,01546216
-0,03578347
0,02205872
-0,01565055
0,02053312
0,01051614
0,01047193
0,01559494
-0,01629619
-0,01158873
-0,03881055
-0,00171977
-0,0176658
-0,001919755
-0,01758692
-0,0222195
-0,01962371
-0,002978339
-0,01303385
-0,02970103
-0,01021894
-0,01015336
-0,001976607
0,01776544
-0,02575389
-0,003679422
-0,02193548
0,01066572
-0,01637133
0,01902458
0,02740042
-0,02664267
0,02061083
0,02426515
7,921674E-05
0,01834101
0,008239922
-0,01816385
0,02973254
0,02484717
-0,01272484
-0,00679876
-0,01518798
-0,009129688
-0,02713851
0,001428992
0,02647495
0,02369444
0,001156439
-0,002052746
-0,002677926
0,01000527
0,02741162
-0,03058838
-0,003928354
0,02192328
-0,002737693
-0,02759592
-0,02791661
-0,01453094
-0,00675514
-0,03752417
-0,005304361
-0,006861933
-0,004523362
-0,03870019
0,01433928
-0,004485415
-0,02632372
-0,0005167949
0,003056208
-0,02997303
-0,0004904877
-0,005582151
0,01365129
-0,03269045
-0,02315805
-0,02152537
0,01619037
0,0007476382
-0,001654464
-0,01532006
-0,01977964
0,01417997
-0,01343643
-0,01468475
-0,02462794
0,01874208
-0,006177921
0,005972444
-0,01296368
0,001231433
0,02918458
0,003963491
-0,008074122
-0,01541253
0,02011052
0,01594049
0,02004869
-0,03079735
0,009740079
-0,003964829
0,01551939
0,02542813
0,01855915
-0,006607946
-0,02590001
-0,002175171
-0,02486621
-0,01208146
0,006096528
-0,01634755
-0,02305531
0,001418068
0,02092482
-0,01799975
0,01513413
0,01477929
-0,0183503
-0,01871314
0,02168448
-0,03341006
-0,02902939
-0,0009213531
-0,0146584
-0,02759089
-0,02455924
0,03001188
-0,02842527
-0,003753429
-0,02283144
-0,006624594
-0,01247618
0,01435243
0,01783139
0,03038798
-0,001273524
-0,01764659
0,02075224
0,0179945
-0,02495302
0,001465739
0,002341833
0,02506435
0,02018497
0,02404177
-0,01869513
-0,01222931
0,005235663
-0,0265213
-0,004267874
-0,03070904
-0,003375991
0,002339822
-0,02710002
0,007123397
-0,01240995
-0,02267165
0,000350275
0,007425719
-0,01957602
-0,02936297
-0,01267207
0,008313562
-0,01757967
-0,01438985
-0,03618259
0,0006255527
0,02245782
0,0247602
0,01730009
0,003963676
0,02601404
-0,006570541
-0,02150395
-0,008524499
-0,000152484
-0,01908937
0,01024627
-0,01137913
0,01914212
0,01708189
-0,007791867
0,0271458
0,02990948
-0,02514101
0,02448282
0,01184389
0,007331455
-0,02462289
0,005850305
-0,01741047
0,001381881
-0,02897937
-0,005314339
0,02224927
-0,03152166
0,01130327
0,001360371
-0,000974613
0,02190318
0,006827169
-0,009195515
0,007657602
-0,01525238
0,01717084
-0,03117378
-0,03377163
-0,01238333
0,003906767
-0,02935468
-0,02783484
-0,007683734
-0,02055801
0,01789249
-0,004155796
0,009711308
0,0009340474
0,01774573
-0,01505423
-0,006724025
-0,01302442
0,02405808
0,01475798
-0,01031442
0,002734407
-0,02304682
0,02713776
0,02921521
-0,01662471
-0,008912115
0,01840694
0,00677841
-0,01903944
-0,003410699
-0,02096192
-0,007163875
0,01342179
0,01004189
-0,0218634
-0,03190126
0,01899381
-0,01605345
0,02354871
0,02286729
-0,01340524
0,007114446
-0,0257414
-0,03044406
0,02309762
-0,02352301
-0,004948664
0,01645639
-0,01846876
-0,03301319
-0,004776606
0,00970671
-0,0004583972
-0,02045047
0,004147939
0,002348541
-0,03046979
-0,03432085
-0,03100083
-0,01868959
-0,01694332
0,001955684
-0,0080163
0,02422732
0,01817594
-0,02087397
-0,0296474
0,02043989
0,006604593
-0,01606905
0,007614401
-0,02425949
-0,02803174
0,02243601
0,02980942
0,02464809
0,02891832
0,02319775
-0,02459296
-0,02251304
0,02269923
0,02600195
-0,009751471
-0,02150595
0,02542063
-0,005391428
0,01443406
-0,007177874
0,02610314
-0,006026519
0,01876905
0,01192588
-0,03235898
-0,002444918
0,001299076
0,01261277
-0,01522612
-0,02293523
-0,02190114
0,006231138
-0,03664616
0,0002369745
-0,0244119
-0,0399076
-0,01532396
-0,01664742
0,00165526
0,001398945
-0,02399946
0,009679208
0,004573663
-0,0212776
0,02804529
-0,02927935
-0,0008733225
-0,005266033
-0,01605719
-0,01742867
-0,03251331
-0,008125787
-0,004156222
0,009582996
0,02523191
-0,01683379
-0,006822683
0,02180661
-0,02536124
8,295215E-05
-0,01080969
-0,01513176
0,005539607
0,01679523
0,01025094
-0,00562682
-0,02585081
-0,01454448
0,01256894
-0,0132508
0,01052582
-0,001595966
0,009927163
-0,03276842
-0,02730183
-0,02602751
0,009927004
0,001557874
0,008867945
0,02002679
-0,03641528
-0,0320935
-0,0132047
-0,03512259
-0,02738734
0,01140655
-0,02070173
-0,01610551
-0,002706829
0,01659621
-0,005496439
-0,01008051
-0,02242409
-0,02689096
-0,009554544
-0,02928037
-0,01853878
0,02508877
0,005222136
0,004553467
0,02974973
-0,01959037
0,01346531
0,02732652
-0,001601444
-0,002445362
0,0086554
-0,005947756
0,003919578
0,01815923
0,001942745
0,01831563
-0,02297358
-0,02140679
-0,001521757
-0,01661807
0,01603225
-0,001718557
0,001542629
0,01952816
-0,02376973
0,01204155
0,004920524
0,01110447
0,01044796
-0,02296978
-0,01811914
-0,001001095
-0,0002132169
-0,03517261
0,01618402
0,005051186
-0,04104565
-0,03167419
0,02051259
0,01274124
-0,01424948
-0,01124438
-0,00702452
0,00182497
-0,03178419
0,01106413
0,008974958
0,01275892
-0,01271913
0,01320653
-0,006571236
-0,02376723
0,01360498
-0,01907199
-0,01394401
0,01262704
-0,007798614
0,0131975
-0,007317715
-0,01681728
0,003825509
0,02708965
-0,01563282
-0,01150838
-0,01511754
-0,02369925
0,02044972
0,004699132
0,02537632
0,01791793
0,01710772
0,02638296
-0,02125839
0,006666969
0,01983778
-0,01560724
0,02233925
0,0176027
0,007619515
-0,01545004
0,02481817
0,01375078
-0,0115225
0,01917344
0,00873915
-0,03302716
0,0108446
-0,01871794
0,00482281
-0,02772523
-0,01708355
-0,02274782
0,001846083
0,001385267
-0,02536619
-0,01417642
-0,02338195
-0,02375184
-0,009724485
-0,03226374
-0,03365709
-0,02147407
0,02699431
0,004784318
-0,03022224
5,715662E-05
0,02760788
-0,02840214
-0,01112504
-0,03136521
0,019041
0,002589687
-0,0271061
-0,02429847
-0,01221215
0,01917258
0,009204543
-0,008234612
0,005979405
-0,01775847
-0,01541206
-0,004106211
0,01857582
0,01378874
-0,004980206
-0,002426216
-0,02140293
-0,004823138
-0,006931332
-0,005575263
-0,03098396
0,005070673
-0,01146536
0,003781608
-0,01505349
0,01028078
0,01298454
0,001107187
0,01192939
-0,02531962
-0,03443098
0,008136772
-0,04143428
0,001616184
-0,018318
0,006725726
-0,02465696
0,001004104
-0,0132402
-0,01368369
0,01112053
0,02020002
0,009756434
-0,01451724
0,01575461
0,003067252
-0,01016192
-0,02138321
-0,02037267
-6,269206E-06
-0,01391383
-0,0006643846
0,007279139
0,02413196
0,02944106
-0,01854182
-0,01601389
-0,004635672
0,01798993
0,003460839
0,02856803
0,02729552
-0,002473769
-0,009689721
-0,02410126
-0,005482692
-0,009685438
-0,026027
-0,007896608
0,008542472
-0,01644492
0,0006888867
-0,02903027
-0,03118955
0,006869617
-0,02538348
0,02276034
-0,03242468
0,01148996
0,00595912
-0,01844594
0,001187354
-0,009185077
-0,01662621
0,02030844
-0,004080138
-0,03143346
-0,0314606
0,006553221
-0,02974916
0,001477726
0,01350975
0,01801107
0,0204862
-0,006330664
0,01817428
-0,006475429
-0,01234289
-0,02481871
-0,01195991
-0,0223072
-0,01765732
0,01377085
-0,0006971892
-0,01586171
0,0150102
-0,003086895
0,006624551
-0,01788638
0,02172252
-0,01687219
-0,02158739
0,001454589
-0,03047918
-0,02354488
-0,01479557
-0,005625099
-0,02489116
-0,006143877
0,004731761
-0,01480631
-0,01588896
-0,006396941
-0,01399254
-0,02404818
-0,004115839
0,008527372
-0,02314333
-0,0002693802
0,01298786
0,003175755
0,0003355928
0,01826466
-0,002947925
0,0002170401
-0,02831917
0,01671865
-0,03853518
-0,03144975
-0,02659321
-0,02835563
-0,001079208
0,02400597
0,02195709
0,02330855
-0,007546259
-0,01679733
0,01708314
0,008495199
-0,0245439
-0,009777463
-0,01589822
0,02182776
0,0007798293
-0,02995045
0,02292788
0,01864787
-0,004014663
-0,009433695
0,01512072
-0,02832875
-0,01681229
-0,03007289
-0,01329038
-0,02465924
0,0007601197
-0,02059246
-0,03324963
-0,008632055
-0,03329707
-0,01129053
-0,007398369
-0,02849113
-0,01545653
-0,0040671
0,01064616
-0,01610159
-0,006523555
-0,01317194
0,006691076
-0,02413084
0,0134117
-0,007645421
-0,01252116
-0,004912004
-0,01578259
0,004374548
-0,01335521
-0,004591165
0,007028292
-0,01310735
-0,002743545
0,01056204
-0,01076367
-0,02380925
0,02172575
0,00206064
0,007514901
0,0134864
-0,01135715
-0,01969524
-0,01716721
-0,008654751
0,01005516
0,01535957
0,02613912
-0,01735721
0,006341551
-0,02864446
-0,01404061
0,003379834
-0,01518412
-0,03062553
0,001886405
-0,002377018
-0,02512259
0,008923437
-0,002412127
0,01281735
0,005685179
0,01287303
0,01286294
-0,003342638
0,008635695
0,00466666
0,0164007
0,0094595
0,002002756
-0,03264924
-0,003058325
-0,02951462
0,000866571
0,01109908
-0,03111879
-0,006660403
-0,04288509
-0,009006121
0,01275312
0,004634777
0,0008835605
-0,01908783
-0,02158034
-0,008546166
-0,01604002
-0,02086693
-0,02593193
-0,001054334
-0,02505461
0,01824686
-0,03180717
-0,02074863
-0,03001263
0,02215088
-0,02576693
0,001725246
-0,006892405
0,01467418
0,01146852
-0,02839917
0,02427131
-0,01790133
0,0009907519
-0,002631501
-0,009107213
-0,02873754
0,02162716
-0,006645354
0,02334656
0,02703919
-0,002635794
0,003301181
0,01799356
0,01822358
-0,02504289
-0,01086268
5,041638E-05
-0,01420352
-0,02455492
-0,01008647
-0,007700616
-0,01555795
-0,001162348
0,01131372
-0,03068558
-0,01396495
-0,03057698
0,01273687
0,005993128
-0,005264646
-0,02224178
-0,01678688
0,01780993
0,01556163
0,01889749
-0,006340577
0,01499592
0,01369809
-0,03004103
-0,01926444
-0,01273213
0,009455673
0,002989393
-0,02229047
-0,01016438
-0,006785677
-0,009856523
-0,01961248
0,01429917
0,01174375
0,02725971
-0,02938899
0,0006224489
-0,02171303
-0,00314838
-0,0003189988
0,003003939
0,009417763
-0,01061551
0,02407928
0,02313188
-0,02962102
0,007728387
-0,01065967
0,01441445
-0,02109467
0,01084044
-0,0378514
-0,03802618
0,00436164
0,002508291
0,01516952
-0,01635979
-0,03878051
-0,02813864
0,01292884
0,01187608
-0,008379605
-0,006650836
0,003898784
-0,03027301
-0,03260624
-0,02955485
-0,03117518
0,003577683
-0,02057596
0,01408854
0,01202886
-0,00845587
-0,01309613
0,01844049
-0,02775225
-0,01005499
-0,02613707
-0,01325129
-0,01542298
0,02770072
-0,01971802
-0,00658812
-0,02249448
0,008552834
-0,009265078
-0,0211074
0,02947628
-0,02931057
-0,02788671
0,00875202
-0,0008849748
0,02578213
0,003043595
0,01003811
-0,02658075
-0,02576173
0,005965259
0,01725654
0,0218398
0,02602676
0,005016851
0,013535
-0,003589255
-0,008984858
-0,03636231
-0,002567923
0,001323052
0,009614887
-0,01105741
-0,0099494
-0,0228078
0,00890046
0,02204021
0,02025655
0,007814994
-0,02885264
-0,01284602
-0,03210966
0,01486271
0,02125183
-0,02608517
-0,02875256
0,001558391
0,0004330624
-0,01657397
0,01334303
0,01515114
0,005380917
0,01293479
0,0226528
0,01200206
-0,01329869
-0,004610776
-0,01183379
-0,01108499
-0,006482907
0,01856208
0,008134183
-0,0003561173
0,009279427
-0,005145398
-0,02559642
-0,003652546
0,0005975543
-0,01050329
0,01354454
-0,03234162
0,004611331
-0,0296644
-0,0328122
0,01465056
-0,001165085
-0,03880541
-0,03966316
0,01243735
-0,004489845
-0,02901615
-0,04064196
-0,0310019
-0,0194125
0,0171941
-0,03032362
-0,02481823
0,008552035
0,01927882
0,02677214
-0,01659717
0,004342491
0,003653851
-0,01542458
-0,01326106
0,01352187
0,002538528
-0,02651983
-0,004659778
-0,02976449
0,003058973
-0,03100318
-0,02177017
-0,00207268
0,01404093
-0,02437059
0,004954305
0,0134586
-0,02575886
-0,02422371
-0,01684502
-0,008776386
-0,007192625
0,008136297
-0,02185242
0,01582026
-0,009156896
-0,02264309
0,0160132
-0,01539109
0,02003481
0,008947524
0,008236617
-0,01325737
-0,007462343
-0,0149135
-0,0364166
0,009472321
0,0059668
-0,03706207
-0,03816056
0,01863809
-0,006362109
0,01319101
-0,03326473
-0,02313208
0,01777098
0,01038609
0,005354561
0,01424487
0,0001287773
-0,004826911
0,005608361
0,0144249
0,01416215
0,02452549
-0,01583085
0,02572701
-0,02459161
0,0006201829
-0,01156594
-0,01021602
-0,01540341
-0,02334369
-0,02307339
0,0195838
-0,01148422
0,01702031
-0,02990795
-0,008464871
-0,02973123
0,01599757
0,02689228
0,02698907
-0,03007757
-0,01566111
0,01539721
0,00147782
0,005162509
0,02408807
0,02003033
0,005610545
-0,001264223
-0,03286207
0,008232469
-0,008734432
-0,03136664
0,02120525
-0,002818736
-0,00688616
-0,03239538
-0,03074915
0,002483005
-0,02627809
0,007305862
0,0093476
0,004869083
-0,006453649
0,01368576
-0,01734121
0,02520148
-0,02793577
0,01158852
-0,01432972
0,01659674
0,01514127
-0,002629595
0,00777857
0,01113407
-0,002476846
-0,0227222
0,01001026
-0,01038022
-0,02057267
0,005529205
0,009649481
0,01748781
-0,01646338
-0,008180044
0,010444
0,01115103
-0,01281283
-0,02244957
-0,005230184
-0,01998055
0,0204177
-0,0245773
0,0116923
-0,01967144
-0,01536708
0,00114126
-0,01602977
0,01598268
-0,01291623
-0,03609549
0,01390916
0,01476826
-0,02419548
-0,02316888
-0,03887304
0,01834614
-0,01222957
-0,02416083
-0,03090327
-0,01799266
-0,007797404
0,01042239
-0,00313453
0,007026265
-0,02869152
0,02537284
-0,002371725
-0,02556665
-0,02649655
0,004521285
0,005494272
0,02708451
-0,01367162
-0,02804741
0,01993381
0,007129147
0,01665465
-0,004845536
-0,00633107
0,02469472
0,02017536
0,02180663
0,03012276
-0,01977951
0,01786195
0,01413225
-0,001744131
0,02537491
-0,00891018
0,01390336
-0,01833661
-0,02642434
-0,03014065
-0,02922127
0,01128379
-0,02965766
0,001991167
-0,03199136
-0,02851548
-0,01234348
-0,02949625
-0,02868942
0,002147442
0,006450546
-0,01501507
0,0127221
-0,003356655
-0,02789605
-0,01364207
-0,01465001
-0,02513408
-0,03395547
0,01827222
-0,01867046
0,0021237
0,007224685
0,01950449
-0,01087434
0,02302071
-0,008146345
-0,003645881
0,002340164
0,01682097
-0,009389495
-0,01204506
0,0004356591
0,0265161
-0,01461689
-0,01077111
0,01594907
-0,02862063
0,01355169
-0,01083754
-0,0277963
0,01909816
0,007555262
-0,02532121
-0,018969
0,01428195
0,02695406
-0,02315552
-0,01419957
0,0004275569
0,02555689
0,001589046
-0,02058072
-0,02074338
0,01221206
-0,007063674
-0,02941449
-0,01905486
-0,02265684
-0,03145726
0,00484637
0,01674596
-0,0055076
-0,01209799
-0,01542497
-0,01029255
0,02019714
0,01778137
-0,01505758
0,01840268
0,008639609
-0,01026885
-0,002990035
0,01501964
0,01918834
-0,006395784
0,02642439
0,0004443684
0,005018726
0,005853679
0,02568892
-0,01759483
-0,01975333
-0,02920823
0,01894368
0,01756297
-0,02239693
-0,0118838
-0,01960184
0,02002412
-0,01697169
-0,002423944
0,01614487
0,0008486735
0,003131559
-0,02389054
-0,01414912
-0,01724987
0,01244009
0,01137031
0,01788001
-0,02991537
0,01515773
-0,01156439
0,01695572
-0,002026133
-0,03237053
-0,01018656
-0,01465146
-0,01777298
-0,007095306
-0,002257734
0,003135896
-0,0007725448
-0,02690217
-0,01026531
0,001662268
-0,01046821
0,0003582422
0,006492949
-0,01303869
0,003618412
0,01285794
0,003071089
0,01021465
-0,02067449
0,005591237
0,02456404
-0,02334086
0,01208894
-0,02122573
0,01406724
0,01791134
0,02297921
0,0144936
0,02376121
-0,0028577
0,01913989
-0,01980477
-0,01556641
0,0124823
0,009273562
0,02436442
0,01873329
-0,01111693
0,006633289
0,01519343
-0,02565349
-0,01455259
-0,02686235
-0,008098543
0,01437937
0,001834375
-0,03013906
-0,01563624
-0,02199123
-0,01895499
-0,02118795
0,004111525
0,003456904
0,02326002
-0,03080535
-0,02615895
-0,0006867507
-0,03059835
0,0051473
0,005818828
0,0067809
0,01871578
-0,0160304
-0,03321377
0,0198193
-0,01312508
-0,01076827
0,02467005
0,01033696
0,008372672
0,02364477
-0,01974155
-0,02767613
-0,006482202
0,0004745112
0,00787549
-0,02735589
-0,01265478
-0,006477572
-0,02330524
0,01207538
0,001887028
0,000289285
0,006196897
-0,01861967
-0,02236547
-0,002270371
-0,01616986
0,001380608
-0,008164869
-0,0176061
0,005246624
0,003553379
0,018771
-0,03409805
-0,02315469
0,01864946
-0,03534399
-0,004988828
-0,008733733
-0,02183232
-0,0282572
0,004372254
-0,005021429
-0,0192771
-0,03858526
-0,000212437
-0,02684966
-0,01216816
-0,005917276
-0,02412766
-0,01404366
0,01295152
0,003057415
-0,03070591
-0,01986106
-0,009706909
0,01649257
0,01845336
0,01367337
0,01834435
-0,02455192
-0,007743889
-0,01212411
-0,005521047
-0,01316529
0,006169138
-0,01824496
-0,007084913
-0,01339177
0,01224556
-0,02837641
0,01876203
0,02980191
0,02180575
0,001414236
0,01963639
0,02389964
-0,01925012
-0,02422544
-0,001857207
-0,0182061
0,01386873
-0,03244996
-0,02591326
0,01825736
0,01458302
0,02326974
0,0139642
0,01082542
0,01147455
-0,02894029
-0,02894923
0,003191435
-0,007197006
-0,03173204
0,01011172
-0,01801521
-0,03363123
-0,03518182
-0,0108553
-0,01035742
0,01785969
-0,02323142
0,01502632
-0,02221791
0,002970481
0,01796706
0,01527699
0,003201101
-0,008284097
-0,001406019
0,005176558
0,01477591
-0,01456804
0,008609461
-0,008626046
-0,008091982
-0,01931351
0,004465221
-0,002404833
0,0110186
-0,003805111
0,00727659
-0,00149057
0,002849723
0,02002967
-0,02686952
-0,004737072
0,01133667
0,007856118
-0,004298465
0,01444731
-0,02825823
0,009457705
-0,02766091
-0,01330018
1,293765E-05
-0,02168278
0,02116729
-0,02218836
0,02252319
-0,02798026
-0,02640825
-0,01797539
-0,02022387
-0,003987792
-0,01145126
-0,01082971
0,01515908
0,006269584
-0,01125332
-0,02494626
-0,001055462
0,002094006
0,01389364
0,02868155
-0,0177296
0,01203074
-0,01311127
-0,009526514
-0,0002367623
-0,00582546
-0,02788954
0,02412107
0,02926669
0,01186394
-0,001943615
-0,02872705
-0,01951503
-0,0110441
0,02139203
-0,01873107
-0,01446104
-0,01109756
-0,002102828
-4,681295E-05
-0,0167925
-0,01222731
-0,02100151
0,02632166
-0,01294877
0,00280863
-0,004401356
0,02603264
-0,02105585
-0,02147353
-0,02103454
-0,006429141
0,02125633
-0,0330694
-0,03757575
0,007024622
0,0141112
-0,009043837
0,005972963
-0,004681868
-0,0346896
-0,0235228
-0,02027868
-0,003254898
-0,02932106
-0,007649415
-0,01694974
0,0008143666
0,02081647
-0,01737172
0,02484067
-0,01568689
-0,02121534
-0,01521229
0,01280169
0,02658885
0,003943431
-0,01050293
-0,02809966
0,02485443
0,02584509
-0,0247268
0,01001271
0,01516633
0,001398851
-0,02855209
-0,02384442
-0,02522277
-0,01551926
-0,02576326
-0,01192749
0,01270022
0,00222666
0,02078112
-0,01177375
0,02307582
0,0252064
-0,000397817
0,01538882
0,01688774
-0,0138523
0,01989399
-0,0359193
0,02127669
-0,02652947
0,01159205
-0,02471058
0,001333347
-0,01772541
-0,03195701
-0,02959299
-0,00839094
-0,006942647
0,01694137
0,005237557
-0,02891662
0,007928135
0,002838507
-0,02950287
-0,0269349
-0,01095286
-0,01707256
-0,01010612
0,01858435
0,02783604
-0,01780462
0,01201774
-0,01150392
0,02379045
0,01873255
-0,02947451
-0,02884324
0,001654483
-0,02243575
0,005588597
-0,02806936
-0,02681084
0,01198613
-0,002527412
0,005259946
0,01752577
-0,003516412
0,01150189
-0,02202269
0,02246653
0,01133522
-0,02133574
0,008793961
-0,02425568
-0,0153867
-0,01508947
-0,01293228
-0,01155156
0,002762039
-0,006262538
-0,03413513
-0,006217354
-0,02280772
0,02333876
-0,03804611
-0,03386843
0,01631917
0,0107493
-0,000190893
-0,02736795
-0,02442487
-0,03382745
-0,01008622
-0,01617331
0,009287376
0,0298116
0,02927699
-0,02110105
-0,002402671
-0,01236399
0,02309588
-0,003026574
-0,01967541
0,02661468
-0,01613865
-0,02850227
-0,02746004
-0,02358536
0,004564396
5,427769E-05
0,009644672
0,002386895
0,01745479
0,00405328
-0,0003870064
-4,743306E-05
0,0236711
0,01196359
-0,006698709
-0,006951932
0,01610915
0,008130259
-0,0222445
-0,03166208
0,009155852
0,007077028
0,01646793
-0,008920792
-0,005167517
-0,01932702
-0,01494425
-0,02320313
-0,03671786
-0,0180099
-0,002680231
-0,005959524
-0,02086406
-0,02250462
0,01332103
-0,03228734
-0,02555062
0,01765268
-0,02049191
-0,03064075
-0,004689162
0,006623043
-0,0163423
0,01871762
0,01461791
-0,02336696
-0,02327857
-0,01632024
0,0142186
-0,02618527
0,001536451
-0,01598838
-0,01170785
-0,02382885
-0,01692974
0,0005785301
-0,01695093
0,00775548
0,002514485
-0,01597354
-0,02158612
-0,004646504
0,003183327
-0,007894016
0,0263926
0,0210869
-0,02575757
0,003876475
0,01961115
-0,01438405
-0,02047585
0,02375534
-0,005364816
-0,03155958
0,0005181713
-0,03352193
-0,009863618
0,02367709
-0,0001707871
-0,01952288
-0,0271621
-0,03708858
-0,01143965
0,01921055
0,01582866
-0,01329278
-0,01552056
-0,02059557
-0,03036515
-0,01682888
0,01799188
-0,0008945132
-0,01340578
0,0254911
0,02234322
0,02874737
-0,02743904
0,02011523
0,02242458
0,0247356
-0,02979603
-7,279264E-05
-0,007964124
-0,008604653
0,01724548
0,004237965
0,01636089
-0,01887464
-0,002008969
-0,02403577
-0,02764336
-0,01799574
0,02803406
-0,02231522
-0,02923151
-0,02793485
0,02440486
0,0005338675
-0,004611854
-0,002673348
-0,0004289407
0,01683183
0,002442083
0,002028733
-0,001956703
0,009644522
0,001314718
-0,005969767
-0,02956969
-0,006277339
-0,04042964
-0,006162834
-0,03224692
0,007319905
-0,01409116
0,004275091
0,005845886
-0,02897225
-0,02563266
-0,01300877
0,006536543
-0,02448087
0,01562807
0,02339922
-0,01770843
0,003566379
0,002413144
-0,02122177
0,02485837
0,01919451
-0,02939757
0,001167522
-0,00739622
-0,01247753
-0,01108433
-0,02232
0,02418988
0,01393886
0,0171666
-0,02847873
0,02719146
-0,0146883
0,02691337
0,0188612
-0,02521706
-0,006029787
-0,02685351
-0,02163981
0,009446932
-0,01473347
-0,0115563
0,01486714
-0,01231864
-0,02658468
0,01954952
-0,008993491
-0,03396866
0,001117543
-0,01576099
-0,04097547
-0,0303792
-0,01393006
-0,00158414
-0,01384745
0,0002296514
-0,006665277
-0,02589761
0,01436955
-0,005756948
-0,01788964
0,01798076
0,02752774
-0,01102043
-0,02165731
-0,007919188
-0,008470695
-0,02174681
0,02811527
0,01841158
0,01676485
-0,001939347
-0,00897151
-0,001548736
0,005321607
-0,004576972
-0,02051605
-0,02434294
-0,01884995
-0,009963111
0,02228754
-0,02880507
-0,01807888
-0,01227277
0,01580575
0,01978631
-0,001856256
0,006384818
-0,002833259
-0,02326157
0,002259262
-0,02596324
-0,01777098
0,01109501
-0,008905181
-0,003245733
-0,01092442
-0,004268196
-0,01921172
0,009534077
-0,007781377
-0,02186031
-0,0331978
0,01627736
0,001297069
-0,004852522
0,01417178
0,01975473
-0,03451078
0,0267276
-0,005822688
-0,009805972
-0,02670013
0,001103114
0,005206848
-0,01750994
0,005021241
0,007655963
0,004471222
-0,01207113
0,02502482
0,01241475
0,008392411
0,01721351
-0,01860269
0,003029488
-0,01731127
0,004317825
-0,02842757
-0,02710624
-0,02827786
0,007553343
0,0191179
-0,007522776
0,01389344
0,002772437
0,02380002
-0,01174121
0,007145018
-0,02009205
0,02400454
-0,007744211
0,003663943
-0,0042604
0,006820751
-0,02075377
-0,02621888
0,01009332
-0,02680878
-0,02653206
0,01741089
0,007985907
0,02013551
0,02168563
0,01579073
0,01386628
3,773253E-05
-0,01835523
0,007340001
-0,02991459
-0,01386204
-0,015275
0,02531103
0,02573942
0,02829881
0,01925859
0,002412603
0,006631369
0,01460567
-0,0308038
-0,01113562
-0,01506518
0,02825025
-0,01091363
-0,01025319
-0,005777225
-0,02620119
-0,02410066
-0,02728491
0,02746357
-0,009248631
-0,004725789
-0,00756478
0,01981959
-0,02528284
-0,0156235
0,007500467
0,01950896
-0,002368019
0,01965088
0,02067321
0,001919922
0,004119579
0,002275144
0,02124396
0,00726086
-0,006388662
0,003818162
-0,00350122
0,01625431
0,00482266
-0,003980208
-0,0377888
-0,02684087
0,01351042
0,002578505
0,008503241
0,001188649
0,002415618
-0,004721961
0,01951614
0,00230006
-0,01704585
0,01336132
0,01330411
0,02285125
0,0243833
-0,02315012
0,0193126
0,0122442
-0,02009895
0,01302045
-0,02187382
0,02278395
-0,02521867
0,0130182
0,005641794
-0,009043749
-0,006295503
0,006368775
0,02131678
-0,009934111
0,002530564
-0,02129297
-0,01294557
0,01764197
-0,006844538
-0,02092642
0,02447869
-0,006300582
-0,005504342
-0,0322082
-0,02299552
-0,03453761
-0,02970019
-0,01047838
-0,01462857
0,02132372
0,01878514
-0,03239981
0,01138932
-0,01270565
0,01868051
0,01812505
0,007205144
0,01851684
-0,01208964
-0,02606188
-0,027656
-0,02265538
-0,02461005
-0,004957166
-0,01455387
-0,03023555
0,007653885
-0,004130215
-0,03008466
-0,0224286
-0,005967033
0,02449794
-0,002568632
0,01335793
-0,01705698
-0,006008467
-0,01663576
-0,02088918
0,0008502526
-0,02300147
0,01902343
0,012297
-0,007013224
0,00817562
-0,004192031
-0,01276424
0,01833183
-0,005151743
-0,001120364
0,008771642
-0,005343902
-0,01253308
-0,01185843
-0,0161149
-0,02976176
0,009233475
-0,01433985
-0,03275062
0,01171569
-0,02115993
-0,0119491
0,001002107
-0,01414063
-0,02620557
-0,003691833
0,02614751
0,002023209
-0,03205808
-0,02445841
-0,00638372
0,004860947
0,0003134553
-0,004627849
-0,01254999
-0,00949749
-0,005176395
0,01741501
-0,003606252
0,02962987
0,02625843
-0,01960631
-0,01915356
0,02768941
-0,009726519
0,01069077
-0,02709837
0,001912078
-0,01829507
0,009589455
-0,0005861265
-0,0275378
-0,01937442
-0,007971668
-0,01251915
0,01369072
-0,01860468
-0,01290429
-0,01980012
-0,025863
-0,005585867
0,01234327
0,01296137
-0,01944195
-0,03369481
-0,03284018
0,01847138
0,02429279
-0,03098053
0,01824196
0,007073344
0,02288829
0,01690895
-0,03766795
0,009324131
-0,03643071
-0,02311532
0,007471017
-0,03349423
-0,001467815
-0,006310585
-0,008762564
-0,009629464
-0,006767692
0,01275765
-0,00546032
-0,002393418
-0,01859143
-0,02291865
0,00413207
-0,02191915
-0,02691566
0,006537773
-0,008242238
0,002124997
-0,01910838
-0,005098439
0,02731404
0,02655189
-0,01136642
0,01872927
-0,02379696
-0,004646937
-0,01399226
0,02887121
0,001343367
-0,02221166
-0,02361076
0,00378545
-0,01457191
-0,001942711
-0,001467462
-0,01334771
0,004701783
0,0032576
-0,03667529
-0,01437165
-0,01382283
-0,002774764
-0,0003637613
-0,001361132
0,005171385
0,01008159
-0,007863131
0,005050774
-0,002957858
-0,02049827
-0,004009753
-0,003161533
0,003612354
0,002889458
-0,01889954
0,0126697
0,01103811
0,01234596
-0,008668777
-0,02890183
-0,0230601
-0,003985335
-0,02063243
-0,01495553
-0,009736606
0,007500178
0,02140771
-0,02748671
0,007216162
0,01342713
0,02813365
0,01535995
0,002281099
0,02093739
-0,02681262
-0,00611665
-0,009427675
0,013969
-0,02437063
-0,01296799
0,02258617
-0,0006916305
-0,008179897
-0,01908459
0,002407597
0,002024289
0,02499389
0,007750659
-0,01704221
0,01506585
0,004294944
0,0211179
-0,02529827
0,02103272
-0,02731338
0,01203431
-0,01589098
-0,01826284
-0,02643907
-0,03590586
0,02284212
-0,005441473
-0,02380242
0,0204048
-0,01268656
0,01594681
0,03059438
0,0169837
0,004817688
0,02132485
-0,007181044
0,02766301
0,006272042
-0,02490679
-0,02186047
0,008183172
-0,02657068
0,0261015
0,00648324
0,01416012
0,01269151
-0,01878706
0,01767626
0,01969586
-0,02461867
-0,02785062
0,0002786827
0,004328801
0,007255834
-0,02219779
-0,03197605
0,02673971
-0,0007967271
-0,02978184
-0,01554498
-0,009334427
-0,009636034
-0,001468675
0,02087129
0,02153663
0,00655053
-0,03052277
-0,02984542
-0,01113486
-0,01548466
0,001494624
-0,01344533
-0,02393153
0,01564539
0,001717396
0,01629895
-0,008748255
0,0104851
-0,004538417
-0,01143
0,01647579
0,01460358
-0,01155163
0,01809609
-0,009426918
-0,01475321
-0,006270426
-0,02106107
-0,004704962
0,02126988
-0,005891365
-0,003918142
0,003865094
0,01485786
0,01403589
-0,01499434
0,003718095
-0,02569173
0,01467271
-0,02478169
0,005921165
-0,02517473
-0,006801896
-0,005045278
-0,004704253
0,01176089
-0,008689101
0,01277745
-0,03136923
-0,01726052
-0,0004604502
-0,01725489
-0,02962678
0,01033047
0,0007825821
0,009322159
-0,03184623
0,007741381
-0,003842501
0,001187845
-0,02041673
0,02384623
0,00800463
0,0002375798
-0,03065324
-0,02297292
0,01127114
-0,007444597
-0,02844596
-0,01048653
-0,009088252
-0,004713076
0,02953304
-0,007248505
0,01541472
0,01187814
-0,01113822
0,02662157
-0,008268667
0,007560425
0,02304927
0,01052764
-0,01984246
-0,02136061
-0,01399198
-0,02215672
-0,006407422
0,02268051
-0,01875728
-0,02867883
-0,01738435
0,02202987
0,002443744
-0,02285032
0,02195297
0,01160576
-0,007104841
0,01725519
-0,008639705
-0,02066042
0,02317522
0,02563776
0,007984607
0,008721405
0,02498486
-0,02177219
-0,01560205
0,008150728
0,02480376
0,02104589
-0,0102352
-0,02541261
-0,01255188
0,01955125
0,01039997
-0,0006938155
0,01333051
-0,0001315356
-0,01480732
0,02397401
0,02076275
0,02493696
-0,0167379
-0,02550092
-0,02247532
-0,002343693
0,02015453
0,0219864
0,0002860005
-0,02547908
-0,01287896
0,0002859819
0,002241846
-0,01927104
0,01080415
0,0236979
-0,02871528
-0,0002398385
-0,01864194
-0,0248487
0,02280859
0,01390943
0,02697706
-0,01144058
0,006360086
-0,02438093
0,001961058
0,007608721
-0,00781897
-0,01173079
0,02510072
0,02011194
-0,0003717931
-0,0002230607
-0,01043181
-0,02895013
0,01471617
0,001531102
-0,0001824137
-0,001780184
-0,01029227
-0,006991095
-0,02155674
0,01777193
0,0001520943
0,02048188
0,003445958
-0,02222169
-0,01868205
0,02132631
0,001165049
-0,01278398
-0,009287508
-0,01820605
-0,0300228
-0,02355904
0,02808949
0,02286737
-0,003014002
-0,02764336
0,02475983
-0,01876168
-0,0002594602
-0,01942012
-0,0217781
-0,005598628
0,0293733
-0,02867909
0,02003019
0,008703616
-0,02242318
-0,003433425
0,02816681
0,01061021
0,01467518
-0,002619123
0,003648803
-0,02508492
0,0129516
0,01518172
0,0008057959
-0,00825606
-0,005731016
0,00090521
0,01772691
0,009733398
0,0006954548
-0,01309276
-0,001824827
-0,01652797
-0,02373593
0,02114533
-0,02683718
-0,004874867
0,001529919
-0,02524688
0,02272779
0,02830932
0,01216411
-0,01899801
0,02557811
0,004376309
-0,009070277
0,006678602
0,01389694
-0,02501045
-0,01102095
0,01054238
-0,002274828
0,002632836
0,00258604
0,02229438
-0,0201923
0,01390477
0,001208611
0,0003472325
0,01634891
0,02755544
-0,0075709
-0,001388183
0,02317139
0,01027358
0,001751434
0,006249148
0,003891532
-0,01554387
-0,01297147
-0,004694729
-0,02749977
0,005186545
0,004622198
0,004761892
-0,009891697
0,002481091
0,01654544
0,02574462
-0,02802341
0,01696114
0,01369175
0,01034746
-0,0119281
0,01941267
0,01836916
0,02332321
0,006149796
-0,0199006
0,01126516
-0,007697442
0,02913945
-0,02284405
-0,004419023
0,02827768
0,006802316
-0,01484939
-0,0111305
-0,0143829
-0,02695063
0,01487077
-0,02733068
-0,000273914
0,01648523
0,02267998
0,006810712
0,0223122
0,0284211
0,02751211
-0,0004949312
0,00708916
0,02582557
0,004366742
-0,004122379
0,02598321
-0,02142228
0,009600432
-0,02184543
-0,0283879
0,0182879
0,002940896
0,02189322
-0,01235863
0,0008877831
0,02412882
-0,00383818
0,02668627
-0,01900061
0,00399667
0,02510116
-0,02734602
-0,02047007
0,0001542343
0,02300305
-0,01315018
0,01354902
-0,01718372
0,024022
-0,003526597
-0,01774536
-0,03155769
-0,03110615
0,01514309
0,01535809
-0,02455517
-0,001382841
-0,004397875
0,01135702
-0,001124375
0,01995356
0,02857934
-0,02295789
-0,01311409
-0,002706056
-0,0004643149
0,02272548
0,01489382
0,02924404
0,0231942
-0,00485127
0,009225186
0,00985609
-0,008599836
0,02885626
-0,008806673
-0,0078715
-0,007671011
0,009942638
-0,02416281
-0,02168375
0,01987712
0,01133681
0,007239587
0,01648389
0,01903695
0,004870431
-0,02412111
0,002656795
-0,007252939
-0,007669605
-0,03058017
-0,0149639
0,01225382
0,01678161
-0,03242689
-0,03418331
0,02307194
-0,02635023
-0,00665491
-0,003205942
-0,02740983
-0,01012296
-0,0250519
-0,02584527
0,005047166
-0,0096286
0,008657686
0,01644157
-0,006269549
0,01451443
-0,02276034
0,01625419
0,005480228
-0,01015426
0,03000918
-0,01326479
0,0001650751
0,00180591
0,009328809
0,02644079
0,01451372
-0,0198811
0,004225874
-0,001708568
-0,006747842
-0,007282885
0,02521059
0,003740864
0,02846478
-0,009768834
-0,004382445
-0,0138858
-0,01620045
0,007921245
-0,02459958
-8,301365E-06
0,006599128
0,001597269
-0,02252183
-0,004347955
0,0219907
-0,01112612
-0,02172344
0,009378288
-0,01495859
-0,0169693
0,008923475
-0,006853181
0,01773473
0,01315446
0,0009939148
-0,004423131
-0,00249404
-0,0005717986
0,01440949
0,02274291
0,01615833
0,00627843
0,01141716
-0,01611534
-0,003823218
-0,0245414
0,01934019
-0,02592719
-0,0105433
0,02186314
0,002326819
0,02923087
-0,01521879
0,0001275553
0,009223485
0,02706284
-0,008244514
-0,01883047
-0,02859877
-0,006724614
0,03022674
0,0241765
-0,01886486
-0,02293103
0,01175464
0,0004237793
0,01552725
-0,01613839
0,01863369
0,02953255
0,01818042
0,0136053
0,02147299
-0,01870797
0,01140084
-0,02993056
0,0211189
0,02498727
-0,02987458
0,01838233
0,001680636
-0,024549
-0,01019093
-0,005056634
0,01413256
0,01239086
-0,01974631
-0,01117474
-0,02520776
0,004650154
-0,02616351
-0,01420882
-0,001452173
-0,008520235
0,02404931
0,02315282
-0,004394382
0,004887322
0,002968778
0,02632213
-0,00956719
0,005244375
-0,01468664
-0,00994535
-0,02727484
0,01816646
-0,02419494
-0,02747612
0,01716663
0,007783263
-0,02527444
-0,004072681
-0,02043646
-0,01744122
0,02160545
0,02383794
0,002882618
0,01562676
-0,006915987
0,02935752
-0,01089247
-0,004211351
-0,02238704
-0,01677713
0,02539453
0,002102518
-0,01509804
0,0009373962
-0,01240237
0,02049001
0,006621606
-0,01274753
-0,00699632
-0,02405968
-0,0005941861
0,02810168
0,02236499
-0,02921197
-0,007116116
0,02701853
0,007095133
-0,02218808
0,002492289
-0,001871029
0,000264364
0,008732372
-0,02302627
-0,01376845
0,0008782789
-0,02938338
-0,009790633
0,01030224
-0,01824461
0,004187538
0,006700322
0,02444136
-0,003519661
-0,02890939
-0,005214141
0,0002925264
0,001931231
0,004395341
0,01442046
0,02689098
-0,02845362
0,0180551
-0,02716511
-0,02650937
0,01384298
0,02372613
-0,02849431
0,002217863
-0,007496324
-0,003955872
-0,007838607
-0,0190405
0,02375448
0,01070724
0,0142898
-0,01321528
-0,004404496
0,03000706
-0,02963334
-0,01195788
0,00120918
0,02690518
-0,02430066
0,01967342
6,539284E-05
0,005521503
0,001727406
0,02115859
0,007302314
0,02356814
-0,00513021
-0,02735185
-0,006060789
0,006029774
-0,00340839
0,0126526
0,005623222
-0,026529
0,003024196
0,007829283
0,02982225
0,01895515
-0,01230371
0,01551643
-0,0182417
-0,005097728
0,03038519
0,01587918
-0,01305874
-0,02263707
-0,02565716
0,002369034
0,003576411
-0,003139782
-0,003643639
-0,0249225
0,01254818
-0,01586898
0,004316619
-0,02167829
-0,007999172
-0,01915348
0,02512017
-0,0007323925
-0,0283731
-0,01007584
0,01864896
-0,01145409
-0,01530952
-0,02819945
0,01220717
-0,007176826
-0,002518035
-0,006306642
-0,01126976
0,01244126
0,009028965
-0,009106227
0,008010865
-0,02493054
0,005639936
0,0164192
0,004075611
-0,0004453078
0,01919496
0,02313532
-0,0002997009
0,02781262
-0,02019946
-0,008547517
-0,02975252
-0,008280105
-1,545471E-06
-0,005489346
-0,01427129
0,01889593
0,02427502
0,01855804
0,01339499
0,02253837
0,007043593
0,01151133
0,00131855
-0,01487126
-0,003996723
0,01210497
-0,02523389
-0,0203703
-0,02239591
0,01438557
-0,0032731
-0,008266542
0,006711199
-0,0009621091
0,003371795
0,00657982
0,007544213
-0,004196386
0,0111577
-0,02047848
0,0209421
0,02128966
-0,02113763
0,02376427
-0,02824849
-0,009417935
0,02333588
-0,02705268
-0,0219497
0,0004799309
0,01871068
0,021209
0,007973503
0,01599693
-0,001352298
0,02475835
-0,0147904
-0,01107531
-0,02632933
-0,02298935
0,01834537
-0,01002089
0,01989026
-0,004067701
0,02542223
0,009201407
0,01575441
-0,0289013
0,02172927
0,009980164
-0,01859446
-0,001443107
-0,0226046
0,003885466
-0,02825483
0,01624295
0,00248366
0,007886402
-0,01669409
-0,02462326
0,01946961
-0,02818801
-0,02847762
0,007954869
0,02635333
0,006004869
0,01439748
0,02120891
-0,02951782
0,009310339
-0,008726115
-0,01143506
-0,008059344
0,004115217
-0,0081985
0,0007917669
-0,02856444
0,01361523
0,02901772
-0,006913046
0,005363255
0,02227296
-0,0181397
-0,001274637
-0,01091064
-0,009819543
0,01381419
-0,02596728
0,01417595
0,01293478
-0,00780401
0,007878443
-0,02448844
0,02891537
-0,01182861
0,01648517
-0,01165075
-0,01813746
0,0001932304
-0,01060631
0,02554972
0,02520133
-0,0293152
-0,0175341
-0,01115988
0,02340303
-0,02357985
0,003816991
-0,01778425
0,001701737
0,01490463
0,01952444
0,00950616
0,02087553
0,0005696865
0,02773002
0,02059986
0,003539386
-0,01103583
0,006166719
0,02281476
0,01021871
-0,02301925
-0,0119859
-0,0129211
0,01386045
-0,01694485
-0,006266596
-0,01402232
0,005869014
-0,01759371
0,02017689
-0,01657612
0,009611098
-0,001868921
0,0107718
0,02160758
0,02999215
-0,02013427
-0,003702759
-0,01630436
-0,02002768
0,02245422
-0,01748434
0,02866737
0,003255559
0,02896499
-0,01481113
-0,001687908
-0,008978905
0,0264662
0,01541317
0,02352037
0,02464074
-0,002835672
-0,01470608
0,01819078
0,01326922
0,02599125
0,005558607
0,01031698
0,01334661
-0,0121476
0,006881564
-0,01076599
0,02529629
0,006110739
0,03050161
-0,007208364
0,02042213
-0,02386068
0,02123998
-0,006319795
0,02324777
-0,007530261
0,01285081
0,01839518
0,0250888
-0,01004763
0,01441138
0,01551597
0,02850524
0,0260397
0,02558042
0,01001572
-0,002386717
0,0272672
-0,01060376
-0,01756633
-0,01717836
