0,02527143
0,01436554
-0,02358831
0,02156772
0,01727722
-0,009783083
-0,01735678
-0,02017574
0,01317211
0,01195592
-0,02239304
0,0145059
0,01151085
0,008470274
0,02522678
0,002455425
-0,01304185
-0,02510561
0,02610543
0,01060178
-0,01166901
0,00699074
0,0007531273
0,02281063
-0,002538631
-0,01397008
-0,02394331
-0,01037965
-0,01286358
-0,01223257
-0,01348878
-0,02531056
0,004139357
0,01590228
-0,01128778
0,01521742
0,0215595
-0,01936612
0,005388484
-0,0114471
-0,02786391
-0,01470422
0,02342055
-0,02313446
-0,01576835
1,19286E-05
-0,02119714
0,01837692
-0,01057731
-0,02023222
-0,01666631
-0,02177244
0,001343372
0,007297479
-0,01600732
-0,01170837
-0,0164314
-0,01585998
-0,005968207
0,001246421
-0,01583729
0,02370383
0,02330285
-0,004549001
-0,004537775
-0,02707598
-0,01962931
0,02620305
-0,01021429
-0,01999824
0,01149913
-0,02366784
0,000103736
0,007547271
0,008473638
-0,02698862
0,01414199
-0,006094735
0,008621829
0,02804991
-0,02280734
-0,01164575
-0,02972649
-0,02266917
-0,02551636
-0,02166297
0,00397507
0,02745974
0,001986844
-0,02959379
0,001674914
0,007376685
0,01714675
-0,0258405
-0,02557323
-0,02093792
-0,00740877
-0,002011358
0,01200003
-0,01870733
-0,01033888
-0,0168025
-0,001511905
-0,02058837
-0,001145136
-0,02306899
0,008663918
0,02427567
0,02933162
-0,01907605
0,004771754
0,02027555
0,006161071
-0,003420899
-0,006061022
0,02634701
0,02344276
0,01596458
-0,008990402
-0,0128413
-0,0004495693
-0,01650372
-0,005715565
-0,01055467
0,009002587
-0,02584253
-0,01021818
-0,004034234
0,003120995
-0,0006392603
0,01109219
-0,01377324
0,01245896
-0,002770843
0,008354258
0,0246188
0,02039927
0,02135901
0,009086254
0,02811943
0,0002628461
0,01017767
0,02859772
-0,008988419
-0,003736843
0,01186077
-0,02889157
-0,00950173
0,01073937
-0,02139358
-0,01377665
0,007247329
-0,02303958
-0,00515324
0,01235144
-0,02391405
0,01948077
-0,02124903
0,0006494528
-0,005563029
0,01763048
-0,01739706
-0,008883708
-7,354431E-05
0,000345157
-0,01172843
-0,02232162
-0,02104468
0,01886129
-3,826605E-06
-0,02386514
-0,02791424
-0,02315269
-0,00634872
0,01757935
0,01989316
-0,01447969
-0,02651589
0,02383829
0,02782634
-0,02672444
0,02974342
0,01579436
-0,005538559
-0,01688776
-0,02627339
-0,02098492
-0,01245666
0,01546168
0,002138979
-0,02492223
0,01102645
-0,00979668
-0,01574288
-0,01986172
-0,01263687
-0,01106625
-0,001362415
0,02113054
-0,02225688
0,004075513
0,02281075
0,002307728
-0,01931935
-0,02739867
-0,01579781
3,989767E-05
0,01336911
0,007517846
0,02261394
0,02110517
0,01586394
-0,01422848
0,003749204
-0,008623452
0,01806817
-0,002738284
0,02717454
-0,01342231
-0,003460754
-0,02063394
0,02075551
-0,005875391
-0,0131584
-0,005047705
-0,004688094
0,012344
0,02317399
-0,01656581
0,0003409829
0,0007095511
0,01722083
-0,01741976
0,01596481
-0,006574989
-0,01941844
-0,002529162
0,004882065
-0,008150526
0,0293766
0,003796472
-0,004471508
0,01017298
0,02296995
0,01137966
-0,01073337
-0,005041732
0,01703551
0,02328033
-0,007679562
0,02052214
-0,007605491
-0,01809832
-0,005826724
0,02904353
0,0140152
-0,001377061
-0,01457309
0,01584945
0,007215746
0,002481151
0,007266951
0,0001973348
-0,02249885
-0,008578042
-0,0266524
0,002964644
0,0003727625
-0,02000016
-0,01927909
-0,009227701
0,02314327
0,004915601
-0,01245028
0,023335
0,0146966
-0,01905573
0,001316556
0,005531293
-0,02425559
-0,02936589
0,02561277
0,03091163
0,02167557
0,01022454
-0,02156979
0,005577103
0,01860239
0,01724113
0,01001197
0,0124778
-0,01809904
0,01915265
0,01508059
-0,003091497
0,02644814
0,02541843
0,002624552
0,001166865
0,007583329
0,01633449
0,02501429
0,006908929
0,01227985
-0,02893127
0,02804652
0,01722916
0,02433258
0,001519284
-0,01585813
0,002518103
0,0272859
0,009799313
0,01047911
0,006575772
0,006470533
0,007339404
0,009033119
-0,002489145
-0,01688676
-0,001066167
0,01510349
0,01330295
0,0008048262
-0,0004290675
-0,02017698
-0,02546277
0,02119698
0,02142047
0,02780546
0,02045287
0,008641563
-0,02953173
0,02816318
-0,01043157
-0,02392098
-0,01095023
-0,01205824
0,0198039
0,01251009
-0,008546856
0,01141345
-0,01288025
0,002960558
-0,02330531
0,01504683
0,001918683
-0,02161808
-0,02188462
0,02027496
-0,01168632
-0,01441095
-0,02540315
-0,01236233
-0,02137524
-0,02920883
-0,01886194
-0,02425926
-0,0169913
0,0216819
0,02323661
0,02689301
-0,02681183
0,004462408
-0,00403318
0,0252407
0,02686956
0,01124702
-0,01000286
-1,196124E-05
-0,01241662
-0,01035724
0,02007957
0,01579069
0,02206368
0,01799588
-0,002209689
-0,0191276
-0,006183296
0,01431906
0,008069979
0,02581208
0,01213156
-0,02903087
0,009229477
0,003397569
0,00328449
0,01269041
0,01973732
-0,01160991
0,02496938
-0,01760339
-0,0258125
0,02770348
0,01914064
-0,005452663
0,008090628
0,01295795
-0,02316466
-0,01857761
0,01785094
0,02009352
0,01819265
0,008064761
0,002017036
0,02783766
-0,004392155
-0,0107416
-0,004806456
-0,009400197
0,002488259
-0,03063713
0,01234501
-0,0002851762
-0,01498393
0,02888376
-0,01544998
-0,02841497
0,02609729
0,02199116
-0,008726895
-0,01668362
0,02135664
-0,02914733
0,004864352
-0,02605787
-0,01564344
0,02211492
0,02708768
-0,002879018
-0,02027314
0,01502898
-0,02669864
-0,01839107
0,02645871
0,01751707
-0,02210416
-0,02495084
-0,001152282
0,009974711
-0,02339877
-0,01593644
-0,0134345
-0,0007628386
0,01638381
0,02529393
0,0004188705
0,005300716
0,01219442
0,02051816
-0,02040589
0,005890651
0,01732472
-0,01545416
0,01966507
0,003039604
0,02767965
0,01628483
-0,02861249
-0,004261651
0,01165943
0,002637357
-0,008407727
0,02806697
-0,01895369
0,01794463
0,02633346
-0,0005016687
0,002726481
-0,002814
0,02053021
-0,02187797
0,001263667
-0,01598948
0,01429812
-0,02320017
0,02660266
-0,007813111
-0,01436701
0,01000765
0,004764343
0,009848707
-0,0201946
-0,02382054
-0,01242383
0,00356912
0,02939756
0,01996764
-0,006947791
-0,006643591
0,01971615
-0,007820303
-0,02778451
-0,0266391
0,02926692
0,004966351
0,02266874
-0,01104169
-0,01199991
0,02805644
0,02864655
0,03035262
-0,02785918
-0,01547287
0,02944913
0,03004528
-0,02770981
0,001821975
-0,0007022806
0,01169805
0,004818533
0,002943373
-0,001123917
-0,009313838
0,01967879
-0,02991773
-0,008835478
-0,01774554
0,0081909
0,004908675
0,01808756
-0,02532521
-0,02424918
-0,02215309
0,007406414
-0,001879578
-0,02464459
-0,002814923
-0,01454784
-0,02089247
-0,01467317
0,008930878
-0,02628977
-0,011781
0,01268978
0,005740967
0,01013033
0,0285527
-0,02265455
-0,01151165
0,001295586
-0,003281668
-0,009813949
0,01168242
0,01973939
-0,01306974
0,02368606
0,0121956
-0,01694632
0,02711973
-0,01808766
0,007193906
0,008837991
0,01197394
-0,02172909
0,02107471
0,022748
0,02377165
0,007357103
0,0005262911
0,02272796
0,003049226
-0,0156677
-0,01181922
-0,006087631
0,0243918
-0,003331565
-0,02224401
0,005303721
-0,01763419
-0,008774528
-0,006694755
-0,02549021
-0,01107046
-0,02743963
-0,009585338
0,01444871
-0,007329222
-0,01273791
-0,0110344
0,006220959
-0,005715421
-0,01594463
-0,0116954
0,02874044
0,008521962
-0,03043651
-0,006311149
-0,01907861
0,02126649
0,01174783
0,01455119
-0,0108218
0,006996297
-0,001999378
0,02957221
-0,01826759
-0,02816045
-0,01361756
0,02393721
0,01894138
0,01360943
-0,02605374
0,02875752
0,003864261
0,01571658
-0,001362232
-0,01311511
0,007206213
0,01546209
-0,02404355
-0,003369715
0,002847631
-0,01673534
0,02390082
-0,005010731
-0,01501423
0,02243266
-0,01363621
0,01439667
0,02331578
-0,02725477
0,0268488
0,01457182
-0,0003259539
0,004835038
-0,02713452
-0,001754711
0,02104916
-0,02578199
-0,02101914
0,01155744
-0,02254602
-0,005618571
0,001708073
0,02156209
-0,009637315
-0,01267979
0,01657413
-0,0182668
-0,02058634
0,01178593
0,01675753
-0,004513761
0,01769635
-0,01350169
-0,01821412
-0,02542219
0,0124873
-0,02951116
0,01203204
-0,0131656
0,01277059
0,0007472152
0,02890598
0,01426321
0,01345477
-0,01243101
-0,005298866
0,02494729
0,009986564
0,02866886
-0,008100643
0,000576265
0,001855108
-0,01209372
-0,01425652
-0,02545804
0,01044174
-0,02961736
-0,027294
0,02776334
-0,02493588
-0,02558767
0,004171792
-0,02048073
-0,01496373
0,001469599
0,02707376
-0,01597273
-0,004281206
-0,03231118
0,01625863
0,021651
-0,007484342
0,02493774
-0,02962079
0,008902779
-0,002674726
0,01842998
-0,02339984
-0,02782205
0,02189201
0,02063205
0,002596315
-0,01910706
-0,01024112
-0,01419966
0,02259375
-0,003502873
0,0285746
-0,02594121
-0,00817716
0,009700253
0,02668255
0,01247548
-0,02303815
0,005280301
0,02174735
0,01505024
-0,003504238
-0,01989974
-0,01259399
-0,0217806
-0,003058136
0,005467679
-0,02247363
-0,003747612
-0,02581493
0,007733246
-0,01412335
0,006439094
0,00747164
0,02380637
0,02255399
-0,03105784
-0,02682287
-0,0140542
0,001534029
-0,00806999
0,02037751
-0,03089158
0,008386121
0,002340483
-0,01269679
-0,00881216
0,006922578
-0,02262424
0,02594299
0,01127819
0,01684956
-0,003471896
0,01675875
0,01155006
-0,009521796
0,02734253
0,01500282
0,01224729
-0,007645354
0,02392447
0,03034413
0,02027114
-0,02142416
-0,0173809
-0,02208369
-0,01082492
-0,006734037
-0,004484806
0,01379084
0,02419705
0,006487253
0,02118321
-0,02922039
-0,005328816
0,0209296
-0,00739335
-0,00329701
0,01332056
0,01918525
-0,02649186
0,02791395
-0,03252761
-0,002455794
-0,007359789
0,02107836
0,01978629
0,01991657
0,02582669
4,55712E-05
0,02437662
-0,01720682
-0,006091622
0,02256529
0,006570579
-0,004458989
-0,02906254
0,01970244
-0,003926159
-0,006983316
0,0255191
0,02894821
-0,01785336
-0,00588059
-0,02708429
-0,02511589
0,02561364
-0,005586316
-0,008964497
0,02028758
0,02601346
-0,003167879
0,02918057
0,01976909
-0,0144839
0,02398209
0,02843857
-0,01201146
0,01322334
-0,01106536
-0,01488177
-0,002449817
-0,005399056
0,02127523
0,01584287
0,007086196
-0,02022832
0,02498218
-0,009975459
0,0279436
0,01925235
-0,002712087
-0,03334628
-0,01435147
0,01935137
-0,02582389
0,01351318
0,004117894
-0,00460559
-0,01588925
0,02311029
-0,006079314
-0,001262604
-0,02607421
0,005111706
-0,001383792
-0,01682993
0,001743731
0,008682417
0,01544147
-0,004248296
0,01379836
-0,02180802
-0,02319342
-0,02192074
0,0004079066
0,001431954
-0,0100235
0,007762368
-0,004243502
0,02558462
0,03055497
-0,02727971
-0,008466189
-0,02991928
-0,007027429
-0,005959539
0,00743778
0,02543806
-0,02255839
-0,023272
-0,009963048
0,01699318
-0,008951857
-0,009859159
0,0145693
0,02583247
-0,01401613
-0,01657607
-0,01535164
-0,01300053
0,0005823603
-0,021114
-0,001146846
-0,005476023
-0,03074832
-0,01278381
0,02022826
-0,02369395
-0,01219601
-0,0003255361
-0,0078719
0,02853042
-0,0296161
-0,008801542
0,02424756
-0,007953046
-0,02437995
-0,02383333
-0,01742475
-0,02508208
0,007956044
0,009020753
0,001712382
0,008722633
-0,02279596
0,02639326
0,01691912
0,01546379
-0,008499228
0,004383385
-0,0156884
-0,02410535
-0,007678663
-0,02482257
-0,009290538
0,01465114
-0,002833974
0,02053616
0,02724628
-0,03020161
-0,001684705
-0,007438934
9,075704E-06
-0,002090046
0,008494739
-0,01210521
0,01303042
0,02486835
-0,005978317
-0,01066421
0,01222933
-0,02638082
0,02282409
-0,02746747
0,004323542
0,01883231
0,008104486
0,01822443
-0,01384669
-0,03065702
0,0001022211
-0,02604213
0,01833191
0,01586937
-0,01212235
-0,01199971
0,004460979
0,02573755
-0,02697475
-0,02104673
0,02602841
-0,01283358
-0,01946687
-0,01640139
0,005726108
-0,01499957
-0,02167709
-0,02774149
0,02977068
0,01865422
-0,01741625
0,02035043
-0,009515239
0,02897676
0,01731195
-0,02509267
-0,02331199
-0,01607635
-0,003343928
-0,004204529
-0,0295569
0,0003429702
-0,005096233
0,01749488
-0,007105064
-0,009018399
0,001886287
0,009211045
-0,02429845
-0,01674476
0,005933939
0,01108206
0,02008613
-0,02035955
-0,008849722
-0,008742231
0,02005388
0,006608985
-0,006879409
-0,01397421
0,008826081
0,002792648
0,02302046
-0,001606398
0,01961202
0,01266663
0,01531634
0,02160304
-0,02990045
-0,01491459
-0,0191149
-0,007747639
0,001397861
0,007915966
-0,02138812
-0,00570605
0,01991901
-0,008122195
0,0198832
-0,01492998
0,01234013
-0,002858567
0,02458582
0,009781923
-0,02457145
-0,003323966
0,02772624
-0,02314654
0,003065204
-0,01298555
-0,02415761
-0,008604597
0,008294149
-0,02995444
0,009792176
-0,008601591
0,003581299
0,01948958
0,02248247
0,004791542
-0,0002526459
0,005876396
0,006089953
0,01649192
-0,03409153
-0,02180203
-0,02718946
-0,02709338
-0,03927761
-0,03648425
0,003669964
0,0015751
0,02110634
-0,0175161
0,005406259
-0,01567948
0,01341241
-0,0151657
-0,003114839
-0,005423492
0,01606143
0,009657542
-0,01149538
0,0145849
-0,0200182
0,0197164
0,01351713
-0,0002766603
0,02859673
0,01799404
0,01955995
0,02605665
-0,004017587
-0,02063484
0,01220937
-0,0285045
0,01817513
-0,02818295
0,004203027
0,01905036
-0,01628822
0,01308484
-0,02754527
0,0007566015
0,007795408
-0,002887528
-0,00411536
-0,01056433
-0,01437468
-0,01248051
0,002638377
-0,01822457
-0,01168716
-0,009011091
0,0160774
0,01640758
-0,01680178
0,01409287
-0,003962814
-0,02334756
-0,0002627235
0,006569458
-0,02059271
-0,0201399
-0,02398099
0,008571238
-0,02256759
0,01313788
0,004586565
0,009344721
-0,000827506
0,01111403
0,01341902
0,0102734
-0,01599777
-0,02765695
0,005012941
0,01690699
-0,02526119
0,009581374
-0,008356466
-0,01034674
-0,02157984
0,005335538
-0,01921641
0,0006559255
4,337552E-05
0,02739
-0,01404746
0,01818192
0,01117357
0,02288548
-0,01146833
-0,01365048
-0,01958731
-0,00426233
-0,002756867
0,01810434
-0,01309702
0,02319192
-0,01374599
0,005246483
0,008164019
0,0008867444
0,01434352
0,01768325
-0,005514901
0,001256438
-0,03097815
0,01216758
-0,02136178
-0,002141574
0,01381022
-0,03265911
0,01998003
-0,01854357
0,004710547
0,009966628
-0,0263388
0,01098927
-0,01770901
-0,01740579
-0,000680596
0,01695989
-0,03070753
0,006759198
-0,009159634
-0,004395018
-0,001662922
0,01606986
0,003349786
0,01357336
-0,004820069
-0,02224661
-0,01138196
0,008694223
0,001382755
-0,003045397
0,01042688
-0,01535133
0,0245035
0,01358513
0,010247
-0,009025096
-0,003279295
-0,02991313
-0,0299488
-0,01364679
-0,01433579
0,02258882
0,01872795
0,01018947
0,00597659
0,002358672
0,005483394
-0,03084354
-0,0282003
0,01672268
0,001594109
-0,02171506
-0,002055486
-0,02837665
-0,02417839
-0,009003452
-0,01783967
0,001656767
-0,02284675
0,01042383
0,0125763
-0,01409508
0,01211296
-0,02267889
0,02880643
0,01917505
0,0163984
-0,00265369
-0,0001700827
-0,02651873
-0,01153407
0,02494258
0,002405536
0,03033871
-0,02751711
0,00175661
0,02366673
0,01409674
0,0274608
0,01444991
-0,007588975
-0,02069739
-0,006211118
0,001538306
0,01556646
-0,007462738
0,007233898
0,009710927
-0,00421029
-0,01722573
-0,02725147
0,0191423
0,0210793
-0,01843336
-0,002424248
-0,03261451
-0,02460135
0,00838127
0,011674
0,01466366
0,01323932
-0,02329292
-0,0005523671
-0,02830907
0,003285967
0,01073409
0,009700578
0,001764148
-0,02496085
0,01326763
0,004125447
0,004159428
0,00777236
-0,005351165
-0,01141471
0,0031353
0,02236269
-0,01903436
-0,008790954
0,003181206
-0,02064829
-0,02829163
0,02932152
-0,01467574
0,0264733
-0,003455695
0,02849093
-0,0202341
-0,006727327
0,02489581
-0,01412618
-0,023846
0,02333365
-0,0313221
0,01923714
-0,0245834
-0,002382876
-0,02111144
0,01700524
-0,03264489
0,00765275
-0,03186554
0,0007654447
0,005250941
-0,001118467
-0,008208709
-0,02770776
-0,00855315
-0,03751524
-0,03993806
-0,02614096
-0,03982465
-0,01502254
-0,01999033
0,01079826
0,01783499
-0,01634546
-0,009822297
-0,01911624
-0,01772656
0,01647388
0,003792178
-0,02070465
-0,01852778
-0,001537989
-0,001590269
0,01060656
0,008405857
0,004669358
-0,01755251
-0,02872319
0,007338068
-0,01036785
-0,00881013
0,02359201
-0,02513557
-0,004960107
-0,01417741
0,006605785
-0,008134848
-0,01883597
-0,00340972
-0,02400417
-0,01228006
0,007078566
-0,01889332
0,009694483
-0,001549782
-0,02291773
0,02168256
0,0155169
-0,02502526
-0,03348438
-0,001968034
-0,02925327
-0,03666808
0,0139119
-0,01460186
-0,0251087
-0,02913715
0,01442022
-0,004274985
0,01931607
0,01559132
-0,03522381
0,003414725
0,009449589
-0,03203493
-0,007892321
0,009904002
-0,001875806
-0,02709361
0,01617502
0,02290449
-0,02592354
-0,007928627
-0,002827714
0,02219158
0,003518061
-0,01502981
0,01404276
-0,0247163
-0,00555172
0,007504046
-0,005295178
0,0231551
0,006405447
0,01351271
-0,02033778
0,01750854
-0,01920643
-0,03143081
0,02794217
-0,006241717
-0,005674173
-0,0001989483
-0,006732419
-0,0212225
-0,01761668
-0,03609218
-0,002498959
0,006886706
-0,02524255
-0,007709988
-0,01157805
0,006262051
-0,01813755
-0,02957353
-0,006166256
0,01027821
-0,00252014
-0,0407867
0,008439594
-0,037994
-0,01194386
0,01290128
-0,02016863
-0,0129367
-0,006127727
-0,02318599
-0,02752961
-0,02965223
0,02271239
0,006645099
-0,0008889345
-0,004033157
-0,02731027
-0,008224293
-0,005566752
0,0007804735
0,02349648
-0,01829532
0,005226938
0,003997424
0,01632939
-0,02838333
0,02458419
0,02291136
-0,02475137
0,006868997
-0,003071438
-0,004890481
-0,0209397
-0,01637475
-0,02554733
-0,02219611
-0,02407796
0,0257688
0,02433073
0,005989119
-0,01026826
-0,02765369
0,01116859
-0,03418564
0,01612443
-0,01137878
0,006623993
-0,007583991
-0,03984934
-0,04053632
0,00262195
-0,04129333
0,003024524
-0,03788831
0,02163281
-0,008722313
-0,007401278
-0,01627972
-0,01853368
-0,006708316
0,025428
-0,009286783
-0,01837265
0,0172158
0,009602436
0,003196454
0,01949567
0,005867692
-0,003416941
-0,01140823
-0,01384936
-0,02565851
-0,005241089
0,01632435
-0,02089547
0,01437775
-0,007666067
-0,002821277
0,004600152
-0,01511848
-0,01819579
-0,01335257
0,01820575
-0,03110254
0,0219216
-0,005502549
0,01044792
-0,02577522
-0,01320866
0,01157267
0,0134099
0,01944662
0,001404711
-0,01201963
0,003426312
-0,03860054
0,01654478
-0,03883675
-0,01362591
-0,01687832
-0,001278801
-0,0295178
-0,0308725
0,007660425
0,0124633
0,00279751
0,002870525
0,02570723
0,02040492
-0,01820185
-0,02555331
0,0284176
0,009299557
0,02813532
-0,01912062
0,004390725
0,0007558993
-0,02058606
0,02050189
-0,02007611
0,02080279
0,01049197
-0,01427353
0,0145709
0,003958722
-0,006860845
-0,009417584
0,02298375
-0,02924267
-0,02576113
0,01656889
-0,01277908
0,02661306
-0,0209552
0,002492913
-0,03428463
-0,0234781
-0,02875574
-0,01731105
-0,01380356
0,01851461
0,009147771
-0,0256005
-0,03713873
-0,004258981
0,007211331
-0,02888225
0,001780325
-0,02168613
-0,0318901
-0,01339902
0,007324373
-0,02714365
-0,01735258
-0,002164295
0,0225031
0,02384054
-0,008477355
-0,02085454
-0,006083399
-0,01363354
0,01350114
0,02601124
0,01470252
-0,005832273
0,01567553
0,02933314
-0,0008013087
-0,008208998
-0,02023852
-0,006696524
-0,003793875
0,02545586
0,003289014
-0,01227414
-0,0256594
-0,006052647
-0,02145671
-0,02501266
0,0151745
-0,02475222
0,001392073
-0,001540463
0,01855761
0,002049891
-0,03201986
-0,02805073
0,005495606
0,003760459
0,002155366
-0,03150522
0,0109296
0,01560206
0,01164966
-0,04005388
-0,03175272
0,01063171
-0,01055666
-0,00151128
0,008190984
0,00664246
0,00366819
-0,0135374
-0,02690867
0,01090393
-0,03099512
0,01735905
0,005046666
-0,03138009
-0,002576498
0,004254169
0,01663117
-0,01567022
-0,006304274
-0,01273138
0,01396317
-0,0200109
-0,02654434
-0,02250395
-0,006464733
0,00955322
-0,011314
0,02187971
0,01540825
-0,02453844
0,0045602
0,001952516
-0,02365662
0,0009555413
-0,02563748
-0,02046154
0,01787016
-0,007248225
-0,02111311
0,02482727
-0,008171645
-0,02514289
-0,01474932
-0,030745
-0,004015021
-0,02589829
-0,0103567
0,001450562
-0,03037968
-0,04284365
-0,02332059
-0,01137773
-0,01311076
-0,01293443
-0,02755478
0,01781657
0,007559602
-0,0140599
-0,01848329
-0,02188536
-0,005775362
0,01943884
0,005671758
-0,02776097
-0,02000158
0,0008482912
0,01525554
-0,02458628
0,02371708
-0,01219766
0,01508748
-0,01006018
-0,02736172
-0,005538705
0,02099362
0,002870245
0,01914321
0,02889304
0,004209476
-0,01756519
-0,02007728
0,006769108
0,01208134
0,01151901
0,01528147
-0,03116437
-0,03446226
-0,001445849
-0,01910807
-0,02613532
-0,006588493
-0,006073324
-0,02677853
-0,03560415
-0,009115933
-0,006287276
-0,007607539
-0,02254158
0,01401279
-0,04314719
-0,01919018
-0,02003747
0,007010933
0,008952288
-0,02368397
0,01852366
-0,01060466
-0,03421871
0,003272241
0,01028837
-0,02274582
0,0162448
0,01637981
-0,02723031
-0,02830328
0,0197508
-0,02285542
0,02570878
-0,01263269
-0,02090647
0,002127953
-0,01828756
0,02052397
0,01593575
0,02143638
-0,01269745
-0,01885507
-0,02862552
0,02374363
-0,01322314
0,02976456
0,0008361218
-0,02745377
0,001508567
0,01175175
0,01491879
0,01770927
0,01963457
-0,006213293
0,01588185
0,0006583715
0,02147089
0,01629049
-0,005861995
0,02034694
-2,815276E-06
0,001213806
-0,03412029
0,02005403
-0,001634418
-0,01822314
-0,004417887
0,01894392
0,005179454
-0,01123078
-0,02572422
-0,006172752
-0,04203044
0,02257917
0,02797169
0,01435846
-0,00395374
-0,02054211
-0,006451941
0,01394366
0,008261187
0,01359374
-0,01371611
-0,01084757
-0,01645888
-0,02986931
-0,01388567
-0,002072914
-0,002292041
0,006367479
0,007454315
-0,008453323
-0,01075188
0,01911054
-0,01583241
0,01012713
-0,02326934
-0,02972165
-0,01883514
0,02016709
-0,01028839
0,0002766419
-0,01104931
-0,02922529
-0,003657575
-0,01888614
0,01317605
0,01746241
-0,007428779
-0,02978875
-0,02914613
0,005772493
-0,01091599
0,007693192
-0,02716661
0,009797979
-0,02147506
0,0004788772
0,004667244
-0,002068775
-0,03129899
-0,03200873
-0,005957878
-0,03018364
0,01925208
0,02107001
-0,01829101
-0,01763696
0,01541645
-0,009749561
0,007656096
-0,004315277
0,02790645
0,002254383
-0,009037879
-0,02451113
-0,007132811
-0,01622642
0,01727027
0,02840929
-0,01787567
-0,005347628
-0,02990757
-0,006579909
0,0005703776
0,02502567
0,02530289
0,001021597
0,0004517753
-0,01085629
-0,01260644
-0,008470114
-0,01460179
0,0002163769
0,007897413
-0,0216931
-0,03464083
-0,02292391
-0,02448165
0,006928367
-0,03385587
-0,003772409
-0,03143938
-0,03415514
-0,01467917
-0,001056169
0,003172309
0,01431972
-0,01532954
-0,0315903
-0,01115241
-0,0336112
0,02004644
0,01367605
-0,004884349
0,01301683
-0,02193861
-0,02541595
0,006833259
0,02723459
0,02623514
0,01052276
0,01232777
-0,002884568
0,03017281
-0,01555691
-0,02102049
-0,004100046
0,02245508
-0,02071573
-0,02420775
-0,0189018
-0,02752457
-0,02295884
0,02544081
0,005825779
-0,0113949
0,02405059
0,02775371
0,0204253
-0,01980102
-0,02726786
-0,02714353
-0,01238992
0,0141104
-0,01976203
-0,006498801
-0,001783429
-0,02640023
0,02693727
-0,03234857
0,0148555
-0,003896564
-0,02608184
0,005070711
-0,01688468
0,01484532
-0,001068657
-0,03218346
-0,0314833
-0,01045898
-0,02401348
0,02436022
-0,0181196
-0,02886533
-0,01381999
-0,02876438
0,01711827
0,02249138
0,02245641
-0,00310192
-0,01287497
-0,01812962
0,01823592
0,01589243
0,02226097
0,004568432
-0,007148814
0,007976783
0,01646958
0,01874182
0,01031626
-0,009451443
0,02468208
-0,02338979
-0,01704917
0,006901851
0,01880949
-0,008724615
0,002605518
0,0121456
0,008359545
0,01159011
0,01480705
-0,01441285
0,02143318
-0,02756754
0,01869697
-0,01887317
-0,002470874
-0,02330309
0,0004236206
0,001682953
-0,02471001
-0,004598967
0,007066128
-7,019349E-06
0,004639121
-0,01476386
0,006606515
0,004442489
-0,009878766
-0,03453787
-0,01365369
-0,01182507
0,01703446
0,02437164
-0,02585284
-0,02190323
0,02240076
0,01483401
-0,01510357
-0,001415366
-0,009815287
-0,02116908
0,01685135
0,003756617
-0,003620517
-0,0004390907
0,02258847
0,0178816
0,0141494
-0,02042321
-0,02184035
0,006372234
-0,0180957
-0,02741417
-0,02475586
-0,00740984
-0,007345728
0,005227706
0,01940943
-0,01171071
-0,00175075
0,01342401
-0,02331758
0,00517843
-0,01054284
-0,009381649
-0,006652348
0,02087609
0,02328793
0,005352379
-0,01539193
0,006967615
0,01431829
-0,03103665
-0,02520869
-0,0399216
-6,301949E-05
-0,03130185
-0,02612798
-0,0183194
-0,001109424
-0,03038683
-0,0310463
-0,01069923
0,02342505
0,01681357
-0,01729451
0,02007306
0,02207614
0,01377526
0,01817111
-0,01180548
0,02473137
0,02526274
0,02779149
0,004840726
0,02758692
-0,02169915
-0,01840702
-0,02599907
-0,02739602
0,02608038
0,01702893
-0,02824714
0,01738153
-0,007838311
0,0117603
-0,02785338
0,01529874
-0,02934117
0,005686632
-0,02217372
-0,01639752
-0,0001984386
0,01249478
-0,006319368
0,007218656
0,01581915
0,009624069
-0,002392434
-0,02941762
-0,004342831
-0,03673199
-0,02736627
0,009543687
-0,03982831
0,007293071
-0,04209463
-0,02808461
0,006327328
-0,02649993
0,004082977
-0,03691546
-0,02405932
-0,01722853
0,01187159
-0,01342777
-0,02777292
0,00520605
0,0009360413
-0,02589205
-0,02226043
-0,0258652
0,02118048
-0,02150182
0,008190131
0,0282279
-0,007883624
-0,02011518
0,001687735
0,02387748
-0,02343328
-0,007600033
0,005258422
0,02282452
-0,00577127
0,01980017
0,001893153
-0,02455292
0,01336078
0,001077222
0,009888804
0,02011959
-0,03221117
0,02032726
0,02485827
-0,0249118
-0,0249741
-0,0216784
-0,03624805
-0,03294536
-0,003417461
-0,02662142
-0,02868913
-0,01223259
-0,041274
-0,01185886
-0,02483304
-0,0308659
-0,01918468
-0,02923215
-0,00428168
0,01614879
0,007024943
0,01804708
-0,02914276
-0,01474656
-0,004141998
-0,01254232
0,01975077
0,02043868
0,01440018
0,02505187
0,01987966
-0,03007171
-0,006324352
-0,01362847
-0,02709551
0,02864899
-0,01891678
-0,002251142
0,01693036
-0,02599315
-0,0257122
-0,007781787
-0,01558998
0,01924684
-0,02051307
-0,02666941
0,01962977
0,02182408
0,004135757
-0,00608535
0,02021281
0,006136108
-0,03325291
0,01676687
-0,02447711
-0,02318367
0,01478737
0,002670572
0,004160183
0,01161469
-0,01517155
-0,02723907
-0,02051326
-0,001967077
-0,01455266
-0,02438538
-0,02753329
0,01210233
-0,001583074
-0,01468919
0,02371519
0,01875715
-0,01122415
-0,005682603
0,01498358
-0,01149167
0,005139698
-0,01831965
-0,02591907
-0,00917038
-0,003572983
0,02812938
-0,01508672
-0,01068828
-0,02630007
-0,01786861
0,02978369
0,002640306
-0,02627068
0,02183307
-0,02301521
-0,001075072
0,01339648
0,02324298
0,00514991
0,01837431
0,02791613
0,0002798843
-0,00924933
0,02365758
0,0226317
-0,02724943
-0,01209899
-0,01911284
-0,01015303
-0,03422076
-0,01789645
-0,005465779
-0,03716135
0,0144794
-0,001066594
0,002234676
-0,003253455
-0,02062711
-0,01440537
-0,00889931
0,02604933
-0,029892
0,005471121
-0,01927833
-0,0191569
0,004249839
0,01205377
0,007804007
-0,02060172
-0,001302968
-0,02442129
-0,004411926
0,01633986
0,02472856
-0,01046245
-0,02777383
0,01942129
-0,02059262
-0,003124757
-0,00625047
0,006982171
0,02829573
0,02022845
-0,0303138
0,02325625
-0,008092606
-0,002740252
-0,01981079
-0,01657162
-0,003056085
0,01985804
-0,01133888
-0,00532498
-0,02497111
0,01709796
0,02313131
0,01966987
-0,03035295
0,002379059
-0,01921689
-0,01903983
0,002332183
-0,03250028
-0,03731424
0,01605694
0,0129057
0,008925451
-0,03268288
-0,00845723
-0,006097398
0,01455997
-0,007526034
0,02204928
-0,03129533
0,01996528
-0,02933258
-0,01703707
0,007736281
-0,008653053
0,0219724
-0,02181066
0,00156931
-0,007386186
0,01054033
0,008199862
0,01588978
-0,029822
0,01024418
-0,02465035
-0,001507792
-0,01907597
0,01187504
-0,001481233
-0,02412387
-0,02894957
0,02290814
0,01871397
0,01866865
-0,02656297
-0,03055638
0,003452306
-0,01356826
0,007999031
0,009169542
0,005448481
-0,01165805
-0,009589124
-0,01380005
-0,02258662
0,008868838
-4,210642E-05
-0,02613451
0,004765731
0,01062952
-0,02854405
0,00886347
-0,02410668
-0,01566009
-0,02078452
-0,02866663
0,01720487
-0,02474146
-0,03010824
-0,02993158
-0,01093147
-0,023486
0,0301342
0,01903735
-0,03040286
0,0295308
-0,01741234
-0,006486109
0,001898783
-0,01072664
-0,01401723
0,01965212
0,02547048
0,01164438
-0,02882653
-0,01197574
-0,007118092
0,008657562
-0,005612424
-0,01481568
0,02058025
0,02456645
0,02461482
0,01016183
0,02449219
-0,01787572
0,0029071
-0,009617865
-0,002844115
0,02233167
-0,02400987
-0,006901362
-0,01968535
-0,003659414
-0,01529316
-0,006853045
-0,01733784
-0,006336777
-0,02062994
-0,02765916
-0,004139484
-0,02625125
-0,002505615
-0,01691157
-0,007957829
-0,01540882
0,01945212
0,004342668
-0,01061786
-0,02978434
0,01463048
-0,01913457
0,01196789
0,01575049
-0,01596452
-0,00412762
-0,01830954
-0,01158627
0,02292477
0,01698974
-0,006176934
0,01907329
0,02484385
0,006996097
-0,02064636
0,02067498
0,006512254
-0,005081297
-0,008200116
-0,00187591
0,02495953
0,01789648
-0,01624958
-0,02209388
0,00995503
0,006232701
-0,01629715
-0,003290826
-0,02490386
0,0007037463
-0,01353414
0,02194611
0,02216976
-0,00816576
-0,02772935
0,01819615
0,004550269
-0,01245999
-0,02539391
0,01228319
-0,0226332
-0,0399903
-0,003603736
-0,009484592
0,009143367
0,009405462
-0,01864273
-0,0304135
-0,01778038
0,007309156
0,01347873
-0,001163419
-0,01409371
0,02554439
-0,02369201
0,0287426
0,02694875
0,00255251
-0,02546805
0,007419403
-0,01905254
0,01293031
-0,02000697
-0,009132167
-0,001911728
-0,001699601
0,02336774
-0,0003629051
-0,001348811
-0,01714388
-0,0231795
-0,02262423
-0,02438907
-0,002175574
-0,01953757
0,02383791
-0,02109558
0,01106257
-0,01608771
0,02283626
-0,01285014
-0,02571995
-0,02386841
-0,006149636
0,01248538
0,01254239
0,001191057
-0,03813298
-0,02086484
-0,0296535
0,02063606
-0,0319237
-0,02161982
-0,003533368
0,00166241
-0,001267975
0,01401905
-0,0199204
-0,03023295
-0,01192887
0,0216093
0,01978999
0,004229014
-0,02823557
0,003657837
0,00559343
-0,01020797
0,01719126
0,01525173
-0,01843622
0,02012225
-0,01553352
-0,01451802
-0,01773213
-0,01025305
-0,02860818
0,002262741
0,01478236
0,004221099
0,008149887
0,01830951
0,02269579
-0,02139613
-0,01179043
-0,01646109
0,02742118
0,02089803
0,0004609374
0,01434581
0,003650336
-0,0320255
0,01542787
0,004592938
0,02350038
0,02577765
-0,007217206
-0,003536972
-0,03144922
0,01203375
-0,03054163
-0,01271963
0,01099933
-0,02776642
-0,03827048
-0,02126493
0,003453962
0,01258136
-0,03130438
-0,01609336
0,008756919
-0,02776631
-0,0241168
0,01324122
-0,003220831
0,004821431
-0,0294212
0,006328705
-0,01503643
0,01892218
0,004862751
0,01623177
0,02302948
-0,02760732
-0,01957989
-0,02042949
-0,02978844
0,008523756
-0,008590337
-0,0169461
0,01936826
-0,003367971
-0,006719443
0,02063637
-0,007351439
-0,02134782
0,02557394
0,005828681
-0,02642318
-0,03330579
-0,004098488
-0,02802003
0,009603005
-0,0213906
-0,02689134
-0,002336311
0,02054688
-0,03092865
-0,02849586
-0,01876743
0,01958344
0,01018806
-0,02581505
-0,02341511
-0,02603825
-0,01527419
-0,005530162
0,009897815
-0,03182254
0,0232401
-0,01444349
-0,02690783
-0,002114826
0,02193953
-0,004083884
-0,01656073
0,00715726
-0,01736657
-0,01217297
-0,0136999
0,006819056
-0,007325288
0,00288349
-0,01471962
-0,01158335
-0,001296149
-0,02740596
0,0124425
0,02891424
0,01065306
-0,01774929
0,02412658
-0,001369128
-0,03010611
-0,01681081
0,02950711
-0,02144611
-0,02669621
0,002530769
0,02554108
0,0005742321
-0,02508058
0,0008892589
-0,02445405
0,008907915
-0,009246771
0,0004846511
0,0144533
0,005752498
0,01374658
0,01007376
-0,000585667
0,003078318
0,01013056
0,002557689
-0,00505153
-0,02161786
-0,03521626
0,02480901
0,01371561
-0,01460871
0,02015565
0,01718742
-0,008173394
0,01168956
-0,00756391
0,005085127
-0,001388138
0,007359432
-0,001360323
-0,02757702
0,003149162
0,007963162
-0,009447304
0,01352186
-0,001983619
0,0179527
-0,006228528
0,003675601
0,02482455
0,02370461
-0,01792197
0,03078826
-0,02293129
0,01738056
-0,002023492
-0,02456275
0,003440507
-0,01599143
0,006123497
0,008316144
-0,02539386
-0,02751756
0,01402264
0,003584001
0,008853012
-0,0161535
-0,02503725
-0,0114585
-0,021297
0,006670501
-0,03647915
-0,03138608
-0,02623884
0,008863472
-0,02045748
-0,03408333
-0,01326684
-0,02749109
-0,01890494
0,01160288
0,02314532
-0,002640367
-0,02634037
0,02463546
-0,02152418
0,02369438
0,01272373
0,003988713
-0,01725436
-0,0141753
0,02776854
-0,01970348
0,02817303
0,01751241
0,02522239
-0,002787455
0,0211017
0,01368538
-0,02639041
-0,02109703
0,005424303
0,02679035
-0,01505125
-0,02616344
0,01582771
-0,03239113
0,01218613
-0,01541245
-0,005162143
-0,008650232
0,009541776
-0,005442696
-0,03329832
0,01720579
0,0149478
0,003278862
-0,03479037
0,01593756
-0,01066208
0,006670699
-0,002899207
-0,003661276
-0,02711713
-0,03683935
0,01080127
0,01677203
-0,02373808
-0,008674831
0,01993053
0,01589291
-0,02044561
0,01083868
-0,02778254
-0,02625834
-0,02037911
0,02615787
-0,01815793
0,02844945
-0,02373064
-0,02354256
-0,02460549
-0,008101
-0,02655555
0,01624527
0,002429909
-0,001808801
-0,02209476
-0,02465073
-0,02835276
-0,0147092
-0,004360703
0,02679997
-0,01559914
-0,01530821
-0,00103629
0,02561201
0,01068346
-0,02104578
-0,01983366
0,01831567
0,01351967
-0,01588574
-0,009498899
0,00410092
-0,02225188
-0,03685757
-0,01218905
0,01834701
0,00153049
0,009524898
-0,01334943
-0,03875583
0,005246861
-0,02101571
-0,0006340238
-0,0272111
-0,0006360729
-0,008138062
-0,003724982
-0,01273875
0,01259246
-0,02514784
-0,00844474
0,006838964
-0,006718684
-0,01575513
-0,002753616
0,01774552
0,004973161
-0,01681112
-0,01805292
0,02762675
0,0124674
-0,01510145
-0,008537725
0,01626146
0,0275627
-0,004966553
0,00362883
0,001060688
-0,02807893
-0,02059032
-0,007664561
-0,02249189
0,01526583
-0,009915932
-0,02083667
0,02159365
0,002859913
-0,01827168
-0,01254312
-0,01864134
0,007218758
0,01826214
-0,02874666
0,001157406
0,01947788
0,009320334
-0,02764972
0,01722279
-0,004764101
-0,0008507362
-0,01825089
-0,0145544
-0,00270906
-0,01030931
-0,01714071
-0,003284768
0,02506917
0,0201186
-0,01616482
-0,02495487
0,02048188
0,02701895
-0,01214295
0,003255357
0,01297923
-0,01753893
0,01955035
-0,02948663
-0,02731392
0,0003812839
-0,01939005
-0,01039545
0,02123533
0,02616649
-0,01591739
0,01888471
-0,02016264
0,01335533
0,01782265
-0,02371039
-0,02270483
0,004664454
0,02383971
-0,009406156
0,0187745
0,02761291
0,0001660126
-0,01561956
-0,0305205
0,006451155
0,02233679
0,009094565
0,02239357
-0,02337032
-0,01424059
0,007633166
-0,004628855
-0,01088003
0,01584803
0,0040426
0,01721282
-0,02995531
0,01169551
-0,03452618
-0,007586671
-0,03401215
0,0006358904
0,00678765
-0,01909891
-0,003911347
-0,01347937
-0,01723476
-0,02693961
-0,02279586
0,02689653
-0,01336464
-0,02789108
0,02617724
0,01655878
0,01343404
0,006275936
-0,0002557351
0,02738481
-0,009934392
0,005219589
-0,001370081
-0,008003876
0,006118615
0,0009262589
-0,003312351
-0,01799713
0,00695191
0,01656955
-0,02678107
-0,02076554
0,02618684
0,008736156
0,01735405
0,02158017
0,01270027
-0,01028075
0,02264453
-0,03063176
-0,004223702
-0,01609694
0,001557377
0,0004209822
0,01011269
-0,02288608
-0,03319576
0,004097397
-0,002518143
0,003149278
-0,02748101
-0,03050993
-0,00955318
-0,02151556
0,0008099837
-0,005621423
0,02554766
0,006394522
0,02914396
-0,02054879
0,01529618
-0,01420834
0,009931
-0,002028065
0,02862195
0,02768076
-0,03113041
0,003447312
-0,01995511
-0,02961777
0,02876926
-0,009995811
0,01160388
-0,004571408
-0,007248318
0,02647373
0,02268318
0,0174603
-0,001538373
-0,01453429
-0,007666447
0,009952365
0,001111959
0,02352465
0,0008312456
0,02119066
0,005904404
0,005915131
-0,02618689
-0,01231862
0,01963169
-0,03084772
-0,01421023
0,009236885
-0,02405442
-0,02494461
0,003264352
-0,02733883
-0,002880985
0,0100812
-0,02134812
-0,003007908
-0,003812315
0,001431197
0,01076723
0,01868366
-0,006810486
-0,0289997
0,02346848
0,007284805
0,00425773
-0,02182954
-0,02280346
0,01147906
0,01455496
-0,02845679
0,01119001
0,01435141
0,02179255
-0,0275604
-0,01269528
-0,01194705
-0,005275046
0,01675918
-0,02748129
0,01910047
0,02434805
0,02225386
-0,02606422
-0,02601791
-0,01778544
0,007035882
-0,02241577
0,009476518
-0,03117744
0,01566795
-0,02505112
0,02389912
-0,02205531
0,009815028
-0,006264231
0,001516358
0,008333456
-0,009120689
0,008428249
0,006969017
-0,04158998
0,00306088
-0,04467756
-0,02604626
-0,002070302
0,02046657
-0,01531966
0,001693559
-7,456804E-05
0,02762178
-0,02489263
0,01590583
0,006263773
0,0275988
0,02819293
0,002007196
0,02775341
0,01738963
-0,008492984
0,02353285
0,02897875
-0,002818281
0,008845757
0,02569087
0,02366892
0,01539148
0,004163665
-0,02353065
0,001735432
0,008362334
-0,002151434
0,02031327
0,02564839
-0,01688979
0,01744702
-0,02145963
0,0210281
0,01856322
-0,002289623
-0,01592328
-0,01508647
0,0008620751
-0,02796532
-0,03367492
0,002960468
-0,01604615
-0,01739461
-0,02394237
0,01064533
0,02086698
0,00186646
-0,03874559
-0,03129948
0,01550044
0,006689803
-0,006941164
-0,03189091
-0,02974766
-0,01199614
0,01762068
-0,01077963
-0,01526754
-0,02381934
0,0278314
8,619104E-05
-0,01237093
0,01919068
-0,01142938
-0,02436753
0,01628325
0,00987873
-0,02511287
-0,0138034
-0,02563073
0,005969636
-0,004297403
-0,009565584
0,006466324
-0,01481617
-0,0007191463
-0,008543224
-0,0131901
-0,01303368
0,003750792
0,02707277
-0,005880969
0,009358436
-0,02948696
-0,006767221
-0,01803403
-0,02953671
0,01113893
-0,006812354
0,004690929
0,01580106
-0,0382551
-0,01223322
-0,02911595
-0,007511641
-0,01830241
-0,006481121
-0,03717221
-0,03171087
-0,03741854
-0,02278237
-0,003100328
0,009785572
-0,03029948
-0,01431938
-0,01169416
-0,02117194
-0,002029409
0,02224685
0,02370761
-0,0002002484
-0,02628373
0,02573377
-0,0003272328
0,02589426
-0,02774622
0,005166155
0,01512264
0,02154608
0,01962563
0,01326382
0,02552325
0,005999056
0,005755853
-0,01959128
0,002053196
0,02636117
-0,02335628
-0,02827424
0,02220277
0,02407983
-0,01299047
-0,02515533
-0,01803305
-0,01801524
-0,01324687
0,005503432
0,001903577
0,009909611
-0,03030213
-0,03160902
-0,001194271
0,01741458
-0,001137688
-0,02777669
0,006314837
-0,03409937
0,01789432
-0,02389396
-0,01201288
0,007873337
0,0143172
-0,02460237
-0,01442865
-0,01284735
-0,01209463
-0,0320436
-0,02092176
0,02596092
0,01650971
-0,004464043
-0,02687037
-0,005062824
0,02790751
0,02625992
-0,02216929
0,02575012
0,01124025
-0,01567965
0,005124944
-0,007324762
0,03030963
-0,02965235
0,01747186
0,01501909
-0,02080415
-0,02884883
0,026906
-0,00975669
-0,01043519
-0,006971202
0,02522616
0,01961066
0,001463275
-0,02541345
-0,02923254
-0,02874541
0,01545819
0,02440823
0,01928183
-0,01340133
-0,0066188
0,004034757
0,02254304
0,0009688538
0,02129312
-0,03337332
0,01309882
-0,00214599
-0,03970408
0,01265232
-0,01103502
0,006247993
0,005610765
-0,02860953
0,01263247
0,01760834
-0,006756655
0,004704873
-0,02050064
-0,01071397
-0,02780718
0,01831108
0,003850836
-0,009283691
-0,003164827
-0,01882309
0,02111856
0,02136598
0,02278056
-0,02707254
-0,02341956
0,01406641
-0,009368042
-0,01751014
0,02090884
-0,0113382
-0,02841194
-0,02192683
0,0139905
-0,03245103
-0,0271059
-0,01473623
-0,01518058
-0,00559444
0,02762928
-0,02133839
-0,02367396
-0,005975725
-0,01767465
-0,0205005
0,002424444
-0,02559201
0,01092179
-0,00737229
-0,02127466
0,003786154
-0,03731079
-0,007992003
-0,03130187
0,009635118
-0,01945633
-0,03531412
0,01084424
-0,03469264
0,01135705
0,007680241
-0,007304084
-0,002885645
-0,01611907
-0,002425541
0,01722545
-0,01368487
0,01973478
-0,01998406
-0,01530112
0,01432231
0,001150929
-0,02362756
-0,007684078
-0,01611538
-0,02949656
-0,007571176
0,0009669133
0,006135386
-0,007929889
0,02392173
0,02513264
0,01630269
0,02344298
-0,02300822
-0,0173544
-0,005239579
0,02715717
0,02474592
0,01194075
-0,03346325
-0,003436465
-0,01923533
0,004375722
-0,01884255
0,01384905
0,005524273
-0,02569938
0,0144602
-0,008994059
-0,01808308
-0,02128933
-0,004425128
-0,02147109
-0,005705529
-0,02833316
0,02355047
-0,02391623
0,02088263
0,01366089
0,020711
0,003020065
-0,0179562
0,007263675
0,02203418
0,01372446
0,005375789
0,004948094
-0,02471488
-0,01708512
-0,0103349
-0,01101449
0,02416651
-0,002586194
-0,01600199
-0,01519503
-0,01398738
-0,003930085
-0,02626332
-0,00657707
-0,01359277
-0,02278149
0,006036135
-0,0248091
0,02768474
-0,002375524
-0,01305402
3,869374E-05
-0,01383802
0,02682182
-0,01923052
-0,02148192
-0,03369864
-0,02673106
0,01230858
-0,01028941
-0,0205458
-0,002017295
0,006285776
-0,008689015
-0,02921349
-0,0345668
-0,03617746
-0,001126948
-0,03192249
-0,03448988
-0,007326975
-0,0280468
-0,03252782
-0,01683457
0,02360928
0,002637996
-0,02273252
0,002031144
-0,001157373
0,0148073
0,02737325
-0,02608635
0,008871742
-0,006548795
-0,004635638
-0,02493274
-0,01401714
-0,02031509
0,03049774
-0,02222533
-0,0133025
0,01476254
0,008230979
0,01663086
0,02566928
0,007575783
0,006907501
0,0003127737
-0,02451827
-0,02300451
-0,03005842
0,02474667
0,02517163
0,02388351
-0,03018037
-0,02212652
-0,00693236
0,02315154
-0,0383821
0,003724997
-0,03487405
-0,007822419
0,0008500361
-0,03765945
-0,01002986
-0,0281695
0,01439387
-0,01972972
-0,03289295
-0,02719368
0,01703669
0,02084778
0,003979817
-0,03446863
0,01676742
0,01299848
-0,000755456
-0,0147855
-0,007470919
-0,01454127
0,02579198
0,007753714
-0,006409993
-0,008448641
0,0156587
-0,0300192
-0,02405769
0,01563384
-0,006754401
-0,01455614
0,007584452
-0,01246408
-0,02189307
-0,011039
-0,02607101
0,01595176
-0,02786167
0,005118424
-0,01289478
0,01089582
0,01140516
-0,01690986
-0,009296372
0,02550388
-0,01602495
-0,03018726
-0,01920397
0,02138614
-0,02933286
-0,02335439
-0,001430576
-0,02936564
-0,003365726
0,004218312
0,004978511
-0,01631661
-0,03536735
-0,02360416
-0,02380898
-0,009498015
-0,02700962
-0,02628384
0,02347234
0,01715304
3,620598E-05
0,003676838
0,01737512
-0,009530589
0,02495301
-0,02994423
0,01102113
0,02460837
-0,03043254
0,01199847
0,003803745
0,009585663
-0,0175575
-0,004147294
-0,02488892
0,01130539
0,01347499
-0,02065517
0,008262635
-0,02350048
0,006313649
-0,005399125
0,009380374
-0,006463817
0,003493232
0,004724031
0,008700383
0,01390725
-0,01489943
0,01412889
0,003122574
-0,002901426
-0,02097022
-0,002763105
-0,009724862
0,003813019
-0,02158719
0,01538361
-0,03923041
-0,03511203
-0,005895516
0,00491532
-0,02992371
0,014993
-0,03100801
-0,03720335
-0,02411542
0,003856119
-0,02268935
0,002812974
0,01377714
0,02742304
0,001951538
0,0224721
-0,01667385
-0,02577803
0,02296668
-0,006994622
0,01473298
-0,01210694
-0,01165991
0,02306709
0,004620468
-0,01592233
-0,02340706
-0,02805188
-0,005699748
0,008890716
0,02876794
-0,006620556
-0,005297805
0,01465115
-0,02380686
0,0007606281
-0,0009441048
0,01835129
-0,01774676
0,01367239
-0,02026665
-0,005414126
-0,008300528
-0,03341753
-0,003057162
0,009752145
-0,03675116
-0,0005567268
0,02245657
-0,01651997
-0,02161125
-0,01475996
0,007633323
0,009729094
-0,03020393
0,006694155
0,0092232
0,003474662
-0,02479901
0,02247063
0,01198533
-0,026075
0,009317372
0,002636234
0,009597527
0,01833802
-0,0210354
-0,02889174
0,02185211
0,0287319
-0,009013638
-0,006543221
0,02040195
-0,02495425
-0,02048931
-0,01464144
0,02288231
-0,01353949
-0,01098375
0,02061181
-0,01640447
0,001301039
-0,02722141
-0,03033673
-0,01099511
0,005962988
0,005011327
0,003220186
-0,0006510986
-0,007791905
0,01297863
0,01355461
0,007063208
-0,01769227
-0,03535653
-0,02893591
0,01226279
0,01313732
-0,01519218
0,00719481
-0,003073903
0,02112478
0,004880834
0,01684629
-0,04015092
0,0146359
-0,007503355
0,005902497
0,008722906
0,02288877
0,01700806
-0,001816201
-0,00797197
-0,01202561
0,01301469
-0,01568401
-0,02524448
0,01224224
-0,01490094
-0,02785012
-0,0177005
0,007289224
-0,001953208
-0,003968176
-0,01677012
0,003783308
0,01251141
0,0004816465
-0,02586575
-0,02709528
-0,004265245
-0,02879138
0,02560999
0,001593249
-0,01630094
-0,01824116
0,01413883
-0,03083507
0,02587315
-0,00737192
-0,02917342
0,01826489
0,01412425
-0,002447814
0,0009229707
-0,01903751
-0,0137462
-0,01787041
-0,002503077
0,006997694
-0,03835373
-0,03261528
-0,006466359
-0,02411551
-0,008605195
0,01700107
-0,005879225
-0,01860383
0,01292012
-0,006583176
-0,02126155
-0,03207386
0,005794058
0,008338382
-0,0004532868
0,01791908
0,006106575
0,02349046
-0,02656924
-0,001034355
-0,0002718426
-0,02755202
0,01111393
0,0181753
0,02787273
-0,01091869
0,01549703
0,02327534
0,02267474
0,02734459
-0,02149959
-0,01031524
0,02354882
-0,0118965
-0,03021983
-0,0137872
-0,007216023
0,004050931
-0,03440817
-0,01529671
0,008989766
-0,006107174
-0,02060378
-0,006373705
-0,02233265
-0,03146297
-0,02172413
-0,02600298
-0,03525378
0,008160162
0,002134042
-0,006895946
-0,02262182
-0,03374913
-0,02454333
0,02175024
-0,009248836
0,01134596
-0,01347924
-0,01928426
-0,02586486
0,005628758
-0,006756165
0,01742488
-0,01220193
0,02128486
-0,02289397
-0,009560489
0,007636986
-0,01737757
-0,007600907
0,02992468
0,02112545
0,01307782
0,01616726
-0,02951362
0,01727474
-0,01983235
0,004673533
0,02216938
-0,02646985
0,002535398
0,02013555
-0,02483595
-0,01415156
0,005400112
-0,03022407
0,01359427
-0,0304258
-0,03043326
0,01685063
0,004442928
-0,02080065
0,00975059
-0,02873152
-0,0339271
-0,03364011
-0,009389614
-0,02389797
-0,01812307
0,0172185
0,01523518
-0,008515904
0,01021817
-0,01724658
0,004466745
0,003983689
0,0006221018
-0,01235743
-0,02121976
-0,02455835
-0,01561619
-0,01811338
-0,003219637
-0,01890393
0,008073639
0,01842961
-0,01086649
0,002566424
0,01129968
0,01904158
-0,008661398
-0,01437422
0,004519543
-0,00576213
0,01592317
0,01464166
-0,02509752
0,004609797
0,01055267
0,02712549
-0,009605862
0,0283944
-0,01821718
0,0216037
-0,02475963
0,02843723
0,02720833
0,01078437
0,002220848
0,02220533
-0,005983838
-0,01237337
0,01293856
0,01934778
-0,003408487
-0,01345445
0,01006334
-0,003400656
-0,0112899
-0,02713766
0,00192443
0,01172237
-0,01042329
-0,007713519
-0,002941434
0,001736255
0,02241309
-0,008449427
0,00222151
0,02411943
0,004385957
-0,03087566
0,009960625
-0,01323784
0,02072733
-0,01088222
-0,029021
0,003995327
-0,02622338
0,008538783
0,01989151
0,007191599
0,02876738
0,01645652
-0,006618647
0,02770995
-0,002432907
0,01145458
0,02106939
-0,007890464
0,02904944
-0,0006490657
-0,02731321
-0,006283651
-0,01823289
-0,005201754
-0,005285265
0,006588175
-0,01751065
-0,006780467
0,02565883
-0,003198949
-0,03308785
0,001167543
-0,01590213
-0,01118487
0,004814983
-0,01013949
-0,04036802
-0,02989534
-0,02056049
-0,02900505
-0,01037167
0,01103012
-0,01443113
-0,03287135
0,01590841
0,01019636
-0,02401944
0,008815335
-0,01741091
-0,01329962
0,005001072
-0,01515901
0,02864335
-0,02525181
0,0255942
-0,01414406
-0,0252597
-0,008052315
0,02275976
-0,006629297
-0,0127365
0,00777554
0,00902016
-0,01351789
0,002152625
-0,01083604
-0,003504819
0,02827862
-0,01502767
0,02827099
0,008586313
0,006598594
-0,03068258
0,01516678
0,02598627
-0,02103112
0,0267284
-0,02778824
-0,0006459344
0,006423551
-0,006399678
0,004455586
-0,020819
0,003703132
0,01812208
0,00945855
8,311867E-05
-0,0279119
-0,01140899
-0,01353391
-0,01565274
-0,002540698
-0,01856509
0,02064629
0,01573388
0,01842977
-0,02049105
-0,02175582
0,002927158
0,005042758
-0,01275684
-0,01821513
-0,006852937
-0,01429975
0,009554561
0,02808691
-0,0156996
-0,02060242
-0,02228428
0,0158106
-0,01259431
0,02959436
0,02065951
-0,01931102
0,02449919
0,008367272
-0,005273467
0,02750067
-0,01212012
0,0131918
0,008479275
-0,01590841
-0,001343724
0,01564531
0,000540549
0,02787154
-0,0165163
-0,03156851
0,02101414
-0,03038733
0,02327602
0,01666737
-0,0006901856
0,02391675
-0,01385935
-0,02284857
-0,02175129
0,02133351
-0,03753424
0,0187563
-0,006347361
-0,01197903
-0,03447384
0,002314149
-0,02773755
-0,009543799
0,01537125
-0,02305287
-0,02810596
-0,01695286
5,244098E-06
-0,0148739
0,01908733
0,02102741
0,0276294
-0,02562677
0,01038012
0,003953999
0,01195737
0,01147486
0,01231616
-0,01753213
-0,01275348
-0,02546673
0,01734043
-0,002398484
-0,002098854
0,02355888
0,0175676
0,004902291
-0,007440312
-0,003596034
0,02593652
-0,01459954
-0,02419827
-0,02344545
-0,02229388
0,01404059
0,007517589
-0,02552701
-0,02767678
-0,02936254
0,02563721
0,003248272
-0,002845336
0,003786954
0,02100739
0,00422085
0,02196954
-0,0235959
-0,003104519
-0,0001406765
-0,02321899
-0,01925751
-0,01806445
-0,0154393
-0,02330584
0,02534151
0,02301882
0,01125391
0,02789975
0,02565159
-0,008699158
-0,002929324
0,02143065
-0,02877162
-0,01133205
0,001361921
0,01211411
0,01877606
0,02404946
0,02179017
0,02306058
0,004631831
0,003400776
0,00697028
-0,01741098
0,008564287
-0,001031655
-0,02768549
-0,003893355
0,01881486
0,02347326
-0,004440431
0,02665142
0,01075475
-0,01929104
0,004954193
-0,03145828
0,01667366
0,02128412
-0,02170986
0,01818897
-0,03666685
-0,02648448
-0,02506248
0,00567367
-0,005144117
0,009975559
-0,006961911
-0,01935487
-0,01241833
0,02141896
-0,02768774
-0,01018212
0,01135734
0,0147771
0,009475433
0,01347153
0,00877509
-0,02461453
0,004445473
-0,0005386561
0,02147609
-0,01731746
-0,0221428
-0,02930776
0,02406386
-0,001252592
-0,02203366
0,01874169
0,01169352
-0,0001030793
0,0232646
0,02326464
0,01316229
0,0277623
0,0216692
-0,006018819
-0,01044289
0,02275101
0,0117657
0,02209469
0,02321965
0,006308025
-0,03351393
0,01715788
0,01054761
-0,03168154
-0,02418653
0,0195935
-0,0002091431
0,01797031
-0,01478801
0,0067829
-0,01397861
0,004807938
-0,03724637
0,009933095
-0,03573134
-0,0282781
0,01048642
-0,03377751
0,001278866
0,009136899
0,006467371
0,02557306
-0,02816277
-0,01601613
0,009767411
0,01626849
0,02573456
-0,01344723
-0,004244412
0,01696057
-0,004760856
0,01077959
0,002924738
-0,01897882
-0,01826574
-0,01326881
-0,0146359
0,01940511
-0,0160522
-0,01622123
-0,0136508
0,01989838
-0,02266817
-0,01902704
0,000247058
-0,03134271
0,02266126
-0,02887288
-0,01109864
-0,02466244
-0,02836429
0,005753963
-0,01789229
-0,02045416
0,02335793
-0,0311783
0,01413838
-0,004809161
-0,01221282
-0,01033636
0,02105977
-0,02258347
-0,01266123
-0,003501415
-0,02151168
0,0007358067
-0,03226043
0,01641069
0,002917881
0,009777728
0,0226762
-0,03231858
0,018256
-0,008792419
-0,002374844
0,02133629
0,01949756
0,0239353
0,0172305
0,01039399
0,02565339
0,02438683
0,02501306
-0,01341952
0,01201169
0,0175468
-0,003387413
-0,009162345
-0,01662284
-0,02067221
0,0002274125
0,01673265
-0,00489103
0,01818231
-0,01433555
-0,03073771
-0,006115729
0,0001617348
0,02111211
0,01519243
0,01893464
-0,03318451
-0,007514628
0,005069674
-0,01923359
-0,02565294
0,01607164
0,01851439
0,01094306
-0,03303518
-0,02500849
0,01387854
0,004673613
0,002484506
-0,007257034
-0,03682669
-0,01849336
-0,02846299
0,02110455
-0,004787437
-0,02013414
0,016105
0,00782852
-0,001751873
-0,01429485
-0,02092603
0,005129358
-0,02838348
-0,02129696
-0,00206782
-0,0001204499
-0,01242088
0,02860784
0,02607714
0,01902033
0,02461126
-0,0004526449
-0,01065154
-0,02539755
0,007789026
0,03044672
0,005649126
0,006807019
-0,02220328
0,02656846
0,006756435
-0,02567477
0,01178704
-0,01511936
-0,02020454
0,007013214
-0,01824712
0,006159492
-0,004824569
0,003706825
-0,02808491
-0,01298238
0,02210314
-0,01346936
-0,03383581
-0,004816621
0,01031329
0,006856618
-0,02256615
-0,002839371
0,01731758
0,01920842
0,009007208
0,02019542
0,00207062
-4,932688E-05
-0,03323044
-0,02762892
-0,0155425
-0,00154926
0,008898436
-0,01823511
0,001204881
0,001413479
0,00807634
-0,02691109
0,02085634
0,01427125
0,02667348
0,0176257
-0,01551135
0,009615407
0,001829093
-0,01033702
0,01596414
0,003986851
0,002280521
0,02839307
-0,02835951
-0,02277098
-0,01791836
0,02163106
-0,01145908
-0,0003225814
-0,02885471
0,0105912
-0,01296181
0,0194423
0,009082445
0,005587725
0,005855088
-0,02345333
-0,01204029
0,02487186
0,02409003
0,01635106
0,01573365
-0,007827809
0,009143103
0,02564018
0,003399834
-0,03222603
0,009676333
-0,004456013
-0,01489
-0,01932658
-0,01003292
-0,004304497
-0,0235415
-0,02783231
-0,02879904
-0,0271485
-0,02595597
-0,02111705
-0,01534912
0,01544724
0,0215228
0,02901236
-0,002217908
0,02631396
0,015025
-0,02813964
-0,02699451
-0,01144997
-0,02130539
-0,02551766
-0,01264379
0,003592457
-0,008872001
0,02394561
0,01332896
-0,0263164
-0,0180474
-0,03044613
-0,002083469
-0,02108896
-0,0261381
0,01894375
-0,02152208
0,01646643
-0,01418013
0,02170603
0,008088946
0,004593396
0,001498715
0,0001142666
-0,03115361
-0,02276275
0,009489007
-0,02126569
0,02545715
0,01752861
0,02478109
0,01394832
-0,02039198
0,00483391
0,02847826
-0,00429112
-0,01173331
-0,01332771
0,0278904
0,02005959
-0,02398609
-0,01572673
-0,01169759
0,0260132
0,01968041
-0,02847326
0,009005082
-0,02646934
0,008966182
-0,02947444
0,01871993
0,01029734
0,007624667
0,02188651
-0,009151127
-0,005901209
0,01248215
0,0025148
0,0274418
-0,0278997
0,01779628
-0,02449475
0,02423824
0,02271373
-0,02522548
-0,006159687
0,01209778
0,02023411
-0,02216534
0,004839484
-0,00270084
0,02089844
0,01745933
-0,006259789
0,0109113
-0,008754043
-0,01453497
0,007393182
0,01204431
-0,02930059
0,002185476
0,00758706
0,003297543
0,02842377
-0,02863615
-0,01471252
-0,02017933
-0,005719625
-0,01427623
0,00420751
0,01623837
0,01696568
-0,01148639
0,02383445
-0,02929305
0,02807425
-0,01063502
-0,004712952
0,01923677
-0,00709299
-0,01513853
0,01533332
0,02056851
0,02985772
-0,0001795904
0,02470054
0,01934232
-0,02219488
-0,02654804
0,02293126
-0,02770293
-0,02989361
0,01590127
0,02297482
-0,003405166
-0,02362701
-0,0005910883
0,02387805
0,01700821
0,01510693
-0,0185825
-0,009870901
0,004352516
0,004140797
0,01981749
0,01217062
-0,0003289688
0,02485544
-0,006276363
0,01661254
-0,02600282
0,0234483
0,01969238
-0,007232471
0,02105612
0,01878873
0,01941687
0,005138295
-0,002046624
-0,0232045
-0,0005346826
-0,02851888
-0,009934145
-0,007876068
0,000589884
0,01363564
-0,03015119
-0,004388419
-0,004227989
0,02232008
-0,004516768
-0,00702948
0,003935342
0,03045063
-0,0233878
0,02243727
-0,02310387
-0,01916551
-0,02458081
0,01519112
-0,01034949
0,0226311
0,01098875
-0,01701505
0,01405516
-0,02323683
-0,0218549
-0,008228218
-0,02931268
0,005117455
-0,01502875
0,02565981
-0,005629115
0,0110157
-0,01283565
-0,01850286
-0,03159708
-0,01744202
-0,02637269
-0,0230052
0,01084378
-0,02270944
0,0005876987
0,005276704
-0,005565655
0,01495092
-0,009423297
0,02103937
-0,01428466
0,02862509
0,0132361
0,009566084
0,0001624531
0,01331224
0,01707481
0,006276026
-0,009557272
-0,02393304
0,008284561
-0,007053954
0,00391484
0,006482343
-0,007460403
0,01794206
0,003695992
-0,001423791
0,0256151
0,0198276
0,009951139
0,02202183
0,02044515
0,02211848
-0,02691426
0,02588035
-0,02921187
-0,01966286
-0,009284254
-0,02589849
0,01960843
0,02838208
0,01482243
-0,01245645
-0,02583391
-0,02728381
0,02259167
0,007148094
-0,0043173
0,01212804
0,02354866
0,01201367
0,0221483
0,02670313
0,00802924
0,01583898
0,007136618
-0,02246902
0,01589873
0,01298873
-0,02772418
0,02618422
0,02026465
0,002438523
-0,01820102
-0,005014895
-0,0210521
0,02287484
0,005940745
0,004675106
0,01200593
0,006580177
-0,01538679
-0,01434884
-0,01344871
0,009592975
0,007121172
-0,01478991
-0,001259601
-0,0128553
0,02316824
0,02421082
-0,02843749
-0,01835408
0,02314401
0,02654625
0,02821648
0,02257373
-0,01701835
-0,01212949
-0,01140925
0,02274317
-0,008358416
0,006544307
-0,02934744
0,02238356
-0,0242612
-0,01888769
-0,02584979
0,01100683
0,02447912
-0,02967715
-0,02690596
0,02228393
-0,02810427
-0,009194822
-0,0004184805
0,008243591
0,010383
0,02872778
-0,02180513
-0,008743741
0,009217038
-0,000222133
0,02127824
-0,02158779
0,02489116
0,009608454
0,009993632
-0,01430578
-0,003046546
-0,01304285
0,009533183
-0,01271237
-0,01525718
0,01857967
-0,01795258
0,006302218
-0,01730165
-0,007210227
0,0008695222
-0,006923048
-0,02125113
0,01680528
-0,009329518
0,02081976
0,02018641
-0,02065786
-0,02213551
0,001726945
-0,00337178
-0,01149538
-0,0196923
-0,016139
-0,02059918
0,02854306
-0,01579989
0,02490987
0,01726876
0,02367695
0,02882096
-0,001376818
0,003596588
0,02082954
-0,01501311
0,009938246
-0,006529304
0,01725598
0,007535857
-0,015651
-0,02147759
0,02336715
-0,004079043
-0,01222005
-0,002127121
0,01541577
-0,017226
0,02345666
-0,02114717
-0,02973473
-0,01152883
0,01508995
0,0002291459
-0,02289724
0,01889679
-0,02250837
-0,02503099
-0,005564368
-0,02297677
-0,01396676
0,003743106
-0,01263673
0,01907661
-0,01157323
-0,006650727
-0,02886684
0,01953333
-0,01254536
-0,0001232821
0,01096952
-0,003255303
-0,02684974
0,002054909
0,02508071
-0,0063525
0,003496172
0,0237715
0,02467046
0,01680813
-0,005796878
0,01604287
-0,008393813
0,01650428
0,01784888
0,006213443
-0,01500682
0,03035997
-0,002894479
-0,02748704
-0,02164541
0,004992147
0,0298639
0,01012889
-0,008150956
0,01083212
0,02183275
-0,02545819
-0,02245875
0,02509786
-0,003174021
0,02677733
0,02555179
-0,0071297
-0,00221153
0,003246482
-0,01492678
-0,01708548
0,005310301
0,01360411
-0,01558939
-0,01617043
-0,01922794
0,007467644
0,01245529
0,0001008767
-0,01808042
0,002075895
-0,02826624
0,01256752
-0,0218599
-0,0285974
-0,007731411
-0,01473426
-0,008084726
-0,02330808
-0,001861348
-0,00664192
-0,0202406
-0,01632668
0,002243387
-0,0003808578
0,0164822
0,0299445
-0,009149294
-0,0006413267
0,02132079
0,02961458
-0,01173304
-0,01570332
-0,008578944
-0,02764311
-0,004770531
0,01454674
0,01887653
0,02513261
-0,006008315
-0,007997243
0,028156
0,02208804
-0,0009180701
-0,01005472
-0,02704393
-0,004626524
0,01699579
-0,004464415
0,004582308
0,01021483
-0,02928704
-0,00903867
-0,02552415
0,0219203
-0,02715185
-0,009153686
-0,01947956
0,01491661
-0,002110558
-0,01848236
-0,01291538
-0,01623536
0,009652265
-0,01702254
-0,01663044
0,01776218
-0,008525779
-0,02401662
0,006924728
0,00792255
-0,003435725
-0,003160234
0,01312046
-0,02326975
-0,003719343
-0,01140978
0,01578321
-0,0168464
-0,002858913
-0,008771441
-0,01684817
0,0257037
0,02507725
-0,01865749
0,02904554
0,02814944
-0,02000797
0,0001590476
0,03011693
-0,02580241
0,003842838
-0,02611957
-0,002843901
-0,01749631
-0,02495093
0,01452446
-0,01736691
-0,01370868
-0,02338576
-0,01416211
-0,02602163
0,01112399
0,01917885
0,02688262
-0,01683579
0,003708575
0,0080787
0,02831276
-0,004494389
0,01475863
0,005546822
0,02820145
-0,01223146
-0,02324592
0,0289138
-0,008311253
-0,01079632
-0,001950308
-0,01590126
-0,01451178
0,007574879
0,02147703
-0,02379654
0,002756739
-0,02553492
-0,00683241
-0,02963438
0,001031323
-0,0283508
0,01233702
-0,02392871
-0,0004401457
-0,02348829
-0,01859354
-0,01266293
0,002640816
-0,02339811
0,02881202
0,02883609
-0,004687929
-0,009920107
-0,01766454
-0,02536109
-0,01459561
-0,0008689114
0,00628575
0,01675513
-0,009507587
-0,01583394
0,01384041
-0,004643935
0,01516181
-0,0280787
0,02143603
0,008760219
-0,01725525
0,004674073
-0,01366187
0,02231952
0,02051707
0,003318333
-0,02284825
0,0265413
0,01365472
0,008603551
-0,024015
0,02169288
-0,02378479
0,01971541
-0,003999425
-0,01495379
-0,009223817
-0,0002780146
0,01956859
0,02624093
-0,004584288
0,01722758
0,02168216
-0,02627826
-0,001216516
0,007062325
0,01050138
-0,01316299
-0,01142344
-0,01297478
-0,008485793
-0,002255369
-0,01440078
0,003266153
-0,02541127
0,02858816
0,02087629
-0,02355835
-0,02170056
0,02251966
-0,01707976
-0,01355482
-0,008453548
0,007386439
-0,006843397
0,01516878
0,0104266
0,001147605
0,01846909
-0,001419296
-0,02563056
-0,01469386
-0,01717267
0,02571513
-0,01665462
-0,003794971
0,01368358
-0,0174391
-0,006470634
-0,01649729
0,02354098
0,02099583
0,007944518
-0,003406872
-0,01296206
0,008789296
0,006071413
0,003660066
0,01533099
-0,001685934
-0,005004186
-0,01548363
-0,008433442
0,02774816
0,01340323
-0,0210359
-0,004336284
-0,01575674
0,0111906
0,01425564
0,0272459
-0,02065414
-0,001082026
0,02057048
-0,0173159
-0,02381068
-0,01512377
-0,009557606
-0,01010974
0,008988941
-0,01508376
0,008341572
0,01352528
0,02543572
0,02964448
-0,007438539
0,00911955
0,02551072
-0,009736764
0,01489058
-0,0209688
-0,02326246
0,01637563
-0,009856419
-0,02641035
0,0204505
0,02435564
-0,0143633
-0,01765348
-0,02558635
-0,02945017
-0,0005589878
0,001964871
0,009873776
-0,01320811
0,01406571
-0,008005865
0,0179572
-0,01604444
-0,01906443
-0,005999285
-0,01431303
-0,01620124
-0,02361435
-0,01658604
0,01725525
0,001629097
-0,003267363
0,0287472
-0,009167954
0,0004386727
0,0007284655
0,02457095
0,02691201
0,005231318
0,02051456
-0,006419461
-0,02121798
0,01698552
-0,007147856
-0,01755922
0,02983413
