-0,01359145
0,02230092
0,01991207
0,02465722
-0,01318946
0,02318902
-0,02840037
-0,01034712
0,01931464
0,004507963
-0,01935926
-0,0007961697
0,01593547
-0,02545223
-0,01723585
0,01141185
-0,001707594
0,0120971
0,01913309
-0,007901842
0,004830065
0,01357571
0,0279542
-0,01791508
0,007184571
-0,002337542
0,01264984
-0,0009288074
-0,02290629
0,02900775
-0,007767273
0,02396961
-0,02567568
0,01976105
-0,02285095
-0,02487345
0,0236393
-0,004471668
-0,02759369
0,02006532
0,0174355
-0,003169955
0,00688977
0,01407762
0,01787828
0,02647011
-0,02543398
0,005599515
-0,0162407
0,02922042
0,002747642
-0,009111349
-0,01988814
0,009515454
0,01009524
0,003458836
0,02497258
0,007884521
-0,01238224
0,01977079
-0,01948725
0,003133791
-0,01748509
0,02091269
-0,0176683
-0,01268787
-0,005115584
0,02681137
0,0280468
-0,02233167
0,01835175
-0,02725444
0,009612923
0,02963528
0,005323301
-0,02194158
-0,02330977
-0,01608914
-0,005172912
0,01131165
-0,006888181
-0,02293964
-0,01466691
-0,0214773
-0,003685019
-0,02865406
0,01382095
-0,004664596
-0,02028158
0,004278622
-0,0191278
-0,01416514
-0,02193144
-0,01666922
0,009580952
-0,01576966
-0,0157277
0,01661121
0,001781284
0,0006084057
0,001618277
-0,02161664
0,008158043
-0,02386576
-0,01900398
-4,597111E-06
0,01186356
-0,01897258
-0,02584834
0,002073835
-0,003067329
0,01118036
-0,01695703
0,006831495
-0,003365833
-0,02657913
-0,01225905
-0,02596105
-0,005360504
-0,01900015
0,004021214
0,02999724
0,01697821
-0,006094156
0,02754322
0,002686984
0,02534193
-0,003739269
-0,01002711
-0,009033977
0,02446628
-0,009321521
0,01255368
0,02487644
-0,02021372
-0,01524151
-0,0005293508
-0,02088001
0,02832609
0,02708364
-0,00973429
0,002836966
-0,008701863
0,008400481
-0,02245628
0,0003326185
-0,02723642
0,001883949
0,01732631
0,006152079
0,02700839
-0,01978765
-0,007967456
-0,009022023
0,02735577
0,002128263
-0,007886542
-0,01564992
-0,02094808
0,008528347
0,005156426
-0,01454967
0,02156109
0,01387622
0,00851163
-0,02384774
0,02886171
-0,01121808
-0,00286991
-0,01812755
0,004674842
-0,02130518
-0,02339406
-0,001372152
0,02171997
-0,02852793
0,008876752
-0,02145343
-0,01407188
-0,003246736
-0,0004157567
-0,006867458
0,009277636
0,01447567
-0,005347752
0,01411105
0,02913656
-0,008041847
0,02830461
0,008145055
0,02350002
-0,01491637
0,0305527
-0,0107325
-0,008423054
-0,02541924
0,01185596
0,008258902
-0,02978249
-0,02851443
0,001963684
0,01453021
-0,02507601
0,005702341
-0,02832709
0,01843338
-0,02625027
0,02393448
-0,0001592988
0,0260707
0,0242784
-0,01653837
0,02875328
0,01291276
-0,02065706
-0,01802365
0,006618545
-0,02288375
-0,01116939
0,02441197
-0,02257478
0,007117283
-0,008512622
0,01992337
-0,0105597
-0,01061008
-0,02169273
0,01752116
-0,02351995
0,01662837
-0,01078989
-0,02986431
-0,02196211
-0,01541244
0,02551896
0,01574865
-0,01144222
-0,02586324
0,01282579
0,006801391
0,01042246
-0,02503271
0,02257236
-0,02779569
0,01452447
0,009862791
-0,01314085
-0,01218893
-0,01980836
-0,02030902
-0,001366169
0,004797332
-0,01095501
-0,02409097
0,02503055
0,02568855
-0,006431386
-0,01455178
-0,01389994
0,0129555
0,01058686
-0,01326636
0,01743549
0,01383027
0,005890798
0,02326956
-0,02508596
0,01397609
0,01784214
-0,006274795
0,02374962
0,002145343
-0,005411142
0,01252011
-0,01555453
-0,02710611
0,01544163
-0,0116248
-0,0258199
0,00968805
-0,0280737
0,02065519
0,007655356
0,02676468
-0,01250049
0,01573768
0,01182431
-0,02733828
-0,008908784
-0,02963549
-0,007531984
-0,02710067
0,01865037
-0,0296029
0,02809262
-0,006346758
-0,01201141
-0,02111099
-0,003274006
0,02135578
0,004800565
0,003416802
0,0007748466
0,01647973
-0,01399502
0,02707409
-0,0198874
0,007113102
0,02241509
0,0228547
-0,01926813
-0,02565242
-0,01969486
0,006763181
0,01045216
0,01832714
0,009551761
0,02004119
-0,005282648
0,0202348
-0,0184911
-0,02788982
-0,006847754
0,01752794
-0,02801501
0,02119971
0,01459418
-0,005450556
0,01544341
0,02127546
0,0145823
0,006496618
0,02232195
-0,01679403
-0,02587769
-0,0002344916
-0,008664648
0,02199714
0,01127861
-0,007733724
0,005506981
-0,025557
-0,01953359
-0,0006671397
0,02085742
-0,01145807
0,02286168
-0,01817822
-0,009256448
-0,02081587
0,01447908
-0,002021707
0,01399142
0,006455393
0,009596707
0,002250551
-0,01996326
0,01457389
0,01541908
-0,004661709
-0,01753406
0,01630518
0,02310884
-0,02855961
-0,02266834
0,00388276
-0,01853998
0,0259012
0,0009961813
-0,02077881
-0,002286496
0,01843144
-0,02148288
-0,02694579
-0,01498666
-0,02268017
0,02201127
0,02539084
0,02790858
0,01336143
0,02851878
0,002499618
-0,02652279
0,006573461
-0,02342104
-0,01351967
0,02265541
-0,0128575
0,005604543
0,00386395
-0,009856754
0,006901063
-0,02433872
-0,01434719
-0,02024128
0,02042045
-0,01710345
-0,02037188
-0,007998024
-0,01381781
-0,02342658
0,02653413
0,01089729
-0,01898615
0,01240469
0,02588288
-0,01169643
0,009907089
-0,009364283
0,001737816
0,009553161
-0,01429894
0,01788246
-0,02663277
-0,002641395
0,009759148
0,01150143
-0,01454714
0,02373292
0,01935763
0,01095495
0,02384728
-0,01054739
0,02756557
0,02012362
0,02108868
0,01295556
0,0240915
0,02521952
-0,004475271
0,0246558
0,01260132
0,003331717
0,01126011
0,00695934
-0,02699331
0,02304523
0,02445944
0,02455148
-0,0190734
0,02866145
-0,01844964
0,02518826
-0,02620309
0,02502709
-0,02509692
0,02051187
-0,02614611
0,01839506
-0,0001260889
-0,0219465
0,02728813
-0,01437929
0,001850084
0,004523677
-0,01838678
0,005037845
0,01311619
-0,01060969
0,02001682
-0,01733003
-0,005419448
0,01735865
0,02661769
0,00790403
0,02673215
0,01142676
-0,02404507
-0,005132475
-0,006810842
0,01680914
0,01770017
-0,008179594
0,01225706
0,02095135
-0,001315294
0,02858663
-0,0141153
-0,02667626
0,01671961
-0,02767949
0,009471357
-0,02325441
-0,003532722
-0,01249489
0,02974409
-0,001602907
-0,02853042
-0,02337466
-0,0042488
-0,002341953
-0,02033176
0,003202543
-0,02610302
0,02949254
0,004447772
-0,003618067
-0,02964871
-0,002480134
0,02880029
-0,007313632
0,01400597
0,008048485
-0,00740107
0,01242443
-0,009106914
0,006848011
0,002956397
0,008760436
-0,02636639
-0,01829986
-0,01331529
0,009388603
0,005897621
0,020692
0,003567617
-0,01319971
-0,009799159
0,008154583
0,006952351
-0,003099306
0,01147882
0,02980586
-0,03168284
0,02657948
0,007371122
-0,01751755
-0,01551703
0,01360322
-0,01269848
-0,02508043
0,03000764
0,02029094
-0,02454744
-0,006343796
-0,01192179
-0,02793414
0,01489858
0,01374584
0,0285849
-0,007072555
0,02598002
-0,008184079
-0,02848632
-0,01626839
-0,02017752
0,001617214
0,02994994
-0,01444345
-0,004251976
-0,01410883
-0,02586564
-0,008075679
0,01941041
0,0007326714
0,01301395
0,01542264
0,008274862
-0,003563098
-0,02681468
-0,02421384
-0,012121
0,01855234
-0,006970781
-0,02916164
-0,01687114
-0,001041604
0,003528162
-0,01841298
0,001833195
0,003022023
0,006054047
0,007246086
0,008065004
-0,01722837
0,002596903
-0,01283563
0,02687762
0,01697586
0,01711426
-0,02369255
-0,01568561
-0,02970109
-0,01086137
-0,02678903
0,03086807
0,008415468
-0,02889413
0,006055572
0,01121615
0,003167001
-0,007930608
-0,01272296
0,009326525
0,02312178
-0,02469107
-0,02277616
-0,02948324
-0,02809719
-0,02895348
0,012779
0,02866823
0,01863721
0,01438095
0,0231538
0,01132111
-0,004918273
0,0106847
0,003189726
0,0266483
-0,005573576
0,01836859
0,02352983
0,01063483
0,02902189
0,02179285
-0,01206191
0,001394878
-0,01019594
-0,02926585
0,005268444
-0,002466904
0,02710673
-0,001239399
0,02602957
-0,02063663
-0,01452773
0,03087098
0,01771727
-0,02082865
-0,007869846
-0,01341269
0,02426337
0,01511926
-0,0245648
-0,01960316
-0,001807203
-0,01178367
-0,005231621
-0,008801333
0,004819701
0,02520083
-0,001755676
0,007974086
-0,01164064
0,01749951
0,001128976
0,01038205
0,01352082
-0,02772762
0,01909814
0,007683402
0,01197183
-0,02872634
-0,003283665
-0,01352105
-0,02918457
-0,01117151
0,01632243
0,01220251
-0,006362001
-0,001599638
0,02507587
-0,005601984
0,001483154
-0,02487383
0,02261804
-0,02368667
0,004594791
0,01810784
-0,007076605
0,02935683
-0,02550505
0,02775365
-0,007226756
0,005684191
0,02523959
-0,01180628
-0,01978171
-0,02114225
0,007280144
0,003497322
-0,01698907
0,01481461
-0,009239124
0,01989461
0,00668351
0,02472223
-0,01116212
0,01812671
-0,02496807
-0,02287616
0,001160925
0,0120908
0,02748927
-0,02120198
-0,02853893
-0,02483581
-0,02272438
-0,01688902
0,02602975
-0,004834296
-0,0228695
0,02598528
0,01047958
0,02107581
0,00327083
0,01393409
0,004441512
0,01518674
-0,01212774
0,01360883
-0,02162874
0,006203355
-0,02511048
0,01777469
-0,01981634
-0,02251536
-0,02911502
0,01272089
-0,002239353
0,02732546
0,01837451
0,01398498
0,008177111
-0,01823686
-0,004497211
-0,008944979
-0,03319113
-0,01718087
0,006431232
0,02028047
-0,02309282
0,02727495
-0,01509086
-0,01595467
-0,002829685
-0,01112907
-0,02528409
0,001877556
-0,01565934
0,023107
-0,009987436
0,003841277
0,0008265421
-0,004064968
-0,02795991
0,02761601
0,008406077
-0,02045537
0,02942012
0,02408877
-0,02599256
-0,006325322
0,01508788
0,02922403
0,009473407
-0,006671472
-0,01429677
-0,004903517
-0,008652425
-0,01889665
0,01347259
-0,01229821
-0,02322039
-0,00739421
0,0009687466
-0,02275654
-0,01155455
0,0207115
-0,01056703
0,01724506
-0,0309593
-0,0002420156
0,0008288629
0,00124355
0,005255975
-0,0193736
-0,02463451
-0,02247805
-0,02440968
-0,003777216
0,01068582
0,01904897
-0,01193918
0,01569763
0,01817614
0,01770917
-0,01905146
-0,01453672
0,00730092
-0,02516629
-0,02439298
0,01129121
-0,02284634
-0,027058
-0,01781013
-0,02583229
-0,002896504
-0,02436935
0,02603086
0,02400577
0,00762748
0,01766987
0,02191869
-0,01895949
0,02348647
0,004714
0,02527966
-0,01983041
-0,01096115
-0,005652619
-0,0192312
-0,02763374
-0,01781987
0,02441533
-0,0005901442
0,0187476
0,02505074
-0,006094769
0,005305993
0,01049036
0,0223695
-0,02924755
-0,01502736
-0,01979489
0,01113484
-0,01275891
-0,01312689
-0,01140823
-0,01374623
-0,001129456
0,01486788
-0,02568573
-0,01491828
-0,0122635
0,02196628
0,02514652
-0,03174675
-0,02407351
0,02330058
-0,01502655
0,02334567
-0,02687147
0,02541995
-0,0198136
0,02638291
-0,02584103
-0,0004366839
-0,01531356
0,006578878
-0,008564941
-0,02391301
-0,02646112
-0,0002166349
-0,01620897
0,02918335
0,005488234
0,003630234
0,009541882
-0,002683992
0,002231324
-0,01478752
0,003924108
0,01976149
0,01908237
0,009266944
-0,03001857
0,009931384
0,02128605
-0,03088877
-0,002730796
0,01739456
0,01567992
-0,003606403
-0,01379187
0,01706547
0,01613485
-0,02875052
-0,03093569
-0,01861323
0,004788992
0,02203448
-0,02883552
0,01481909
-0,02671916
-0,001439189
0,01104533
0,005478337
-0,02692426
-0,01110234
-0,0106024
-0,005492038
-0,008218595
0,01172791
-0,007596686
-0,02752194
-0,007664587
-0,01465406
-0,02300024
0,001537525
0,02364174
-0,01007927
0,005042186
-0,01617114
-0,02472424
0,0005901125
-0,01174242
0,004255306
-0,02243251
-0,009582764
-0,02456035
-0,004117071
-0,002545765
-0,005784716
0,01899809
0,008735787
-0,02640379
0,009830557
0,01572706
-0,01213713
0,02536285
-0,008976798
0,007967062
-0,0004687163
0,00743662
-0,02903706
-0,005458408
-0,02928066
-0,0291494
-0,01639348
-0,003757858
0,006405374
-0,03470289
-0,001102431
-0,009035103
-0,00975774
-0,01338483
0,02324667
0,01113294
-0,000796911
-0,02259005
-0,02216358
0,002069222
0,01446408
-0,01455096
0,02296564
0,02709533
0,02852036
0,02378775
0,01385876
0,02734698
0,009835169
-0,002367926
0,01586381
0,005740713
-0,0005957774
0,01278204
-0,02739248
0,000763705
0,02739425
-0,031429
-0,02103441
-0,004496897
0,01918229
0,02341426
-0,003543389
-0,006471133
0,02411192
-0,03386652
-0,006751674
-0,01389586
-0,02461458
0,0253297
-0,0186564
-0,02658316
0,008964195
0,01429528
0,01868487
-0,02096227
0,0133465
-0,02566661
-0,0001742681
-0,02422169
-0,01067338
-0,008272238
0,01943146
-0,02177355
-0,01736505
0,02720519
0,02365036
0,00815454
-0,01468872
-0,005701772
0,01522888
0,0007671389
0,03020907
0,01174121
0,01391659
0,02064702
0,01612418
-0,003582451
-0,02916601
0,02745115
-0,005096332
-0,00889322
0,0163554
0,00987631
-0,01905751
0,0041084
0,01688106
0,003748605
0,01591475
0,01440067
0,01003867
0,01720345
-0,002091024
0,02456108
-0,02865583
-0,01111864
-0,03352201
-0,02128478
-0,02945394
0,02250124
-0,03027453
0,01277537
-0,03285433
0,006972094
-0,02635987
0,008123308
-0,02690036
-0,03133269
-0,02783871
-0,03470919
-0,001715313
-0,00818639
-0,02038653
0,005169162
0,01641872
-0,03205283
0,004816855
-0,02294197
0,02985565
0,01393042
-0,01687966
-0,01131363
0,02333504
0,00155674
0,0145727
0,02679976
-0,02848358
-0,02667385
0,007842395
-0,01241139
0,01662429
-0,002691207
-0,01404192
-0,0267883
0,02081128
0,005826935
-0,01471913
0,02913261
-0,006777239
-0,005927086
-0,008041944
0,007611003
-0,007341071
0,008604848
-0,02106174
-0,01921631
0,003054035
0,01525039
-0,03567669
-0,03708822
0,01143547
0,01548786
-0,02093131
-0,01282094
0,0009175027
0,005201692
0,01595373
-0,004008247
-0,03358954
-0,01873095
0,01292295
-0,02423567
-0,00315202
0,02048176
-0,01537407
-0,02745386
-0,02238723
-0,02420506
0,01539072
-0,01386334
0,0180458
0,009747612
0,01536485
0,006601775
-0,008908303
0,00350947
0,02334771
-0,01845999
-0,01020067
-0,001071739
-0,01258437
-0,02114314
0,02815576
0,005394184
-0,0001552903
0,02127961
-0,02164569
0,01743563
-0,01066959
-0,02571044
0,006231843
0,009569705
0,02358488
-0,02488203
0,005461083
-0,02435095
-0,02796145
-0,007246897
-0,02096779
-0,0374571
-0,03313828
-0,006171654
-0,0351753
0,01022176
-0,02709303
-0,03159185
-0,02996182
0,005413014
-0,03037561
-0,02598944
0,02174383
0,01403249
-0,01497746
0,002288106
-0,02895077
0,005814947
-0,01925782
0,02357852
-0,006363568
-0,002069116
0,02716781
-0,008859572
0,01740394
0,01286071
0,009931408
-0,02115727
0,01533526
0,007530056
0,02845885
-0,02120791
-0,006457778
-0,0100683
0,01927727
-0,0181866
-0,01002067
0,01650301
-0,02927388
-0,02226604
-0,008320608
-0,01165089
0,01081572
-0,00455668
0,008342439
-0,02334064
-0,02618598
0,01271243
-0,0154909
-0,02310556
-0,04028466
-0,04090384
-0,03909307
-0,02533854
-0,0315049
0,01342068
-0,02908794
0,00706794
0,01156719
-0,01171561
-0,02776596
-0,02706333
-0,008756856
0,002932523
0,01388272
0,0281369
0,01627066
0,006901196
0,02680123
-0,02812561
-0,01629507
-0,01318451
0,004489992
-0,02497094
0,003221371
-0,02594655
0,01770605
0,001354939
0,01009245
0,007580481
0,004316432
0,02056718
0,01745273
-0,004018548
0,002455587
0,02451864
-0,02222803
-0,02360287
-0,01965216
0,02615116
-0,02676391
0,003477174
0,02731465
0,006353335
0,02315583
-0,0167204
0,02226417
-0,02895407
0,002725164
0,0005853149
-0,02136797
-0,008309323
0,01693951
-0,01983307
-0,03452849
0,009159393
-0,0108634
0,01785674
0,006501354
-0,03228204
-0,03065998
0,007794731
-0,02442784
-0,02230203
0,02169403
-0,01264705
-0,01287516
0,02880809
-0,02910084
0,01835808
0,02055155
0,01023103
-0,005837172
-0,02945621
0,02765116
0,008757244
-0,01237144
0,02786195
-0,02277918
-0,01475218
-0,02112953
0,01140241
0,02040565
0,02829194
-0,01478465
-0,02913996
0,02821709
-0,004600338
-0,01121108
0,009460977
-0,002375363
-0,01817727
-0,007381677
-0,02479976
0,01746224
-0,004856124
-0,003965315
0,01386663
0,007561805
-0,003294143
0,0200366
0,01974698
-0,03529965
0,01702893
0,01563935
0,002221371
-0,03572463
0,01134097
-0,01377069
-0,01204702
0,002715787
0,003431739
0,0192211
-0,00185187
0,02699771
-0,009508886
0,01656699
-0,02201874
0,02394209
0,01984654
-0,009972627
0,02220628
0,006801359
-0,01090795
-0,01009933
0,006494871
-0,01712988
-0,0123306
-0,02016457
-0,0005737492
-0,02012664
0,0004524727
-0,01802704
-0,0003791379
-0,01390836
-0,02016063
0,006368419
0,0262509
-0,0299811
0,001686195
0,02184927
-0,02465602
-0,02929519
0,01904214
-0,02331886
0,02403668
-0,008407342
0,02227278
-0,02776224
-0,01411566
-0,001698525
-0,02312573
0,01441052
0,01788201
-0,02326276
-0,03413808
-0,01753756
0,007598623
-0,00279391
-0,02009967
-0,006432402
0,01846523
0,01002379
0,02190518
-0,01686309
-0,03179249
-0,01224811
-0,01170263
-0,01998557
0,01540301
0,01519023
0,01832409
-0,02638685
-0,01091831
0,02771816
-0,01470345
0,01719988
0,01120108
-0,02280109
-0,00952231
-0,01781405
-0,01395768
-0,02176239
0,01317491
0,01742446
0,01845852
0,003643796
-0,0164282
-0,01924859
-0,02228763
0,01995702
0,0217981
-0,008140318
0,01456653
-0,02912745
-0,0331455
-0,01212234
-0,02670113
0,0002917777
-0,03163594
0,002644437
-0,03520986
0,006910404
-0,01693921
0,001695741
0,01184021
-0,02531835
-4,501352E-05
0,02066249
-0,03679259
-0,0135005
0,007122784
0,005970446
-0,02243374
-0,02969747
-0,01720987
0,01470426
-0,03046951
-0,02597844
-0,005329567
-0,005718773
-0,02866975
-0,02545754
-0,02986288
0,0244995
0,0217701
-0,007289089
-0,01444462
-0,01488372
0,02752487
0,02325214
0,00598764
-0,0298193
0,02515267
0,005767758
-0,02664383
-0,004622804
0,01104155
-0,03397233
0,02050383
0,0009959115
-0,03022708
-0,015511
-0,024337
0,01588007
-0,02050069
-0,01618324
-0,0211043
0,005862589
0,008820108
-0,02144327
-0,01520486
-0,03571271
-0,02280938
0,008014765
-0,001387424
0,01778817
0,008036228
-0,01042264
0,01569924
-0,002984067
0,02859865
-0,01100651
-0,02822226
-0,02655817
0,0106059
0,007295774
0,01219052
0,002093595
0,02724738
0,01261588
0,02738865
0,028878
-0,02082505
0,01958742
-0,007831358
0,01524101
0,02332881
-0,01984358
0,01380187
0,005242386
-0,02230578
8,849595E-05
-0,009138196
0,006393881
-0,002442178
0,0002002282
0,01548862
-0,02506322
0,02406633
-0,0267648
0,009839955
-0,01897924
-0,02630933
-0,01106326
0,001672037
0,008891078
-0,01703861
-0,03471294
-0,03210399
-0,006700038
-0,006133105
0,0001496761
0,01165916
-0,0337087
-0,02150946
-0,01621507
0,01478955
-0,01281482
-0,009094389
0,02303093
-0,02792267
0,004037929
0,01580524
-0,01574928
-0,0105361
-0,003384426
0,02366064
-0,008522586
0,007137198
-0,02029776
0,01942143
0,003704092
0,004364821
0,01990928
0,02923386
0,01305486
0,02018957
0,0151585
-0,01678081
0,009128876
-0,002113075
0,01723065
-0,03076049
-0,02044671
-0,03003425
-0,003646688
0,01203444
-0,01761347
-0,01432002
-0,02871165
0,004465553
-0,01222072
0,005740131
-0,03046582
-0,03317693
-0,02399155
-0,005514111
0,01949142
-0,03368236
-0,02971869
0,00717101
0,01272069
-0,01767362
0,01692478
0,002286407
0,02237375
-0,03191382
0,02130976
-0,02511639
0,00215882
-0,001546193
-0,02132916
-0,0197871
0,01470085
-0,008174923
-0,01433799
0,002704572
0,004764236
-0,01716537
0,02289042
0,01588436
0,01268492
-0,02619388
0,001267809
0,003576689
-0,002662197
0,0226735
0,0007440965
0,0203862
0,02052378
-0,01778221
0,02400959
0,008644436
-0,02661664
0,02116484
0,002872141
-0,01506169
-0,0302708
-0,006664266
-0,03412854
-0,01165022
0,01097626
-0,03127314
0,006704047
-0,0008987882
-0,004493458
-0,02386687
0,0211709
0,0009204189
0,003330295
-0,004062494
0,01293222
-0,0002174324
-0,03279178
-0,01972822
-0,03338541
0,01121376
0,02022607
-0,01275881
-0,01878359
-0,02912014
0,002372477
-0,02517283
-0,0135372
-0,01158694
0,007090141
-0,003013723
-0,02699807
0,02355882
0,01883736
-0,03038518
-0,001944438
-0,02182419
-0,01916154
0,001251825
0,03028708
0,008986145
-0,00760463
0,02896631
-0,02472706
-0,01657493
0,02505754
0,02353694
-0,02339226
-0,01730714
-0,01258457
-0,02101883
-0,00466489
0,009278886
0,01471773
0,0152811
-0,01405524
0,007803057
-0,02314568
0,02012042
0,009612299
-0,0009933156
0,006088965
-0,02247614
0,01228293
0,01900893
-0,03281983
-0,04084763
0,005254412
-0,001049229
-0,03258014
0,01030874
-0,005542228
0,004871503
-0,01233896
-0,009992164
-0,003990061
0,02825336
-0,01557413
-0,03286786
-0,0207607
0,01178464
0,02980558
-0,02590319
-0,02513211
-0,004047839
-0,02995686
-0,006606578
-0,02573446
-0,02887593
0,00855922
0,01739667
0,02585952
-0,01515093
0,0143601
-0,009830745
0,02341893
-0,02643117
-0,02724809
-0,02545471
-0,02603113
0,02003423
-0,03105458
-0,006930956
-0,02742742
-0,003057825
0,007792453
0,01554896
-0,01309532
-0,0115362
-0,01692429
-0,01612849
-0,01644162
-0,0313657
0,001928811
-0,04148803
-0,001650361
0,001677445
-0,02914254
-0,01261666
0,02056496
0,00810554
0,02190777
0,01017145
-0,03470595
-0,0135762
0,01994585
-0,0178997
0,02315225
-0,02983903
-0,000314908
-0,008135094
0,02545774
-0,02019078
0,02253051
-0,01411356
0,0104933
0,002827437
0,02843522
0,0031865
0,01592726
-0,01790207
-0,02826267
0,009850532
0,009598307
-0,01616956
-0,007586962
0,01240376
-0,0001508255
0,009615743
0,01018828
-0,01698488
0,01887278
0,004815277
-0,02345615
-0,01181172
0,02046756
-0,01905962
-0,01142955
0,01256153
0,002915063
-0,01648314
0,01196522
-0,01788635
0,01359302
0,01768743
-0,01230847
-0,02562739
-0,02175127
-0,0105032
-0,01478935
-0,0320643
-0,001064683
0,001326908
0,006224283
0,01287702
0,01128423
-0,01478509
-0,02390501
0,0183246
0,0269168
-0,02341032
0,01600593
-0,01625256
-0,01112201
-0,01624112
-0,0006499881
-0,01215126
-0,02801719
0,0008648095
-0,00745353
-0,003970546
-0,02144099
-0,01962784
0,02316996
-0,008916801
-0,01161393
0,01178185
0,01663054
0,009191382
0,01426815
-0,02418584
-0,007599768
-0,03121792
-0,01234942
0,00409352
0,002792061
-0,02150975
0,02029641
-0,01131089
0,001615101
-0,001696488
-0,03518034
-0,002943001
0,01186468
-0,006800456
-0,0004996721
-0,002520896
0,02017255
-0,0005359047
-0,01109793
-0,02729868
-0,0288928
0,01008222
-0,0327047
0,02353301
0,02714709
-5,936021E-05
0,01837873
-0,007181632
-0,003188958
0,03113906
0,0001724847
-0,004621691
-0,02796986
0,01450544
0,01285211
0,01457828
0,0266452
0,01670116
0,01036353
-0,01208522
-0,00601366
0,009050962
0,02149113
0,01475445
-0,01288616
0,002018311
-0,01160455
-0,01251105
0,007245565
0,005642711
0,01191133
-0,02643222
-0,02168142
0,001969241
-0,02800938
0,005475404
0,02385572
-0,01388471
-0,002036253
-0,0337165
-0,01109899
-0,004426364
0,0202099
0,0009878443
-0,0315199
0,004217413
-0,01037243
-0,03539308
0,01161383
0,02145851
0,007371395
-0,02393595
0,02245696
-0,02143974
0,01612265
-0,002366214
0,02907658
-0,01018894
0,006927921
-0,006337326
-0,02209741
-0,004154983
0,00814166
0,01313409
-0,01631511
-0,005352993
-0,01501827
0,0008949948
0,01378964
-0,02480555
0,01640811
0,003288177
-0,02066508
0,003702666
0,02257212
0,02129428
0,01100297
-0,01960115
0,009268655
0,004213808
-0,03329321
-0,02099463
-0,003615134
0,01924673
-0,03071555
0,005211836
-0,0258005
-0,03881573
0,008978146
-0,001837861
0,005630328
0,003974298
0,0113459
-0,02444293
0,01683783
0,02065666
0,01443197
-0,02625673
-0,0149959
0,001953488
-0,01173812
-0,03742355
-0,01277602
0,0118526
-0,02281368
-0,02563929
-0,02991662
-0,007749768
-0,01262067
0,02653099
0,01884748
0,01217646
0,007586773
0,02893322
-0,00878334
0,0267357
0,0296493
0,02201479
0,01471293
0,0121507
-0,01402591
-0,01619218
0,01459098
-0,01949958
-0,006601134
-0,02218478
0,01743634
0,02904132
0,0123215
0,02185856
0,02499541
-0,002355221
0,01602422
-0,03034072
-0,01699347
-0,02930393
0,01924952
0,006912008
0,004219107
0,01510425
-0,006741288
0,006088257
0,005978945
0,009058669
-0,0003823586
0,0185346
0,02232854
0,007659965
0,009864205
0,01944446
0,02064267
-0,0343728
-0,003197692
0,008168686
-0,009038116
-0,0201985
-0,01456266
-0,02153066
-0,009249663
-0,03154211
-0,00940306
-0,02755003
0,01133591
-0,005468615
0,02764077
-0,01007796
0,02722235
0,007556257
0,01741287
-0,009662197
-0,02460231
-0,01378085
-0,01840559
0,02182366
-0,02034757
0,0006951409
0,001276972
0,02523284
0,002576439
-0,003221701
-0,02433868
-0,03033138
-0,02419625
0,01403837
0,02648369
0,0262575
-0,0341233
-0,03583293
-0,002738139
-0,03757637
0,006858318
0,0004134707
-0,02061599
-0,00446152
-0,006612654
-0,009515065
-0,03748259
-0,02116937
0,01494019
-0,01459244
0,02542188
-0,01368436
0,02460455
-0,006290697
0,01857882
0,01102966
0,02057787
0,007627758
0,003305488
0,02382122
0,009612988
-0,007433265
0,007579688
0,02356206
0,02226133
-0,01344842
0,02434047
0,02676338
-0,0008686004
-0,0274144
-0,00961341
0,02289943
-0,03017276
0,01519693
0,004692268
-0,008411778
0,02164895
0,00271156
-0,01201202
0,01083458
-0,003944835
-0,0151821
-0,02912734
-0,02121897
-0,003082819
0,01334801
-0,03076634
0,0004590247
0,01785617
-0,02356526
-0,03414991
-0,02032542
-0,01211631
0,001452474
-0,0184656
-0,01631271
-0,0364675
-0,008873973
0,00753843
-0,02174152
0,001026327
-0,03197647
0,01032782
0,01195262
-0,03450303
-0,02503213
-0,007709376
-0,01742695
0,02545466
-0,002473912
0,01929928
-0,01361264
-0,01464036
0,01794768
-0,004774955
-0,005617761
-0,01095469
-0,004071493
-0,004472442
-0,02365124
-0,01804405
-0,01628902
-0,02583777
-0,01456504
0,02669719
0,02568279
-0,01126488
-0,01373491
-0,007364306
-0,01875052
-0,009918279
-0,00421773
0,01811405
-0,0286559
-0,02415406
-0,01223079
-0,007729951
-0,02401064
-0,02745406
-0,01976839
-0,01431166
0,01112766
0,004817406
-0,01427084
-0,01649665
0,009297295
-0,03523777
0,004453828
-0,01975832
0,02203669
-0,03104521
0,001211537
-0,0376844
-0,0001547186
-0,03208931
-0,01231849
-0,02718623
0,004111291
0,02211116
-0,02648871
0,01677551
-0,02788949
0,01782886
0,01121673
-0,02392481
-0,0100359
-0,002190855
-0,01819991
0,007229594
-0,02691921
0,02713516
-0,02553797
-0,0153368
-0,02567545
0,011146
-0,0109023
-0,005268829
0,005819206
0,01746408
-0,02401714
0,0204339
0,005666491
-0,02979208
-0,007093572
-0,02521336
0,01031615
-0,008764461
-0,02825033
-0,03858756
0,01244145
-0,018912
0,01698778
-0,01644542
-0,03345658
-0,007914917
-0,02176357
-0,04479819
-0,0398408
-0,01948855
-0,03299284
-0,01124086
0,02008544
-0,02865911
-0,0225668
-0,03275669
0,03058841
-0,005455745
0,02783639
0,02694077
0,01332683
0,02414964
-0,005121578
0,01101958
0,01234433
-0,01908531
-0,01932326
-0,02876789
-0,008242845
0,003181189
-0,007753129
0,02466245
-0,01117181
-0,0183466
0,01744119
0,01348731
-0,02925009
0,01049418
-0,02440068
-0,001896123
-0,01129339
-0,01186315
-0,007732909
-0,01121334
0,01474932
0,01635382
0,02401196
-0,005857199
0,01029542
-0,01370883
-0,03021097
-0,01945678
-0,01169196
-0,02878384
-0,02187131
0,01972844
0,0136803
-0,03099935
-0,004516971
0,01729936
-0,01139857
-0,009444406
0,006009941
-0,0023948
0,02355672
-0,02283967
-0,02978752
0,01096473
-0,01118293
0,0006018964
-0,02956407
-0,01108315
-0,01536988
-0,004968819
0,00740254
-0,003594555
-0,0007412379
-0,0252792
0,02578726
0,0260783
-0,01614036
0,01189932
-0,0145011
0,02799438
-0,006130453
0,03037599
-0,006344139
-0,02446689
0,02399989
0,01550852
0,0180127
0,01654736
-0,02970647
-0,02119144
-0,02576741
0,02709887
0,0008051404
0,01373378
-0,01733144
-0,004620055
0,007227726
-0,02452784
-0,03057442
-0,02074842
-0,01390435
0,01011981
-0,03224675
-0,0424958
-0,01111709
0,01140033
-0,006074172
0,01950453
-0,0132476
0,01343295
0,009985335
0,006987386
-0,02773849
0,01417546
-0,02210273
0,02899702
0,01553772
0,02606275
0,01844322
0,003465073
0,01298073
-0,0168849
-0,01205927
-0,0259847
-0,01299943
0,007642655
0,02125357
0,008332116
0,01368732
-0,007775708
-0,01958971
0,02874626
0,003526461
0,02857502
-0,000784299
0,005399251
0,02263986
-0,009064253
0,002279216
-0,02814134
-0,01828709
0,0253784
-0,00234985
-0,02062489
-0,009668726
-0,01193069
0,01710968
0,0184667
0,01103976
-0,01338167
0,01099922
0,009741746
-0,01718985
-0,01009615
-0,01018593
-0,02918915
-0,006422644
-0,03214445
0,01647244
0,02626311
0,02541241
0,01750454
-0,02434345
0,02687463
0,00638619
0,01405024
-0,02219433
-0,02615565
-0,0198838
0,001484951
-0,02468731
-0,004643845
-0,007748991
0,01504003
-0,01428886
0,01344805
0,01536297
-0,02744139
0,007782523
0,02063223
0,01272812
0,02837898
0,0224863
-0,01240919
0,003008822
-0,008275126
0,001561188
0,02729826
-0,005267136
-0,009181014
-0,02997523
0,01317722
0,003056922
0,003781132
-0,03344398
-0,01301944
0,01089277
-0,00611486
0,007011967
0,007408555
-0,02188007
0,006260506
-0,003086161
-0,03115685
-0,02477029
-0,01955763
-0,007834204
0,007842604
-0,01162991
0,01436226
-0,01028829
-0,005202103
-0,007395322
0,02390799
-0,01833455
-0,03123293
0,02813115
0,0171795
-0,00849834
-0,01967033
-0,01643888
-0,01778995
0,009961737
0,02021795
-0,001828537
-0,01418269
0,02054149
0,01687078
0,01261884
0,02075701
0,02053734
-0,01792345
-0,01052234
0,02416669
0,002453788
0,02307457
-0,01251853
0,008254926
0,02786983
-0,02178129
0,02479454
0,01674069
0,003126324
-0,00106086
0,01916227
-0,00219924
-0,01481257
0,001966787
-0,01611773
-0,03822219
-0,01931362
-0,041934
-0,03053431
-0,01065671
-0,01293773
-0,03588551
-0,02572087
0,01483171
0,007916993
-0,03395324
-0,00606616
0,006456108
0,02748276
-0,003863726
0,02856307
-0,0182093
-0,02030117
0,0003442991
-0,007456298
-0,009004164
0,01490052
-0,009378118
0,01915317
-0,0202657
-0,01545065
-0,006147703
0,00639073
-0,02369736
0,02720657
0,02582042
0,02336171
-0,01839982
-0,007011458
0,008920535
-0,004186408
0,0174053
-0,02756207
0,01633784
-0,006973711
-0,004178447
0,01020059
-0,01023754
0,01774257
0,01945761
0,002517119
-0,0250661
0,009977689
-0,03089621
-0,003547213
0,004070337
-0,01780969
0,00948204
-0,02554589
-0,04173708
-0,02429675
-0,03490775
-0,02620726
0,02469644
-0,01995222
-0,03221236
-0,008557208
-0,03041675
0,02141602
0,01878137
-0,01938821
-0,008471275
-0,01515531
-0,01125083
-0,02591379
-0,01995039
-0,02179869
-0,007977643
-0,02382918
0,02695864
0,009216403
-0,0113107
-0,002767589
0,02585293
0,001478437
0,03007465
0,004530494
-0,0005922102
0,002019847
-0,01480665
-0,0009051478
-0,02957056
0,02624106
-0,007338917
-0,009135952
-0,01434649
0,002309025
-0,03322971
-0,007438398
-0,01614961
0,02189376
-0,0008849437
-0,009644656
-0,03368098
0,004263933
-0,01997381
0,01752251
-0,01455282
-0,04102522
-0,01919238
-0,01315102
-0,03916433
0,007875109
-0,01750359
-0,01901843
0,02365844
0,002743993
-0,01544365
-0,005191595
-0,01447021
6,468096E-05
-0,03062175
0,0007283367
0,008097162
-0,01191139
-0,02104024
-0,006726844
0,02113143
0,02740779
0,01762079
0,005834717
-0,02364511
0,0220889
0,01912061
0,03000196
-0,02858444
0,01713857
-0,00597419
-0,01848211
-0,01779854
-0,03059762
-0,02510771
-0,003909565
-0,02627089
0,01361227
-0,006590379
-0,01926813
0,003747502
-0,03162013
-0,01271068
0,003506788
-0,02144745
-0,002119774
-0,02701585
0,008463393
0,0187892
-0,03675978
0,008524743
0,0006419216
-0,01043458
0,01233535
-0,03132141
-0,004645435
-0,02497687
0,007449222
-0,01180639
-0,02666687
0,02281209
-0,01530913
-0,01263359
-0,01964308
-0,01483463
-0,02622901
-0,01677957
-0,01495998
-0,003601969
0,002550674
-0,005389276
0,02325862
0,02152202
0,02485624
0,01618695
0,01861196
0,005311062
-0,02091054
-0,009414378
0,0003305812
0,008040551
-0,02805991
-0,02844161
0,02365507
0,02557014
0,01095735
0,007036497
-0,01405215
0,0187241
-0,00187963
-0,02140332
-0,01575024
-0,0169343
-0,01853094
-0,01719066
-0,01723024
0,006278563
-0,02928601
-0,01858176
-0,03330163
-0,02464168
0,013165
-0,02797013
-0,01779027
-0,0007740704
0,02011948
0,01554079
0,001289
-0,02884041
-0,01669408
0,02358689
-0,02795384
-0,004011062
0,02218423
0,0009382371
0,02289037
-0,01523993
-0,004738087
-0,01239732
0,004588408
-0,001914388
0,02689216
-0,005798154
0,0248131
-0,01028531
-0,0238925
0,00346563
0,004278298
0,007006221
-0,004131048
-0,02635846
-0,004247
0,01778902
-0,02092935
-0,02215901
0,01191112
0,01153654
0,005779468
-0,02120636
0,0219538
0,01408538
0,02613013
-0,02589543
-0,003882154
0,0005958793
-0,02819594
0,01196189
-0,009376242
0,005540239
-0,01415436
-0,03777651
-0,0251323
0,006981537
0,006259258
0,002541114
-0,0145021
-0,002791753
-0,01057578
-0,03321901
-0,0005685453
-0,008702718
-0,01712683
-0,03083497
0,01078673
-0,01474808
0,003489807
-0,0106026
-0,01224121
0,01368198
0,02209559
-0,01892416
0,009178228
-0,0171653
-0,007360059
0,01652088
-0,001221035
0,0173484
0,02317026
-0,009264819
-0,01804409
-0,01541075
-0,0243487
0,01915337
-0,01994493
-0,007901879
0,01473628
-0,0009844874
0,02581792
-0,006158798
0,01523019
-0,02457379
-0,02042089
-0,005183894
0,004001555
-0,005108274
-0,004476545
0,02416465
-0,007414365
-0,02182261
-0,0385288
0,007968764
-0,009079889
-0,004869912
0,01224352
-0,0270796
-0,01329937
-0,03302943
-0,003527005
-0,03248629
-0,02189247
0,0007693438
0,004715724
-0,02648344
0,02113549
-0,0113785
-0,01246223
-0,001433681
0,02041294
-0,01191618
-0,001844975
-0,03026362
-0,009239263
0,0199415
0,02624501
0,01153423
0,02609198
-0,02243285
0,006922769
0,02541784
-0,01465121
0,0005726552
-0,01297877
0,004229293
-0,01565451
-0,009567718
0,01063338
-0,007930158
0,02457162
0,02590117
0,02551689
0,008621223
-0,03658925
0,01920264
-0,02103692
-0,02411937
-0,006004305
-0,02619787
0,003008615
-0,02076148
-0,03043444
-0,03998477
-0,03412889
-0,03858731
0,00620352
-0,03578198
-0,009523039
0,01194607
0,01370118
-0,01993192
-0,01837159
-0,0213731
-0,00515001
0,005717184
0,01463096
0,009705802
-0,01447079
-0,0272013
0,01831342
0,0007283716
0,006947272
0,02540075
0,002564682
0,02104279
-0,01061979
0,01734177
0,02953807
-0,003938739
0,005805771
0,01600588
-0,02001838
0,01540631
-0,001588146
-0,01296513
0,01061625
-0,01735377
-0,007646424
-0,02041303
0,01691995
-0,01707736
0,02106346
0,02792327
0,002012421
0,009359863
0,008385061
0,009483416
-0,02285664
-0,01057463
-0,02621954
-0,004761578
0,01706548
-0,01169458
-0,0145611
-0,0339195
-0,00443927
-0,02443053
-0,008904057
-0,01721029
0,01696749
-0,03652517
-0,03301208
-0,03129426
-0,02551572
-0,02992971
-0,0290039
0,00235736
0,01708183
-0,02325342
0,02186115
0,002585234
-0,01309852
-0,02314108
-0,01466573
0,003707872
0,00641481
0,008558235
-0,01047699
0,01925229
-0,02193577
0,007673354
0,003010177
0,002736781
-0,01686566
-0,02952777
0,01962617
0,01306332
-0,008552668
-0,01081488
0,008857541
-0,00365222
0,008672928
-0,02231297
-0,01033688
0,01509149
-0,01999979
0,02047106
0,0185321
-0,0001607606
0,006838786
-0,02686309
0,019752
-0,03131601
-0,005246256
-0,005740643
-0,0256052
0,008500538
-0,02837236
0,01254695
-0,004041892
0,02833693
0,01928454
0,008342146
-0,02555658
-0,01861172
-0,003747683
0,000613755
0,01606925
-0,02747251
-0,02177276
-0,0152003
-0,0202708
-0,003938034
-0,002725738
-0,008003439
0,01727343
-0,02116755
0,01554629
-0,001123679
-0,008283548
0,01559593
0,01590736
0,0139477
-0,02624244
0,0262915
0,008919045
-0,0042175
0,0290291
0,007756449
0,01533219
-0,02849987
-0,0004081772
-0,000853184
0,01675741
0,01018282
0,003296944
-0,03026685
-0,03704295
-0,03140277
-0,02004336
0,004011818
-0,03350814
0,01086922
-0,01065861
-0,01312793
0,02081692
-0,0046295
0,001974642
-0,02591345
0,01376831
-0,02987431
-0,03436089
0,008681733
-0,004562882
0,01644983
-0,01549685
-0,01972197
0,004440011
-0,01939231
0,0001020541
0,02837958
-0,000927399
-0,02485722
-0,01250436
-0,02479211
0,01210272
0,008960229
0,006812958
0,01565902
0,01675826
0,01391584
-0,02240714
0,005011167
-0,02415907
0,007392617
0,00785536
0,02841981
-0,01283327
0,005170633
0,02528856
-0,02118731
0,01485619
0,01127817
0,01303443
0,009083832
-0,0312965
0,0186047
-0,03116435
-0,03965019
-0,01182407
-0,0120613
-0,01077016
0,009698519
-0,00184839
-0,02258406
-0,03054036
0,02076434
-0,005131663
-0,01665859
0,008760668
-0,0169281
0,01667462
0,01951182
-0,006599555
-0,02236258
0,0274523
-0,005675989
0,001791254
0,01849547
-0,02182363
-0,01720501
0,02100737
0,02591865
-0,01699993
-0,007643208
-0,01960261
0,01344106
-0,01227198
0,006728054
-0,02857295
0,01925457
0,002856781
0,001756536
-0,01570731
-0,0118738
-0,01716163
-0,01131756
0,02855272
0,01521861
-0,003942702
0,009760641
-2,411741E-05
0,02415367
0,0207062
0,003904022
-0,01586759
0,02202103
-0,01463693
0,002953707
0,002972415
-0,001744337
-0,0187198
-0,02266508
0,0153208
-0,02984414
-0,0120237
-0,007566648
-0,002511857
-0,02357672
-0,02417096
-0,006997938
0,007725647
0,02219132
-0,0133002
0,02745863
0,0187274
-0,009363849
0,00587723
-0,02646174
0,02247622
0,00667941
-0,005329347
0,01596375
-0,009681005
0,0005612507
0,01517089
0,02307941
-0,02807343
0,007643554
-0,02466183
-0,01472999
-0,009935716
0,003148801
0,0198529
-0,008368473
-0,002025225
-0,01568973
0,006347981
-0,02876098
0,01378061
0,009831615
0,01071962
0,01263251
0,003140926
0,02804502
0,02693225
0,003888468
0,004024198
0,01935302
0,006436375
0,01518546
-0,02350407
-0,02147938
0,009650002
-0,03983967
-0,03237682
-0,007082188
0,01664318
-0,01538185
-0,004562732
0,007394533
-0,0007675401
0,02679565
-0,02080019
0,02403561
-0,02194376
-0,02342508
-0,02926404
0,02750114
-0,003982072
0,001008073
0,0103834
0,005380415
-0,009872197
-0,01647255
0,02739595
0,01066701
-0,02096576
-0,008250204
0,004598416
-0,02066573
-0,01606742
-0,02671285
0,01748263
-0,02516139
0,0258021
-0,02656055
0,0143769
0,01599003
-0,02057675
0,02691507
-0,01181157
-0,01781724
-0,003828098
-0,02907089
-0,02508053
0,01116488
0,0008854784
0,004800554
0,01275784
0,01029342
-0,005339948
0,003013922
-0,009163734
-0,02470863
-0,02344595
0,003958999
0,01676119
-0,005990126
-0,0305404
-0,001812151
-0,009391752
0,002582531
0,01971249
-0,01179887
-0,0009697386
-0,001406213
-0,01825473
-0,03004777
0,02756468
-0,02714136
-0,01007725
-0,01592177
0,01677125
-0,0002787574
-0,01988086
-0,005409998
-0,02641893
-0,01331809
-0,0241919
-0,0155942
-0,02541346
-0,004490248
-0,001524316
0,01339934
0,002345697
0,001507097
0,001857299
0,0005989448
0,02155243
-0,01878458
-0,02387311
-0,02203788
0,00179165
0,002639336
-0,002498963
0,01161545
-0,00866045
-0,02437848
-0,003160259
0,001719693
-0,009594033
-0,005085108
0,004654988
0,008136517
-0,0129778
-0,02323547
0,01729232
-0,03557698
-0,02989534
0,01844237
0,006378729
0,008312677
-0,004531169
0,02143595
-0,003112331
0,02787662
-0,0254164
-0,02614697
0,01476827
0,02823085
0,02432106
0,0111288
-0,01815993
0,01562447
0,02623832
-0,02160492
0,005482686
-0,02179613
0,02651602
-0,005081207
0,02724692
0,0206259
0,009327281
-0,006890251
0,01217468
-0,0006677746
0,01165758
0,01052922
-0,01604099
-0,01684783
0,001423212
-0,005118377
-0,01186348
0,02409506
0,001859282
-0,006203611
0,009294777
0,01297137
-0,02821884
-0,0002058117
0,002253483
-0,01865087
-0,0124025
-0,001370387
0,004506076
0,01008244
-0,01592323
0,02069795
0,01834298
-0,01285635
0,01102599
0,01557789
-0,02855321
0,009703907
0,02557563
0,01922398
0,03032995
-0,02586856
-0,02033675
0,02673198
-0,01750823
-0,006843073
0,02159661
0,001148957
-0,006308837
-0,004331825
-0,01255829
-0,01577525
-0,0189785
-0,0005300058
-0,003709799
0,01965749
0,02498616
-0,01161977
0,01244112
0,005896293
-0,005824465
-0,02732974
0,00949193
0,02247976
-0,02441854
0,01206921
0,01596025
0,01954221
-0,003164783
0,01303711
-0,0112316
0,006252696
-0,03474674
0,01282784
-0,007931305
0,001026401
-0,0006140741
-0,02413251
-0,01747929
-0,02476878
-0,009803595
0,01382956
-0,02537309
-0,01847931
-0,0004903229
-0,02666377
0,01309308
-0,007974902
0,02678525
0,02478703
0,02075997
0,01658536
0,02851553
-0,0146262
-0,008300154
0,02438317
-0,005542561
-0,01255842
0,01922426
-0,001638044
0,004007972
0,0286899
-0,0281232
0,009228692
-0,02629859
0,007423068
-0,0205077
-0,007372156
-0,0302507
0,01804515
-0,01732142
0,01291222
0,02755492
-0,003996214
-0,02259837
0,002708437
0,0187922
-0,01233052
-0,01199824
0,02651989
0,02247264
-0,006496331
0,02592025
-0,0003899704
0,01711866
-0,003045582
0,002615527
0,005154463
-0,01885159
-0,006853888
-0,02778203
-0,02454261
-0,01498994
0,01451719
0,0085186
-0,00149901
0,01858385
0,002867626
-0,01480607
0,02536037
0,02615352
-0,008064703
-0,007759437
-0,02354593
0,01268333
-0,02222391
0,01970023
0,001203757
-0,02131817
0,0202004
-0,02624661
-0,02432783
0,03009874
0,02003428
0,0008266423
-0,022582
-0,03028651
-0,003091637
0,01361793
-0,004281162
0,02487923
-0,005204091
0,02770138
-0,003830489
0,003148706
0,02355694
-0,01200636
-0,03093773
0,009538846
0,002382463
0,004139618
-0,02146992
-0,03697316
-0,02096366
-0,03983788
-0,006973436
-0,03802922
0,006073222
0,007028707
0,006832855
0,006382873
-0,02727407
0,0003457771
-0,003213187
-0,005986474
-0,02428875
-0,01261785
0,002507338
-0,007595753
0,006145286
3,787606E-05
-0,008437475
0,02257539
0,02115806
-0,02801932
0,003229347
-0,004667376
0,02562462
0,001714053
0,0176733
0,01953651
0,01897812
0,01906473
0,003093521
-0,01963096
0,01922255
-0,0271219
0,005523842
0,01634343
0,0259393
-0,02729603
-0,01976464
0,005753064
0,02536317
0,01084523
0,01530474
0,01831287
-0,008802757
0,02666322
-0,0058031
-0,000180124
0,004759651
-0,0005475451
-0,03385925
-0,03667559
-0,02630126
-0,01757377
-0,03299395
-0,02488211
-0,0110074
-0,03439289
-0,02929386
-0,01781456
-0,03370887
0,02368961
0,02643733
-0,01008473
-0,02916927
-0,004651995
0,01003268
-0,02713728
0,01149737
0,01763591
-0,006171346
0,001126959
-0,009958386
0,01528294
0,02358252
-0,02103026
-0,01200132
0,01553994
-0,02643417
0,02895193
-0,02578938
-0,01934398
-0,02424249
-0,02278615
0,009177082
-0,003270867
0,02582935
-0,00535477
0,02309839
-0,01222805
-0,01323351
0,02139051
0,02835926
0,02437241
0,00340166
0,02710533
0,00868605
-0,01313654
0,005522509
0,01888111
-0,02316114
-0,01273913
0,01699369
0,01790388
-0,02934298
-0,005812176
0,004253799
-0,0102676
-0,008523722
-0,03745985
-0,03802332
0,009278345
-0,02788077
-0,02676248
-0,01472739
0,0228981
0,02123442
0,01757624
0,01154457
0,006081853
-0,001120836
-0,01450252
-0,01920039
-0,008028758
-0,001290141
0,003221981
0,004396357
-0,001349342
-0,01840819
0,02505537
-0,003358454
0,02533112
-0,02954895
-0,02330953
0,01050654
0,006390459
-0,01718546
-0,02095545
0,02747154
-0,02325813
0,01346655
-0,003594008
0,02305651
0,01787461
-0,01771451
0,0001792602
0,01362014
0,01282575
0,0001720813
0,006598851
-0,03286082
0,01783561
0,004651284
-0,03112235
-0,01261556
0,0213119
-0,02653682
-0,004530433
-0,009854016
0,002675124
-0,03471876
-0,01937051
-0,01426442
0,003820026
0,005405122
-0,02524383
0,01137258
0,02774775
-0,002139435
0,003823828
0,005840125
0,009992748
0,01966912
0,00569887
0,02304053
-0,02625543
-0,007995179
-0,007110983
-0,02524344
0,02468411
0,0157619
0,01500324
0,01849289
-0,001102358
0,01513469
-0,001168526
-0,01921914
0,02445883
0,01116641
0,01197243
-0,002785104
0,01603349
0,01382447
-0,01277538
-0,03145786
-0,0088215
-0,03149657
-0,01970443
-0,02570054
-0,02738995
0,01124275
0,0146199
-0,01455133
-0,03577251
-0,03935428
-0,01627922
-0,03283856
-0,03589299
-0,02408112
-0,0135921
0,002132251
0,01530061
-0,002552815
0,002552258
0,02304182
-0,01535393
-0,005880645
0,01691245
0,01914378
-0,02415309
0,01829887
0,01630409
-0,01530069
0,01408312
-0,02386573
0,02596491
0,02836897
0,004582538
0,003270394
-0,004903059
0,02574236
-0,03001064
-0,02436284
0,02148586
-0,03048873
0,02243192
-0,007266648
0,01407248
-0,002308683
-0,01256233
-0,006927693
-0,02097872
0,01279607
-0,01270922
-0,02901284
0,005318048
-0,02171009
-0,02929794
-0,01782532
0,007558241
-0,03709639
-0,01560452
-0,01004558
-0,03449048
-0,02205827
-0,03771398
-0,003973001
-0,00340045
0,02181492
-0,02595406
-0,006712077
-0,003164466
-0,00106624
0,0176233
-0,00550223
0,00557749
0,01000181
0,005544818
0,003452213
-0,02947122
0,01957527
0,009096304
-0,009201645
-0,001371461
0,0095229
0,01068851
-0,02440522
0,02764644
0,009396385
-0,002451205
0,01126383
0,01474054
-0,0193998
0,01543841
-0,009148654
0,004417663
0,0008626515
0,02859506
-6,528743E-05
0,02483425
-0,01217442
0,01636071
0,01788119
-0,01277828
0,01922085
0,02168952
0,002036751
0,01653653
0,01668186
-0,008308182
0,02092417
-0,00052594
-0,002601903
-0,02239935
0,01470956
-0,01916916
0,01858609
-0,04034644
-0,006077659
0,003729628
-0,03600794
0,004473146
0,02590181
-0,002994687
-0,004475547
0,01050262
-0,01165346
0,01595313
-0,003137443
0,02066075
-0,02496778
0,01267814
-0,0248436
0,007028494
0,01197956
-0,02711976
0,02069362
-0,02751579
0,009832851
0,0170274
-0,02801842
-0,01722701
-0,02706363
-0,02229608
-0,001441449
-0,0280916
-0,022223
0,02062032
0,01835974
-0,03018179
0,004121267
-0,004516648
-0,002559307
0,01671736
0,01932228
0,006980442
0,01453528
-0,01694379
0,01843568
-0,02956891
-0,004226324
0,01058968
-0,01715925
-0,03919191
-0,02050976
-0,02796034
-0,008763055
-0,04265393
-0,0003682168
0,01487315
-0,007576723
0,02146094
-0,01240733
0,008104607
0,005154624
0,01410636
0,001182936
0,01703701
-0,02917011
-0,006827754
0,004456748
-0,002859731
0,02528882
-0,003863961
-0,0143855
0,008318405
-0,01779027
-0,01319437
0,01410691
-0,02813033
-0,01808293
0,0009961848
-0,01995248
0,001601623
-0,01949421
-0,01920395
0,0197381
-0,02757711
0,01506078
-0,01737316
-0,003258606
-0,02767045
-0,02007047
0,024184
-0,007273201
0,004718402
-0,02761975
0,01067049
-0,02299678
-0,03340359
-0,04018642
-0,04223022
-0,02205768
-0,01295092
-0,009577313
-0,03613181
0,01547153
0,01734211
0,006286815
0,006310244
-0,03735901
-0,02000157
-0,01677329
0,002052048
0,009256009
-0,02876235
0,01584071
0,02031149
-0,0003722726
-0,003163921
0,02739231
-0,0007010135
-0,03006704
0,01650808
0,02381088
0,0009467056
-0,01506231
0,02773757
0,02883307
0,007861154
0,002466737
-0,005950825
-0,02341402
0,007658196
0,02439642
-0,02203777
-0,01871593
0,01359258
-0,03031273
-0,02918157
-0,02190862
0,01393826
-0,01842238
-0,03311979
-0,02567912
-0,02198101
0,01072725
-0,003217535
-0,02159728
-0,01329174
0,01136384
-0,02809057
-0,02421401
0,001503743
-0,03302697
-0,004769813
-0,03443332
-0,004047029
-0,004345005
-0,03564262
0,01671249
0,02320788
-0,03549756
-0,02531171
-0,01692596
0,008339548
-0,02310344
0,01164849
0,01060311
0,0009950885
0,02049297
-0,02754771
0,01928638
-0,004445042
-0,01656622
-0,02204101
-0,01718472
0,02807161
0,00571252
0,008454353
0,01439131
0,008601341
0,009693467
0,003019282
0,01586104
-0,01426569
-0,0224859
-0,004304886
-0,0004612942
-0,01406
-0,03021664
0,004800242
-0,02622428
-0,03480492
-0,0248132
-0,02394699
0,0134825
-0,02751356
0,01558443
-0,006176377
-0,03630101
-0,03542092
0,01534226
0,006660263
-0,00292462
0,01074941
-0,01117021
0,01565322
-0,008897616
0,02449097
-0,01185621
-0,03198055
0,02399192
0,02329276
-0,01647107
-0,0194888
-0,01054275
-0,002932039
-0,008071964
0,02675671
0,002486106
0,01507824
-0,01718877
-0,007362946
-0,004759527
-0,01898912
0,02518432
0,01786417
-0,01823967
0,02847065
-0,01057247
-0,02700375
-0,02230165
-0,02547827
0,005085481
0,008652238
0,01595052
0,02547152
0,02251068
0,02377328
0,01614545
-0,01999648
0,02196478
-0,006276764
0,01967766
-0,03586827
0,006619145
-0,02453241
0,009711546
-0,03681896
0,01654571
-0,02001754
0,006758614
0,0139784
0,02035698
-0,02290495
0,01187061
-0,007651462
-0,01923923
-0,01106535
0,02174895
0,007967371
0,01042233
-0,0009683261
0,008717949
-0,01308803
0,02589219
0,02323135
-0,006236695
0,009979236
-0,0007745702
-0,002437095
0,003772693
-0,003351667
-0,02095341
-0,01169588
0,01990586
0,01377896
-0,004978439
-0,005936428
0,001636123
0,01209811
-0,02664531
-0,01811678
-0,02603494
0,0288996
-0,01454264
-0,01595123
-0,02709228
-0,02035839
0,01318413
-0,01953973
-0,0003185259
-0,006129617
-0,03328102
-0,02510222
0,003186746
-0,008625926
0,01332416
0,001700714
-0,03337268
0,005944769
0,01023821
-0,03627126
-0,009460581
-0,01149517
0,01067942
-0,01800401
0,008179598
0,006214247
0,001182474
-0,02268939
-0,02434446
0,02771733
0,02515076
-0,02046343
0,004351689
-0,002218775
-0,001120247
0,01460627
-0,0270026
0,01182528
0,01897166
-0,01940078
0,02502319
-0,01324802
0,02545073
-0,02608451
-0,006736211
0,03051489
0,0154261
-0,005651609
0,02601923
0,01692162
-0,009790691
0,01568659
0,0236212
0,02473581
0,008610581
0,001570336
-0,02154112
0,02391805
0,0004892991
-0,007312181
0,009744477
-0,0006934358
-0,02606665
0,002711189
0,002278486
0,01557247
-0,007881637
-0,03725085
0,01624235
-0,03772712
-0,003194538
-0,01322569
0,02320626
-8,800179E-06
-0,02693483
-0,01815351
0,0007450701
0,007769505
0,02528231
0,01351671
0,02464805
-0,02549027
-0,01750284
-0,01140964
0,008085231
-0,01912055
-0,01196586
0,009166788
0,02015715
0,0251315
0,0006242161
-0,02471584
-0,02176934
-0,005846205
-0,0007696293
-0,009761663
-0,01645551
-0,007578548
-0,0006631924
0,001412018
-0,00448973
0,01319351
-0,001969766
0,01726748
-0,02061611
0,02767107
0,01567749
-0,01802504
0,01598241
-0,009628293
0,02848553
-0,00375385
0,02386257
0,0141927
-0,003285601
4,968072E-05
-0,01633251
0,005026825
0,01733985
-0,0123708
-0,001672744
0,01801772
-0,02056794
-0,03684539
0,0006384816
-0,004753346
-0,01720339
0,0003097712
-0,02597882
0,01843296
-0,03144247
-0,01972676
-0,01775181
-0,004581444
-0,01432883
-0,01515548
0,006883453
-0,00632139
-0,02130887
0,01216166
-0,006010576
-0,02892201
0,02076146
-0,005508684
0,02531196
-0,02848941
-0,02330723
-0,01094805
0,02449054
0,02333792
0,02998083
0,0009584929
-0,00414132
-0,02840097
0,02325368
0,002350048
-0,003532598
-0,006005959
-0,01697945
0,008667101
0,009999692
-0,02101929
-0,03080489
0,0234456
-0,01257857
0,01018776
-0,0205221
-0,005525096
-0,00644015
-0,02095233
0,02124603
0,01754373
-0,003257237
-0,02210107
-0,03664562
-8,34872E-05
-0,02697374
0,01729644
-0,02845834
0,002458983
-0,006645563
0,02500134
0,008176774
-0,01326125
0,02218276
0,0009153294
0,01647563
-0,01877341
-0,000130484
0,01235345
0,01646282
-0,02108668
-0,02188279
-0,003317628
0,03048997
-0,01803037
0,02625539
0,02387279
-0,02965407
-0,02284012
0,0161868
0,003871679
0,01646024
0,007380398
0,02110141
-0,03017803
0,02363276
-0,01994661
-0,02767411
-0,009200917
-0,001377766
0,006341467
-0,01314411
0,01005501
-0,01737121
0,008367358
-0,004132575
0,009483155
-0,03721214
0,01166069
-0,03911224
-0,03677909
-0,03620388
0,0174585
-0,004643142
0,01701427
0,01562357
-0,02523769
-0,01872566
0,0188568
0,008243809
-0,02107947
0,01725133
0,03089478
0,01774605
0,0194106
-0,02053759
-0,02968541
-0,007501511
0,02076209
0,006594087
0,003861992
-0,02230407
-0,02332032
-0,0177499
-0,02145548
0,01971422
-0,004344636
-0,02370168
-0,01687572
0,008656292
-0,02362435
0,02092208
-0,02166872
-0,02413807
0,01048382
-0,001347065
0,02067238
-0,02311475
-0,02751447
-0,01845955
0,01584803
0,02679821
-0,01992743
0,008376502
-0,01620688
0,012804
-0,01550856
0,01501043
-0,009081583
-0,001326347
-0,003224838
-0,008652231
-0,01630616
-0,01397365
-0,004784883
0,02670829
0,02327384
0,008389229
-0,01056211
-0,030444
-0,006998229
-0,0306846
0,03049233
-0,01922447
0,003046611
-0,009464976
0,008666281
0,02188742
-0,02423291
-0,01031638
-0,01364844
0,02177464
-0,01131889
0,007284784
0,01853241
0,005331084
0,02513066
-0,008538204
0,02211265
-0,01053948
-0,003081247
0,0008810299
0,008661768
0,007666004
-0,02523811
0,007228353
0,004415212
0,02404731
0,008486549
0,01180984
6,451799E-05
-0,02105604
0,01409169
-0,0329934
0,01686765
0,01535321
0,02537499
-0,03400278
-0,02215106
0,0231227
-0,02502474
-0,006032857
0,01832615
-0,01971383
-0,01401954
0,01058928
-0,02268256
0,007450739
-0,003476669
0,02255442
-0,02905334
0,005879437
0,01818091
-0,02821719
0,002305429
0,02036337
-0,008755128
-0,009103128
-0,02590832
0,02625585
0,01714746
0,0143101
-0,01837207
-0,008461425
0,01592548
-0,0281357
-0,02629196
-0,01421061
0,01739245
-0,02976192
0,004684807
0,02264882
-0,02271142
0,02457636
-0,01931627
0,02877255
0,01311619
-0,00223057
-0,01170712
-0,00665321
-0,005323197
0,02214436
-0,006303805
0,01387045
0,010088
0,02787455
-0,005751849
0,01382449
-0,003186144
0,02481399
-0,007045081
0,005278604
0,02820694
-0,01391299
-0,02027277
-0,00726102
-0,01374074
-0,002249636
-0,007564974
-0,01052488
0,00841195
0,02428192
0,02200349
-0,003345659
-0,0158121
-0,02190875
-0,004403048
0,02366931
0,0229619
0,005715068
-0,02100064
0,02288373
-0,02765622
0,008739806
-0,002736903
0,02128624
-0,01270949
-0,007778451
0,00852795
0,01605765
0,003064347
-0,01418063
0,01522567
0,01809211
0,004093135
0,02948846
0,02581845
0,02245348
0,01006894
0,01283829
0,01008879
-0,0175855
-0,02960949
-0,03380668
0,01718554
0,002634721
-0,03061088
-0,02943435
0,002625052
-0,001979831
0,00086489
0,003243595
0,02476867
0,02337346
0,01822083
0,0009584142
0,00395343
-0,009290136
0,02043154
-0,008626862
-0,02150447
0,02514176
0,01814422
0,008070897
0,01266357
-0,01039294
-0,0210743
-0,02626949
0,02386231
-0,01245526
-0,01519164
0,00383696
-0,0173849
-0,02165651
0,02462373
0,02487263
0,01796043
-0,02962175
0,02012146
0,02334064
0,01596211
-0,01595812
0,01758097
-0,02311693
-0,01694734
-0,02913254
-0,00699795
0,01912818
0,02479884
0,02863296
-0,008584727
0,003117914
-0,03013177
-0,01384336
-0,001117006
0,01247603
-0,007333145
-0,007506614
-0,01531911
-0,00591443
-0,009711601
-0,03307845
-0,02381373
-0,01519259
-0,01384345
-0,03090204
-0,009174404
0,017123
-0,02687244
0,0277402
0,01667402
0,004355368
-0,001197519
0,02676792
0,00613693
0,02395557
-0,02280636
0,01358944
-0,003867468
0,01288535
0,02778061
-0,01067514
-0,02234534
0,02399068
0,0245725
0,0102825
0,001245737
0,02347919
0,003794302
-0,02143793
-0,001326644
-0,009632292
0,01007785
-0,01002284
-0,002120834
0,01572503
-0,02233276
0,0008421192
0,01577997
-0,0204864
0,007032365
0,003649252
0,01460326
-0,03482796
-0,02151428
0,01527041
-0,02622762
-0,0277006
0,01110243
0,007097041
0,005856887
0,008392906
-0,03214617
0,002680938
-0,0009162172
-0,02330377
0,02380218
-0,01597152
-0,006978539
0,009385322
-0,001395312
-0,001337527
-0,01816934
0,02227523
-0,00218822
-0,005122909
0,0224617
-0,0217845
9,681926E-05
0,02230774
0,01579205
0,005831872
0,02771065
-0,01534445
-0,02679884
-0,009056349
0,001802784
-0,02178317
0,01085487
-0,02400242
0,005934093
-0,003729113
-0,02108561
0,02391611
0,0006771898
0,01615502
-0,008971481
-0,02453564
0,01876493
-0,0109361
0,01954189
0,02151601
-0,02351935
-0,0253338
0,01170315
-0,01943056
-0,006021941
0,02303218
-0,002211375
0,01529349
0,02479974
0,02300047
0,004583691
0,02161893
0,02535806
-0,02659914
0,0153823
0,01629012
0,003536345
-0,01952581
0,005343014
0,01553575
0,004541473
-0,01407154
-0,02735761
-0,02732813
-0,01073318
-0,01095663
-0,007525694
0,01311987
-0,02578104
0,01695248
-0,01139975
-0,02070516
-0,02939834
0,02133509
-0,003514385
0,02024307
0,002388792
0,02268666
0,02671041
0,007218861
0,005985351
0,02218441
-0,01976149
0,008482322
0,02054143
-0,01430212
0,02517933
-0,004349004
-0,03094394
0,002811219
0,001275422
0,006319174
0,01293037
-0,02669388
-0,01070731
0,02120347
-0,02754618
0,007456613
0,02034467
-0,02791925
0,002085089
0,01985659
0,01489714
-0,019814
0,007871106
-0,003914111
0,02156033
-0,02530475
0,005525062
0,02572049
-0,01628443
0,01077236
-0,01540247
0,02956206
-0,01945796
0,01295643
-0,02276164
-0,005424277
-0,01729879
-0,02818169
-0,008673749
0,02436037
0,01248567
-0,001201927
-0,01690864
0,0091329
-0,005524461
0,02628193
0,0008062133
0,003887711
0,01566701
0,02325517
-0,02944344
0,02054601
-0,02717634
0,01629354
-0,02379887
-0,03252026
-0,03187469
-0,008635899
-0,006197673
0,02170106
0,02247191
-0,02538479
-0,007195095
0,02317549
-0,005441487
0,01675876
0,02377536
0,006901
0,0145939
0,009601559
-0,004055977
0,02036298
0,01471983
0,009758615
-0,02275854
-0,01388715
0,02706996
0,02887604
-0,02821154
0,02630744
0,004432837
-0,02714127
-0,01902721
-0,008899955
0,01030723
-0,005605208
0,02758535
-0,005418056
0,005789533
-0,02309681
-0,006792766
0,01792252
0,005750849
-0,001642985
-0,02782804
0,0081177
-0,0230536
-0,009552618
-0,01621087
0,008208269
-0,02920349
0,02289256
0,01924316
-0,02439743
-0,005175289
-0,02033573
-0,02622528
-0,008668664
0,007595174
0,02040514
-0,02675431
-0,02841798
-0,008581624
-0,0009847971
-0,01157255
0,01802942
0,02369157
-0,0295222
-0,01707166
-0,02928734
0,01892851
0,0002411448
-0,02743961
0,008491249
-0,01280907
0,009802649
-0,01506206
-0,01360328
0,00751294
-0,0002547865
-0,02094011
0,007051402
0,01579259
-0,005907477
0,02538024
0,01216177
-0,01567763
-0,02441237
0,0258529
4,952028E-05
-0,01138986
0,003657788
0,01546667
0,01470663
-0,02680573
-0,009369629
-0,005423083
-0,0246218
-0,02106217
-0,01753086
0,01394928
-0,02399818
-0,02354164
-0,01719823
0,01977685
0,0007637461
0,01972491
-0,02008651
0,0188288
0,01670488
0,02640826
0,01944934
0,01663716
-0,0203767
0,0122083
-0,00335376
-0,01261505
0,02953298
0,005614003
0,007821781
0,005285965
0,0185805
-0,02458699
0,01355081
0,01297979
-0,01433753
0,01587426
-0,01131015
0,005537371
0,02662889
-0,01473557
-0,0201296
-0,02205603
-0,005122694
0,01632744
-0,02631053
0,0002380555
0,002740487
0,005191104
-0,005291752
0,02236648
-0,02592814
-0,01293799
-0,02082423
0,004497067
-0,0005135508
0,01767256
0,006058828
-0,02724229
0,006755695
-0,02656066
-0,00406188
-5,506627E-05
0,001344837
0,007132536
0,02560921
-0,02968278
-0,00569098
0,001165644
0,004559302
0,01649672
0,002406745
0,005905271
0,02357319
0,002235286
0,0165999
0,01134544
-0,008522032
-0,006202624
0,008905469
0,02753904
0,01499747
-0,005947192
-0,01886244
0,01609546
0,001715065
0,002068995
0,0272624
-0,02077504
-0,01690563
-0,00128514
-0,02036632
-0,01437819
0,02922144
0,0230566
0,01993303
0,01038967
0,006987208
0,01802318
0,02130346
-0,02648192
-0,02383571
-0,0283525
-0,02876613
0,009431752
-0,009597559
-0,0004291444
-0,005379362
0,007968943
0,01847376
0,0187037
-0,003816187
-0,01777262
-0,005329095
0,01004987
-0,01056984
-0,02830307
-0,01072136
0,0167594
-0,02312046
-0,005533259
-0,02612557
-0,01505199
-0,01179906
-0,02394223
0,007112378
-0,01306434
0,006652755
0,03046481
0,01232636
-0,02379074
-0,02555433
0,004128985
0,002977163
0,00481657
0,02115464
0,01342935
-0,006874511
0,002220707
-0,004420179
-0,02798661
-0,02285243
-0,01111534
-0,008928287
-0,005124028
-0,02772277
0,02764722
0,02146406
-0,01062466
0,004012007
0,01846909
-0,008579403
0,02112949
0,01188168
-0,002741395
0,0304451
0,02191037
0,01439889
0,02646727
-0,02669024
-0,02597437
0,02352375
-0,00544743
0,02650108
0,0125547
0,01441403
0,02283756
0,01009031
0,02058309
0,01923515
0,00620039
0,008898627
0,01747552
-0,009088332
-0,02563813
-0,01290411
0,01557866
0,02420918
0,02360978
-0,02687075
0,009026408
-0,004902787
-0,01288125
-0,003413791
0,02440071
0,01539718
-0,01598886
0,02285862
-0,02436886
0,005073481
0,03000449
0,02977603
-0,002714682
-0,001108308
-0,008481926
-0,02104001
0,0128151
-0,007081697
0,009217576
0,01118598
-0,01993683
-0,01260248
-0,0290838
0,0007735647
0,0284202
-0,02046048
0,00468899
0,0002899574
0,007631959
-0,019658
-0,01495535
0,02817642
0,02109447
0,0232194
-0,005368812
0,009177407
0,006435767
0,0289713
-0,02778989
0,02792884
0,0002736301
0,03051223
0,004685388
-0,01454367
0,01977927
0,007068743
-0,01825449
-0,01142384
0,0299731
0,02590868
0,004739863
-0,007658288
-0,01493089
-0,01747686
0,0236825
-0,008157466
-0,005459586
0,01693766
-0,001395653
0,01481714
-0,01932506
0,0143042
-0,01477338
0,0259084
-0,01007824
-0,02817591
-0,02150974
0,004550627
-0,02580411
0,01290084
0,003044595
0,01438001
-0,009304591
0,01200637
-0,01913593
-0,01987981
0,01337072
0,01603201
0,01160423
-0,008606346
0,02851797
-0,01387122
0,0009397019
0,012409
0,00616988
0,02327381
0,01304758
0,008787727
0,03032905
-0,02710375
-0,0153965
0,02008994
0,0003629323
-0,01203104
0,01718422
0,01662062
0,01530633
0,009268359
0,0261358
0,01792107
-0,001483194
0,00768706
-0,01569444
-0,0129454
-0,007190428
0,02098286
-0,02826052
0,003708261
-0,02839269
0,01353935
0,009042034
0,009093975
-0,02466535
-0,02278257
0,01689589
0,02516111
-0,01663803
0,003403036
-0,01026391
-0,002773548
-0,01067868
0,0002949201
0,004870825
-0,02866816
-0,001789721
0,01348484
-0,0160419
-0,02731883
0,02546936
-0,005164158
-0,00461047
-0,02596248
0,02046733
0,02428694
0,02346609
-0,009164559
-0,02822389
-0,01614493
-0,01038376
0,01581688
0,02156267
-0,02061277
0,007160778
-0,01329446
-0,00559401
0,006179507
0,01482229
-0,006798536
0,001711057
0,02257935
0,003272862
-0,01806182
-0,01040865
-0,001043241
-0,001375515
0,02885714
-0,02718248
-0,01700686
0,01944917
0,009914604
0,007017048
0,02966428
0,008845614
0,007377271
-0,01184541
0,005003904
0,01924023
-0,01833738
-0,01563967
