-0,00263349
-0,004546687
-0,02589997
-0,0189945
0,01298651
0,02363853
-0,01666222
0,007523871
-0,0156658
0,02697507
0,024612
0,01258744
-0,004755597
0,03029248
-0,01749671
0,003811677
0,01319748
-0,01157259
0,01651479
0,007362047
-0,02884462
0,02936746
-0,02694176
-0,02643297
0,003678829
0,0294119
-0,01585031
-0,02248323
-0,01593055
-0,0002433027
0,02929385
-0,02366495
0,01121189
0,005057539
0,009592
0,009542871
-0,02257875
-0,01664966
0,003029265
-0,02329999
0,005524945
0,0119926
0,02581332
0,005369886
0,003972628
0,008936066
0,02107656
0,01909342
0,01573446
0,008729981
0,00425827
0,01586589
-0,0002366424
-0,009472447
-0,02559368
-0,001378068
-0,007577086
-0,02941773
0,007928059
0,0141943
0,009483358
-0,02418503
-0,0065517
0,0152792
0,02834483
0,01836351
-0,02859044
0,02081612
-0,009295065
0,003566219
-0,003616329
-0,0001877514
0,01596176
0,009829317
-0,02809542
-0,01014664
-0,02639673
-0,001682344
0,0002460253
0,02538386
-0,02169295
-0,004351752
-0,007579049
0,005950231
0,02606815
-0,01656505
0,007033381
-0,009319105
0,0006955938
-0,01898783
-0,01280935
-0,02306496
0,006102412
0,01953913
-0,002111666
-0,0002871004
-0,01146325
-0,01939915
0,007651177
0,01625468
0,007557951
-0,02970127
-0,001602334
-0,01777785
-0,01761862
-0,02561358
0,03045484
0,02049994
-0,01126057
0,01540031
-0,004714033
0,02485236
0,001048369
0,01336349
0,005924475
-0,01609328
0,01408857
0,01825275
0,01985242
0,01491634
-0,01880465
0,01126289
-0,009970797
-0,02029846
-0,01359599
-0,01050627
0,02446765
0,02719558
-0,01795395
0,002741708
-0,02870063
0,02370879
0,02131349
0,01448486
-0,01229663
-0,02196226
0,0278516
-0,01978786
-0,006403132
0,02165608
-0,01633246
0,01711608
-0,02791418
0,01615927
0,01661516
-0,006889895
0,006598906
0,02350077
-0,01629902
-0,01589568
0,01631456
0,0009990545
-0,00858567
0,02350368
0,00517112
0,02694499
0,01105022
-0,01116549
0,02671183
0,02383826
-0,01915242
-0,02638001
0,008925076
0,01689409
0,01420816
0,002194865
-0,02650003
0,01709834
-0,004456972
-0,002106746
-0,01342985
0,003774587
-0,005425981
0,02865102
0,001347346
-0,00533196
0,009404462
0,004621271
-0,006171807
0,024035
0,01380947
-0,02908045
0,01325844
0,02806224
0,01689398
0,001023504
0,002125272
0,02886851
-0,02044873
-0,008235892
-0,002123736
0,009067744
-0,01566876
0,0006658184
0,01098884
-0,01990209
-0,02147001
-0,01381745
-0,02778551
-0,01547887
-0,0103404
0,02018151
-0,001803784
0,01651513
0,02820404
-0,01741532
-0,02321237
-0,006516964
-0,007615063
-0,01910612
-0,01194027
-0,02355674
0,02578955
-0,02706575
-0,01952183
-0,01992371
-0,009013304
0,01108188
0,03022637
-0,01665408
-0,02971719
-0,02435552
0,007526854
-0,02607875
-0,02973712
0,008071474
-0,01007716
0,02486823
-0,01204053
-0,008603371
-0,01404446
-0,006960769
0,001964258
-0,02113622
0,004279431
0,02365603
0,003514745
0,02769808
-0,02968778
0,004669697
-0,005518623
-0,02127277
0,006514118
0,02969251
-0,02615863
-0,008694283
0,01388627
-0,01828318
-0,009388167
0,001141258
0,02000491
-0,001718373
-0,01338679
0,01932611
-0,01555929
-0,01596194
-0,01686812
-0,005965053
0,01670404
-0,009576726
0,02369851
-0,01705118
-0,02383955
-0,02882815
0,02546941
0,02579674
0,004927331
0,01699328
-0,0008511144
-0,01303085
0,007366131
-0,005755486
0,01051588
-0,004630665
0,01928518
0,02171235
3,415854E-05
0,008415154
-0,02998865
0,009296124
0,02428396
-0,02224753
0,004190713
0,01754738
0,001574793
0,01806058
-0,02411555
0,01333393
0,02525111
-0,01037177
0,01125157
-0,02041819
-0,01855491
0,01081154
0,01157411
-0,01831795
-0,02710945
0,00557987
-0,02524984
-0,0207851
0,0172644
0,02786679
0,01288106
-0,02621653
0,02483419
-0,003837147
0,01846318
0,02200976
-0,02931969
-0,006889088
0,01482623
0,005122816
-0,005531796
-0,02272557
-0,00370005
0,01640762
0,00963782
-0,01079136
-0,0002626134
-0,02328746
0,01916013
0,02239653
0,02220929
-0,0203492
0,00680609
-0,002087214
-0,01722529
0,03080532
0,01500515
0,007804119
0,01905142
0,02482687
0,003745747
0,02126848
0,02223487
0,0270405
-0,00485463
6,740403E-05
0,02302962
-0,02442719
-0,02972246
-0,01448675
0,01353438
0,002482727
0,005986849
-0,02367551
0,01551725
-0,0262168
-0,01518728
0,02626662
0,003075932
0,0145407
-0,02411182
0,02913594
-0,009051158
0,02614674
-0,02435833
0,00413495
-0,001701873
-0,003116452
-0,01718391
0,01875187
-0,02201822
-0,006561356
0,005136907
0,02082887
-0,02872003
0,003545942
-0,01448324
-0,0008334234
-0,009348553
-0,02044199
-0,002815328
-0,004913867
-0,02274035
0,004343112
-0,02103356
-0,009451408
0,003603538
-0,0001178836
0,01244
-0,02051292
0,01573345
0,01898625
-0,02594266
-0,02628617
0,01913145
0,00560082
0,0007149633
0,02747958
0,02165151
0,02164598
-0,02785661
-0,003292274
0,02345237
-0,01754561
-0,02216823
-0,01063319
0,02785858
0,01564658
-0,02487046
-0,0178126
0,01896074
0,01621129
0,00549339
-0,006779057
-0,01271415
0,01231973
0,02169895
0,01685945
0,01586755
0,01615756
-0,02907255
0,029572
0,01579604
-0,0254668
-0,02761011
-0,01091321
-0,01090784
0,0005598342
-0,02788884
-0,00313444
-0,02678708
-0,01123862
0,008822253
-4,203284E-05
-0,02345439
-0,02964852
0,001150166
0,02418497
-0,004388691
0,02069222
-0,00647282
0,01876032
-0,005195152
-0,0004186784
-0,01012949
0,03015462
-0,01663813
0,01111687
0,0174729
-0,02374139
0,01336236
0,01394124
-0,01810343
-0,02442843
0,02111025
-0,026337
0,01236756
0,01876417
-0,02052094
0,01951084
-0,02946433
-0,00287971
0,01320188
0,008386684
-0,02064257
0,000822962
-0,02240046
-0,02548105
-0,01500468
-0,01313043
-0,01864769
0,02823654
-0,007612856
0,02724809
-0,006849032
-0,01811781
0,004026434
-0,01508317
0,01550027
-0,02546867
-0,02315694
0,007730185
0,01387616
0,02660443
0,01177965
-0,01026871
-0,02393064
0,0007412015
0,009448538
-0,02643359
-0,01130607
0,01348898
0,01538562
0,006729571
0,01945101
0,02504831
-0,02558807
0,01566914
-0,009046796
0,01988448
0,02152069
-0,02176118
-0,004294616
0,0005411009
0,02574414
0,01592226
-0,008163815
-0,01468408
0,01239091
0,008594438
0,0001329791
-0,002235166
-0,02673249
-0,02449833
0,01345984
-0,007277607
0,01398688
0,01640284
0,02532462
0,0194554
-0,005775268
0,00713806
-0,003733005
-0,0164804
0,02966853
-0,003676835
-0,01804954
0,014509
-0,02347246
-0,0004807882
-0,02228756
0,01741394
0,0235853
0,02494062
-0,02014558
0,0257948
-0,0194835
-0,0181255
-0,02911848
0,02853669
0,02839849
0,02324074
0,02111029
-0,02970317
0,004456873
0,02136364
0,008678595
0,008769789
0,02316659
-0,003207894
-0,01841347
-0,01165422
0,02049828
0,001797855
-0,003995663
-0,01461523
0,01171986
-0,0180082
0,001165516
-0,002876735
0,002844915
0,007292888
-0,02165062
-0,01633645
0,001169642
0,01194675
0,005038544
-0,02150397
0,02307176
0,01498082
-0,02143084
0,0007765193
0,01530728
0,02955744
0,02152365
0,000829756
0,01309485
-0,00581342
0,008226531
-0,02085108
0,01876728
0,004222543
0,02076932
0,009041545
-0,01520212
0,01712635
0,02777646
-0,009874302
-0,00149909
0,02704615
-0,01304218
-0,02825198
0,01322019
0,004568663
-0,006412171
-0,009047903
0,01305719
0,005560027
9,296882E-05
0,02183511
-0,01377386
0,0002346238
0,01556148
-0,02214288
-0,01269142
0,01086538
0,001965652
0,02114795
0,009442003
0,02423555
0,0004099834
-0,01438532
0,002083611
-0,008161561
0,007829791
0,02843134
0,01577882
-0,001698888
0,02750112
0,0124756
0,01399992
-0,01746436
0,009317158
0,02537085
-0,002473439
-0,02428985
0,0148993
-0,01909384
0,003313509
0,0007440617
0,01879944
-0,02070681
0,02447328
0,0158969
0,02006691
-0,01346205
0,01572466
0,01106171
-0,01078294
0,005554603
-0,01205992
-0,0215556
0,01292556
0,003236927
-0,004062098
-0,03123446
-0,003366658
-0,009700317
0,02702392
-0,003445159
0,006894724
-0,01512601
0,009284475
0,01821997
-0,02131677
-0,02613457
0,02040986
0,01897186
0,008281602
-0,02078777
0,02340485
-0,01060215
-0,01383634
-0,02128769
-0,0253958
-0,01019191
-0,01007249
0,01386564
-0,001057983
-0,01205774
-0,02100019
-0,03009788
-0,02479773
-0,009961231
-0,007507197
0,003566406
-0,002725141
-0,0272625
0,0003032352
-0,00239137
0,008606766
-0,003010145
-0,01691193
-0,02655971
0,02003991
0,001124032
-0,005856388
-0,02721307
0,005253528
0,01698011
0,0003204505
-0,02907983
-0,02497516
-0,01835836
0,0118716
0,0273217
0,0189512
0,003696254
-0,0007797647
-0,02443635
0,01070683
0,01293213
0,01979833
0,007721356
-0,01217934
0,005468435
-0,02174829
-0,01220709
-0,00692811
0,004076316
0,005724038
0,01605979
-0,0111204
-0,02187304
-0,001423968
-0,006396287
-0,02830209
-0,02213507
-0,01782288
0,0004687875
0,0196848
-0,02063411
-0,02647123
0,009026119
0,01687264
-0,02336212
0,02327777
0,0222789
0,00711672
-0,005038021
0,01117315
0,02037774
-0,002603675
-0,01486991
0,01414066
0,02183154
0,0001118567
0,003320313
0,01532803
-0,01305521
-0,003993411
-0,01733098
0,01388978
-0,02885394
-0,01993693
0,01373772
0,009614716
0,02689742
0,01410004
-0,01106291
0,02480889
0,01122282
-0,009136693
0,03016267
-0,01323233
-0,001928237
0,00633153
-0,02207036
0,01878859
-0,02093713
0,01095298
-0,01467043
0,01027029
0,02571091
0,02040346
0,0119583
-0,01856783
0,02546471
-0,01140948
0,002185242
0,01515393
-0,006437189
-0,01157235
0,02186361
-0,02854252
0,0030554
-0,006848333
-0,02908581
-0,00446784
-0,02899505
-0,006984076
0,02279324
-0,02721003
-0,01904731
-0,003701473
-0,03218326
-0,00601626
-0,001434375
-0,03267326
-0,01429751
-0,01202789
-0,002831619
0,01799647
0,006680211
0,00600556
-0,02106009
0,001840073
0,01780812
-0,01644306
0,00157045
0,00109828
0,01448683
0,007735904
-0,01885956
0,003422161
-0,0002737523
-0,009052953
-0,003904035
0,02458306
0,009518291
-0,02904161
0,005060234
0,008607632
0,01269987
0,01128216
0,01326474
-0,0246223
-0,01021772
-0,006598488
0,01653273
-0,02349497
0,006815556
0,01712567
0,02653561
-0,01975591
-0,01847174
0,001512294
0,007541432
-0,01788522
0,01782851
-0,03267408
0,002223814
0,01152476
0,02271233
-0,002628433
0,006654449
-0,0188612
0,01732305
0,008653374
-0,03316697
0,005621755
-0,02737719
0,008724748
-0,006789952
-0,01254314
0,0143102
0,01970248
-0,02403392
0,02907395
0,02337793
-0,02799666
-0,0195432
-0,004179989
-0,001402802
-0,00775122
0,02420874
0,02395982
0,007917806
0,02896521
-0,01209768
0,02579773
0,01181901
-0,02073363
0,02848235
0,004844676
-0,0053958
0,01728368
0,009313213
-0,02211774
0,0282477
-0,006723621
-0,02272619
0,002402152
-0,01258892
-0,02759576
-0,03176974
0,02359165
-0,009364315
0,003780794
-0,01322504
-0,01520227
-0,01188681
0,002696376
-0,01841463
0,01210711
0,01586536
-0,02613008
-0,02047403
-0,0003809368
0,004631455
0,01450411
0,0070634
0,02432766
-0,006796964
-0,02640995
-0,03294734
0,02627043
0,01072835
0,02066168
0,02444659
0,02670324
-0,02146616
0,02809208
-0,03034181
0,0008469616
0,02345756
0,00560638
-0,02450064
-0,007525306
-0,009651738
0,02703389
-0,0008658746
0,02836279
0,001000329
0,02314545
-0,002316853
-0,03050762
0,01648346
-0,02503594
0,009929005
-0,02008911
-0,003591702
-0,0280839
-0,005778803
-0,02300301
0,00862121
-0,02327719
-0,02540349
-0,02217859
-0,0332012
-0,03141648
-0,02161347
-0,004075901
0,008856866
-0,01032153
-0,02515503
-0,01169769
-6,213714E-05
0,01563463
0,02375819
-0,01820217
-0,02881616
0,02128642
-0,01990337
0,01004149
-0,01463666
0,01363616
-0,002930756
0,002867075
0,007652334
0,02816375
-0,02218352
0,004570026
-0,01787641
0,01402073
-0,00159223
-0,02542969
-0,0001698443
0,02145168
0,01934918
0,01233666
-0,003131792
0,02341582
-0,01430826
-0,01512297
0,01020301
0,02707757
-0,01618392
-0,03019555
0,008451034
-0,03204232
-0,01174338
0,02420376
-0,02438443
-0,009767472
-0,0276358
-8,749183E-05
0,01309099
0,006911763
0,009916888
0,02033291
0,005436061
-0,004362993
-0,005873449
-0,03107074
0,01746541
0,001770169
-0,01898477
-0,03754614
-0,03463499
-0,02810555
0,0244207
0,01293212
-0,0345949
-0,01611073
0,01839732
-0,01962226
0,007320723
0,02781443
-0,03024312
-0,008748712
0,0003463486
-0,004550351
0,02338868
0,009131459
0,009098747
-0,01705928
-0,00207284
0,02034528
0,008092933
0,0248874
-0,01619684
0,01416917
-0,02911871
0,02282829
0,02901194
0,02077167
-0,01374592
-0,02207951
-0,01060642
0,02982222
0,005287305
-0,01912889
-0,03309063
-0,003057955
-0,03548409
-0,005413591
0,01604227
0,01182926
-0,007813598
0,01616636
0,0181047
0,01229613
0,002858148
-0,01246848
-0,01279379
-0,02398764
0,002890123
0,01736695
-0,008126331
0,007275265
-0,02220699
-0,004078417
-0,01536506
-0,02752094
0,02134981
-0,01696542
0,01663049
-0,02004313
-0,01335008
-0,03192908
0,02323265
-0,0005315829
0,007977106
-0,02754357
0,01616808
-0,01192121
-0,004165549
-0,007592826
0,008397697
-0,0225596
-0,01164079
0,008065877
-0,009832578
0,01513489
-0,03033738
-0,006954113
-0,03079813
0,005631965
-0,005725282
0,01042631
-0,01957885
-0,004812273
0,009624546
0,006167821
0,01083005
-0,03082937
0,01254478
0,0147579
-0,002928446
0,009313494
0,006935983
0,005927014
-0,01185827
-0,0111753
0,01778975
-0,01713741
-0,02705392
0,002303581
0,004372169
-0,02709065
0,0149199
-0,01794874
-0,02024986
-0,0141915
-0,009125655
0,003330698
-0,0210728
0,005364713
-0,02498748
0,002000047
-0,01693631
-0,01930283
0,01514573
0,007834733
0,02017308
-0,0002728749
0,01786636
0,02997607
-0,01253534
0,00921743
-0,001745211
0,003442551
0,01742229
0,02203874
-0,007463764
0,004986471
-0,02437665
0,02049602
0,01604597
0,003520854
-0,02031776
-0,008497282
0,02223234
-0,01677851
0,01505776
0,01590389
-0,02752754
-0,01547314
-0,0219679
-0,02810518
0,01621632
-0,02929066
0,001277624
-0,04077761
-0,01096372
-0,006112696
0,01828456
0,01561429
0,004420156
-0,005845402
0,001224293
-0,02345494
-0,01166692
-0,03112153
0,007123251
-0,01099722
0,0005708809
-0,007418896
0,02599864
0,01858431
-0,002022412
-0,01051677
0,02128114
0,001270753
-0,0069488
0,02301392
-0,01372967
-0,001061205
0,01941592
0,02940514
-0,008288823
-0,003612478
0,01435921
-0,02476584
0,01066546
-0,01524377
0,01711343
0,01232011
-0,01200492
0,02062454
0,003519004
-0,01947034
-0,02700207
-0,01941982
0,02214686
0,02107615
0,02125746
0,01704502
-0,0005197865
-0,008583146
-0,01969227
0,00675501
-0,01708228
-0,01514102
0,001623679
-0,004125725
-0,02002862
-0,02361549
0,002828974
0,003499709
-0,01900264
-0,004291411
-0,02848151
0,009011208
-0,02449577
-0,02113623
-0,002768279
-0,01534049
-0,01260007
-0,00755421
0,0006391547
0,01819544
-0,02567613
-0,02410351
-0,01616709
-0,01515797
-0,01950032
0,004603953
0,002748997
-0,00353298
0,02494689
-0,007218762
0,02293318
-0,01232729
0,008267391
0,006234827
-0,031391
-0,01346526
-0,006198874
-0,02614099
0,02513935
0,0002351366
-0,03295906
0,005910338
0,0008411343
-0,03084866
-0,02684591
-0,008244388
-0,02924998
0,01085918
-0,011124
0,001515171
-0,009992138
-0,03102817
0,01653422
-0,01306574
-0,0004898498
-0,01916545
-0,0260318
-0,01209386
-0,01016972
0,0138692
0,008216486
-0,01954522
0,0125598
0,02024256
0,005360465
0,0125735
-0,03122749
-0,003249242
-0,02267619
-0,01869269
0,01980225
-0,01647702
0,0001418866
-0,0307672
0,01492602
-0,004870267
0,001412803
-0,02044205
-0,02390783
0,01223261
-0,006027507
0,01440135
0,02925577
-0,02186612
0,01536615
0,008704588
-0,01226923
-0,02232769
0,02771153
0,007921178
-0,03058601
0,02517948
0,006905689
-0,02663025
0,01440871
0,01100743
0,01471027
0,001644393
-0,01286596
-0,01929895
-0,01498994
0,0009054848
-0,002335006
-0,02531543
0,01326284
-0,01709346
0,003222886
0,02220657
0,01236999
-0,01994078
0,01077265
-0,03045648
-0,0133495
0,01136019
-0,01082894
0,02508821
-0,01841561
0,00342215
-0,02416781
0,02664877
-0,007519751
0,01947394
0,001130885
-0,00384798
-0,0238121
0,02103104
0,004307784
-0,006746669
-0,01899336
0,02435157
5,401601E-05
0,0193339
0,01171204
0,01272525
-0,01775757
0,01384636
-0,02698027
0,01118842
-0,01663609
-0,007740396
0,026936
-0,01094604
-0,009987738
0,00877391
0,01841724
-0,03621481
8,666503E-05
0,01565222
0,007428682
0,01251953
-0,005923819
-0,02013019
-0,009450053
-0,01078784
-0,04213879
-0,002586673
-0,03000898
-0,02514022
-0,02850937
-0,03166456
0,01092343
-0,01608216
0,01405916
0,01865957
0,01051026
0,02485328
-0,01022853
0,006239471
-0,0008357421
0,00498932
0,02000629
0,001248263
-0,01190829
0,01074117
0,02742444
0,03002739
-0,005498711
0,01742186
0,001233738
-0,02649056
-0,01926361
0,007979935
0,00856942
-0,01132286
-0,01084296
-0,02133254
-0,01676845
-0,02170744
0,008491993
0,002929433
0,005422987
0,02023226
-0,001082839
-0,02154214
0,003466476
0,006503775
-0,0007890814
-0,004169247
-0,04088863
0,0169484
0,001949569
-0,04086572
-0,01682804
-0,03159558
-0,04071472
-0,0366334
-0,0345251
0,01723211
-0,002080719
-0,03271073
-0,02274462
-0,01461515
0,00851329
-0,02901619
0,01920178
-0,02417702
0,008578769
-0,002493589
2,170236E-05
0,002944982
0,00840067
-0,02080775
0,02671239
0,02328742
0,02746511
0,02595197
0,02821425
-0,02539628
-0,02967381
-0,01587301
-0,007704685
0,01740833
0,01431917
0,0001064034
-0,007401283
-0,02220793
-0,0214417
-0,008414195
-0,01750969
-0,01760575
-0,02541302
-0,007022577
0,005836562
0,007031818
-0,01165123
-0,01740545
-0,02651777
-0,01050201
-0,0175974
-0,01062516
-0,04161545
-0,03568112
-0,03831851
-0,01103825
-0,0209917
-0,01081842
-0,03272264
-0,004622902
-0,02260438
-0,02817851
-0,03065576
0,02358403
0,01778079
-0,01431846
0,006986933
-0,007820792
0,004610901
-0,0210802
0,01063268
0,01228472
0,02485857
-0,01838472
-0,01691823
-0,01495162
-0,006780098
-0,01563475
0,001472226
-0,013935
-0,000255485
0,01004416
0,0110007
-0,00216879
0,01102205
-0,002550533
-0,02180328
-0,01807964
0,01071396
-0,01759197
-0,02445703
0,01585332
-0,0307946
0,007907162
-0,01582708
-0,02242904
-0,02365328
-0,02328093
-0,008621188
-0,01891888
-0,03784265
0,01761351
0,0008987648
-0,03511777
0,0072498
-0,002346744
-0,005568243
0,01000713
0,01721022
0,0149635
-0,0290646
-0,03031239
-0,03178009
0,01615202
-0,02724458
0,002788533
-0,005631457
0,006315077
-0,01696299
-0,008339005
-0,02509135
-0,007407178
0,01015919
-0,01092042
-0,03014155
0,0203862
0,009637697
-0,0144078
0,0271421
-0,02692597
-0,0258694
-0,01997571
0,0114087
-0,02008414
-0,01916402
-0,0006400579
0,02499511
0,005326445
0,007950944
-0,03020175
0,0198514
-0,01378062
-0,01275221
0,02132812
-0,02424573
-0,0316312
0,01509472
-0,02625278
-0,001234994
0,00303615
0,005392422
-0,006939061
0,01551019
-0,03121573
-0,02649825
-0,003768165
-0,02583616
-0,01668
-0,03389795
0,02419108
0,02518543
-0,01303381
0,02282213
0,01884985
0,01551291
0,02517934
-0,006878352
0,01929547
0,006087221
0,002417731
0,006617601
0,01860688
0,0278733
-0,01900184
-0,0007413929
0,01467608
-0,02670978
0,01660555
-0,02101676
0,0272976
0,02818729
-0,005684685
0,006854516
-0,01540955
-0,01228255
-0,0007131858
-0,02031953
0,0004299641
0,0238282
0,001603395
-0,02292204
-0,000350447
-0,001244989
0,005567569
-0,03525513
-0,004956614
-0,008583624
-0,01176382
-0,02745645
-0,02355339
-0,004939283
-0,04219088
-0,005169979
-0,03901148
-0,03553064
0,01411699
-0,007338725
0,006844007
0,006191094
-0,003475773
0,002082916
0,0004002004
-0,01580444
-0,02279802
-0,03083003
0,002678595
0,01001523
0,007710755
0,004211611
-0,01612028
0,01528893
0,02611923
0,02448303
0,03064357
-0,009372493
-0,02696469
-0,01307106
-0,01410307
-0,02265154
0,02730524
-0,01453455
0,004830628
0,00757289
0,02327704
-0,01324615
0,02508939
0,01573289
0,005203222
-0,02286652
-0,01022121
0,02446252
-0,01103252
0,01618895
-0,0101511
-0,03448827
0,005352687
-0,01782535
-0,01557226
0,002060164
-0,01287178
0,010229
0,009861508
0,01099229
0,01097054
-0,01142488
8,453576E-05
-0,03716942
0,0009347222
0,008667681
-0,03155287
0,00648695
-0,01080752
0,01192479
0,01582705
-0,01758863
-0,03164901
0,02410381
-0,009384222
0,0187146
-0,0257681
0,019497
-0,0209909
0,0007690939
-0,01770505
-0,01261878
-0,008603191
-0,0229115
-0,0006515837
0,02953758
0,01068292
0,01465768
0,02337249
0,005055969
0,008155814
-0,02511737
-0,003342815
0,01054221
0,00974511
-0,007964079
0,003144849
0,01535965
-0,02434568
0,015608
-0,02717441
0,006682564
-0,001522184
0,003528937
-0,03833355
-0,03243257
-0,0418365
0,003141395
0,01743668
-0,005420228
-0,002912029
0,0008996081
3,244374E-05
-0,02488064
0,003521796
0,002116261
-0,02575495
0,00397152
0,007455657
0,008196723
-0,027793
-0,0124381
0,0163759
0,01530952
-0,02756116
0,007655323
0,01526449
-0,009570014
-0,01508271
0,02993351
-0,01639228
-0,01419535
0,01107347
-0,01049858
-0,006057518
0,001012455
0,01112501
0,009978423
-0,02648388
-0,01139142
0,02924638
0,02621267
0,0166467
-0,01319516
0,02632084
0,0256708
-0,008267565
-0,02281078
0,02552489
-0,03411933
-0,02295192
0,0214224
-0,03065649
-0,01112853
0,00677376
0,007604006
0,01414257
0,008551506
-0,00263597
-0,01919126
-0,01777659
0,001910822
-0,0091797
0,01833768
-0,01957145
-0,0163157
-0,03420339
-0,01094048
0,02204614
-0,02230147
0,02302741
-0,002151906
0,001555781
-0,01026493
0,01040452
-0,02376798
-0,0005964267
-3,113903E-06
0,02008228
-0,023145
-0,01644525
0,006275286
-0,007604071
-0,01786325
0,01715659
-0,01472858
-0,02148583
-0,01705597
0,003293658
0,00664018
0,004772286
0,02011019
-0,02787462
0,009727375
0,02525121
-0,0139054
-0,006794238
0,01849727
0,02498792
-0,001593801
0,02061762
-0,03501048
-0,02392395
0,00972732
-0,03507825
0,006374748
-0,01217297
0,006443557
0,005795211
-0,002906058
-0,02435624
-0,01290082
-0,03608184
-0,005601517
-0,02824584
0,01104963
-0,01722425
-0,01598365
-0,02341632
-0,02757794
-0,01931579
0,01494315
0,01824235
-0,01085977
0,002183456
-0,02677006
-0,00233688
0,02333993
-0,002775777
-0,007485666
0,009481338
0,01006314
0,002827242
-0,01499967
-0,01927927
-0,01807482
-0,008739056
0,003631727
-0,02521053
-0,02572198
0,01682948
-0,01172068
-0,005492922
0,02113456
-0,01488686
-0,02058564
0,01937833
-0,0001291312
-0,004753639
-0,03038582
-0,03766219
-0,02822811
-0,0001226849
0,01302539
-0,0182539
-0,02966917
-0,0274318
0,01300171
-0,02762483
-0,04031961
-0,02911704
-0,006172957
-0,01854564
-0,0148183
0,02435371
0,001684538
0,01579733
0,01317452
-0,01283984
0,0255112
-0,005532552
0,009751512
-0,0206616
-0,02558726
-0,01359297
0,02224094
-0,009998199
0,02522079
-0,02929382
-0,0080781
-0,01636166
0,02826517
-0,00550204
-0,008559165
-0,008150836
-4,486766E-05
-0,03054661
0,01021865
0,02298299
-0,02861573
0,02935944
-0,005553781
-0,008461649
-0,02731409
0,01834204
-0,01639966
-0,03342975
-0,02917329
0,02129164
0,007052013
-0,01694225
-0,03335829
-0,02849771
-0,004923377
-0,000698871
-0,02066537
0,02057312
-0,006867505
-0,00641779
-0,01189135
0,009659383
-0,01974113
0,01725848
0,01430238
0,01553798
-0,01779564
-0,02373531
0,02703528
-0,03145961
-0,004132261
0,003951931
-0,02096792
0,02204229
-0,01300674
0,02924843
-0,02959734
-0,008691754
-0,02240682
-0,01489009
-0,02786659
0,02320462
-0,01245176
-0,0287025
-0,007832378
-0,02712639
-0,02178036
0,01753228
0,02303711
0,01157744
-0,0279006
0,00244805
-0,003759304
-0,02604986
-0,007141885
-0,01909118
0,01035329
-0,002187026
-0,0009812654
-0,01852253
-0,001382923
-0,03179542
-0,03756623
-0,03939733
-0,01470036
-0,0385357
-0,03124829
-0,02763452
0,009849945
-0,01193818
-0,003973643
0,01729499
0,01049336
-0,01863081
-0,0028535
0,0008252349
-0,003311787
-0,01647708
-0,001229075
0,01377328
0,008592672
-0,001345488
-0,01561515
-0,01314715
0,02868864
0,02824002
-0,01902689
-0,02652256
-0,002381159
-0,0253591
-0,01356143
0,000597039
0,02049849
0,02362778
0,01234021
0,02719098
0,02219211
-0,01411439
0,006592356
-0,01145066
0,02321713
0,02501262
0,02492965
-0,01129368
-0,02845326
-0,0250926
0,01085372
-0,02387183
0,000869681
0,01259082
0,005715401
-0,01075068
0,02193472
0,005201919
-0,003582012
-0,03585227
0,01062498
0,004923694
-0,03808426
-0,01393511
0,0103946
-0,03556328
0,007634054
0,007881844
-0,02319762
-0,03124519
-0,03106589
0,02267308
0,002443124
0,002398766
0,01200116
-0,01654783
0,008730439
-0,017864
0,02366066
0,01453037
0,003556115
0,02362701
-0,01773069
0,02223113
-0,01433287
-0,02968437
-0,00117482
0,009670645
-0,005559215
0,02097428
0,002115567
-0,0235532
-0,01282263
0,004964563
-0,02529402
-0,02455407
-0,01776353
-0,02383213
-0,00481785
0,01572843
-0,02416755
-0,02789644
-0,02659845
0,0240294
0,02542594
0,0138054
0,002265083
-0,03858799
-0,03546384
-0,01536649
0,008519872
0,005528036
0,007456619
0,007739122
-0,01169409
0,01620932
-0,008354412
-0,03059621
-0,03003863
0,01408558
-1,390583E-05
-0,02928429
-0,01159596
-0,007934026
0,00417681
0,03065096
0,009799414
0,0284531
0,0003198596
0,006659361
-0,0286865
-0,001668322
0,01489836
-0,02577758
0,005800701
-0,005208994
0,01711334
-0,01420403
0,02264176
-0,0009872533
-0,004587475
-0,0009426696
0,005035283
0,02669876
-0,02909448
0,01482647
-0,01437614
-0,004028559
-0,02815509
-0,02299081
0,001138113
-0,03334284
0,02447002
0,001131763
-0,02375616
-0,0310517
0,01271158
0,005385376
-0,02124595
0,02134444
-0,0312911
-0,0041802
-0,008233516
-0,01408683
-0,01864893
-0,02292805
-0,04191168
0,003797432
-0,02610522
-0,03336313
-0,02775868
-0,0202554
-0,0179893
0,00849265
-0,003197167
-0,02206625
0,000974415
-0,007748508
-0,008243739
0,01893192
0,01183167
-0,01958989
0,02316753
-0,011568
0,0295929
0,03022564
-0,0001673219
-0,02041617
0,02115407
0,001033046
0,007071095
-0,02621262
0,02444333
0,02129464
-0,01173721
0,01896289
0,02546361
-0,02542116
0,001681278
0,01146705
0,01125066
-0,002821236
-0,02237378
0,02497195
-0,03374569
-0,01371925
0,008910658
-0,01893516
-0,0279611
-0,03225947
-0,004966494
-0,0180029
-0,01800061
-0,008091004
-0,02449556
0,01735416
-0,0005248057
-0,02887138
-0,01182896
-0,01535732
0,01121532
0,01579014
0,01797827
0,01104437
-0,001248336
-0,02655049
-0,01042009
-0,00680134
-0,009013568
0,008804299
-0,01988734
-0,007288888
0,01936234
0,006352897
-0,02631905
-0,01961851
0,02950325
0,02566348
-0,01170577
0,006442921
-0,01405268
-0,01713218
-0,02979228
0,01453338
0,02694475
-0,01651609
0,01225608
-0,008841548
0,0009447241
-0,008933859
-0,02906229
0,009969903
0,004282601
-0,02356849
0,02480944
0,01954587
0,002453953
-0,006491482
-0,009050746
0,01881087
-0,0366208
-0,02186597
0,01532017
-0,009961315
0,01629186
-0,02989512
-0,006091054
0,007935809
-0,01107477
-0,03018107
0,02145725
0,01306551
0,01913335
0,01953751
-0,02412
0,003831129
0,0192605
-0,0223658
0,01814721
-0,01196043
-0,008335978
0,02803111
0,02125712
0,02947568
0,001921676
-0,004193714
0,01531571
0,009405512
0,00991023
-0,02115387
0,003318281
0,002039665
-0,0028017
-0,008021517
0,003097007
0,0289939
-0,01250297
-0,00337628
0,01546937
0,01246996
0,005689898
0,02489734
0,02136264
-0,006278092
-0,00843621
-0,01449888
0,01761711
0,01225144
-0,03541279
-0,01724235
-0,03650914
-0,01418457
-0,001825936
-0,0306174
-0,006238784
-0,03971131
-0,01545373
0,01861498
0,02287774
-0,005888597
-0,008760422
0,01836289
-0,03078552
-0,01494103
0,004108188
-0,005709135
-0,01140587
-0,0003667824
-0,01182754
-0,01987929
-0,01426096
-0,00998145
-0,008652027
-0,0279158
0,008533317
-0,007214887
-0,02656659
-0,006939652
0,003966248
-0,01609293
0,005538984
-0,03067468
0,006604846
-0,01285508
-0,02602645
-0,02511765
0,02131214
-0,01682496
0,01522225
-0,003940048
0,0002896749
-0,007601119
-0,002585254
-0,01472267
-0,01443774
0,0100654
0,01877371
0,001325407
0,01748154
0,02228264
0,01731026
-0,02281418
-0,01670538
0,01242463
-0,03625583
0,0002773915
-0,03634702
-0,001763798
-0,004659913
-0,02454781
-0,03853434
-0,03483286
-0,01506204
0,01136181
0,0238552
-0,005893779
-0,01390411
0,0140562
-0,01611839
-0,0007443181
0,002159495
-0,0271291
0,01433643
0,02029098
0,007600249
0,0236073
0,02188921
-0,02675199
0,01293814
0,02533425
-5,877919E-05
-0,001104858
-0,00132397
0,003498644
-0,0151345
-0,01383506
0,004513684
0,01395088
-0,01950982
-0,01346832
0,02524918
-0,01623653
0,01138071
0,004070845
-0,007292185
-0,006235281
-0,03635524
0,007447446
-0,01544393
0,01788614
-0,01438306
-0,03221748
-0,0208608
-0,01559694
-0,01432221
0,01166264
-0,007013137
-0,002114719
-0,0242903
-0,0266147
0,01301169
-0,03532264
0,01848743
0,005013411
0,00967993
-0,0003511415
0,002318475
0,01581572
-0,0005798496
0,008416646
0,01927006
0,002907165
0,004296443
0,02566877
-0,0008870956
-0,01512121
-0,009429724
-0,02281758
-0,008372978
-0,02063251
0,02303377
-0,02186579
0,009591467
0,01697346
-0,001859671
-0,007012523
-0,01968051
-0,02665562
-0,02449919
-0,0104192
0,01098347
-0,02992144
-0,001753515
-0,03219407
-0,00692531
0,0204252
-0,01474989
-0,03148006
0,01749242
0,01837422
0,01566128
-0,02664542
-0,02472598
0,006991953
-0,03817492
0,01055422
-0,009588972
-0,01208922
0,02045267
-0,02615428
-0,004280498
-0,01031365
-0,02138889
-0,02901674
-0,01100174
0,01289679
-0,01002807
-0,0245022
-0,02154575
-0,01192445
-0,007237676
0,001685756
0,01228167
-0,02215084
0,02506932
0,01782961
-0,02694529
0,003543842
-0,001968173
0,002778555
0,02279953
-0,01520494
-0,01843007
-0,007154842
-0,01687337
0,006734347
0,02409146
0,02457334
0,0085693
0,004264212
0,02005906
0,01461504
-0,02602634
0,02130317
0,01433691
-0,01964127
0,01190942
-0,01291134
0,005504305
0,007748482
-0,002932506
-0,02331533
0,01688362
-0,002446199
-0,009267585
-0,02063647
-0,008349215
-0,03121875
0,01544777
-0,01483189
0,01380386
0,02398043
0,02183881
-0,009911325
-0,01226014
-0,01565269
-0,01843232
0,01746144
0,02028213
0,009708897
0,02051885
-0,001981467
-0,005004187
0,002424269
-0,004367582
0,006387971
-0,005789898
0,01796436
-0,01105441
0,009429877
0,03062459
0,009338294
0,02232683
0,01366635
0,02970025
0,004211925
-0,01288319
0,00374561
0,01838611
0,02025764
-0,02568321
0,01752855
-0,02794499
-0,01121756
0,01421235
0,0199372
0,01522822
0,006915255
-0,002363419
-0,008538859
-0,03752944
0,02033256
-0,007759169
-0,04206337
0,009779139
-0,03683478
0,009163624
-0,01556555
-0,02760306
0,02215531
0,02264688
0,008098478
0,01151296
-0,01977335
-0,01186464
-0,02361523
-0,02508314
-0,01985728
-0,005825653
0,01459846
0,03005611
0,01016161
0,0295949
0,02710273
0,003399413
-0,02849168
-0,006325989
-0,02745167
0,01390154
0,001690012
0,01605622
0,01177132
-0,01558449
0,01853175
0,00769991
-0,03120313
-0,02627469
0,0174279
0,01613417
0,01942817
0,01232346
0,02071348
-0,007640654
0,01716293
0,0215732
-0,01257076
-0,03319653
0,02056102
-0,03166773
0,001525873
0,009125248
-0,001094579
-0,02708616
0,006044053
-0,01154055
-0,01936775
0,02100015
8,710386E-06
-0,01079964
0,0182908
0,006011812
0,01409634
0,006172492
0,007453565
-0,01689655
-0,01524336
-0,0013017
0,02948227
0,003076408
-0,01276515
-0,025477
-0,01480931
-0,007838025
0,00367196
-0,02973604
-0,02285247
-0,01433812
-0,0213654
-0,02762524
-0,02059849
-0,02973145
0,001904111
0,02938147
-0,02388455
0,01372813
-0,02261732
-0,006638255
-0,007910015
-0,01798581
-0,01586123
-0,02991739
-0,005365713
-0,01120238
0,02411832
-0,02392363
0,02308737
-0,02130252
0,008390411
0,002043117
0,002883165
0,01366996
-0,04030449
-0,02408872
0,004333276
-0,009726894
-0,01229968
-0,02306595
0,009384983
0,01340929
-0,01056694
-0,03038396
0,01701569
0,001163334
-0,01212745
0,02117668
-0,01788036
0,01928475
0,004997578
0,02459204
-0,02698004
0,02203532
-0,02639596
0,01180938
-0,01325573
-0,01332548
0,009108918
0,02481477
-0,004374729
-0,003408679
-0,02517548
0,02562973
0,002438542
0,001710565
-0,005610293
-0,01459965
0,02850738
-0,01709884
-0,01730549
0,001266057
-0,02047349
0,02076207
0,009771262
0,006034419
0,02184329
-0,02333639
-0,02196583
0,01884782
-0,03382614
-0,03140321
0,01859569
-0,03868899
-0,006831178
0,005442802
-0,01035299
0,003490526
0,008451098
-0,02013494
-0,03331048
-0,007448152
0,01587672
0,001132195
0,01682762
-0,01844991
0,01016781
-0,004548948
0,001988187
-0,01218075
-0,02270091
-0,02886805
0,02262581
0,02976836
0,006644611
-0,02831911
0,01278747
-0,01531207
-0,01827407
-0,003149235
0,01909603
-0,02386944
-0,02384275
0,01706291
0,02181979
-0,008049007
-0,0002126619
0,0271213
-0,01124094
0,01322184
-0,03182241
0,007521898
-0,005424902
0,006538576
-0,02276744
0,01195203
0,008670165
0,003210165
-0,03271067
-0,01014784
0,01745206
-0,01041309
0,0002116755
0,01130468
0,001205918
0,02067794
-0,03203852
0,01787143
-0,01304269
-0,007473409
-0,03382324
-0,02431894
-0,006985702
-0,01372683
-0,003146023
0,0217485
-0,01091626
-0,02687474
0,01370767
-0,001807876
0,01358296
0,01236743
-0,02284709
0,0184966
-0,01321156
-0,002681739
0,005961088
-0,01457764
0,01824147
0,02234074
-0,008131361
-0,02272436
-0,01470268
0,01742849
0,003354496
-0,005294561
-0,0005096068
-0,01668918
-0,02589924
0,02132724
-0,02102268
0,00105727
-0,003726563
0,01343901
0,006500413
0,01527331
-0,02275
-0,02752057
-0,02480686
-0,01682222
-0,01569751
-0,0023256
0,01169668
-0,01099623
-0,00497575
-0,03348662
-0,02857655
0,006438916
-0,008825569
-0,02518192
-0,01398615
0,01538485
-0,02940449
0,002233604
-0,02356907
0,02272523
0,02563025
0,01267826
0,01796098
-0,02374268
-0,006120558
-0,02341912
-0,02861032
0,02338161
-0,01267616
-0,01907772
-0,0165592
-0,007601774
-0,02079364
0,0001500654
-0,01009781
0,002051547
-0,02104219
0,003123332
0,002180849
0,01850984
-0,01322194
0,01332186
-0,02355385
-0,009497506
-0,02385396
0,01151308
0,007032251
0,01782557
-0,003956362
-0,0141963
-0,007329556
0,02220429
0,002502454
0,01089013
0,01021016
-0,01664434
-0,02884593
0,01816833
0,007554469
-0,03109074
-0,01231265
0,01221764
-0,02838379
-0,009688368
0,02207054
0,01670319
-0,0001548061
-0,03436891
0,01795735
0,01510933
0,01204928
0,004262962
-0,02712056
-0,008135187
0,009157242
-0,01467054
0,006778459
-0,00254929
0,02911695
0,01311114
-0,001582101
-0,01773041
-0,005462171
-0,0303891
0,01728778
-0,008239126
0,01874867
-0,003321836
0,01412092
0,02682249
-0,01476908
-0,02329113
0,01096814
-0,01277583
-0,01469044
-0,01257536
-0,002660594
0,008927385
-0,004773641
-0,01510204
-0,02801126
0,002290837
0,02359346
0,003680527
-0,004614844
0,009014917
0,008780439
-0,0317342
-0,03879126
-0,01001556
0,004552193
0,007482787
-0,03886976
-0,03248842
0,005568689
-0,02012577
-0,008551474
-0,02709378
0,003096962
-0,001807568
-0,03150122
-0,02210299
-0,01284171
0,02780635
0,006175342
0,00552961
0,02152641
0,01591589
-0,02432266
-0,0098403
0,01537232
0,02573835
0,02863166
0,01076773
0,007736446
0,02253212
-0,01379701
0,01789097
-0,001823913
0,02825991
0,003057418
0,006970837
-0,007442818
-0,02036384
-0,02239358
-0,005179961
-0,02408518
0,006973246
0,002231529
0,02590748
0,0136748
-0,01593067
-0,03209321
0,01900401
-0,02541643
0,01684291
-0,02286549
0,01789091
-0,03674509
0,0177614
0,01816015
-0,03782623
-0,03417205
0,001918565
0,008841117
0,01049239
0,009045129
-0,01764155
-0,008871993
0,01525947
-0,03234155
0,0108271
0,01133243
0,009938434
-0,02910701
-0,002962485
0,01706707
-0,02201415
0,01693811
-0,02347475
-0,001690242
-0,0159587
-0,01992893
-0,02268405
0,003423118
-0,002494332
0,02514223
-0,02506978
-0,001293879
0,01229973
0,005185838
-0,01369583
0,01545725
0,0004850789
-0,03110875
-0,001288033
-0,00157309
0,00861401
-0,00677727
-0,01566309
0,002455333
0,01499922
-0,02548396
0,003431516
0,01842186
-0,03728251
-0,006909132
-0,01701295
0,01197089
0,003725851
-0,03447799
-0,03480261
-0,03190927
0,011761
-0,01324334
0,001768804
0,01804084
0,02138009
-0,02829812
-0,01624949
0,02234388
0,01184632
0,02012423
0,01390771
-0,01557132
0,01461893
0,02958969
-0,01617657
0,01229961
-5,344381E-06
0,02500731
-0,02560423
0,01162087
-0,00251906
0,001053547
0,0125822
-0,02436096
-0,002006095
-0,01706481
0,0003702895
0,02415313
0,003795818
-0,02002207
0,009903075
0,002156126
-0,005744236
-0,02665981
0,01917458
-0,02804703
-0,01626601
0,003552908
0,001113631
-0,004749049
-0,03350908
-0,01600416
0,01341252
0,01377361
-0,01750066
-0,01972453
-0,03185315
-0,04041775
-0,0254773
-0,004615798
-0,01925031
0,009208358
-0,03777503
-0,0113485
0,007284414
-0,01321631
0,01097541
0,003732251
-0,009908085
0,01166032
0,00736152
-0,006163173
-0,009989161
0,002070873
-0,01908408
-0,01684985
0,02000641
0,009941685
-0,02281921
-0,02151292
-0,006537087
0,02162959
-0,009891643
0,002227529
0,004796835
-0,02687283
0,009329379
0,01897572
0,01193524
-0,03017832
-0,02951951
-0,005298945
0,003947223
0,02657692
0,01786017
0,01989092
-0,004127785
0,02522974
-0,0141744
-0,008531941
-0,01737396
0,003269885
-0,02241168
0,01143737
0,01347637
0,0007752837
-0,039039
-0,02533995
-0,0003835607
-0,03088621
-0,003924748
-0,009451241
0,01656901
-0,0279888
-0,02456582
-0,003908296
-0,001770039
-0,000622814
0,02268456
0,00847232
0,0120849
0,02698124
0,02434688
-0,00624682
0,01163982
-0,01740853
0,01861136
-0,005977789
0,01530357
-0,0115423
0,01257499
0,02062049
-0,01055611
0,0101323
0,01975689
0,0127647
0,00696504
-0,001061157
0,006951885
0,02055577
0,03006859
-0,009613655
-0,02676356
0,001436315
-0,007862051
-0,0002731492
-0,004012979
-0,009984345
0,007591133
-0,01764963
-0,0156397
0,02086968
-0,03295904
0,0005203891
0,005175275
-0,0200995
0,004700719
0,009993844
-0,03364278
0,0002561531
0,01310589
-0,002181292
-0,01008525
-0,01795058
-0,01093469
0,01134946
-0,0227618
-0,01621377
-0,01049345
0,0001675544
0,02336527
-0,0296619
0,02464205
-0,02986578
0,01124308
-0,007227937
0,02284505
-0,006664468
0,02886017
-0,02214306
0,01315154
-0,005840345
0,01446913
0,0001805686
0,02947675
0,01519383
0,01440814
0,009396383
0,02628416
-0,00536083
0,02722862
0,0154732
-0,01025678
0,02442264
0,02686626
-0,01029232
0,01802727
0,004595958
-0,03269583
0,0004106018
-0,01431064
-0,02451805
-0,03482462
-0,03018551
-0,01959623
-0,02205992
-0,03962446
-0,03837061
0,01624821
-0,02036545
-0,01088423
-0,01733901
0,01186132
-0,04285138
0,01803515
-0,005304975
0,02075016
-0,03166405
-0,005020653
0,01236829
-0,02916712
0,002039313
-0,008208996
0,02335545
0,005588389
-0,0216276
0,01240913
0,03026422
-0,02716503
-0,01105414
0,002846695
-0,01742163
-0,01084749
-0,009108733
0,01676477
0,0008398053
-0,009304767
0,006499444
-0,02075789
0,01058815
0,01252195
0,009650243
0,01010132
0,00339343
0,02633374
0,003005636
0,02332134
-0,01361904
0,02274313
-0,00448426
-0,008423411
0,009070039
-0,02389048
-0,01858324
-0,003471303
0,009918511
0,01034255
-0,03442245
-0,01077578
-0,03167841
-0,003871746
-0,03698798
-0,03825391
-0,0001427287
0,009793781
-0,02026553
-0,03139545
-0,002107093
-0,0184788
-0,006965317
-0,02514628
-0,01220351
0,0244929
0,01426961
-0,02952737
-0,007533789
0,02118915
0,0156563
0,0277274
-0,02865059
-0,01474598
-0,008491782
-0,02902336
0,005490109
0,0228986
0,01590007
0,02833015
0,02770468
0,01444416
0,02585869
0,01093508
-0,01913221
-0,02868914
0,02654059
-0,02668302
0,004961752
0,001725721
-0,03576774
0,01274953
0,004298235
-0,003908143
-0,01472106
-0,03001216
-0,01020557
-0,0224181
-0,03211459
0,009872432
-0,01420296
-0,02132479
-0,03141197
-0,04232178
-0,03453133
-0,0271592
-0,005061415
0,01960445
-0,02113168
-0,03121069
-0,009478033
0,01419123
-0,03266298
-0,01415956
-0,0261273
0,01774411
-0,01124498
0,01867332
0,02789971
-0,01385416
0,02706812
0,01120894
-0,00531895
0,01795864
0,02044223
0,02774941
-0,01204763
0,002177355
0,0238676
-0,01524689
0,001148704
-0,01598464
0,01355613
0,02139262
-0,0007391581
0,008387763
-0,0002394873
0,02460945
0,00123683
0,02285748
-0,004325031
-0,03712144
0,01388599
-0,001494621
-0,02753819
-0,02088493
0,007563807
-0,01799396
-0,01510146
-0,006280015
0,003421796
-0,002412093
-0,01941411
0,01075324
0,01915855
0,0107377
0,01822127
-0,01351884
-0,03039013
-0,0304905
0,01763194
0,02383769
-0,03026269
0,02737536
0,001481351
-0,01868261
-0,02651442
-0,02017419
0,01854601
-0,005232018
-0,01539984
-0,006059982
-0,01415454
0,02765876
0,01353698
0,02505779
0,02169208
0,02038699
0,008786586
0,006662295
-0,01862294
0,02443423
-0,0235806
-0,01207286
-0,001702738
0,02054485
0,02130057
0,02000129
0,02143006
0,008119109
0,01025477
-0,02863501
0,01062886
-0,01045441
-0,02886829
-0,002152044
0,01715303
0,007987407
-0,03798815
0,01809669
-0,03000717
-0,006534002
-0,0111363
-0,04326274
-0,0206902
-0,01588672
-0,01455267
-0,01539291
-0,02816711
-0,03228419
0,02349558
-0,0293165
0,01290492
0,0005788588
0,02571253
0,0279059
0,02005925
0,01425994
-0,0005144462
0,0102269
-0,01060914
-0,01614014
-0,01176471
-0,02278878
0,009648662
-0,02326192
0,009560877
0,02119171
0,0214783
-0,02092449
0,02596181
-0,03122411
0,01586648
0,009284187
-0,003497951
0,006841325
-0,009654634
-0,02637675
0,02256127
-0,0303081
-0,0119803
-0,008560972
0,006945706
0,01670902
0,01046718
0,001637656
-0,02087704
-0,03002794
-0,01253919
-0,03051049
0,0003300199
-0,02878975
-0,0215815
-0,01882242
-0,001135713
0,01785986
-0,02063412
-0,01042558
-0,01332265
-0,02114265
0,01260519
0,003483596
0,001671418
-0,03111373
-0,02305945
0,02853123
-0,01191944
-0,02482229
-0,02702707
-0,01003197
0,007074179
0,01615056
0,01703797
-0,005425612
-0,01407477
0,02210779
0,004520284
-0,001886479
-0,007410756
0,0285577
0,01576502
-0,004403232
-0,008426925
0,01201512
-0,001006744
0,01516949
0,01177254
-0,008628365
-0,03272226
-0,002860537
-0,01674404
0,01865658
0,0143225
0,01329623
-0,0122038
0,01426102
0,01076946
-0,003139054
0,002377973
0,005777384
-0,01838209
-0,02759116
-0,03530691
-0,03196763
-0,007034013
0,01605777
-0,007293358
0,02017933
-0,02976061
0,01099373
-0,01365023
0,01402173
-0,0286713
-0,009479479
-0,003295218
-0,01265585
-0,01589793
0,02204008
0,001114027
-0,006163341
-0,01293242
0,0256404
-0,02540898
0,003218676
-0,02825225
0,01187262
-0,02951744
-0,02826871
-0,02824772
-0,003123579
0,02946881
0,02516862
0,01538744
0,007272439
0,005933187
0,001537061
-0,01229357
-0,0168142
-0,02204265
-0,0006591653
-0,02096726
0,008792944
-0,01787411
-0,01823796
-0,02590816
-0,006540688
0,008095558
-0,02089339
-0,02476508
-0,03676715
-0,004880378
-0,0434818
-0,03815486
-0,02345986
-0,0100989
-0,01219557
-0,02908583
-0,002995143
-0,02947036
0,01483282
0,02123954
-0,009388205
0,02252714
0,00950599
0,01796507
-0,00434743
-0,02568525
-0,002646672
0,01589431
0,02601574
0,02861769
0,02886122
0,01085895
0,02886456
-0,02026727
0,00331
0,009185508
0,02024851
-0,008283184
0,003809975
0,01993587
0,008005052
0,01595089
0,02860593
0,0203161
0,02864461
0,01546582
-0,005793905
-0,02637129
-0,02538309
-0,01469329
0,007697979
-0,02931207
-0,0107348
0,005530175
0,01375475
0,008131202
-0,005236871
-0,009534996
0,00312327
-0,01601763
-0,01940294
-0,00605719
-0,01957301
-0,03156641
-0,001922339
-0,01832759
-0,02776246
-0,02630977
0,02147677
0,01467699
-0,01193602
-0,01818573
0,004051153
0,0280755
-0,01350953
0,01001625
0,02799968
0,01964572
0,01782773
0,009793532
0,006738979
-0,009093531
0,008896525
0,005608358
-0,01567419
0,02068441
-0,01138294
-0,01048725
-0,009404771
0,01307005
-0,02684907
-0,007833287
0,008101546
-0,02246993
-0,004012721
-0,0292524
-0,006995847
0,01918227
-0,01997235
0,004223671
0,002687967
-0,01801839
-0,02435177
-0,01367572
0,02446783
-0,007557473
-0,002377333
-0,01448143
-0,0176379
-0,03331748
0,009561079
0,0006641186
-0,005921132
-0,03777153
0,009646047
-0,03333262
0,02262222
0,00945659
0,01764426
0,01189924
-0,03157597
0,01649678
0,01729582
-0,01897651
0,01455274
0,03044131
0,006307713
-0,005831718
0,001049301
-0,01527758
-0,0140768
-0,02293031
0,006405259
-0,02191286
-0,02790805
-0,01095146
-0,0195951
-0,01103208
0,004852694
0,01319329
-0,01534333
0,02522392
0,02680418
-0,01923589
0,01829545
-0,01384442
0,01160686
0,0005079994
-0,01480909
-0,01072295
-0,03108188
0,003029951
0,02326535
-0,008158535
0,002676181
0,009090642
-0,009381196
0,01965858
-0,007209429
-0,04439836
0,01052176
-0,03580569
0,009052699
-0,03420786
0,01228012
0,008839413
-0,02675098
-0,005003901
-0,03464856
-0,003575468
0,02136202
0,005689659
-0,02180346
-0,02277274
0,0001633892
-0,02480312
0,02236878
0,004687401
-0,009119687
-0,002582795
-0,01332436
-0,02813469
-0,02493274
-0,02309783
-0,01889996
0,009540712
-0,02035382
-0,02075274
-0,0003991307
-0,01586191
0,01843265
-0,01827433
0,01328
0,002701218
0,01834838
-0,0262581
-0,02827397
0,01953019
-0,01113965
-0,02817946
-0,02496676
-0,02533187
-0,005281155
0,01422647
-0,006953657
-0,01473242
-0,01184895
0,01325451
0,01622941
-0,0092964
0,01219766
0,01297672
-0,006083312
-0,03416929
0,005663609
0,01733834
-0,0287523
0,008329185
0,01795243
-0,02402845
0,001738359
-0,0331044
-0,02972881
0,01717299
0,009411705
0,008575708
0,02557275
0,005867735
-0,0104979
-0,003319727
-0,02910241
0,03010716
-0,01632086
-0,01575304
-0,00930907
-0,02236192
0,001607593
-0,01727028
0,00627634
0,01496037
-0,01903175
-0,01059199
-0,0173226
0,02435553
-0,01179796
0,02276967
0,004674395
0,006621791
0,01985208
0,02515467
-0,03160775
-0,0128818
0,02346824
-0,02911007
-0,004337058
-0,02929609
-0,03317417
0,001249584
-0,03047248
0,01028387
-0,01379925
0,0087867
-0,01379437
-0,01228489
-0,004853303
0,02091506
0,005714192
-0,01318625
0,01207548
8,814938E-05
-0,01116425
0,02037781
-0,02231203
-0,02146643
0,02764709
-0,0180785
0,01595182
-0,02475622
-0,002532944
0,01569023
-0,02759416
-0,01467945
0,01622892
-0,005132724
-0,003807382
0,01189085
-0,02719511
-0,02746178
0,01301332
-0,01663724
-0,0308696
0,01836037
-0,03054123
0,01223655
-0,01567789
-0,01174698
0,02114011
0,01452105
-0,005426297
-0,007003358
-0,02240334
-0,02237792
0,01818425
-0,01952571
-0,001356594
-0,02679428
-0,02848907
0,005363173
-0,03211826
-0,02628907
-0,02171421
-0,03942395
-0,02465659
-0,01239059
0,01363419
-0,01971997
-0,03019665
-0,03222118
-0,03367767
0,01672293
0,02275707
0,008427931
0,01004575
-1,954483E-05
0,004633847
0,003250868
0,01952719
-0,003475697
0,02498038
0,009174579
-0,008101138
0,02940246
0,008646901
-0,02593689
0,00351524
0,01890066
-0,008722201
0,001426639
0,02055722
-0,0138618
-0,0004276704
-0,0146383
0,02247948
-0,007028827
0,02194784
0,02660101
0,0002918782
0,004836807
0,02410347
0,02687937
-0,01963418
0,01022165
0,006666553
-0,001306156
-0,007009265
-0,002883228
-0,005923151
-0,020121
-0,002017601
-0,04263531
-0,02430895
0,003057201
0,01527273
-0,007733673
0,01748861
-0,01333259
-0,01173553
-0,02426252
0,01749382
-0,03342246
0,02216841
0,002887663
-0,01618983
0,0132653
-0,01280217
0,005944559
0,01508578
-0,01457254
0,01012154
0,008818272
-0,0293743
-0,01585619
0,002585131
0,02543908
-0,006277943
0,005751557
-0,01553975
-0,02912791
0,002447982
0,02820772
-0,01534183
0,03157359
0,02153255
0,01963028
0,0271715
0,01411436
-0,01093119
-0,00875642
-0,001780742
-0,003097192
-0,0009263322
-0,01402219
0,005478809
0,01379263
-0,03649435
0,00311689
-0,007868393
0,01787321
-0,02451234
0,0142309
0,003749529
-0,02478649
0,002900379
0,01997881
0,02210329
-0,03519795
-0,02659124
0,02379325
-0,02802905
-0,01431175
-0,02626335
-0,008305536
0,01098765
0,02174064
0,01457691
0,02496177
0,0131349
-0,00462585
0,01839286
0,001788898
-0,01637917
-0,005394956
0,01855751
-0,01881952
-0,02408843
0,01077767
0,001473299
0,009675203
0,02167125
0,0119493
-0,02863352
-0,01313427
0,01089391
0,004745282
-0,02145972
0,02687025
-0,01214818
0,02278027
0,02198973
0,02321159
0,002773673
-0,00971674
-0,02381284
-0,03154364
-0,01794778
-0,02848746
0,001462797
0,009260319
-0,03614811
-0,03241816
0,01664286
-0,03005341
-0,0250052
0,009096481
0,002926912
-0,01325228
-0,008767028
-0,007011608
0,01810735
-0,01502675
0,001022336
0,0009383189
-0,0230815
-0,007968868
-0,01445271
0,02163891
0,01158149
-0,02631021
0,01417132
0,01844268
0,006012662
0,02012072
0,004590851
0,02502377
0,02813244
0,02034524
-0,01822695
0,008982708
0,02015422
0,02717512
0,02994292
0,01340669
0,001537005
0,008088707
0,01282946
0,02491577
-0,0254703
0,02695948
0,02347568
0,01379965
-0,004419935
0,01566714
0,02296321
-0,006265058
-0,01722118
-0,03470287
-0,02576131
0,00555151
0,009866472
-0,01325875
-0,01511041
0,0005021938
-0,03458407
-0,02216595
-0,004097239
-0,0297678
-0,004806472
-0,02129965
0,01104503
0,01688421
-0,01811164
0,01999218
0,0100083
0,02603978
-0,01110926
0,0198308
0,02957085
-0,0002714566
0,01121056
-0,009057538
0,01649566
0,01460195
-0,02011451
0,03023133
-0,00939495
0,01760822
0,02222335
-0,0285115
0,004166708
0,02551023
0,00413538
-0,006574532
0,01879131
-0,009806278
-0,002861188
-0,01107163
0,007852444
-0,01611804
-0,02930172
0,001774277
-0,0148965
0,008566571
-0,02952432
-0,03567551
-0,005440895
-0,0001969304
-0,02971914
-0,03988939
-0,02560038
-0,012535
-0,03947924
0,00281395
-0,03365115
-0,00487737
0,008046855
0,007599805
-0,01194316
-0,03337251
0,02233351
0,01571643
-0,01575822
0,0007533912
0,01268568
0,02303878
-0,01253635
0,02044647
-0,02809598
-0,009785136
-0,001887538
0,02761259
-0,01910376
0,01445615
-0,003555543
-0,02390848
0,02826479
0,02773006
0,006862531
-0,02282827
-0,002264387
0,0133106
0,008847367
0,01849161
0,01907529
-0,02691888
0,02260068
0,0177163
-0,01234783
-0,01399172
0,005103664
0,01206883
0,01749719
-0,003540619
-0,01851463
-0,02318265
-0,01919016
0,01510252
-0,02960077
-0,02495658
0,006107967
0,003817921
-0,001204923
0,009149624
-0,006503259
-0,02204792
-0,01704168
-0,02115513
-0,0174246
0,02519367
0,0002518983
0,01419608
-0,02450385
-0,01307847
0,006924462
-0,01585453
-0,02116283
-0,003446043
0,01098999
0,008000639
0,03037586
-0,001792624
0,0001875781
0,01633174
0,01427581
0,01363709
-0,02766978
0,006651715
-0,003747324
-0,01908247
0,01819583
-0,02370489
0,02023093
-0,01166559
-0,008315617
0,01279622
-0,02300824
0,02014645
-0,01261375
0,002215305
0,01328564
0,003295854
-0,003490799
-0,01606204
0,008592441
0,01369757
0,002665818
-0,003146093
0,02218337
-0,0362678
-0,03313539
0,01493109
-0,02891392
-0,01248347
-0,02568093
-0,02112994
-0,02301064
0,01231044
-0,03106439
0,01519972
-0,0197065
0,009405444
0,02018289
-0,02402096
-0,01849908
-0,003782878
0,02606467
0,01533433
0,0258142
0,02259765
-0,02260485
-0,01231365
-0,02222424
-0,02248084
0,02327837
-0,004394469
0,02922541
-0,01895261
-0,02741665
0,02429987
-0,02470769
-0,002045875
0,008275216
-0,007921848
-0,02614558
0,02412657
0,02387322
-0,01075541
-0,02559105
-0,02707267
-0,0007455238
-0,01448604
0,01600349
-0,004316905
-0,01524192
-0,03671857
0,004486684
-0,01769519
-0,02975101
-0,0217634
0,01607271
0,0141863
-0,003312331
-0,03626641
0,01670031
0,01285039
0,01082916
-0,0345981
0,001105162
0,01763247
-0,01524432
-0,02944207
0,01657117
-0,01999897
0,01383048
0,01544411
-0,02581329
-0,001124367
-0,02592891
-0,01271785
0,002027028
0,004837883
0,01007244
0,0194082
-0,007426309
0,02213649
0,00093331
0,009344371
0,01737849
0,02099509
0,01456754
0,008067248
-0,02645374
0,01687345
0,02998751
-0,0151948
0,01928822
0,002143884
-0,002981106
-0,01697745
-0,02263277
0,02102905
0,01241017
-0,01662583
0,01573469
-0,008652228
-0,00798144
-0,00227626
0,008152158
-0,001136517
0,02104395
-0,02634734
-0,02404798
0,01181486
0,006587016
-0,01770729
-0,02285353
0,01519003
0,0101601
-0,02886923
-0,01447889
-0,025103
-0,01429828
0,01715027
-0,02533934
0,009021723
0,02983186
-0,02921803
-0,02039408
0,0003241863
0,02585873
0,001696442
-0,02925398
0,01956878
-0,02249781
0,009979804
0,02061339
-0,006351091
0,02929085
0,0252112
-0,006330543
0,02525437
0,02409197
-0,01915983
0,02228994
0,002082536
-0,00842572
-0,01607443
-0,03002462
0,009156432
-0,03097377
0,02931126
0,01877149
-0,00855885
0,02557328
-0,02949798
0,001381262
0,0238108
-0,02718941
-0,02607603
-0,00780882
-0,01143734
-0,01149194
-0,0225899
0,004917613
-0,009564722
-0,02376285
-0,00697417
0,007991385
-0,026575
-0,00398373
0,01972567
0,02211216
0,0179403
0,009528579
-0,005736907
-0,01762697
-0,02524703
0,02437869
0,004595065
-0,01337866
0,01419311
0,02842391
-0,0006240084
-8,239665E-05
0,02676566
0,01241618
0,005970957
0,02132513
-0,02598935
-0,0257423
0,02184728
-0,01707671
0,01680756
-0,004304527
0,02503295
-0,001561738
0,009901918
0,001920794
-0,002907051
-0,01129983
0,02425211
0,003292488
0,02613787
-0,02146979
-0,02220605
-0,02615682
-0,0344249
0,01125
0,000180133
0,01845289
-0,004171663
-0,03063301
-0,0003760637
0,0216601
0,01235276
-0,002488788
0,02521768
0,01181073
0,0115908
0,01428702
0,007910052
0,006912085
0,008722193
-0,03013459
0,007344435
0,006735167
-0,02690377
-0,007749031
0,01644559
0,02653114
0,002385105
0,002285013
-0,003697359
-0,01480617
-0,008372274
-0,01831657
-0,02958417
-0,01330926
-0,01167374
0,01754956
0,01023818
0,02048334
-0,01415443
-0,01630632
0,00231758
0,01416481
0,007070857
0,02322664
0,01206084
-0,005739609
-0,001444233
0,02457803
0,01723134
0,009848274
0,01152416
-0,01577725
0,02164294
0,02486063
0,001196927
0,003146005
-0,02784279
0,005468394
0,02504096
0,004828857
-0,01381012
0,02467719
0,005054991
-0,0122374
0,002457846
0,003141853
9,255857E-05
0,01351255
-0,001608639
0,02685109
-0,02564476
0,01578377
-0,009579241
-0,003935963
-0,001264424
0,02324985
0,02943335
-0,01851276
0,01052275
-0,007898682
-0,004039365
0,007442671
0,01310244
0,01316423
0,001447031
-0,02729859
-0,01346709
-0,02794113
0,01137548
0,01207552
0,0116874
0,02953696
0,02093185
0,007071508
0,02413525
0,002539354
-0,02666258
-0,0159924
-0,01353343
-0,02363111
0,02261778
0,01740276
-0,002830013
0,02130045
0,006622019
0,02543099
0,02579146
-0,0007773435
-0,001739387
0,009349991
0,003338043
0,02072741
-0,03481994
0,005078426
-0,01854511
0,01340136
-0,01201109
0,0293733
0,02026258
0,00168868
-0,01310435
-0,002374935
0,03112547
0,01526614
-0,01532279
-0,02595078
0,02499327
0,01304612
0,002263622
0,0259541
0,01863718
0,01322075
0,02314881
0,001481359
-0,002337521
0,007170124
-0,02175248
0,01944664
-0,02660258
0,003308696
-0,0264233
0,01594639
0,002159697
0,02825475
-0,02562887
0,01684411
0,02948814
-0,01777917
-0,008525988
-0,02117693
-0,01731161
-0,02586316
-0,006285648
0,01567767
0,0205994
-0,003334169
0,01867977
0,0142258
0,008106325
0,004714763
-0,02995559
-0,01752139
0,02545944
0,002666907
0,02463844
0,02487009
-0,02821063
0,0001276813
-0,01935311
0,007552177
0,004031894
-0,001788608
0,02543146
-0,0132526
-0,002610626
0,0001107028
0,02452078
-0,02860225
0,009834444
-0,001875689
-0,02478542
0,01110024
-0,0119204
-0,009056665
0,009990163
0,01163976
-0,01377216
-0,0254267
0,008480947
0,02973077
0,01773049
-0,006337944
-0,02156763
-0,002725286
-0,00171693
0,01754163
0,01980972
0,02789929
-0,02742336
-0,02076977
0,01206235
-0,002582446
-0,02831746
0,01662142
0,006761055
0,01794229
-0,01875222
-0,02134326
-0,01033292
-0,008540011
0,0008129319
0,01484221
-0,02923042
-0,01991794
0,0006019214
-0,006603366
0,02803113
0,007791402
0,0257535
-0,01725035
0,008209919
0,02810278
0,02203058
-0,0189046
0,01926294
-0,02047823
-0,01162049
-0,002366154
0,01813622
0,01017263
0,0112724
0,0259846
0,02774631
-0,001276696
0,01366823
0,005896388
0,007609534
0,0001847043
0,01364253
0,02249712
-0,001432186
-0,02413223
0,01424337
-0,01576474
-0,00482028
0,02971143
-0,009849901
0,02922258
0,02734147
-0,02519156
0,01813086
-0,0184564
-0,02580622
0,02165147
0,003560692
0,01702125
0,007030119
0,02194629
0,02729941
-0,003037947
-0,001986459
0,01399206
-0,00886038
0,01093396
0,01290136
0,008888874
0,02087981
0,006291199
-0,002027222
0,0256423
0,016703
-0,0006297255
0,0252674
-0,02701492
0,01494798
0,001944485
-0,01713177
0,006350157
0,01542931
0,01998486
0,02002255
-0,00990941
0,000514792
0,01231539
0,02135053
-0,0002852192
0,02173461
-0,0235904
0,02595394
0,02644865
0,02788403
0,01462631
0,0005127801
-0,01490643
-0,008052977
0,01400157
0,01447931
-0,02529449
0,002662875
0,01760939
-0,02221536
0,01459004
0,0007861054
-0,02806717
-0,01044545
-0,01050034
-0,01428385
-0,03053861
-0,0250864
-0,02941057
0,004238501
-0,02868893
-0,02318046
-0,02023292
0,009250388
-0,01998736
-0,0154431
0,01058359
0,02029669
-0,01673643
0,01750257
0,01510738
0,01151725
0,002479013
0,02805478
-0,02801079
0,02915788
0,009612797
0,0111304
-0,02936155
0,01826891
-0,0201309
-0,02624054
0,02838184
0,01148366
-0,02415499
0,0197686
-0,001851389
-0,007433748
0,001489587
-0,0169595
0,02065774
0,03005126
0,02406351
-0,008937577
0,02519685
0,006745228
-0,009753359
0,005887858
-0,01824536
-0,001340527
-0,02676273
-0,0171935
-0,01155121
-0,03131325
-0,007357778
-0,02886748
0,02772755
-0,02542474
-0,01256056
-0,008788201
0,008017214
-0,009481837
-0,02428672
-0,01625918
-0,005807505
0,02867577
-0,01962983
-0,0007224112
0,003362878
-0,009397059
0,01740793
-0,01181488
-0,01086217
-0,0295156
0,02727756
0,0151321
0,01737141
-0,01910997
-0,02779043
-0,004230333
0,008804109
-0,02655222
-0,001164531
0,00244437
0,01463753
0,02684643
0,01475094
0,028208
-0,01282637
-0,02678658
0,0216862
-0,006637609
-0,0255096
-0,02040111
0,005234062
0,000193562
0,02395993
0,01014534
0,02731114
0,02762157
-0,00309038
0,02183243
-0,02720938
0,02187502
0,01137712
0,01525009
0,02467923
-0,01063634
-0,02666075
0,009225349
-0,0141944
0,01774501
-0,02759788
0,02222609
0,01256023
0,004134109
0,02223975
0,003921802
-0,0002210807
-0,001122949
-0,015635
-0,01752071
-0,01817032
-3,25588E-05
-0,0005937992
-0,00613194
-0,01661913
-0,02096971
-0,004526159
-0,002779753
0,0215387
-0,02313851
-0,01564995
-0,02445173
0,02958249
0,01719117
-0,02961941
0,00720765
0,02098966
0,02919003
-0,02852055
-0,004659326
0,02488982
0,008163634
0,01818959
-0,02592059
-0,009071996
-0,01733169
-0,002275995
-0,02826933
0,009162453
-0,00885738
-0,01891865
-0,001840089
0,01297835
-0,01594876
0,01047309
0,003864105
-0,007211007
-0,01207873
0,002466929
0,0158664
0,02411321
0,006370733
0,01837108
-0,02121362
0,003308479
0,02737007
0,02353759
0,02664488
0,00401455
-0,01492325
0,0136759
0,001182907
-0,002919932
0,01942188
-0,01191188
0,003899212
0,01231482
-0,00452238
-0,02704288
-0,02934682
0,01232401
-0,005534356
0,01920126
0,001064786
0,02657262
0,01655651
-0,006869042
0,01533268
-0,02324069
-0,002634122
-0,01571978
0,002675777
-0,003372456
-0,01371413
0,001791032
-0,01161802
0,02076121
0,009533775
0,001463567
-0,005708976
-0,01013752
0,001291335
-0,002290766
-0,006665452
0,007281256
0,0101585
-0,02875512
0,02400016
0,02665459
-0,02363972
0,02174043
0,02762599
-0,01488675
0,001869038
-0,02626252
-0,0001893818
0,01791689
-0,01260527
-0,01717078
0,01743481
0,0044896
-0,02162658
0,01993882
-0,02327522
-0,02918852
-0,01906078
-0,02557851
-0,01911259
-0,01223169
0,0304919
0,01407349
-0,02710255
0,02485449
0,009546726
0,01147269
-0,01899413
0,02752885
-0,004249238
0,02433782
-0,01381855
0,01527624
-0,0005257252
0,01910668
-0,02969429
0,006069827
-0,01297237
-0,01246053
0,02538384
-0,01749766
-0,02816271
0,0006198451
0,002843607
-0,003544397
0,01425324
0,0200691
-0,01854544
0,01193363
-0,009135005
-0,007347905
-0,003671222
0,005801072
0,02086068
0,006374763
0,02694187
-0,006981304
0,01903626
-0,0269633
0,006264312
0,02100171
0,02326819
0,003007291
-0,007632097
-0,006194666
0,02733588
-0,02778818
-0,02502834
-0,01010198
0,01973705
0,001391681
0,01446808
0,02406286
-0,02036831
0,0289723
-0,01400805
-0,0002478635
-0,01891719
0,00696077
-0,01949625
0,02001909
4,96597E-05
-0,0003128218
0,006644545
-0,02688657
-0,002090594
0,01079333
0,02478398
0,02363303
0,02274725
0,007820089
0,01757228
-0,016088
0,01180473
-0,02562121
-0,01015378
-0,0006283176
-0,02165591
-0,02082851
-0,0001402707
0,01212711
0,01507966
0,02207695
0,02277624
0,02002184
0,008735987
0,002940856
-0,003683858
0,02262587
-0,009556412
-0,002826677
-0,0180662
-0,01789013
0,02319205
0,01687557
-0,00903805
-0,006416834
0,02697283
-0,01075115
0,02652563
-0,0134536
-0,02203749
-0,01809301
-0,002220146
-0,01806256
0,01450866
0,0005967681
-0,01773567
-0,02475023
0,009135611
0,01723293
-0,008629188
-0,02810209
-0,02286302
-0,00103063
-0,02511408
0,008514157
0,00749469
0,01719452
-0,005066866
0,02551282
-0,01555101
-0,02777932
0,003230203
-0,004457393
-0,00412462
0,005407564
-0,00867555
0,02556249
0,0140505
0,02685416
0,002979262
0,01972831
-0,01672988
-0,01673636
0,004171674
0,003246375
-0,00564208
0,01086652
-0,02445221
-0,02182177
-0,009300616
-0,008907036
-0,01649641
0,003817425
-0,0242031
-0,0199642
-0,02503101
-0,005778378
0,01199851
0,01304126
