-0,00839192
-0,009065032
0,0293403
0,01358951
-0,02869209
0,02414036
-0,002294909
-0,01656318
-0,0108927
-0,02764483
0,01381629
-0,02268432
-0,01806877
0,02505745
0,003075863
-0,006611607
0,02006818
0,0186329
-0,01787087
-0,02122946
0,01678451
-0,02145619
0,01987509
-0,01399879
0,02665393
0,009516743
0,02194784
-0,01789967
0,005981711
0,0220418
0,002761288
0,006407754
0,01394038
0,02005328
0,02134478
0,01875664
-0,005083852
0,01710748
-0,02921069
0,01259365
0,01742871
0,01528288
0,0171093
0,02652644
-0,004994419
-0,02300578
0,01396717
-0,02119614
0,01760789
0,02825977
-0,02291468
-0,01577478
-0,0198567
0,0187117
-0,007795086
-0,01479059
0,001425657
0,01363402
0,01706114
-0,009373032
-0,03002795
-0,0142051
0,01005134
-0,003509584
6,258327E-05
-0,02193067
-0,006859286
-0,009375212
-0,02587195
0,01505535
0,02820483
-0,02696742
0,01844789
-0,0004204912
-0,008048779
-0,02872361
-0,008090004
0,02490603
0,02175915
0,0189203
0,02804728
0,0135575
-0,005373241
0,008145941
0,01206416
-0,01113671
-0,006966037
0,02513408
0,002135093
0,008968718
-0,01101462
0,01469968
-0,02818837
0,01229145
0,01150858
0,0006966579
-0,02387584
-0,00978644
-0,004250186
-0,01402621
0,01363403
-0,006070657
-0,02737551
-0,02795397
-0,03308237
-0,02629601
-0,004443842
0,01027024
-0,005702487
-0,01129618
0,01877184
0,005046474
0,022084
0,02847519
-0,007430465
-0,01140107
0,02132382
-0,03056914
0,0100233
-0,01796422
0,01404273
0,0001399315
0,02184087
-0,003446486
-0,001954504
-0,01280716
-0,02669404
-0,02549781
0,01733493
0,01770326
0,01653263
-0,03022572
-0,005408622
0,002113359
-0,02682576
0,0053192
0,007471667
-0,008498249
0,008845714
0,01106561
0,01974632
0,01381677
-0,001672018
-0,01840963
0,01785866
0,01095196
0,02208655
-0,02741209
-0,01196184
-0,00837265
0,008671392
-0,02668768
0,004981312
-0,01826107
-0,004759038
-0,02359766
0,00654688
0,01210788
0,006444675
0,0119626
-0,03567908
-0,01592487
0,01962474
0,003459344
-0,009742805
0,01818187
-0,02278276
-0,01975622
0,01799604
0,01727528
0,01270473
0,001860962
-0,0006193232
-0,02278014
-0,003808178
-0,02150029
-0,02746157
0,008257776
0,01023341
0,006041556
-0,01660827
0,03076961
0,005511166
-0,01220862
-0,02191466
0,0136891
-0,00485614
-0,01544358
-0,02397332
0,01384441
-0,02623125
0,0296437
0,008876969
0,01980078
0,01021358
-0,0002485964
0,02200375
0,02350985
0,0186361
0,02848217
0,0002092406
0,005944092
-0,02084497
-0,007760094
-0,005669284
-0,02525876
-0,002052747
-0,008374434
0,01827086
-0,00753063
-0,02891896
0,01427246
-0,03468362
0,02315246
-0,00792248
-0,02960984
0,00250583
-0,003340778
-0,009007405
0,006154037
0,0005382907
0,02751244
-0,009812933
-0,02194649
0,02128168
0,02138055
0,03086722
0,01188711
0,01078311
0,03392252
-0,02645091
-0,02036218
0,01097448
-0,00622815
-0,02897917
0,005960182
0,01742871
-0,0149814
0,02233519
-0,02526751
-0,01114517
0,0190552
-0,008793191
-0,0007140912
0,01199391
-0,01635584
0,03012026
0,02045442
-0,002813792
0,005749854
0,02413821
-0,007177167
0,0008663716
-0,02590865
-0,01998139
-0,01594358
-0,01635809
-0,02360992
0,004752195
0,01333928
-0,02967939
-0,04673848
-0,02840256
0,02165116
-0,009340626
-0,03856497
-0,036132
-0,01666237
0,01188692
0,009215625
0,0002994817
-0,01146243
0,01722364
0,002864529
0,005755613
0,03509948
0,01243091
0,03553798
0,004040445
0,01835021
0,009815054
0,03505955
-0,02163978
-0,004563597
-0,06549226
0,006607308
0,01493605
-0,0114476
-0,004197736
0,01647704
-0,003145461
0,01130026
0,002181563
0,01602849
0,02109725
-0,01940365
0,007771515
-0,000165043
-0,01690103
0,003139558
-0,02176862
0,01091463
-0,0179896
0,007629821
-0,03050794
-0,02685656
-0,00788945
-0,03945893
-0,002801893
-0,006191347
-0,04723213
0,003992648
0,006437286
-0,03556303
-0,02965534
-0,02876183
0,02026504
0,001347545
0,02382439
-0,000797209
-0,01029262
-0,01910402
-0,01834865
0,04042915
-0,004442446
0,02332113
0,01387988
0,02873895
0,003696955
-0,009515192
-0,04728201
-0,01762042
-0,01932251
-0,02870853
-0,02177371
-0,03423184
0,007283089
-0,01442648
-0,00178421
-0,01032813
0,02023661
-0,009029469
0,01657877
-0,01101402
0,009241251
0,02165876
0,02566844
0,004137619
0,009399486
-0,0007528672
-0,02451083
-0,02641856
-0,0003033594
-0,009295549
-0,04371184
-0,01771805
-0,02387631
-0,04865484
-0,01906568
-0,0106175
0,01283097
-0,04637347
0,007755244
-0,01445065
-0,01398334
-0,05429854
-0,01641741
0,01563646
-0,02340077
-0,05146299
-0,02843929
0,007387516
0,02205586
-0,00493876
0,0081069
-0,01619541
0,009149949
0,02721437
0,01269512
0,03214429
0,03224777
-0,04834078
-0,03174116
-0,0255298
-0,04188374
-0,0002480674
-0,03947702
0,001060886
0,007566087
-0,004516458
-0,006003237
0,01522671
0,004542835
0,01376786
-0,005573059
0,02662259
0,005480172
-0,02602414
-0,003184304
0,002451651
-0,00497626
0,02383028
0,02648829
-0,001112547
0,03538705
-0,03691965
-0,04508085
-0,0501805
0,00211283
0,01609603
0,00464546
-0,01462426
0,007870718
-0,040192
-0,04891438
-0,00211697
0,003940074
-0,03495108
-0,06291508
-0,03113091
-0,03852267
-0,01022698
3,62696E-05
0,02744584
0,02033885
-0,01430849
0,003372069
0,004994727
0,009928249
0,01533656
-0,01610715
-0,0205692
0,02071775
0,02752935
-0,02476146
0,02063113
-0,03795614
-0,01634821
-0,03603562
0,02410247
0,01530975
0,02345479
0,03145491
0,0276958
0,02129074
-0,01751749
0,006795025
-0,011857
0,005814583
0,002370933
0,02993479
0,01394222
0,0008217801
0,004312014
0,0371239
0,02736762
-0,01102645
-0,005560872
-0,02720396
0,005488641
-0,03502386
-0,0373793
-0,04340238
-0,05622434
-0,01961058
-0,04429969
-0,04407459
-0,07961284
-0,07177564
-0,07803285
-0,01849237
-0,04167374
-0,001990802
0,005936981
0,05486345
-0,01723623
0,04125223
0,02273183
0,05316023
0,003746278
0,0002925523
0,02608346
0,0094518
0,02299473
0,03084116
0,03530392
-0,04261469
0,008195007
0,03171725
-0,002005185
-0,01412253
-0,008496697
0,01389546
-0,02311601
0,009600077
-0,02347298
0,0116293
0,01877641
-0,007763234
0,007909589
-0,02560723
-0,006720741
-0,03003662
0,00975996
0,05712298
-0,001983255
0,02059781
-0,01234013
0,0165655
-0,02257748
-0,03437614
-0,08182286
-0,07882102
-0,05289343
-0,03986402
-0,05707204
-0,07573304
-0,06997801
-0,005683588
-0,06183307
-0,08119196
-0,07874423
-0,05062375
-0,03116535
0,06216279
-0,04538234
0,05316523
0,04643635
0,08829696
0,03706778
0,001687208
-0,02788316
-0,01815985
0,06029653
-0,03553163
-0,03404381
0,02612008
-0,0236291
0,01390092
-0,03570557
0,02092147
-0,008593556
0,005503226
0,02976047
0,009383566
-0,01820506
-0,03157401
0,009640361
0,01653944
-0,008899593
0,02757861
-0,01064127
-0,029683
0,02651271
-0,01016349
0,02248132
-0,01942218
-0,03113586
0,008646887
0,01465691
0,003802744
-0,02515187
-0,06548501
-0,02377079
-0,07369394
-0,0266956
-0,07415765
-0,02448166
-0,04377817
-0,06691168
-0,02364036
-0,003681343
0,004711926
0,01139929
0,08048631
-0,004842154
0,07829917
0,03982998
-0,008589256
0,002400459
0,04303397
-0,05451283
0,04194462
0,06634222
0,0004925448
-0,1094183
-0,07089132
-0,03316899
0,01882754
-0,04085428
-0,06831685
0,001993725
0,01542908
0,009844071
0,007270951
0,0131655
0,01925557
-0,002422975
0,001581726
0,02869309
-0,02115398
-0,01070838
-0,03379733
-0,02443158
-0,01238098
-0,04968477
0,03311167
-0,03539784
-0,02937774
-0,02032556
-0,03989644
0,02100185
0,01817293
-0,05701255
0,004575875
-0,04612033
-0,05590988
-0,06606742
-0,05761188
-0,06235658
0,00297802
-0,01126617
0,04260304
-0,02020086
-0,007650631
0,05251401
0,03785283
-0,04604114
-0,006224659
0,00914148
0,009951334
-0,001213234
-0,02184958
-0,02459703
-0,01438311
-0,01964471
-0,001087535
-0,03630046
-0,06740601
0,02367899
-0,01430668
-0,008489775
0,007432263
0,03168906
0,001741247
-0,003013569
0,01459023
-0,02082028
-0,01446699
0,007178613
-0,01475284
-0,001854911
0,007824064
-0,02871383
-0,03945287
-0,02459021
-0,02709326
-0,05162717
-0,006743744
-0,02967522
-0,007089068
-0,003561985
-0,008019065
-0,04022634
-0,04609353
0,03014425
0,007221215
-0,08054253
-0,02304883
0,004301196
-0,07669648
-0,079334
0,01023654
0,02344073
0,01470072
0,04836789
-0,004980541
-0,05302262
0,002257159
0,07146269
-0,02766334
-0,02409912
-0,0343896
-0,0364796
-0,02930555
0,01083832
0,02532817
0,03429159
-0,02235955
-0,05796251
-0,04604181
-0,03738257
-0,05150157
-0,0168387
-0,01511983
-0,02496463
-0,03217872
0,004292113
-0,03039405
0,0009197817
-0,004564479
0,004746221
0,01289467
0,003320253
-0,01423795
0,01068869
-0,0626488
-0,04423216
-0,04341702
-0,07121473
-0,06003942
-0,02209014
-0,03433419
-0,01199847
-0,05224273
-0,007600267
-0,06609861
-0,077114
0,003898982
0,01887112
-0,03664684
0,002158465
0,00634254
-0,04049173
-0,03060209
-0,03441168
-0,03105459
0,01394213
-0,04178135
0,07664412
0,07942867
0,04777438
0,00282294
-0,05715663
0,0185335
0,0112553
-0,02934492
0,05337274
-0,07299262
-0,02986771
-0,09798937
-0,09048174
-0,07043959
-0,04096218
-0,005259303
0,01714917
-0,02225284
-0,0009031862
-0,03674592
0,0131888
0,02478852
0,007126051
-0,003302639
-0,003153971
-0,02319956
-0,01225322
-0,0430002
-0,06361014
-0,01159158
-0,04262773
-0,06484904
-0,02878918
0,01793421
-0,02550754
-0,02503668
-0,02996851
-0,03744361
-0,01374116
0,05235182
0,09809584
0,02041331
0,01303339
-0,05918731
-0,008921895
0,0490537
-0,06874731
-0,09438232
-0,006680321
-0,08378991
0,02341142
-0,0216179
-0,1079652
-0,01779976
-0,03287426
0,05794682
0,05358606
-9,997607E-05
0,02641343
0,0112674
0,04304448
0,03927962
-0,05491563
-0,03476728
0,004484382
-0,01520468
0,004961655
-0,0002802569
-0,008986653
-0,02742019
-0,01729849
0,02140879
0,02796825
-0,03664483
-0,03344823
-0,03150306
-0,03894448
0,01064727
0,002857564
-0,01584894
-0,03676382
0,04178797
-0,01415995
-0,006334132
0,009798294
0,008243258
0,02711079
-0,08573682
-0,1090969
-0,1121567
0,02111617
0,03826716
-0,01183791
0,03955873
0,0503661
-0,004096332
-0,07355465
-0,06386971
-0,1615113
-0,009105504
0,03916596
0,006891359
-0,06308188
-0,007060877
0,051571
-0,03498357
-0,09290363
-0,001605819
0,05279147
0,0495052
0,03389742
-0,02326215
0,01028209
0,01452253
0,01218883
0,007619613
-0,02053474
-0,03735269
-0,02409765
-0,004388909
-0,01583315
0,02496068
-0,01549521
0,01910497
0,0115857
-0,02814295
-0,008913864
-0,02175643
0,01420411
0,02578135
0,03952029
0,04105866
0,04442482
-0,03351689
0,05296443
0,07221168
-0,02577266
-0,06467599
-0,08514781
-0,05675434
-0,08568368
-0,06642338
0,005703326
0,01702349
0,05453582
0,01217222
-0,04123263
0,0567655
0,0139474
-0,01434585
-0,10463
-0,1261763
-0,1576144
-0,01321607
-0,005202033
-0,07787552
-0,1500636
0,009290034
0,124864
-0,04886313
0,05217679
0,005705957
0,008567749
-0,0415956
-0,02902455
-0,01608035
-0,008815842
-0,002061686
-0,02460698
-0,0189641
-0,04218026
0,005353277
0,0172726
0,00884199
-0,04479105
-0,01786653
-0,103325
0,01612173
-0,07409822
-0,07618684
-0,01074839
0,04792023
-0,01702716
0,06429267
0,06905657
0,03533139
-0,03967085
-0,02175998
0,02969463
0,06047763
-0,00242643
0,01257006
0,01773347
0,007880633
-0,01429792
-0,02084005
-0,01084683
-0,05127348
-0,01871301
0,01168041
-0,0202862
0,03063906
-0,06815145
0,001524455
-0,02023533
-0,03481087
-0,1478075
-0,01471794
0,04891217
-0,008633361
-0,0252388
-0,02159888
-0,03973718
-0,01910167
-0,02235521
0,01439097
-0,007652448
0,003326103
0,01890426
-0,03450285
-0,02774405
0,008655552
0,007945582
0,02849444
-0,05160817
-0,03736046
-0,05443953
0,0086928
0,00364886
-0,004342888
0,052768
0,08597129
-0,009134602
0,01060974
0,03188642
0,01050207
-0,02774681
-0,09228409
-0,1067907
-0,05863944
-0,04120913
0,003821615
-0,0376638
0,06157317
0,01001735
-0,0209077
-0,01071888
-0,06580811
0,01831519
0,004441336
0,00222111
0,1234419
-0,01546783
0,01313833
-0,07838714
-0,01215271
-0,06587704
-0,07814879
-0,09647147
0,01320329
0,04985549
0,05344388
-0,003005944
0,01401573
-0,01549768
-0,009024628
0,02872669
0,0161323
-0,01902704
0,01167182
-0,01023178
-0,01371189
0,002258704
-0,01518871
0,01142496
-0,0219859
0,007610065
-0,06009147
0,02476304
-0,04009037
-0,01082517
-0,0334123
0,01076269
0,004154223
-0,03064598
-0,02146462
-0,005492758
-0,003417743
0,05449519
-0,02121431
-0,04902264
0,002601996
0,08642442
0,1012342
0,01377687
0,009388911
0,03833346
-0,06511799
-0,05471243
0,05410404
-0,02820245
0,09096987
-0,0230829
0,01865462
-0,07321469
-0,07497657
-0,05511105
-0,07233151
-0,06836263
0,04119837
-0,04205485
-0,009559521
-0,04230337
-0,001321515
0,03067895
0,0262145
-0,03575029
-0,01689267
-0,01937126
-0,02076619
-0,01365891
-0,003856322
0,02325144
0,02605502
-0,006297506
0,0258518
0,01549046
-0,02854745
-0,02321838
-0,03382161
-0,05926235
0,02294262
-0,07820596
-0,04504795
-0,08998445
-0,03717063
-0,04225806
-0,01269466
-0,02289103
0,01770374
0,02089271
-0,09241365
-0,03306718
0,06040324
0,08809543
0,07117551
-0,04482238
0,06613747
-0,01826902
-0,1178674
-0,06828669
-0,01177564
0,07627687
-0,000695671
-0,04445218
-0,0719118
-0,04015253
-0,1277577
-0,09923084
0,04514253
0,05497512
0,05706928
-0,005081779
-0,05811348
0,02443288
-0,02054842
0,0006657645
-0,01019907
-0,001252932
-0,02460027
-0,02295825
-0,01196559
0,01483752
-0,01243274
-0,02819281
0,04056108
-0,007083067
-0,02288949
-0,018214
-0,0455978
0,0157274
0,009526967
-0,0606258
0,0009334343
-0,02590396
-0,1016146
-0,08167605
-0,02901049
0,07192091
0,001546619
-0,02768333
0,03863653
0,01467953
-0,03531331
0,1058115
0,06867536
0,01330918
-0,03085003
-0,007857536
-0,04344244
0,02160607
-0,05871626
-0,01090291
0,08226476
-0,02530093
-0,06720177
0,03516805
-0,0788262
-0,09351091
0,03256076
-0,06701102
-0,02791936
-0,04496406
-0,07176189
-0,0189582
-0,01057851
-0,006343239
0,0002103489
-0,02585625
-0,01648728
-0,02723205
0,007379949
-0,001591728
-0,02479526
0,0242947
-0,02437622
-0,05482668
-0,05141405
-0,06159012
-0,04415325
-0,02531396
-0,04902656
-0,001677827
0,04220138
-0,0282033
-0,005210994
-0,01548285
-0,0390385
-0,067429
-0,06775668
-0,1159248
-0,04140339
-0,02438269
0,02107996
-0,0193521
-0,01358664
0,02564857
-0,02496967
-0,04553311
-0,07534806
-0,1076677
-0,05591706
0,07359672
0,06617513
0,1255291
0,01937281
-0,00592477
-0,09378486
-0,07292272
-0,00898114
-0,0297573
-0,01680326
-0,06418163
-0,01208502
-0,05778311
0,01425709
0,009853167
0,007789539
-0,01252036
-0,01428735
-0,02640837
-0,01765551
0,002800046
-0,0008887606
-0,01330759
-0,02393979
-0,01930372
-0,01362531
-0,07543679
0,01535357
0,0414686
0,05576254
-0,00220339
-0,004326227
0,02395586
-0,01234121
-0,0112409
-0,089072
-0,09173364
0,01182491
-0,1197327
-0,01117026
-0,07325954
-0,05728105
-0,006881531
-0,07003076
-0,02539743
-0,01267805
-0,03934303
-0,0935706
-0,0335256
-0,05639311
-0,01510394
-0,03214737
0,05281134
0,03578951
-0,01101903
-0,07411744
-0,09171649
0,007703301
0,02996141
0,05398009
-0,04851858
-0,04022315
0,004850552
0,02581907
0,02280803
-0,02841274
-0,0131226
-0,004199177
0,01540473
-0,02622826
0,03216092
0,04560657
-0,01054213
-0,0190139
-0,004418138
-0,006957891
0,04798155
0,05534732
0,07737222
0,007899603
0,04165018
0,0144003
-0,02721558
-0,03424253
-0,05314533
-0,05861898
0,04358148
-0,03645452
-0,003623
0,005589161
-0,07242206
-0,03299947
-0,07947339
-0,1807437
0,06656873
-0,03957759
0,05718568
0,02312387
-0,08430128
-0,1189009
0,009119789
-0,007170143
0,04484256
0,02468064
-0,04777736
-0,07966661
0,0399916
-0,03560609
0,01303765
0,02883917
-0,07548876
-0,05523847
-0,01341313
-0,006467808
0,01717223
-0,02586162
-0,03099582
-0,003450446
-9,772999E-05
0,007438747
-0,01192508
-0,02142774
-0,004815784
0,001827793
-0,01013369
-0,0006674891
-0,002579062
-0,02207633
-0,04449692
-0,004348873
0,0617636
0,04708728
0,03542991
0,06591902
0,06786044
0,08191495
0,05196696
0,1160413
0,005823875
0,05361007
-0,0817609
0,04066725
-0,1071938
-0,09973543
0,0563029
-0,04268836
-0,08683525
-0,1555735
-0,02429607
0,0796238
-0,004272209
-0,08543468
0,01004476
-0,04719722
-0,01420468
-0,04575726
-0,03289562
0,05942139
-0,01922671
0,05104045
0,007965256
-0,01771629
0,008387695
-0,005930581
-0,05365308
-0,02844514
0,004755151
-0,0449581
0,01982502
5,76083E-05
-0,0009717239
-0,01394936
-0,003462732
0,02042271
0,01742835
0,00647455
-0,01049907
-0,01489822
0,04131918
0,06884643
0,1118895
0,07459352
-0,03453231
0,03465899
0,03376028
-0,02546284
-0,0940102
-0,007072723
0,05390424
0,0831064
0,04516406
0,04770511
-0,04927017
-0,1548589
-0,1067776
-0,02344853
0,006721195
-0,06762139
0,004772172
0,04150853
0,03598262
0,0382065
-0,04484055
-0,09288962
0,03051123
0,02233402
0,03407508
0,01432028
-0,05487996
-0,05241793
-0,0781351
0,01591649
0,007296832
-0,03098557
-0,06843983
-0,06425787
-0,05656039
0,01184097
0,01792691
0,002585129
0,03964312
-0,0205098
-0,01044716
0,02600256
0,02902886
0,01915907
0,04105711
0,04487875
0,0022152
-0,004388482
-0,002688472
-0,006354209
-0,03129127
0,02380604
-0,002637245
-0,07907426
-0,09215995
0,1455142
0,07152747
0,03352511
0,06926809
0,08946759
0,04708947
-0,05627783
0,1619365
0,09057437
0,106743
0,006174291
-0,002783941
0,02151794
0,02008071
-0,001653499
-0,02360757
-0,01620214
0,03990547
-0,06757967
-0,02262293
-0,09269888
-0,06940527
-0,02669856
-0,02010907
-0,05615697
-0,07843044
-0,01737516
-0,01722674
-0,02726499
0,002894081
-0,043766
0,01283209
0,01933169
0,03116416
-0,002047436
-0,02582892
0,02188045
-0,02192235
0,005122338
-0,0666175
-0,01723419
0,1162801
-0,02625006
0,03148727
0,08461936
0,004883751
0,006503473
0,003671294
0,03761604
0,03619447
0,1015216
-0,04047359
-0,009643619
0,08459854
-0,04673273
-0,07541304
0,06679253
0,07519969
0,06675933
0,06749983
0,08645337
0,06031527
0,1412573
0,05432126
0,005647153
-0,008901629
-0,05471784
-0,1053762
-0,07994336
-0,03272875
-0,0110083
-0,03166416
-0,03888782
-0,02372117
-0,06924383
-0,003210655
0,007018521
-0,04403964
-0,01462256
-0,007593085
0,00564342
-0,006177409
0,01382437
-0,04069422
-0,0299521
0,00426475
0,0754584
0,02165857
-0,003273787
-0,02367537
-0,03959375
0,06707874
-0,01319695
0,02402038
0,008362208
0,0136049
0,09970815
0,01725481
0,06093586
0,1101203
0,03229808
0,01643691
-0,08799136
-0,1169127
0,004479508
0,06416249
0,001318934
0,01473916
0,04720137
0,06088958
0,06859513
-0,06290702
0,03482059
0,04040466
0,03063202
0,001722914
0,05301359
0,08168013
-0,01470756
-0,01086609
-0,06417071
-0,02794266
-0,05101631
-0,05001163
-0,03023962
-0,03042699
0,01461809
-0,05403727
-0,02710456
0,01021355
0,003373337
-0,00109449
-0,006520515
0,0003350558
0,006055747
-0,02444245
0,02838063
-0,003897525
-0,06561683
0,01298699
-0,01612275
0,004903322
-0,08123054
-0,1352138
0,04204412
0,05240618
-0,02155137
-0,06271902
-0,08653451
-0,01104287
-0,06719168
0,05842977
0,08823235
-0,07885679
-0,038086
0,01175762
-0,04280657
0,03655745
0,05278493
0,1325042
-0,05584501
-0,03841585
-0,01488212
0,03407529
0,09062562
0,05215348
0,003975476
-0,03374422
-0,01028968
-0,005380815
-0,01685712
-0,04987822
0,05081967
-0,06899228
-0,03490461
-0,04210662
-0,007901461
-0,00349272
0,0234254
-0,01949237
-0,002028968
-0,02587593
0,02254466
-0,001497478
-0,03415224
0,04218505
-0,005738536
-0,03500346
-0,01860579
0,02891901
0,09491496
0,1084092
0,02269033
-0,07723092
0,001316254
0,1028249
-0,01946886
-0,01281732
-0,04872075
0,01388246
-0,06045059
-0,06543451
-0,02369994
0,005139638
-0,04521606
-0,05057647
-0,1379739
-0,0157624
-0,08976746
-0,03646042
-0,02483962
0,08760265
0,1149717
0,07407919
-0,02319978
0,0303993
-0,06288859
-0,00782602
-0,0898875
-0,04446778
0,04647509
0,05841655
-0,02853912
-0,01271126
-0,05261131
0,006457432
-0,02022786
-0,01528092
-0,001860569
-0,01880208
0,003634918
0,001354124
0,02330057
-0,02024819
0,01020895
-0,04400673
0,01077491
-0,01238485
0,04472374
0,04381372
0,02883187
0,07052662
0,06400231
-0,08426112
-0,02203352
0,02445014
0,001517298
-0,05814613
-0,02163297
-0,1847537
0,01582034
0,002270704
-0,1328686
-0,1081343
-0,1286274
-0,1188615
-0,01722587
0,03876384
-0,08863673
0,003049099
0,1089463
0,05734168
-0,02890969
-0,02850051
-0,03630088
0,05851861
-0,06327783
-0,08614364
-0,01574605
-0,061836
0,02443478
0,01149979
-0,083272
-0,07599402
-0,06103037
-0,0305241
-0,03615933
-0,01530017
0,007545978
-0,01283781
-0,009998749
-0,02632811
-0,009019091
-0,03426258
0,012641
0,03023666
0,02070604
0,03638536
0,0396706
0,04319564
-0,04564528
0,0102432
0,08565862
0,01058537
-0,05104351
-0,065742
-0,05080038
0,007672855
0,02714482
-0,08311365
-0,09909777
-0,006524076
-0,1359338
-0,1035401
-0,181423
-0,08726226
-0,07178585
-0,07980333
-0,02558149
0,09484039
0,06661214
0,003071994
-0,02190203
-0,09608321
-0,01962172
0,06904171
-0,08514241
-0,1323229
-0,02219766
-0,01439805
-0,01414614
-0,05194474
-0,08265433
-0,08057386
0,006495865
-0,06590992
-0,02218215
0,01961488
0,02979197
0,02696902
-0,0295502
0,02537532
0,007131224
-0,01462318
0,02419506
0,0273545
-0,03999564
0,03370365
0,1389702
0,08644564
-0,001348946
0,01690604
0,1535563
0,0764
-0,06592497
0,004099667
-0,02984542
-0,02764564
0,02228326
-0,0370503
-0,04987309
-0,09988381
-0,04099128
0,003882642
0,0168507
-0,08429317
-0,1890118
0,03732107
0,05645031
0,005888842
0,06012221
-0,03452687
-0,03947363
-0,03561196
-0,05657025
-0,009908841
-0,06087588
-0,02132631
0,0009092714
-0,04011539
-0,04763243
-0,01604188
-0,08647549
-0,08906711
-0,05653293
-0,09287253
-0,01390253
0,01395755
-0,03004921
-0,009839384
0,02289728
0,02196371
0,007363522
0,01616783
0,01033992
0,0169551
-0,003740459
-0,03832714
-0,004420356
0,07784215
0,01857187
0,1422499
0,0820904
-0,02179781
-0,00833794
0,03308259
0,1125105
0,02635122
-0,0614872
-0,0627526
0,03397269
-0,04523481
-0,02914067
-0,03548388
-0,03469382
-0,081866
-0,04672838
0,05686969
0,01306579
0,04874539
-0,02366745
-0,02831194
0,07582081
0,09289355
0,07363712
0,06125532
0,01914913
0,01238893
0,01116635
-0,03472285
-0,02367346
-0,04300479
-0,0629714
-0,06108183
-0,04616987
-0,09489305
-0,0254535
-0,007672011
-0,0007263893
-0,03631723
-0,02762663
-0,01366316
-0,02448038
-0,004268084
-0,01377537
0,003481446
-0,007475683
-0,01266928
-0,02403051
0,004745414
0,1349439
0,1080386
0,09818204
0,100724
0,05630211
0,1600631
0,1093467
0,09330591
-0,03982169
0,01171912
0,08540214
-0,03975787
-0,05392155
0,05046012
0,05858277
0,07639961
-0,03410535
-0,007716927
0,04093878
0,08577894
-0,00959973
0,03540436
-0,01280632
0,01424256
0,06151593
-0,01917638
-0,0123608
0,02136971
0,0290855
-0,06174964
0,03038185
0,02621212
-0,05188436
-0,04139348
-0,02515202
-0,05139517
-0,0271821
0,0152946
0,007865363
-0,03379194
-0,02466271
-0,008582948
-0,02803759
-0,01530651
0,01507832
0,0628612
0,0369277
-0,05135676
0,03134535
0,07748309
0,07095655
0,1268503
0,06957895
0,05386694
0,03126387
0,05233635
-0,01762581
-0,07114132
-0,09454095
0,02104096
-0,01727024
-0,01808183
-0,02835134
0,02762775
0,1038905
0,03240579
0,02707247
-0,1482809
-0,1272432
0,03951405
0,05711817
-0,1026916
-0,06550039
-0,04459167
0,02804412
-0,08306666
0,006377319
0,01401019
-0,06786615
-0,09390932
-0,02741692
-0,01831189
0,008647164
-0,01947338
-0,06743207
-0,003160925
-0,02050878
0,005131405
-0,04342807
-0,03699832
-0,02938016
0,02564305
0,02569415
-0,01949822
0,02038595
0,05492122
-0,02577542
-0,02071681
-0,006432467
0,04286829
0,03221587
0,07360038
0,0615689
0,05856147
0,001066075
-0,025337
-0,06187009
-0,06301879
-0,1665694
-0,03987784
0,1051477
0,01768743
-0,04064738
0,01217622
-0,005336653
0,02593801
-0,05568475
0,05845366
-0,02216323
-0,1262635
-0,04196316
0,08469488
0,006782267
0,03863491
-0,09274223
-0,04637048
-0,1107779
0,06280473
-0,015278
0,004798945
-0,02761976
-0,04043132
-0,03007417
-0,01054446
-0,04389917
-0,02691418
0,02614128
-0,01399514
-0,02133482
0,01678772
-0,02620347
0,02706223
-0,003536113
0,01946406
0,001549704
-0,004815272
0,02334732
0,03178627
0,004449151
-0,008237856
0,1230787
0,08647974
0,1683087
0,02710117
0,00567623
-0,04393199
-0,08324427
-0,0474475
-0,1073236
-0,04131926
-0,06121667
-0,1032976
0,02309054
-0,01994967
-0,1486092
0,03234633
-0,04517109
0,04773771
0,05705091
0,02433705
-0,004755152
0,1217417
0,09206367
0,01182596
0,007711758
0,03447537
-0,06435378
-0,03896324
0,04031393
-0,02519594
0,02003068
-0,01427887
0,01172664
-0,08077349
-0,04481645
-0,01524732
-0,01804872
-0,05071991
-0,03019156
-0,01160839
0,02330484
0,02445319
-0,006149395
-0,02410195
-0,006923676
-0,02480925
0,002797916
-0,1143556
-0,014341
0,01565967
0,09199329
0,0464909
0,06349339
0,03114951
0,08739283
0,01703169
-0,1155502
-0,1919844
-0,1284034
-0,05994873
-0,04189004
-0,007679551
0,04264633
0,05572979
-0,08988939
-0,04025275
0,02155783
-0,02053352
-0,1108005
0,1236759
0,07953881
0,02188007
0,09686145
0,07740878
0,02545037
-0,1846823
-0,1142349
-0,09232701
-0,1115728
-0,108295
-0,07334383
-0,03374668
-0,01059236
-0,01681042
-0,0006871179
-0,004913001
0,02852324
0,02222109
-0,02119543
0,002307878
-0,02442332
-0,006200254
0,02539462
0,002019182
-0,006900934
0,006708643
-0,01659836
-0,05160098
-0,08700641
0,01702249
0,1058258
0,03084735
-0,01555186
-0,1065742
-0,02782289
0,1827403
-0,03587353
-0,1596207
-0,1287983
-0,06915579
0,0003795695
0,108884
0,05433176
-0,0135843
0,003181419
-0,1186958
0,0005539686
0,07331099
0,04119062
0,06153237
-0,08365009
-0,07121382
0,08725847
-0,03204169
-0,02374411
-0,02409351
-0,03220929
-0,06142848
-0,1257477
-0,02624367
-0,01562762
-0,09645122
0,00969084
-0,01438596
-0,03417981
-0,03896413
-0,0318766
-0,02119389
0,03116612
-0,03082197
-0,02189969
0,02223431
-0,006654886
0,02478781
0,007082876
0,001812376
-0,02419144
-0,06075124
-0,04185338
-0,0849983
0,07284488
0,06443915
-0,01016647
-0,05090191
0,01244631
0,09087086
0,04084928
-0,2466386
-0,09771682
-0,02372492
0,04287976
0,06292483
-0,04265503
0,01429522
-0,01105676
-0,02277055
-0,07342342
0,04233928
0,07193876
0,0150057
0,03453563
0,05177143
0,03151216
0,02477693
-0,06993014
0,01165865
-0,05084917
0,006542501
-0,06267487
-0,1005234
-0,06214013
-0,08259463
-0,07445101
-0,04129814
0,0313493
0,01130365
0,001651001
0,001916866
-0,007518344
0,01102808
-0,02000091
-0,01661682
-0,02662166
0,01715881
0,01111993
-0,05549133
0,01138648
-0,02852174
-0,003925488
0,0001465974
-0,1102098
-0,07376118
0,04299136
0,1111293
0,08316722
-0,02486296
-0,04633693
-0,02857148
-0,06159132
-0,08435387
-0,01129654
0,06951234
0,03243518
-0,03512993
0,01100578
0,01960409
-0,09389563
0,003204791
0,088136
0,1151785
0,09439
0,02008481
0,02106974
0,08330728
-0,02318736
-0,02200665
0,009235003
-0,0423669
-0,007765575
-0,03258281
-0,05527252
-0,05825594
-0,03157051
-0,07746041
-0,01194888
-0,01095978
-0,02414757
0,005418518
0,01208297
-0,002824249
0,01161688
-0,02580085
-0,01993604
-0,007656145
-0,04254656
-0,06499314
0,006464293
0,0130188
-0,03426722
-0,0001949001
0,01958777
0,0263899
0,01751061
0,08861456
0,1173073
-0,03311851
-0,1603814
-0,0610264
-0,07598025
0,0128531
-0,1356262
-0,05118136
-0,1302207
0,006458939
0,01056799
-0,0857636
-0,07007837
-0,07113145
-0,01829326
-0,0003571518
-0,04939615
-0,06578081
-0,03014205
0,08877561
-0,08041845
-0,05119812
-0,04461657
0,005948166
-0,04412751
-0,08531432
-0,07264146
-0,05568221
0,040911
-0,03381364
-0,01343088
-0,04939049
0,007989066
-0,02883674
0,009488058
0,007996358
0,01071663
-0,02128433
0,02054085
0,005597262
0,008044113
-0,01483435
0,02250941
-0,03453163
-0,01534121
0,0067742
0,01044882
0,05007558
0,04526511
0,01050302
0,08792671
0,01562767
-0,07032108
-0,04828454
0,03615868
-0,03763562
-0,08964085
-0,0487524
-0,01141062
0,07389463
0,0720794
-0,08077067
-0,03898846
-0,08709152
-0,09443736
0,06851679
0,03104883
-0,1015888
0,05657572
0,1293292
-0,0568957
-0,1450596
-0,03088934
-0,007934438
-0,06127845
-0,08402427
-0,06868161
-0,06442147
-0,02031505
-0,04886525
-0,02273538
-0,03295012
-0,01195308
-0,02654065
-0,01533444
-0,02945155
0,02249517
0,0270429
-0,01044321
-0,004417675
0,004956055
-0,07094876
-0,02870532
-0,01539673
0,02383902
0,01261435
-0,02456054
0,02269095
0,04654062
0,08846002
0,01832619
-0,001213128
0,01636353
0,01715739
-0,0574616
-0,0758044
-0,04634774
0,04183184
0,08419228
-0,03288073
0,1057785
0,06422884
-0,06262176
-0,0957089
0,0103503
0,07478133
-0,057545
0,02632173
0,05905886
0,05235787
-0,009974541
0,02412969
0,08041627
0,005385008
-0,009402116
-0,0197912
0,03532533
-0,03086543
-0,03588928
-0,07319574
-0,002646814
-0,03591559
-0,01915316
-0,05723996
0,01623637
-0,01512414
0,02310256
-0,007217098
-0,02386352
-0,004071318
-0,01531099
-0,03574702
0,06802577
-0,03009896
-0,05756664
-0,03286776
-0,02260862
0,02212565
0,01723124
0,08120815
-0,008398903
-0,07403477
-0,0966095
0,03788839
-0,0483652
-0,1107851
0,052369
-0,07852522
0,04149012
-0,1147389
0,1080423
-0,02252392
-0,1452203
0,02448033
0,04027835
-0,02171589
-0,07103492
-0,0245307
0,05294668
0,005526579
-0,08762725
0,01797218
0,05375073
0,06142266
-0,03344212
-0,03585654
-0,01603818
-0,002084622
-0,03253265
-0,03738771
0,003919136
0,001335775
-0,04135764
-0,03061724
-0,03580799
-0,01437462
0,003946377
-0,004278932
-0,01754381
0,009154817
0,01764439
0,01197247
0,02130697
0,005484807
-0,05555547
-0,003069007
0,02522699
-0,1183898
-0,1024409
0,03005586
-0,02154239
0,04435377
0,01173273
0,07761964
-0,01724535
-0,04834256
-0,04390842
0,001248501
0,0506025
0,02282938
0,1126506
0,03830004
0,05994972
0,0390874
0,07817013
-0,02758954
0,01508213
0,02407162
0,0229608
-0,08725096
-0,04445238
0,05743717
-0,0222266
0,05139766
0,01312621
-0,1294086
-0,07385913
-0,06707218
-0,02523189
-0,03777481
-0,01494353
-0,02663934
-0,03080376
-0,02700378
-0,03067149
0,01086262
0,01044697
-0,01851718
-0,02154472
0,01584171
-0,01371373
0,0114153
-0,003772194
-0,04464794
-0,007909305
-0,04848211
-0,03903124
-0,1220987
-0,02206647
-0,004014614
0,06209538
0,06697378
0,04442655
0,1741401
0,1137802
0,07377279
0,003341084
-0,0001019684
-0,04252536
-0,03898707
0,04209426
-0,02482981
0,05731889
0,02586907
-0,05780009
-0,05327907
0,05332557
-0,01136197
0,02798221
-0,07742932
-0,02478346
-0,002605861
-0,03050991
-0,09473603
-0,09753599
-0,09176075
-0,0636647
-0,08691981
-0,0405888
0,007218678
0,001709331
-0,03571935
-0,03000286
-0,01264192
-0,03139811
0,009552144
-0,004530204
0,0007543042
-0,02694542
0,00552828
-0,05122409
-0,02597597
-0,03185176
-0,04355446
-0,03510078
-0,005547058
-0,01744471
-0,06823214
0,03988848
-0,01659402
0,05037203
0,1303143
0,02990894
0,08361862
0,03446246
0,07688273
-0,01132787
-0,1083079
0,04098173
0,06200228
0,01635946
-0,04133206
-0,03999063
-0,0670624
-0,1568197
-0,04044066
0,04985722
0,01390443
-0,1409597
-0,1320879
-0,08777781
-0,1104732
-0,1492617
-0,09751327
-0,1169863
-0,05784644
0,001181184
-0,05439648
-0,05753601
-0,01061201
0,01164683
0,01199983
-0,005449734
-0,01693705
0,01677106
-0,006743907
0,008736322
0,009756939
0,02304902
-0,01594678
-0,04783639
-0,01569711
0,02440782
-0,05607396
-0,030699
-0,03248958
-0,03685458
-0,02321678
0,001222198
-0,05253126
-0,01274827
-0,07842337
0,03403365
0,04870169
-0,006665862
-0,05815851
0,02579108
0,08326473
0,01132789
0,04526919
0,1438753
-0,03243532
-0,04910728
0,01901532
0,02445367
-0,06030734
0,05486545
-0,07394139
-0,06310988
-0,0191442
-0,1068277
-0,08052346
-0,1129097
-0,0489847
-0,01359785
-0,05696051
-0,01869308
-0,01320463
-0,07120363
-0,01360929
-0,006285512
-0,03849244
-0,04352733
-0,007384416
0,01369254
-0,0222846
0,02442819
0,01812734
0,006041494
0,01081907
0,04272868
0,003349288
-0,0365993
-0,02301182
0,01849332
-0,05871073
-0,04787286
-0,007126357
-0,001237483
0,02618043
-0,008682368
-0,003462083
0,01100365
-0,02864745
0,01655496
-0,008162264
0,05844579
0,05940178
-0,1388048
-0,08818536
-0,01080617
-0,04154907
0,1069768
0,02704463
0,03501715
-0,07089716
-0,03416721
-0,03716626
0,04751359
-0,07517885
-0,1058102
-0,09667724
-0,1197581
-0,06547479
-0,06110523
-0,04683791
-0,04758886
0,02597548
-0,02052745
-0,02106769
-0,01587768
-0,004387845
-0,01594105
0,004574802
-0,0007625621
0,002786534
-0,003518404
-0,001167514
-0,01488199
-0,008681341
-0,04176055
0,01031794
0,06287707
-0,02136973
0,00896744
-0,01005555
-0,007604103
0,03223575
0,1633511
0,1007169
0,06136785
0,01674999
0,0791802
-0,05520972
-0,009404159
0,01977753
-0,04979596
-0,01232538
-0,01617469
0,05215931
-0,0007817842
0,07851578
0,03563521
0,05581298
0,1082855
-0,02024465
0,001890657
-0,05741664
0,04563676
-0,04413898
0,01755895
-0,06727043
-0,131052
-0,06991553
-0,1139909
-0,04179591
0,001629343
-0,01071929
-0,07072281
-0,03488122
-0,02714641
-0,04252355
-0,02090154
-0,03770596
-0,02690498
0,01660686
-0,01566569
0,005240186
0,02392761
0,0322356
0,005974143
-0,01276394
0,01278698
0,04311927
0,04539425
0,04557306
0,04552835
-0,0172746
0,06093617
0,05565076
-0,02741867
-0,02897645
0,121554
0,05876245
0,07395882
0,04742329
-0,05420776
-0,02761693
0,1083488
0,05639628
-0,00716673
-0,06135633
-0,01174919
0,00433157
0,03033334
0,03707194
-0,0359767
-0,03652555
-0,1433523
-0,04123606
-0,04431688
-0,09702186
-0,08933634
-0,04134134
-0,08209531
-0,04955302
0,0404666
-0,003805702
-0,05168337
-0,06542087
-0,06863933
-0,01317824
-0,00813259
-0,01650582
-0,006395853
-0,01881137
-0,02025361
-0,01366523
-0,001885191
0,0208164
0,03286908
0,01362493
-0,002789089
-0,008830742
0,05698866
0,04884745
0,001459673
0,04499888
0,007755447
-0,02001985
0,03743788
0,02455725
0,03903013
0,06477395
-0,02998982
-0,04899849
0,0743378
-0,04780716
-0,02443429
0,02174215
0,09520915
0,0911293
0,05225181
-0,1681723
-0,05348072
0,1024021
-0,01108526
0,0446151
-0,02573306
-0,07455507
0,02368671
-0,09600437
-0,06811498
-0,01598794
-0,02830907
0,03412957
-0,0226442
-0,02818153
0,02414009
-0,02574174
-0,02387634
-0,01298641
0,0256134
-0,03315833
-0,01811001
-0,008226862
0,003048391
0,01714136
0,01390271
0,02420035
-0,007247234
0,04418515
-0,02684095
-0,02315955
0,04094106
0,05566517
-0,002728428
0,04162478
0,08985571
-0,04819838
-0,06906263
-0,04673227
-0,06015081
0,06133507
-0,07546389
-0,06888715
0,04241476
-0,005831435
-0,0241489
-0,1373819
-0,07203154
0,08842918
-0,0171905
-0,107383
-0,1033406
-0,02446617
-0,03362836
0,07479163
-0,02599075
-0,06056231
-0,1257566
-0,04822457
0,03744062
-0,002819438
-0,005510418
0,004092338
-0,0007648256
-0,02073137
-0,02856845
-0,04098387
-0,04209318
-0,02593417
-0,01953764
-0,02776385
-0,01200637
0,03143944
-0,002954023
-0,005402328
0,01358196
0,02801185
0,01789735
0,037807
-0,04064274
0,03159009
0,04629616
-0,007356044
-0,009860198
-0,084597
-0,03754093
-0,08413948
-0,00687549
-0,08312152
-0,1189644
-0,07473702
0,02529009
-0,0191099
0,05920486
0,00315282
0,049603
-0,07705799
-0,09800853
-0,07885637
-0,05903558
-0,01535981
-0,0008299055
0,01208537
-0,07733333
-0,1180802
-0,04436299
-0,1048501
-0,1167386
0,05265767
-0,03080371
0,005497092
0,04318326
0,1172137
0,04917459
-0,04555056
-0,007772633
-0,0606382
-0,03005633
0,008050423
-0,01006484
-0,06003994
-0,03678386
-0,005840672
-0,02394197
-0,01605984
0,02698028
-0,02182531
-0,05172185
-0,02175369
0,03978452
0,004668252
0,08394813
0,04607937
0,04304097
0,06288769
-0,008217
-0,028521
0,03004412
-0,07271857
-0,1020878
-0,04704296
0,01983435
0,07546478
-0,03470224
0,1356643
0,1111359
0,04912424
0,03760621
-0,08117088
-0,1949988
-0,007905597
-0,01249705
0,002368244
-0,1128815
-0,04439499
-0,0661405
0,03856229
-0,1084525
0,1317772
0,02524344
0,07546191
0,1189197
0,1040922
0,06458756
-0,05383435
0,004283864
0,004006567
-0,001837107
0,007211075
-0,01330092
-0,03672681
-0,002878667
0,01710038
-0,0007016097
0,02089311
0,006996642
-0,006782699
0,0004294381
-0,01549188
0,02134746
0,01039283
0,06980757
-0,01383579
-0,05667233
-0,07158125
-0,1119757
-0,001460482
0,03431557
-0,0005007394
-0,1204392
-0,1299556
-0,06475223
-0,04877127
-0,09135337
-0,1214458
-0,09475734
-0,07568257
-0,03008492
0,04073622
0,1227176
0,06116238
-0,08590616
-0,0880392
-0,06252968
-0,02533873
-0,1141632
-0,1304272
-0,05057193
0,0003781735
0,09331865
0,05796992
0,1140616
0,1633469
0,0303483
-0,02767176
-0,05570644
-0,01442556
-0,01599888
-0,02501693
0,005376496
-0,02202991
-0,0272592
0,00156079
-0,01746701
-0,02458461
-0,02664602
-0,003532599
-0,04134081
-0,01439041
-0,04141152
-0,0454906
-0,04111364
-0,03943414
0,01859521
-0,001046589
-0,01119333
-0,0009843752
-0,01023717
0,04605676
-0,02279697
-0,0782816
-0,07809459
0,007850997
0,1265947
0,0662096
0,08072404
-0,004778352
0,03556615
0,03228997
-0,005991989
-0,03390657
-0,05250042
0,04965023
-0,02450871
-0,08702063
0,0003211926
-0,1086889
-0,04267444
0,1023852
0,1412329
0,09699623
0,08194053
0,02919184
-0,04064539
-0,05176902
-0,05359885
-0,04713318
-0,07293473
0,01342096
-0,02548102
-0,03509138
-0,03660155
-0,01071077
-0,02961217
0,001265992
0,008864143
-0,009400725
-0,03502306
-0,03160425
-0,01762781
-0,01749701
0,03050008
-0,0003825118
-0,008664354
-0,05825898
-1,809898E-05
0,01639088
-0,0682755
-0,1309297
-0,03558623
-0,04625463
-0,06527185
0,03381528
0,05178396
-0,01385013
-0,04715154
0,003877966
0,01238181
0,2094736
0,06548706
0,03985495
0,03365168
0,07459339
-0,04597749
-0,114585
0,06337824
-0,01703467
0,08490184
0,06193413
0,1620075
0,2017402
0,09740663
-0,007175944
-0,03638525
-0,04358731
0,03580111
-0,00747224
-0,01097265
-0,02369686
-0,0473501
-0,02384661
-0,01447734
-0,01609779
-0,01678256
0,007401636
-0,01011387
-0,03916558
-0,01805128
0,00394125
-0,008305678
-0,08136717
-0,009158044
0,02106135
0,01771138
0,0001679846
0,02643531
-0,006964108
-0,0929794
-0,07527234
0,02032148
-0,04559908
-0,04432429
-0,01125781
0,1388669
0,07228271
0,1379916
0,01742459
-0,1067807
0,08276718
0,02779819
0,01459092
-0,07613727
0,09086062
-0,059012
-0,08882586
-0,122794
-0,04497328
0,04407001
0,05389679
0,2053334
0,1688243
0,1435423
0,03596669
-0,05462382
-0,004351467
-0,00526008
-0,05007414
-0,07378411
-0,01430205
-0,03095775
-0,01648564
-0,003031312
0,02661877
-0,01771198
0,01041323
0,008105104
0,01450176
0,02122987
0,02987082
-0,03172119
-0,03507683
0,04834118
0,0421744
0,0574326
0,05168973
0,021904
0,009135665
-0,0693449
-0,01818257
-0,0004209298
0,08261998
0,04137389
-0,05116853
0,06592283
0,1925409
0,1118895
0,02948928
-0,01678376
0,1017562
0,09538968
0,1014979
-0,005585337
-0,04880816
-0,06433073
-0,1238042
-0,03797884
0,09855637
0,07999805
0,08826386
0,02882508
0,1350209
0,03840028
0,04727897
-0,0406478
-0,002490919
-0,03289437
0,01780869
-0,06272604
-0,009601086
-0,03004501
-0,01214318
0,0009996599
-0,0142243
-0,01495604
0,01464076
-0,01691715
-8,214337E-05
0,01692707
0,03147134
0,00808956
0,05594108
0,02757876
-0,07131995
0,003637877
0,1060512
0,04298893
0,04478443
-0,06068764
0,01633541
0,01838997
0,03084682
0,1064837
-0,008099766
0,04539197
0,08757301
0,1294808
-0,01022871
0,05340467
0,1071139
0,1309615
0,1109794
0,1302254
0,06676839
-0,005067842
-0,008049119
-0,008653691
0,05368299
0,04040529
0,07611548
0,08139639
0,1408087
0,014059
-0,06408466
-0,02728074
-0,09159334
-0,01033675
-0,02808671
-0,04344597
-0,009332555
0,001088495
-0,0001607016
0,01352493
-0,009836514
0,01146943
0,02642242
0,0009496524
0,02536843
-0,01108089
0,009570244
-0,02016863
0,003305256
0,03256303
-0,00918839
-0,02155589
-0,05873331
0,018958
-0,04654241
0,01932836
0,08227432
0,05657197
-0,001493526
0,01647753
0,02338409
0,03007134
0,07053933
0,05960044
0,06073408
-0,05740943
0,01146217
-0,02201241
0,009307157
0,0996247
0,1467238
0,04241871
0,006414544
0,01014449
0,06743383
0,07293516
0,03224303
0,05208552
0,1174044
0,0149234
0,02247047
0,01797252
-0,05717293
-0,05591141
0,0338144
-0,01394869
-0,0657544
-0,007666392
-0,0271909
0,01229648
0,0232171
0,004224889
0,00802124
-0,02038633
0,003899911
0,003477591
-0,01107857
0,001144102
-0,02764663
-0,02093093
0,02759407
-0,02267899
-0,01042136
-0,01098945
-0,007412067
0,02365296
0,00884138
-0,01582059
0,02736502
0,08570753
0,1472289
0,148513
0,2397082
0,2308336
0,1524619
0,08141752
0,09452967
-0,02872832
-0,04213875
0,1370411
-0,01787528
0,08255752
0,009577171
0,006225542
-0,04925397
-0,08173023
0,06020012
0,02056232
0,01885566
-0,02850639
-0,05003966
-0,09446429
-0,04802096
-0,09032462
-0,02526418
-0,03773678
-0,01491144
-0,02862592
0,03088112
0,05927953
-0,01369584
0,01751409
0,01530978
0,01501434
-0,01974149
0,01362998
0,02184325
0,01602483
-0,007349446
0,04337989
0,05120854
-0,02280662
-0,009321625
-0,02849819
0,08683223
-0,04270213
0,003064669
0,06093059
0,1347037
0,1557916
0,1460651
0,0397976
0,169529
0,145826
0,2115869
0,08122786
0,006359612
0,0002822019
0,04606211
0,01133242
0,1489744
0,1219588
0,02048049
-0,06584667
-0,03278661
-0,0346633
-0,07100932
-0,0244695
-0,06732691
0,0905536
-0,02138814
-0,06408878
-0,05068898
-0,09205481
-0,06197667
-0,0633436
0,005070517
-0,0429001
0,001870054
0,03368739
0,01373715
0,00549345
0,006950115
0,02818375
0,01415805
0,02301375
-0,02302871
0,01648893
0,06971101
-0,008365567
0,006265452
0,02159138
-0,03220535
-0,007871398
0,01403376
-0,07850204
-0,01242907
-0,02264024
-0,004800684
0,04373672
-0,017045
0,06075086
0,04914425
0,05059092
0,01343349
0,01569195
-0,01652464
0,04079938
0,1430631
0,1173497
0,1508159
0,08485189
0,09980611
0,03381649
0,06052762
-0,04662555
-0,1443335
-0,1110863
-0,0538503
0,01884885
-0,1052978
-0,07349169
-0,1086493
-0,07680566
-0,04423666
-0,04120919
-0,03223398
-0,01379208
-0,02432441
0,006460134
-0,005285569
-0,01739583
-0,01973394
-0,006387061
0,02454405
-0,01433501
-0,008123266
0,01926464
-0,008848082
-0,03698939
-0,03571388
-0,04431183
-0,1433455
-0,02073222
0,008512277
-0,0707011
-0,02840377
0,03481099
-0,03739032
0,02351996
-0,03760146
0,00770545
0,1153467
-0,2021967
-0,01756199
0,05111185
0,05655243
0,01088447
0,01232614
0,1224405
0,01167035
0,09774385
-0,08951431
0,04220863
0,05858457
-0,0546794
-0,07599444
-0,02783469
0,03458776
0,04802964
-0,05889773
-0,1435781
0,01662136
-0,05472772
-0,01914627
-0,0308324
-0,02038066
-0,03733321
-0,04665145
-0,02562933
-0,02646326
-0,01073865
0,005994298
0,002346008
0,003171757
0,006952665
0,007877152
-0,0450491
-0,01290078
-0,101884
-0,1070316
-0,1520706
-0,1426841
-0,08644928
-0,1193292
-0,04383103
-0,1357289
-0,07505205
-0,04997318
0,01836517
0,07447655
-0,04731395
-0,09303217
0,0477511
0,03824575
-0,02001346
0,01711598
0,03182735
0,1385978
0,1615582
0,01277405
0,08208761
-0,08295818
0,02629577
0,0303753
-0,07954215
-0,02742504
-0,07574366
-0,01394399
0,04243702
-0,1496599
-0,03579985
0,007391298
-0,07858827
-0,0680085
0,01597391
0,00979005
-0,02916704
-0,04457798
-0,003135505
-0,008530006
0,01735726
-0,008912602
0,01789976
-0,008246311
-0,02971649
-0,0327815
-0,05744211
0,03092257
-0,03179686
-0,1027388
-0,1465349
-0,1392822
-0,1370344
-0,07927112
0,06345516
-0,002870731
-0,1637772
-0,09738536
-0,03780004
-0,1847107
-0,07862484
-0,00986852
-0,06537331
-0,03609921
0,00375951
-0,00273687
0,06853528
0,1272075
0,0940971
0,01310741
-0,03759507
-0,06240439
-0,00145173
-0,003231514
0,02394185
0,07860949
-0,02690138
0,02008034
-0,01412828
-0,04817383
-0,009895756
-0,09508575
-0,1455722
0,01770028
-0,01235249
-0,06660882
0,005817285
0,006581608
-0,03131279
-0,02823693
0,009588656
0,003058993
0,02127444
0,007438667
-0,0485825
-0,01426276
-0,08641283
-0,06135058
-0,05246513
-0,07133644
-0,1119132
-0,0945567
-0,06273922
0,02258576
0,02698166
0,02211869
-0,1264192
-0,06630837
-0,067485
-0,1549361
-0,133244
-0,1469688
-0,114801
-0,04895286
-0,03754839
-0,0007049916
-0,07177456
0,04642237
0,08117099
0,02489073
-0,01934028
0,01583153
-0,06367905
0,01603517
0,002287923
0,01797472
0,06892595
0,1646952
0,003879722
-0,02550005
0,02290634
-0,06053716
-0,09047397
-0,03963639
-0,00410344
-0,06391158
-0,03305048
-0,004984598
0,0006626855
-0,0151443
-0,03042602
0,006580449
0,02047391
-0,0194886
-0,04978293
0,0006204876
-0,01947733
-0,06529927
-0,09546083
-0,001935613
-0,01568909
-0,01599918
-0,04769367
-0,03204681
0,0008181478
0,01637589
-0,037159
0,004155753
-0,0368519
-0,01189036
-0,09443453
-0,05068883
-0,09094277
-0,07773208
-0,07550056
-0,1044136
0,03795643
0,05450697
0,1279345
0,07484072
0,109777
-0,01776019
0,02527433
-0,02987304
0,03557979
-0,09661823
0,06477676
0,104467
0,03580783
-0,1102057
-0,1166729
-0,04207872
-0,009822886
-0,04472636
-0,006580084
-0,0387276
0,001749151
-0,002578442
-0,02113676
-0,02734308
0,02089295
-0,0198235
0,02087471
0,02071511
-0,03942578
-0,02105299
0,01096943
-0,01911872
-0,04646008
-0,0127955
0,001537767
-0,06054107
-0,01920072
-0,1154843
-0,08463416
0,02964357
-0,08318351
-0,02474479
-0,07840571
0,02200372
0,0387319
0,0515971
-0,0125966
-0,1465721
0,02111959
0,09314734
-0,05030605
-0,03858986
0,0408353
0,1034347
0,1218864
0,04047888
-0,0009138777
-0,01525303
-0,01033236
0,08927143
0,1058666
0,07310428
-0,07016426
-0,04720886
-0,1078333
-0,04457043
-0,0576669
-0,05187576
-0,02610275
0,01043118
0,01432964
0,01669138
0,01071849
-0,009475916
-0,01816867
-0,02829446
-0,008936027
-0,008704701
-0,002657597
0,01463537
-0,03338441
-0,04914201
-0,001216365
0,01921765
-0,03270806
-0,07059494
-0,02806851
-0,02908505
0,02497144
0,02620689
-0,07267016
-0,152192
-0,1072287
0,0534038
0,04791434
-0,04738291
0,01257917
-0,08299226
-0,008578633
0,06536584
-0,08170282
-0,000282425
-0,04071666
-0,0543201
0,09553898
0,01592243
-0,08984134
0,025873
-0,05550385
-0,02374649
0,05647187
0,05858389
0,01510294
0,03938902
-0,1059435
-0,005563719
-0,04717769
-0,02655621
-0,05253348
-0,07250334
0,009535965
-0,007942472
0,01498236
0,031546
-0,01696702
0,01295324
0,01496052
-0,02082323
-0,003566789
-0,00135854
-0,04534452
0,01908509
0,01106145
0,03184494
-0,06451844
-0,04213351
0,07559815
0,08527167
0,06047656
-0,006230741
-0,1004663
-0,1198748
-0,1327044
-0,04342382
0,01534691
-0,1182622
-0,01748708
-0,1147199
0,04654762
-0,09392928
-0,1054111
-0,08492286
-0,04311276
0,08520655
-6,400296E-07
-0,01451977
-0,02688248
0,004811264
-0,04557836
-0,09460314
0,01298988
-0,005314691
-0,04370106
-0,02692691
-0,08158005
-0,06609066
-0,02889385
-0,01180403
-0,01132782
-0,05470754
0,01122511
0,01643094
-0,005514072
0,04379889
4,761501E-05
0,02874244
0,02829862
0,01388889
-0,02569046
-0,01805873
-0,03805915
0,05348118
-0,02268432
-0,1187644
-0,05833234
-0,004969086
0,05660336
0,07605369
0,02739825
-0,07083249
-0,1387887
-0,1638161
-0,004806688
0,0392077
-0,0385777
-0,1259627
-0,1295333
-0,06246363
-0,1310469
-0,04411243
-0,08823334
0,07068638
0,003930092
0,002587152
-0,06837349
0,03221579
-0,02128884
-0,01501758
-0,01819721
-0,02592936
-0,03726051
-0,06818269
-0,01925995
0,1142339
-0,0009030506
-0,0349098
0,03445695
0,02831664
-0,0001174747
-0,01145258
0,01007348
0,03038237
0,01722641
0,009196344
0,01369156
-0,01296915
0,01807609
-0,01360018
-0,02516651
0,001385954
-0,007075623
-0,01004348
0,01902412
-0,04283302
-0,0315324
0,02709595
0,06070804
-0,02815812
-0,05563769
-0,05023592
-0,0922857
0,01604211
-0,07340327
-0,01961663
-0,04521914
-0,09552979
-0,002317204
-0,1414121
-0,1623853
-0,03230325
-0,005678064
-0,01700167
-0,05825213
-0,1291207
0,1089192
0,1059285
-0,01233688
-0,0793685
-0,01207696
-0,06483156
0,01784849
-0,03558032
-0,102779
0,09413274
0,02637851
0,08560356
0,053658
0,008840921
0,03015352
-0,04986122
0,01514131
0,02342916
0,008472796
-0,002988107
0,02267447
0,005577205
-0,01228951
0,02726704
0,02712373
0,007434494
-0,03709421
-0,008522269
-0,02446661
-0,02229864
-0,05392031
-0,05148178
-0,03231465
-0,1405131
-0,1212736
-0,07363342
-0,03393502
0,01580064
-0,00782843
0,01922206
-0,05168382
-0,0558452
-0,04720087
-0,07903653
-0,05508893
-0,08026272
-0,009553951
0,06021896
-0,2048152
-0,1497124
0,1260082
0,1107
-0,01097096
-0,08379702
-0,04253376
-0,08912011
-0,08069037
0,05909243
-0,04587333
-0,0501717
-0,01138916
0,03472726
0,01402134
-0,03578447
0,01162672
-0,03428239
-0,0009140207
0,001769454
0,02962707
-0,03182852
0,01365848
0,02011737
-0,01780066
-0,01237907
-0,008757401
0,01884667
-0,02970123
-0,06056247
-0,01891035
-0,02317605
0,004287038
-0,01942706
0,01560036
-0,05666407
0,002150117
0,03238383
-0,07277049
0,1248836
0,0657234
-0,01335111
-0,03137744
0,08819022
-0,01873944
0,01563063
-0,09818248
-0,1500222
-0,05984067
-0,06283105
0,02506785
-0,02096839
0,0376733
-0,01126325
-0,1178186
-0,02472748
-0,1034154
-0,06682705
-0,06392717
-0,08176351
-0,03347252
0,01119953
-0,00768333
-0,001955067
-0,04095553
0,006901601
0,005190542
0,04118795
0,02708243
0,009448537
-0,01807325
-0,02351801
-0,03927746
-0,03102494
0,02006222
-0,01994435
0,002528046
-0,008133364
0,0148497
-0,0009997971
0,04261657
0,01596553
0,03476368
0,02576683
0,03978466
0,03677959
0,01208003
0,02967212
0,03518971
0,04878213
0,03902295
-0,08113893
-0,00552484
0,005813456
-0,03232855
0,01005025
0,03009713
-0,1503206
-0,08121812
-0,0817213
0,1125827
0,01306698
-0,005046979
-0,1046639
-0,1408648
-0,02810868
-0,02309423
-0,1281024
-0,06949589
0,05523539
0,01228916
0,04540198
0,06918997
0,03283012
-0,02308327
0,02078807
-0,03754766
0,01546608
-0,0002386368
-0,009454234
-0,007046381
-0,01637712
-0,01188947
0,01462161
0,02752361
0,01964758
0,002436459
-0,02806045
0,0002095424
0,0005218148
0,02797839
0,03072758
-0,004447799
-0,007747321
-0,005467556
0,02374071
0,002674536
0,01658613
-0,08221661
0,02520238
0,01225172
-0,03117618
0,09575275
0,08711966
-0,03917472
-0,04764196
-0,02691782
-0,04837423
0,04019047
0,08032402
-0,02013415
0,08083057
-0,001160727
-0,1001951
-0,04638823
0,01911314
-0,009691613
-0,1175579
-0,0544568
-0,047905
-0,06027121
0,05512122
0,01511112
0,02183563
-0,02511823
-0,02320463
0,009246884
-0,01197917
0,004052588
-0,02753635
0,01823412
-0,000773252
0,01488879
-0,03285312
-0,01228879
-0,0207179
-0,0006117047
0,005941156
0,02789321
-0,006739368
0,04600517
0,01906185
-0,01641788
-0,01003948
-0,002121917
0,006091672
0,08307987
0,03409758
-0,04187794
-0,0128319
-0,03193358
-0,08547723
-0,00946647
0,1026707
0,0302005
-0,03246414
-0,02623558
0,05230577
-0,01793648
0,03539875
-0,05937433
0,02692169
-0,03390032
0,01029359
0,01369407
-0,07926445
-0,1314706
-0,04448682
-0,03766288
0,0436292
0,05108885
0,0755736
-0,03484498
0,0292605
0,007969467
-0,003859573
-0,01682029
0,03080969
-0,02257397
-0,025964
0,005377296
0,01569138
0,002734362
-0,0006616824
-0,02004819
0,02473999
0,02177706
-0,009010325
0,06478317
-0,003509007
0,01780192
0,02091729
-0,04372625
-0,04822041
-0,03440975
0,01807421
0,02581139
0,06655653
0,02089704
0,103693
0,072373
-0,02036376
0,02436232
0,01813487
-0,002626901
-0,05725824
0,04114257
0,02182445
0,1268002
0,02784388
-0,05272573
-0,03425559
0,02883089
-0,01617642
-0,0146453
-0,02770671
-0,02852565
-0,04667759
-0,04293714
0,04343453
0,04238328
0,0648907
0,0229147
0,02866652
-0,003760194
-0,03366248
-0,03475339
-0,002232104
-0,009104499
-0,02754097
0,02285735
-0,01829363
-0,01401484
-0,03508156
0,0306738
-0,0259632
0,01137218
0,03541363
-0,00221231
-0,00790528
0,01322088
-0,0103412
-0,04422477
-0,1086411
-0,01146801
0,002034751
-0,02919883
0,09112634
0,0460149
0,004330421
0,1235367
0,05269454
0,03769932
0,003378262
0,05849085
-0,02021603
0,02689817
-0,05799215
0,02782417
0,03547801
0,04155431
0,03388987
0,03650385
0,05362186
0,007240204
-0,02653853
-0,05121592
-0,04100803
-0,06292716
-0,01684934
-0,04433477
-0,0003995527
-0,02306222
0,008558783
-0,02999695
-0,02927087
-0,02014666
-0,02429253
-0,02050305
0,01824469
0,01044895
5,373531E-05
0,009185469
-0,0328861
-0,004798513
-0,01546222
-0,002320256
-0,01815964
0,02501837
0,01811188
0,01648659
-0,006166835
-0,01236461
-0,09810416
-0,07324901
0,02041909
0,0242918
0,057604
0,02581267
0,0004445464
-0,03276053
0,06814824
-0,02998892
0,04231691
0,0594776
-0,07492059
-0,08963354
-0,01308265
0,04080435
0,05570322
0,02029917
0,05888461
-0,0003444027
-0,001871115
-0,01658109
-0,08625229
-0,08815733
0,03247216
0,02599607
-0,01983363
-0,01950799
0,04366171
0,03319609
0,03748023
0,01583877
-0,01256784
-0,0310329
-0,03034175
0,01239132
-0,0005548402
0,006147209
0,02519775
-0,007113718
-0,01889702
-0,01856073
0,01591249
-0,02480573
-0,01348272
0,0301963
0,04403582
0,0344528
-0,0169724
-0,01493317
-0,08266271
0,005337658
0,006601437
0,0419541
0,004804372
-0,001723914
0,02868783
0,02718005
0,03900552
-0,04339803
-0,006469617
-0,0347743
-0,03477999
0,01442469
-0,007709213
0,01850112
-0,004265979
0,01520564
-0,04517117
-0,1373893
-0,06114736
-0,07459389
-0,0213066
-0,03937178
0,02066651
0,001439447
-0,01450417
0,01724776
0,001512421
0,03151007
0,007838635
-0,02450238
-0,04611468
-0,01309228
-0,0002009928
0,01519092
0,02416964
0,02683008
0,001119912
-0,0009419378
-0,003919707
0,02586716
0,01798032
0,01525317
0,001818527
-0,01946145
0,009648452
0,002309434
-0,001428083
0,01560286
-0,003888454
-0,02220127
0,04094847
0,02976922
0,02476594
0,07638678
0,008739115
-0,03069456
-0,004747716
0,02621813
-0,006005425
-0,01368228
0,02126372
0,08737609
-0,01388935
-0,02058387
-0,02642632
-0,002585115
-0,03476034
-0,06000847
-0,02202058
-0,04045827
-0,002604809
-0,04626505
0,01744708
-0,04110049
-0,009302428
-0,02080747
0,0007717003
0,006931575
0,02262276
-0,02843488
-0,01557867
-0,01420389
0,006654741
-0,01496786
0,007643502
-0,008139169
0,002715715
0,01088966
0,01563889
-0,003001504
0,01770583
0,01287509
-0,0046873
0,01266302
-0,002736794
0,04401948
0,03612858
0,0413452
0,06458412
0,002909061
0,002190852
0,002026098
0,01662431
0,04267163
0,02373094
-0,01746551
0,005399636
0,004547144
0,002959277
-0,03714876
0,02800442
0,02197094
-0,03450039
0,009257086
-0,01379046
0,02228202
-0,01014088
-0,07301681
-0,03692592
0,03928531
-0,02996898
-0,06689878
-0,07122026
-0,03220602
0,01994528
-0,02587582
-0,01623385
-0,03262369
-0,03381771
0,001692914
-0,03035048
-0,01784049
-0,0006915715
-0,02025079
0,009744501
-0,0263275
0,02295825
-0,02165822
0,02206162
0,007333721
0,008105353
-0,01252392
-0,01745808
0,008286493
-0,00671889
-0,01496787
-0,0004602046
0,001592483
0,02632131
0,02140877
0,003067624
0,003704948
0,06033431
0,01365528
0,06657126
0,03944971
0,03437376
0,0386274
0,07163066
0,04044856
0,07754427
0,04730697
0,01063208
-0,01988275
-0,005067593
0,008417144
-0,04922839
-0,02292752
-0,05958419
0,002129287
0,0192489
-0,06135178
-0,01580709
-0,02776369
-0,05199558
0,01171034
0,01799634
-0,03122073
0,02149402
0,01950736
0,01009761
0,005728124
-0,02764257
0,005441853
-0,02726175
0,01471765
0,0006050358
-0,001217484
0,007991651
-0,01506769
0,004647376
0,009193454
-0,005025207
0,01278988
0,02472006
0,02520452
-0,006489885
0,00811402
0,04276397
0,02339607
0,02225069
0,01894103
0,03198614
0,01249626
0,06313203
0,05159362
0,04734951
0,03246458
0,07672468
0,06514363
0,02811184
-0,002091641
0,01575598
0,03678878
0,05779463
0,02291449
0,02637447
-0,01021898
-0,03056842
-0,03160515
-0,01642046
0,000292609
-0,02282369
0,01177741
-0,04202196
-0,01382216
-0,001458866
0,02110862
0,004720567
-0,01624365
0,001103885
-0,006558953
-0,01158973
-0,02174648
0,0193461
0,03006457
-0,02575428
-0,02943838
0,02553953
-0,003357759
0,02239368
-0,01890374
0,002320195
0,01596426
0,01003969
-0,009554354
-0,006521077
-0,004053221
-0,02796333
0,0210545
-0,00653932
0,0169056
0,0331333
0,04695082
0,02743732
0,02892758
0,004169312
0,008255083
0,01613808
0,01207172
0,05837747
0,07224569
0,04875917
0,04201259
0,01154066
-0,006827574
0,0233028
-0,02081098
-0,0465375
-0,005943454
-0,03665565
-0,007423006
0,002162243
-0,01435953
-0,03036853
0,02528054
-0,02177846
-0,0003553035
-0,01890659
0,02418189
0,02964409
-0,02292572
0,02441953
0,01534885
0,02897821
-0,02834298
0,01344359
-0,006780822
-0,007256775
-0,007132574
0,01377968
0,002357811
-0,01634815
0,01074691
-0,003126787
0,02476181
-0,003609285
0,02199296
0,007737006
0,0177741
0,01534762
-0,005160909
0,001638563
0,007184637
0,01695182
0,01205722
0,02164833
0,002195857
0,01991652
0,03434845
-0,001538117
0,01455012
0,00856756
0,04548824
0,0138025
0,02104732
-0,0358989
-0,0442263
-7,840856E-05
-0,02608627
-0,007841226
-0,002203163
0,01708263
0,0196801
0,02345457
0,004250353
-0,001379767
-0,02150742
0,02647993
-0,01333727
0,002777888
-0,01537696
0,02248701
0,003944948
-0,001375031
0,01864989
0,02483907
0,0001360292
-0,02913836
-0,008449443
-0,01426322
-0,008780054
0,01130012
0,004864731
-0,02590934
0,02438267
-0,01892876
-0,005980084
-0,01370655
0,007891333
0,03272199
-0,001373417
-0,01811475
-0,002363522
-0,005707155
0,0362725
-0,001904896
-0,006885352
-0,006601797
-0,004780453
-0,01460847
0,01467752
0,01475409
0,002172592
-0,01358105
-0,02809423
0,01980287
0,01663425
-0,001163851
0,002177907
0,03492697
0,002170378
0,02852284
-0,008484895
0,02793763
-0,03298845
0,02047822
-0,01365044
0,01868259
0,03138918
-0,01048699
-0,02780773
0,01542214
-0,01125651
-0,006710836
-0,02122801
-0,02809375
-0,0030483
-0,009246001
0,005588791
-0,001292061
0,0009073012
-0,02914497
0,0186357
-0,02196333
0,0049927
0,02496873
-0,01742104
-0,01573534
0,02711675
0,03079964
0,002782614
-0,02395748
0,02458628
0,0124648
-0,009008251
-0,006499945
0,01945339
-0,003420406
-0,01609195
-0,02828544
-0,02098107
0,01162582
0,0008383701
0,03284531
-0,0142119
0,03094215
-0,01765631
-0,02118552
-0,02084306
-0,024773
0,001942569
-0,004095586
0,0184863
-0,02716143
-0,004334083
0,002200921
-0,01607632
-0,01759681
-0,005417292
-0,02104507
0,01114225
-0,02897751
0,02218725
-0,02828633
0,02537949
-0,02949905
0,02626812
0,01131115
-0,02824524
0,01627496
-0,01672385
0,03004784
-0,02143971
0,004323532
-0,005073166
0,02597983
0,002451762
0,02157275
0,02483975
0,006424956
0,01740023
-0,02202982
-0,02321659
0,01973145
-0,002732348
0,02856622
-0,02011699
0,01636733
-0,01884826
0,0143628
-0,02091038
0,005073809
-0,02756537
-0,02525675
-0,004238849
-0,02366274
0,0163985
-0,00144098
-0,02785499
-0,01930119
-0,02904346
-0,002136555
-0,02581495
-0,004450789
0,02251402
0,001478104
-0,0129195
-0,0175404
0,00807912
0,001627609
-0,02965801
-0,006576516
-0,01351433
0,01866735
-0,004525845
0,006002979
0,02732819
-0,02770448
0,004987075
0,02634851
0,01697389
-0,02036723
-0,0007198385
-0,01621377
0,007271011
0,007560153
0,02644981
-0,02549493
-0,01643633
-0,00693306
-0,01878646
-0,02508534
0,02099309
0,01607866
0,002616219
-0,01604854
-0,03023208
0,01274944
0,0300606
0,02747522
0,0129407
-0,02801126
-0,0209959
0,01105643
0,01769823
0,01698814
-0,01134385
-0,01670364
0,008232474
0,01494474
-0,02478459
0,01247333
0,02283427
-0,02483187
-0,005182966
0,02279555
0,03008654
0,02152937
0,01760671
-0,01444603
0,005624509
-0,01689475
0,02993025
-0,01367884
-0,008167076
0,02685946
0,003640886
0,001344648
-0,01517397
-0,01970108
0,005458524
-0,01378226
-0,0246365
0,008945533
-0,01565964
0,01586949
-0,02846863
0,01911951
-0,003793941
0,02171079
-0,01230288
0,01104592
-0,003174774
-0,0008456056
-0,01371385
-0,002719403
-0,01885134
0,01563619
-0,009416301
0,01124891
-0,01435005
-0,02048746
0,02411062
0,01182046
-0,008978616
-0,0009148376
-0,0281488
0,02219187
-0,01121909
0,02215855
-0,01750958
0,01891779
-0,02948165
-0,001667971
-0,02031856
0,02021988
0,007528171
-0,01557163
0,02104004
0,009724857
0,02153401
-0,01888648
-0,00465647
0,02646073
0,0285239
0,02533431
0,01727068
0,0008471791
