-0,0001936556
-0,0181198
-0,02810957
-0,001368058
-0,01537493
-0,0054863
0,009363217
-0,01263594
-0,01821847
0,01815253
-0,02186641
-0,01832476
-0,02970415
0,009309128
-0,01604863
-0,02873479
-0,009158524
-0,002328704
0,02915885
-0,02948046
0,01318277
-0,00669092
0,0213399
-0,01930146
0,004023915
-0,009327908
0,0136413
-0,003789967
0,004893639
0,01317194
0,01500544
0,0142874
-0,02523155
0,002124428
0,005210713
0,00351106
-0,001135417
-0,009609721
0,01239191
-0,0116792
-0,01119802
-0,02992162
-0,01660643
0,02738698
0,008334962
-0,003927944
0,01014327
-0,0001980445
0,02591531
0,02030012
0,0004889788
-0,02542358
-0,02574088
-0,02503697
-0,02606518
-0,02344794
-0,008945108
0,02171327
0,02521892
0,02461604
0,01142992
-0,01681719
0,01312801
-0,0007524784
-0,02686509
-0,005560707
-0,02308399
-0,001224748
-0,02590418
0,01103298
0,003006801
-0,02954696
0,01587375
0,01085141
0,01236573
0,01315146
-0,02004037
0,02460708
0,002952831
-0,02210787
0,01107172
-0,01612659
0,0009247859
0,0151549
-0,01734967
0,0104248
0,01009891
0,03046308
-0,001701433
-0,001281563
-0,01754687
0,007691112
-0,00426091
0,01840175
0,007485007
-0,02436287
-0,01242435
0,01477474
0,02424161
-0,01612089
-0,01082248
-0,01864406
-0,004313511
-0,01503007
-0,01261121
-8,025068E-05
-0,01082268
-0,006025299
-0,006752023
-0,008490569
0,02720333
-0,002878449
-0,01119619
0,01737286
-0,01651763
-0,002416091
0,01288397
0,02857067
-0,01345337
-0,006659247
0,0149906
-0,02291833
-0,02942436
0,006065567
-0,001366853
0,02606489
0,005319469
0,02804014
-0,02680241
0,006478073
-0,004691982
-0,004291212
-0,02963437
-0,01097063
0,0192805
-0,0003292492
0,01875489
-0,0139215
-0,001952985
0,01341927
-0,008861201
-0,01397084
0,007143221
-0,02322055
0,00207676
0,01576608
-0,01116841
0,009040971
0,004946711
-0,02011039
-0,006609387
-0,010343
-0,001799678
0,001084467
-0,0004146872
-0,01809092
-0,0192933
0,02028495
0,01684829
-0,008231031
0,02520928
-0,008508385
-0,009527167
0,01716182
0,02648842
0,001378894
-0,003222756
0,03030436
0,02851286
0,01429919
0,009549384
-0,003153891
0,0006013191
0,004058705
-0,02784997
-0,001075504
0,0003870581
0,02436449
-0,02605273
0,01339541
0,00692779
0,02668972
-0,006954679
0,0240932
-0,01670095
-0,02424233
0,02813891
-7,178984E-05
0,02009923
0,007223274
-0,01101701
0,02902517
-0,0003469419
-0,0241318
0,01850557
0,02984097
0,02599702
0,02066793
-0,01902673
-0,02933702
-0,01105299
-0,01079225
0,0110939
0,02137358
0,001248037
0,02708785
0,01942452
0,02442764
-0,001671404
-0,02965435
0,01206849
-0,01338135
0,01607521
-0,02663359
0,01547255
0,02902268
0,02933593
-0,002778658
0,003730434
0,02038923
0,003968886
0,02742433
-0,01964847
-0,008659995
-0,005063457
0,01030379
0,02720183
-0,005647498
0,01616875
-0,02686266
0,003443409
0,01042183
0,01333109
-0,02653002
-0,00568009
-0,01207846
-0,01435282
0,002437474
-0,007042234
-0,0133178
-0,01330467
-0,02698866
-0,02893668
0,0194406
0,02558316
-0,02814928
-0,01733152
-0,003635136
-0,008815459
0,02018119
-0,02940634
-0,00110183
-0,01290846
-0,009001396
-0,002763063
-0,008102488
-0,02070868
-0,01019864
-0,004572573
0,02040361
0,02988893
-0,005146645
-0,02111812
-0,004213587
-0,002374901
-0,02837013
0,004196624
0,01299587
0,00946711
-0,002943722
0,01281825
-0,003229639
-0,02619728
-0,01331114
0,003376412
0,0005293821
0,02599065
-0,009028651
-0,00389663
-0,006652165
-0,001737916
0,001250213
-0,02621594
0,02640519
-0,02781281
-0,02498836
-0,006257229
-0,00750499
0,006791644
-0,02749182
-0,02134586
0,02629429
-0,02360044
0,002794504
-0,01285352
0,02216733
0,02456394
0,006095056
-0,008117437
0,02371188
-0,001805099
0,0002236055
0,0174573
0,02414947
-0,02342148
0,004605441
-0,005187111
0,03085009
0,01808951
0,02684812
-0,004120216
0,01836685
0,02427668
-0,02729216
-0,007644662
-0,00148853
-0,008489037
-0,01671228
-0,006711585
-0,006941816
0,00874622
-0,01851794
-0,0236807
0,007092139
-0,01100402
0,01784874
-0,00969227
0,001878939
0,02978087
0,01153326
0,007024934
-0,009436281
0,03034068
0,003793305
0,0259646
0,02881766
0,01472259
-0,0203189
0,01956617
-0,001347646
0,01062914
-0,006562165
0,004663588
0,009800829
0,006277832
-0,009001297
-0,02769814
-0,0257265
-0,01941238
0,01890611
0,0004794123
0,01112994
-0,01759475
0,02934549
-0,01558906
-0,01408593
-0,006314388
-0,01905323
0,005821148
-0,009967616
-0,01576458
0,02385424
0,03053073
-0,02422328
-0,009294031
-0,02403736
0,01891467
-0,009515616
-0,02312028
-0,005781473
0,01494577
-0,0187365
-0,005458816
0,02544551
0,01246122
-0,01546033
0,00606634
-0,003983919
-0,03078735
0,02741829
0,01504809
-0,0149459
-0,009564476
-0,01785979
-0,01783982
0,02677653
-0,02305734
-0,02973411
-0,01163633
0,009436008
0,005308311
0,003820399
0,003861486
-0,001101469
-0,01568399
0,01781753
-0,006010557
-0,0002651167
-0,01037541
-7,863561E-05
0,00234036
0,01192197
0,02760862
0,01681653
-0,02630047
-0,01223343
-0,01328197
-0,01266595
-0,01352294
0,02993158
0,009737698
0,02752082
-0,02062932
0,008381785
0,005592458
0,02932095
0,002309704
0,01833917
0,02404081
-0,005929747
0,02870099
0,0175019
-0,02853777
-0,003053246
0,01914456
-0,01968126
0,006416252
0,02443216
0,01007349
0,02468562
0,022692
-0,02242555
-0,02256335
0,001004106
-0,004244834
-0,02646781
-0,01117542
0,00527038
-0,02231298
0,02400773
0,009960441
0,01998921
0,01411582
-0,01194769
-0,03041596
0,008860304
-0,005666288
0,02648686
0,02379108
-0,01417043
-0,01461293
0,005789991
0,006044451
0,02550249
0,0002280878
0,0138695
0,009150072
-0,000624046
0,02713949
0,02271606
0,009573195
-0,009171163
0,007172984
-0,009719887
-0,02163293
0,001841038
0,01846024
0,00857475
-0,01741315
0,002150292
0,009221115
0,0263941
0,01090705
-0,02941685
0,01575385
-0,02023041
-0,02675635
0,01378787
-0,002412756
-0,0200639
0,01738649
0,01317859
-0,027333
-0,004570414
0,01008763
-0,01312398
0,003168411
-0,01649229
-0,02909213
0,01242383
-0,006044838
0,01920507
0,007622083
-0,01544584
-0,0169983
-0,01166499
-0,01688501
-0,006138329
-0,01957362
-0,001652022
0,01973567
0,0160227
0,01399086
-0,008859865
0,005307803
-0,01271
0,02414591
0,005642948
-0,020347
-0,00883362
0,01008301
0,02491335
-0,02813236
0,01743214
-0,02481527
0,02773091
-0,01264367
-0,0198037
0,01015909
0,02242055
-0,03225805
0,005131905
0,007371526
3,338593E-05
-0,02102905
0,02039175
-0,01152353
-0,005477493
0,01741058
-0,004198869
0,02712204
0,009828424
0,004007179
0,03144943
-0,007952131
-0,02847814
0,02967494
0,01237872
0,01965003
-0,006576291
-0,008623308
0,02690176
-0,0270991
0,009347223
-0,02799613
-0,001684188
0,01716955
0,02208949
-0,02060493
-0,01484857
0,03020273
-0,02833572
0,01398046
-0,01157065
-0,002453848
-0,01819544
-0,02391314
-0,01776996
-0,01754238
0,01399949
0,02835198
-1,96791E-05
0,01867363
0,01244796
-0,005875603
0,02948988
-0,009515789
-0,03018286
-0,008480038
-0,02776395
0,02785956
0,004539709
-0,01119534
-0,01461659
-0,001019096
-0,02783721
0,00368821
0,02852517
-0,00118133
0,009492898
-0,02604709
-0,005636493
-0,01437372
0,001488794
-0,002142059
0,02612077
0,02783904
-0,01547722
0,0008303436
-0,02059717
0,02469834
0,01575859
-0,001080765
-0,02492208
-0,005427249
0,02207935
-0,02256409
-0,00915503
-0,01492373
-0,02703607
-0,02303812
0,01524878
-0,001820923
-0,02579738
-0,01543884
-0,009070262
0,009099172
-0,006565995
0,01723776
-0,005483991
0,009030913
-0,02130451
0,01470101
0,001072034
0,009601865
-0,0004232121
-0,01841395
-0,01499572
-0,01721131
-0,002066552
-0,03009073
-0,02673245
-0,002119696
-0,01711731
-0,02292555
-0,01843379
-0,02348812
-0,01195742
0,02520473
0,009717749
0,02615721
-0,02124831
0,01280758
-0,005134452
0,00178747
-0,01095694
0,03023655
-0,02001112
-0,01445064
-0,02608202
-0,01467545
0,00133628
-0,002093193
-0,02262342
0,0001708263
0,01515754
-0,02908182
0,02815846
-0,004705796
0,02402072
0,008971739
0,0216836
-0,02369402
0,01506299
-0,03086591
-0,03140157
-0,01699303
-0,01813333
0,02398496
-0,02973295
-0,01479538
-0,006804967
0,002471247
-0,02212307
-0,002651519
-0,005296263
-0,004417361
-0,01198707
0,0264885
-0,01090813
-0,001481863
-0,02934013
-0,03194708
-0,02263212
-0,01821884
0,0004867465
0,006545314
-0,00755463
0,01539709
-0,003678181
-0,01737336
-0,02368809
0,02064554
-0,03055674
-0,03014505
-0,0260212
-0,02445874
0,02707331
-0,006129823
0,001121885
-0,02638836
0,01713122
-0,01384959
-0,01563102
0,02066824
0,02274938
0,02898712
-0,01014101
0,01008266
-0,02802421
-0,01178058
0,01228261
0,03030087
-0,02590789
-0,007566507
0,005313717
0,02101146
0,02679204
-0,0006008248
-0,002716452
-0,009047391
0,02214269
-0,003453692
-0,001814264
0,0185172
-0,02754909
0,0003873844
0,0003747354
-0,02507153
-0,007541185
-0,009821055
-0,00278141
0,02461397
-0,005533861
-0,01569759
0,01473365
0,01440552
0,01272836
-0,01324897
-0,008387251
0,002571223
-0,01206956
0,01321865
0,01365905
-0,02283862
-3,579314E-05
-0,02132765
0,01698131
0,006352596
-0,006021958
-0,01621041
-0,02148916
-0,002092205
0,02600707
-0,01872259
-0,01610064
-0,01167578
0,01958738
-0,003144191
0,01546178
-0,009218118
-0,003220296
-0,01751438
-0,01338052
0,01095554
0,01981744
0,01608501
0,003075791
0,01827651
0,007984134
0,02089788
-0,02431157
0,00584977
-0,02430338
0,02612191
-0,02861763
-0,02144701
0,01443438
-0,0128631
-0,01463574
0,02547944
0,01323846
0,0235756
0,01082466
-0,02245486
-0,01810673
0,02785423
0,02602329
-0,0191397
-0,02846839
-0,00596101
0,02539478
-0,01309558
0,002244991
-0,0301618
-0,02618486
-0,02644074
-0,003099127
-0,02904397
-0,01380877
0,01552972
0,007075223
0,0283223
0,02826679
0,003145841
-0,02265586
0,002301457
-0,007556618
-0,02924618
-0,02187573
-0,02408291
0,00439452
0,0003521537
-0,02094762
0,02083753
0,006794357
0,0005849209
-0,00214552
-0,02321926
-0,00114567
0,02027656
0,01786033
-0,01194968
0,01697299
-0,01694121
0,02565014
0,0169807
-0,02836785
-0,02889692
0,01904479
0,02649137
0,009557216
0,009798019
-0,03472178
-0,001025861
-0,01653225
0,01271303
0,02339124
-0,02514579
-0,03004408
0,009514158
0,00435205
0,02605435
-0,02795045
0,02250859
0,02003323
-0,007051659
-0,02209323
0,01395865
-0,005413898
0,004030125
0,0067983
-0,01232462
0,003298874
-0,002717962
0,02520293
-0,01263776
-0,01933822
0,01559151
0,00851505
-0,009833953
-0,0003026187
-0,01162541
-0,01820862
-0,01880658
-0,006117119
0,02101479
-0,00334479
0,004836329
0,002554239
0,01966719
0,002616595
-0,01282185
-0,0233229
0,01881061
-0,01851959
0,01982318
-0,02001031
0,02075094
-0,01091519
-0,003636197
0,004203069
-0,01673426
0,00140185
-0,0197794
-0,01594647
-0,01130976
-0,02737628
-0,003853258
0,004753489
0,02701425
0,001394659
-0,02040326
-0,00400985
0,007337358
-0,02340804
-0,01450296
0,01266219
0,02130662
0,0004618517
0,02818938
0,02685661
0,003624191
-0,01797676
0,005546039
-0,03073206
-0,01246806
-0,01791538
0,01321119
-0,01656762
-0,0249154
-0,02464148
-0,01126156
-0,007057363
-0,02078104
0,01094644
-0,0205539
0,00931254
0,02763911
0,02193389
-0,03216278
0,01152762
0,02365732
0,02697588
0,0009075119
-0,01674592
-0,007736166
0,01645548
-0,002851037
0,009321244
0,02295157
-0,02976388
-0,0170382
-0,01665672
-0,01490491
-0,001486089
-0,03044544
-0,02974606
-0,03350368
-0,0215687
-0,03353755
-0,02295286
-0,007149502
-0,01589308
-0,003044326
0,02115751
-0,01624798
0,01432851
-0,008810944
-0,03200611
0,02982942
0,008723103
0,01829774
-0,02628598
0,001839513
-0,01310173
-0,02900978
0,004694514
0,008092871
-0,01038899
0,006878351
0,00151691
0,01821975
-0,02752062
-0,01146363
-0,0297888
0,01793142
0,0276611
-0,03179639
0,007066322
0,004076742
-0,03128145
0,005172852
0,01277838
0,0176171
0,01781035
-0,01641279
0,0050338
-0,004177202
0,003395893
0,02610583
0,0006679802
-0,009497703
-0,01021447
0,005503805
-0,0183735
-0,02027756
-0,02265898
0,01452436
-0,03028986
-0,00561654
-0,005341946
-0,001649122
0,00593449
0,002319964
-0,003824944
-0,01065398
-0,0113594
-0,02978114
-8,481996E-05
-0,02492184
-0,01115385
0,01739346
0,01596034
-0,005268655
0,02903883
-0,02884213
-0,02639193
-0,01706924
0,01148718
-0,02928711
-0,004312491
-0,02105879
0,02931842
-0,009701663
-0,02832511
-0,0233076
-0,007918702
-0,008571329
-0,02891208
0,01380902
0,003481991
-0,02467082
0,02348534
-0,02858157
-0,02828487
0,001117374
0,02254312
-0,02257122
-0,01369393
-0,005266419
0,01951258
0,001307164
0,02222459
-0,002397759
0,00482585
0,01110528
0,0005024394
0,02296378
0,007787673
-0,01549795
-0,02356101
-0,03240971
-0,02749645
-0,03080512
-0,02661136
-0,008776568
-0,00151626
-0,009085669
0,002083508
-0,007437224
0,03203937
-0,02795078
0,03099924
0,01805666
0,002977921
-0,0196564
0,0220491
0,01040488
-0,009304015
-0,002320246
-0,02373558
0,02688995
0,0229065
-0,01535588
-0,02189937
0,02149212
-0,0164942
-0,004000084
0,009931702
-0,01799832
-0,003764049
-0,007964952
0,005011612
0,01271886
0,001233037
-0,0008818644
0,02789997
0,01720476
0,02642661
0,008489944
0,02794812
-0,002461149
-0,002140566
0,02200087
-0,006580355
0,01602098
-0,003945447
-0,03461127
0,01923988
-0,002148653
0,02187522
0,02545714
0,004147904
-0,01860309
-0,0230502
-0,01385195
-0,02357008
0,02235912
0,02590623
-0,01510828
-0,02346973
-0,02538846
0,01436853
-0,007095638
0,02564843
0,00680531
-0,007362122
-0,01707059
-0,01495166
-0,02883326
-0,01951565
-0,02929849
0,01018045
0,008531949
-0,001472751
0,004216441
-0,006962765
0,02367971
0,01683164
-0,01313537
-0,01530068
-0,02511054
-0,006554845
-0,02648412
-0,01466312
-0,001889783
0,01202559
-0,009153718
0,002197595
-0,01994085
-0,01135002
-0,03149707
0,0180826
0,0111105
0,0009417236
0,01742269
0,009242743
-0,03628269
-0,04085303
0,01336919
-0,00820759
-0,01461439
0,01628268
0,02439729
-0,008913161
0,02662382
-0,01370849
-0,02933659
0,01664014
0,004001023
0,02139206
-0,01676525
-0,02449166
0,008744605
0,02725512
0,02897419
0,006717181
0,00667093
-0,024501
-0,004676499
0,02206361
0,02912672
0,006432473
0,02930957
0,007725374
-0,02693579
-0,02634257
0,02253551
-0,02852059
0,003626047
0,01769054
-0,01704708
0,01932056
0,02517026
0,0211336
0,02793407
-0,0139229
-0,001409251
0,01272662
-0,01588013
-0,02980166
0,004231612
-0,0003482814
-0,03681122
-0,01330033
-0,03065733
0,01698855
-0,02624935
0,009072609
0,003086537
-0,01827218
-0,02639681
-0,03328722
0,001857039
0,03096034
-1,579615E-05
0,01267689
0,02017742
-0,01069168
-0,01653571
0,01971303
-0,005529433
0,02741422
-0,01857393
0,0161195
0,005208404
-0,009204091
-0,01956502
0,0195001
0,03051796
0,0112064
-0,02361088
0,0205808
0,01501249
-0,01672406
-0,02333945
-0,01134314
0,00151577
0,001523377
-0,00364902
-0,02744551
0,01835897
-0,02784568
-0,007673626
-0,01575929
0,008138888
-0,01961412
-0,02058517
0,01856671
-0,0204874
-0,02822886
-0,01347082
-0,02747272
-0,006111399
-0,006666002
0,007834276
0,002361435
-0,01581326
-0,02181612
0,01541504
0,0124968
0,01255434
-0,005685917
0,01548444
0,02704618
-0,01801954
-0,01124252
-0,01173869
-0,005574324
0,02075686
-0,02018022
-0,01984152
-0,01147148
0,01974301
-0,02176721
0,02973042
-0,01110987
0,002761625
0,02459072
-0,02218407
-0,008216218
-0,02411306
-0,01516544
-0,0006897132
0,01780821
-0,01473938
0,0262126
-0,01314621
-0,01916887
-0,00376108
-0,006591699
0,02463835
-0,01609267
0,009941753
0,008600418
-0,01319615
-0,009874831
-0,01981247
-0,008232225
-0,02923999
-0,01636804
0,01835476
0,01557481
-0,03581612
-0,02988901
-0,04427558
-0,03981986
-0,01948903
-0,01835223
-0,002426063
-0,009044508
-0,02815576
-0,003602807
-0,02528611
-0,001599933
0,01204032
0,002416565
0,02697258
-0,02870326
0,009717476
-0,01302494
-0,02947083
-0,0255256
0,02587736
-0,003071812
-0,0166633
0,02455261
0,005687643
-0,02250635
0,01902563
0,005891526
-0,02624664
-0,02575292
0,01829579
0,01883068
-0,004953601
-0,01775065
-0,02422594
-0,01343487
0,01662398
-0,02074096
0,0005591408
0,02263644
0,007030815
-0,0363225
-0,02048839
-0,01044027
-0,02918858
-0,02258809
-0,03515549
0,0109611
-0,0114717
-0,02369148
0,006878809
0,009812042
-0,02361791
0,01034975
0,0193955
0,0004215777
0,02220248
-0,03104355
-0,00641393
-0,02216624
-0,0002818468
0,02601201
-0,007040495
-0,02402374
0,01392844
-0,01047336
-0,02887828
-0,003325335
-0,007212488
0,007278279
-0,01752755
-0,001700433
0,01247979
-0,02449995
-0,005237248
0,02619494
-0,01520425
0,01952678
0,01809159
-0,008347928
-0,02344102
-0,02905801
-0,02230912
0,01722873
-0,01602682
0,02696702
0,001754188
0,00592404
-0,01321815
-0,003310707
-0,01479364
0,007382069
0,008039556
-0,01628852
-0,01656535
0,006098678
0,002282954
-0,03165621
0,004962947
0,009578841
-0,02758277
-0,00719926
-0,0173404
0,007833719
-0,03872951
-0,0163308
-0,03207067
-0,02789565
-0,01067351
-0,03358732
-0,008186382
-0,02057879
-0,0113216
-0,02467047
-0,02350172
0,002437524
0,01783498
0,002574888
0,019643
0,01410665
0,0176687
-0,00569792
-0,02076652
0,02306875
-0,01120551
0,0004315693
0,0165608
-0,007821802
0,01475911
0,0112688
-0,0114464
-0,02196885
-0,02506395
0,02745323
-0,0233951
0,002581377
0,007508311
-0,01237418
0,01394573
0,02336786
0,01580866
-0,01371748
-0,02217856
-0,0167386
-0,0269737
-0,02428924
-0,01169959
-0,001335216
-0,02453237
0,008535115
0,018742
-0,03743082
-0,02689683
0,01514496
-0,03739924
0,01266785
-0,01157738
-0,005572245
-0,003904728
-0,002087527
0,001707035
0,01534334
-0,004899143
0,01216226
0,01078365
-0,01573623
-0,03051773
-0,01165185
0,02744832
0,0006798774
0,02448222
-0,003469329
0,01496252
0,02496278
0,02520002
-0,002610866
-0,0184407
0,02178933
0,01574106
-0,02253669
-0,02486233
-0,01955614
-0,02272028
0,02784835
0,01697426
-0,01455915
0,02359489
-0,02146891
0,02686131
-0,01396878
-0,02345745
-0,02769405
0,01828016
-0,01814137
-0,01345615
-0,03194368
0,01759318
-0,007244898
-0,002798002
0,0177259
-0,02382863
-0,03218486
-0,003232637
0,005290504
0,01451599
-0,01008245
-0,01720858
-0,01547622
-0,03176773
0,001093555
0,003469435
0,001781549
0,01486606
-0,009127692
-0,005738619
-0,009652025
0,005798394
-0,001993662
0,02684987
-0,004332717
-0,009174774
0,02125312
-0,01009006
0,006603321
-0,009275647
0,01898798
0,006644103
-0,001868945
0,001768751
0,02246645
0,003711233
0,01210236
-0,01478842
0,02167348
0,02795776
0,02909742
0,0006112141
-0,008094061
-0,02939029
-0,01558875
0,02389566
-0,001188902
-0,02593362
-0,008834191
0,00998667
0,00475939
-0,0147204
-0,007456261
0,0173593
0,02557858
-0,01063762
-0,01419538
-0,003953844
-0,02849692
-0,009217869
-0,02052941
0,008467449
-0,03180707
-0,00969064
-0,02971574
0,01890692
0,01988788
0,01958825
-0,01961255
-0,03365721
0,02455921
-0,0142244
0,02308629
-0,006295329
-0,003533908
0,02042319
-0,01618073
-0,006122211
0,008444132
7,904561E-05
0,01903253
0,01368326
0,02567245
0,02265085
0,01227619
-0,001410799
-0,02323956
0,006944535
0,002782775
-0,007837124
-0,02546538
-0,02529463
-0,02964492
-0,01277718
0,008474615
-0,01977271
-0,0003973645
-0,03158145
-0,03332904
-0,01125739
-0,03249384
0,006567429
0,01690743
-0,01386201
0,01180614
-0,01937025
-0,01646185
-0,03639168
-0,01766104
-0,02840143
-0,02609445
-0,03379872
0,02132421
0,00561759
0,01030845
0,003128347
0,01716657
-0,0210273
0,01005597
0,00492603
0,01584055
-0,01879163
-0,01365597
0,01805237
0,02335715
0,018905
-0,0169225
0,001791183
0,01142852
-0,01562823
-0,01171185
-0,01842002
-0,007300134
-0,01875978
-0,006106518
-0,0240731
0,01835724
0,0007949985
-0,02915649
-0,01203734
0,026499
0,0280315
-0,0168403
-0,0105523
-0,02271982
-0,02826317
-0,02277456
-0,009997946
0,00280352
-0,03094618
-0,01747781
-0,01543664
-0,01968698
-0,01765071
-0,0009748577
0,008801713
-0,01512579
-0,03510512
-0,009526577
-0,03782117
-0,03016277
0,02395525
-0,01034226
-0,02695409
0,01852618
-0,03140958
0,006950186
0,01260166
-0,0139562
0,007131879
0,01870277
-0,0105668
-0,02277129
-0,008710255
0,007131062
0,01710395
-0,02926046
0,02363266
0,005377188
0,01789216
0,006954979
0,01886326
0,02392593
0,004462799
0,02128472
0,02441024
0,02069691
0,02898075
-0,0007257707
0,001068913
0,00729292
0,008083596
0,02773761
-0,0316295
-0,02195068
-0,02867091
-0,0001015507
-0,03138729
-0,007654145
-0,02772187
-0,01169628
-0,01184647
-0,03408626
-0,04119851
-0,02205712
-0,03952617
-0,02817926
0,02198971
0,01053475
0,01709434
0,01755077
-0,002295747
-0,005406065
0,007748925
-0,008720708
-0,01262427
-0,03052293
0,0208749
-0,01286378
0,02501387
-0,01969943
0,01026378
-0,0153532
0,01685118
-0,0300829
-0,0213382
-0,00900133
-0,02343959
-0,01894681
0,004959549
-0,01477761
0,02771996
-0,00838018
-0,005802815
-0,01008721
-0,02052657
0,01035838
0,02389672
-0,01646516
0,01862477
0,01051546
0,02104189
-0,02078064
0,003626623
0,00664968
-0,02915605
-0,02756476
-0,01759427
0,001215615
0,01642418
0,02743609
0,003710903
0,003244805
-0,003968148
-0,04149227
0,003991739
-0,02721792
-0,01958246
-0,0434952
-0,02959199
0,0006312604
-0,03077638
0,01206044
-0,0218052
0,00736045
0,02304032
-0,02399981
-0,02251468
-0,005847327
-0,0157565
0,009582261
-0,02148513
0,006780769
6,258614E-05
-0,01429056
-0,01064223
-0,0004477599
0,009801392
-0,02180338
0,02747754
-0,02563495
-0,02442035
0,001583279
-0,008377375
0,003704937
0,005848682
-0,01699232
0,01552553
-0,007729288
-0,0007499306
0,02424164
-0,01131316
0,02235266
-0,02637408
-0,02546842
-0,001006946
-0,03419599
0,02306285
0,02047246
0,008688141
0,01770965
0,01957014
0,01282916
-0,0220021
-0,03233703
0,01046032
-0,03579332
-0,02035839
-0,02049582
0,00192997
-0,01928624
-0,0004654385
-0,0219103
-0,03097976
-0,02682682
0,007029008
0,004786185
-0,004873556
0,007015374
-0,02768428
0,0122395
-0,002057748
0,01741007
0,02422689
-0,01028416
-0,009606944
-0,01286378
0,002214887
-0,007507104
0,01264083
-0,01071954
0,002395121
0,01468393
-0,004899612
-0,02495024
-0,02199414
-0,01454327
-0,01846043
-0,01858201
0,01142732
-0,00308555
0,02393624
-0,007720693
0,01121079
-0,02273922
-0,01265782
-0,02846492
0,01882766
0,02876139
-0,001718274
0,02180415
-0,001658175
-0,01698638
0,01341462
0,02105035
-0,01596695
-0,02927715
0,02130093
-0,03552812
0,01217685
-0,002114188
-0,004743399
0,01884007
0,004063232
-0,01038433
0,01553367
0,01680696
0,01711756
0,02672057
0,02703913
-0,00927583
-0,004949792
-0,01390311
0,02390973
0,001533545
0,01620753
-0,02576933
-0,02492081
0,01211402
0,02838951
-0,01505287
-0,002902927
0,002906708
0,02107283
0,01522156
0,01547419
-0,01663156
0,02141615
-0,006833639
0,008682223
-0,0337959
-0,01583327
-0,02234849
-0,01121031
-0,02168689
-0,03390937
-0,02944464
0,01024256
-0,01374869
-0,00918416
-0,001647907
-0,0165586
0,01669529
-0,03688008
-0,02794082
-0,006364971
-0,01802679
-0,009990642
-0,0187702
-0,02375253
-0,01908403
-0,03478388
-0,02128715
-0,03300263
0,001013484
-0,02443615
0,02682113
-0,0289645
0,02339059
0,004495057
0,00202903
0,02731226
-0,008016804
-0,01573304
0,02458353
-0,02906812
-0,01628446
0,02355094
0,01311946
0,001155349
0,01237253
-0,01023593
0,01469088
-0,01385319
-0,004215788
0,02854811
0,004140931
-0,001439276
0,009230702
-0,0181772
-0,005010334
0,01328204
0,0005261691
-0,02026116
-0,009789276
0,02486053
-0,02931878
-0,0277758
0,0128295
-0,0317621
-0,03326711
-0,03359647
0,01209348
0,005847919
0,01682858
0,0009367518
0,0211913
0,001766796
-0,03284397
-0,03036886
-0,02273914
-0,01248245
0,006621785
0,01587369
-0,0001462134
0,02751073
-0,01199523
0,02671465
0,004549246
0,005329501
0,001466185
-0,001431537
-0,008461503
0,008243837
-0,02259304
0,0149981
-0,005820356
-0,01932943
0,02225425
0,02756324
0,02676994
-0,02498057
-0,02519943
0,008891286
-0,002471052
0,009284642
-0,002656209
0,02949883
-0,007724012
0,01993181
-0,02964905
0,02449386
-0,01191117
-0,002270677
0,02510415
-0,03051007
-0,02785005
0,01037254
0,005095697
-0,01538062
0,001018699
-0,03106256
-0,005946327
-0,02998003
-0,004961284
0,0005888574
0,001289984
-0,02789297
-0,004919274
-0,03050745
-0,03076979
0,005949955
0,009995835
-0,02302012
-0,02109707
-0,02056053
-0,01257769
-0,02894285
-0,009206722
0,02225095
0,002736232
-0,009748688
0,005936401
0,01548331
0,004231243
0,005508255
-0,02556998
0,02055374
0,01061632
-0,02540181
0,008893856
0,01064499
0,001854623
-0,001369568
-0,01376196
0,0193176
0,002222206
0,02098339
-0,02632108
0,02172448
0,02692545
-0,01676289
-0,009620312
-0,01783541
0,00732976
-0,01134462
-0,02068081
-0,01992236
-0,01613821
0,01139839
0,00705904
-0,03619647
-0,01902308
0,006977142
0,0134237
-0,01667211
-0,005596313
0,007271859
-0,002029201
0,02099935
-0,005267945
0,01520669
-0,0006450363
-0,00200628
-0,004492506
-0,002224427
-0,01828825
-0,01491056
0,02305895
-0,004920503
0,01005415
-0,003382566
0,02874928
-0,0009230544
0,02269541
-0,01327911
0,02830377
-0,009675685
-0,02641778
-0,01460377
-0,005690803
0,0230552
0,002533923
0,0250472
-0,01019545
0,004793916
-0,01340815
0,01218813
0,004811616
0,02908995
-0,01335784
0,01288713
-0,01570469
-0,0206951
-0,00979375
-0,02224534
0,009957029
0,0169999
0,01041026
-0,02499568
-0,03033336
0,01526349
-0,02090288
0,01437938
-0,03395617
-0,0223172
-0,03898012
0,01190315
0,01383154
-0,003707429
-0,015137
-0,02084825
0,01279851
-0,01368009
-0,002926821
0,003539147
-0,01373209
0,00781922
-0,0164562
0,02358115
-0,01760929
-0,0008240685
0,01035032
0,0261833
-0,02388083
0,02530254
-0,01889185
0,02038692
-0,02239395
0,01254212
0,004477016
-0,02093096
0,004907866
0,0218385
-0,02164048
-0,0002536884
0,001861237
0,005766995
0,01533089
-0,02461265
0,001598435
-0,008007425
0,01800537
-0,02786156
0,006685659
-0,02554094
-0,03373677
0,02101468
-0,001502705
0,006856012
0,01532025
-0,03532366
-0,001700403
0,01574397
0,02218759
-0,0003666351
-0,02418977
-0,01770451
0,005519447
-0,02875875
-0,03006916
-0,01718831
0,01235992
-0,02290654
-0,03267971
-0,02043352
0,007583742
0,02118041
-0,01653393
-0,0265824
-0,02652979
0,009573497
0,02085144
-0,0232428
-0,009149916
0,01786521
0,009755502
0,007925499
-0,0119582
0,02912318
0,02498827
-0,01172691
-0,01602381
-0,0065468
0,01980923
-0,0005983605
0,001284425
0,01131889
0,0219973
-0,0005859897
-0,017061
-0,0214114
0,02163919
0,007584239
-0,02982357
-0,0125785
0,00460761
0,001572416
-0,03658076
-0,01398824
-0,006148377
-0,02878955
0,004394475
-0,006769081
-0,002095535
-0,02576364
-0,02412494
-0,01050564
-0,009359574
-0,02754673
0,02473083
0,007961164
-0,02720094
0,01354238
-0,01852575
0,01245866
0,02988838
-0,008789805
-0,007376093
0,0007420725
0,01200386
0,02435328
0,02949795
0,01255759
0,01834867
0,02519413
0,02006078
-0,01661764
-0,02435879
-0,02673076
-0,0197226
-0,02585398
0,006763273
0,02270322
-0,00286401
0,015565
0,005698381
0,01120792
0,0130912
0,004910273
-0,01384627
0,02960189
-0,02025348
0,01137333
0,0002428424
0,006202186
-0,02962772
-0,03506654
-0,01339481
-0,02314166
-0,01977677
-0,02130082
-0,02230155
-0,004821611
0,002420894
-0,007041533
-0,0278812
0,02253862
0,00417262
0,005181632
-0,01367676
0,0279522
-0,01047665
-0,009499009
-0,03344275
0,02060723
-0,03225325
-0,01837285
-0,008725918
0,0004591521
-0,02147872
-0,01294896
0,008448226
0,01758306
-0,01589188
0,01201283
0,01371488
-0,01154292
-0,02016366
-0,01988749
0,02153382
0,01977715
0,02367833
0,02230528
0,01564757
0,02381689
0,02008043
-0,02619772
-0,02383685
0,02144823
0,006380775
0,007857755
0,02673464
0,03030526
-0,01904065
-0,01433711
0,001126269
0,005971463
0,004301746
0,002317668
0,0002454276
0,01285212
0,003307364
0,01565447
-0,03475425
-0,04282772
-0,000978754
-0,0154011
-0,02179921
-0,03575175
0,01606524
0,01456209
0,01340453
-0,002678509
0,0211576
0,0005674561
-0,0263721
0,001238832
0,01059032
-0,02428708
-0,02713457
0,02585325
-0,02423748
0,001188491
0,02301828
-0,0002762741
-0,01038044
0,008407366
0,003980688
0,02580369
-0,02364643
0,03058182
0,009098124
0,002164765
0,002486016
-0,03015068
-0,02081012
-0,03032097
0,01481891
0,01228565
-0,01599044
-0,007588312
0,01589569
-0,02559443
0,02703731
0,01514095
0,01950894
-0,01097697
-0,0342919
0,0004189501
-0,02908812
-0,03987077
-0,03717303
0,001023168
-0,003188052
0,002162401
0,009485968
-0,03133779
0,02061527
-0,00239513
0,005400214
0,02561434
0,01716706
-0,01407434
0,02501931
0,01768589
-0,02096666
-0,01726928
-0,03181093
0,02361445
-0,004963027
-0,02492028
0,01934246
0,0279441
0,02015839
0,006865419
-0,02246297
0,02897281
0,0001271726
-0,0275659
0,006852274
0,02504919
0,002335374
0,02743596
0,01619818
-0,02516114
0,02688276
-0,02797522
0,02558003
0,01876536
-0,01712521
-0,03061519
-0,02843095
-0,02142853
-0,02967412
-0,01672746
0,001469636
-0,008859614
-0,02702845
-0,0317415
-0,0007081418
-0,001171761
-0,01225029
-0,02146242
-0,02535454
-0,0362252
-0,02585558
-0,03555574
0,00502323
0,01847472
-0,004373226
0,01093385
0,003763511
0,02154475
-0,03103003
0,01378188
-0,004132128
0,0229372
0,005572785
0,02035435
0,02292668
-0,02359007
-0,01022863
-0,02144245
0,01029249
-0,007047103
-0,0293394
0,008694737
0,02340071
0,001136228
-0,02852843
0,01279439
0,02133924
-0,005278991
-0,0042391
-0,02965262
-0,001657966
-0,01236189
0,01167068
0,01043361
0,02283333
0,02440929
-0,01573206
0,0251609
-0,01525703
-0,007824761
-0,009616
-0,02707029
-0,02570413
-0,02008674
0,0122913
0,001537298
0,01171719
-0,01970747
-0,02740155
-0,01130323
-0,02381809
-0,02387893
-0,006819746
0,01377201
-0,03504723
-0,001629762
-0,0240774
-0,01948062
0,02371168
0,01962949
0,02677756
-0,01880502
-0,001181343
0,03120586
-0,01287251
-0,02293191
-0,0172854
0,02765481
0,02787953
0,02999844
0,01924449
-0,006713098
0,02252155
-0,01635124
0,02966395
0,02418395
0,001138478
0,006764773
0,01111472
-0,008417334
0,02284773
0,001404291
-0,01983603
0,02504787
0,01389337
-0,01669462
0,01419017
0,02085532
0,005193587
-0,01357239
0,01386887
-0,02901429
0,02150884
-0,01300742
-0,008532437
-0,02626473
-0,0005709763
-0,02748514
-0,03778661
0,0037729
-0,006562469
0,01626769
-0,02467186
-0,02803314
0,004481424
0,01839669
-0,009322547
-0,01293087
0,02014874
-0,02295724
-0,0297036
0,002503756
0,00253708
0,006087135
0,02760497
-0,006037506
-0,02918128
0,005171054
-0,01400787
-0,02791312
-0,006964225
-0,00884673
-0,01063562
0,007920827
-0,01554096
0,01413718
-0,004499729
-0,002120252
0,01350536
0,01957884
-0,01478844
-0,01095937
0,003226704
0,02843604
0,02379704
-0,03285306
-0,01934488
-0,03139896
-0,01838969
0,01944796
0,0250175
-0,005201578
0,02255648
-0,01244174
-0,02292702
-0,02913204
-0,006003687
-0,0164295
-0,01154279
-0,02935601
-0,02597968
-0,03331313
0,01445307
0,01728504
-0,02039311
-0,0303936
0,002218948
0,009662474
0,02811076
0,02616386
-0,002228433
0,02383229
0,004982308
-0,02749579
0,02350007
0,01095316
0,02709731
0,002858522
0,01228492
0,02792048
-0,02120219
0,02941008
-0,009987555
-0,006692343
-0,02031075
0,02830214
-0,006541444
0,02394448
-0,01037824
-0,02730479
-0,01983999
-0,02974075
-0,03133604
0,00813322
0,007767721
-0,02083665
-0,004277333
0,005046542
0,007799444
0,01431904
-0,006610888
-0,0008413078
-0,03228243
-0,01881129
-0,01360279
0,0200938
0,01456962
0,02202331
-0,007347014
-0,003755738
-0,02515086
0,02240269
0,004210888
-0,01314464
0,0148512
-0,02611359
0,0106133
-0,00159397
0,01616896
-0,01175712
0,01296754
0,007830445
-0,007547384
0,02512455
0,01594596
-0,00296475
0,02305641
0,02607617
-0,007462204
0,01044095
-0,01824256
-0,01140614
0,02409101
0,02428232
-0,0009644484
0,006858543
0,02669494
-0,02656358
0,02849451
-0,01870983
-0,02330319
-0,004350324
-0,01114733
0,01015357
0,01517925
-0,01965403
-0,0118894
-0,0005430808
0,01021034
-0,003118361
-0,001819967
0,02553297
0,01634619
-0,01286477
-0,02958994
0,01433618
-0,02318354
-0,02961218
-0,007617494
0,02078625
-0,03313843
0,01668025
-0,004801274
0,01167306
-0,01549461
0,02176154
-0,02913937
0,01375584
-0,03406229
-0,008985055
-0,01735941
0,007144878
0,0007377726
0,007598412
-0,01615539
-0,01425316
-0,01019376
0,00899009
-0,02388685
0,0008738827
-0,02793467
-0,009920166
-0,01598733
0,02495189
-0,01937459
-0,01607981
-0,0005530322
0,005985304
0,01926204
0,01031417
-0,005365966
0,01790353
0,002549354
0,02805349
-0,02417656
-0,02114688
0,02166852
-0,002037886
-0,01198557
0,01916083
-0,0256757
0,000575419
-0,002220404
-0,01193362
-0,02152978
0,01695991
-0,00691463
-0,02496561
-0,03248752
0,01515119
-0,006738055
-0,006332
-0,04032162
0,01698516
0,0184047
0,00953586
0,006512749
0,005618502
0,00910082
-0,01988773
-0,003947488
-0,001913437
0,02693476
-0,01159346
0,02363726
-0,003751017
-0,02507724
0,0009361797
-0,001000219
-0,03126852
-0,01116924
0,01902146
-0,008673707
-0,01590703
-0,00745226
-0,00219586
0,01770896
0,0220827
0,01066784
-0,01054505
0,01615405
-0,0148652
-0,001890512
0,02720958
-0,02134908
0,02219198
0,0133716
0,0008219244
-0,02986385
-0,01222893
-0,0001236704
-0,01665118
0,01657412
-0,0279569
-0,008274616
0,007452863
0,002886593
-0,0262175
-0,0102855
0,009052079
0,005633971
0,0150083
0,001419611
-0,03561142
-0,009861197
0,003520866
-0,02457361
0,01330266
0,0002892617
-0,003677381
0,02771002
0,01821326
0,02707916
-0,01157051
-0,0070494
-0,01892288
0,02823141
0,02759913
-0,02023954
-0,03079906
0,009546953
0,00262503
0,001297341
-0,02158051
-0,003369655
-0,02795269
0,0303015
-0,01627227
0,01805554
0,01248816
0,02110999
0,003708878
-0,008960593
0,02069316
0,002768773
0,02116024
0,0006990818
-0,006385647
-0,003683851
-0,006018872
0,01021841
0,02528935
0,02462066
-0,0002227894
-0,010512
0,01161511
-0,01539343
-0,0128158
0,002478907
-0,02416943
0,004986082
-0,001566594
-0,0405953
-0,01508123
-0,03395531
-0,03009754
-0,01312201
-0,003121261
0,00331328
-0,003585987
0,01167064
0,02779452
0,02857706
0,02208744
0,007312486
-0,007985685
-0,008730306
-0,02880875
0,01498626
0,001075827
0,007057752
0,00398541
0,00209517
0,01253207
-0,01268341
0,01008807
0,004434439
0,02887817
0,01341366
0,01022909
0,008690932
-0,0006474206
-0,001066127
0,003562276
0,0288195
-0,02189431
-0,0002416075
0,0252756
0,01194536
-0,01042713
-0,00449261
0,02427124
0,01278985
0,02496046
0,0112715
0,00929569
-0,03677881
-0,03811445
0,01228203
-0,04015552
-0,01628574
-0,02189757
0,0010949
-0,03117204
-0,001833508
-0,02950316
-0,03046977
-0,01481884
-0,02362644
-0,003953007
0,007108368
-0,006474496
0,01788103
0,02704074
0,01700053
-0,0202572
-0,004619012
-0,007414617
0,02573815
-0,002118246
0,02009506
-0,003130707
-0,01163159
-0,007465841
0,02981232
0,008488533
0,01733099
0,002519686
0,02536522
0,0007270056
0,005995762
-0,001942817
-0,02758993
0,009926237
-0,01347283
-0,01058698
0,01677964
-0,01305
0,02543925
0,01873805
-0,02714876
-0,02212078
0,01280444
-0,01703321
0,009475439
-0,03321864
-0,03210949
0,01072579
-0,03045376
-0,008151944
-0,01906783
9,657593E-05
-0,03109939
-0,01507349
-0,02519185
0,01825795
-0,03792607
-0,01659888
-0,02071617
0,02681611
-0,009277483
0,004110466
-0,004205134
0,01012341
0,02147749
-0,02237742
-0,009236546
-0,02037047
0,008685216
-0,004210694
-0,008524492
-0,02221177
-0,003986277
-0,02669057
-0,008310354
0,007496914
0,009008511
-0,02851775
0,007684952
0,02388798
-0,00220326
0,02535513
-0,01268062
-0,01260314
-0,02082467
0,02580754
-0,01340933
0,004717922
-0,005075973
-0,01041848
-0,0114186
-0,005519045
-0,02783133
0,02555149
-0,006440381
-0,007698203
0,007483874
-0,02806737
-0,01529635
-0,004517063
0,004191923
-0,0436865
-0,03082839
0,005411949
-0,02161038
-0,0227063
-0,02421436
-0,03238994
-0,02918553
0,001960342
-0,01293887
0,03001677
0,01507586
-0,0102111
0,001616787
-0,004827126
-0,01555163
-0,02397582
-0,003430096
0,02289956
0,01829246
0,01496551
0,008922341
-0,01635753
-0,02652213
0,02407615
-0,02824614
-0,00365888
0,003549883
0,01935274
0,01623873
-0,003462208
0,002210994
-0,03092167
-0,01975549
-0,003953617
0,01223218
0,0003820963
-0,02914922
0,02376391
0,01111661
-0,02070621
-0,0002165627
0,02443272
-0,02803971
-0,01294335
0,008174032
0,01174928
-0,009520256
-0,03643902
-0,02687316
-0,0006204473
0,003479965
-0,003350687
0,01515945
0,02784772
-0,01097756
0,02557745
0,01172355
-0,01075291
-0,01970066
0,01676654
0,003118498
-0,01250695
0,01641232
0,01728539
-0,006741445
0,01192998
-0,0227175
-0,02958089
0,009290565
0,01228138
-0,02873537
-0,002421178
-0,0225904
0,005342287
-0,01660374
0,0133515
-0,02463229
0,01016457
-0,02464837
-0,01900039
0,02275145
-0,004254828
0,002562683
-0,02466189
0,01256636
-0,03021392
-0,01958245
-0,02254479
-0,02645722
0,01397772
0,01662618
0,0111001
0,01504903
0,02445647
0,004921544
-0,01713563
-0,0282921
-0,02203553
0,01924784
-0,03822655
-0,001188158
-0,01047191
-0,009792851
-0,002566601
0,008003493
-0,01466729
-0,00453271
-0,01814174
0,01358969
0,009265199
0,02462996
-0,02767367
-0,01772116
0,0274064
0,02104455
-0,0250605
0,009810881
0,008744979
-0,02768457
-0,0074244
0,0008597728
0,02593825
0,02457349
0,02548657
0,02350737
-0,01253757
0,008864323
-0,02024614
0,02357231
0,02379286
0,0008554716
0,01549603
0,01098267
-0,02549822
0,004650382
-0,0046964
-0,0319358
-0,03421482
-0,009468345
-0,004318492
0,002436622
0,0262758
-0,005585451
-0,006561651
0,0158018
0,0118962
-0,007477522
0,0134999
-0,03053395
-0,004491901
0,001646936
-0,005463884
-0,02034101
0,001101922
-0,002453855
0,008940013
0,0006885126
-0,002384408
0,009395315
-0,005851299
0,01060854
-0,01365746
-0,01141353
0,01757987
-0,02532537
-0,02579189
-0,009931349
-0,02328148
-0,009585681
-0,007916328
-0,02816834
0,007099768
-0,01686948
0,005380574
0,01891355
0,001923363
-0,002049678
-0,001629774
-0,02762902
-0,02480327
0,01189542
0,01348445
-0,031836
-0,01361657
-0,01513223
-0,03292293
-0,004417079
-0,0314182
-0,00362582
0,02016277
0,02381871
0,002834566
-0,01127589
-0,03418806
0,01558826
-0,01639922
0,003846141
0,002364011
-0,01840287
0,007347135
-0,01019105
-0,01227254
-0,003211112
0,01093225
-0,0004557212
-0,03136892
-0,01452547
0,008817668
0,01713698
-0,03162021
-0,01406489
-0,02423298
-0,00554207
0,002817371
0,007162385
0,02337706
-0,01781407
-0,0301486
0,002460299
-0,02438211
0,005800653
-0,01524288
0,004213813
-0,0001796762
-0,001671807
-0,0002233796
-0,01462071
-0,01824108
0,01294586
-0,0009413398
0,02131349
0,0193846
-0,0249897
-0,01642764
0,007110499
-0,01282032
-0,02168183
-0,01967377
0,009482298
-0,01728464
0,01321527
0,01968414
-0,0161627
-0,004536999
-0,0006143292
0,01406078
-0,02867082
0,009490958
-0,0162743
0,01895018
-0,03569152
0,002660017
-0,03184937
-0,01892336
-0,02340624
-0,02359143
0,01521759
-0,03243114
-0,01678107
-0,02717912
0,01781726
-0,02550123
0,02491978
-0,01445023
-0,02400372
-0,004614906
0,02857449
-0,02073811
0,02482544
-0,01224221
0,008847481
0,02622333
-0,01468771
-0,01287154
-0,007714559
0,01674595
0,02680071
-0,02869768
0,02368239
0,01006154
-0,006456711
-0,003648759
0,01929426
0,01516035
-0,005767545
-0,0208743
0,0090184
0,020715
-0,02826106
-0,007146263
-0,001863691
-0,02515751
-0,03749681
0,003841386
-0,008729484
-5,492786E-05
0,01640394
-0,03918752
-0,01698259
-0,03069299
0,01015464
0,01520948
0,01240607
-0,03602326
-0,01677782
-0,02689026
-0,01121761
0,01328071
0,01852061
-0,007170676
-0,01666652
0,01554867
-0,02481946
0,004859579
0,007825508
-0,01375128
-0,01678872
-0,02310258
0,0204976
0,02717859
0,01209506
-0,0258556
-0,02770315
-0,002620547
0,0174473
-0,001449603
0,02614843
0,005086902
0,01720575
0,01214108
0,02039474
0,02162037
0,005392844
0,01563832
0,02061534
-0,00532126
-0,0001042763
0,01642218
-0,004924327
-0,01466567
0,01498444
0,02210162
-0,03230825
0,006356748
-0,02861457
0,001847938
-0,03650068
-0,0174291
0,02122348
-0,03056719
-0,01725246
0,005437769
-0,02885806
-0,01175619
-0,006663225
0,01111193
0,01664981
-0,009021746
-0,01930084
0,01844591
-0,01893563
0,01488801
-0,03212337
-0,02330064
0,0003284453
-0,01147711
-0,02254726
-0,009771419
0,01388666
-0,01785862
0,01528703
-0,003049588
0,008945024
0,003197067
-0,0204875
0,01699905
-0,0290745
-0,01117542
-0,01723111
-0,02771873
-0,006489737
-0,0004627682
0,003679971
0,008595726
-0,01266255
-0,02725068
0,009899737
-0,02147344
-0,01307942
-0,02781921
0,002857383
-0,02718403
-0,005853926
0,003069653
-0,032489
0,02090751
0,01609274
0,01492902
-0,03145426
0,01256305
-0,008237369
0,002421223
0,002049526
0,0133771
-0,01059284
0,02165627
-0,02947375
0,003106873
-0,01956525
0,007193849
0,01141478
0,00196595
-0,02043396
-0,02040108
-0,005946743
0,01030504
-0,01822688
-0,008575824
0,01751924
-0,002888016
0,005993854
0,02644115
0,02956022
0,00577641
0,006559981
0,006318896
0,02430457
0,03027338
-0,003546586
-0,01998368
0,01909533
-0,02767189
-0,02463754
-0,008573749
-0,00143016
0,01151899
0,01917285
0,01465625
-0,01871828
-0,01347849
0,02299919
-0,03115446
0,01880095
0,005354962
-0,01306699
-0,03688025
0,01715599
-0,02035666
-0,02442974
-0,01709107
0,004288646
-0,004638444
-0,0332311
0,009145292
-0,01784438
0,002218582
0,007027425
-0,03166837
-0,02203327
0,01578759
-0,02837482
-0,02488396
-0,02355973
-0,02672827
0,01831139
0,007034797
-0,00499841
0,01861796
0,01215611
0,01346979
0,02004426
-0,005292101
-0,02302422
-0,003478417
-0,001391368
-0,001150782
0,02863934
-0,01438984
-0,02046617
0,00326371
0,007098325
0,002925965
0,01461954
-0,02944409
-0,007185555
-0,01614041
0,02810713
-0,009758267
-0,02956693
0,01665728
0,02017144
0,01137961
0,001233408
-0,009461369
-0,01702674
0,01439864
0,01825213
0,0156422
0,01506068
0,008317934
-0,003553697
-0,02808182
0,001324847
-0,004308037
0,0006399564
-0,01357581
-0,01007842
0,008117019
-0,0165786
0,01923611
0,00876393
-0,005730564
0,02293712
0,005724833
-0,02114733
-0,002726757
-0,009012985
-0,02438401
0,01133639
0,004069717
0,01079196
-0,02878281
0,01501445
0,02107922
0,0151091
-0,02809174
0,01623699
0,01130603
-0,02155084
0,006625768
-0,001727837
-0,02379286
-0,007427032
-0,008989518
0,0266377
-0,001345668
0,02573224
-0,01774348
-0,004622092
-0,03123867
0,01197191
-0,0207684
-0,0281404
-0,02091954
-0,02554017
-0,009546475
0,01639863
-0,03463937
-0,01872698
0,01147369
-0,01106865
0,01478405
-0,02778068
-0,0158723
-0,02878023
-6,708247E-05
-0,01155684
0,01257183
0,01182175
-0,0003803968
0,003645551
0,0161734
0,002632419
0,00793785
-0,01293791
7,219816E-05
-0,02731781
0,001530551
0,009209015
0,01151136
0,002434029
-0,02151518
0,007577663
0,007667467
0,01487743
-0,006662296
0,02150566
-0,0009736983
0,008873462
-0,01765032
-0,02374
0,01438104
-0,006449613
-0,01405906
-0,02466908
0,007179065
0,02544196
-0,02820264
-0,01671609
-0,01214646
-0,03359928
-0,02766721
-0,008307479
0,02328709
-0,01091761
-0,03802096
0,006138916
-0,005241768
0,01900844
0,004182023
-0,009038437
-0,01849988
-0,01554608
0,0008275432
-0,01743004
-0,01389881
-0,02267934
-0,002032068
0,002638832
0,01305025
0,01370847
0,02499409
-0,02284292
0,003107916
-0,008291709
0,018346
-0,00865021
-0,01585532
-0,0009419851
0,008059639
0,003700003
0,02839837
-0,01345575
-0,01316758
0,004535992
-0,008883997
0,009065714
0,01070268
-0,02083617
0,01097129
0,008216461
-0,01033994
-0,0009893801
0,02809155
0,01004942
0,01517567
-0,00911278
0,01439175
-0,03330742
0,01644776
-0,008186423
-0,009563622
-0,004318367
-0,002627278
0,004929869
-0,02542844
-0,03387925
0,01859203
-0,005540089
-0,001416681
0,002913012
-0,01149363
-0,03737356
-0,01571742
-0,02772963
-0,002563151
-0,02894487
-0,02534881
-0,030947
0,02575953
0,009125917
0,003486598
-0,007333921
0,02283874
-0,02579954
-0,007584951
-0,00335811
-0,01711936
0,02026079
0,003917952
-0,002676792
0,003649485
-0,01612949
0,00977222
-0,02016913
-0,02339124
-0,00233655
0,01637246
0,01035832
-0,006857772
-0,01172455
0,01466296
-0,02593887
-0,003927473
-0,03260539
-0,02414455
-0,01468976
-0,02679854
0,01281953
-0,02118874
0,01030509
-0,01757746
0,01285605
-0,02535137
-0,02471682
0,01971402
-0,03317209
-0,00327316
-0,01678239
-0,0274237
0,004122504
0,01336768
-0,03113716
-0,03443045
-0,02123757
-0,02706727
-0,01629227
-0,01211427
-0,02062623
-0,02910323
-0,0263643
-0,009937157
-0,00198363
0,009587699
0,009036143
0,02792624
0,0001624313
0,02747566
0,02066913
0,02394034
-0,02487189
-0,01081857
-0,006405123
0,008202938
0,01922613
-0,02103918
0,0171546
-0,01935005
0,002223773
-0,01199451
-0,02507441
0,01912555
-0,01331159
-0,008527494
0,00819746
-0,003044694
0,002945397
-0,03077361
-0,01806693
0,02344876
0,0225915
0,02478484
0,02127911
0,01323565
-0,02926756
-0,01114315
0,01564155
-0,02905629
-0,01502789
-0,03080359
-0,01542491
-0,03162129
0,009457949
-0,004132649
-0,0257327
-0,007235955
-0,01068994
-0,007303072
-0,02188328
-0,02939388
-0,009495182
-0,02433452
0,02317708
0,02696857
0,02768148
-0,01571349
-0,0287607
-0,02608924
0,02919179
-0,02129818
-0,01037165
-0,003835581
0,01121771
0,02557462
0,02820176
-0,02130555
-0,006101746
0,007965668
0,00171848
-0,005248761
-0,01001543
0,006842291
0,01229324
-0,0118434
0,02122781
0,02524281
-0,03413532
0,008987593
-0,02131772
-0,02166315
-0,03395374
-0,02709354
0,01349936
-0,02349454
5,915517E-05
0,01223008
-0,03584282
0,02115526
0,008694517
0,01043794
-0,01926644
0,007792651
-0,03008834
-0,02024725
0,0172863
0,02608672
-0,01079224
0,02014697
0,003279726
-0,03076374
-0,02892329
0,01970103
0,02908817
0,02022089
0,01454173
0,01310482
-0,008657024
0,002200602
-0,02681848
0,02912646
-0,01588681
-0,01206702
0,01924234
0,01334632
-0,02362226
-0,02019985
0,005464462
0,0008160819
-0,0072281
-0,02349657
-0,02656354
-0,005767408
0,01677162
0,007706575
-0,03141658
-0,003218284
-0,007141803
-0,007353505
-0,007424538
0,02191132
-0,001504295
-0,02690892
-0,02685415
-0,02646532
-0,02596335
-0,02894741
-0,03126621
-0,04128366
-0,01598784
0,01085928
-0,01197955
-0,007399548
0,01809402
0,01420125
0,001469788
-0,02807224
0,02424004
-0,005344395
-0,02039837
0,01181863
-0,006749471
0,02331906
0,001011232
-0,0005257811
0,02675325
0,007562974
-0,03121352
-0,0125271
0,01800498
-0,01789378
-0,0149065
0,02582623
-0,02643667
-0,02187329
-0,005004781
-0,02419267
-0,01972286
0,007339826
-0,000560223
0,02381494
0,0275347
0,005280584
-0,02917057
-0,003280516
0,007861355
-0,0002830998
-0,004883899
0,02651269
-0,03255787
0,02233993
0,001048581
-0,03282265
-0,01817397
0,0084359
-0,006543219
0,0004046682
-0,001658325
0,0005960409
-0,0263935
-0,004326726
-0,02817152
0,01470983
-0,02395905
-0,02250284
0,002809014
6,565703E-05
-0,003226058
0,01752715
-0,006759655
0,001796875
0,02653793
-0,007459235
0,02891757
-0,01356323
0,01619939
0,02029468
0,0201575
-0,02788031
0,02319246
-0,005111807
-0,01880716
-0,02840027
-0,01358963
0,02207621
0,00829969
-0,01589862
0,01000692
-0,01130398
0,006969879
0,01653579
-0,001224233
0,001775166
-0,009233389
0,02155261
0,01016552
-0,02835818
-0,01363354
0,01726905
0,01969125
-0,03016732
-0,02695824
0,004142757
0,0006654687
-0,006299579
-0,03666269
-0,0270803
-0,03719325
0,01928541
0,02476913
0,00217829
0,008200463
-0,007571465
0,008201334
0,0150878
-0,01022759
-0,02284091
0,00606813
-0,00957549
0,004112728
-0,009705465
0,02596308
-0,01811584
-0,01697695
0,008711823
-0,02647281
-0,007311681
-0,02973752
-0,02423769
0,009212268
0,01426595
0,001081053
-0,02950011
-0,02037968
0,01851211
-0,009028183
0,004343736
-0,002337623
0,01803415
0,02187242
-0,005420459
-0,01824373
0,01319104
-0,01293611
0,02347406
0,02769368
0,02461616
0,01603619
-0,00311733
-0,003578009
-0,005816497
-0,006662849
0,02756845
-0,02202509
-0,004281558
-0,02833569
0,01527551
-0,01232794
0,01502569
-0,01276011
0,0004414245
-0,02841009
0,01395417
-0,01927716
-0,02046578
-0,02313207
0,01700352
-0,008349136
0,02437514
-0,001299668
0,01972272
0,01231027
0,01951384
0,0007104875
-0,01855469
-0,0207945
-0,02031293
0,02109221
-0,0114183
0,0145131
-0,01820568
0,006862214
0,001320567
0,008093616
-0,02036086
-0,009895944
0,004593551
0,01668212
0,008700158
0,008135094
-0,002262651
-0,02198625
0,001525588
-0,007901141
-0,01852388
-0,01956417
-0,01562509
-0,007271703
-0,02941007
0,0116721
-0,02772053
-0,003862397
0,01954844
0,02640858
0,003320871
0,006797615
-0,005396151
-0,01334427
-0,03847327
-0,01677461
0,02409061
-0,0343996
-0,03249718
-0,02819738
-0,02527549
-0,03709089
0,008858412
-0,01526084
-0,0239604
0,0241173
0,003362303
-0,03049704
0,01524338
-0,01161884
-0,02842182
0,008746438
-0,02280141
-0,004049706
-0,01236579
0,03097706
0,02477952
0,0181792
0,0184886
0,004771012
0,005722456
0,01348134
0,017123
0,001381934
0,02984388
-0,006919822
0,01514213
-0,01844766
0,01327916
-0,01518836
0,007234453
-0,006701261
-0,0279897
-0,006532377
-0,01952874
-0,0223234
-0,003042746
0,0250842
-0,02038039
-0,02638586
-0,03104359
-0,03409051
0,004065564
-0,006185722
0,02130932
0,02477318
0,005778349
-0,02989362
-0,03042226
-0,03570473
-0,007697055
-0,02465045
-0,01738566
-0,001685517
-0,0006788189
-0,003398771
-0,01852831
-0,02008432
-0,01333865
0,01401898
-0,02242066
-0,006020287
-0,01465074
-0,001549063
0,0109271
0,008561391
0,005537526
0,01367025
-0,0171764
-0,02624573
-0,0001199011
0,02797319
0,002556929
0,00978907
-0,00391812
-0,001751541
-0,03155369
-0,01449203
0,002074194
-0,03104018
0,01272713
0,007764797
-0,02728651
0,01121224
0,02075087
-0,004413163
-0,02645427
-0,002699188
0,01563261
0,009005306
0,02712034
-0,01762883
-0,0007104238
-0,006410256
0,02435092
0,008317433
0,01531595
-0,02351813
0,0130848
-0,01758098
-0,01403927
0,02102769
0,02571236
-0,03037796
-0,001561021
-0,001228828
0,008050058
0,003301341
-0,02702077
-0,02602473
-0,002823306
0,02656779
0,005606389
-0,01251413
0,02961345
-0,001008162
-0,008943597
0,003724344
0,007234274
-0,01902427
-0,002112372
-0,02750574
0,02203719
-0,001953198
-0,02673393
-0,02094774
-0,01173731
-0,02837359
0,008488089
0,01119431
0,005248182
0,01574341
-0,0069473
-0,0165414
0,009174949
0,01837061
0,007990538
-0,03430346
-0,02201143
-0,01028688
0,01667829
-0,001660686
-0,008965764
0,009285342
-0,0191898
-0,03383803
0,007313507
-0,01824388
-0,006175369
-0,004253062
-0,01321898
-0,01560466
0,006700624
0,007130985
0,01824098
-0,0114895
-0,02981665
-0,003296334
0,02805026
-0,008143126
-0,02104563
0,005318274
0,0252217
-0,009486675
-0,002837861
0,0121134
0,0007209192
-0,007857474
0,008489063
-0,02282845
0,01540449
-0,009910719
-0,008268056
-0,01688212
-0,00966311
0,02212737
0,00416933
-0,02387526
-0,02221455
-0,03156552
-0,005722603
0,0268765
-0,0009589995
-0,02350973
-0,008150822
-0,01070717
-0,0258865
0,01323897
-0,00904227
-0,01216725
0,01308758
-0,01862133
-0,03379877
0,01353938
-0,02299688
-0,02151837
0,004172783
-0,02987172
-0,01877353
0,00358301
8,475244E-05
-0,01295366
0,009335101
-0,01013832
0,0128871
-0,03066163
0,02363746
-0,0074253
-0,01200554
0,02940795
0,01518452
0,02621334
-0,01198816
0,0283985
0,02386857
-0,0204855
-0,02548061
0,01671661
0,03018714
-0,02427376
0,003964767
0,01438525
0,02851539
-0,01186298
-0,01331595
-0,001612869
-0,01244581
0,002299862
-0,03274953
-0,02603614
-0,01868997
-0,003970148
0,01561621
0,001734191
-0,003657868
-0,02414985
-0,01568691
-0,02466317
-0,01007726
-0,01261404
-0,007828346
0,0100504
-0,006456894
-0,01062853
-0,001385953
0,01615262
0,02002069
-0,03347052
0,021845
-0,02797543
-0,02268207
0,02028605
-0,02564546
-0,02035322
-0,03198084
0,01625126
-0,008314989
-0,006641469
-0,02520302
-0,01426984
0,0137944
-0,00823572
-0,007345702
-0,01846242
0,01612044
-0,01337312
-0,0212911
0,01392004
0,0008028867
0,01751993
0,02332604
0,02718064
-0,007497227
0,009070357
0,009272954
0,01959177
-0,01494223
0,002325524
0,01464468
-0,006686824
-0,001749021
-0,01601796
0,006483417
0,02449904
0,02406294
-0,01260194
-0,009676117
0,003386122
0,001393723
0,00838391
0,0122584
0,0202171
-0,03041658
-0,02537233
0,004564609
-0,02934079
-0,01422673
-0,01787386
0,006099717
-0,01330911
0,01279475
-0,0173582
-0,0001430488
-0,02614722
-0,02426157
-0,0197922
-8,263435E-05
-0,003776365
0,002728014
-0,01905408
0,002107424
0,01797562
0,007941154
0,01090805
0,01671114
-0,002276071
0,01442891
-0,002112663
-0,01572064
-0,003342745
0,02470228
0,002922214
-0,01972613
0,02127374
-0,02850615
0,02991821
0,02456637
-0,01469762
-0,0277211
0,004301561
-0,002945387
-0,03285046
0,02273704
-0,00361132
0,009847205
-0,01676323
0,01251951
-0,001193154
0,01438217
0,01364046
0,01821959
0,02402139
-0,03306064
-0,01481091
-0,02903736
0,02231922
-0,01895595
-0,01169377
-0,0121032
-0,02221627
-0,01237672
0,01979462
-0,03170962
-0,02237564
-0,01145382
-0,02037782
-0,02586495
0,01114985
-0,02513146
-0,0194449
-0,01270715
-0,01615756
-0,006048963
0,03000468
0,01389223
0,002921253
0,0252576
-0,01881101
-0,02986083
0,001528123
0,0134209
-0,01703673
0,01237794
-0,0011546
0,007436685
0,02907657
0,0006101961
0,0195497
0,01277313
-0,02532666
0,01485992
0,001919004
0,02389811
0,02148679
-0,01763831
0,003894371
0,02750806
0,01061296
-0,02719247
-0,001559223
-0,02144823
-0,03045525
-0,008931518
-0,002787297
-0,008209945
-0,001656985
-0,002464865
-0,03099188
0,002302409
0,00184154
-0,03138678
-0,02875637
-0,01020463
0,0165073
-0,004593941
-0,02163723
-0,01930476
0,003063616
0,004581863
-0,007027127
0,01071224
-0,01419532
0,02835444
0,02999497
-0,004223399
0,01427114
-0,009949051
0,002953553
0,01711945
-0,02128874
0,004020438
-0,01770527
-0,02372516
0,001292311
-0,009046122
0,01018518
0,01751921
-0,02302339
-0,03064578
-0,0271469
-0,001679235
-0,002619547
-0,02030714
-0,02398078
-0,02768193
0,01133908
-0,018361
-0,02501658
-0,005939996
-0,02760606
-0,00879696
-0,007916089
-0,02538787
0,0085628
0,01611196
0,02378365
-0,02722733
-0,007533171
-0,02561168
0,01208362
-0,01727692
0,0265067
-0,01627841
-0,003326238
-0,02986858
0,01845018
0,02765014
0,01952621
-0,002153228
0,01689345
-0,01018024
-0,0267816
0,002563551
0,001277046
0,02570974
-0,01781969
-0,02637051
0,01985478
0,02651053
0,01411585
0,0009007216
-0,01692537
-0,02279808
0,01262977
0,01568675
-0,02220589
-0,02544127
-0,004862797
0,01232163
-0,003412695
0,005086744
-0,008844419
-0,03139234
-0,01427686
0,01713484
-0,0002082461
-0,01808023
0,01406423
-0,02228627
-0,01629446
0,01381137
-0,008221388
0,008266284
0,00625638
0,01053022
-0,01344285
0,01947124
0,002746784
0,01342153
0,00512237
0,02051516
-0,01577185
-0,002474439
-0,005547497
-0,01683689
-0,02922486
0,02144345
0,003879794
0,01351111
0,02363667
0,01455013
0,001121868
-0,02369451
-0,02864803
-0,01901254
0,02876529
-0,02601507
-0,01375607
0,01233602
-0,005967204
0,02908387
-0,01055967
0,01199195
0,01182299
0,02927679
-0,02296949
0,005011306
-0,001476645
0,02928856
-0,004626382
-0,0151525
-0,001503339
0,009391692
-0,02407302
0,005196732
-0,01024679
0,0247337
0,005358154
-0,02786148
0,01696939
0,008162083
0,008007118
-0,03191162
-0,01853367
-0,00184437
-0,0175769
-0,01606
0,004294066
-0,005591937
0,01399183
-0,01401546
0,006554787
0,02465371
-0,00936998
0,006805747
0,001722159
0,004580913
0,01835797
-0,003644663
-0,02313996
-0,002663368
-0,007719798
0,004473616
-0,01219988
0,007966197
-0,01448896
0,02196355
0,03052114
-0,00401285
0,0214013
-0,02621259
-0,001774672
-0,01715296
0,02426321
0,01330234
-0,01155855
-0,01137475
-0,002863343
-0,01882093
0,01531353
0,02038164
0,02799804
-0,03010976
-0,01768551
-0,02136
0,007801636
0,004879727
-0,01200128
-0,001877385
-0,0277344
0,01343199
-0,02555255
-0,02169831
0,02558642
-0,01090217
-0,01353096
-0,02684302
0,0105264
0,00591528
-0,01652246
-0,009003762
-0,01354067
-0,01850051
0,006629075
0,0127357
0,01894917
-0,005217806
-0,02964537
0,008942792
-0,01022531
-0,01626764
-0,02260698
0,007240481
0,01165218
-0,0132884
-0,0004715064
-0,008441451
-0,007727927
-0,02127917
0,02987267
0,01008131
0,003419419
0,001402881
-0,007859893
-0,02486235
0,02843501
-0,01157211
-0,01408486
0,002931229
-0,005317799
-0,01680868
0,005708129
0,01942881
0,02646138
-0,006785515
0,002918729
0,01626158
-0,006259547
5,095868E-05
-0,008977736
-0,01779602
0,003328442
0,008147207
-0,02221057
0,0195608
0,007609846
-0,002043931
-0,002783348
0,009166282
0,02189839
0,02710582
0,0135162
0,00449996
0,007927814
0,006211755
0,01998414
0,01668939
0,01993263
0,002240486
0,01509108
-3,756725E-05
-0,02174358
-0,001369364
-0,01480709
-0,02329605
0,008260521
-0,01242652
0,01126963
-0,01186015
0,01352022
0,01309279
0,0280307
0,02225696
0,01795587
0,01596948
-0,02497322
0,02416809
-0,008278687
0,001845795
-0,003507355
-0,0009623393
0,0198348
0,006066332
0,009935809
-0,003160763
-0,0007365704
-0,02887525
-0,01786272
-0,009385819
0,004388916
0,01753645
0,02677101
0,02165577
0,01533039
0,02112322
-0,02533047
-0,02434406
-0,006286592
-0,02820409
-0,01819653
-0,009261224
0,01827028
-0,01934708
0,02769446
-0,02024389
-0,0301588
0,02195246
0,01703988
0,0227909
0,0007967418
0,02580001
-0,00531811
-0,01186165
-0,02421431
-0,01366433
0,01103791
0,003034331
0,01888887
0,01860065
0,007332403
0,006566306
-0,02456736
-0,009192625
0,01448546
0,02661854
0,01631338
-0,02454394
-0,02395671
0,02687113
0,01054659
0,02908727
-0,0009150197
-0,01081321
-0,01063246
-0,02485884
0,01050531
0,008852906
0,008984746
0,0005385916
-0,003391639
0,00798875
-0,01569528
-0,01082607
0,0193722
0,008041955
-0,007468161
0,008499034
0,01592024
-0,001209542
-0,01982352
0,002587488
-0,01231633
0,006717002
-0,003891316
0,006598013
-0,01395763
-0,001740725
-0,002746184
-0,02870809
-0,005723977
0,02506564
0,01622841
0,02087086
-0,01781547
0,002321354
-0,003256313
-0,02441696
0,02932231
-0,0293037
0,0067121
-0,02774197
0,02481053
-0,01159289
-0,008265856
0,02976949
-0,008449195
0,01618874
0,001282041
-0,02466212
0,003406523
-0,02316903
-0,01064977
0,006925557
0,01640612
-0,02209443
0,01155361
0,02320455
0,02377144
0,01328054
0,01944784
-0,01808237
-0,018419
0,006943505
-0,02415867
0,001842971
0,02246384
-0,00552601
-0,02263118
-0,01250462
-0,01813688
-0,01257885
0,01094413
0,01614691
0,02367131
-0,02168266
0,008829089
0,03034224
-0,01460909
-0,002955482
-0,01481527
0,0005416535
0,02753734
-0,008163535
-0,001736849
-0,0127658
0,005529188
-0,02087551
-0,02564919
-0,02560318
0,02190049
0,004666675
-0,01722306
-0,01386605
-0,01822382
-0,005349679
0,02138527
-0,01265879
-0,01791608
0,01998257
-0,02283805
0,02739152
0,008304437
-0,01664726
0,02383015
-0,01378143
-0,003322175
0,00406827
0,01392665
0,008034739
-0,0005405264
0,01108399
0,007374467
-0,00371882
-0,001980238
-0,01126585
-0,01496112
0,02025484
-0,02087438
0,01946243
0,02731933
0,01352277
-0,009524931
-0,02660465
-0,003398211
0,008146607
-0,02532205
-0,005301171
0,004349325
-0,0009263793
-0,01237089
-0,008529881
0,0183518
-0,004066354
-0,01018042
-0,01163519
0,02279513
0,01399794
-0,001602764
-0,01798256
0,02110918
-0,02851892
-0,004242037
-0,003105527
0,005446813
-0,01926464
0,02789541
0,01698226
0,01870357
0,02342022
-0,02060397
-0,02902528
-0,02199436
-0,006986138
0,02310561
-0,005767328
0,006798207
0,004822426
0,01746042
-0,01417696
-0,01837697
-0,02792797
0,0303183
-0,01511601
-0,009565257
-0,021973
0,02336272
-0,01863403
-0,023461
-0,02034025
-0,003284832
0,001819743
-0,008012578
0,02783928
0,02915443
0,02598302
-0,01223243
0,02425356
-0,001436839
-0,0142007
0,01079255
-0,01182394
0,006519176
0,01145858
-0,01037031
-0,01342515
-0,01663666
-0,004722005
0,003306282
0,026069
0,01204815
-0,01218981
0,02706323
-0,01745014
-0,02964557
0,01895876
-0,02831171
-0,01917836
-0,02359745
-0,00267231
-0,01208424
0,01644927
0,01041067
0,009014899
-0,003343643
0,008203254
0,009593841
-0,01910282
-0,005478655
0,02789823
-0,02330627
0,0133725
-0,02361119
0,001744095
0,005592304
0,02403892
-0,003779442
-0,01111931
0,02588967
-0,02611815
0,02534368
-0,001872252
0,008746487
-0,01889001
-0,001728127
-0,02101911
0,005369289
-0,02058299
0,02745208
-0,01982985
0,02421739
-0,0231328
0,01776987
-0,02877528
0,02849775
0,02497685
0,008369539
0,02810871
-0,01522238
0,01199781
0,007527164
-0,02753513
-0,02924117
0,006020014
0,0194232
0,02931648
-0,0186164
-0,004670118
0,007516871
-0,02310929
-0,007271656
0,01334727
-0,01448065
-0,02749063
0,002584882
0,0204217
-0,02232732
-0,0006734627
-0,01922077
-0,01230194
-0,02710998
0,0002499603
-0,01595118
-0,01566117
-0,02639308
0,0303167
0,02615098
-0,02481803
0,003840895
0,01127992
-0,01430167
-0,001278505
-0,02583694
-0,01607936
-0,003010493
0,0229004
-0,002623177
-0,02726605
-0,007713443
-0,0004750226
0,02816952
-0,01999209
0,002501014
0,02056104
0,01805831
-0,01911875
0,02196294
0,0152629
-0,0007479559
-0,02190114
0,01728504
