-0,02271405
-0,02081655
0,002294481
0,02503629
-0,009776981
0,01942731
-0,001038086
0,02725332
0,007015509
-0,002494208
-0,01538439
-0,01872796
-0,02758274
0,01765562
0,01816836
0,01121972
0,02759514
0,009836682
-0,02633148
0,001337024
-0,002246645
0,01343104
-0,009233654
0,02173849
-0,01015852
-0,01040154
-0,01095481
0,02927344
-0,001975632
0,02130155
0,01646447
0,02287973
0,003498594
-0,03000392
-0,02410338
-0,005052534
0,001548389
0,009983329
0,02317914
0,01607579
-0,004670325
-0,004665621
0,004756521
-0,01295669
0,001647461
-0,002365098
-0,006853178
-0,01383508
0,0002812004
0,02661062
-0,02069188
0,02277123
-0,01987457
-0,02872355
-0,02912129
-0,003946492
0,0158618
0,005106116
0,001278031
-0,03367835
-0,001351707
-0,00279939
0,0005120141
0,02415418
0,01623214
-0,006094657
0,007177501
-0,02845029
0,0110771
-0,006449642
-0,02027279
-0,01082495
0,01620302
-0,01294055
-0,02572535
-0,03167424
-0,02236011
-0,0234409
-0,008398392
0,02439602
0,02683645
-0,02561895
0,0003066795
-0,003220419
0,007748386
0,02386964
0,01300693
0,008528325
0,0368799
0,01623177
0,01091802
0,0280635
-0,02579111
0,02212898
-0,01522727
0,02466089
0,02341444
0,01457952
0,002355529
-0,02267176
0,02199134
-0,008486427
0,005889003
-0,02083578
0,01845575
0,01404327
-0,0367345
0,0205383
0,01075831
-0,04035014
-0,01361195
0,01752429
-0,006943061
0,02392521
-0,01432964
0,005414799
-0,0266906
-0,02890778
-0,02116334
0,02304936
0,0143053
-0,0268667
-0,03149767
0,02326735
0,01188809
-0,02208711
-0,01901221
0,02214956
-0,02849256
-0,01195653
-0,01036582
0,004608699
0,01186063
-0,01080893
-0,02966075
0,01168237
-0,004811142
-0,002877553
0,03201392
0,02858811
0,01895846
0,02554518
0,01355368
0,02925648
-0,001701671
0,023415
0,004142014
-0,01113653
0,01498081
0,01750934
0,02345269
0,02308318
0,002659735
0,0144463
0,0001258094
0,001290567
-0,02209988
0,01214484
-0,01471417
-0,008165154
0,008144253
-0,02768307
0,03058009
0,0148748
0,03050571
0,02227161
-0,01738441
-0,01262666
0,01728592
0,01278637
-0,02439798
0,01484042
-0,01320139
-0,007402955
-0,01687449
0,028103
-0,01616351
-0,03118102
0,00171264
0,006734473
0,00232305
0,025245
-0,01384717
-0,007461574
-0,00363494
-0,01593884
0,02383708
0,01911285
0,03721303
-0,01448875
-0,006946119
0,0284713
0,02920217
-0,02238641
-0,01653908
0,001737248
0,02901466
-0,02974499
-0,02258412
0,006991194
0,01088027
-0,007058143
0,002429462
-0,006859467
0,03457718
0,0006359467
-0,008795109
-0,0302598
-0,001406218
0,000311981
-0,00360119
-0,01016452
-0,02885551
0,006949021
0,02764413
0,01218263
-0,03110125
0,01286703
-0,00682366
0,008763768
-0,01495097
0,01241072
-0,003949747
0,01124983
0,001124453
-0,01357636
0,01215735
-0,02277313
-0,03076795
-0,01613986
0,006983723
-0,02504735
0,03462954
0,05221946
0,0255402
0,0124889
-0,007873063
0,02916653
0,0006364119
-0,01648724
0,03001349
0,01458934
-0,00663421
-0,01507476
0,0103893
0,01968428
0,005675063
-0,004378923
-0,01830871
0,00576794
-0,001925674
-0,0100624
-0,009160909
0,0003204506
0,01288246
-0,02886053
-0,003677464
-0,02643919
-0,001064789
-0,006212383
0,0008276829
-0,01126039
-0,02711625
0,04772807
0,02630402
-0,02348221
-0,001421402
4,454067E-05
0,006399872
0,0266734
0,002826851
-0,01798051
0,002280457
0,00668393
0,04433218
0,02878047
0,04208396
-0,02226629
0,01575037
0,01408416
0,01845453
-0,01235258
0,04702134
0,04373497
-0,03436122
-0,00248942
0,03354485
-0,01864739
-0,01647918
0,02907251
-0,01371933
-0,009509338
-0,01631259
0,02995001
0,01148146
-0,008119212
0,004192968
-0,003942604
0,007127607
0,001182573
-0,005541433
-0,01255826
-0,03974015
0,002794042
-0,001821214
-0,01558403
-0,06546049
-0,05040663
0,0170166
0,01157896
0,01831682
-0,009990091
-0,01423112
-0,0382555
0,04773108
-0,0001589463
-0,001482557
-0,001317051
0,03988944
0,008356778
0,02650496
-0,03325182
-0,03716924
0,001328743
0,02414375
0,04226189
0,01976055
-0,04133691
-0,01412597
0,001590281
0,02325126
0,0126374
0,0270709
0,01989286
-0,003067383
-0,01793576
-0,008248446
-0,03645615
-0,04646488
-0,002793999
-0,03004064
-0,02714084
0,0138852
-0,02227787
0,004866992
-0,0254463
-0,02309417
-0,02662674
0,03041305
-0,002797934
0,02984985
-0,03395132
0,007904189
-0,004980993
-0,037493
-0,02370765
-0,04399261
-0,07249936
0,02693931
-0,02958919
0,001719931
0,003231906
0,06991719
-0,0117618
0,0172327
0,06643023
0,04415487
0,04384273
-0,04427119
0,009206585
0,05605119
0,0272763
-0,006173883
0,01709731
0,05778539
-0,01910514
-0,003342185
-0,03033531
-0,05499594
-0,06122996
0,002514953
-0,01997061
-0,04223752
-0,04863812
0,04732964
0,03498184
0,007795848
-0,03579521
-0,02911975
0,01462909
-0,02129337
-0,002163539
-0,001215077
0,03647445
-0,008034592
-0,01725285
0,00242629
-0,001600663
0,009258307
0,01229733
-0,00282618
-0,01443056
-0,04757931
0,0151663
-0,007537248
-0,09463063
0,01389719
-0,004859845
-0,05051866
0,01008303
0,1092231
0,001672997
0,04684523
0,0002605689
-0,02573651
0,02149244
0,05553801
-0,01301791
0,0389328
0,08199544
0,08691957
0,05246489
-0,02875387
-0,005446061
0,03498459
-0,03155598
-0,007322229
-0,0001961275
0,005051112
-0,05903284
-0,07037397
-0,05391235
-0,0111781
-0,008402282
0,02640794
0,06007071
-0,0119925
0,04245416
-0,009706495
-0,03612895
0,02023436
-0,05343735
-0,009417861
0,01109871
0,03296138
0,02822565
-0,01694602
0,002780427
0,002857558
0,004558006
-0,01691183
0,008470201
-0,003920663
0,04870496
0,00813268
0,06481047
0,009584588
0,02111963
0,004213114
-0,07692782
-0,004560423
0,006500012
0,04167927
0,02099788
-0,0449265
0,004258418
0,0390263
0,03486359
0,02784229
0,07324944
0,07159417
-0,005155601
-0,0531169
0,02145881
0,003695898
-0,07682074
-0,07603133
-0,05033541
0,0339994
-0,02033735
-0,0992168
0,01868927
0,04288605
0,03893274
0,08953159
0,08475984
-0,01144965
0,003408231
-0,02202232
-0,04050916
-0,04714281
-0,0559499
-0,001317744
-0,01546499
-0,006948071
0,01001242
0,009151731
0,02714641
-0,004424627
-0,02325658
-0,01650045
0,02095478
0,02403227
0,07579377
-0,01903129
-0,06321757
0,06619181
-0,03743115
0,002737822
-0,0589879
-0,03768278
-0,0587025
-0,02660543
-0,01490972
-0,08162739
0,05614897
0,05393289
-0,02385712
0,06920275
0,04223605
0,07753678
0,01467494
0,04469211
0,06023696
0,01195153
-0,04276438
-0,05105069
-0,07151353
0,002156815
-0,08213396
-0,1138925
-0,07865392
-0,03271968
-0,02265715
0,01995682
0,02453385
0,05009
0,07074176
-0,04787588
-0,004217772
-0,03761128
0,01526531
-0,02984886
-0,05607256
-0,01873222
-0,001026028
0,003363615
0,00862648
0,004114403
-0,02733151
-0,02647117
-0,03262158
0,01368098
-0,03297964
0,005507233
0,02444035
-0,01009247
0,02911733
-0,02662728
-0,01897145
-0,06559071
-0,04954339
-0,04832349
-0,04826124
-0,07286412
0,07914861
0,08963238
0,1295983
0,06871025
0,05624245
0,01526593
0,006088378
0,06925457
0,02724386
0,04182759
0,006319144
-0,08550996
-0,1357231
-0,1083226
-0,105898
0,01792566
-0,04143546
-0,008611847
0,05163093
0,06526185
0,07711536
0,02164345
0,05452705
-0,02007356
-0,05280975
0,07430784
0,01426472
-0,01465125
-0,008121503
-0,03447365
-0,006529087
0,008006318
-0,02193159
-0,01742994
0,02854765
0,007311748
0,02649304
0,002011744
0,01648983
0,01129273
-0,03341326
0,03587815
0,03694502
-0,05784837
-0,01287958
-0,0570476
-0,1241952
-0,08750404
-0,1178613
-0,1110876
-0,01697311
0,05140166
0,1037844
0,1231502
0,08999812
-0,04730215
-0,01564572
-0,02044873
-0,003958907
0,02104205
0,0492718
-0,0266506
-0,05246095
-0,1144285
-0,0731003
-0,01475786
0,03078489
0,06930776
0,04524929
0,1812895
0,02679964
0,01793147
0,07228625
0,02130939
-0,003530392
-2,677604E-05
0,02322705
-0,01569627
-0,02862053
-0,03455238
0,02958912
-0,02510879
0,003859932
0,002528225
-0,005280091
-0,02855995
-0,01973939
0,02318517
0,04458077
-0,004724371
-0,05250263
0,0001163431
0,01857178
-0,008957406
-0,08322775
-0,05198376
-0,01044747
-0,06480023
0,004726472
-0,06514211
-0,01931003
-0,02687512
-0,01656937
-0,01142002
0,05453797
0,07382372
0,003032826
-0,01486729
0,0339205
0,0515879
0,0446296
0,03935359
-0,02667102
0,04619882
0,05391206
0,08079635
0,004590225
0,1165216
0,1370129
0,0909531
0,04252939
-0,01705568
0,01178094
-0,03248938
0,02554245
-0,03436742
0,0355128
-0,004581152
-0,06491952
-0,008640669
0,007498225
-0,005873572
0,01862627
0,011939
0,008206938
-0,02422531
-0,03260234
0,03489796
-0,009388693
-0,03739915
0,0572237
-0,07918569
-0,03059647
-0,04880632
-0,07535209
-0,02872872
0,001633863
0,01920491
0,0679934
0,02149505
-0,02030161
-0,0406132
-0,007301109
-0,121129
-0,03924283
-0,0018682
0,05456771
0,006215419
-0,1178653
0,001254247
-0,02136335
0,01156519
0,02400859
-0,1230389
-0,05849815
-0,03109341
-0,01972219
0,1010843
0,06007014
0,1742812
0,00500655
-0,02749967
-0,004316877
-0,01269704
-0,02575629
-0,02708669
-0,01323819
0,03284506
-0,02473202
-0,07704603
-0,02477155
-0,01941834
0,01355071
0,02036832
0,009287456
0,0207521
0,01552054
0,01810988
-0,00189306
-0,04032975
-0,05858821
-0,06736052
-0,1139416
-0,08119839
-0,1101952
-0,02090861
0,006817381
-0,08489164
-0,01947324
-0,04640104
-0,07537144
-0,05638435
-0,02788658
0,03375118
0,06545813
-0,05919597
-0,05083462
0,04534686
-0,1131454
-0,0002227845
-0,04127218
-0,08796874
0,02136329
-0,0443059
-0,1315894
-0,1587176
-0,06964662
0,04983116
0,0362953
0,07763299
-0,08324371
0,1439443
0,0368491
0,04849276
-0,03316632
0,01350517
0,07590776
0,02254262
-0,03321341
-0,1296808
-0,04003575
-0,03712603
0,02745239
0,01256526
0,04019226
-0,003146686
0,005701255
0,009600963
0,02576657
-0,03776334
-0,07610309
-0,04042828
-0,0462936
-0,04862192
0,04963387
-0,1008033
-0,1537528
-0,04345749
0,02400727
0,01655336
0,09448731
-0,01555396
0,02062464
0,109784
0,09860072
-0,0490762
-0,01339101
0,06579076
-0,1179879
0,03286919
-0,001069056
-0,01418909
-0,008337116
0,1775081
-0,00102931
-0,2286025
-0,03115144
0,04580779
-0,0227479
0,1520688
-0,06640261
0,01882648
-0,09548753
-0,04592025
0,0154151
0,009707438
0,04565679
0,03744198
0,01563039
-0,03233662
0,03459631
-0,007461744
0,02769114
0,003994865
0,01882615
-0,02440486
-0,02132333
-0,01711748
0,03056948
-0,007338215
0,005345951
-0,01436561
0,07375643
-0,03248281
-0,03657716
-0,09954377
-0,1496095
-0,05669256
-0,07109541
0,001676949
0,0383375
0,06986965
0,000311956
-0,07147792
0,01553325
0,05961619
0,167991
-0,03811555
-0,08858757
0,001900728
0,07372127
0,03153574
0,03404897
-0,02706391
0,02632445
-0,03240677
0,01843148
0,1247668
0,02421376
-0,02734211
0,1138239
0,09738731
0,1320577
-0,07507025
-0,04301977
0,06211834
0,1066619
0,04294341
0,04942851
0,02796762
0,01780362
0,01288314
0,04435081
-0,01372947
-0,008277605
-0,00754426
-0,003247345
0,006984713
-0,00936119
0,008920492
-0,0195644
-0,003687482
0,06968344
0,05507383
0,05145587
-0,1436045
-0,1353015
-0,04638797
0,04527225
0,08121971
0,07649596
0,04671074
-0,05647508
0,06874882
0,06696035
-0,004449917
0,04137585
-0,06590484
0,1360957
-0,0211885
0,07902111
0,05814401
0,1470544
0,00160627
0,2339295
0,03657437
0,05687277
-0,03653231
0,05865484
-0,04834199
0,1655989
0,2068984
0,1090289
0,08102605
-0,06819083
-0,04005801
-0,04564849
-0,0343495
0,005941103
-0,021233
0,05009249
0,01050823
0,008193569
-0,02391868
-0,008808292
-0,02630137
-0,02198938
-0,01661962
-0,02781514
0,04176994
0,05492402
0,02884074
0,035643
-0,0245747
-0,04089448
0,06102832
-0,05444597
-0,1029851
0,04752864
0,09769496
0,1171212
0,09001675
0,02282033
0,1841314
0,05128578
0,1044758
0,09709924
-0,1642967
-0,02605384
-0,08472693
-0,01109966
-0,01408193
-0,01307284
-0,002195772
0,112366
-0,0469261
0,01636171
0,01109414
0,002893905
0,07685502
-0,05865259
0,05597973
0,09639602
0,1280488
-0,01097319
-0,03506202
-0,009548095
-0,01317651
0,0340664
-0,01838193
0,04997619
0,0296297
0,01586466
0,007098197
-0,02494437
-0,02209357
-0,01559821
0,003537943
-0,01836945
-0,003943759
0,03441278
0,07542411
0,1471835
-0,04602445
0,05784226
0,02711562
-0,07016927
-0,03935381
-0,01918698
-0,03370154
0,005896486
-0,01612647
-0,1011038
0,1001368
0,1084525
-0,1506685
-0,05163672
-0,1502672
-0,1486953
-0,09406715
-0,1643663
0,0005328012
-0,1085062
0,06240041
-0,002641478
-0,005784245
0,2618693
0,009759975
0,02060911
0,06781785
0,0003963478
0,07118905
0,1155849
0,01213351
0,07398786
0,1091455
0,1037045
-0,00862247
-0,01148871
-0,03329099
0,04916757
0,001916184
-0,0507222
-0,03958523
-0,01499046
-0,02953314
0,01885811
-0,02679015
0,0007440046
0,03487831
0,02757212
0,1033931
0,008856742
0,1343909
0,04098638
-0,04992141
0,1097823
-0,00928213
0,05061699
-0,02540698
-0,01241635
0,04772274
-0,02401281
-0,08023276
0,1110698
0,006719846
0,1887422
0,1061818
-0,2010272
-0,121047
-0,2042561
-0,0107319
0,07895698
0,09745855
-0,06255192
-0,02519086
0,04101318
-0,03232089
0,02657257
-0,01961917
-0,04786023
0,05260865
0,1146189
0,0204468
0,122136
0,0172564
-0,003656184
0,04598034
0,04230467
-0,03338664
0,04305382
0,02455135
-0,009740379
-0,03071128
-0,02234046
-0,02678909
0,0182317
-0,02417159
-0,009150205
0,06102351
0,02396142
0,115674
0,07932967
0,07303057
0,04232624
0,00853505
0,04982527
-0,08140346
0,0711304
0,007172285
0,04739383
0,09987821
0,03970863
0,05379196
0,03575727
0,09707119
0,1535309
-0,06399346
-0,1664194
-0,00836632
-0,09746782
-0,007577486
0,05915971
0,07127936
-0,1227505
-0,06533508
0,005115707
-0,123677
-0,08478011
-0,03155691
0,05003817
0,00699936
0,004783758
-0,02876314
-0,06317543
-0,02002121
-0,08489136
0,01569383
0,04997058
0,01344446
0,02821659
-0,02066259
-0,0281286
-0,04292395
0,01846141
-0,02065614
0,004313611
-0,006322397
0,01804161
0,03605027
0,1414374
0,1180124
0,03262573
0,01722873
-0,07825302
-0,003653367
-0,03580048
-0,1526796
-0,04821604
-0,05064119
0,116362
0,1253463
-0,001870026
-0,08950198
-0,009582285
-0,05990705
-0,04449277
-0,08916289
0,01077071
-0,008661187
-0,07854524
-0,2199748
0,003292363
-0,02446055
-0,1591666
-0,09083342
-0,01745508
-0,02534058
-0,1175698
0,004026391
0,04039151
0,05355737
-0,01250219
0,02294069
-0,002159872
-0,003601569
0,000447451
0,03144627
0,04421479
0,003984585
0,02125701
-0,04047351
-0,006114599
0,01466612
-0,03592524
0,001101007
-0,007286331
0,02149555
-0,02528087
0,01572412
0,007004413
-0,0637557
0,01343503
0,04913017
0,0001796458
0,002058019
-0,05143788
-0,04993606
0,009999813
0,04092839
0,05861535
-0,07814943
-0,09409054
0,04396493
0,03702063
0,01742293
-0,008996351
-0,06263904
-0,1610544
0,04443448
-0,09233044
-0,2156577
-0,06048802
0,07442678
0,01950007
0,027186
-0,0002049904
0,04717378
-0,121894
-0,01145608
-0,01123721
-0,002676282
-0,05680345
0,07482216
0,03912615
0,001142817
0,03268306
-0,007593512
0,02943362
-0,02209846
0,02220208
-0,02043789
-0,03121588
-0,01610583
-0,02842021
-0,009504391
-0,02712343
0,002530743
-0,04462909
0,07564545
0,0007462024
-0,02402133
-0,001856751
0,0002342286
-0,09895779
0,04536614
0,03095718
-0,02877339
0,02570317
0,002230392
-0,07938415
-0,1469591
-0,06271938
-0,05024496
0,1208268
-0,04074321
-0,1488914
-0,09839007
-0,1185377
0,0916475
-0,02179872
0,008971987
-0,01154072
0,1122764
-0,01800932
0,04840595
0,1680793
-0,009294887
0,002976086
0,07900256
-0,07830133
-0,05519733
-0,06283938
0,09520059
0,1205862
0,0407147
-0,04719533
0,02271465
0,01061083
0,01591108
-0,02215797
-0,02294085
-0,02658405
-0,04516371
0,008893638
0,002311346
-0,0293062
0,02252128
0,07840616
0,08255544
0,01401337
-0,06105347
-0,03560622
-0,002607675
0,01745518
0,02195315
0,03661254
0,0876487
0,1103315
-0,02652839
-0,1603911
-0,1305131
0,01791974
0,08512856
-0,0217476
-0,0174102
0,03464573
-0,1063041
0,1063915
-0,05271329
-0,06246134
-0,05212587
0,11855
0,05979744
-0,04869421
-0,05012814
0,1499996
0,1846072
0,1544343
-0,09418212
-0,01278645
-0,01858365
0,01024372
0,003640666
-0,0591167
0,09149615
0,07284407
0,08115351
0,01157941
0,04087396
0,0219893
-0,01756433
0,01132762
-0,03250948
0,02684508
-0,02573805
0,01218917
0,00867307
0,02732871
0,05868756
0,02834273
-0,008305574
0,02401385
-0,004966413
0,009212492
0,1239042
0,01517401
-0,1227344
0,02717553
-0,1129126
-0,1092836
0,009033318
0,03223668
-0,08089527
0,0590349
0,04192633
-0,007220309
-0,1502239
0,1042372
0,127595
0,06406967
-0,05402899
0,1091077
0,1281492
-0,01034704
0,03152241
0,03655742
-0,005211627
-0,007771911
-0,01102855
0,001952498
0,1309885
0,06249407
-0,0151591
-0,01928416
0,07386485
-0,04661651
0,0692978
-0,0288469
0,03010955
0,06748006
-0,01884466
-0,03508969
-0,03492283
0,007376667
0,02718124
-0,02797586
0,05791618
0,05782043
0,07893038
0,07085362
0,02205619
0,07068423
0,001361242
0,004106362
-0,09864663
-0,02928467
0,0002135785
0,002774442
-0,003761587
-0,01611233
-0,03695053
-0,2013391
-0,0005281606
-0,01720579
-0,03099583
-0,03937441
-0,06563623
-0,1249893
0,003025489
0,00788065
0,03372829
-0,03720568
0,1329584
-0,03298853
-0,009796846
0,00357794
-0,04596752
-0,0792364
-0,1106792
-0,1819532
0,0563115
0,01278648
0,06629286
0,066966
-0,1109732
0,01968414
0,07305499
-0,01046419
0,04377358
0,009846789
0,03551197
-0,06513321
-0,03491967
-0,02516843
0,003049627
0,006074346
0,03403856
0,009957943
0,07457219
0,1011848
-0,00441134
0,06718619
0,08104821
-0,02415597
-0,03511654
-0,07494804
-0,09017739
-0,1450326
-0,1106232
-0,1543776
-0,1328201
-0,0525289
0,04939498
-0,1462293
-0,09947102
-0,06476928
0,01685373
-0,0295774
-0,006384201
-0,08571783
-0,02846943
-0,03479568
0,01447541
-0,05269668
0,009154518
0,09835273
-0,009692708
0,03094636
-0,001090263
-0,005142798
0,01532762
0,005545458
0,136374
0,03230008
-0,1149361
0,04846746
0,07540811
-0,0574696
0,007324751
-0,02463343
0,01112504
-0,03344442
0,008824745
0,02553567
0,01472759
0,01303551
0,03921074
0,03377817
0,06863735
-0,019362
0,01295966
0,09622826
0,006648153
-0,02667692
0,003712182
-0,01504632
-0,05206309
0,01047467
0,1819442
-0,07724718
-0,048347
-0,008674945
-0,07086591
-0,09447365
0,08060718
0,1877153
0,1410604
-0,03804
-0,01886479
0,03729486
-0,05609929
-0,1166499
0,03100808
-0,1255903
-0,04665475
0,00415086
0,05433856
0,07123923
0,2518173
0,04478361
0,08071285
-0,1572922
0,02551996
-0,02155457
-0,01099377
0,03371037
0,04906169
0,005248003
-0,01533977
-0,02409946
-0,02436362
-0,05494821
-0,01720135
0,005231515
0,003725999
0,0136098
0,03645577
-0,03612294
0,05578864
0,02126114
0,03287463
0,1173529
0,07604922
-0,07179007
-0,111426
-0,1059381
-0,1597314
0,05721229
0,08954627
-0,02872702
-0,05998493
0,04579027
-0,05317814
-0,05107826
0,02427985
-0,1267798
0,1716219
0,2030007
-0,06246095
-0,01508019
0,06449763
-0,0778738
-0,08087905
-0,02916756
-0,0482634
0,1616955
0,04574452
0,2198221
0,2018867
-0,01805113
0,05257405
0,06139185
0,02294443
0,08446369
-0,05800027
-0,08423929
-0,03693779
0,008767706
0,01802612
0,009408215
0,01040542
0,001971203
0,01650346
0,00871817
0,003993121
-0,02465776
0,01775454
-0,02193355
-0,005003306
-0,02016948
-0,08726995
0,01608428
0,02924399
0,0587321
0,01111691
-0,06983425
-0,104103
0,03816344
0,03935694
-0,1348232
-0,1125413
-0,04472814
-0,05969757
-0,1933106
-0,149419
-0,1206231
-0,01432236
-0,1301512
-0,08575138
-0,0425014
-0,04868959
-0,157874
-0,02665119
0,01530949
0,09253095
0,05425328
0,1038496
0,1222156
0,148297
0,06328712
-0,008485583
-0,003384047
-0,08385222
0,06033152
-0,0343711
-0,06414802
-0,01389505
-0,03784458
-0,01085245
0,01686438
0,0183291
0,02476742
0,02860785
-0,03263154
0,01448542
0,0293524
-0,000770258
0,005039307
0,02848681
-0,1044909
-0,04541957
-0,06820554
-0,004920864
-0,006976401
-0,00204626
-0,02842147
0,134349
0,001368429
-0,1402573
-0,07109125
-0,07065429
-0,03927154
-0,07580271
-0,07917532
0,1019387
-0,01314868
0,04927845
-0,0009528515
-0,04868005
-0,1245241
0,005308184
-0,191219
-0,1165124
-0,02844422
-0,08755588
0,05671355
0,1143926
0,1043989
0,07678171
0,06926168
-0,1307466
0,04718548
0,01949076
-0,02167703
-0,05540293
-0,06806904
0,0386489
0,04146921
-0,02838685
0,02696163
0,01953321
0,0361091
-0,02578841
-0,01261298
0,02768034
-0,0117864
-0,03144594
0,02308908
-0,02280831
-0,05591233
-0,009427804
0,03749663
0,05030067
0,1809125
0,09330749
0,07852896
0,04626542
0,02383159
0,06684792
0,02141059
-0,03142135
-0,09222702
-0,1196358
-0,09930384
-0,04493164
-0,1718698
0,02223505
0,1494062
0,03807363
0,01303197
0,03574089
-0,0786119
-0,03122167
-0,008828287
-0,1015317
-0,03155242
0,1238215
0,05466321
0,08141317
-0,02191279
-0,09990203
0,1044974
-0,05849381
0,008125325
-0,1278425
-0,03256616
-0,003927803
0,02527115
0,005301078
0,01917337
-0,001152522
-0,008442186
-0,0302721
-0,0396963
0,003927256
0,01956978
-0,0846687
0,04759734
-0,02720715
-0,08488606
0,003736316
0,07451104
-0,01448717
-0,01754561
-0,06438183
0,01705361
-0,0223252
0,001288814
-0,05903536
-0,07496791
-0,01764972
-0,1494698
-0,1644899
-0,09526107
0,0660034
-0,167051
-0,06912899
-0,0358265
-0,0124487
-0,004939538
0,01591847
-0,1280616
-0,05119366
-0,1398184
-0,263671
-0,02255118
-0,03610962
-0,02996041
0,04346971
0,02881183
0,02191896
-0,02120866
-0,03179298
-0,001892904
-0,05689388
-0,0102557
0,03615741
0,01480581
0,01458577
0,05356279
0,003206851
0,02490499
0,009591973
-0,01739629
0,01783114
0,01904523
0,05705116
0,06083787
0,006589608
-0,08528705
-0,08561791
0,07533331
-0,02047875
-0,02950154
0,004748639
0,01765951
0,03667357
0,08377636
0,1250523
-0,01222852
0,04255038
0,03120022
0,1266616
-0,05136058
-0,04942841
-0,04997962
-0,04905106
0,01304771
0,03719508
0,07255308
0,07416207
-0,08193988
0,06365988
-0,0700009
-0,02605062
-0,04999958
-0,06182528
0,01586627
0,08982978
0,1068215
0,02658881
-0,1137945
-0,09729528
-0,08754862
-0,09039325
-0,02878978
-0,08573877
0,01682824
-0,01514682
-0,001197878
0,03127022
0,008047108
-0,009194701
-0,02167304
0,005383786
-0,02437586
0,006800192
-0,05701685
0,06721713
0,03339502
0,005840681
0,06046822
-0,04073184
0,05104256
0,09521686
0,01173123
0,0747018
0,08322301
0,08889511
0,0327069
0,04939264
-0,04932635
-0,06068537
-0,02840816
-0,03453777
-0,0564844
-0,09647474
-0,1527684
-0,2005223
0,06263243
0,02466591
0,05823501
0,04798551
0,003229144
0,08496179
0,01104415
-0,03029472
-0,02958952
0,03427839
0,09240954
-0,01196389
0,006902562
0,002391094
-0,03110815
-0,05896086
-0,05176359
-0,02025078
-0,01831362
-0,03325577
0,006100098
-0,0006090135
-0,03826404
-0,02944647
0,01225404
-0,02551469
-0,01632968
0,03773915
-0,0005586694
0,003014819
-0,08027603
-0,09714293
0,03991136
0,01003209
-0,007106725
-0,0297718
0,003619128
0,09400684
0,1030618
0,02206787
-0,03632353
0,07629834
0,2222891
0,01328506
-0,02523206
-0,1264482
-0,1471711
-0,04511487
-0,05026205
0,01815412
0,09773572
0,03232213
0,01061115
-0,03781246
-0,0009885441
-0,09093428
0,00507461
-0,04037951
0,1322155
0,1150563
0,009892688
-0,07840732
0,01182565
-0,06057345
-0,008168746
-0,01439041
-0,03518837
0,01987954
0,02210979
0,04468595
-0,003065719
-0,02137
-0,02718306
-0,009988765
-0,01134049
-0,007798824
-0,02213434
-0,03885486
0,02699082
0,07438402
0,0767697
-0,02667113
-0,01088065
-0,006223495
-0,0367302
-0,03605843
-0,1024385
0,01351214
0,06678616
-0,001679886
-0,04807987
-0,014419
0,04772151
-0,07948378
-0,0725664
-0,143919
-0,06862881
-0,08174598
-0,1077082
-0,00664882
0,01453565
0,04169442
0,1690263
-0,02779954
-0,007191083
0,005278511
0,1163117
-0,05985552
-0,0774039
-0,03746231
-0,1248771
-0,02983495
0,03574773
-0,1062851
-0,02112054
-0,01999203
-0,02734146
0,04554398
0,01583774
0,00182242
-0,01366881
-0,02090001
0,0009594576
-0,002025202
-0,0007221674
0,00295914
-0,02076939
-0,0337851
0,0544413
0,03714973
0,1727936
0,007153117
-0,05318183
0,02330682
-0,02538201
-0,0963517
-0,07245571
-0,02159717
0,0004310446
-0,05757042
0,1079133
-0,03785169
-0,1031196
0,03694512
0,0307569
-0,08313147
-0,02895375
0,1087577
-0,06662224
-0,02639848
0,09892875
0,04095084
0,1411536
-0,04346294
0,03608449
-0,1561719
0,02678969
-0,0128372
-0,1135267
-0,1379276
-0,08482743
-0,03789595
0,02628556
-0,06003116
-0,03139573
0,071155
0,04446688
0,0208189
-0,005193235
0,002286534
0,004082016
0,002178187
-0,01653145
-0,00946038
-0,001238897
-0,006936738
-0,005399188
0,001503392
-0,02663773
0,03601134
0,06592809
0,09442893
-0,01949705
-0,04193202
-0,0262365
-0,006117466
0,02227713
0,007144351
-0,03433966
-0,1227414
0,04061001
0,07840734
0,01392968
0,02041378
0,004557183
0,03615414
-0,1458497
-0,06218867
0,01772064
0,07296952
-0,03019409
-0,03262582
0,1871154
0,08291847
0,01718739
-0,1529153
0,06656658
0,06456418
-0,03634959
0,06528506
-0,02573095
0,01769039
0,08147301
0,02282155
0,01000876
-0,008967781
0,0419971
0,06139489
-0,01432084
0,01192878
-0,011017
0,01983864
-0,002186681
-0,03730183
-0,01808383
-0,02688997
0,01470723
0,01458974
-0,05108686
-0,05206725
0,06791054
0,1481951
0,1101872
-0,02693359
-0,02925575
-0,1037677
-0,008154619
-0,04359868
0,05665109
0,01156349
0,1102258
-0,03711993
0,01443615
0,04003538
0,1942014
-0,02426041
-0,2588051
-0,135663
0,02318817
0,2541417
0,05672406
-0,07103778
-0,00737923
0,07220311
-0,1245511
-0,03862952
0,07233744
0,02133887
-0,04997577
0,1195609
-0,01945191
0,01912416
0,02828061
0,07305569
0,1003041
-0,02532478
0,05373735
0,0238538
-0,02252242
0,03781135
-0,01067208
-0,03077588
0,01012399
0,004274856
0,01767863
-0,02539513
0,007442896
0,01114558
0,03321308
-0,04454013
0,07067081
-0,02620197
-0,0258806
0,08508031
0,04864661
-0,004616859
0,008699785
-0,05270519
0,06514481
-0,03336634
0,1132828
0,1162417
0,1383519
0,03346345
-0,08387497
-0,1802741
0,04029055
-0,04627408
-0,07905222
0,08968296
0,1161484
0,06578697
-0,07184533
0,002450928
0,03862412
0,08533406
-0,1091514
-0,05091693
-0,1250272
-0,1093816
-0,02918357
-0,05119382
0,02907135
0,05067763
0,01449646
-0,05325497
-0,003030242
-0,002207657
-0,01987367
-0,008080753
0,03267036
0,01263517
-0,007885547
0,02801858
0,006364676
0,01063304
-0,02351076
0,02646667
0,04882731
-0,05869915
0,02741182
0,09215427
-0,03412456
-0,06383
0,1107123
-0,04139195
0,1388246
0,1250227
-0,02925542
-0,1785325
-0,114299
0,08776932
0,0251426
-0,02515109
-0,1165652
-0,06559519
-0,08452802
0,01344936
0,1147933
-0,01403743
-0,08532047
0,05010528
0,0967796
-0,0006115555
0,06435986
0,02593335
-0,07665049
-0,01787805
0,01886438
0,07291689
-0,001952594
-0,08140091
0,03521895
0,04298239
-0,0022719
0,005452373
-0,053264
-0,01747342
-0,04368334
-0,0099569
0,02926063
0,02511947
0,029049
0,02877871
-0,01312863
-0,02235536
-0,03044502
0,08403061
0,08491533
0,0401989
0,0485163
0,03137396
0,05565672
0,02324226
0,06066739
-0,07539839
0,01227394
0,005515501
0,00893895
-0,09915252
0,03161019
0,03792699
0,102758
0,05122383
-0,0187742
0,07194188
-0,1334864
-0,0380185
0,1790561
0,1412996
0,05867164
0,118367
0,1629237
0,1327751
0,005958448
0,02694371
0,08708519
0,06959361
-0,006696693
-0,08205394
-0,06244796
-0,05576732
-0,03836675
-0,01346286
0,01607818
-0,04971504
-0,06764513
-0,07279719
-0,02152511
-0,01714083
-0,02703227
-0,02363139
0,001793939
0,009040643
0,0142223
-0,005122642
-0,03315787
0,001931041
0,05871426
0,02346226
0,03165228
0,09265292
-0,0347974
0,05707393
0,06536368
0,06477679
0,06063551
0,1079574
0,01999839
0,001517
0,17703
0,03934336
0,07423764
0,09349788
-0,004348047
-0,1308094
-0,06005502
-0,01321142
-0,001616637
0,01156616
0,05215356
-0,07706185
0,01399301
0,1888182
0,1889814
0,03394853
0,05254539
-0,1586083
0,08046979
-0,1440044
-0,03061696
-0,0134661
0,1169394
0,003012993
0,04948576
0,04298336
-0,04396138
-0,04436373
0,02147918
0,02155332
-0,03371778
0,001173864
-0,03483797
-0,002833865
-0,004305386
0,02653521
-0,009187288
-0,006012577
0,05461461
0,01727692
-0,108655
0,09750804
0,0005123073
0,01962831
-0,01108492
0,06205774
0,05162786
-0,1205644
0,003520337
0,01097719
0,05498966
0,02134581
0,1211386
-0,02958328
-0,02812538
-0,1560948
-0,08794111
-0,01881505
-0,08846214
-0,03461205
0,02045841
0,02709491
0,1418635
0,1272574
0,1000942
0,03082071
-0,1119751
-0,02594608
-0,08633021
-0,1056581
0,03916363
0,001789407
0,04569669
0,06038758
0,02640241
0,07715559
0,001475028
-0,02718619
-0,01227045
-0,00184874
0,01039355
-0,05958677
0,003943969
-0,01803451
-0,007296768
0,02604314
-0,02842054
0,02468752
-0,01606284
-0,007394218
-0,05235205
-0,04360237
-0,03291571
-0,08051365
0,005603911
-0,009564411
0,04180597
-0,1272735
-0,04409908
-0,02209593
0,1352058
0,004707118
-0,1225714
-0,01799454
0,02659107
-0,1139416
-0,03621597
-0,008337692
-0,006674722
0,1324365
0,1279545
-0,1524655
0,07795269
-0,04196059
-0,1072259
-0,03324439
0,03089988
0,03451099
0,001427209
-0,0155422
-0,04313961
0,04588214
-0,02411479
-0,0490233
-0,06355558
0,01179389
0,009420753
-0,04521891
-0,04930702
-0,04317899
0,01464861
-0,01272457
-0,03092734
0,005061972
0,02702049
-0,01171275
-0,030652
-0,01525655
0,03655617
-0,008035894
-0,03055552
0,01420741
-0,0202786
0,05549328
0,044092
0,04105189
0,0502138
-0,03694201
0,01182511
-0,007190223
-0,05809538
-0,1325949
-0,115909
-0,1026238
0,01628041
-0,03932367
-0,1112895
-0,1199493
-0,02210448
0,07545517
0,05875856
-0,03258468
0,06973986
-0,1895796
-0,1152212
0,0008260315
0,1041608
0,07128409
0,05224901
-0,02218866
-0,06126441
-0,1035344
-0,0854997
-0,09062687
-0,02836427
-0,00347297
-0,05534929
-0,05900484
-0,01733969
-0,01704562
-0,02863272
-0,01256915
-0,03255401
-0,01684721
0,00397879
-0,01955964
0,01466458
0,01044549
0,02442778
0,002010082
0,02815296
-0,06603663
-0,01131665
-0,01509991
-0,07267872
0,0895411
0,09030203
0,07091115
-0,007767873
0,1484689
-0,007019884
-0,1552646
0,1095695
-0,06889119
-0,1099708
-0,05118265
-0,07084802
-0,08421526
-0,0004298741
0,04104872
0,02212384
0,1006081
0,02775751
-0,006213378
-0,1508077
-0,06093664
-0,0103808
0,01147837
-0,03137963
0,07828258
-0,01367375
-0,04614265
-0,04673917
-0,1451875
-0,07526278
-0,1141063
-0,04182162
-0,03077842
-0,002870583
-0,009967982
-0,01116937
-0,05106613
-0,04278854
0,01589506
-0,02767074
0,002473694
-0,009979392
-0,02938812
0,04102421
-0,05977737
-0,03311864
0,008635066
-0,06785388
-0,01457592
0,02133282
-0,06604981
0,06955573
0,1069
0,02629922
-0,02660443
0,1220133
-0,08657974
-0,01498651
0,03669298
-0,117263
-0,05349607
0,09991461
0,2314679
-0,01907894
0,03589603
-0,04970025
0,113561
0,04951762
0,1176233
0,1153865
0,04208186
0,1286124
0,06293797
-0,07930686
-0,08548829
-0,1154752
0,04920043
-0,09392484
-0,08367535
-0,08554248
-0,0591349
-0,01318743
-0,04952423
-0,05755871
-0,02459988
-0,03688462
0,005344336
-0,02994283
-0,01239294
-0,02396908
0,01071923
-0,04492562
0,01162551
0,02242717
0,01097084
0,006999383
-0,0581827
-0,09555071
-0,05726032
-0,02455813
-0,07906836
-0,07608069
-0,04331545
-0,08432323
0,06718101
-0,01720834
-0,197611
-0,1275266
0,08946651
0,004678965
0,01035361
0,05115617
0,09486789
-0,05369509
0,01636953
0,08438993
0,02105787
-0,04911464
0,02789903
0,1101353
0,01739505
-0,03371881
-0,04917853
-0,07923704
-0,02799027
-0,0701819
0,04583918
-0,1006153
-0,1121831
-0,1189576
-0,1054001
-0,132966
-0,04872212
-0,01756521
-0,008052316
-0,0424145
-0,01263387
0,01217989
0,001475623
0,02067257
-0,006495002
-0,02849618
-0,02290395
0,0654129
0,003062665
-0,003564357
0,02413379
-0,1725474
-0,06593782
0,004975313
-0,08256461
-0,05582599
-0,0448591
-0,07301304
0,02278665
0,06986825
-0,1487461
-0,08368746
0,06486836
0,03726256
-0,01165582
-0,04160424
-0,0268855
0,008526483
-0,01485871
-0,2474482
-0,1694734
-0,05166902
-0,04090018
0,0835738
0,009199078
-0,002200543
0,1134865
0,01531522
0,1085178
0,01276978
-0,08964424
-0,1893164
-0,09716251
-0,09576818
-0,09973716
-0,104918
0,0009544513
0,03415681
0,02282387
-0,03239214
-0,05892421
0,01465711
-0,01193113
-0,01242387
0,01660692
-0,03184863
-0,02125843
0,01207667
-0,01922659
0,01763987
0,04557933
-0,06870063
-0,008226598
0,01922174
0,04950669
0,07797762
0,05158605
-0,1194657
-0,05746995
0,2112103
-0,02113289
-0,07570326
-0,002732639
-0,02371196
0,1403105
0,02087257
-0,0450721
-0,07580381
-0,1329226
-0,1447228
-0,1605703
0,01187895
-0,04506145
-0,03548589
0,1327923
0,1682281
-0,05063324
0,02642093
0,1131138
-0,1485757
-0,01470492
0,01261073
-0,05227355
-0,05302925
-0,04661326
0,007605919
-0,02890721
-0,003264253
0,0008698766
0,01166985
-0,01366555
-0,02926387
-0,02915097
0,00854213
0,00956485
0,02987408
0,007352649
0,02660368
0,009152066
0,0245608
-0,04170151
0,03515648
0,04298585
0,03010225
-0,05840524
-0,08754946
0,09876951
0,04273871
-0,1097165
-0,04778953
-0,07895149
-0,04439221
-0,01879694
0,07715543
-0,05297697
0,006903755
-0,09404128
-0,01158915
-0,1837198
0,04175787
-0,09217153
-0,07836169
-0,08007952
-0,173209
0,03656687
-0,05126748
0,008342555
0,03280068
0,007996481
-0,009093245
0,0610555
-0,07750111
-0,1113156
-0,08134285
-0,06978484
-0,02110009
0,02454028
-0,04905466
-0,00884819
0,0442967
0,006538888
-0,02851531
-0,0214705
-0,02317084
0,02639674
-0,002359514
0,02797564
0,03834953
-0,005369071
-0,04317792
0,02723201
0,01315528
-0,009373764
0,02533367
-0,0498552
-0,1140454
-0,02647971
0,009721738
0,1152789
-0,0444711
-0,1054188
-0,009007882
-0,0534352
0,005421678
-0,136812
-0,05691643
-0,07759581
0,09137289
-0,02430758
-0,06062818
-0,04048565
-0,1308796
0,01971957
0,01880331
-0,020055
-0,0572011
-0,04077155
-0,04413011
-0,04072029
0,002802637
-0,03103757
0,0145424
-0,06230051
-0,06753528
-0,01105977
-0,04975079
-0,05175399
-0,08534828
0,02173406
0,03241173
0,03350877
-0,005760386
0,03602426
0,01385111
-0,007169583
0,0322392
0,04553793
-0,0433233
0,02413032
0,02391672
0,1053323
0,1029253
0,02247345
0,05258524
-0,004614161
-0,0275469
-0,005545626
0,03718583
-0,05782831
0,01724304
-0,02027533
-0,1053584
-0,1533818
-0,0299226
-0,03099296
0,035622
0,01978399
0,1895209
-0,03352534
0,02218412
-0,06031162
0,004403387
0,03090359
-0,03980635
-0,1181484
-0,06225759
0,04174789
-0,08806524
-0,08913297
0,1290747
-0,01115489
0,1338876
-0,0504317
-0,05432232
-0,03542452
-0,01397159
-0,003672712
0,01897059
0,07197077
0,1001794
0,0005258995
-0,01048388
0,02328938
-0,01594936
0,006837443
-0,004564415
0,0209128
0,05820262
0,07006136
0,02092901
0,01460079
-0,05599438
0,03481052
0,09867342
-0,03708617
-0,01583783
0,08306096
-0,00465341
-0,09955951
-0,03125194
-0,003608498
-0,1276022
-0,01044372
0,003869186
0,03185965
-0,02813365
0,0707415
0,1669901
0,004780364
0,03978382
0,1500463
-0,02001718
-0,1103719
-0,04400843
0,1622742
-0,02295214
-0,0214647
0,09694232
0,1121961
-0,03870347
0,09181212
0,1096613
0,03069918
0,06309021
-0,02085677
-0,01713368
-0,03087094
0,007785082
0,06188373
0,01980375
0,02133862
0,004996882
-0,005235247
0,0223516
0,02483851
0,01831021
0,03055245
0,01762971
0,06990788
0,05509501
-0,004340221
-0,04878803
0,03450712
0,04561547
-0,02359809
0,02370248
-0,03743123
0,04261845
-0,007062125
-0,08784784
0,06268431
-0,07235428
-0,1966242
-0,1069528
-0,01762124
-0,1306927
0,119372
0,0870163
0,2695335
0,1442999
0,05545471
-0,01230952
-0,1158226
0,005586362
-0,1569679
-0,1094915
-0,04982085
0,07087907
0,09232666
0,06455556
0,05651268
0,1429324
0,1487537
0,1390145
-0,01776749
0,00114038
-0,04322216
0,04019963
0,0002985423
0,01557936
-0,00748041
0,02753462
-0,03300911
-0,0131459
0,0003694376
-0,006605475
0,006814442
0,05432199
0,04627328
0,005675152
0,06641006
0,06500377
-0,06264387
-0,105976
-0,02724752
-0,06475667
-0,02438454
0,1057413
0,05610591
-0,1055847
-0,08497348
-0,05814043
-0,1233609
-0,1872712
-0,2239735
-0,1712113
0,03379346
0,215657
0,1145524
0,1269843
0,1155935
0,1267832
-0,1215412
-0,08164436
-0,1067104
0,0767598
-0,004563123
0,02069588
0,16827
-0,06710377
0,1226641
-0,002926585
0,1441059
0,0414945
0,0005596576
0,07019307
0,05412528
0,06599812
-0,05454242
-0,007555178
-0,003174874
0,02969336
-0,002573646
-0,03465159
-0,02289379
0,020875
0,01221362
0,04382157
0,04229176
-0,0424031
0,03581802
0,07156219
0,08086191
0,005902119
0,04227196
-0,1513603
-0,07218123
0,05826066
0,1493122
0,006202691
-0,0438025
-0,01360376
0,0006635457
-0,2500401
-0,3503261
-0,1312686
-0,08294806
0,04150623
0,08947937
0,1962923
0,2012015
0,1950612
-0,1161725
0,1440181
0,08091477
0,1486205
0,07976244
0,01785889
0,1382502
0,07376368
0,07799626
-0,01212451
0,007676919
-0,05199911
-0,04340185
-0,02872428
-0,06602788
-0,0758534
-0,06265485
-0,001389976
-0,01248533
0,02605223
-0,001032289
0,01748556
0,01975425
0,01973776
0,04290589
0,07096277
0,04392218
-0,006448225
0,01525535
-0,004705273
0,04484376
0,02117856
0,03822065
-0,03768363
0,02507643
-0,07159282
0,02663833
0,04075165
-0,04532199
-0,0939028
-0,07779578
-0,1280556
-0,2878628
-0,238239
-0,2102596
-0,1390259
-0,07611961
0,03827549
0,18994
0,1019365
0,1649172
0,3014718
0,2414247
0,1738172
0,235142
0,04868494
0,1700747
0,00845152
0,1411011
0,03021557
-0,01160154
0,0237083
0,005940827
-0,04933174
-0,09461591
-0,05253007
-0,07369325
-0,03557012
-0,0393973
-0,02063249
-0,0156543
0,01568777
-0,01018766
0,02691606
-0,003452006
0,01920879
0,01648396
0,03983653
0,00399619
0,09513433
0,0002441212
-0,03098605
0,04880681
0,1566819
0,05699331
0,05729072
-0,01979848
0,03193485
-0,04306152
-0,1419774
0,002098148
-0,08503996
-0,1419784
-0,2388878
-0,3277366
-0,2612702
-0,1480025
0,03146689
0,04362825
0,1399911
0,151955
0,1323761
-0,1641432
-0,02199026
0,135377
0,07544759
0,2214901
0,1242674
0,1037342
-0,006379673
0,01204821
-0,07889003
-0,06606421
-0,02441565
-0,04336181
-0,05677751
-0,00876884
-0,01811927
0,04597637
-0,02198188
-0,03960774
-0,01819812
0,01023937
-0,02758322
-0,009076269
0,01599569
-0,006863918
0,0833055
0,06097627
-0,005621714
-0,01207566
0,05559196
0,003760074
0,0132151
0,09600104
-0,01236
-0,0177354
-0,09677472
-0,01791688
0,08735333
0,12182
-0,1122217
-0,1285938
-0,1495667
-0,1516239
-0,07144828
-0,139322
-0,1766633
0,07000007
0,1932586
0,1538877
0,0761959
0,07117609
-0,02788807
0,06357388
0,003204319
-0,0500613
0,1238891
-0,03926613
-0,09017251
-0,06828794
-0,1309826
-0,1830443
-0,05158992
-0,08505154
-0,0761251
-0,05441327
-0,01779847
0,01297185
-0,02195495
-0,005612218
-0,00673822
-0,02891781
-0,02670758
-0,05081337
0,008073018
0,03806929
0,02552376
0,05066675
0,006440578
0,02177544
0,1598834
0,06789419
0,04612081
0,008590772
0,03023183
0,06160741
-0,04021901
-0,03339584
-0,09392034
0,1187082
-0,05778664
-0,02479379
-0,179547
-0,08413319
-0,1697528
-0,04285038
-0,05426574
-0,08162209
0,07073954
-0,04899468
0,08840849
0,00589708
-0,0874574
-0,01486643
-0,03888474
-0,006728381
0,1358679
-0,06948544
-0,007702971
-0,006825554
-0,08416592
-0,1066628
-0,06621446
-0,0574412
-0,1271061
-0,05688869
-0,03376683
0,006861952
-0,01512773
0,02570797
0,02152679
-0,009175668
0,0005655717
0,05690072
-0,008852917
0,05886078
0,007459728
0,0514808
-0,06487809
-0,04212383
0,05255311
-0,0439269
-0,1101026
-0,06874321
-0,05813041
-0,1004374
0,01595866
0,03065952
-0,04232961
0,1194793
0,1281494
0,02440562
-0,1977508
-0,09037897
-0,07122556
-0,02085563
-0,05384944
0,08801404
-0,004195095
-0,03137983
0,03696635
-0,06357663
-0,002908951
-0,057435
-0,08661275
0,04125415
-0,05337324
-0,01963674
-0,006409283
-0,02317275
-0,1308115
-0,1316035
-0,0878475
-0,09282384
-0,1408348
-0,09496799
-0,01878262
0,01757191
-0,01237202
-0,006743455
-0,01910609
-0,03016752
0,03266479
-0,00268825
0,006040793
0,01341778
-0,003684808
-0,02914824
-0,08734097
-0,01681494
0,07214105
-0,02837992
0,03680555
0,09257809
-0,0687052
0,008095176
-0,02824861
0,06376179
-0,03153867
0,1320297
0,1868259
-0,07878865
-0,04749607
-0,1265036
-0,1121213
-0,1138033
-0,07436585
-0,03594409
-0,03698651
-0,03082175
0,139856
-0,04484679
0,04218273
-0,03114623
-0,1565549
-0,08112308
-0,09273628
-0,05674054
-0,02344608
-0,0550664
-0,004405786
-0,1265407
-0,1394484
-0,06932479
-0,02254488
-0,03328757
-0,03912809
-0,02731694
-0,03478008
-0,01072704
-0,01504013
0,01655474
-0,004762047
0,02436231
0,04143754
0,02505598
0,03651981
-0,1252245
-0,03638575
0,03064716
-0,04240545
-0,008423883
-0,02125483
0,009258612
-0,02227743
-0,01460575
-0,04247364
-0,09918845
-0,1135268
-0,01959153
0,02829394
0,0234603
-0,08216762
-0,08668
0,0760942
0,01956832
-0,09746195
-0,2156455
0,00424453
-0,0299112
0,1089064
0,04998856
0,04063847
-0,06265961
-0,1530815
-0,05298739
-0,00311498
0,0222963
-0,04156314
0,07887595
-0,02365906
-0,07052226
-0,01542346
-0,004514479
-0,02537934
-0,03730527
-0,03079678
-0,01114616
-0,02321486
0,001150877
-0,03289523
-0,001229779
-0,0162062
0,01688061
0,08609853
0,0423832
0,06006422
-0,04493874
0,007244116
0,03278629
-0,1019589
-0,07828834
0,07213423
0,01288182
0,01810702
0,03072254
0,0640888
-0,08226758
-0,1497308
-0,07623032
-0,01292205
-0,1023085
-0,1087165
-0,05937948
-0,1110694
0,06643206
-0,1343817
-0,1131252
0,02147906
0,1008916
0,06298321
0,1091583
-0,01705261
-0,05719735
-0,07283323
0,06863169
0,0198052
0,04785918
-0,03940624
-0,05873783
0,08228181
-0,05465325
-0,03079159
0,01291692
0,03766685
-0,03467906
-0,06974459
-0,05707431
-0,03753884
0,01387245
-0,02680089
0,001943109
0,0368898
0,05158923
0,05751722
0,1040386
-0,06103373
-0,06182348
0,07994105
-0,007159737
-0,09774639
-0,09339555
0,01735368
0,1563506
0,001053601
-0,01503697
-0,003734639
0,03764278
0,08735958
-0,01731762
-0,002265516
0,09436084
-0,03214626
-0,07393013
-0,03482691
-0,04315192
-0,1363503
-0,04539619
8,040642E-05
-0,006300883
0,08153208
0,1486553
0,01662054
-0,009121463
-0,0396385
-0,07220678
-0,058018
-0,02415051
0,004908832
-0,0728704
0,07894417
-0,02144231
0,01464275
0,05472832
0,05315037
-0,01027929
-0,01960917
-0,01644487
-0,0107991
0,01362901
-0,01972055
-0,02779666
0,008729514
0,03345572
0,04053241
-0,02046489
0,01381214
-0,005580175
0,03615932
0,03377106
-0,03511843
-0,05531967
0,03967966
0,09801039
0,006476185
-0,04489148
0,01220984
0,01282407
0,1063456
0,06759888
0,06778525
0,1444103
0,09204563
-0,1398089
0,01673584
0,03205983
0,08801132
0,0508117
-0,0347328
-0,03251394
0,0352482
-0,01100133
-0,09007341
-0,04007255
-0,06568495
-0,0476132
0,03751699
-0,05815496
0,03002335
-0,01839002
0,02515933
-0,006497388
0,04439669
0,04918874
0,007781034
-0,01648026
-0,0397391
0,001334226
-0,02366956
-0,03258291
-0,00150211
0,02079831
0,01480021
0,04036688
0,05585187
-0,02090035
-0,03765014
-0,01234084
-0,07658371
-0,1409886
-0,1182921
0,0164353
0,1194361
-0,05048143
-0,1139224
-0,009691806
0,1681766
-0,02681237
-0,09705682
0,01648312
0,006929529
-0,07043205
-0,112404
-0,0356738
0,02813402
0,07127467
0,002036654
0,1331365
0,1277712
-0,1591226
-0,08044246
-0,1178822
-0,009071406
-0,06386375
-0,04445689
-0,001317534
0,1865614
0,01916384
0,009807436
0,02463729
0,0835264
-0,1080971
-0,03753191
0,02211623
-0,03383648
-0,0149632
-0,01715933
-0,005913233
0,004899053
0,003251733
-0,02822935
-0,001301264
-0,009287834
0,01372818
0,01963446
-0,07165685
-0,1216871
-0,04824194
-0,196254
-0,1905763
-0,1308731
-0,09731031
-0,06404448
-0,0330965
0,04267309
-0,006047139
-0,04760374
0,04279646
0,07899567
0,1515091
0,03616937
-0,04790701
-0,07336369
0,0921417
0,1169093
-0,1057409
-0,06028793
0,0137517
-0,09282681
0,0733737
-0,1056101
-0,03274964
0,1163665
0,1030259
-0,1063965
0,1182575
0,1945894
0,05033978
-0,092773
-0,04790188
-0,01392696
-0,01587912
-0,04222337
-0,05121301
0,04148372
0,03154333
-0,01140845
-0,01240368
0,01211434
0,0154912
0,02819285
-0,001307785
0,02724635
-0,0108257
0,01030048
-0,001958886
-0,0467005
-0,03135803
-0,168682
-0,09443166
-0,04588095
-0,03545009
0,06892376
0,08084635
0,02056534
0,007365696
0,04793201
-0,03183607
0,1282841
0,1724712
0,1432414
0,08733086
-0,02581143
-0,1283286
0,04465423
0,02895174
-0,0052472
-0,103448
-0,1699585
-0,09715505
-0,1037635
0,02244424
0,06720082
0,005877536
-0,05410714
0,08257148
0,1727405
-0,006457312
0,03688728
-0,01104457
0,002135639
-0,02230365
-0,08845467
-0,0274556
-0,03084305
0,04320925
-0,02399963
-0,005884608
-0,0008498998
0,01811739
-0,03023553
0,006520678
0,0242554
-0,04284256
-0,003152707
-0,05213007
0,05690151
-0,07644566
0,03892951
-0,05249337
0,02918036
0,04822449
-0,04616881
-0,0130546
0,09347633
0,04709039
-0,03743275
-0,03823969
0,00416632
0,1568025
0,01587954
0,03699229
-0,02172195
-0,04721335
-0,01479184
-0,02436644
-0,05145688
-0,05074236
-0,1913764
0,090797
-0,09937955
-0,01185541
-0,1153171
-0,1370269
-0,1351756
-0,07747696
0,04510447
-0,09165294
-0,02055306
0,08269383
0,01651781
-0,04716669
-0,03314156
-0,03492465
-0,01271588
0,02178043
0,02789866
-0,0234101
-0,008048458
0,003317223
-0,005331784
0,01179979
-0,008795022
-0,05269587
-0,0166859
-0,07380662
-0,1110137
-0,02755365
0,01566558
-0,08222468
-0,130824
0,07329167
-0,1125969
0,03209681
-0,04103226
0,04362081
-0,05460462
0,08986007
0,008244162
0,09038063
-0,03202205
0,02419795
-0,1341588
-0,1135421
-0,1672293
-0,09833344
-0,04397925
-0,09362843
-0,003452977
0,1282609
-0,02550664
-0,04106236
-0,01959804
-0,1243156
-0,1474528
0,01452822
0,001686255
-0,09017904
0,04559799
-0,02157774
-0,08779811
-0,02573504
-0,08006424
-0,02805922
-0,03138154
0,004513366
0,01015881
-0,03463072
-0,03768253
-0,003000985
0,00575449
0,004932056
-0,01461195
0,05882036
0,00480696
-0,09802104
-0,1234525
-0,1163849
-0,1219816
-0,0860384
-0,08514302
-0,002688069
0,01447048
0,05285736
0,07365785
0,004825448
0,05642809
0,02830284
0,007511156
-0,01417927
0,04705633
-0,1171254
-0,1882459
-0,1745226
0,0335434
-0,1399865
-0,06815877
0,01459741
0,04407193
0,06564562
-0,01302873
-0,05712853
-0,04293473
-0,1474273
-0,2537403
-0,1679382
-0,07121012
-0,04824642
0,05876384
0,04585386
0,05802936
0,03320805
-0,003205877
-0,07497948
-0,05800339
0,007663138
-0,05360614
-0,05476843
-0,00021755
-0,01678848
0,003212529
0,0175801
0,0007612231
-0,01333991
-0,02083847
-0,09236751
-0,1783185
-0,04397263
-0,1517611
-0,1037686
0,003191912
-0,06570097
-0,04141619
-0,02763379
0,1384871
-0,02889356
-0,01508684
0,06215727
0,04446176
0,01235387
0,07291687
-0,05182884
-0,2559352
-0,198172
-0,184165
-0,1761602
0,05365532
0,1054045
-0,02085751
0,106636
-0,08862945
-0,2134884
-0,08245689
0,1783146
-0,001165187
-0,03475584
0,03026374
0,1655474
0,07750493
0,04322986
0,00912269
0,004479143
0,01323597
-0,06751158
-0,04528801
-0,008915136
-0,05784689
0,004946704
-0,03781439
-0,0181784
-0,01245943
0,01376202
-0,01388801
-0,02677995
-0,1248068
-0,07406334
-0,1081434
-0,06807626
-0,08894496
-0,1660027
-0,03572634
-0,1713874
-0,05396886
-0,116611
0,03571139
0,0117929
0,2165796
0,2083535
0,02705427
0,04250773
-0,02119137
0,00676835
-0,1495022
-0,1903456
-0,1336261
-0,1441074
-0,0542981
0,04789471
0,00572436
0,0298964
-0,07779168
-0,127994
0,03079785
-0,0003687844
-0,04918459
-0,01832115
-0,02371881
0,05698047
0,1261372
-0,008463197
0,01959335
-0,02386727
0,0390638
0,008611515
-0,03925157
-0,02849526
-0,04399867
0,002530362
0,001910681
0,01137206
0,01418889
-0,02381178
0,001213346
-0,04487006
-0,06921566
-0,05678012
-0,1195475
-0,0936518
-0,07090386
-0,07483525
-0,05539734
-0,03283152
-0,06984547
0,06606489
0,1727888
0,02927712
0,007950442
0,1106842
0,08239707
0,09651431
-0,09346404
-0,1300181
0,002690002
-0,02671032
0,05315633
-0,1637267
0,03029722
-0,07961222
-0,06387819
-0,03040845
0,1269846
0,004523087
-0,07638943
-0,09696861
-0,06862056
-0,01073571
0,002993625
0,04415186
0,05230366
-0,04203944
0,02748533
0,02363553
-0,01822412
-0,02486952
-0,0537466
-0,02846559
-0,004059931
-0,02462322
-0,03338442
0,01520899
0,01267232
-0,0178366
-0,01920443
0,002835782
-0,04214149
-0,09114391
-0,1083484
-0,08020073
-0,03836198
-0,07396462
0,005167383
-0,05094426
-0,07762562
-0,0342206
0,1540363
0,1377206
0,0210335
0,02195051
0,1297571
0,07613292
0,002938334
-0,01535492
-0,03963566
0,1149235
0,0823838
-0,01639107
-0,01599393
0,09333818
0,08961464
-0,109641
0,08699066
-0,06199847
-0,1476736
-0,04136694
0,0128577
-0,1162284
0,01765954
0,06665204
-0,0009316699
-0,103556
-0,05865132
-0,01566851
-0,03606892
0,02633917
-0,03166964
-0,06610905
-0,05511242
-0,01021617
-0,01867679
-0,01769306
-0,01648013
0,005518108
0,01255739
-0,02177609
-0,05350001
-0,07506011
0,008873211
-0,06282751
-0,08913615
-0,08733109
-0,1000429
-0,1547205
-0,09258397
0,1300043
0,03900101
-0,009906462
0,06344182
0,1091831
0,02654001
-0,08675629
0,003815952
-0,06999945
0,00756818
-0,04813103
0,1475252
-0,05574897
0,1411256
0,02822645
0,05824673
-0,001767172
0,006741715
0,005371077
-0,09340452
0,0518482
-0,04182979
-0,04190207
0,1567071
0,06661981
0,03780015
0,04970857
-0,02225807
-0,02190942
0,05039397
-0,001661579
-0,006696682
-0,03754726
-0,04004227
-0,02288676
-0,008070382
-0,02310126
0,02543999
-0,02287985
0,002027602
-0,006719289
-0,00954512
0,01270892
0,02382307
-0,08959725
-0,09628652
-0,001434928
-0,05079566
-0,03478065
-0,0362889
0,008261819
0,007743428
0,07528198
0,08274046
-0,0420591
0,07981246
0,1158986
0,1727066
0,2007258
0,06140363
-0,08562047
-0,09760152
-0,1087563
0,005278943
0,07263327
0,08163413
0,06609448
0,1325115
-0,01676565
-0,08538643
-0,0489765
-0,02891733
-0,05413919
0,03839304
0,04859594
-0,001741872
-0,08854082
0,05048895
0,03292843
0,04555939
0,02114527
-0,03431161
0,0063355
-0,02744978
-0,02403787
0,004322903
0,002744116
0,001162524
-0,003703508
0,02774618
-0,02550603
0,01697401
0,02318146
-0,07557973
-0,0516938
-0,007414722
0,007803169
-0,02944091
-0,01153748
-0,01878474
-0,06559544
0,008840286
0,03660251
0,112582
0,04161355
0,02507221
0,008537274
0,02372482
0,2042627
0,0636699
-0,0904145
-0,003263215
-0,09893106
-0,1276037
-0,01492221
0,03382159
0,05316074
0,09785111
0,05703927
-0,05306769
0,06996629
0,09524197
0,0476096
0,07857675
-0,05224455
0,05448715
-0,03885519
0,03977085
-0,006919683
0,07167633
0,01617584
0,006652173
0,006978481
-0,01886948
-0,01500097
0,005665008
-0,01792648
0,01544495
0,02868234
-0,03080909
-0,03913439
-0,08093157
-0,03080946
0,08393311
-0,02542556
-0,02500634
-0,02616164
-0,02963012
-0,002602895
0,0471056
0,03380224
-0,08478044
-0,06199773
-0,03937495
0,04940148
0,09933472
0,05700532
0,008142351
0,08541081
0,0732737
0,07926316
0,04004698
-0,1353282
-0,2083936
-0,1046063
0,02434597
0,02935692
0,003264147
0,03943386
0,03739933
0,1499683
-0,08895816
0,04041961
0,03194551
0,05727422
0,001056878
0,1126502
0,04085719
0,0007989064
0,00754768
0,01674518
0,006205652
-0,03255641
-0,03999678
-0,02492898
0,007528415
-0,01768418
0,01732096
-0,0243828
0,007636028
-0,06357243
-0,0501899
-0,03361629
0,07753882
0,07586079
-0,02236098
-0,04056703
0,0184326
0,06666528
0,004737806
0,06013507
0,03186474
-0,01089411
-0,008852147
0,03301808
-0,1005559
-0,01505045
0,02704173
-0,004716086
-0,03541084
0,03313972
-0,09938447
-0,08385663
-0,06853406
-0,04146663
-0,02389122
-0,01466982
0,03326659
0,1505885
0,1332903
0,09641149
0,04548772
0,05522298
0,1070495
0,0002619184
0,0436661
-0,09030244
0,0555595
-0,03747708
-0,03910536
0,01809864
-0,04648204
-0,009561376
-0,0304592
0,006961467
0,01043356
-0,01805321
0,01582213
0,008259208
-0,01141728
-0,009757211
-0,02220404
0,04714804
0,05313145
0,04089106
0,04159805
-0,05905586
-0,02030829
-0,02110889
0,03883419
0,07683642
0,09709302
0,05894869
0,04137947
0,1443821
-0,0827742
0,02454885
0,111565
0,1507639
0,03715916
0,07671624
0,04433839
-0,1641555
-0,1977786
-0,0832195
-0,02786961
0,06645844
0,1189963
0,1429439
0,1259389
0,005577434
0,01088058
-0,02451153
0,01360694
0,0002687858
-0,02789225
-0,01098334
0,003830096
0,00507402
-0,0407116
-0,01910153
-0,01331658
-0,001046194
0,001482619
-0,007456631
0,02827389
0,02960884
0,01134593
-0,007914527
-0,01870712
-0,03282763
-0,04435454
0,004164059
0,02424697
0,05434085
0,06190427
-0,08019423
-0,03404464
0,05929432
0,01267509
-0,05570714
-0,04725275
-0,02602119
0,03977708
-0,01409617
0,09788488
-0,003210671
-0,005922755
0,005111934
0,05327198
0,04429565
0,006586659
0,08972199
0,1043258
0,001008281
-0,06386457
0,03445897
0,0731457
0,05647916
0,02623221
0,03956913
0,06659508
0,03600312
0,002600906
-0,02629242
-0,08843371
-0,01695968
-0,05499459
-0,006520598
-0,01331906
0,01658086
-0,04388296
-0,04260033
-0,03408501
0,03209091
-0,01451588
-0,005301889
-0,01786757
-0,007175638
-0,02247158
-0,01019368
0,01674861
-0,002276455
0,01358009
0,06042755
-0,00166555
-0,005500247
-0,0806481
-0,03138169
0,02772219
-0,0020834
-0,05650028
-0,006006218
0,04334846
0,0480323
-0,05952424
0,04551481
0,07704137
0,04045952
-0,0495958
-0,06451025
-0,03373688
-0,07253013
0,01189441
-0,02582084
-0,0574934
0,049923
0,1095547
0,0724114
0,06405649
-0,0201412
-0,04009147
-0,067546
-0,07524265
-0,03812205
-0,1071081
-0,007387734
-0,03151517
-0,02560554
-0,04947472
0,02179606
0,001150139
0,02203495
0,006756194
0,01577105
-0,02359582
0,008430134
0,004749642
-0,02084432
0,01348504
0,01495989
0,02215231
-0,0135163
-0,01851016
-0,01143008
0,01370433
-0,03579158
-0,02754806
-0,04270195
-0,004466685
0,02128921
-0,04186692
-0,01360718
0,02774272
-0,001097
0,02634368
-0,04266957
0,02448893
-0,03590486
-0,05965515
-0,1054945
-0,06103922
-0,05099851
0,01590761
-0,1629609
-0,0759397
-0,039639
-0,002383956
0,03471608
0,1289064
0,04316664
0,01392285
-0,01204175
-0,0379852
0,03886604
0,01714965
-0,04044123
-0,02127972
-0,03513947
0,02213249
-0,004575205
0,01460047
0,01227409
0,007969863
-0,019158
-0,004215162
-0,01951479
-0,02388252
-0,0130295
-0,01314819
0,0009650576
0,0385067
0,01068393
-0,01255414
0,03355525
0,02061384
0,02823662
-0,02350149
-0,01392413
-0,01151761
0,0275904
0,01974576
0,01579303
0,01670331
-0,02169619
0,02217197
-0,03297871
-0,03576738
-0,01818972
-0,08202174
-0,02206841
0,005002205
-0,08440635
-0,1061835
-0,0815138
-0,02066934
-0,08672022
0,02981784
-0,005006484
0,04477024
0,06645806
-0,0209961
-0,001167465
0,04448787
-0,009093449
-0,004703142
-0,04367268
-0,02300433
-0,01414416
0,02468302
0,01116022
0,01852305
-0,0002642086
0,0112816
0,0160279
0,02737933
-0,01343006
-0,01685049
0,007342091
-0,003624291
0,005850883
0,0317923
0,01678946
-0,03231683
0,02956542
0,01517693
-0,001374944
0,03080368
-0,03683403
-0,0452069
0,01005128
-0,01038228
-0,00252007
0,03664311
0,04592666
-0,00667207
-0,02683969
-0,001052101
-0,01695378
-0,06034565
-0,0361778
-0,04323123
-0,1033802
-0,04250183
-0,02915187
0,005112169
0,02692342
0,03805037
0,0438672
0,01088132
0,03819752
0,0570048
0,07670379
0,003894548
-0,03474532
0,02977286
0,006132156
-0,009819101
0,03222987
0,009078882
-0,02274342
0,00856559
-0,02023692
0,02340076
-0,01704403
-0,00826603
-0,009544103
-0,0273342
-0,01333049
-0,01526878
-0,0040203
-0,01199476
0,02449703
-0,02865678
0,03948419
-0,01979425
0,02784806
-0,005627592
0,02560602
0,02015296
-0,01429441
-0,007138233
-0,02674582
0,02424599
0,00407023
0,01446642
0,03392756
-0,001522622
-0,01214406
0,01406836
0,06934615
0,005454606
-0,03788341
-0,02588246
-0,03723639
0,00546224
-0,02513876
-0,01351341
0,03735959
0,07635527
0,01918423
0,003979241
0,02632836
-0,02466778
0,02773845
0,01139263
-0,01486986
0,0004519724
-0,02321265
0,03312511
-0,02185987
0,002974567
-0,01706235
-0,01371457
-0,02690236
-0,01858731
-0,01638963
-0,004962079
-0,01506324
0,01171043
0,0109377
-0,0268633
0,008579217
0,0102294
-0,01162635
-0,03447147
-0,01012885
-0,003136807
0,02330091
-0,01834554
-0,02456651
-0,001595716
0,01247397
0,03307236
0,01288829
0,02099029
0,02524758
-0,01711025
-0,02122355
0,0215091
0,02468386
-0,01077487
-0,01852347
0,0343529
-0,007462144
-0,01918354
-0,04946847
0,01633248
-0,01215991
-0,001893886
0,02176767
0,05606361
0,06215995
0,02129587
-0,00131492
0,02937626
-0,001596638
0,00811618
0,01312407
0,01508883
0,02801868
0,01497397
0,02602801
-0,02206949
0,02299249
-0,002234806
0,0209322
-0,01206639
0,00736204
0,01251008
0,0115543
-0,03252267
-0,007671459
0,0131259
-0,01903031
0,000981063
-0,02474264
-0,02260418
-0,02376574
0,03366261
0,01566665
-0,01063795
0,01988469
-0,004374959
0,009123739
-0,001202127
0,01423807
-0,0242168
0,02165914
0,01423774
0,01237587
0,01138043
0,009611646
-0,004280983
0,005531645
0,01746257
-0,01881495
0,01067723
-0,01221405
-0,03388273
0,01220302
0,04116246
-0,0009503654
0,02591622
0,0006171483
0,005803805
-0,002262955
-0,008115017
0,004604613
0,0156816
0,02520979
-0,003448109
0,009161759
0,01543275
0,02815012
0,003986367
0,02512432
-0,004220666
0,004270209
0,00690714
0,02148154
0,02177339
0,008754474
0,0290624
0,02128881
0,01921007
0,001618819
-0,02034165
-0,02568197
-0,01337217
-0,008177148
-0,02244625
-0,003193851
-0,03156457
-0,01098993
0,03262035
-0,02839384
0,02681963
-0,03628507
0,03578527
0,02529281
-0,003616686
0,00714007
0,03530627
0,006375619
-0,002935056
-0,001177412
0,02866059
-0,0001622836
-0,02753367
0,02729522
0,01635861
-0,01114279
0,02998356
-0,01813573
0,007195633
-0,0146384
-0,008950827
0,02664783
0,007827767
-0,02768804
-0,02006282
-0,01848382
-0,01702048
-0,004721632
0,01849731
0,0224844
0,0007855553
-0,01532847
0,02957376
0,003385506
0,02902775
-0,005249016
0,005601729
0,009362713
-0,002374543
-0,006409544
0,01196712
-0,01531869
-0,001646832
0,008611145
0,02020702
0,02663038
-0,0331495
-0,004082279
0,002177846
0,01766106
-0,0006092759
0,01759478
0,02028949
0,01376473
0,01266296
0,02974322
-0,0004300133
0,02888479
0,02559935
-0,01365727
-0,01224631
-0,0001004516
0,02633855
-0,001823187
0,01124351
-0,001821561
-0,01323398
0,0005182391
0,02685785
-0,006436934
0,01576718
-0,01098937
0,01337657
-0,01589171
0,001315006
-0,02597824
0,001542382
-0,02513895
-0,01301503
-0,01605934
-0,01892415
0,0188679
0,02280867
-0,0283188
-0,01174737
0,00754503
-0,008296426
-0,01703776
0,02274387
-0,029528
-0,02798535
0,007488281
0,02091498
-0,01283939
-0,02150918
-0,01817916
-0,01147072
0,02033814
0,01596629
-0,01301849
0,0101919
-0,003652707
-0,002528835
-0,01921676
-0,02946089
-0,01826588
-0,02285648
0,006621598
-0,015834
0,008294999
-0,003623067
-0,01463366
0,009533408
0,003264864
-0,0291046
-0,003424897
0,009072651
0,02334589
-0,01559246
-0,02101363
-0,02166976
-0,02703453
0,009885157
0,02645527
-0,009567131
-0,02116592
-0,0007277345
-0,003094321
-0,0235726
-0,009772534
0,01405128
0,007308397
-0,01338766
-0,02942018
0,003971935
0,01211161
-0,009926928
0,01226675
-0,02828178
-0,02585099
-0,002852404
0,01377239
0,02821499
-0,01569599
0,00341289
0,01414466
0,0287542
-0,01346922
-0,01463979
0,0113907
0,001859592
-0,003342343
0,009621396
0,009929658
-0,0219195
0,007009277
0,01974113
0,003050072
0,02107763
0,02199785
0,01558633
0,01403903
0,002332478
0,02570245
0,02418857
0,02052556
-0,02856348
0,009799638
-0,02934844
-0,01061315
-0,02301962
0,02757911
0,02241921
-0,01883795
0,01222882
-0,004328415
-0,02431562
-0,004257868
-0,00698334
0,00655166
-0,01863974
