-0,2379674
1,872205
-0,1441529
0,3352837
-0,5438209
-0,8696077
-0,2678862
-0,3439374
0,1531995
2,081955
-0,112218
-0,6248383
-0,06078725
0,2179606
-0,04680429
-0,8335006
0,313763
-0,1835101
0,9945428
-1,219354
0,4750924
0,9036496
-0,4959595
-0,1246824
-0,3063749
0,8126591
0,4008352
2,655934
-0,7583566
1,11613
3,00712
0,8218291
-0,3045281
0,7231949
0,1703756
-0,3906399
-0,231392
-0,38934
0,4993356
-0,7259383
0,08212223
1,019357
0,9290843
-1,392974
-1,285751
-1,142984
0,02698795
0,2099774
-0,2830612
-0,374786
-0,4670541
-0,05482512
-0,04837248
1,193683
-0,02372645
0,6455058
-5,258768
0,07182657
-0,1461341
0,05408721
-0,8207899
-0,2467994
-0,04416858
-1,101269
-2,061449
-0,2108481
-0,2853302
-1,307823
1,053578
-0,8623103
-0,06989474
0,808494
2,490876
2,221215
-0,3652906
0,3222856
-0,5036845
0,6321051
-0,1352094
0,4653464
1,644133
0,01234925
1,751529
0,5462376
-0,6369851
-0,4106027
-0,1996879
1,064822
-0,9118198
-2,414745
1,795815
-0,06318703
0,8733658
-1,578949
-0,09567703
-1,234256
0,2385117
-1,803434
-1,709596
-0,6972132
0,06952372
1,111332
-0,08749091
0,1019622
-2,462533
0,01660335
-2,400994
0,1772584
2,261524
0,9254309
2,219271
0,4350451
-2,304718
-1,236897
-0,6245329
0,4003697
-0,9949688
-0,2202128
-1,609444
-0,4693469
1,466169
-0,5227987
-0,6909189
0,9210287
-0,2494793
-0,1302081
-0,2597305
0,8302425
-0,5634989
0,3494872
-0,7119411
2,86217
0,02972084
-0,5424172
0,2696472
0,8137046
1,740152
-0,01603154
-1,005508
1,50225
0,04472759
-4,507991
-0,08184912
0,950634
0,9751371
0,05826203
-0,3742007
-0,9209156
-1,171646
-0,03149569
-2,139922
-0,6655862
-0,115023
-0,5860462
-0,7504203
-1,121194
-0,08438321
0,7759911
-0,06768095
0,7356164
-0,3448723
0,4141305
2,168119
-0,2354898
-0,827698
-0,1900613
-0,9174417
-0,4010133
0,6543247
0,1925137
0,2947414
-1,029411
0,003060388
-0,2586043
0,4301626
-0,9906702
0,8482488
-1,01867
-1,101552
-0,05005997
0,2671931
0,05302564
1,495422
-0,3759312
0,05179243
-0,4976266
-0,93132
1,389674
0,5658695
0,5089904
-1,639659
-1,351623
-0,1272447
0,123575
0,567103
1,423621
-0,7908765
-0,6043189
0,2803612
0,7893926
0,2711576
0,2186387
-1,00034
-0,4654212
0,4294004
-0,694728
-0,1313245
-0,3923666
-0,51461
-0,0902838
0,7997782
-0,7017237
1,558038
0,3373885
0,1156884
0,3430663
-0,3405159
0,8696012
2,661109
-0,5773192
0,2712334
-0,3403005
-0,682672
-0,3544542
0,934906
-3,094849
-1,370345
0,6598774
0,8690289
0,1792052
-0,1178149
-1,306342
0,4505201
-0,6981384
-1,183625
0,1525456
-0,6390868
-0,08523914
-2,237034
-1,074654
0,4943484
0,004043833
-0,7805063
-0,2052187
-0,3387841
-0,6424909
-0,6079487
3,028362
-0,4641731
-0,2263122
-0,928284
-1,064301
-0,2765308
-0,3526056
1,919481
0,4557008
0,7508894
-1,04433
-0,185546
-1,569583
0,04468678
-0,8692632
1,479882
-3,184424
-4,315309
-1,684136
-0,8371432
0,4805093
-6,766741
-0,4988008
0,01990557
1,254805
0,2289333
1,651394
0,428916
0,02064431
0,5444821
0,2096149
-1,306007
0,5176743
-0,3230979
-1,4487
-2,623785
-0,6480047
-0,0722414
-0,4728775
-1,5907
0,2203429
-2,618706
0,6280383
-0,1166203
-1,021474
0,9754135
-0,9908347
0,5962186
-0,2801522
-1,58247
0,1881536
-0,4735945
-0,8951173
0,3552014
-2,326501
0,05860193
-2,371887
0,4579066
0,7888119
1,068132
-0,3091587
-0,3021791
-1,629601
-0,003229628
-0,6748208
-0,9149798
0,2604463
-0,1158533
-0,7340156
0,5273862
-0,4474564
-0,5166553
1,51111
-0,3077265
0,6902477
-2,171469
0,2288854
-0,864211
-1,685742
0,04294415
0,1976583
0,8264589
1,268762
-0,6503839
1,166878
-0,2687451
-0,6714683
1,096773
2,249691
-0,789479
-1,43684
0,2030976
0,7839592
-0,5907713
-0,233031
2,105554
1,077195
-0,8010594
-2,705299
-1,223291
1,315153
-0,02283263
0,2862183
-0,6112035
-0,5049784
-0,4865944
1,503811
0,9778376
-1,871548
1,747236
1,157907
2,180373
-1,902809
0,02758988
-2,650249
-4,486402
-2,578937
-0,03643364
1,907019
-1,384134
-0,2340865
-0,05494523
0,4395465
1,372195
-0,1765134
-1,457154
-1,075049
-0,6135061
-1,400972
-0,2624685
-0,916198
1,248107
-0,415565
0,518616
-0,7310555
1,025182
-0,5900055
-0,5795827
-0,5158459
-0,5341847
0,09003823
-0,3782642
-0,2353729
-1,505683
-3,776238
-0,9363387
-2,769395
0,1364007
0,313315
0,0966069
0,3560426
1,188837
0,6602737
-0,2003715
-0,01136905
1,881735
1,811742
-0,09867812
0,8043054
0,5753402
2,634198
0,5661966
-0,2136645
-0,08762311
-0,7720332
0,4528981
-0,2839442
0,001149103
0,1910579
-0,4175858
-1,2902
1,052035
-1,236314
-0,5370286
0,1632617
-0,7828522
1,129938
0,7873515
0,5464288
-0,4446523
-0,2460434
0,1977914
-0,2534099
-0,2548397
1,654687
-1,632029
-3,100665
1,961042
-1,482602
-0,0452089
0,192677
0,7846295
-0,3859709
-1,569345
-0,9287747
-1,079503
-2,02412
1,621766
-1,761769
0,3121421
0,391713
-0,2154311
-1,364985
0,5271205
1,974001
1,494637
-0,4433075
-0,6478723
-0,5486184
-1,734468
-0,1309942
0,8998848
0,3608578
-0,2157582
-0,5818979
0,7798809
-0,200239
-1,347889
2,794001
0,3627201
-0,8534073
1,416181
-0,837763
-1,258286
0,06122508
-0,3025519
-0,0731974
-2,10878
-1,570008
1,218658
-1,707874
-0,4431755
-0,3838239
1,491508
2,153539
1,042631
-4,230288
-1,695
1,421004
0,5721884
-0,3588033
0,1801401
0,6803303
-1,025167
0,2912806
-0,5795498
-1,657393
0,5822518
-1,680997
-0,1550322
0,6126127
-1,348602
0,8925073
-2,778097
-2,47165
0,6578542
-0,6205858
0,890238
-3,433122
1,495309
1,241633
0,02302919
1,272412
-0,6345802
-1,18449
-0,2748544
-0,06133945
0,1158271
-0,373635
-0,1830019
-0,001507745
0,2496615
-0,2016272
1,47841
-0,8251399
-0,07287632
0,2472047
1,411709
1,851199
-0,04366697
-1,767213
-1,897075
-0,7255067
2,081491
0,4168266
-0,3310474
0,857962
-1,669593
-1,16098
-2,783292
-0,4516592
-0,5199533
-0,603723
-0,1432479
-0,5883305
0,1721169
-8,780848
0,5528579
-0,04655281
0,1065613
-0,3919632
0,487654
-1,758898
-3,001022
-0,7173181
1,454883
0,3525396
-0,07460874
-0,6780397
0,9553992
-2,72728
0,2745266
1,061025
2,080233
-0,2626799
-2,582013
-0,9368159
-0,1038481
-0,7539564
-0,6147659
0,2184233
0,4579518
0,2943479
-0,5978771
-1,211544
-0,3512739
-0,5665954
0,09111826
-0,3724268
0,3863432
0,172395
-0,1411881
0,3043106
-1,073276
-0,494332
1,018178
1,282088
0,2787794
-3,829085
0,560397
-1,156846
0,01081953
-1,536749
-1,156449
0,02216837
0,672791
-3,18781
-2,147219
-0,02052026
-1,970053
0,569139
-0,4514924
-0,5581177
-1,156093
0,4821388
0,4762821
-2,338826
3,970484
-1,633224
-0,3448276
0,746681
-0,4228567
0,7288049
-0,4266303
0,9965438
1,037835
-0,01518629
-0,4901446
-1,180614
-0,6305497
0,8075679
-1,049112
-0,1231297
3,235031
-0,4008558
-1,751496
-5,455568
0,5407903
-2,070043
-4,488747
-0,9306418
0,1371197
0,1830824
3,578697
-0,4917856
0,07845928
0,2729346
0,3887755
-1,220279
0,3912118
-0,1468195
-0,3829044
0,5567281
-0,9795523
-0,3749368
2,033903
-0,02945126
-0,7013347
-0,2115387
2,277176
-3,052547
-1,782808
0,7372005
0,3579612
-0,307038
-0,4619872
-0,9127553
-1,81998
3,186119
-1,820698
-0,3950173
0,2177184
-0,9832511
-1,340818
-1,169191
-4,250501E-05
-0,2830267
-0,6562076
0,3646682
-1,24276
0,5043612
-0,8266078
0,7170035
-1,108687
-1,243957
1,604544
-1,112927
-1,45908
0,5590013
-0,3009098
2,147207
0,3974752
-0,7850477
-4,042623
2,266622
0,79124
0,4431605
0,1415228
0,1267782
-0,2768773
1,310139
1,274675
-0,565267
-0,2118441
0,5404249
0,2147894
-1,592203
0,06330709
0,9167468
-0,858252
-1,076992
1,636548
-3,289134
-0,7564269
-5,148929
0,5550969
1,398598
1,298846
-0,006362457
0,3498169
-2,668259
0,380327
0,4690412
-0,8734074
0,1329667
-0,7045611
-0,08224494
1,287538
-0,4943902
-0,8949
2,191859
0,07862239
0,4753973
1,426459
-3,532068
-1,890699
0,7763844
-0,3022112
0,415876
1,323899
1,089316
0,3315943
0,4764116
0,9429346
0,6081012
1,356606
-0,2409698
-0,8466642
0,08732314
-0,4401755
-1,783171
2,071161
-1,534731
-0,4533879
-0,7608062
-0,04835029
1,544282
-1,005002
-0,3192503
-2,175913
-2,219885
0,9620697
-0,3718793
-1,261848
-0,9517839
0,9747952
-1,121931
1,100669
0,2198507
0,3435853
-1,822108
0,108187
-1,225238
-0,5185225
2,20078
-1,246978
1,874431
-0,558359
-0,5769712
0,1776767
1,112069
3,825472
0,1094938
0,2323044
-0,5211419
1,011707
0,1044705
-0,382123
-1,144169
-0,2906142
0,1039367
0,8004846
0,7831965
0,2063277
-0,7797034
0,5510422
-2,312026
-0,2506937
-6,338871
1,218355
-0,134783
-1,378688
0,6020062
-2,752476
0,5913948
-0,9403034
-0,08719845
0,1970988
0,6538888
-2,50867
-1,408705
0,2286404
-2,418094
-0,3053795
-0,3134453
-0,903489
0,2757775
-2,201499
0,2043731
-0,7248349
-0,5344071
0,2673311
1,492189
-2,499022
-3,777679
0,9078724
0,2492832
0,3398198
2,749015
-0,9110415
-0,09946927
-0,4163343
-0,284213
-0,7536429
-0,5102744
-0,3502841
-0,6152025
-2,371383
-0,8298054
-1,498075
0,6659486
0,4537222
-2,197772
0,8586443
-0,165461
1,339476
-0,2988223
0,4967055
-1,843474
1,044306
-0,9682842
-0,1531357
-0,6288794
0,6780232
-1,247416
-0,1062976
-0,2608542
-0,5457522
-1,687291
1,062115
-0,1467196
2,168633
1,645962
0,806954
0,9326559
-0,7817318
0,3958588
-1,230595
-0,2066342
5,032177
-0,7937011
4,071011
-0,7648074
0,3915388
-3,563828
0,1810597
0,06350526
0,7206081
0,03055483
0,8768162
-0,01961542
-1,253595
0,1947096
-0,4628753
-1,376482
-0,309121
-0,1230435
0,7066789
-0,3565641
-0,5784844
-1,025674
-0,122387
1,026711
-1,558383
-0,7399011
0,2288093
0,5862221
-0,2459382
0,1585299
1,14131
0,06451451
-2,553621
0,2894512
-1,745533
-2,265327
1,088323
-0,1319012
-0,000547339
0,1980344
-3,168509
-1,130976
-1,86232
-0,1741633
0,004775204
1,64778
0,5163534
-0,6418918
-0,6139008
1,203346
0,1901117
0,2523409
-0,4502544
-0,7436504
-0,9896498
-0,3643682
-1,208995
0,4086059
0,7034031
-0,6570398
0,5855244
-0,5627443
1,530885
0,6649452
0,5817262
0,8205605
-0,3300141
1,145174
4,761529
-0,2965783
-1,159711
-0,6598032
-1,616825
1,31173
1,018688
-0,2637271
-0,08635165
0,2453261
-0,7153497
0,6131974
0,2567316
0,6543618
0,1449481
1,021108
-0,4868831
1,569512
0,01749528
-1,449216
-0,4231542
-0,9890006
-1,477864
-0,4933403
-0,05297046
-0,7695705
0,01689861
-0,6286801
0,2425091
0,1130706
-1,597366
0,3476664
1,131321
1,365895
1,083241
-3,554945
-2,241841
-0,5976846
0,8266463
0,2653936
-0,4545537
-1,281205
-3,252106
0,8292304
0,5690008
-0,5237944
-5,560642
-0,7361971
-0,9999402
1,207311
2,557584
-0,06522746
5,763372
-0,06080309
0,1352678
0,3464035
1,584028
0,0988315
0,1060975
-0,3681445
0,0136109
-0,1475481
0,8309633
0,2823083
1,383023
-0,2951792
-3,737574
-1,129672
0,1911058
0,4723675
1,385488
-2,071105
0,8443516
-0,5886072
0,2492625
0,3954551
0,1444949
-0,02101217
0,05162495
-0,08507183
0,0245448
-0,155036
-0,0772832
0,06426322
0,03011125
0,1179201
0,04760344
0,03168849
-0,05739807
0,003711275
0,09138617
0,05554908
0,04362218
-0,1372254
0,1066522
0,08176415
0,1425477
-0,02645961
-0,05983038
0,07031755
0,03987442
-0,04122219
-0,07731246
0,125368
0,5165822
0,0550243
-0,04526665
-0,03955102
0,02356362
0,1235311
-0,007400357
-0,08065157
-0,01932855
-0,01789544
0,1193197
-0,0847999
0,01258271
-0,0389052
-0,01288738
0,002192467
0,02154704
-0,1193202
0,0238341
0,0005102649
-0,009703864
0,0401315
-0,05368949
-0,01638773
0,06429952
0,1577098
-0,03469197
0,1036679
0,08597843
-0,2470956
0,04961677
-0,00919846
0,0192709
0,06342647
0,05167862
-0,02766526
0,03524109
-0,03390564
0,1075337
0,005628673
0,05041361
-0,02985143
0,01977856
-0,03201957
-0,002660287
0,1485865
-0,07872663
0,05505904
-0,1106513
-0,04429974
0,06579359
0,03779966
0,2734132
0,0717009
0,04976292
0,1156243
0,03934554
-0,1026301
-0,08544669
0,3188809
-0,0378309
0,178846
0,1676219
0,01104811
0,08509627
-0,08311478
0,110045
0,07120746
0,06511378
0,1148279
0,1334917
0,1519858
-0,07204037
-0,1081573
0,04210698
0,01288025
-0,01861612
-0,1839892
0,05765367
0,03030923
-0,08099436
0,2082571
-0,02505444
0,1706809
0,001175222
-0,1493036
-0,03802292
0,04828592
0,1287828
0,1565283
-0,01760114
0,04259093
0,008079461
0,03790918
0,05747906
-0,04444432
0,1513819
0,06839939
-0,009012043
0,02866409
0,08721342
0,04100802
0,04578647
0,1114483
0,04277285
0,01569131
0,01366113
0,1570033
0,001197778
0,1393016
-0,0680019
0,06904417
0,03343732
0,1041932
-0,004602574
0,05062089
0,1182461
0,02526983
-0,055652
0,006630757
0,06425985
-0,00294832
0,00876023
0,06782097
0,0770835
-0,0561978
0,177673
0,02483647
0,03082264
-0,03887536
0,06247055
0,07994653
-0,01069821
-0,05632089
0,06106171
-0,04690577
-0,003503636
-0,01528309
-0,1274754
0,07288974
0,01475796
0,07112738
-0,00267808
-0,07029689
0,06412967
0,1239956
-0,04264839
0,07333462
-0,01675375
0,03754195
-0,009637578
0,0212633
0,01746874
-0,0797196
0,04727865
0,149008
0,09488735
-0,05597801
0,09376701
-0,02130428
0,06438376
0,07730765
-0,007748291
-0,06098372
-0,005046322
0,07326367
-0,07361316
-0,02857029
0,04408626
0,07451304
-0,09587012
-0,03928956
0,1009476
0,05269397
0,1343082
-0,02432819
-0,006191556
0,06258568
0,1926243
0,09702609
0,01089123
0,07404151
-0,07394567
0,08473971
-0,01120733
0,0543195
0,0447714
0,08510481
0,06025834
0,06008355
0,06114258
0,05357692
0,07125954
0,07511504
-0,02500898
0,09679268
0,07008029
-0,029266
-0,04517581
-0,06081707
0,05846596
-0,07775759
-0,01205868
0,07620017
0,06529768
-0,150558
0,1316827
-0,05166089
0,04709689
-0,03613061
0,08113724
-0,01329347
-0,08145288
0,01829924
-0,03423899
-0,02120631
0,007433933
0,04887161
0,08262805
0,0405279
0,09240644
-0,02049439
-0,08601326
0,04954848
0,02869193
0,03175609
-0,007866346
-0,001619235
-0,01312238
-0,03426535
-0,02146044
-0,05162086
0,08389979
-0,1429242
-0,04517419
0,01994717
0,08171516
0,08609264
-0,03754038
-0,08206192
0,01477883
-0,02628148
0,04395884
0,1504757
0,01055833
-0,004692247
0,01502954
0,1440592
-0,04180247
-0,06022587
0,05985145
0,030863
0,08073122
-0,1098183
-0,02097804
0,1704795
0,06663008
-0,04065
0,004592001
0,05838834
0,05815625
0,1562791
0,09859159
0,05044401
0,06220143
0,005178587
0,09301639
-0,09591575
0,01014531
-0,03015912
-0,01638474
0,1367571
0,05836868
0,170384
-0,0159448
-0,07734784
0,08940595
0,03305554
0,1089451
-0,01278985
0,01371387
0,1627349
-0,08168934
0,0536899
0,07777957
0,07441404
0,05587874
0,04614471
-0,01157879
0,01257768
0,03253451
-0,1009445
0,0624775
-0,01508449
0,03459927
0,06085914
-0,02790308
-0,04571265
-0,05481011
-0,01148078
0,05328954
0,005516216
0,07145612
-0,09207238
-0,04828455
-0,04262281
0,0349473
-0,03249499
0,02926875
-0,005584217
-0,06812188
-0,01689154
0,1489552
0,09150069
-0,01063839
0,02354372
-0,03947859
0,1352102
-0,02332545
-0,01022997
0,008533289
0,1091644
0,007047859
-0,001745828
0,058313
0,002228529
0,1225767
0,02044294
0,0943547
0,0578618
0,07589041
0,02587626
0,0002117087
0,02460941
0,06631468
0,06729729
0,09223852
-0,05888743
0,06443139
-0,00527935
-0,01988705
-0,02757065
0,01233665
0,1270806
-0,04770477
0,08012351
-0,01660469
0,05653633
0,01473215
0,1078311
-0,04271832
0,01902576
0,02246354
0,05273692
-0,04321385
0,02606743
0,1265441
-0,0298578
-0,05881626
-0,08604874
-0,01965517
0,1440188
0,09241457
0,07337278
0,09045296
0,08372153
0,1179183
0,05880005
0,1634909
0,09255165
-0,05919238
-0,007931709
-0,01196607
0,02062364
0,08816526
-0,001313133
0,08112896
0,07094875
0,1183713
-0,01320779
-0,04556723
-0,07927584
0,008562878
0,05303876
0,0855861
0,04521645
0,04348763
0,08934911
0,003526631
-0,002323784
-0,002439353
0,1304974
0,1093546
-0,01182479
0,0003633863
0,005715881
0,02842451
-0,0194323
0,04210532
-0,02946314
0,09978259
0,05390302
0,003648161
-0,08885083
-0,05825664
-0,01896699
0,006066181
0,1173129
0,0416897
-0,04663328
0,08960994
0,06931795
0,1075085
0,03055262
0,05641888
-0,00231876
0,1028468
0,01407218
0,06131193
0,1377147
-0,0676754
0,08800149
0,06221953
0,003229237
0,0248163
0,0148661
-0,004863278
-0,03170376
0,04022292
-0,01617556
0,05937466
0,1022801
0,05402087
-0,02700911
0,04848437
-0,03421445
-0,04021689
-0,001632948
0,06799343
0,06318194
-0,04930418
-0,01531323
0,03773792
-0,01509459
0,05396628
0,1052507
-0,0731424
0,112733
-0,02651002
0,1143553
0,0271599
0,09638929
-0,02037204
0,04294637
0,07219329
0,09768271
0,03786841
0,02721685
-0,0003592022
-0,003531009
0,02890793
0,03373813
0,03132371
0,07960301
0,09441372
0,1146544
-0,02758527
0,07706796
-0,06927901
-0,005656024
0,1639173
0,06092464
0,008919086
0,04045261
-0,01243048
-0,01267848
0,06671037
0,04805565
0,03463284
0,07872971
-0,06034601
0,1306006
0,08718779
0,1077894
-0,01886553
-0,05776783
0,1116107
0,0673288
-0,001470163
-0,005177997
0,0130072
0,08734311
0,02457793
0,06967411
-0,01678769
0,102594
0,04370386
0,06609688
0,1008234
-0,03325997
0,1489302
0,07353778
-0,03659207
0,03845901
0,02887107
-0,01593539
-0,03137715
0,005982153
0,05769923
0,08700767
-0,06231334
0,03842817
0,05068985
0,1276634
0,1270213
0,01693716
-0,04664911
0,03721749
0,07577841
0,150664
0,1331694
-0,00504201
0,000320333
-0,04560126
0,04319058
-0,02018761
0,06099751
-0,01165642
0,05270589
0,06961808
0,03796386
0,0540917
0,01015434
0,1301575
0,1019676
0,09052175
0,03171844
0,03003076
-0,04964704
-0,0298989
-0,09214304
0,03130768
0,01672308
0,06812374
0,03911712
0,09989374
0,05246409
0,02861181
0,1286866
0,02347034
0,08006091
0,1206752
-0,05765811
0,0232966
-0,007842484
-0,03540175
0,03494992
0,006394963
0,06005148
-0,01075653
-0,02822767
-0,008483156
0,005132047
0,0005941343
-0,01944769
0,08156788
-0,03884486
0,06072072
0,09390957
0,07943526
-0,02427262
0,02930827
-0,03910085
0,05366889
0,01799625
-0,05295854
0,1063853
0,07415082
-0,08191205
0,065148
0,08812407
0,0391381
0,002149697
-0,03682759
0,03328825
0,05176879
0,003733065
0,0956857
-0,006788225
0,05060759
0,06116297
-0,09073253
-0,07320181
-0,02996686
-0,07089459
0,09504016
-0,02318164
0,02760899
0,03931432
0,07557884
0,01950335
-0,002611824
0,004945407
-0,02733366
0,08800958
0,007188428
0,04784539
-0,03656923
-0,0212209
0,004553397
-0,04641666
-0,1145635
0,0240519
-0,02595449
0,0936927
-0,1055128
0,08069165
0,09589653
0,0403954
-0,01581337
0,07163823
0,05003951
-0,05252301
0,006525292
0,04729079
0,002352892
0,039104
0,1121823
0,0685939
-0,01615638
-0,09349256
0,0949125
0,03893782
0,06361371
-0,05860362
0,1583898
-0,05237893
-0,02149091
0,0438624
0,09421879
0,07793985
-0,004520432
0,1272764
0,06625155
-0,009516542
0,01708038
0,01509231
-0,01852559
0,06393398
0,03629072
-0,07849899
0,04694938
0,09954344
0,05435975
0,02343816
0,1138711
0,03298099
-0,02025777
0,004698182
-0,046684
0,003056297
-0,02602671
0,0237566
0,1486218
0,1360951
0,005169484
-0,07370373
0,07573801
0,06386238
0,05050853
0,06761582
-0,0119654
0,01379567
-0,01956689
0,1168057
-0,001646301
0,0557205
0,06938088
-0,06696214
-0,006446182
0,006089381
-0,0467223
-0,04395197
-0,01973482
0,09072702
0,03136652
0,06988358
0,08065765
0,0277495
-0,1029844
0,07951377
-0,0333113
0,06022621
0,08995085
0,02841147
0,1296517
0,02310803
0,0251847
0,04693254
0,130856
0,07803904
0,02835642
0,09023551
0,001405828
-0,1575632
-0,1169809
0,04028212
0,09088002
0,0475098
0,03019859
-0,02775753
0,02873281
-0,02987799
0,0536015
0,09390812
-0,03427102
0,02905785
0,04184487
0,09756691
0,03377078
0,1698874
-0,0539177
0,02438349
0,02876015
0,05033258
-0,07852349
0,0867475
-0,01843153
0,08777829
0,106025
0,0418242
-0,07813958
0,07643872
-0,01633063
-0,03196386
0,07983127
0,02482343
0,03046053
0,05855845
0,02756776
0,07358282
0,02997339
0,005994075
0,0433104
-0,09309918
-0,04964281
-0,1027084
0,03808747
-0,0247509
0,08107802
0,04541358
-0,01311799
-0,02005496
-0,00318457
0,07371267
0,2975419
0,10516
0,08272263
0,05695979
0,05741682
0,06613229
0,1203348
-0,03503577
0,02421937
-0,01127392
0,01696615
0,09909377
-0,03952762
-0,1578462
-0,03507178
0,1026243
0,1229892
0,0909914
-0,02002085
0,04690298
0,01354942
0,04099577
0,007170824
0,102152
0,04307672
0,07938612
-0,05849062
0,1218379
0,06098314
0,07358468
0,004553107
0,009114683
0,08718635
0,03495319
0,008631676
-0,08109267
-0,03051873
0,0124402
-0,03416854
0,04371285
0,05930236
-0,05523126
0,01120989
-0,0381691
0,1032256
-0,01900523
0,06218479
0,09936
0,1733238
0,08315851
0,03119556
0,04417588
-0,0431053
-0,02289877
0,07370228
0,0179433
0,00882843
0,05565362
0,05564107
-0,1949955
-0,04519994
0,03967924
0,09686042
0,03357233
0,05263437
-0,04610379
0,03766608
0,0224584
0,04503734
0,008523721
0,03188699
0,05004411
-0,06495982
-0,03923025
-0,09113864
0,06285625
0,01735987
0,132022
-0,02844831
0,02768606
0,0345899
0,0116529
-0,03475955
0,06705483
-0,04601917
0,002068762
-0,07468269
0,007668262
0,01432859
0,01269257
0,04415409
0,02296069
0,02774278
-0,02902778
-0,006982416
0,01645425
0,09744065
-0,002457846
0,1810675
0,08697158
0,01010926
0,001922651
0,0304671
0,07181732
0,08897772
0,05393205
-0,0003198546
-0,08841174
0,1026768
0,006811918
0,004982154
0,02526821
-0,02555233
0,06777054
0,01094809
0,09251115
-0,07532394
0,06584045
0,004405868
0,02535601
0,08973958
0,06266882
0,08824686
0,02477763
-0,04013949
-0,00683597
0,09161694
0,007730396
0,07700933
0,01724895
-0,04624519
0,1217505
0,00696622
0,022214
-0,004310353
-0,007363871
0,07871573
0,08587725
-0,01684349
-0,007971074
0,000254683
-0,02916897
0,04280416
-0,007973826
0,01944166
0,00996911
-0,08026938
-0,06048664
-0,0245165
-0,01286847
-0,05840483
-0,008284406
-0,01943337
-0,005428778
0,01800246
0,01108613
0,04645389
0,04781739
0,1681912
-0,03090862
-0,02245994
0,08725313
-0,09938651
0,04644854
0,100084
-0,006000076
-0,06535947
0,09923387
0,03762617
0,02625422
0,07997464
0,03230293
0,1704592
-0,01283737
0,09622341
-0,02949226
0,06097205
0,06045052
0,09572674
0,00985634
0,03581511
0,1312671
0,05076212
0,03184487
-0,01206037
0,01820095
-0,03722905
0,04409505
-0,02509398
-0,09547254
0,1254243
0,05780379
0,0517786
0,06865726
0,00619304
0,02118324
-0,008860307
-0,03582787
0,05128299
0,05030441
-0,003410696
-0,09430767
-0,005056946
0,09878417
0,04567945
0,009402229
0,08275892
0,06661778
0,05727338
-0,04923241
0,06262796
-0,0880772
-0,07518265
0,0106188
0,08325132
-0,0971708
-0,02520843
