7,180522
0,09799638
-0,2266044
0,2802131
-0,7838178
0,3571599
-2,131401
0,9582852
0,3775359
0,5436743
-1,849253
-0,2122968
-0,3084038
-0,5541984
-0,5507733
0,2062919
1,472271
0,6075283
0,9459733
1,382015
-0,5569887
-0,9983925
-0,2148917
-0,3058902
2,552553
-0,2215302
-0,2489787
-0,9124238
-0,838038
2,478517
-0,4347983
-1,00315
0,2166013
0,03643194
-0,04015145
0,8338319
1,332298
1,768601
0,665879
0,6429006
-0,1546947
-0,4502369
-0,1172768
0,02637041
0,5386881
-0,2974629
-0,2282076
2,247219
0,8726699
1,508369
0,1737368
-4,372923
-0,06569818
0,5633839
-5,763865
-0,5640872
-0,04132192
-0,5379146
-0,1447091
-0,1041532
0,5013674
0,5500373
-0,1701218
0,09626832
1,328678
-0,000369607
0,2590424
0,7980059
-0,07368723
-0,2736453
-3,906389
0,5081801
0,04381931
1,464003
-0,483106
-4,214125
-0,3089954
-0,8564004
0,0840671
-0,101523
-0,1713088
0,240223
-0,7518661
-0,3196337
2,018323
-0,4614881
-0,3598664
0,03821043
-0,757683
-0,2777299
-0,2164985
-0,3050478
-0,2759451
1,319844
-0,2523481
-0,0512731
6,505032
0,2955366
0,5614468
-0,2011146
-0,5946526
0,2950883
0,4191096
0,3582264
-0,4029859
0,3767634
-0,3566862
-3,782764
-1,289393
-0,3843764
0,3420905
-0,3193816
-1,066242
-1,711555
0,5266055
-2,74735
-0,4499325
0,6201751
-0,2451697
-3,291044
-1,015902
0,4864345
-0,5388809
0,7907081
-0,6728587
-1,728377
0,1062963
0,9797069
-0,4979066
0,3962706
-1,013711
0,2107871
-0,6559721
1,165157
-0,3367271
1,399793
-1,011519
-0,2118256
-0,8135004
-1,113034
0,7953852
-0,3193132
-0,1514393
0,05602562
0,4915884
2,023912
-0,4653698
-0,9316939
-1,476849
0,7516613
-0,5159054
-0,4645325
-0,4663884
0,7078272
-3,132043
-0,2342012
-0,2863879
-0,1170463
0,81112
-0,1869765
0,06057981
0,3922708
0,1960436
0,032622
0,5383637
-0,2588615
-0,5091683
1,22897
-0,5232493
0,06558233
-0,5025336
-0,6345266
0,804064
0,4265741
0,3524409
-0,2521678
2,209052
0,3183585
-1,574435
-1,615107
-0,5398769
0,3678355
0,2456748
-6,719955
0,9698843
0,3300287
1,623056
0,1059177
1,185839
-0,1366926
-0,07404155
-0,8257622
0,9877954
0,3677859
0,2780868
0,3162742
0,5122392
1,298435
-1,153535
0,0120385
-0,006516361
-0,0967437
1,469442
-0,4868808
0,1653815
0,7089626
-0,05067965
-2,479835
-0,2966476
-1,213733
-0,3649564
0,7203219
0,08258149
1,03878
0,2355296
0,6069039
0,3871739
-1,043266
-0,1360723
-0,3708786
0,1797207
-0,5073506
0,208636
-0,9213758
-0,7155752
0,9998289
-1,818694
0,1546234
-0,177594
0,3045704
0,1742898
-1,783957
-1,236113
-0,2749259
0,7902401
-0,7912574
1,457159
0,3112106
-1,252059
0,3971923
-0,6910217
1,203462
-0,8566689
-2,402817
0,6739426
1,122888
-0,02113985
0,02490238
-0,8905115
-0,8540396
-0,003423003
-0,311378
0,3666172
0,4809413
0,1595158
1,680229
-0,4369385
0,2415189
-0,3897141
-0,5797623
0,5302748
0,4044456
0,3560703
-0,7171612
-0,4081632
1,429439
0,3345887
-0,001723878
-0,5102667
1,081209
-2,024105
0,6484882
0,2484311
0,2100321
0,9847059
-0,1412438
-0,3118183
0,2101171
0,4582294
-1,373828
-0,6079826
-0,6395373
-0,9203455
-4,535412
-2,331614
-0,5505601
-1,339708
-0,5271992
-2,091785
0,9266846
0,1172675
0,358333
-0,529582
0,534538
0,9077584
0,01141918
-0,7297803
-0,04213062
0,01875151
0,5165607
0,09140947
-0,9878582
0,7289591
0,5518407
-0,005132595
0,2633241
-0,452281
-0,4665374
3,521833
1,030017
1,106766
-0,2149482
-1,1657
0,07585565
-0,5936766
-0,2544581
1,466875
-0,8710585
1,211541
-0,1713622
-1,848767
-0,08027609
0,1601558
3,362484
0,2878905
-0,563203
0,7991771
1,507238
-0,2398173
-0,04012258
2,438734
-3,852351
0,1414837
0,1871556
-0,9230795
-5,62933
-0,2230146
0,4568849
-0,3906406
-1,11858
-0,4565629
0,05198896
0,5069293
-0,3000937
0,6461931
-0,5173808
0,3526715
0,5410827
-0,7402678
3,525535
2,448781
0,4724293
-1,572827
-0,2001806
-0,4885014
-0,3570308
1,09682
-0,3458912
0,1437389
0,2352963
-0,3372042
0,3030242
-0,2790782
-0,3376584
0,1263928
0,9529811
-0,9421877
0,1542705
-0,9859295
0,2595772
-0,9663586
-0,5001485
0,518604
0,5718368
1,042001
0,1645916
-0,05717388
1,206108
-0,7691944
-1,839472
0,1358019
-0,6121755
-0,715951
0,4472103
0,1825709
-5,567881
0,506309
0,2035893
0,185511
5,760371
0,5807468
0,5723084
0,4734009
-0,5306852
0,2263588
-0,6277254
-0,743976
1,399595
2,959549
-0,8065178
0,5870129
0,5412225
-0,9159801
-0,5717331
-1,424586
0,2277178
0,3228598
0,7380826
0,4359379
-3,030779
0,3088428
-1,140715
-4,262861
0,8436185
0,8580916
-0,3246164
-0,1946194
-1,35736
-0,3061619
0,5995407
0,4364972
-0,1041573
-0,1024009
0,2951459
-0,7715957
-0,156069
1,423778
1,347748
1,841151
-0,1589916
1,77627
-0,07718208
0,5268517
-0,8092083
0,8349919
1,613661
-0,3388747
-0,4854038
1,046857
0,8920505
2,428352
0,07352665
0,07105651
0,5895382
0,3151523
-1,197728
-0,3380902
-2,241145
0,03972712
0,8148392
0,5857294
0,02311794
-0,3424616
0,7214136
-0,4081725
1,080595
0,2152078
-0,3765914
-0,6669647
-0,08431748
0,3849396
-0,8050497
0,6537252
-0,1858682
-0,197682
0,5004567
0,2877269
-0,5162351
-0,4333521
0,4470166
-0,638706
-0,3933888
0,06527151
-0,1608845
-0,0005144177
0,09684779
-0,3167259
-0,1921868
0,07833219
-0,1937695
-0,9315469
0,5525305
0,0990881
-0,001520754
0,2938934
-0,3713626
-0,1029813
-0,4421992
-0,09496197
0,1692128
1,604668
0,4487176
0,2073471
0,6134418
-0,6871605
0,1320695
-0,6756128
0,8155627
1,074423
-0,7408656
1,123324
0,4878489
0,3914413
-0,4311084
0,8935867
0,01869742
-0,3509761
0,1857174
-0,2524351
0,3803377
-0,3980281
0,4246541
3,328278
6,27016
2,497026
1,324711
-1,095999
0,502396
-1,319767
-0,1202362
-0,7302011
-0,07765769
0,542875
-0,1985136
-0,5843867
-1,130654
-0,3035935
-0,499078
-0,2058988
0,7642397
0,07494511
-0,2166138
0,3587377
-3,010654
1,298919
-0,03980597
-0,6093789
-0,01540584
0,8946683
-1,053307
-1,575845
-0,05019594
-0,6413875
0,432601
-0,5852099
-0,7437595
0,334612
0,8776224
0,6433973
-0,02981864
-0,4873855
-0,8243375
-0,6727306
-2,715478
-0,0491669
0,1966127
-0,5096028
-0,1759474
2,573702
0,05615705
-0,1588739
0,7671116
-1,694257
-0,06514565
1,215101
-3,190929
0,351017
-0,2642283
1,503003
0,4776533
0,01568049
-1,145241
0,2582704
1,863788
0,001909835
0,4962742
2,162424
1,81717
0,3394636
0,9204286
-0,1541788
-0,7257873
1,830488
0,4641246
0,9699012
-0,3995181
0,2845561
-0,5509524
-1,929659
-0,3966772
0,7420046
-1,067038
0,4133683
0,2975838
-0,04730436
0,4334373
0,4305221
-0,1522662
0,7565363
0,4367101
1,909813
0,4765354
-0,2768357
-0,8520296
-0,2352788
0,06724776
-7,920669
-0,8323294
2,347638
0,04411619
0,8290994
0,4593058
-0,1538882
0,7366454
-0,4539002
-1,060006
-1,406136
-2,982829
-0,7828108
-1,022798
-0,988981
0,1032545
0,03387173
-0,3227422
-0,1686909
-1,365225
-0,3021165
0,5248889
0,07301378
-0,9371813
2,362241
-1,869338
-1,342409
-1,122233
0,1691157
-0,1767196
0,1946094
-4,698687
-0,5271915
0,4400461
1,947956
0,9725628
-1,555734
-0,787156
0,3316913
0,04422461
0,6511735
-0,4973813
-0,4665963
-0,0911834
0,9117346
-0,4172146
-0,6933745
0,1980467
0,1917178
-0,3726514
-0,6637587
-1,762407
-0,9951919
-0,7133125
0,1418935
-0,05834379
0,3989148
-0,7846567
-0,007312655
0,135094
0,4423403
-0,142775
-0,6130331
0,1571146
0,7447775
-2,56342
-0,6598319
1,053109
1,312335
0,4316935
-0,5487386
-0,1522054
-0,006759518
-0,2497092
0,3240122
0,8146544
-0,08754244
-2,153343
-1,878768
0,3615925
-1,253196
1,192157
0,6461341
0,9066994
-0,2146544
-1,527603
0,6888208
-0,1436516
0,05078899
-0,09121811
-0,5119671
-0,820267
0,777606
-0,2684892
-0,1320784
0,1321813
-0,1186407
0,6461404
-0,4506413
1,026116
-0,9283433
-0,9815293
-0,8046826
-0,3062796
-0,1026774
-0,4593355
1,447804
0,7870879
-1,786716
1,418292
0,3551273
-0,2716441
-0,1015309
0,6125386
-0,7496968
-1,217796
-0,1683122
0,5009378
0,03625752
-0,382238
0,7064382
-0,971913
0,6540049
0,4598189
0,6285856
-0,3824636
0,3477207
-1,906835
-0,3836769
-0,8326887
-0,1133927
-0,4429214
-0,9507428
0,5445548
0,03450942
1,894832
-0,2584861
-0,2136461
0,6835864
0,4013197
0,05086293
-0,6938869
-0,01615017
-1,478962
-0,9495403
-9,06137
-1,010511
0,3093707
0,2249684
-1,075349
-1,682627
0,1413723
0,02593875
1,442996
-0,7021306
0,2074629
-0,3345812
-0,2206824
0,3130024
-0,3190286
0,3010508
-0,7194841
0,3198048
0,170893
0,3893853
0,01692369
-0,01735392
-6,164308
2,878661
1,236936
2,805497
-0,8566791
0,009882676
0,01369395
-7,503299
-0,7486234
-0,5225101
0,728411
0,1558306
0,5475813
0,4950759
-1,704139
-3,521524
-0,5276503
-0,5287942
-2,966182
0,236481
-0,1334359
0,1055072
0,5757642
-0,1836898
-1,833726
-0,2008664
-0,5691983
2,238864
1,162449
0,6623664
0,4274818
-0,3134506
-0,2747869
-0,2691802
0,1888182
0,7630239
0,5836272
0,4370629
-0,3731584
1,12799
-0,6108638
0,7505097
-0,02944362
-0,6984827
-0,4787908
-0,7800232
-0,7163277
-4,959826
0,7604504
0,04421123
-0,01576923
-0,4709232
-0,4450847
-0,4783017
-1,065798
-1,419731
-0,2245453
0,1070081
0,3330655
-0,07718284
-1,159713
-0,002956306
-1,290769
0,0616002
0,3167479
-4,75823
-1,605308
0,2624338
1,499459
0,02826901
-0,5754936
0,01237316
0,7219591
0,6334144
0,5966424
-0,8053746
-1,911038
-0,4744396
0,1152523
0,4589387
-0,5392621
4,426417
0,392655
0,2214838
1,435145
-0,2369044
-0,4999891
-1,797193
0,09983217
0,1370418
-1,630389
1,109033
0,007669159
-0,02416658
-0,3772955
0,5595527
0,9616277
0,9759191
-0,6719561
-0,2140494
0,4443366
-4,433839
0,9902642
-0,6743201
0,446717
-0,5645624
-0,4993117
-0,3490871
0,4801039
1,888921
-0,3277994
-1,051695
-0,3660747
-2,116503
-0,2759896
-1,484015
-0,002650516
-0,5474035
-1,314771
0,3017009
-0,4892479
-0,5692276
0,8759449
-0,2205092
-0,2369487
-0,2099575
6,794787
0,2886157
0,5979701
-4,53333
-0,3440882
5,875607
0,3030361
-1,537649
1,669962
-0,4416518
0,6191516
0,212859
-0,1576156
-0,6644874
-7,394094
-0,3637746
0,7243192
1,669514
-0,2656499
0,9945739
-0,04695131
-0,8330647
0,2761905
-0,1866341
0,7977219
-0,1240396
0,4782847
0,3606919
0,6781743
1,33659
0,6845491
0,2214635
-2,432092
-5,021979
1,265562
0,5494202
-0,2406972
-0,5421292
-0,6263767
-0,4512972
-0,1954127
0,6892178
-0,10138
-1,259396
-0,6316059
-0,1864229
-1,700054
-0,3652158
-0,003292237
1,799635
0,6666622
-0,2331398
0,663798
0,1290582
6,979554
-1,912308
-0,1291888
0,2662352
0,3717313
-1,352471
0,3134314
-0,4317725
0,6116844
0,04093671
-0,6923783
0,3309585
0,3660569
1,656024
-1,980458
0,4432271
-0,1840643
0,4395281
0,3058964
-1,465452
-3,14805
-1,213153
0,02303728
0,599075
0,8654616
-0,2368255
-0,4427943
-0,3813279
0,8186244
-1,393468
0,05971374
-3,746097
0,2756904
-0,5582605
-0,6241146
-0,4561017
-0,2094384
-0,04998428
-0,2966722
-0,3267846
-0,7293926
-0,2539962
0,410073
0,3200446
-0,2663803
-0,8719761
-0,0003269723
-0,01381582
0,04550397
0,1137041
-0,001729568
-0,05172444
-0,0708569
-0,01638137
0,1558991
-0,01487731
0,13708
0,04573729
0,0948324
-0,02098474
0,001948659
0,001719711
-0,05407659
-0,1149717
0,09607425
0,03888253
-0,2143924
0,08033879
0,1640907
-0,09415554
0,09677824
-0,05118431
0,009547734
0,118554
-0,006387867
0,1980179
0,1117233
0,07289877
-0,07398217
0,118303
0,1320657
-0,03215234
-0,3937901
-0,0805524
0,0005750919
0,02230457
0,1221384
0,03361749
-0,3465988
-0,0323685
-0,001676365
-0,02762083
0,0578935
0,1099557
0,1271946
0,06758863
-0,01499566
-0,0367768
0,0412159
0,006407112
-0,021462
0,02665758
0,081139
-0,02499898
-0,1596562
0,001752572
0,06548461
0,1109904
-0,06782168
0,06595778
-0,3717094
0,1020123
0,01203844
0,1935521
0,07855846
0,1257547
-0,01360527
-0,009480844
-0,7435843
0,06044156
-0,02804718
0,1389389
0,1450728
0,02395222
0,1344017
-0,1126827
-0,01896335
-1,110807
0,05360652
0,07945328
0,03873521
0,08167823
0,004133141
-0,06214392
-0,1087682
0,0182847
-0,1492866
0,1284426
0,03189295
0,1263334
-0,01761527
0,08447684
0,02665026
-0,06174181
0,06865576
0,02019908
0,1292879
-0,04273763
0,04906656
0,1348083
-0,1047918
0,03754972
0,1462434
0,1058421
0,1172604
-0,133659
-0,4157911
0,01353442
-0,06911749
-0,09155245
0,06468462
0,06641646
-0,001233237
0,1337302
0,06824452
0,08570822
0,03462998
0,06185511
0,06495731
0,0636076
0,08074433
0,1037912
0,04933392
0,02965761
0,05933416
-0,004277771
0,1325766
-0,008721881
0,08049813
0,01942258
0,05458497
0,0171297
0,06940947
0,1503658
0,08326641
0,04203378
0,06097038
0,09988035
-0,04357698
0,1814476
0,1277808
0,06804078
0,0887481
0,1361578
0,05141052
0,08678494
0,1365578
0,08653819
0,01976241
0,02134342
0,1077576
0,1585242
0,001364676
0,1013583
0,1545067
0,09236632
0,02989046
0,02321465
-0,02825317
0,1417793
0,02672928
0,01336043
0,02778208
0,07784501
0,02310682
-0,0120788
0,05258869
0,01449484
0,1546749
0,09478924
0,07129935
0,02218398
0,1501752
-0,003833548
0,2732582
0,1310523
-0,01752962
-0,00238451
0,1329997
0,07885682
0,1306956
0,06551047
0,0491819
0,1039989
0,02737227
0,04372762
0,03131861
0,02728523
0,08744247
0,05514846
0,1250125
0,09047691
0,03385587
0,1965627
0,06432704
0,04306075
0,121767
0,1840306
0,1719162
0,1990694
0,0322274
0,06935374
0,02782813
0,08243296
0,1684648
0,0241719
0,1039248
0,06982704
0,09556528
-0,05580199
-0,01310759
0,1734323
0,1293686
0,01524503
0,01606283
0,1278763
0,1154792
0,0109788
0,05044099
0,005461172
-0,05383982
0,05589285
0,01256851
0,1302006
0,07882363
0,01952097
0,1709239
0,07063361
-0,09420247
0,1521585
0,177202
0,1861742
0,07217474
0,04039758
0,07234758
-0,01515876
0,101726
-0,03441662
0,1515807
0,004070206
0,04282224
0,03087051
0,1710691
-0,01825029
0,003440908
0,2030997
0,1219345
0,05830027
0,04014467
0,04914628
0,04319385
0,03784775
0,08152428
0,08618217
0,1303505
0,1216577
0,09027042
0,1028654
0,09528181
0,04742159
-0,06659932
0,09206099
0,01503202
0,06267163
0,01788871
0,08991778
0,24528
0,05223278
-0,004199881
0,05811373
0,03120507
0,1330164
0,04260441
0,002339815
-0,06098229
0,1018447
0,0450228
0,05593718
0,07709067
0,1135024
0,1326623
0,1335074
0,08392543
0,1144925
0,08750348
0,04140824
0,1188097
0,09750283
0,0337273
0,08983161
-0,01538846
0,07822748
-0,001220636
0,08272047
0,06618811
0,1068049
0,007051059
0,04554837
0,1358997
0,005947136
0,03554608
-0,01155198
0,1115669
-0,02766976
0,02595297
-0,02548569
-0,005498975
-0,009482717
0,1618379
0,09664048
-0,004221254
-0,06308005
0,04036938
0,1346706
0,02184201
0,0884901
0,05307685
0,03178998
0,1046069
0,07217284
0,03984041
0,1085997
0,03490309
-0,002892094
0,08287602
0,102644
-0,01539892
-0,002060004
0,144355
0,0006270334
0,05775265
0,07348084
0,1225875
0,1023009
-2,606179E-06
0,04665498
0,1305363
0,05048256
0,1416914
0,03143149
-0,02961802
0,1570226
-0,01089135
-0,01043738
0,05640418
-0,02372617
0,005367219
0,1802439
0,008815053
0,03409821
0,09638161
0,1227002
0,1098581
0,03172906
0,0001624304
0,0376545
0,08975378
0,1059196
0,1054375
0,06039995
0,06219269
0,1518471
0,1186333
0,06247062
0,05282769
-0,04313171
0,01788576
0,05654657
0,0482333
-0,0082765
0,02453542
0,05214444
-0,05350876
0,09980257
0,04561421
0,08527175
0,01862513
0,09936197
0,05309498
0,04393137
0,08914589
0,177927
0,1714963
-0,06198816
0,09560741
0,1413072
0,1196389
0,1055487
0,1030226
-0,06564888
-0,0347059
0,0490564
0,08929356
0,09476374
0,08004218
0,1137447
0,1300051
0,06389288
0,2167197
-0,004625387
0,0694174
0,02120606
0,1133415
-0,01987576
0,09031496
0,0690979
0,05800221
0,13479
0,07826481
0,05305877
0,0491713
0,006724974
0,08259181
0,03451707
0,1099254
0,05434638
0,1230473
0,1488886
0,03208381
0,1266899
0,04612039
0,03491357
0,1158991
0,08770926
0,03945617
-0,01385042
0,007358557
0,03871837
0,07213189
0,01826754
0,06724339
0,07611382
0,05954161
-0,009971397
-0,002199239
0,04684643
0,0464288
0,05234858
0,09072224
0,07344851
0,04927326
0,1517176
-0,01098142
-0,00135342
0,186056
0,09447809
0,07382841
-0,03747468
0,04903901
-0,04852846
0,2386696
0,007800927
0,148782
0,05291428
0,01285958
0,100209
0,02717267
0,1748368
0,05841147
0,01209022
0,1734658
0,04168243
0,0282235
0,020416
0,08471935
-0,02147038
0,07131411
-0,03960073
0,06190162
0,03293427
0,08241615
-0,0511042
0,07360628
0,05455635
0,09532689
0,1171834
0,04529149
0,1160726
-0,02663643
0,1904574
0,04300271
0,1385118
0,1468254
0,09162715
0,03890576
0,01389908
0,05623001
0,1307611
-0,01725981
0,1401361
0,0300272
0,01578866
0,01004594
0,01274129
0,06985988
0,02040984
0,04178313
0,158263
0,1169884
0,06923684
0,02723621
0,1246651
0,027708
-0,04505922
0,05094863
0,0656929
0,1279378
0,05891524
0,06607421
-0,01821856
0,1217013
0,03205304
0,01507564
0,1090416
0,05383881
0,06280215
-0,0842255
0,06119049
0,07030699
0,1905181
0,01797961
0,1155973
0,1356729
0,00567033
0,05337879
0,05681981
-0,02849033
0,03646541
0,01182528
0,09191013
-0,0005467823
0,1645351
0,03071365
-0,01781438
0,07016639
0,01090096
0,1243503
0,2381742
0,07654718
0,03538153
0,02368195
0,07890853
0,219535
0,1519433
0,09398996
0,1353557
0,03197698
0,1067839
0,1179012
0,07489616
0,05766442
0,007908934
0,05123629
0,05131624
0,180475
0,05201805
0,04114814
0,04402729
0,01788401
0,02028462
0,06804526
0,09297994
0,2061103
0,05883629
0,1837541
0,04538574
0,1106634
0,06934564
0,1517188
0,1137218
-0,04836681
0,07701095
0,09835112
0,01187474
0,06437251
0,04426781
0,0927984
0,1311565
0,04597497
0,03420621
0,162073
0,05690613
0,03515904
-0,01295263
0,03191567
0,1977611
-0,01819063
0,03162147
0,06071259
0,07246719
0,1468498
0,07834902
0,09070409
0,04895458
0,07317492
-0,02741301
0,07242351
0,0977923
0,05580905
0,1174342
0,1213039
0,1033196
0,2351611
0,1081205
0,1790589
0,1167613
0,05262189
0,03955025
0,1318149
0,009454343
0,0304847
-0,01365887
-0,01309301
0,06351602
0,08330223
0,01678807
0,1418515
-0,07912099
0,05802819
0,04752701
0,1608407
0,04702454
0,1023296
0,1258862
0,2089733
0,03880562
0,0749507
0,1012338
0,02873609
-0,04547604
0,09970847
0,0788493
0,0513714
0,117249
0,1141415
0,0823173
0,1668137
0,03793894
0,06517339
0,07226871
0,1887861
0,05780894
0,112211
0,2577723
0,04709336
0,06622204
0,05566083
0,1729913
0,03473974
0,05078972
0,1115777
0,1754221
0,149526
0,1223439
0,07145776
-0,005376715
0,08267642
-0,04411916
0,0560055
0,1719629
0,01649379
0,03169979
-0,1157011
0,03814369
0,05741415
0,1138311
0,02249585
-0,03436621
-0,01679017
-0,01742995
-0,07811467
0,0718443
0,1411236
0,001762878
0,008109152
0,05164006
-0,01581146
0,13603
0,0944816
0,08066145
0,03991562
0,178166
0,05541058
0,06004566
0,1066325
0,1328734
0,06060138
0,005298818
0,02551721
0,06657052
0,02975529
-0,008606873
0,09042567
0,04828188
-0,07452011
0,06672557
0,1587508
-0,0242504
0,04099286
0,06288174
0,08094782
0,09207428
0,1640037
0,0226277
0,03026281
0,06723364
0,03768553
0,1028393
0,08072262
0,06986131
-0,003070314
0,07182916
0,06756243
0,1433808
0,01631874
0,04203471
0,02163842
0,06563794
0,04264463
0,06486947
0,1292163
0,1113795
0,1658655
-0,02593364
0,2129724
0,02487929
0,1266252
0,0408116
0,07170369
0,1346346
0,004243048
0,0008732908
0,04088931
0,1037861
0,06207126
0,07916971
0,07933465
0,07963363
-0,0248916
0,1198312
0,1128906
0,1124261
0,1309737
0,1315459
0,09261412
0,1153007
-0,005446498
0,02024687
0,0742896
0,08430847
0,09250557
0,02397107
0,2168678
0,2102557
0,1394439
0,1171673
0,01643388
0,01567599
0,1013635
0,05336284
0,0738214
0,09512206
0,02915196
0,00435267
0,1687501
-0,06716545
0,166812
0,01946418
0,1714204
0,007628963
0,04597687
0,07315305
0,0898698
0,04445029
0,08368179
0,03192724
0,06782249
0,108555
0,1203092
0,06952737
0,06553021
0,01777621
0,1443135
0,1257455
-0,04416835
0,1129332
0,02141344
0,04489976
0,1273618
0,08658668
-0,01614831
-0,003035883
0,122293
0,02300883
0,1515453
-0,04552768
-0,004100235
0,05732735
0,08797979
0,02832109
0,1035064
0,04016566
0,1275497
0,03492928
0,02823
-0,004344244
0,116758
0,09618037
0,03757023
0,05839773
0,06819639
0,04580275
0,02966242
0,1035416
0,1064041
0,09152424
0,03760089
0,1722473
-0,02897464
0,1138481
0,1119676
0,1808386
0,04782254
0,05302982
0,04553289
0,004219748
0,09360918
0,1009322
0,213279
0,001788896
0,08995706
0,08415706
0,03195513
0,02382208
0,1393904
0,1423995
0,1130924
0,06822164
0,07623223
0,05524205
0,1537593
0,09776764
0,02571549
-0,02497261
0,09324435
0,02918181
0,04585106
0,005973917
0,08407245
0,08817124
-0,0464788
-0,03549243
0,1137583
0,1246622
0,07284625
0,01546839
0,05250404
-0,06986754
0,1034081
0,1883917
0,06495606
0,02258864
0,05057997
0,1203707
-0,01373677
0,069251
0,0008693211
0,0638134
0,07737449
0,01342247
0,07191435
0,07642759
0,04325321
-0,01372017
0,1907207
0,04233998
0,1540361
-0,006990045
0,0281856
0,0832316
0,1081154
0,06346469
-0,009311338
-0,03434394
0,1668565
-0,0129766
0,07280461
0,03511314
0,02563002
0,007218031
0,04025871
0,02250925
0,1615211
0,1438296
0,09808261
0,04687314
0,1417773
0,03061881
0,07653508
-0,03358732
0,0005402719
0,06134115
0,0882369
0,07791412
0,1001968
0,08773813
0,09950192
0,04458381
-0,05512984
0,09431753
0,06349963
0,04088466
0,00946668
0,02999021
0,07123034
0,09702911
-0,04838783
0,106161
0,08151334
0,1547355
0,1107275
-0,02120033
0,01545884
0,08436123
0,04073623
0,04519058
0,08181435
0,09311122
0,07671914
0,05094812
0,1285789
0,1301999
0,1486945
0,03120345
0,1488768
0,007241983
0,08018339
0,05515982
0,1847494
0,06123975
0,1255821
0,06043077
-0,05106412
0,106083
0,2132878
0,02093273
0,002856515
0,1452874
0,1608994
-0,05030501
-0,00680571
0,1667695
-0,01716845
0,1154941
0,187192
0,1473449
0,05995172
0,05616882
0,09530109
0,1187218
0,1360756
0,06867351
0,1745228
0,07189225
0,1055201
0,1682165
0,04518289
0,1264637
0,176362
0,04528447
-0,05873794
0,1116746
0,06677278
0,1306202
0,05651263
0,1271615
0,09090874
0,04062569
0,02536986
0,07332599
0,06254527
0,05598884
0,02249354
-0,00169243
0,1021791
0,122101
0,08115089
0,06112915
-0,02535914
-0,02343999
0,05600823
0,0744306
0,1257261
0,01252009
0,02366388
0,04933931
0,09268421
