0,3728069
1,455148
1,001899
0,1738773
-0,5530888
-1,460989
-1,140441
0,2804262
-0,5283321
-0,3605843
-0,7086427
0,5407044
0,7616504
-0,3559619
-0,3769256
-1,629501
-0,6322505
0,5792419
0,2275174
0,08106697
0,2884597
-0,4509189
0,2266048
-0,7462902
0,08608773
0,914455
-0,376281
2,500751
0,2945101
-0,9503206
-1,420639
-0,3495182
0,3519899
-1,314635
1,044844
-0,1470979
0,008724342
0,3707812
-0,3691763
0,9980689
-0,02277661
0,6550398
-0,330635
-0,07631695
-0,8534579
1,136705
-0,2613843
0,44975
0,9803961
1,475792
0,009283599
-0,7423779
-0,295138
0,5933322
0,07285468
0,6458288
-3,691076
-1,25664
-0,8162928
0,1065331
-0,8326531
-0,165435
0,4310375
-0,2944357
0,5580575
0,1964262
0,5228935
0,1413149
-0,3026868
-0,6306619
-0,04387161
-0,4730784
0,9386493
-1,16541
0,3139226
0,3393107
-0,5552668
1,370011
0,6215568
1,010473
2,590819
-0,01779275
1,366187
-0,3250087
0,7866154
0,6123525
1,000376
-0,2322692
-0,5169521
-1,745423
-0,3689281
0,4010922
-0,483527
0,960087
1,303003
0,284014
-0,1816081
-1,401711
0,05069759
2,466838
0,6687428
1,405918
1,173602
-0,02193023
-3,331169
0,9968169
0,4806847
-0,008046365
3,869476
0,0709669
-0,7597088
-1,608726
1,095913
-0,1419401
0,7092106
-3,522777
-0,4364197
-0,8774208
0,4846497
-0,4886732
0,1083301
0,7692174
1,863079
-0,3336666
-0,02869527
0,6331147
0,3586191
-0,2802885
0,05200775
-0,3428841
-0,6404967
-2,677574
0,2126008
0,4698523
0,5254905
-0,5152497
0,1111011
-0,5361078
-0,7348361
2,911292
-1,314593
-1,355998
0,2651348
0,3229417
0,04029917
0,06767797
1,374867
-0,7894709
0,4898435
1,70745
0,6951769
0,3331422
-0,09337012
-1,321483
-0,4335988
-1,460719
1,223275
0,4848573
0,3172757
0,7805619
-0,2827571
0,7189079
-1,996806
0,1552165
0,3739921
-1,430909
-1,385724
-0,5342792
-0,4779854
-1,49619
-0,5472927
0,4255196
-1,174782
-1,211343
0,8429506
-0,8362802
-0,2711604
0,3964815
-0,1891839
-0,546266
0,92048
-2,177341
-1,196591
-0,4701089
-0,2471757
-0,1923012
1,386163
1,221812
1,294283
-1,000076
5,886796
1,613594
0,237631
0,05849412
0,7145202
-0,6045745
0,3666836
0,5817258
0,01425894
0,427376
0,3724416
-0,5749109
0,5172189
0,212003
-0,4036763
-1,238842
0,0538495
-0,5604077
0,5419574
-0,4443266
-0,9010779
-0,7439105
5,245642
-0,05912721
-0,8135251
-0,02404672
-1,486798
-0,8760604
0,5587301
0,4890501
-0,6121364
0,2106629
-0,6209164
-0,743563
-0,4949615
2,191048
0,1192791
-0,2904596
-0,6631712
0,5438287
1,88523
-0,7327284
0,1553709
0,2614917
-0,2913854
0,1895972
-0,8075063
0,5682626
-1,364238
0,07959612
0,6831052
0,3126436
-0,8984613
-0,01392548
1,071597
-0,3452626
-0,7556481
-5,115017
0,2153897
-0,4040332
1,059386
-0,3015338
-0,07864012
0,1344206
1,00197
-0,5812075
0,8735254
0,2748909
0,7856054
0,9417606
0,009872931
-0,7070613
0,6401889
-0,314386
-0,549614
-0,9286201
1,827302
-1,886858
-4,247803
-2,342041
1,234135
0,3139529
-0,2656843
0,5010212
0,7365899
0,09719872
0,2525046
-2,482641
-1,636399
1,612372
-1,44391
0,4151622
-0,1174197
0,8333655
-0,2740874
-0,5538281
-0,4262311
-0,7139763
-0,8929996
0,4928133
0,02333754
-0,07411017
1,376035
2,069127
0,8817783
0,4910314
-0,3109404
0,07478745
0,9966024
-0,9078986
-1,208762
-1,2468
0,07022911
-0,06067123
-1,203459
0,1541838
0,787469
-1,286192
-0,0887317
0,5299875
-0,4696693
0,3767268
0,6622994
-0,6959693
-0,1743832
-8,945632
-0,465712
0,3144806
-0,03355077
0,7264042
-0,4754151
0,5451754
-0,4464941
-0,5517831
0,3298223
-0,2196532
-0,07101902
-0,619111
-0,08936549
-0,594048
-1,537039
-1,493133
0,09388115
0,4663332
-0,3557662
-3,619266
-0,02626872
0,1127609
-0,5685201
-1,074664
-0,6705355
-0,03739635
-0,3738082
-0,9019313
0,6115587
0,9891696
-0,6322632
-2,163785
0,4851574
0,02253734
0,5719523
0,2934282
-0,4995232
-1,828108
0,2156241
-1,535198
-1,067885
0,3065279
0,244931
-0,3593355
1,300425
-0,3861182
0,2885473
-9,442849
-0,5432578
-0,2205532
0,5006047
-2,462166
0,4412053
-0,4095482
0,564922
-1,03318
1,714675
-0,3054195
1,018738
1,467186
0,6738104
1,468411
0,8083466
0,4422617
-0,07051314
1,092975
0,08526853
-0,9146008
-0,1387752
0,4549707
0,3469059
0,5687577
1,159295
0,1104944
0,6984937
-0,3828616
0,07859655
-1,96371
1,898795
-0,4097965
-0,7877984
2,616243
-0,591504
0,4071929
0,6858667
-0,009674607
0,958818
0,06593961
-0,755742
0,8859021
-0,4217681
1,034432
0,7075865
-0,6249352
0,5766785
0,07671314
-0,2320802
1,4589
0,1536924
0,2310707
-3,965685
-0,9067147
0,6917257
0,6995386
0,198685
-0,6304266
0,2754759
0,253696
0,7472287
0,8348497
-0,8554661
0,2396918
0,1665315
-0,3211415
-0,5172434
0,1846121
-0,1860174
1,433238
-0,827206
-0,4133989
1,060153
-0,02153171
0,8551141
1,491557
0,2797567
0,1670935
-0,1608
2,190485
-0,7115647
0,2621296
-0,3020602
1,944397
-1,726766
0,4882616
-0,4882733
-0,9072315
0,09003732
-1,085109
-0,1811504
-0,3032734
1,25086
-0,3979442
-0,6290045
0,2684129
0,2504657
-0,5663584
-0,3461074
0,220693
2,735321
1,778336
-0,1818072
0,4760558
-0,3466413
-0,6911319
1,026152
-0,3460682
-0,3824094
-0,1911419
1,595935
0,8368023
-0,04718383
-0,136362
-0,9701035
-7,177133
0,7570429
0,06786236
-1,230438
-4,024951
-0,3417588
-0,2608953
1,214676
1,06988
0,3180375
-0,1302178
0,6699924
0,1703435
0,04647274
-0,4498374
-0,6122136
2,561606
-0,6559074
-0,04654637
0,5674983
-0,06298379
2,376843
-1,540946
-0,01964165
-0,2291019
1,371472
-3,821547
-0,7682703
-1,161121
0,2758829
0,3031611
-0,5373849
0,7160897
-1,31896
-0,07165434
0,006955882
0,1756112
-0,7895803
-0,446486
-1,04745
-0,1783027
-1,153606
-0,8596077
1,413461
0,263253
0,7873375
-0,1285633
0,9875776
1,471161
1,172741
0,4190457
-0,5338666
-0,5164898
1,610141
0,4625596
0,6696851
-0,3399875
-2,593798
-1,53458
-0,4197389
2,047232
0,4778067
1,695832
1,204482
-1,233036
-0,2219613
0,01384508
0,3226379
0,6068582
0,19227
0,4194694
0,93348
0,7447481
0,1889104
-0,5186447
-0,8075802
-0,104125
-1,248101
2,091743
0,2282464
0,1794227
0,2802362
0,174646
-1,914622
2,064347
0,5241147
0,9870045
-2,898017
-0,2097567
-0,5545756
0,04813309
0,5958961
0,600174
0,2334164
1,79428
-1,8248
-0,2235235
-0,5992095
0,4172663
0,5527568
0,7691762
-2,549791
1,728177
0,319103
1,904594
0,1422028
-2,971897
0,2649786
0,1350562
-0,00616019
-0,4175826
-0,2504463
-0,4673849
-1,062624
6,831733
-0,8826074
0,6605244
1,563266
1,490339
-0,04871808
-0,6483489
1,433252
0,302041
-0,3636593
-1,226574
2,584854
-1,711696
0,1299194
-0,7634491
0,9812459
0,9725193
-2,142196
-0,07446963
-0,2740099
0,1694522
-0,1044343
-0,2771779
2,65797
0,9156889
-0,6608911
1,490318
-0,9560909
1,223534
3,420715
-3,162631
-0,8502128
0,6762536
-3,647989
0,8237483
0,2071252
0,7956248
-0,1066375
0,7892745
0,7000403
-1,325449
0,5634666
0,08803789
-0,1273354
-0,4087342
-0,1386738
-0,3258688
0,103353
-0,4482989
1,085272
0,7976027
0,5165361
0,8010907
-2,419997
1,58516
-2,41983
-0,3169405
-1,293168
0,5866029
-0,8157631
0,0985048
-0,4932907
-2,322569
0,2942481
-0,7245675
-0,3438738
4,055333
-1,716557
-1,774302
0,6927704
-0,7674575
0,09827303
0,312384
-0,06427421
-0,7703778
0,6908001
-0,3218232
-1,070766
-0,3501739
-1,794
-1,16641
0,9570189
0,2592561
0,5023173
-0,07152914
-4,399162
-0,8072946
2,30502
-0,3254056
0,4370303
-0,6923774
-2,787792
0,5638168
-0,8442501
0,6283042
0,3952797
-2,517756
0,4226981
-0,5037766
0,7854407
0,5891985
0,3647047
0,4894484
-0,5727025
-0,4844961
0,6365795
-2,904423
0,4624037
2,200025
-0,9778051
0,1011173
-0,4877084
-0,3457296
0,1279739
-1,311176
-0,06560434
-2,225003
1,450825
-0,6269336
-0,811325
3,033299
0,1344063
-0,2036978
0,8741236
0,1486048
-0,1730869
-0,9298447
0,682434
3,510836
0,2899835
-0,1501696
-0,002341586
-0,5120611
0,9373913
-0,4759131
-0,4396597
1,129778
-1,037667
-0,04788418
-1,044667
-0,8348776
-0,03958336
-0,05902794
0,7648165
-1,68258
-0,9824145
0,4382125
-0,1010127
0,2950085
0,1584955
-0,3924968
0,8960808
0,6429538
0,02180958
-1,121275
0,1750071
0,4040377
-1,600297
0,6338422
-0,8472125
-0,009994136
-1,526101
-0,177361
1,362182
-8,03343
-0,004526321
0,4476981
0,2275428
0,2115399
0,1904255
0,07425515
0,1498881
-0,1428167
-0,6995699
-0,6887915
-1,533107
-0,1503033
-0,2648658
-0,003102058
1,61508
1,243649
0,359014
0,7439529
-0,180568
-0,08227888
-0,1911695
-0,8691604
0,1658928
-2,404179
1,559462
-0,7648833
0,6124544
0,2220796
-0,6422547
-0,2376715
-0,07380728
-0,6010709
0,4398776
0,3971603
1,299327
0,1924983
-2,610016
0,3441509
-5,027484
0,4356926
-0,3102749
-0,4945673
1,669529
0,3344212
-0,06151492
-0,565353
0,4252724
-0,4361187
-1,543744
-0,02167943
-1,62919
0,5784065
-1,165201
-3,381276
1,643991
-0,2057799
0,4194266
-4,662976
-0,6019237
-0,7025092
0,4579761
-1,195296
0,1114822
-0,3528349
0,1387405
0,3355601
0,9924627
-0,1486266
0,8360585
1,10046
-0,6281717
-0,5525902
-0,1651997
0,06111277
-1,486506
0,4749004
-0,5188584
-1,641435
-1,260905
0,2852753
-0,4238683
0,9976414
0,1659299
-0,08207062
0,005381206
0,8449233
-0,1096396
0,006431701
0,684028
0,5028196
-2,033124
0,4192228
0,614972
-0,09150328
0,220931
-0,332815
-0,009137967
0,1585658
1,880498
0,1259844
2,005279
0,4354331
1,716782
-2,063551
-0,5843716
0,1816032
0,0651353
0,4052961
-0,1940286
0,2821427
0,04939004
0,7426349
1,11244
-0,6227506
0,2275902
-0,2412674
0,3192755
0,4205098
0,9403265
1,949523
2,434816
-0,05669185
-2,437699
-0,01627313
0,4388794
-0,1340008
0,5769162
0,07133925
0,6607726
1,420671
0,7270362
1,072145
-0,529186
-0,5851888
-0,5546872
0,3040178
-0,6591359
0,2785642
-2,741068
-0,417519
-0,5727528
0,2949339
0,7957322
-1,435345
-0,7642574
-0,04447084
-0,5784653
1,950549
0,2654111
-1,065633
0,3499445
-0,1651246
0,6648176
-0,1111867
-0,4639123
0,1182677
0,7447137
-0,3571372
-0,247908
-0,559867
-0,1110995
-2,544714
-0,3106661
-2,29605
-0,7606374
-0,5760515
0,9662023
-0,1681866
-0,1124369
1,521896
-2,446091
0,196709
0,1885359
0,03030326
-0,2949368
1,495233
-0,6721842
-1,229665
0,06731876
-0,6031892
0,4457625
-1,594407
0,7225533
-1,883597
-0,04211347
0,7848715
0,6110914
-0,01328594
0,8200722
-0,282774
-0,5882121
0,7358245
-0,08441204
0,06750771
0,1296767
0,03061864
1,000276
0,3843003
0,9710123
0,2321458
-0,05157239
-1,495986
0,127741
0,3318998
1,217759
-0,7000405
0,421203
0,6134934
-2,848113
0,001008028
0,3140634
-0,1094858
-1,262938
0,4171012
0,07071665
0,05989801
-0,7512836
-0,3279715
-4,963445
-0,4442621
-1,04093
-0,06496397
-0,8415071
-0,6642451
1,188096
-0,11785
-0,1543163
-0,4684559
-0,3248411
-0,32779
0,4326783
0,7454342
7,677858
5,400506
-0,2096231
0,07884246
0,2967958
-0,6571341
-2,093569
-0,08989073
0,5459544
-0,3202701
-0,0401219
0,2125005
0,2332614
-0,0691624
0,07280604
0,01172949
0,005593759
0,1038407
0,07191626
0,1493382
0,05217275
-0,009356707
-0,01191671
-0,04367638
0,09263887
0,07384442
0,1152386
0,04911239
-0,1231916
-0,2448721
-0,01432742
0,06833319
0,01910621
0,001560344
0,02164485
0,03304597
0,1344044
0,04826252
0,1534783
0,03446741
0,07603875
-0,04950838
0,295716
0,1259404
0,03651856
-0,9601176
0,02739453
0,06701901
0,2533713
-0,3066399
-0,1387618
-0,008138574
0,1155463
0,103776
0,09184546
0,08271842
0,01953497
0,0180214
-0,0175929
-0,05291681
-0,09109984
0,1918907
0,1082385
0,2230547
0,04535396
0,1206721
0,05738165
-0,3471254
-0,02031712
0,005538239
0,02769198
-0,1802741
-0,04689052
-0,1387017
0,04149044
-0,1023124
0,06372011
0,02314264
0,07930925
-0,07190482
0,0684478
0,373632
-0,0867916
0,06911633
0,02279885
0,07615846
0,01567855
0,07072483
0,04607534
-0,1108065
-1,13527
0,09367277
0,01063622
0,09052974
0,01754968
-0,06117271
-0,009708708
-0,2414434
0,01784048
-0,02673706
0,0809895
0,04616939
0,1662515
0,0009683482
-0,08353698
-0,08790658
0,1408098
0,1265492
0,1089914
-0,06040421
0,1417884
0,06596362
0,0997393
-0,06983762
0,1636216
-0,5860339
0,08623115
0,06927133
-0,06367556
0,2788745
-0,09347325
0,07438099
-0,1221963
0,04083008
0,04150059
0,205626
-0,01598663
0,01152277
-0,02252714
0,1564468
-0,01612061
0,1653823
0,1434765
0,250712
-0,1056289
0,06807605
0,01306813
-0,04340163
0,176668
0,1350976
0,159739
0,112178
-0,001106011
0,03213507
0,1169604
0,1454285
0,002769657
0,07209712
0,05489869
-0,01462067
-0,0166772
-0,06590553
0,1597002
-0,02684558
0,09559295
0,1913057
0,1775564
0,001967997
-0,06488995
0,08447953
0,1591733
0,1691454
0,177764
0,01466347
-0,008890121
0,07322329
-0,06843854
0,05635325
-0,01237629
0,001306739
0,03689907
0,1737633
0,02419936
-0,1122252
0,1329759
0,1631888
0,1509252
0,09770643
0,08298206
0,0832959
0,1215901
0,05909524
0,04016457
-0,1096266
0,09619968
0,00362529
0,1179378
0,1958262
0,07086912
0,0721468
0,06195258
0,1036892
0,01988457
0,2085919
0,09055142
-0,04195343
0,1132629
0,04540897
-0,06339884
0,01078858
0,197667
-0,07420405
-0,01846537
-0,04936702
0,03727971
0,1576048
0,1678469
0,01515184
0,08264446
0,03487295
0,08945233
0,1261867
0,1534203
0,004906392
0,09432141
0,002128256
-0,0563725
0,07975256
0,0711974
0,07083504
-0,02273847
0,1388917
-0,01100053
0,118368
-0,05180585
0,04409138
0,0131171
0,02645932
0,001083305
-0,05377873
0,05781005
0,09966531
0,07365817
0,1078099
0,09323794
0,04144822
0,08978216
0,1608857
0,06488793
0,1822595
-0,0003635531
0,007916271
0,1084698
0,141865
0,111405
-0,01930803
-0,1052402
-0,07415264
0,09622154
0,1091088
0,01560569
0,1957187
0,1166478
-0,01253645
0,1029231
-0,09243534
0,05597014
0,05521256
0,07410923
-0,02038825
0,06613745
0,01412057
0,0754725
0,08803559
-0,03501461
-0,001404919
0,205058
-0,03648929
0,0361458
0,110609
0,0598158
-0,04880732
-0,07658391
0,07170516
0,1338079
0,07577204
0,1092507
0,03229031
0,03052927
0,1092349
0,01151723
0,0655669
-0,01748331
0,02291804
0,07722069
0,03760123
0,1674711
0,06441206
-0,02702302
0,05299258
-0,08899909
0,05243019
0,07048106
0,1018729
0,1595272
0,0716689
0,04171863
0,1620734
0,08491868
-0,01508349
0,1016707
0,01300358
0,221696
0,01154158
0,1339769
0,01832823
0,02882309
0,03585155
0,08382077
0,02613882
-0,01518509
0,07881249
0,1577944
0,1550126
0,09459895
0,1433863
0,004332983
-0,04901973
0,1818409
0,05158599
-0,01208939
0,05540181
0,04632465
0,06409568
0,07707836
0,02809786
0,02253827
-0,0693225
0,008971806
0,06284481
-0,04181807
0,04461849
-0,01112288
-0,03654048
0,1783742
0,08691264
-0,05006655
0,045311
0,01032756
-0,005420722
0,1806479
0,01164879
-0,07965583
0,02364122
0,06672742
0,03063362
0,06400663
0,1020026
0,04341389
0,1405379
0,1106372
-0,1139884
-0,07181133
0,2107826
0,120885
0,09489913
0,05961925
-0,09479585
-0,09376164
0,08553711
0,08351829
0,08367044
0,06756734
0,1016479
0,1562003
-0,01724761
0,07983699
0,04146795
-0,01413625
0,1513043
0,04640473
0,03630995
0,1647413
0,01924425
0,1477064
0,1029043
0,0399796
0,09712812
0,0304724
-0,03618849
0,05567429
0,1313116
-0,08972914
0,06058596
0,07004225
0,08467306
0,09612902
0,1399146
0,04093799
-0,0554294
0,06950217
0,02423496
-0,01737824
0,04427871
0,04005435
0,08056805
0,09184432
0,04579533
0,2138838
0,06760024
0,03487014
0,013498
-0,02296572
0,1331158
-0,01868274
0,117319
0,0664279
0,06986646
0,07769299
0,1157454
0,1524535
0,08039974
-0,09473046
0,1179922
0,003665168
0,01952668
-0,05615044
0,1629314
0,08463964
0,06386265
-0,1962003
0,0727384
0,1301269
0,05074761
0,06764343
0,0440446
0,09879891
0,06153749
0,02506045
0,0736503
0,0919746
-0,03850396
-0,0143228
0,02661907
0,161984
-0,0194092
0,0236211
0,12245
0,03831727
-0,04709313
0,1866525
-0,007140719
0,004628517
0,04348369
0,07479823
-0,01151884
0,00797136
0,1019286
0,07139999
0,0035386
0,08258627
0,09701004
0,01874887
0,04298689
-0,01024911
0,09348417
0,1103596
0,1927012
-0,03335404
0,1808421
0,1427561
0,1392902
0,02866131
0,1790818
0,02863009
0,03929387
-0,07855711
0,1407116
0,1243248
-0,03831595
0,1504167
0,1138066
-0,03116792
0,1359051
0,06243665
-0,00972028
0,03551336
0,006306457
0,124885
-0,06626904
-0,107111
0,007779638
0,002760611
0,1567437
0,04541117
0,1072435
0,06126194
0,04936542
0,09784869
0,03052681
0,009866997
-0,03290915
0,1386399
0,06120262
-0,09349535
-0,07667123
0,1047311
0,01995578
-0,00310073
0,1072899
0,1401172
0,02281336
0,03130453
0,1965425
0,04988638
0,03076162
0,08857609
0,1328404
-0,01328738
0,1390445
0,012768
0,1213097
0,1311678
0,105659
0,1671979
0,0893627
-0,08260323
0,0288944
0,1112881
0,03451039
0,2380955
0,09284682
0,1377304
0,2110137
-0,06961571
0,06182115
0,1001347
0,07211156
0,08235855
-0,09478663
0,04814924
-0,03431164
0,1155667
0,006619505
0,1407085
0,1791736
0,1946845
0,08264048
0,07818
0,156346
0,04860552
0,09978474
0,1525169
0,02451846
0,1265392
0,02213069
0,03491011
0,07153333
0,01388177
0,06083607
0,1088197
0,02663472
0,06218355
0,09437842
0,07519941
0,1079684
-0,01872208
-0,03732184
0,1126395
0,1889385
0,1191847
0,003512124
0,1048868
0,004867597
-0,05303744
0,01688025
0,0616153
0,02469655
0,1293229
0,01389785
0,1420735
0,05923111
0,06644081
0,1074667
-0,008993479
0,05910289
0,1538115
0,08581503
0,1617421
-0,04176702
0,0738404
0,09693211
0,008322791
0,1336793
0,05925343
0,0648983
-0,1138867
0,07146203
0,1390538
0,003113431
0,02734861
-0,06262104
-0,09448802
0,03902986
-0,01322603
0,1545591
0,08537726
0,1065404
0,1282514
0,009854175
-0,06333055
0,03935437
-0,01536129
0,2069601
0,04048321
-0,08074158
-0,003019457
0,07200827
-0,06482175
0,2276827
-0,0007901958
0,0928039
0,0255541
0,08022006
0,05270595
0,0508173
0,07751447
0,1081198
0,09942237
0,1679481
0,05615864
0,021811
0,0843724
0,008081507
0,04642951
0,02696425
0,01770227
0,08450577
0,1027147
0,1371366
0,1279781
0,07644635
0,01992451
0,02434082
0,1132167
0,1375194
0,1067913
0,1346515
0,1234737
0,01100037
0,08321238
0,0264291
0,1638341
-0,005755682
0,02659121
-0,05073171
0,1162511
0,08660715
-0,01412513
0,01830976
-0,02424132
0,1316497
0,1756358
0,160266
0,06828626
-0,04197262
-0,007853023
0,1613127
-0,005495715
0,07401136
0,02829536
0,2182237
0,06778254
0,07962077
0,06424543
0,1235706
-0,03274596
-0,0356676
-0,06324267
0,04537283
0,1045961
0,1848139
0,05703558
-0,04375068
0,1115667
0,02657529
0,004545656
0,03365103
0,03368905
-0,03154672
0,03041082
0,1152522
0,1596777
0,1984152
0,09796084
0,09319685
0,1047693
0,08037452
0,01022455
0,004935846
0,02725649
0,1085803
0,11602
0,08904742
0,06480668
0,1389897
0,1340137
0,109819
0,01318639
0,1152351
0,01206004
0,04719302
0,05456108
0,2052333
0,02985379
0,0806927
-0,05950717
0,1468872
0,01551584
-0,001863715
-0,05069338
0,02286054
0,1861474
-0,07217896
0,1180136
-0,01501141
0,03946227
0,07056452
0,01162486
0,01248595
-0,06613015
0,08877507
0,03626833
-0,04472708
0,1403784
0,1134986
0,01006936
0,0135579
0,01337713
0,100294
0,1519703
0,06419665
0,01462369
0,109535
0,0908369
-0,009804077
-0,06851607
0,01130387
0,05031883
0,09946958
0,1417065
0,01345421
-0,05961339
0,04895712
0,02845162
0,05856197
0,0162183
0,09313937
-0,01841372
0,06277666
0,07316588
-0,02787288
0,1412756
0,1310293
0,07647715
0,2017921
0,03001826
-0,009607359
0,06188401
0,07889126
-0,09131016
0,08014327
0,08768767
0,04519079
0,2636633
0,1638631
0,09035981
0,05530616
0,1010199
0,1339291
0,1212364
0,1194986
0,04583863
0,08680178
0,03787381
-0,02958584
0,02725119
0,05027161
0,1540879
-0,02123002
0,04015675
0,1275219
0,0316481
0,09698799
0,02080078
0,01336171
0,07991036
-0,01779395
0,03916121
0,005651522
0,0913237
0,012945
-0,01597876
0,2156153
0,009799732
-0,04910388
0,1342718
0,1055287
0,006978857
0,0721867
0,07635669
-0,01538324
0,05865782
-0,08279626
0,01962165
0,1011986
0,03604497
0,04881614
-0,02394044
-0,1086679
0,04095938
0,04313378
0,03138909
0,06026445
0,03954284
0,09660174
0,05937171
0,1649931
0,1368297
0,1170487
0,06677485
0,05128779
-0,02775807
0,09106484
0,02526375
0,01451327
0,03546019
0,09555298
0,1491694
0,01574567
0,02294328
0,029478
0,04566142
0,05440509
0,03390544
-0,08720285
0,07607292
0,1300207
0,02056195
0,1192455
0,05608207
0,03806868
0,07517555
0,1066032
0,08212288
0,09218087
0,08065931
0,1056997
0,01993017
0,09152338
-0,007922446
-0,02575172
0,1598815
0,1150429
0,02374123
0,0692848
-0,0127013
0,044091
0,1552831
0,1470483
0,0370421
-0,08947069
0,1890152
0,04983228
0,1993791
0,04181645
0,05429554
-0,03117327
0,06019299
0,1217446
0,2477001
0,07279283
0,1146708
0,09590672
-0,07552422
0,1110759
0,06486022
0,04902102
0,03614489
-0,05925285
0,0915736
0,08922368
0,08722157
0,1786765
0,1140098
0,1103683
0,08969796
0,02236711
0,1397826
0,2013538
0,1422994
0,1404486
0,02277924
0,1757139
0,0649443
0,09485314
0,04156622
0,06339493
0,03762208
0,0733312
0,05822365
0,1410186
-0,132999
0,06451162
0,1003835
0,07432544
0,2202176
0,0002854234
0,05001231
0,1409304
0,02754259
0,1268566
-0,01817578
0,2126123
0,04262736
0,1671478
0,05638138
0,192789
0,1589423
-0,05878935
-0,01923692
0,06849003
0,02129178
0,02186439
-0,01915351
0,1076713
0,03210448
-0,01609346
0,03701229
0,03293552
0,07312197
0,08107539
0,06809758
0,05383151
-0,0110787
-0,04174214
-0,0574739
0,006692515
0,008984419
0,1182545
0,07954422
0,08540457
0,05985045
0,1335128
0,05758425
-0,009327228
0,004000115
-0,01762104
0,02821007
0,07597259
0,1175719
0,1496206
-0,03352905
0,04310416
-0,03260102
-0,008328966
0,1140865
0,1343445
0,08471949
0,07083824
0,1046848
0,1108326
0,01130843
0,05758129
0,2021634
0,1161356
0,1041715
0,07681463
0,01839623
0,08287237
0,07722139
0,1200679
0,1097494
0,2005105
-0,001327972
0,08932371
0,03508778
0,1085093
0,1930708
0,02002794
0,1045565
0,2455272
0,10153
0,06110814
0,01881412
-0,0708878
0,1489873
0,02437425
0,142893
0,001491743
0,1308974
-0,03094338
0,1451978
0,1459665
-0,001595461
0,0669721
-0,06397916
0,09991135
-0,0460364
0,06954131
0,1953369
0,09800403
0,1384285
0,1691713
-0,0245263
0,09392273
0,02011422
0,07541487
0,07432291
0,0006565126
