-0,4965573
0,2743751
-1,172906
-0,308553
0,2939253
-0,4022313
-2,115099
0,8364794
-1,155901
0,4232707
0,5243683
-0,08212146
-2,184839
0,4960061
-0,1253475
-0,458108
0,8455805
1,214984
-1,022771
0,1002193
-0,05579866
-1,604471
0,2527704
-1,961635
-0,3667828
1,045675
-1,770208
1,238357
-1,093479
1,121432
-4,625174
0,08692658
-0,009528205
0,06261519
-3,030752
-0,973659
1,287126
1,428504
-0,1825203
-1,264586
-2,511477
-1,346478
0,9352831
-1,293421
1,222371
0,07610734
-1,025366
-0,3919101
2,205244
-0,432895
-0,03254355
0,8402445
-0,3214974
1,012595
-0,449078
-0,4036341
0,0189539
1,160863
-0,2532433
0,445757
1,147981
-6,811756
-2,185766
-0,410617
0,3038927
0,5071114
-0,03999795
-0,4566184
-0,1612035
0,7085477
-1,535175
-0,6646788
-0,06755359
0,978477
-1,46713
-0,435095
-2,31937
-0,9555292
-0,6663944
0,1905214
0,5566492
0,4262298
-3,161533
-2,587415
1,178002
-0,01809789
-0,3131388
-0,2499146
0,09951796
-0,4456238
-0,4418395
-0,466426
0,4387665
-0,3888246
-0,4714379
5,797471
-0,1661485
1,450537
-0,1518284
1,083349
-0,2960773
0,7318075
0,01422119
5,270682
-0,0168565
-1,077708
0,3250684
-0,241996
-0,4762692
1,505575
-0,6901248
-0,6476054
0,8209435
-0,2660542
-0,09538419
-4,099343
0,01615317
-0,5928364
0,8493909
-0,5038862
0,7324359
-0,394373
0,5296099
0,5457573
-0,2247023
-0,7615587
-1,205724
-1,771174
0,5562521
-0,3404965
-0,7686258
0,3299667
0,5004685
0,3931555
0,853425
-0,3324349
-0,1443309
-4,019678
0,3267938
0,4539612
1,486968
0,6693105
-4,813941
-0,5375624
0,3008306
-0,6680657
-0,6922541
-0,4935491
-0,3802223
-0,5383931
-0,721563
-0,07103764
-1,047832
0,4996141
0,3585435
-0,3510564
1,389483
-2,218661
-0,08732911
-1,896724
0,09084404
-0,397068
-0,441678
0,3935434
1,002788
-0,3002018
0,2042327
-0,1789733
-0,1356389
-2,061949
-0,1533598
1,920225
1,938178
-0,8566422
1,937804
0,637261
0,07373378
0,04511692
0,6927312
-1,067492
0,267955
0,8269904
-1,105639
0,1252752
-1,080854
0,1449711
0,8031156
0,01116381
-0,5185621
0,8858243
0,7194237
-0,9138362
0,4410811
-0,5721179
-1,613615
0,2163421
-0,6398708
0,6510445
-1,009121
0,106138
0,2198696
-0,04359249
0,5004357
0,2311691
-0,1817341
0,1023543
-0,5448712
1,894032
-0,4033942
0,9486178
3,219451
-0,4075757
-0,4685161
-1,657355
-0,3142418
0,01263398
0,9594271
-0,6366115
-3,701674
1,285307
-0,6459696
0,08225733
-1,39439
-0,3125024
-0,6982635
0,3265843
-0,04767329
-0,6238477
1,32919
0,01360186
-0,02302318
0,5415122
-0,5624579
-0,08641525
0,3063281
-7,13264
0,5264435
0,4296347
0,2574855
-0,4452313
-0,07413407
-2,69725
-0,935659
-0,2259836
1,214777
-0,1824821
-0,9666457
-0,7659333
0,5880671
-0,09305304
0,6131625
-1,57723
0,4665397
-0,3619075
2,07246
-3,405949
-0,5002516
-0,8821192
0,1530609
-1,157639
0,07004525
0,498089
0,09254418
0,06362044
-0,4120814
0,1280609
-0,2708976
-0,4250996
0,153461
-0,3964953
-0,1535835
-0,6840737
0,006433095
-0,06693944
-1,429569
0,225779
0,09996484
-1,940288
1,165728
0,6348327
0,3756455
-2,11312
-0,8741049
-0,5231792
0,8190208
0,1922828
1,154963
-1,891009
0,7455406
0,09262827
-3,389729
-0,2712457
-1,091674
2,38923
-0,6799383
-0,3917871
-0,2085414
-0,9178337
-1,051647
-0,5493554
0,9241498
0,7066303
-0,7852104
-1,832109
0,09203122
-0,2828654
1,226959
1,92996
-0,5270853
-0,6827624
-1,11344
-0,7841918
0,2135366
1,379153
-0,1526703
0,05495233
0,7646549
0,9237689
-0,3531478
0,1842673
0,4193863
6,478805
0,8562174
-0,08670098
0,8526071
-0,5837276
-1,878877
-0,4502963
-0,05842495
-0,3786228
-1,362076
1,186484
-0,09791664
-4,30261
0,5507119
-5,635738
0,3186489
0,0551753
-0,2203184
1,404002
-2,219489
0,9985591
-0,7008238
2,192672
-0,2006735
1,158812
1,389505
1,212746
-2,284303
-0,6239491
0,1971146
1,627061
0,01874362
1,119143
0,0814566
-0,4992988
0,3959441
-2,305952
0,6166869
0,2211668
0,998104
0,6253245
-0,2615987
-2,455305
-1,353791
1,072996
0,2104228
2,094853
-0,2502155
-1,375751
-0,7740242
1,319792
-0,7690436
-0,07303394
2,307845
-0,3165884
-0,1044113
-0,2415671
-0,7582512
-0,4022233
1,191592
0,6677898
3,943389
-1,831986
-1,64096
0,03188866
1,812553
0,03032178
-5,224121
0,4997471
1,04573
-0,6754858
0,8565134
0,3414688
0,4839587
-0,3374378
-0,3333913
0,03581766
-1,445469
-0,09090658
0,1708767
-0,6253575
-0,7760751
0,3424807
0,7202308
0,6340675
-0,9751056
-0,538793
-1,197106
-0,2551186
0,2009967
0,2469369
0,00525467
-2,826071
1,851195
0,1307371
1,693065
0,5503519
1,051706
0,8898586
-0,4076275
-0,8886526
3,752572
-0,1751803
0,2462123
5,541123
-1,654663
-0,1882661
0,06677917
-0,357348
0,01064218
-0,3537127
1,043544
0,5305703
-0,4123283
-0,7876976
-1,448504
-0,1012365
-2,394271
0,5164444
0,3536729
0,1563524
0,2809198
-0,4577162
-0,2352397
-1,091422
-0,1141413
-0,7433887
-1,110465
-0,6953869
0,004710898
0,3362392
-0,06594932
-0,936419
-0,1468801
1,034184
-1,54897
0,3337863
-0,1978177
-0,909012
0,5490041
-0,01749959
1,14751
-0,03018401
1,7937
-0,1950354
-1,404444
-0,5801578
0,1843807
0,9014678
-1,160643
0,8924036
-1,091198
0,1475851
-0,2495138
0,6944756
0,3041104
-2,522316
0,6659917
0,6250538
0,4098637
-0,691882
0,6059061
-0,5289189
-0,01736197
-0,227559
0,300593
0,8888075
-0,1989792
-0,2229629
0,5024072
-0,1086238
0,5825671
0,610895
0,5455276
-1,639321
-0,5333152
0,3610671
-1,048945
-0,04940214
0,03054683
-0,7672687
0,5169988
0,04186818
0,1769315
-0,1226015
0,3539439
0,009421067
0,3505754
0,3414313
-0,3824775
0,1867379
0,2025906
-0,7810621
0,04291297
-0,03786059
1,223057
-0,2093492
0,02996526
0,004126759
-1,577229
-3,445529
-0,1997864
-1,159053
-0,2850221
0,1805479
-0,9229989
-0,6101592
-1,822147
2,25412
0,4045266
0,1359173
0,5055733
-0,01632559
0,1812464
0,03368175
0,3534395
-0,333924
-0,896955
0,2394513
1,18141
-0,1409529
-0,9463549
1,346191
-0,8893821
-0,3908796
0,4252484
-0,5406577
0,2969466
0,2812141
0,312376
-0,8628708
0,5185568
-0,8724338
0,5049137
0,09540841
0,1534766
0,200577
-0,483629
0,6825384
1,700766
-0,4502042
1,245257
1,357996
-1,513289
0,04329092
0,01506149
0,02064606
-0,5834825
0,2465803
-0,4437872
-1,051234
-0,3544902
-0,7519745
-0,6551186
-0,944268
-0,2439874
0,1290778
-0,231303
-0,2523327
2,03448
-0,03808957
0,01537302
0,7602111
0,2663578
0,8158366
-0,9361383
0,7066661
-1,346434
0,2166795
0,09061252
0,6495222
-0,1429719
-0,6461709
-0,1062787
0,1266227
0,2069178
-0,289968
-1,59365
-2,712713
2,229834
-0,8748798
-0,561242
-0,8639267
0,1659375
0,205999
-0,7611502
0,08673999
0,007440736
0,7019849
-1,339511
-1,8701
0,381022
0,5604673
-1,750029
-0,4730477
0,746355
-1,205091
-0,05878568
-0,1367518
-0,1872713
0,07449304
0,5200517
-0,5076368
-0,08994591
1,681226
-1,329485
0,2619325
0,1805808
-0,5793317
-0,56361
0,4600118
-1,342573
7,811446
3,867367
-0,05476127
0,4440905
0,8425759
0,3394606
-3,988127
0,0321351
-0,9819657
2,197423
0,3141135
-0,3953986
1,389647
0,7227615
1,266513
2,017918
-4,842362
-0,2027518
0,2316177
-1,07357
-0,3546235
-2,851975
-2,286406
-1,20187
0,01098151
-0,3054655
-0,6268403
-0,01090269
1,103586
0,178819
-0,166111
-0,4336044
0,6102337
0,9190051
0,09947719
0,2885762
1,30074
1,211198
-0,5893245
0,2339867
-0,3664153
-4,005413
-0,4495705
0,2932398
0,8634611
-1,364766
-0,2923625
-1,294136
1,805774
-3,748056
-0,131943
-0,7040654
-2,02213
0,03620229
-1,311058
1,433808
0,4345147
6,294087
-0,03341287
-0,004128337
-0,2196623
0,3646673
0,06957
0,8687434
0,8057619
2,107835
1,508477
-1,136916
0,4999086
-1,779657
-0,7064306
1,802353
0,3217147
-0,5881406
0,7593061
0,3950281
-1,216048
-0,02158433
-1,553981
-0,1807896
1,60628
-0,09280851
0,7518283
1,019816
0,4321533
-0,8099768
-0,9576246
1,449286
-0,1879723
5,073023
0,2006703
-5,810017
4,63569
-1,271011
0,457699
1,627221
1,145747
0,2119831
0,3452615
-0,26927
0,6459218
0,9678894
-1,044785
0,7940132
0,8785934
1,876507
0,7528552
0,06471255
-0,3265444
-0,371132
0,02738139
-0,2343488
1,954113
-0,9850956
0,2399611
0,2352326
-0,4300142
1,827676
0,1738755
0,3114274
3,049662
-1,637051
-3,356923
-0,3404881
0,2631182
-0,0854649
-0,03653102
-0,1175002
-0,8034829
0,1934622
3,498966
-0,7654049
0,340504
-9,336327
-1,434605
1,187952
-0,9104391
1,366334
0,003603166
-0,169267
0,8800019
0,4210303
-0,7199643
0,5100837
-1,030482
-1,073807
-0,4195474
-0,5676128
0,4526043
-0,09802195
1,186362
0,4690486
0,03504076
0,1111749
0,1950592
-0,04724163
-1,094666
-0,3020459
0,195769
-0,05418109
0,7356614
1,331504
0,6665307
-0,08001456
0,841552
0,09092553
0,3293912
0,2134302
-0,134442
-0,1450772
-0,4563345
-0,6262497
0,1752679
-4,964488
1,688766
0,03560413
3,170249
-0,1951064
0,7144195
0,5881966
-0,6466605
-0,3445846
0,5990105
0,2519456
-0,476121
-1,292747
0,4587951
0,3962767
0,2636053
0,5996436
-0,989698
1,226404
0,6670532
-0,2535367
-0,3010373
0,8465608
-0,5906548
0,4032319
0,4084917
-0,2682452
-3,351346
-2,64987
0,6741725
0,1754648
0,4866694
-0,7279688
-0,3877279
0,04432687
0,3076302
0,5763848
0,03564329
-0,3530803
-1,121539
-1,006619
-0,01505578
-1,903675
0,5829311
-0,5058969
0,4983138
-0,01940364
-0,2504455
0,6494004
0,07385994
0,01853542
0,768048
-0,08504016
0,4432543
0,1838305
-1,088914
0,4536346
-0,445364
1,05889
0,8822557
-3,229134
0,8532294
-0,303567
-0,1910942
1,046445
0,1907915
-2,2087
-0,6567124
0,0842435
-0,0849755
-0,2704316
1,582839
0,2449466
0,1354372
0,07453471
0,7004312
-0,6402303
1,394513
0,04821974
-0,3078859
0,6672427
1,854148
-1,533855
-0,2679262
1,333666
-0,08713315
-0,3303904
-0,7516804
-2,949581
-1,019861
-0,03231102
-0,9902512
-1,131567
-0,1700077
0,7654168
-0,3126878
-0,1153636
-6,943518
-0,02772507
-0,4087974
0,5700361
-0,9707409
0,5794831
-0,4444077
0,4432837
0,3442839
-0,6057151
-0,2518511
1,069207
0,1762321
-0,2829473
-0,08813036
-0,2620692
0,2912588
0,2863892
0,9859376
0,1148565
0,362804
-0,5211267
0,4018411
0,1427929
0,5491723
-0,02226333
0,04197278
-0,1656911
-0,2647701
-0,1010614
0,01235978
-0,2725905
0,1781986
0,5637189
2,417632
0,2310962
0,9268609
-0,1190366
1,316705
-0,3119835
2,755912
0,3123056
0,3233247
0,5442812
-0,2205823
2,270588
0,1025858
-0,1159405
0,09267358
0,01685303
-0,56543
-1,146918
2,127068
-0,1797803
1,449748
0,2405053
0,4505521
-2,611763
-1,014247
1,388327
0,3662735
1,115314
-0,1643151
-0,1742913
-1,02507
1,679843
0,1811744
-1,107842
0,4712318
2,372421
-0,1554126
-0,08114921
-0,4433698
0,2280932
0,477388
0,8070412
-1,217521
0,04875631
0,1592304
0,3477311
-0,946417
0,004015297
0,080632
-0,254894
-0,2598365
1,253706
-0,2177903
0,3952337
0,4323441
1,537622
-0,1341186
-0,3709507
-0,006723223
0,6511637
0,202222
-1,301599
0,8402694
-0,2208013
0,1059591
0,1222953
-0,002274711
0,04074473
0,0585148
-0,04858675
-0,0229375
0,03998425
0,02787992
0,1221615
0,1194675
0,0587876
-0,0965322
0,04220266
-0,06727552
-0,1303006
0,2148673
-0,005433728
-0,05332381
-0,03823827
-0,03898471
-0,05641488
0,02853616
-0,08490422
-0,04731108
0,1864482
0,09648027
0,09899607
-0,0144956
0,06579102
-0,01388521
0,03635354
-0,03068025
0,01487477
-0,178148
-0,137213
-0,0261275
0,1591499
-0,08892381
-0,03607228
0,1492721
0,02384254
0,06953765
-0,0223321
0,02745605
0,02357452
0,01098077
0,01583364
0,12934
0,1419603
0,1329356
0,1098669
0,06154668
0,03638205
0,1993348
-0,0240199
-0,1034024
-0,09784563
0,0201512
0,06525561
0,1321579
0,0414395
0,02921443
0,05176822
0,05843922
0,04202054
0,0914681
-0,04900484
-0,08858602
-0,09115926
0,3935184
0,12293
0,2168526
-0,01488537
-0,1361282
-0,04192724
0,04317651
0,01222785
0,03684058
-0,2652551
0,05610723
0,05563594
-0,03221931
-0,05658071
0,0106636
0,03468079
-0,1587152
0,002294345
0,1708002
0,1049209
-0,069782
0,02627877
0,02502259
0,01448197
0,1810149
0,1521271
0,09680846
0,1653935
-0,2801289
0,01458085
-0,02594624
0,07973457
0,07432522
-0,009434491
0,1142824
-0,01603988
0,1066771
0,06007365
-0,2172168
0,1285006
0,1220636
-0,05174376
-0,09212752
0,08689014
0,1490997
0,2095596
0,07755252
0,06889433
0,07202567
0,068616
-0,03526764
0,1081978
0,04000064
-0,05583284
0,1302193
0,1336368
-0,1035232
-0,08047418
0,09318397
-0,009058243
0,001100361
0,08507021
0,008917014
0,007051141
0,119672
0,07263765
0,1046619
0,04845719
-0,02633417
-0,09962888
-0,03111353
0,1119345
0,03074958
0,07102475
0,1066142
-0,0654523
0,07597303
-0,01370811
0,08864339
0,06284893
-0,00368181
0,02177137
0,0587787
0,1105585
0,0345941
0,1286998
0,07569365
0,1701897
0,05452864
0,06784532
0,04518801
0,01369912
0,1085892
0,05462895
0,0908987
0,1147368
0,03742588
0,05194869
-0,02242249
0,1249218
0,07699477
0,005543551
0,1027361
0,1813206
0,04311408
0,0945764
-0,02904105
0,05542747
-0,03807561
-0,09942642
-0,08744311
0,04851298
-0,04276862
0,01286736
-0,007803387
-0,06499506
0,1640124
-0,006040317
0,129822
0,03462226
0,05627978
-0,00737464
0,04656989
0,04445647
-0,004732724
0,0444722
0,1020943
-0,06124577
0,06313554
0,03439144
-0,0633373
0,07484099
0,01835909
-0,01252738
0,06435391
0,06139145
0,1678435
-0,04491806
0,01181299
-0,002636968
0,08925141
0,0003251871
0,08031321
0,06532133
0,1468896
0,07182426
0,1083746
-0,004949496
0,1407824
0,07966592
-0,0219163
0,0578973
-0,006814282
0,1852698
0,03454649
0,1186007
0,04155207
0,1087045
0,1199901
0,021957
0,03043947
-0,03247903
0,02631173
0,08149128
0,04904698
0,07765035
0,1155326
-0,159327
0,04032735
-0,01212606
0,07186922
-0,01570229
0,1673943
-0,0168129
0,1182193
0,08994901
0,02135715
0,05761439
0,1675412
-0,03853295
-0,06209572
0,0802501
0,07638206
0,07102528
0,06038973
-0,01052948
0,1860321
-0,005351475
0,05403513
0,119405
0,02857499
0,05797905
0,1310679
0,01700924
0,06150713
0,03171363
0,1141723
0,008353442
-0,009344901
0,06825184
0,1584936
-0,1506328
-0,02106242
0,08121016
0,03158316
0,04427253
0,08938102
-0,03057557
0,01336827
-0,002126234
0,1004216
0,03033852
0,0948262
-0,07621745
0,03126276
0,127546
0,02701331
0,05087379
0,02711371
-0,01910831
-0,02595186
0,07311085
0,1199044
0,01405513
0,08924631
0,1448718
0,07682426
0,01728654
0,07621609
0,08297747
0,00494912
-0,01488698
0,02424562
0,05588581
0,1109424
-0,04096508
0,01654867
0,06585813
0,01074825
0,1048924
0,1095239
0,03129032
-0,03046886
-0,08106298
0,07362606
0,03230778
0,01746183
0,04717036
0,09693096
0,09991742
0,03351208
0,03887073
0,01087729
0,04304695
0,08263699
0,07979783
-0,04769859
0,1710509
0,08933494
-0,1021112
0,02483769
0,006229016
0,1071644
0,05075884
0,04967608
0,07834411
0,02672468
0,05066549
0,1923706
-0,02626843
0,05936553
0,1625334
0,1049655
0,05439048
0,03701952
0,03380419
0,1179438
0,09632987
0,1302884
0,02132834
0,07903076
-0,02186846
-0,05524692
0,05849714
0,1516887
0,1674137
0,0607448
0,09945831
-0,05986613
0,07657245
-0,09770061
0,04219835
-0,105677
0,03553831
0,0772845
-0,02160582
0,09383565
0,03718317
0,1112877
0,04894985
-0,04182427
0,1185843
0,05340052
0,06839237
0,01832819
0,04300619
0,04825047
0,2461285
-0,01688627
0,2246104
0,04112144
0,03510638
0,1612225
0,05940225
0,02981664
-0,02318312
0,04462996
0,02440444
-0,06681498
0,07111626
0,1079898
0,141603
-0,02562983
0,08041788
0,09563986
0,06436146
0,08138003
-0,03362885
0,08553041
0,1145382
0,06561297
0,1222805
0,1317148
0,01601389
0,05193454
0,04637244
0,1086722
0,07922318
-0,004207111
-0,05400386
0,01339443
0,03070343
0,2218936
0,09319677
0,05637583
0,1463778
0,1038481
0,2061363
0,007885007
-0,0647941
0,07915012
0,07157181
0,009579301
0,07135195
0,003547384
0,1145844
0,05429443
-0,07351387
0,04261499
-0,0532042
0,03306312
0,09336428
0,05006801
0,03585472
-0,02363585
-0,03232995
0,01431902
-0,02056381
-0,07543776
0,2222644
0,1028214
0,06032044
0,1674433
0,06486724
0,0592909
0,1656528
0,08631299
0,1151278
0,1419117
0,03326532
0,0324049
0,07853041
0,1776805
0,02358959
-0,06617065
0,03893561
0,006656287
0,04525323
0,0708722
0,1290346
0,07642639
0,1307472
0,0336572
0,02277498
0,08630606
0,05303978
-0,02523198
0,1372869
0,09567854
0,03477515
0,1291089
0,173575
-0,01240317
0,01388224
0,007640824
0,09639092
0,008568572
0,0643314
0,01929291
0,005747755
0,1064337
0,04567941
-0,01728767
0,1107689
0,1760127
0,09627319
0,105113
0,01969016
0,01235134
0,02969605
-0,01784896
0,09741664
0,02186778
0,04989081
0,04364027
0,05292853
-0,01377232
0,07961135
0,08649653
0,1432382
0,02765351
0,1062943
0,05123992
0,05225548
0,1063185
0,05390465
0,1181338
0,08267377
-0,0528242
0,01012342
-0,0140563
0,1092269
-0,03542187
0,1406183
0,1123198
0,004219384
0,08867547
0,07427255
-0,04744006
0,04954661
-0,1541384
0,02947018
0,1011168
0,03968774
0,01699266
-0,1238182
0,07236166
0,08377891
0,05761065
-0,07644981
0,108832
0,1975587
0,1676888
0,02848989
0,09974796
0,006149515
0,003640504
0,1007689
-0,02628382
0,04544498
0,02872772
0,05655451
-0,06059003
0,0255884
0,08957001
0,04475997
0,1450774
0,07157933
0,2047699
0,1069488
-0,08459792
0,09978537
-0,02258393
0,01197028
0,037926
0,06873027
0,02791724
0,08917442
-0,05497423
0,1043963
0,06868234
0,1347726
0,1942787
0,1496814
0,01099743
0,1220002
0,05570446
-0,03988491
0,2154804
0,03476916
0,1435341
-0,02495316
0,03438045
0,03900547
0,05827544
0,07646111
0,09452724
0,106036
0,04393633
0,09435198
0,1069063
0,010785
0,1391495
-0,03682839
0,01093329
0,00185798
-0,1273501
0,02696451
0,05398136
0,1144621
-0,07168909
0,05956042
0,01490941
0,1343657
0,1450455
-0,05914743
0,1139421
0,04182816
0,02258019
0,07187487
0,01172663
0,1213541
0,1335671
0,05446557
-0,00674115
0,2154915
0,100075
0,09495177
0,1267636
0,008576936
0,1332158
0,07063097
0,01003356
0,0489978
0,0003057378
0,09637292
-0,0958213
0,1104937
0,09928489
-0,06242655
0,09839342
0,03687703
-0,02484629
0,09414101
-0,135506
-0,08410916
-0,05294527
-0,01846709
-0,02837171
0,04421773
-0,05132204
-0,0234354
-0,1041117
-0,05731398
0,08348356
0,04961991
0,04782286
0,05363507
0,07701718
-0,03632434
0,07545921
0,1954864
-0,008675114
0,07884298
0,1146371
-0,1183732
0,0708588
0,03093902
-0,0145882
0,02094144
0,1940654
0,07031403
0,1782431
0,07819178
0,07967465
-0,02244065
-0,03409911
0,2028251
0,0574826
0,08656608
0,09168039
0,1523131
0,02190951
0,07620747
0,02858047
0,03852848
-0,02418538
0,08944714
0,07138161
-0,02412477
0,1090993
0,06138072
0,1560142
0,1215313
0,1111483
0,102064
0,2074941
0,08526119
0,06128276
0,1242085
0,08989912
-0,01548291
0,08734778
0,05549329
0,1340518
0,1256186
0,07297393
0,02905373
0,123478
0,1603466
0,06141843
-0,007734373
0,06019769
-0,04504636
-0,06742076
0,01815034
0,1068532
-0,02721202
0,1811173
0,09232467
0,1664759
0,03677351
0,02293267
0,01564577
0,2076836
0,07080955
0,1327664
0,0533238
0,06283172
0,09974903
-0,0006157551
0,1167658
0,1335538
-0,02711955
0,1323006
-0,01107266
0,1476621
0,1227333
0,05034104
0,06832547
-0,02965396
0,02951142
-0,09417362
0,02393152
-0,04120241
0,0412486
-0,03843333
0,08148269
0,05004966
0,1280942
0,1888193
0,08537953
0,07329168
0,2071966
0,02870946
0,01922764
0,06624606
0,1268205
0,08818225
0,06648774
0,08698304
0,04813977
0,0871321
0,05510163
-0,04514584
-0,07412955
0,08415817
0,1164404
0,02851779
0,0821486
0,0581733
0,1477463
0,04107836
0,04829225
0,1062836
0,01444235
0,08511888
0,03055487
0,27316
0,143042
0,06396636
-0,04506844
0,1233858
0,1721105
0,168325
0,133988
0,03122272
0,005101834
0,1718073
0,2062965
0,1276293
0,1393006
0,08648215
0,08619361
0,2047167
0,08946875
0,0353477
-0,07371397
0,1650118
0,1271521
0,07050502
0,05697898
-0,0308999
0,1060807
0,0332304
0,02380418
0,05520536
0,008272998
-0,0679827
0,02822763
0,09798793
-0,01031197
0,1435089
0,03238638
-0,0555985
-0,002184729
0,03566373
0,04005614
-0,03493338
0,0001263331
0,1036406
0,07769053
0,01300176
0,05334296
-0,07338643
0,02772993
-0,06559341
-0,03222182
-0,02739858
0,07349373
-0,013332
0,06396215
0,1334805
0,1504868
0,1530951
0,0774104
0,123486
-0,03403695
0,203477
0,1659643
0,0449791
-0,03016716
0,06832467
-0,02204059
-0,04260416
0,06883679
0,1025916
0,04977785
0,05020197
0,0675265
-0,01367382
-0,04531153
-0,01483996
-0,006177422
0,1491819
0,1520916
0,0969289
0,145206
0,01316657
0,08598008
0,08239251
0,06342691
0,0587326
0,05749834
-0,05385291
0,08360276
-0,008675651
0,1505538
-0,01561131
-0,09562873
0,05271972
-0,04728517
0,01640842
0,1040437
0,1230879
0,04247323
0,1079508
-0,04233576
-0,1462596
0,101727
-0,03115749
-0,1002082
0,03595931
0,07899117
0,03858852
0,0557665
-0,01932531
0,01966992
0,01103801
0,1485837
0,107807
0,03328837
0,1691377
0,0516671
0,1470116
0,08371983
0,09431379
-0,02203573
0,06082378
-0,04190812
0,1515857
0,01545084
0,02176104
-0,0340412
0,04206243
0,07382334
0,1263209
-0,01662405
-0,04839075
0,1523254
0,05191539
0,0420608
0,05942202
0,1207786
0,05843788
0,1184923
0,1430437
0,04860422
-0,01971333
0,02671438
0,01660693
-0,06325729
0,1136918
-0,02958457
0,1040142
0,03035581
-0,01307858
0,0922117
0,01104133
0,1307793
0,06057681
0,1579702
0,09883286
0,0865318
0,1023225
-0,06070385
0,1459476
-0,04395223
0,1326569
0,01805552
0,103164
0,08594135
0,1128887
0,09013277
0,1136135
0,003087601
0,1212586
0,1047957
0,06564142
-0,04000321
0,07204853
0,09204655
0,08790113
-0,04808329
0,0412189
0,05205806
0,01677686
0,008753151
-0,01164041
0,03164822
0,06914598
0,1447662
0,07836784
0,103547
0,0698598
0,1848108
0,04476542
0,09424561
0,06584477
0,1314339
-0,0251627
0,06413526
-0,009989166
0,0001043599
-0,07096007
0,06756451
0,08319494
0,1480884
0,05865817
0,05626896
-0,01719125
0,1157174
0,04144162
0,1005482
-0,03000978
0,1109336
0,1420844
0,09231699
-0,0232791
0,01955893
0,1008267
0,0337569
0,008577985
-0,03483294
0,1313852
0,02265164
0,1178398
0,06838979
0,06369359
0,07551651
0,05855252
0,08407839
0,0888141
0,120211
-0,04590715
-0,02340235
0,06762559
-0,009697339
0,03558121
0,03958471
0,04533277
0,0822922
0,103305
0,08170787
0,06257802
0,1244224
0,05199191
0,09000376
-0,0003435697
