-2,035285
-0,5390232
-0,5629879
0,3203189
0,4279562
0,39689
0,04293647
-1,18724
0,03742477
0,6978728
1,242436
-0,956638
0,2491991
-0,8458835
-0,04430586
-0,3999561
-0,1226435
0,5320961
-0,6928489
-2,255742
0,5498595
-0,5238659
-0,2477083
0,1962935
-0,453246
0,2168051
-0,1888468
-0,3847699
0,70421
0,06036115
0,2179973
0,6700649
0,7743281
0,05096975
-0,1016539
-2,79332
-0,1572657
-0,6751729
-0,9959702
0,2115126
-0,1054549
0,07646385
1,727159
1,333039
-0,6732897
-2,020044
0,2030168
1,872374
0,9563358
-0,1585008
-0,07110734
-1,05249
2,050476
0,6931425
-5,285462
-0,4979949
-0,6410358
-1,50577
-2,195851
0,3340207
-0,7044774
-0,176624
-2,03533
-0,1995085
-0,2859221
0,8065596
-0,6675489
-0,5577937
-0,8583332
-0,3026404
-1,232895
-0,5701897
-0,7936198
-0,08439364
0,03628582
1,328325
0,2440945
0,9006519
0,3078021
1,591284
0,8288649
-0,3807334
-0,09618229
-0,02958705
-1,253522
0,05823814
0,6503015
-0,4860817
-0,2357935
-0,3618743
-0,3009389
-0,01337343
0,08347883
0,0893792
-1,273661
-0,0350347
-1,514065
0,4351811
0,0639318
-0,9922884
-0,03909011
1,435067
0,4738033
0,09347744
0,1537277
-1,061725
-0,1428893
2,493103
0,1591434
0,5721007
0,1113525
0,3993879
0,890911
-1,394084
0,6559561
-0,212792
-0,04653877
0,8815113
-0,9693326
-2,170874
0,3441769
1,25685
0,6109451
0,4299353
0,140395
0,2248197
0,4989651
0,4940976
-0,2349922
0,989863
-0,1938969
-1,15034
0,5084387
-0,03519748
1,569474
-3,998489
-0,04042285
0,4815274
0,07170324
-1,100451
0,8679801
-0,01989885
0,7299669
-2,642397
-0,7332223
0,4574521
-0,103714
0,01620083
-0,1480115
0,2810884
2,204423
-2,063597
0,09639543
0,09856179
-4,958125
0,004491513
0,2470805
0,3970912
-0,4849666
-1,571875
0,1068098
-0,4227583
-1,554229
0,6327433
-0,3753439
0,2370455
0,2976584
-2,028619
1,019751
0,2548259
-0,1961793
-1,048943
-0,6612014
0,7947128
0,7640935
-0,08508898
0,09408756
-0,2257576
0,1319811
-0,05603299
-0,4559369
0,620712
-0,1380231
1,467106
-0,8576362
0,7664933
-0,1705886
-1,43783
-0,5133994
-1,451003
0,07579322
0,6411828
-0,2934619
0,3864342
-0,7546145
-0,1439182
0,233912
0,3687992
-7,554035
1,123057
-0,5716685
-0,8157011
1,726408
0,07803387
-0,1905402
0,5663809
-0,2660522
-1,323296
-0,4045014
0,03241863
-0,4929558
-0,2541248
0,1140786
-0,9913055
-0,5211613
-0,01041485
-1,442119
-0,5628849
0,138243
0,2117499
0,1297983
1,019643
0,7838655
-2,700971
-0,02136116
1,768162
-0,1208419
-0,9681351
-0,9194996
2,542078
-0,2695277
-0,06671564
-0,09419242
0,359377
1,015429
0,2733299
-1,055553
0,01018156
1,464165
-0,4365737
1,884935
1,405854
1,493991
-3,19482
-0,8448997
0,9272258
-0,9332454
0,4539762
-1,182973
-6,528864
0,003867195
0,4024236
0,326811
0,2927748
1,219509
-0,5117248
0,5796893
2,587901
0,7561526
0,3907446
-0,07184625
0,8402768
-0,1081075
0,05452957
0,07915857
0,6219145
-0,5914819
1,059193
0,3758786
0,7913023
0,1340646
0,7095267
-0,428716
0,4740712
1,901265
2,408694
-0,1098581
-0,2287783
-1,152803
0,8047848
-0,1002717
-0,396857
0,162842
0,7224753
-2,529449
0,2865083
1,343671
0,8691433
-1,102429
-0,1105732
0,2542973
0,2455914
-0,4070425
0,8128094
0,1300097
-1,699639
1,431063
0,3059354
-0,2536098
1,086287
-1,208763
0,02866787
0,3206437
-0,03829553
0,08658027
0,4442039
-0,2647687
-0,145925
-1,454211
0,5773339
-0,9167736
-0,2517968
-0,1344385
-0,05570161
-0,06924415
-0,6709633
0,4727798
-10,63276
-0,3425448
-0,5019117
0,3794217
0,189251
1,28312
-7,717808
-0,3754303
0,8261919
0,4213517
-0,3532801
-0,7283542
0,3611913
3,646991
3,109002
0,06978365
0,01435371
-0,738968
-1,957317
0,7493489
0,7011111
1,681441
0,6077276
0,751239
0,5106474
-0,5900207
0,8116326
0,1224875
0,2710222
-0,1345222
0,8375919
-1,044276
-7,05241
-1,319921
0,2588939
0,4459277
-0,1262891
0,4094639
-0,2091679
0,2633873
0,07759691
1,67916
0,1830328
-0,4024226
0,03439869
-0,3939876
-0,4914855
-0,2653328
0,8939563
-2,549946
0,2033642
0,07026843
-0,5388483
-0,3628028
0,1693871
-0,6205878
0,4327408
-1,114297
0,325737
0,5910152
-1,638302
-1,659213
8,912571
-0,9723148
1,779253
-0,3769166
1,032732
0,2668707
-3,930635
-1,34228
-0,08815455
1,044867
5,340369
-0,1827595
0,1124731
-1,065301
-0,589352
0,4348386
-0,1619052
0,8280793
0,1148645
-3,003481
-1,120864
-2,131533
-0,5842938
-0,9865602
-0,6617926
1,171767
0,2270235
-0,9985518
-0,7888126
0,9235905
-4,974391
0,2728634
-3,504723
-1,915423
0,03050789
-1,989063
-0,332727
-0,04662028
-0,1803614
-0,3702396
0,4273082
3,439737
-0,7207539
-1,243688
0,1599035
-0,7354357
0,4390281
-0,4428914
1,656334
-4,025106
-0,1134463
-4,471639
-0,07951606
0,3573472
-0,7430832
-0,3065669
3,002731
1,595139
0,2794854
-0,7147203
0,1636096
-0,1553954
0,04285328
-0,8037966
0,3829293
-0,3345618
2,482353
-0,5146298
-1,654852
0,3538169
-0,6268119
3,636258
0,6362501
-0,568055
0,3622574
-0,1673251
0,007258825
0,8337995
-0,02403695
-1,842057
-2,919679
0,5663282
0,0206503
0,2850904
0,2263055
0,3133991
-0,2779177
-0,1083345
-0,9873689
-0,1437095
0,9079746
-1,863892
0,8496684
-1,391787
-0,05535521
-1,164539
-0,371216
0,1626742
0,0562848
-1,368225
0,1550652
0,3479357
-0,2874891
0,6444127
-0,5393258
0,04973846
1,252828
0,1352533
1,267196
-0,1780746
0,4500065
0,7471775
-0,9964296
-0,2831312
0,3905512
0,678367
-0,270847
-0,7948457
0,8167732
-1,118591
0,8014634
-0,3841204
-0,5975458
-5,118188
0,5615807
-0,3623061
0,3609751
-0,6443621
-1,614916
-0,3123957
-0,7202837
-0,7897121
0,1649584
2,646626
-3,642361
4,957321
4,003528
0,6353739
0,4122685
0,224556
0,1129007
0,205642
-0,6995768
0,7304298
-0,1837137
-0,7989867
-0,4859982
0,4390551
1,540642
0,3682063
0,09451691
-0,09757656
0,2038387
-0,1318178
-0,1376124
0,8560441
-0,7488137
-0,2579201
-0,1664769
0,9116796
-0,2935089
1,042989
-0,03006867
-0,554373
-0,2366715
-1,296392
0,2870832
-0,2970465
2,974441
0,1501885
0,349572
-0,5182137
1,594613
-0,2904887
-3,411478
0,3851897
0,378882
0,8171341
0,1601239
-4,436316
1,170436
0,1159917
0,8052135
-1,174034
-0,388325
0,3313707
0,195191
-0,09415708
-0,4274142
0,4444585
-0,253168
-0,81238
-0,4999174
1,798607
-1,189579
0,1976776
0,2071177
1,672403
-1,433671
0,1202349
0,7766203
-0,4473762
-1,841635
0,1563452
0,9848099
-8,543848
0,6624917
-1,46963
1,349325
-0,02841408
-0,2394944
-0,1973465
0,1163019
0,1499353
-1,050431
-0,3639867
-0,1875221
0,2753731
-0,5912051
-0,7390746
-0,3178735
1,311541
-0,3998713
0,5344378
0,5874708
0,05890103
-0,7785218
-3,692023
-0,01138365
-0,8212677
1,222757
-0,7834804
-0,4035216
-0,2223356
-0,07745682
-0,5431485
0,5237737
0,2179019
-1,221994
-0,0633616
-0,6994773
-0,1349141
0,8000563
0,08421534
0,3747768
-0,5067382
-0,563234
-0,1956293
1,496187
0,9332517
-0,2697869
-0,3255554
0,3834998
1,860971
-0,01753478
1,632662
0,6890613
-0,4404139
2,472517
-0,01533916
0,4249855
3,241915
-1,142852
-0,09406637
0,361919
-0,5917812
0,5656452
0,9219356
-0,1166233
0,09612859
-0,6059565
-0,5800334
-0,2879373
1,689423
0,5088602
0,04531272
-0,09759685
-0,8600643
1,631084
0,8093238
-0,6127734
0,2468891
0,02952244
0,1548488
-0,6816142
-0,368234
0,6048316
0,2838717
-0,355366
0,6854261
-0,89283
0,9479213
-0,09478258
-1,409187
0,3819107
0,4867252
-0,0269421
-0,2725192
-0,3042383
-0,4411415
0,4961287
1,626791
-0,6158787
0,718722
-0,9223742
0,4018572
0,282577
-1,238208
0,2686689
-1,281705
-0,3297995
0,02890709
0,4442385
0,06029662
0,05979204
-0,2461251
0,07219397
-0,5688512
0,8784553
-0,407706
-1,158029
0,7742014
-0,1532405
-0,2527609
-0,2701456
-0,9275987
-0,2625493
-9,290913
1,298377
-0,40198
-0,07515348
-0,5422211
-0,4134563
-0,1176164
-1,534389
0,4853107
1,402351
-0,2130499
0,7638314
-0,4382806
0,2248136
3,308177
0,8506269
0,167623
-0,5521629
-0,2258404
0,6365882
-1,645549
-0,7073112
-0,4699242
-0,6637447
1,49468
1,524576
-0,4673915
-0,6011739
0,8904763
1,240319
1,199611
-0,9371919
0,5137008
0,6787194
-0,4247589
-5,342564
-0,5106509
-0,6142665
-0,0132441
-0,3467672
1,577607
0,2547621
-0,1861594
0,8006427
0,09465218
2,406681
0,7399753
0,4838401
-2,230438
-0,9801143
2,308884
0,07555512
-0,3298974
0,9048952
0,9816539
-0,4700269
0,641522
-0,6443323
-0,3846258
-0,5994181
0,3353066
0,2577913
-0,3658344
0,4222957
0,4253261
-0,09910042
0,6210936
-0,2977787
-1,654602
0,152631
-0,8980564
0,1325961
-0,3873189
-1,876077
-2,792737
-0,3054665
0,6533469
0,8322665
0,4464124
-0,4016546
-0,06383449
-1,847993
-2,634568
0,0365735
0,5427938
0,3085273
0,1974241
0,05540028
-0,2778715
0,4767396
-0,5184278
-0,8422586
0,4303988
-0,2576817
-0,4606556
0,2449788
0,2613722
-0,3543626
-0,4391485
0,3484394
-0,06674443
0,0120586
1,912821
0,2738948
0,2454954
0,03630107
0,5487645
-0,4059393
-1,494267
-0,4500598
0,1388454
-2,235312
-0,8596646
-1,89002
-2,616931
-0,0657936
0,5743456
-0,144897
0,9353376
0,1659707
0,4630039
-2,787781
-0,7301463
-0,2036806
-0,3691758
-0,451861
0,3020349
0,551779
-0,7690871
2,034885
1,271037
1,200155
1,234689
2,556025
-0,1565928
1,24535
0,1731389
-0,1989479
-0,3257609
0,5808942
-1,454168
0,02858706
0,3661497
-0,2424462
-0,8537641
1,436341
-0,5280368
0,2990442
-4,724544
-1,000119
-0,1722047
1,072715
-0,05383951
0,2926205
-0,8841502
1,248443
-0,6344692
-1,054671
-1,830762
1,252971
-0,05232608
-0,8083421
0,1183459
0,8801149
-1,370594
-0,1007415
0,787613
-0,04557015
-1,117311
-0,9209143
-0,1216963
-0,6459032
1,073476
0,9462358
0,4373872
0,165751
-0,3105611
-0,2223297
-6,663316
0,818557
1,326715
-0,2391805
0,1557517
-0,7019154
1,475222
-0,6037481
-0,4908008
-0,5911372
-0,315717
-0,008285404
-1,033524
-0,04990076
0,7004297
0,7218264
0,8389152
-2,336825
-2,870199
0,287409
3,1409
0,535784
0,08321188
1,965142
-0,4468992
-0,1110999
-0,767616
0,6532894
0,8686804
-2,186811
0,1516753
0,2054861
0,1074616
1,180104
1,425399
0,7842805
-1,22051
0,1256462
-0,6124436
-0,2868285
0,3204775
0,3161966
0,3099747
-0,800346
-0,8885735
0,4123352
-0,3146607
-5,883319
3,724857
-0,06272124
0,6848509
0,588124
-3,15153
-0,6710825
-0,2359946
1,383214
0,841627
1,978114
-4,672849
-1,196436
0,6752762
-2,022885
0,07551353
0,08034876
-1,623214
-0,08626031
-0,4091091
-0,4364775
0,4842144
-1,907385
0,1609027
0,7321534
0,5104256
0,8682275
0,04394859
0,2973209
0,933039
-0,1048632
-0,4258552
-0,406648
-0,7278807
0,3036008
0,4279222
0,7985533
0,4835556
-0,4780009
0,319344
0,6581173
0,02581984
1,347653
1,749156
-0,6002494
0,2505468
0,01802166
-0,3601174
-0,1414258
-0,8292699
0,3025494
-0,9430549
-0,2787708
-1,926278
0,0909446
-1,039298
-0,3589421
-0,1805458
-0,4855631
-0,3350537
0,3889539
0,484677
-0,8428097
-4,828887
0,9802175
-1,014055
-0,9736706
0,04114616
-0,2211634
0,2359924
0,1514194
0,04988104
0,08366645
0,03236261
0,003122886
0,06252167
0,1171225
-0,01168003
-0,07857507
0,06230035
0,06091723
-0,01717394
0,02426856
0,02951843
-0,1176166
0,1402258
0,05819187
0,08804975
0,09767845
0,1291249
0,04836918
0,02170488
0,02109066
0,1276159
0,03397892
0,08545536
0,02228922
-0,3688175
-0,08922574
0,09054713
0,07528847
0,05234006
0,1158911
0,08959816
-0,2427935
0,1219368
0,1071691
0,1398942
0,1018651
-0,01397002
-0,1314659
0,2036778
0,1707029
0,03211918
0,09828243
0,01566329
0,05483517
0,1203386
0,01646406
-0,04006939
0,1078482
0,06178994
0,08471671
0,02396863
0,05690002
0,1464602
0,003727593
0,02773422
0,1329592
0,0255587
-0,1191205
0,09072196
0,1430106
0,2107635
-0,007623326
0,002476549
0,03045929
0,03841865
0,03109989
0,0567423
-0,4143017
0,05293369
0,04268215
0,02308428
0,09694265
-0,08674852
0,05661209
0,02911303
0,155859
-1,632605
-0,06582016
-0,01391274
-0,08175114
-0,03009634
0,08884281
0,1151458
0,254007
0,1113682
-0,2469786
-0,02129221
0,01700084
0,2109279
0,1121858
0,01160639
-0,1715398
0,1839639
0,09660121
0,1027404
0,02598752
0,05695223
0,1937314
0,01465061
-0,02081548
0,06955972
-0,518534
-0,03048725
0,1411058
0,008818091
-0,4907391
0,1183388
-0,02425737
-0,1314095
0,0255948
-0,0304247
0,2386749
-0,07576419
0,1994821
0,1618731
0,02470025
-0,005991002
0,04854397
0,02288653
-0,006022564
-0,05949981
0,08070998
-0,01369373
0,0943453
0,1117931
0,006826446
0,1135944
0,02262644
0,03377941
0,01138419
-0,0495942
0,01907329
0,07547369
0,01382999
0,06339687
0,09202343
0,1180133
-0,09985258
0,08270317
0,1514822
0,1584787
0,02228067
0,04081207
0,02715747
0,1016183
0,03307439
0,05611577
0,04982816
-0,009231406
0,1373954
0,1270436
-0,01148477
0,1072796
0,1006559
0,02172747
-0,02615721
0,02137934
0,03604751
0,06207647
0,024827
-0,002555765
0,05182749
0,04816349
0,07465744
0,04681285
0,175602
0,009017713
0,1691738
0,03342071
0,1358171
0,04708959
-0,03044533
0,06136301
0,1106382
-0,1077625
0,1056907
0,08891787
0,08026189
0,03084151
0,1073743
0,05679655
0,001194777
0,1462925
0,1574652
0,04979039
-0,03468323
0,06000185
-0,07249685
0,009796611
0,049303
0,1113493
0,06423777
-0,02537639
0,04676114
-0,01555798
-0,02941838
0,08979192
0,06291697
0,07275837
0,09257086
0,06911724
0,02760802
0,05387494
0,1517913
0,1062518
0,03975039
0,03190542
0,07828784
-0,008851696
0,06907365
0,07635713
0,0475947
0,1354143
0,103996
0,09622438
0,1069935
0,1338859
0,08626182
0,03510558
0,1402396
-0,038439
0,07468446
-0,0005525538
0,02407219
0,0947091
0,1363448
-0,00280606
0,05927801
-0,01499952
0,08832575
0,2004132
0,07357304
0,008130866
0,05625597
-0,04968466
0,02122333
-0,03925522
0,042672
0,1010189
0,0732725
0,1234251
0,04437866
0,01914038
0,06783344
0,06935657
-0,0561636
0,06026625
-0,001890541
0,0802877
0,09448582
-0,08741523
0,02475116
0,06385576
0,04453173
0,0461792
0,1142769
0,08810982
0,01697448
0,07801527
0,04426856
0,1115548
-0,01654484
0,03137881
-0,01361035
0,2304061
0,1039656
0,03089543
-0,03649253
-0,06560805
0,01895539
0,05581835
0,0009748781
0,1014002
0,02280084
0,1516271
0,08522535
0,06703188
0,04361182
0,1184592
0,04882374
0,04703917
0,06480349
0,08479055
0,07995781
-0,046065
0,07540131
0,05157647
0,03152597
0,05085975
0,03785997
-0,004292612
0,04033766
0,07923646
0,05428466
0,08858932
-0,1654489
0,004121374
0,05218859
0,02696433
0,1130314
0,0121247
-0,0369507
0,09057604
-0,02136119
0,02719241
0,113685
0,1323896
0,03735273
0,04071595
0,1050652
0,1256632
0,01941033
0,06519508
0,04926311
0,005006461
0,1113428
0,005296689
0,08559763
0,08777512
-0,01903342
0,06772256
0,04248216
0,03351311
0,05203813
0,03028738
0,1599073
0,01124968
-0,01598468
0,05691719
0,06235489
0,1334685
0,03897173
0,04016222
0,01718183
-0,01583021
0,06333511
0,07343327
0,1075036
0,02180714
0,03829445
0,1139064
0,08004741
0,07078713
0,007502083
-0,02798468
0,06771476
0,001170176
0,06562039
0,1509935
0,02278827
0,05922421
0,02356192
0,1048549
0,03813536
0,1417017
0,06962027
0,09667057
-0,04209093
-0,07870493
-0,06701967
0,1892985
0,004482728
0,1062124
0,1953298
0,1364387
0,08107383
0,01803915
0,1611495
0,03332436
-0,02364664
0,01550617
0,06727488
0,1139459
0,005093677
0,1413427
0,007537253
0,08194793
0,1266249
-0,01969668
0,01772455
0,08290986
0,1149705
0,06558762
0,05351274
0,03106192
0,1048463
0,03759707
0,01224735
-0,0796308
0,03567249
0,01334587
0,08623292
0,09604069
0,1871332
0,07351602
-0,001596048
0,00983502
0,1429485
0,1127178
0,07718752
0,04890796
0,147704
-0,03059681
0,02576002
0,06398938
0,1181975
-0,06002551
0,1602193
0,08473096
-0,03389344
0,00579609
0,06545269
0,06740484
-0,002608363
0,0647795
0,007976479
0,2195632
-0,003879252
0,03303576
0,04596842
0,1182318
0,07970078
-0,09816188
0,1620608
0,02190129
0,004346595
0,0949654
0,002252222
0,146604
0,05291617
0,06917704
-0,04166829
0,04642969
0,05440116
0,1294523
0,04911168
0,1250064
0,06806605
0,1288696
0,09200837
-0,03957085
0,03532664
0,0384738
0,08913271
0,04136205
0,04186527
-0,03807347
0,01587858
0,01046844
-0,03347766
0,230759
0,1214145
-0,01707837
0,09400751
0,02928078
0,03351707
0,02843023
0,03524403
0,1292508
0,07181447
0,04330559
0,001022598
0,1153148
0,01722385
0,0188933
-0,02176277
0,1738108
0,105151
-0,06447838
0,07811121
-0,01952626
-0,05767092
0,09123687
0,02422921
0,1092275
0,03750804
0,1359219
-0,05019303
0,03071536
0,03061088
0,06947891
0,1281318
0,04563708
0,03965718
0,1049575
0,0258911
0,0209443
-0,01011571
0,08571434
0,1751641
0,05842512
-0,03277403
-0,002455488
0,1302556
-0,001661662
0,1328862
-0,05385046
0,1283772
0,034348
0,06453974
-0,01983361
-0,01140601
-0,000153732
0,1701
0,1397732
0,05973009
0,06576298
0,06734325
0,01692827
0,007276503
0,08510511
0,08498663
-0,02679018
0,1884374
0,07174175
0,1189781
0,04903976
0,04512297
0,1302061
0,1812632
0,1215154
0,03493588
0,1337793
0,07343026
-0,01025671
0,1317786
0,07390888
0,05055255
0,02987302
-0,009462361
0,05448099
0,04611632
0,1388433
0,003790052
-0,004360408
0,1541654
-0,01757581
0,1036314
-0,06883299
-0,01715979
0,05616114
0,03527677
0,1075303
0,05119032
0,1530732
-0,01524534
0,1318791
-0,00344247
0,06226908
0,190271
0,01674703
0,04098033
0,07046743
0,04483205
0,1758482
0,0391837
0,1144335
0,006236133
0,08859269
0,06417346
-0,1010083
0,1468401
0,06845417
0,05842198
-0,009826794
0,1086396
-0,1106215
0,001024476
0,2064056
0,06400079
-0,00148765
-0,01776944
0,02422523
0,05435544
0,1084158
0,08866978
0,0653451
0,0762552
0,0167422
0,1372266
0,05260466
-0,007155618
-0,007342304
0,05315593
0,06743616
0,05264276
0,04098956
0,1067737
0,00411668
-0,0411953
0,04041273
0,1037242
0,02601838
0,1325931
0,09703285
0,008148706
0,1232788
0,03041849
0,04642164
-0,0347878
0,1017232
-0,02375709
0,05472527
0,01588292
0,1425531
-0,007873264
0,066397
-0,03238234
-0,08548541
0,0327166
0,0456023
0,03334038
0,1417884
0,07088543
0,1033347
0,1080423
0,02975245
0,04849312
-0,01093852
0,09672559
0,02485501
0,01472366
0,09425843
0,04759229
0,05858413
0,1721791
0,134156
0,09358829
0,006808761
-0,05808385
-0,02690232
0,02687916
-0,002842879
0,07990796
0,02691213
0,03716062
0,05872254
0,1188414
0,08075723
0,03975034
0,05246616
0,1303211
0,03196523
0,0675669
0,09456374
0,02516667
0,1442989
0,04686265
0,103184
0,06374244
0,08615768
-0,0007879068
0,1208577
0,008151637
-0,04189328
0,01844684
0,14742
0,05781922
0,09333882
-0,01100326
-0,006722048
0,111489
-0,03251422
0,164633
0,02240851
0,05495247
-0,01544355
0,01820323
0,00190592
-0,0209891
0,08064365
0,05618504
0,1607881
-0,03838776
0,05513787
0,09546728
0,1091289
0,05061998
0,1306833
0,1818951
-0,03637129
-0,02947834
-0,03092517
0,04382869
0,117221
-0,03652117
-0,008612211
0,03107057
0,03249426
0,003988071
0,03458099
0,1117141
0,1066781
0,01431776
0,1904431
0,02912246
0,1031429
-0,06506047
0,06669165
0,05833924
0,1598279
0,109636
0,06533929
0,04569068
0,01934828
0,05460086
0,02288343
0,01811171
0,02641319
0,03199766
0,07498354
0,1642398
0,1541911
-0,03675695
-0,05902972
0,1256051
0,1537599
0,03959727
0,1190448
0,1113356
0,07150656
0,04480685
0,09440208
-0,04231315
0,1211514
0,03595886
-0,02960666
0,07152003
0,1629915
0,1013179
0,06305523
0,1394983
-0,003054256
-0,07598527
0,0009510899
0,1252527
0,04810947
0,1023013
0,09059509
0,1464038
0,04975663
-0,004627557
0,07857632
0,04768001
0,07274064
-0,02841779
0,05969688
0,06935502
0,06816044
0,004497415
-0,0909745
0,06289341
0,0525663
0,04052733
0,02538514
0,07526972
-0,02538417
0,002402822
0,05966012
0,07478824
-0,01677173
0,1189739
0,0859368
0,06332474
0,04641129
0,04907222
0,005937035
-0,03014556
0,121022
-0,01714537
0,05966247
0,06059383
0,1056948
0,007500005
0,08556511
0,06458934
0,01893649
0,08880953
0,1233423
0,04862243
0,02654749
0,1112047
0,03768994
0,1458959
0,1158359
0,05484112
0,09640392
0,07575974
0,1321686
-0,004210467
0,09263943
-0,005112096
0,02141803
0,08819976
0,0672219
0,03060547
0,07751579
0,04929217
0,2147247
-0,04322897
0,1062335
0,09643193
0,1004877
-0,006771707
0,003781341
0,04835759
0,04261448
-0,020935
0,04246046
0,0083045
0,05351757
0,05807895
0,07984062
0,1059504
0,07336251
0,1234459
0,1745016
0,01942162
-0,001934226
0,05388236
0,1344488
0,08883965
0,1412239
0,1403534
0,08181937
0,09338346
0,1562044
0,02598868
0,08123154
0,05203545
0,009665323
0,01445705
0,106925
0,1293817
0,05050336
0,03764337
0,1626709
0,1116691
0,01797324
-0,02984031
0,04263966
0,00389784
0,07189423
0,1028577
0,1025046
0,06341315
0,0922481
-0,04493218
0,04434758
0,07439112
0,01936872
0,05666267
0,06278071
-0,02392524
0,03865908
0,01586812
-0,007439791
0,0878608
0,05831081
0,06089803
0,09895373
0,04634416
0,04103976
0,0166509
0,08938348
-0,0596652
0,1149921
-0,02310325
0,04406155
0,05112565
0,09096115
0,09701542
0,0883275
0,03107936
-0,02783624
0,07452115
-0,008573998
-0,0119264
0,04340209
0,04719612
0,04904105
0,1009338
0,01916379
0,09802446
0,1173015
0,141856
-0,05736815
0,07507028
0,03076039
0,1418872
0,1084199
0,07535122
0,1506541
0,03250624
0,04895385
0,0005713358
-0,0513867
0,06609847
0,1333843
0,1320739
-0,06468079
0,070798
0,04177792
0,04195752
0,06079298
0,09456301
-0,0722938
0,05630395
0,099278
0,1175083
0,04068897
-0,01024836
0,005298677
-0,001784343
0,179006
0,1020446
0,09814891
0,08266445
0,08805431
0,02165741
0,05940458
0,07641123
0,1470851
0,1963111
0,03495213
0,02824347
0,1422157
0,1543581
0,05894773
0,06344002
0,2048965
0,01732057
-0,02002406
0,06584229
0,04988978
0,04030931
0,084194
0,0717205
0,03519581
0,1392647
-0,02688444
-0,03263564
0,0213226
-0,06130114
0,1266354
-0,01687681
0,003406413
0,07959427
0,04023675
-0,0225443
0,03261069
0,05667639
0,1170398
0,1151859
0,03127473
0,01511198
0,1219993
0,02197178
0,001584002
0,08531023
0,03275978
0,000999381
-0,02015753
0,1147123
0,007821017
0,1071124
0,1704593
0,08286306
0,07289795
0,06042293
0,03415447
-0,007539303
0,08211417
-0,03413727
0,121654
0,02942627
0,09708326
0,02697881
0,04684364
0,1566069
0,1350464
0,02701295
-0,003954275
0,01037746
-0,001313859
0,04814531
0,01691707
0,1189393
0,09443551
0,05184815
-0,006405258
0,03326168
0,07787846
0,01842525
0,06343786
0,1155636
