-0,6333039
-0,6279884
0,927644
-0,5157883
1,114528
-0,3507749
3,213671
0,385524
-0,2836243
0,8519727
1,323015
0,6192722
0,4932891
0,704971
-0,7878017
1,263062
-0,2703452
-0,6019823
0,9814311
-0,5285103
0,6436121
-0,2254198
-0,5125086
0,0002771555
-0,931241
0,5038283
1,530526
-0,6497724
1,566891
0,1289254
-0,8866382
0,2238588
-0,9603422
2,606766
-0,3958555
-1,107706
1,037042
-1,408735
0,1822105
-0,007561759
-0,3495413
-0,819229
-0,2798044
-1,186372
1,213561
-0,9132615
-0,9992489
-0,6846066
-2,111126
0,05774955
1,341083
0,08146539
-0,1141247
-2,047701
-0,2943937
-2,859171
-0,1079642
0,5854302
-0,1048738
0,4822505
-0,08358669
0,612484
-0,1971546
1,099895
0,8070039
-5,891396
0,6623239
0,1204281
-0,5590128
-0,2391113
-0,1218963
-1,555322
-2,270014
1,022179
-1,043815
-0,01418029
-1,03931
0,06934504
-0,4160532
0,1685711
1,555992
-0,08074832
1,070357
0,7402498
-1,377338
0,1085776
-1,238732
-1,868493
-1,137786
0,1948002
3,405865
0,2626927
-0,0902003
1,039645
-1,100973
0,3909309
0,3549225
0,4981945
-2,02191
-0,1189724
-9,881565
-0,6374623
-0,5559201
0,3482732
0,3267974
0,649498
0,32329
0,3351882
0,1103157
-0,60361
-0,9279958
-0,07613223
2,116323
0,2383109
1,364138
-0,5517949
-0,6927224
0,7891159
-1,802475
1,27546
-0,9883655
1,07337
-0,7764564
0,6434001
-0,6030018
0,4646178
-0,1122067
0,1114058
-0,4087147
-1,446382
0,02107015
0,9652556
-0,12247
-0,4845083
-0,4087816
0,1967575
0,5282648
-0,675495
-0,5274805
0,1083845
0,517379
1,412041
0,900387
-1,267253
2,629203
-0,4855202
0,6973167
-1,982244
0,2869423
1,41108
-0,003079633
1,57223
-0,8088426
0,9081336
1,301666
1,249452
0,1889915
1,357781
0,02674476
-0,6492072
3,89385
-1,441013
0,09979431
-0,7675662
1,080312
3,92748
-0,4595327
0,5449008
-1,534371
2,028348
2,99911
-0,9775074
-0,838702
0,4763569
-1,208435
-4,277338
0,05403284
-0,02569136
-0,6552842
0,3133673
-10,35005
-1,457111
0,3022624
-0,1155488
0,6444361
-1,25077
0,5918661
3,089891
-1,104812
-0,6340606
0,3979113
-1,622167
1,034139
-2,84935
-0,1269235
0,07512015
0,1272478
-3,38805
0,1456878
1,136313
-1,223698
0,05663566
0,1089796
-0,6542192
-1,063684
2,982105
-0,3302975
-0,1333026
-0,008749458
0,5201524
-0,01712028
0,4862645
-0,2280769
-1,118206
0,07373764
-1,116427
0,1599515
0,1194393
0,537817
-0,4952612
-0,6480039
-0,0207151
1,06339
0,2324682
-0,03119692
-0,2602313
-2,029441
-0,6010184
1,638615
1,093706
-2,266393
0,7506634
0,6188093
-2,031344
-0,7517847
0,3410765
-0,5870883
-0,1333105
1,102508
-0,1986975
0,1504666
0,00595647
-2,42541
0,7321165
0,3277744
0,1711429
-0,928719
-0,7192676
0,3123974
-0,2426161
-0,4789176
-0,2507289
-0,5156005
-0,3406704
-0,6749641
-0,3349456
0,9782963
-0,3795226
-0,3712142
0,2388634
-0,5016896
-0,4330287
0,4554176
-0,814356
-2,373762
0,1933398
0,4339783
-1,666548
1,342958
2,036894
-1,405763
1,31543
0,5312733
-1,278884
-0,1347523
0,6095225
0,4894021
0,9148641
0,7652068
-0,3219554
2,464175
1,375463
-2,204916
-0,1723004
0,2983963
1,220864
0,6943082
-0,4447562
0,2533671
-1,127581
0,3062371
-1,575949
-1,025317
0,01414919
0,168795
1,792104
0,1077538
2,871953
0,326523
-0,5109181
0,08805752
-1,29738
-0,337963
1,366213
0,2268178
-0,6313272
-2,43156
-2,559015
0,9721776
-0,08000991
-0,8175007
-4,886348
1,005794
-0,7208855
0,1808476
-0,8302114
-0,321973
-0,356883
0,488129
-0,2387102
-0,5082517
-0,3227727
-1,116402
0,0575145
0,2956066
-0,7076643
0,04093925
0,942103
0,273977
-2,489415
-1,831871
-0,2456001
-1,200333
-0,4452564
0,874679
1,172293
-0,726948
-0,8655401
0,7625151
1,753583
0,3502092
-0,03876961
0,1063043
-0,7587029
1,455831
-0,944544
0,8092122
-0,6597235
-0,1059777
0,1447754
0,3080362
-0,1953406
-1,53401
-0,3190064
-2,223198
0,7259628
0,364249
0,07898275
-2,253023
0,7015229
0,7125167
0,3940136
1,387813
0,4974238
-0,1054513
-1,02143
0,3344295
0,6858574
-1,496284
0,008957634
-0,7934203
-0,8359465
0,9314563
-0,008090496
0,331246
0,9239357
-1,299623
2,344822
0,0567796
0,14255
0,1726467
-1,613891
0,08132723
-0,1656061
-1,192797
0,584282
0,1671773
-0,01928402
-1,827005
-0,5146194
1,514222
-2,28474
0,1563515
2,686571
0,6412495
-0,3782121
1,908783
-1,305527
2,23981
0,8895928
-2,176902
-1,026493
-0,4063832
0,4132633
-1,113465
-3,292202
-0,5670261
0,8906381
-0,2131897
-0,4708758
0,2430288
0,2442659
-0,009344202
-1,23445
-0,6769239
-0,1702118
-0,3195731
-0,04922451
1,608628
-0,4170103
0,6357374
0,8949963
3,190718
-0,2278607
0,2661787
-1,182655
-1,036034
-0,3969453
0,1698329
0,2913705
0,1863276
1,775411
1,013607
-1,083383
0,05844754
0,4860558
0,3084072
-0,2714305
-1,363444
-6,301777
-0,0409013
0,2754268
-0,4602513
-1,937929
-0,3799592
-0,5803348
0,9506662
-0,1989982
-1,574637
-0,03586224
0,1522944
-1,208779
-1,721846
-1,743085
-0,2899921
0,08969303
0,8164713
-0,5404599
-0,9433492
0,01530566
0,4449326
-0,9430892
-0,934319
-3,281982
0,140337
0,5974749
-0,2562256
0,5871792
-0,3946837
0,2926167
-1,013782
0,6656821
0,1637866
-0,1230897
1,638021
0,3731155
-0,4080958
-0,6046392
-1,504299
1,310525
-0,2815174
-0,944522
-0,8838687
-0,008741301
-0,4091049
-0,188428
0,402481
-1,594111
0,6695409
-2,364095
-0,1974778
1,268691
0,107106
0,1659454
0,4878825
-1,569989
0,5416539
-3,497232
-1,136818
-0,2703305
-0,6641133
0,8583712
1,408168
-1,050295
-2,176317
0,5385894
-3,143153
-0,7981625
0,3243219
-0,3585959
-0,5893724
-6,246694
-0,9767032
-0,04958422
-0,6749316
0,0862668
0,5312833
-0,04280132
0,5594916
0,5954279
0,2039082
0,5492265
-0,2735522
-0,1939278
-2,033227
-0,9008368
4,707738
-1,110157
-0,3075908
-0,8791079
-3,795049
-4,41649
-0,633689
1,596652
-0,9999257
-0,6956505
-1,259349
0,5643349
-0,7621047
0,05495026
-2,195498
-0,1445776
0,8753409
0,1094817
-1,795957
2,773716
-0,2782101
-0,5586159
-0,5030906
0,1486654
-1,483773
-0,06506336
1,6328
-0,6706247
0,1997837
0,2739068
-0,3134491
0,0225658
0,3105735
2,246721
-0,0928935
-3,369491
-1,253946
0,3904991
0,3752166
1,589911
-2,837796
-1,345322
-0,2444969
-0,1949374
0,1786444
-0,003795565
-0,9359085
-1,808086
0,437713
-0,5454428
0,342825
-0,7707804
-0,02731144
-1,647941
0,7830218
-0,5671521
0,8937066
0,5041904
-0,4822743
-1,250644
-0,423242
-0,2374827
1,229611
-0,1605968
-0,3462565
1,120034
-2,147934
0,9986378
0,08676264
-0,610476
-2,583051
-0,06345803
0,4303235
-0,2577091
2,442785
-0,8143841
-1,729923
-0,3972037
-1,631686
0,2727084
0,115112
0,04153867
1,756004
0,7446938
-1,763914
-0,09375495
-4,527296
-0,1201384
0,6451612
0,06432275
0,624797
-1,251882
0,08077489
-0,6549703
0,1079525
0,9895161
-1,118891
-0,9903729
1,116458
0,5743819
0,08715521
-0,1878314
-1,204561
-1,027716
0,8585413
-1,100068
0,4269034
0,525018
0,2884709
-5,187315
-2,365549
0,3417906
-0,3631631
0,04141222
0,09509594
-0,4427852
-0,9640928
-1,635638
-0,9992707
2,12516
0,2724905
-0,8870817
-0,3447552
-0,1183487
0,6444665
-0,2759283
-1,842065
-0,3314129
0,2109995
-1,059417
0,9533628
-0,6278254
-0,7224646
-0,3935321
-0,8504297
-1,638444
-0,3421754
-1,792168
-0,01502425
-0,3947113
-0,03751172
-3,857136
3,639393
-0,3924999
-0,04614954
0,7253108
-0,09622807
0,9052303
-0,05431589
0,753062
-0,5789315
2,424713
-0,3782727
-1,19584
0,003294028
-1,591447
-0,3211321
2,470109
-2,043021
0,182766
0,2459239
0,2234176
-0,6425039
-0,04204087
0,2789589
-0,8576409
2,264421
0,5211697
-7,972789
0,07598529
-3,048868
-1,612326
-1,302532
-0,194865
-1,072742
-0,4163407
-1,487519
4,09032
-0,392037
0,2711557
0,6614118
-1,105025
0,7714148
-0,5527649
-0,8980426
-0,6912488
1,459481
1,259548
-0,5157566
1,28871
-0,9910187
0,149563
0,3541597
-2,587015
-0,1923445
-1,813553
-0,4142888
0,4445601
-0,381875
-0,5485955
-4,396171
-0,9878988
1,973068
1,815627
-0,2824594
1,747345
0,6364264
-0,8311753
-1,059836
-0,154418
-0,9580045
0,4842477
-0,5006632
-0,727531
-0,4738182
0,07028762
-0,4751538
-1,270566
0,5468087
-0,8104173
3,818696
1,247098
-0,3481277
-0,01323784
0,06942482
-0,01691973
0,1767726
-0,1678728
1,734312
-0,5519009
-1,240738
-0,2183993
-0,4583762
-2,123322
-0,1502042
-1,81225
-1,459431
0,1637323
0,6107665
-2,69046
0,1649204
-1,019486
4,036943
-0,3923291
-0,1225678
-0,3268341
-1,262435
-0,6509184
-0,1011821
-1,217193
0,4658406
-1,087069
0,2609279
-0,1274693
0,1044728
-0,4809979
1,409536
1,032134
-5,817408
0,1217564
-0,3686875
-0,1688382
-0,6728824
-0,5930253
-1,85809
0,8762473
1,450946
-0,3185348
1,816096
-0,6295138
-0,3563449
-0,5454749
-0,8117517
-0,007862592
-1,22592
1,180191
-1,219262
-1,49096
-0,2363381
1,549227
0,3932881
-1,164645
-1,647475
0,2697986
1,319256
-0,0811643
0,1275474
-0,6625137
-0,7544612
0,9884538
-1,465569
-0,7098187
-1,031856
-0,8574464
-0,6425289
-0,8165404
-0,003535451
-0,2994495
-0,3965044
-0,558902
-0,7401261
1,325314
-2,779871
-0,1205475
-0,04166749
-0,1719328
-1,918754
-0,868065
-0,01565998
0,408829
3,814402
0,1856781
-0,2512688
0,4562339
0,9123718
0,9040322
-0,3830751
-0,3682194
0,7218962
-0,07950634
-1,835754
-0,8575374
0,1451247
0,4539786
-0,1374859
-0,1050679
0,1897081
0,3306444
-0,6730957
-0,06409724
2,333334
0,2333156
-0,4108424
2,056651
-0,5580212
1,118679
0,1981252
-0,2003476
1,513953
-0,6707594
1,238703
-0,1808376
-1,401268
1,222058
-0,1519992
-1,9523
-0,3804471
-0,3860555
0,2399132
0,8047155
0,2051528
-0,1156089
0,4554784
-1,30124
-0,3547341
-0,2981034
-0,9509518
0,9465135
0,02834618
1,012611
0,2433201
1,860177
0,2807561
-0,4467553
0,6281965
-0,1284524
1,889413
-0,1607117
-0,6895159
-0,8498856
1,56012
-0,1892075
1,38078
-0,1246406
-0,3596961
-0,1437058
-0,4232826
-0,6267326
0,6197576
-1,359894
-0,1188575
1,065794
-0,269477
0,302839
-1,107434
-0,3079161
0,1980867
0,1428111
0,9470562
-0,8455588
0,04518581
-0,4968618
-0,1330926
1,486173
0,3835862
-0,4364633
-0,3823296
0,4270552
1,625746
-2,575134
-0,4039626
0,5068289
0,6007583
-0,5846465
1,770096
-0,01670391
0,2684149
2,276523
0,7329341
0,5589558
0,6571814
1,04106
0,4416334
-0,02419964
0,4295403
-2,44487
-0,3938848
-1,604493
0,04098507
0,07146002
-0,8213617
-3,370086
-0,807892
-3,6855
-1,275546
0,1977384
-1,0518
0,2770742
0,2057945
-0,01231539
0,1548596
-0,5354879
0,8569596
-0,4888951
1,918698
-1,038192
-0,4355836
0,6973729
-4,142239
-0,1818487
-0,7932106
1,450312
-1,657193
-0,1423425
-0,7891809
0,8845071
-0,5467345
1,002874
-0,6244338
-0,800586
0,153503
2,484887
1,213087
0,3089046
0,1971785
1,555429
1,645146
2,319139
0,7922779
-0,5995467
-0,481548
0,9045631
0,4602166
-0,9428344
-0,5913808
0,5860263
-0,9762211
-0,04636037
-0,7144099
-0,9006686
-0,6313245
-1,866644
-0,7851503
-0,3373066
0,026456
0,05724563
0,08085309
0,02143617
-0,02294746
0,04122337
0,1329778
0,1647538
-0,1047368
0,05431054
-0,1430345
0,01833379
-0,06987734
0,09584593
0,1176519
0,08671053
0,1627978
-0,03755822
0,05406728
0,008416041
0,09716816
0,06804226
0,1120942
0,3048232
-0,1649521
0,1710955
-0,0381631
0,001676782
0,2029944
-0,04785742
-0,1088229
0,1173398
-0,0364044
-0,1222066
0,08983472
0,7002848
0,1570556
0,06248181
0,009910037
-0,06086948
0,04676621
0,05235629
-0,01795849
0,009479039
0,01393284
-0,01497117
0,142428
0,03145804
-0,06814926
-0,1642917
0,05765258
0,103395
0,06436513
0,02663282
0,2670778
-0,005664986
0,1667945
-0,1318837
-0,03515719
0,006792787
0,01980614
0,06334123
0,01289765
0,001154468
0,0124273
-0,05708785
0,06163526
0,1910088
0,1119577
0,08550043
0,06162713
0,2043182
0,07117102
0,2156356
0,07910917
0,1184188
0,2138777
0,01225581
0,03148364
-0,07422721
-0,6174323
0,09272248
-0,00684452
0,06077362
0,03375192
-0,2769082
0,01247683
0,3656459
0,1358107
-0,131088
0,059332
0,1573563
0,05342633
-0,01349106
0,01464623
0,03844579
0,158012
-0,04825219
0,03484263
0,2004965
0,04235628
0,005387175
0,04823409
-0,0708212
0,1224724
0,006512835
-0,09057888
0,04891891
-0,06097559
0,3790503
0,006729263
-0,01519696
0,06741125
0,1974377
0,174022
-0,02782365
0,01664533
0,04175387
-0,002018319
0,001946282
0,03046292
0,1149913
0,1455985
-0,03900464
-0,1261596
-0,04639122
0,09557167
-0,04068923
0,05192552
-0,04977944
0,2157239
0,1548264
0,02386562
0,06970615
0,05707503
-0,002484308
0,004498743
0,06614374
0,09258709
0,1634347
-0,05734282
-0,02701432
-0,007088778
-0,0004927109
0,01493614
-0,01838571
0,03185043
0,05583074
0,0008587476
0,0009099203
0,008483752
0,06768495
0,08989106
0,06600671
0,1119358
0,02505791
-0,09710854
-0,03047637
0,08720292
-0,0110341
-0,07053956
0,03985599
-0,02250371
-0,09148161
0,1499716
0,05479112
-0,01567577
-0,008678219
-0,0251484
-0,01545667
0,1894202
-0,01478237
0,05299633
0,02685515
-0,06912128
0,03412284
0,05147595
-0,1548431
-0,0518941
-0,050481
0,1223663
0,08232421
0,1148473
0,1817263
0,06936546
-0,06380759
-0,01900375
0,09120806
0,0535421
0,01513864
0,04615336
0,161257
-0,001865085
0,01005017
0,1521586
0,07822327
0,002613363
0,07683358
-0,03594049
0,1113608
0,08128192
0,01306557
0,04896036
-0,08347134
-0,007323784
0,0838041
0,09084895
0,03071781
0,05335688
-0,03670291
0,0134811
0,01280256
-0,0629608
0,1636883
0,1593738
0,04552803
-0,0005475535
0,2080512
0,0181114
0,04761463
-0,04131826
-0,02948874
0,03362256
0,2198314
-0,09850348
0,06527703
0,1278914
-0,0635731
0,1127285
0,1738342
0,01824911
-0,001438807
0,07770947
0,05244844
0,1885591
-0,03833082
0,05934077
0,01903469
0,04196845
0,08068086
0,1542568
-0,07842734
0,07041084
0,06761512
-0,09360903
0,01002667
0,1266345
-0,06021009
0,1289102
0,1105811
-0,06551935
0,0605681
0,09918147
-0,005487906
-0,03765609
0,05931959
0,1256673
-0,006794854
0,007097899
0,1002139
0,06986061
-0,1239826
-0,005682706
0,0640002
0,1222616
0,01893386
0,08044209
-0,07656958
-0,03543938
0,05298792
-0,01911863
0,2461388
0,09491295
0,08106939
0,03449682
0,1546969
0,1311103
0,03958658
-0,005487278
0,003432928
-0,004359264
-0,06209411
-0,01951788
-0,09754349
-0,0378785
0,04988983
0,03539966
0,09589641
0,0210366
-0,01178099
0,09407505
0,1144137
0,1115098
0,07296705
-0,005364546
-0,01954054
0,05478698
-0,08659416
-0,05545758
-0,03974559
0,1896971
-0,02563069
-0,1161639
-0,02469761
0,02241802
0,03472284
0,04441775
0,07990755
0,08506323
0,0298179
0,1297435
0,1000165
0,0788765
0,1913292
0,07638423
-0,02021194
-0,01414
0,05322143
0,1204565
0,01902812
-0,03155665
0,03036267
0,03736392
0,007045843
0,155233
0,04152266
-0,00785186
0,07249242
0,05750802
0,0541303
-0,001586081
-0,01452771
0,06984764
0,1017292
-0,02150026
-0,04755804
-0,05635145
0,07514974
0,000220072
0,01719007
0,1234597
0,08395378
0,07799075
0,04453548
0,006888943
0,06116258
0,01204902
-0,04782431
0,1952945
-0,06087621
0,01222387
-0,0219575
-0,09544996
0,1381361
0,09924354
0,1361201
0,01778241
0,1739707
0,02598205
-0,1700134
0,01111699
0,0989309
0,2398273
0,1792515
-0,06881812
-0,001136462
0,1050731
0,1128107
-0,0822167
0,1549305
0,1086051
0,01078852
0,0297352
0,09222211
0,05568704
0,07134378
0,08441345
0,06218404
0,04634197
0,0318005
0,01670403
-0,01004084
0,06855998
0,1057765
-0,1280716
-0,04640952
-0,09559316
0,058274
-0,07629132
0,03951429
0,07001948
-0,05142748
-0,08331581
0,1174102
0,04189684
-0,05598213
0,06922439
0,04817981
0,00231566
0,1327842
-0,08832002
-0,02154341
-0,01278463
0,0812635
0,09270514
0,001012373
0,03400628
-0,07142512
0,03144488
0,0593707
-0,1210833
-0,0739857
-0,09607206
0,1430202
0,1315747
-0,03715613
0,1040497
0,005477537
0,1124945
0,126488
-0,1733242
0,1883012
0,006173145
-0,002166632
-0,07777297
-0,01040602
0,05999591
-0,01022746
0,06029494
0,03880617
0,06110569
0,172051
0,02076359
0,06713822
0,03403206
0,08251828
0,1520806
0,05911891
-0,009943454
0,04858915
-0,05557462
0,02147757
-0,1599262
0,07325424
-0,02580442
0,07119981
0,0280133
-0,1234607
0,01954214
0,09026476
0,04604775
0,0483822
0,2179969
0,03054687
0,07667275
0,004492186
0,08785294
0,1247588
0,02610307
0,08159868
0,03893612
0,1046593
-0,01777527
0,1119782
-0,04900228
-0,01091581
0,06871201
0,1106896
0,03088398
0,05550353
0,04678081
0,01104157
-0,1245527
0,03947186
0,1250715
0,1110747
0,03312703
0,000604231
-0,09355158
0,004193991
0,1469637
0,2190532
0,002087757
0,1577786
0,006191773
-0,01873802
0,1050195
-0,01982402
0,09288342
-0,02279776
0,0291141
0,1240153
-0,06368909
0,02008377
-0,006075311
0,1170118
0,1730602
0,008434687
0,1164314
-0,01897798
0,05983812
0,08036891
0,1976552
-0,0005838491
0,01402892
0,01236027
0,02674649
0,06631394
-0,1437574
0,03435456
0,05116852
0,2054996
0,005745848
-0,002362646
0,09103405
-0,01071972
0,04748218
0,02123495
0,0651538
-0,0191202
0,06664303
0,1242198
-0,002846843
-0,05224402
0,126198
-0,05234995
0,0894687
-0,06630561
0,07862965
-0,1030655
0,02948771
-0,01741345
0,1803117
0,08942296
0,2150182
0,03403004
0,04515783
0,04025779
-0,006202115
-0,002453425
0,05900109
0,02433248
-0,02834315
-0,06558152
0,09364188
0,04350697
0,001618511
0,03269486
0,00157724
-0,007978177
0,1281961
0,004670164
0,1202311
0,0546245
-0,02118888
-0,00154466
0,08628424
0,01642911
0,03841105
0,07816672
0,1093272
0,04807786
0,212657
0,05125274
-0,01991531
0,01814462
-0,0262231
0,01738266
0,03171094
0,1129724
0,01958994
0,03198137
-0,01599927
0,08551991
0,01457757
0,04722642
0,1088069
0,0002317146
0,06336254
-0,04936251
0,1810142
0,2378608
0,1829433
-0,01260107
0,05619657
0,06614701
-0,04399325
0,07423996
-0,05028792
0,1294935
-0,05340739
0,04467117
0,09256361
0,05804014
0,02636521
0,1344347
0,04669536
0,01207857
0,08487579
-0,06658962
0,107513
0,0006161172
-0,1173817
-0,0388603
0,04016325
0,01878715
-0,1034095
-0,101582
0,03506786
-0,09028098
0,056603
-0,06358795
0,07132246
-0,01759516
0,1293376
0,08370704
0,00943345
0,02233656
0,03081422
0,06353074
0,1068235
0,04536515
0,05018087
0,1146301
0,07539333
0,1113397
0,03405899
0,0998638
0,04574393
0,06480158
-0,07284702
0,05683602
0,03621425
0,1039846
0,08667932
0,001773373
0,1100511
0,07407941
-0,03588234
0,1583684
0,02986107
0,07173366
0,05665592
0,1252113
-0,004036252
0,07095509
-0,01192654
-0,06999863
0,08746907
-0,05958708
-0,01342722
0,09429638
-0,07257482
-0,0207739
0,004277361
0,1283416
0,06539029
-0,03238995
0,08337317
0,09548435
0,07551215
-0,04271583
-0,0310397
0,00431638
0,1700465
0,08363141
0,02968603
0,02188119
0,1485873
0,09811362
0,1203326
0,08055717
-0,1387464
-0,002625233
-0,09176649
0,1447272
-0,09088948
0,02485481
0,05989553
-0,04310768
0,07045988
0,1905177
0,02898923
0,03337867
0,04290663
0,06148462
0,1047149
0,09005185
0,04683571
0,05068821
0,0441213
-0,02354307
-0,03650867
0,02994383
-0,07299089
0,06651298
0,04080679
-0,01507841
0,1258676
0,005002924
0,09830651
0,02744612
-0,07079129
0,02757232
-0,01223616
0,01066371
0,07238923
-0,02102683
-0,0512465
0,1457589
0,1289724
0,01774901
-0,02095127
0,1381248
0,03175514
0,03247283
-0,09149727
0,01334139
0,183052
-0,0439481
0,1144217
0,08402092
-0,003687332
0,1087104
-0,03071334
-0,003691871
0,1268062
0,04539469
0,02536957
0,02208342
0,02563773
0,01819988
0,1210081
0,02371032
0,01858491
0,1375156
0,1237144
-0,06635743
-0,009646947
0,07133625
0,06181666
0,1712641
0,1947378
0,1015695
0,09196272
0,04803013
0,09725957
0,1645549
0,05295884
0,02688354
-0,0020131
-0,001328755
0,0601714
0,04338118
0,09955318
0,1153919
0,07403953
0,1340252
0,09458575
-0,1320028
0,06445026
-0,06884056
0,00709257
0,1068274
0,1447807
0,1158274
0,0623077
0,09334445
0,0348928
0,07041287
-0,1404075
0,2953942
0,05468778
0,06748834
-0,03523548
-0,0664158
0,04117421
0,01141694
-0,05219811
-0,01174674
-0,1114932
-0,02955334
0,1005977
0,09020823
0,097128
0,05442112
0,1622549
0,04253337
0,03842254
-0,004175462
0,1795917
0,04347948
0,02794589
0,1566781
0,03052849
-0,08927067
0,09592202
-0,06750354
0,1072523
-0,04985855
0,01490568
-0,005954885
-0,01223843
0,07137974
0,1053065
0,09629418
0,002957211
0,06488212
-0,05655671
-0,01732849
0,06907263
0,1075833
-0,05491406
0,07570742
-0,01430874
0,0213011
-0,01396473
-0,08186477
0,0002921655
-0,0964388
0,03999616
0,1211734
0,06118939
0,04809965
-0,04637014
-0,0003788609
0,1916951
0,05253354
0,001605888
0,05452318
0,1489615
0,009756196
-0,07335465
-0,03238213
-0,07942378
0,05567697
0,004973683
0,01702491
0,05708535
0,09013928
0,01434159
-0,043368
0,03911008
0,09889761
0,02827772
0,07766557
-0,01193342
0,09693754
0,1681697
0,04051046
0,005580449
0,1701369
0,1456429
-0,01838243
-0,01347554
-0,04891248
-0,01319529
0,03286412
0,08795134
0,03071033
0,1231943
0,0936278
0,02395104
-0,003572165
0,07735907
-0,004279572
0,0617249
-0,08282247
0,07429432
-0,004090631
0,004851263
0,01281292
-0,008813228
0,03866715
0,03463911
-0,03531883
0,01679293
-0,03783362
0,07288114
0,01015039
-0,04070275
0,169983
0,003959639
0,1127351
0,05946951
0,0773387
-0,07340367
0,04508759
0,04423212
0,127082
0,04614841
-0,08906169
0,003597073
0,02272393
-0,0464797
-0,1657816
0,08755223
0,06667125
-0,04687089
0,06497606
-0,05118219
0,03183155
0,08689004
-0,005308166
0,1191985
0,1574121
-0,03685148
-0,002912289
-0,005593028
0,1439921
0,06374293
-0,05380362
-0,02174108
-0,02034494
0,05209043
0,06880008
0,07394497
-0,02144403
0,05805201
0,04139384
0,003689839
0,08821104
0,006865267
-0,03052691
0,04942268
0,2356947
-0,0597263
0,1430709
-0,08106413
-0,002283791
-0,07639854
0,009205337
-0,04687896
0,0540353
0,05164411
0,1162511
0,001329892
-0,002974995
0,1045984
0,03850788
-0,05517507
0,05381188
-0,07811467
0,1220713
0,08924112
0,05542823
0,08104577
0,1265554
-0,001863467
0,0273361
0,1072995
0,1072703
0,007456855
0,1039428
0,09799679
0,009687155
-0,0250187
0,0800586
0,0617985
0,1558807
0,06113678
0,1718707
-0,05816614
0,04445617
-0,0333628
-0,04294493
-0,05887349
0,130587
-0,05261307
0,0258805
0,0353805
0,2134066
-0,02456168
-0,001313957
0,1210332
0,06769983
0,04692915
0,1293739
-0,03342308
-0,07179032
-0,0229579
-0,01879006
0,06578302
0,01717264
0,1063726
0,1079203
-0,02590049
0,05106334
-0,04787363
0,005530767
0,01097385
-0,02001865
0,0630113
-0,09037951
0,03992207
0,1032203
0,1041748
0,1922878
0,02315802
-0,01674457
